01/08/2016 20.65 20.63 20.65 20.63 2 63850.16 1317121.00
08/08/2016 19.65 19.65 19.65 19.65 1 167.56 3293.00
09/08/2016 19.61 19.61 19.61 19.61 1 1675.86 32860.00
11/08/2016 19.29 19.29 19.29 19.29 2 670.34 12928.00
15/08/2016 19.84 19.84 19.84 19.84 1 167.56 3324.00
19/08/2016 19.63 19.63 19.63 19.63 1 167.56 3289.00
22/08/2016 19.63 19.63 19.63 19.63 1 1005.52 19740.00
29/08/2016 19.69 19.69 19.69 19.69 1 167.56 3299.00
30/08/2016 19.58 19.58 19.58 19.58 1 1340.69 26248.00
06/09/2016 19.59 19.59 19.59 19.59 1 502.73 9849.00
12/09/2016 19.01 19.01 19.01 19.01 1 1508.25 28665.00
15/09/2016 18.58 18.58 18.58 18.58 1 335.17 6228.00
19/09/2016 18.39 18.39 18.39 18.39 1 335.17 6164.00
26/09/2016 18.71 18.71 18.71 18.71 1 1843.42 34485.00
28/09/2016 18.81 18.81 18.81 18.81 1 837.91 15760.00
30/09/2016 19.62 19.62 19.62 19.62 1 335.17 6576.00
03/10/2016 19.32 19.32 19.32 19.32 1 2513.77 48555.00
06/10/2016 20.33 20.33 20.33 20.33 1 670.34 13628.00
10/10/2016 20.01 20.01 20.01 20.01 1 3519.13 70406.00
17/10/2016 16.76 16.76 16.76 16.76 1 1005.47 16850.00
24/10/2016 16.77 16.77 16.77 16.77 1 7541.00 126495.00
26/10/2016 17.35 17.35 17.35 17.35 1 1005.47 17446.00
27/10/2016 17.63 17.63 17.63 17.63 1 502.73 8865.00
31/10/2016 18.22 18.22 18.22 18.22 2 7038.26 128240.00
07/11/2016 56.66 56.66 56.66 56.66 2 37800.00 2141748.00
