28/10/2016 19.30 18.92 19.76 19.20 4460 6342600.00 122334647.00
31/10/2016 19.19 17.51 19.20 18.06 4238 2523300.00 45857231.00
01/11/2016 18.06 17.16 18.38 17.90 2072 996200.00 17676981.00
03/11/2016 18.00 17.31 18.24 17.99 2157 621000.00 11132994.00
04/11/2016 17.95 17.71 18.12 17.75 1929 389800.00 6955112.00
07/11/2016 17.98 17.41 18.00 17.65 1448 513700.00 9079715.00
08/11/2016 17.38 17.11 17.79 17.49 1917 535700.00 9318752.00
09/11/2016 17.00 15.70 17.00 16.55 3223 1694400.00 27693164.00
10/11/2016 16.94 15.18 16.94 15.98 1487 601900.00 9692763.00
11/11/2016 15.81 14.53 15.81 15.25 1629 817300.00 12352601.00
14/11/2016 15.19 15.00 15.52 15.52 221 200700.00 3088533.00
16/11/2016 15.95 14.88 15.95 15.95 668 343900.00 5279957.00
17/11/2016 15.88 15.88 16.99 16.55 462 214400.00 3539466.00
18/11/2016 16.79 16.51 17.45 17.18 160 57900.00 984056.00
21/11/2016 17.40 16.75 17.40 17.19 440 131200.00 2241175.00
22/11/2016 17.37 16.61 17.37 16.98 933 437400.00 7379903.00
23/11/2016 17.21 16.50 17.39 16.75 1352 350300.00 5854164.00
24/11/2016 16.75 16.67 16.85 16.80 93 57600.00 965489.00
25/11/2016 16.51 16.40 16.88 16.70 244 96200.00 1605525.00
28/11/2016 16.77 15.95 16.77 16.00 1003 420500.00 6794760.00
29/11/2016 15.90 15.31 16.30 15.84 1401 404300.00 6287921.00
30/11/2016 15.80 15.39 15.85 15.85 877 766100.00 12033095.00
01/12/2016 15.40 14.78 15.75 14.92 1650 541600.00 8175889.00
02/12/2016 15.00 14.59 15.08 14.76 768 266600.00 3941179.00
05/12/2016 15.05 14.53 15.05 14.63 679 154400.00 2255286.00
06/12/2016 14.54 14.21 14.85 14.48 1447 772500.00 11228210.00
07/12/2016 14.59 14.17 15.00 14.40 1894 553700.00 8015425.00
08/12/2016 14.58 14.18 14.67 14.40 1036 224800.00 3244990.00
09/12/2016 14.45 14.31 14.79 14.75 1052 651300.00 9459005.00
12/12/2016 14.74 14.70 15.50 15.00 1282 409700.00 6229748.00
13/12/2016 15.02 15.00 15.50 15.10 1310 299100.00 4556777.00
14/12/2016 15.29 14.85 15.32 15.00 953 236200.00 3544055.00
15/12/2016 14.98 14.51 15.00 14.80 1088 243600.00 3593659.00
16/12/2016 14.79 14.58 15.00 14.78 796 267000.00 3948176.00
19/12/2016 14.63 14.30 14.88 14.50 844 527400.00 7608092.00
20/12/2016 14.49 14.10 14.64 14.42 1168 513400.00 7331540.00
21/12/2016 14.32 14.03 14.37 14.24 1042 345100.00 4892042.00
22/12/2016 14.27 14.06 14.39 14.20 529 130800.00 1852394.00
23/12/2016 14.10 13.86 14.34 13.95 940 265300.00 3722272.00
26/12/2016 14.18 13.95 14.23 14.15 243 54000.00 760866.00
27/12/2016 14.18 13.76 14.18 14.00 553 168000.00 2335769.00
28/12/2016 14.07 13.87 14.26 14.20 1219 248800.00 3512804.00
29/12/2016 14.15 14.00 14.80 14.65 1339 372300.00 5375545.00
02/01/2017 14.62 14.40 14.88 14.60 87 35900.00 523505.00
03/01/2017 14.74 14.57 15.06 14.90 651 357200.00 5314402.00
04/01/2017 14.90 14.81 15.04 14.90 220 117100.00 1746750.00
05/01/2017 14.90 14.90 15.35 15.35 670 124300.00 1885899.00
06/01/2017 15.28 14.94 15.45 15.45 867 151000.00 2292524.00
09/01/2017 15.45 15.06 15.45 15.21 747 174100.00 2641429.00
10/01/2017 15.11 14.71 15.12 14.89 782 251400.00 3740701.00
11/01/2017 14.97 14.51 14.97 14.90 608 134500.00 1985513.00
12/01/2017 14.89 14.80 15.13 15.00 1309 338100.00 5064840.00
13/01/2017 15.13 14.80 15.20 15.00 658 213900.00 3188433.00
16/01/2017 15.00 14.72 15.00 14.80 291 105800.00 1567721.00
17/01/2017 14.72 14.72 14.95 14.80 581 232700.00 3445879.00
18/01/2017 14.90 14.65 15.02 15.02 966 165600.00 2452963.00
19/01/2017 14.91 14.55 14.91 14.75 719 171900.00 2526647.00
20/01/2017 14.62 14.38 14.70 14.45 728 348100.00 5036959.00
23/01/2017 14.36 14.36 14.59 14.48 558 161400.00 2334028.00
24/01/2017 14.39 14.31 14.50 14.39 522 163700.00 2359199.00
26/01/2017 14.36 14.21 14.40 14.29 604 171700.00 2455622.00
27/01/2017 14.27 14.13 14.30 14.25 416 132300.00 1881958.00
30/01/2017 14.25 13.96 14.25 14.03 548 146800.00 2063672.00
31/01/2017 14.00 13.90 14.06 13.94 494 223400.00 3116406.00
01/02/2017 13.99 13.71 14.00 13.80 481 165100.00 2282779.00
02/02/2017 13.72 13.58 13.76 13.67 349 93800.00 1284404.00
03/02/2017 13.67 12.78 13.83 12.95 1386 565300.00 7398656.00
06/02/2017 13.15 12.42 13.15 12.85 1251 362000.00 4600558.00
07/02/2017 13.09 12.78 13.90 13.45 2131 497600.00 6689002.00
08/02/2017 13.60 13.25 13.89 13.40 811 154400.00 2083157.00
09/02/2017 13.40 13.18 13.49 13.25 797 231700.00 3097053.00
10/02/2017 13.25 13.06 13.64 13.47 552 148700.00 1990205.00
13/02/2017 13.55 13.45 13.72 13.50 740 524000.00 7073517.00
14/02/2017 13.62 13.34 14.24 13.61 506 115900.00 1572580.00
15/02/2017 13.60 13.45 13.70 13.48 606 156900.00 2121924.00
16/02/2017 13.40 13.01 13.55 13.27 382 275200.00 3676864.00
17/02/2017 13.16 13.02 13.24 13.05 610 159200.00 2080454.00
20/02/2017 13.10 12.98 13.20 13.12 324 148400.00 1948521.00
21/02/2017 13.21 12.80 13.21 12.99 503 117400.00 1518766.00
22/02/2017 12.94 12.82 12.96 12.91 227 35700.00 460138.00
23/02/2017 13.12 12.66 13.12 13.07 934 158400.00 2037568.00
24/02/2017 12.95 12.66 13.15 12.74 643 238700.00 3077805.00
01/03/2017 12.87 12.74 12.92 12.89 386 61600.00 790201.00
02/03/2017 12.89 12.63 12.98 12.70 439 321700.00 4098878.00
03/03/2017 12.82 12.51 12.82 12.51 354 244600.00 3096044.00
06/03/2017 12.60 12.09 12.60 12.09 506 647400.00 7934645.00
07/03/2017 12.11 11.81 12.80 12.67 513 753600.00 9292211.00
08/03/2017 12.59 12.42 13.02 12.99 321 221400.00 2841846.00
09/03/2017 13.00 12.96 13.14 13.00 232 67900.00 884407.00
10/03/2017 13.10 12.67 13.10 12.98 269 252500.00 3247345.00
13/03/2017 12.99 12.77 13.24 13.02 249 69700.00 907428.00
14/03/2017 13.05 13.05 13.34 13.21 485 407300.00 5383624.00
15/03/2017 13.29 13.18 13.39 13.30 425 223700.00 2974842.00
16/03/2017 13.37 13.16 13.39 13.25 69 23700.00 313879.00
17/03/2017 13.25 12.96 13.26 12.99 291 98600.00 1288304.00
20/03/2017 12.99 12.70 13.20 12.98 189 37700.00 485879.00
21/03/2017 13.19 12.80 13.33 13.01 275 182000.00 2340907.00
22/03/2017 12.83 12.81 13.27 13.00 591 133300.00 1725872.00
23/03/2017 13.30 13.30 14.24 13.99 567 421300.00 5796468.00
24/03/2017 14.05 14.04 14.75 14.65 1614 476100.00 6941832.00
27/03/2017 14.50 14.20 15.21 14.88 879 374100.00 5517621.00
28/03/2017 14.85 14.79 15.12 14.99 248 62400.00 929284.00
29/03/2017 14.95 14.50 14.95 14.84 484 372400.00 5526250.00
30/03/2017 14.72 14.68 14.95 14.80 231 354100.00 5236011.00
31/03/2017 14.88 14.87 15.63 15.63 833 203400.00 3141709.00
03/04/2017 15.70 15.18 15.70 15.45 565 462800.00 7168180.00
04/04/2017 15.49 15.34 15.75 15.57 319 555900.00 8630483.00
05/04/2017 15.61 15.37 15.79 15.60 561 203800.00 3154084.00
06/04/2017 15.58 15.05 15.62 15.30 523 273500.00 4213237.00
07/04/2017 15.26 15.15 15.39 15.39 326 113100.00 1731907.00
10/04/2017 15.30 15.11 15.79 15.58 315 62700.00 963348.00
11/04/2017 15.55 15.18 15.57 15.43 738 258300.00 3976290.00
12/04/2017 15.45 15.29 15.65 15.65 604 404400.00 6234636.00
13/04/2017 15.58 15.47 16.58 16.37 378 90400.00 1438482.00
17/04/2017 16.25 15.97 16.43 16.43 271 84200.00 1372042.00
18/04/2017 16.33 16.25 16.52 16.52 311 78200.00 1282754.00
19/04/2017 16.47 16.25 16.47 16.46 223 115700.00 1900364.00
20/04/2017 16.60 16.35 17.15 16.39 552 153200.00 2531215.00
24/04/2017 16.41 16.15 16.54 16.54 238 120400.00 1982606.00
25/04/2017 16.47 16.31 16.50 16.49 471 263300.00 4337906.00
26/04/2017 16.51 16.24 16.57 16.25 650 211500.00 3446965.00
27/04/2017 16.20 16.15 16.85 16.85 1019 225700.00 3714977.00
28/04/2017 16.75 16.50 18.58 18.58 1097 362000.00 6444929.00
02/05/2017 18.21 17.37 18.50 17.89 1075 460300.00 8166194.00
03/05/2017 17.75 17.32 18.16 18.00 499 116100.00 2074505.00
04/05/2017 17.55 17.55 18.04 17.98 192 49600.00 889059.00
05/05/2017 17.80 17.50 18.20 18.00 713 296900.00 5331210.00
08/05/2017 17.86 17.85 18.00 18.00 282 105800.00 1902268.00
09/05/2017 18.00 17.93 18.01 17.99 594 170600.00 3068821.00
10/05/2017 18.10 17.93 18.28 18.00 678 281300.00 5064161.00
11/05/2017 18.00 17.56 18.40 17.94 1986 565600.00 10171311.00
12/05/2017 17.94 17.94 18.45 18.45 531 175000.00 3205677.00
15/05/2017 18.50 18.36 18.96 18.50 632 248100.00 4610398.00
16/05/2017 18.61 17.90 18.70 18.15 1717 677600.00 12262659.00
17/05/2017 18.00 17.72 18.08 18.04 1354 384400.00 6877138.00
18/05/2017 16.17 15.61 16.78 16.59 942 354600.00 5815067.00
19/05/2017 16.96 16.79 17.25 17.12 942 342400.00 5818864.00
22/05/2017 17.04 16.49 17.07 17.00 1167 224300.00 3775380.00
23/05/2017 16.86 16.86 17.39 17.00 1056 884400.00 15020790.00
24/05/2017 17.15 16.90 17.31 17.18 1127 294400.00 5026681.00
25/05/2017 17.12 16.95 17.35 17.30 1086 396800.00 6812856.00
26/05/2017 17.40 17.30 17.74 17.55 846 228100.00 4004095.00
29/05/2017 17.55 17.55 18.00 17.90 273 687700.00 12277794.00
30/05/2017 17.92 17.77 18.27 18.00 838 247800.00 4472831.00
31/05/2017 18.00 17.70 18.07 17.73 1812 839400.00 14932008.00
01/06/2017 17.83 17.44 17.95 17.95 654 140500.00 2488919.00
02/06/2017 17.92 17.82 18.27 18.20 1069 238000.00 4301248.00
05/06/2017 18.18 17.94 18.18 18.00 783 204300.00 3681254.00
06/06/2017 17.94 17.62 17.94 17.88 1565 388000.00 6902291.00
07/06/2017 17.94 17.66 17.98 17.97 1535 652600.00 11611230.00
08/06/2017 17.82 17.76 18.07 17.89 949 427400.00 7642946.00
09/06/2017 17.87 17.65 18.18 18.00 1091 224200.00 4012897.00
12/06/2017 17.94 17.80 18.20 18.20 1064 441400.00 7906857.00
13/06/2017 18.12 17.95 18.25 18.00 1200 309800.00 5580218.00
14/06/2017 18.10 17.75 18.10 17.93 1166 882400.00 15807535.00
16/06/2017 17.95 17.30 18.01 17.76 2927 1776100.00 31596321.00
