20/06/2016 32.68 32.26 32.68 32.26 7 9800.00 318177.00
21/06/2016 32.41 32.41 32.50 32.50 2 21900.00 710472.00
22/06/2016 32.16 32.16 32.42 32.22 3 5400.00 174638.00
23/06/2016 32.41 32.08 32.41 32.08 6 5800.00 186241.00
24/06/2016 32.02 31.64 32.02 31.64 3 300.00 9563.00
27/06/2016 31.30 31.14 31.30 31.14 3 3000.00 93628.00
28/06/2016 31.00 30.59 31.03 30.76 5 48800.00 1506865.00
29/06/2016 30.56 30.41 30.80 30.62 7 22900.00 702120.00
30/06/2016 31.00 30.65 31.00 30.98 4 17700.00 543497.00
01/07/2016 31.10 30.63 31.10 30.74 104 35200.00 1083380.00
04/07/2016 31.10 30.01 31.10 30.01 2 200.00 6111.00
05/07/2016 31.17 31.08 31.48 31.17 6 21400.00 665846.00
06/07/2016 31.62 31.62 31.62 31.62 2 3900.00 123318.00
07/07/2016 32.30 32.03 32.38 32.12 6 25700.00 824276.00
08/07/2016 32.23 31.64 32.23 31.66 8 15500.00 492716.00
11/07/2016 32.00 32.00 32.25 32.25 8 17900.00 573406.00
12/07/2016 31.95 31.93 32.01 31.93 3 3700.00 118309.00
13/07/2016 31.99 31.61 31.99 31.61 2 300.00 9559.00
14/07/2016 31.61 31.61 31.92 31.92 4 6200.00 197370.00
15/07/2016 32.02 32.01 32.20 32.01 13 20900.00 671111.00
18/07/2016 32.44 32.23 32.44 32.23 74 19700.00 637535.00
19/07/2016 32.55 32.37 32.55 32.37 3 5100.00 165723.00
20/07/2016 32.27 32.27 32.27 32.27 2 16000.00 516320.00
21/07/2016 32.65 32.42 32.65 32.46 7 75300.00 2455360.00
22/07/2016 32.30 32.26 32.30 32.26 2 10800.00 348448.00
25/07/2016 32.40 31.78 32.40 31.78 47 51200.00 1639320.00
26/07/2016 31.63 31.50 31.63 31.50 7 250300.00 7916950.00
27/07/2016 33.80 33.51 33.80 33.75 7 11600.00 390970.00
28/07/2016 33.74 33.74 34.44 34.44 6 11000.00 373921.00
29/07/2016 33.77 33.77 33.79 33.79 2 2600.00 87852.00
01/08/2016 34.61 34.33 34.61 34.45 5 23200.00 799812.00
02/08/2016 34.10 33.89 34.10 33.99 5 24500.00 833254.00
03/08/2016 34.18 34.12 34.18 34.12 2 700.00 23920.00
04/08/2016 33.68 33.68 33.78 33.78 3 900.00 30382.00
05/08/2016 33.96 33.93 33.96 33.93 4 500.00 16974.00
08/08/2016 34.13 34.10 34.13 34.10 15 1500.00 51192.00
09/08/2016 33.69 33.69 34.12 34.00 16 45900.00 1562155.00
10/08/2016 33.53 33.47 33.57 33.57 4 2400.00 80392.00
11/08/2016 34.13 33.75 34.13 33.75 9 15300.00 517047.00
12/08/2016 34.00 34.00 34.38 34.27 6 8600.00 294917.00
15/08/2016 34.87 34.55 34.87 34.74 14 27800.00 964991.00
16/08/2016 34.76 34.76 34.76 34.76 2 5100.00 177276.00
17/08/2016 34.86 34.66 34.86 34.66 3 10300.00 358898.00
18/08/2016 35.00 35.00 35.34 35.34 3 12100.00 426322.00
19/08/2016 35.20 34.91 35.20 34.91 5 7000.00 245461.00
22/08/2016 34.68 34.45 34.85 34.45 5 9800.00 340006.00
23/08/2016 34.88 34.83 35.29 35.06 7 10600.00 370195.00
24/08/2016 34.84 34.80 34.84 34.80 3 27500.00 957692.00
25/08/2016 34.68 34.63 34.77 34.63 3 3900.00 135377.00
26/08/2016 34.30 34.30 34.83 34.65 4 14500.00 499525.00
29/08/2016 34.49 34.36 34.62 34.39 6 14500.00 500362.00
30/08/2016 34.50 34.15 34.50 34.15 2 12300.00 421305.00
31/08/2016 34.56 34.35 34.65 34.35 6 5400.00 186510.00
01/09/2016 34.70 34.40 34.87 34.87 3 20100.00 696934.00
02/09/2016 34.70 34.70 34.70 34.70 1 10800.00 374760.00
05/09/2016 32.81 32.81 35.00 35.00 3 400.00 13343.00
06/09/2016 34.73 34.37 34.99 34.54 18 17200.00 595706.00
08/09/2016 33.90 33.63 33.95 33.95 5 10800.00 366381.00
09/09/2016 34.03 34.03 34.03 34.03 1 92700.00 3154581.00
12/09/2016 34.02 33.96 34.08 34.07 7 15900.00 541024.00
13/09/2016 35.70 35.69 35.80 35.71 5 22500.00 803263.00
14/09/2016 36.20 36.20 37.19 37.16 6 24300.00 903210.00
15/09/2016 37.89 37.89 37.94 37.94 2 10700.00 405528.00
19/09/2016 37.45 37.14 37.56 37.14 4 22500.00 836157.00
20/09/2016 37.06 36.89 37.06 36.89 2 1200.00 44455.00
21/09/2016 36.70 36.28 36.70 36.28 3 16200.00 588996.00
22/09/2016 36.63 36.63 36.85 36.85 4 6100.00 223705.00
23/09/2016 36.75 36.41 36.75 36.41 2 3700.00 135839.00
26/09/2016 36.40 36.40 36.80 36.80 3 10900.00 398330.00
27/09/2016 36.74 36.50 36.74 36.50 3 4000.00 146856.00
28/09/2016 36.63 34.10 36.63 34.10 3 8900.00 325457.00
29/09/2016 35.98 35.98 36.67 36.67 5 16900.00 618994.00
30/09/2016 36.59 36.59 36.78 36.69 4 5000.00 183502.00
03/10/2016 36.11 35.95 36.33 35.95 4 14000.00 506154.00
04/10/2016 36.57 36.57 36.64 36.64 5 14900.00 545209.00
05/10/2016 36.31 36.21 36.31 36.21 3 8400.00 304894.00
06/10/2016 36.54 36.54 36.68 36.66 3 16900.00 618492.00
07/10/2016 36.63 36.54 36.63 36.54 2 4900.00 179469.00
10/10/2016 37.25 37.25 37.29 37.29 4 19200.00 715500.00
11/10/2016 37.60 37.25 37.60 37.25 2 9000.00 335285.00
13/10/2016 37.12 37.02 37.37 37.02 4 6400.00 237533.00
14/10/2016 37.40 37.40 37.51 37.51 3 5100.00 190938.00
17/10/2016 37.42 37.41 37.84 37.84 4 9200.00 344715.00
18/10/2016 37.25 37.24 37.52 37.24 5 3500.00 130622.00
19/10/2016 37.16 36.98 37.38 36.98 4 2700.00 100578.00
20/10/2016 36.85 36.60 36.85 36.60 2 4300.00 157855.00
21/10/2016 36.79 36.65 37.05 36.65 3 5400.00 199818.00
24/10/2016 36.88 36.51 36.96 36.51 85 21700.00 797627.00
25/10/2016 36.42 36.42 36.94 36.94 2 13300.00 484542.00
26/10/2016 36.28 35.95 36.35 36.04 18 22300.00 806091.00
27/10/2016 36.02 36.02 36.17 36.10 4 7800.00 281530.00
28/10/2016 36.18 36.18 36.29 36.22 3 2300.00 83442.00
31/10/2016 36.11 36.11 36.44 36.44 3 1100.00 39754.00
03/11/2016 35.50 35.46 35.50 35.46 2 200.00 7096.00
04/11/2016 35.24 35.24 35.78 35.78 2 300.00 10626.00
07/11/2016 35.25 35.25 35.25 35.25 1 2500.00 88125.00
08/11/2016 35.55 35.37 35.55 35.37 2 10800.00 383598.00
09/11/2016 34.89 34.89 35.54 35.54 5 18500.00 650229.00
10/11/2016 36.46 36.37 36.65 36.62 12 21600.00 787445.00
11/11/2016 37.60 36.56 37.60 36.59 6 20000.00 736589.00
14/11/2016 36.30 36.24 36.53 36.24 6 34900.00 1274135.00
16/11/2016 36.99 36.99 37.42 37.42 9 31000.00 1157912.00
17/11/2016 37.41 36.84 37.62 37.37 88 21600.00 801477.00
18/11/2016 36.90 36.90 37.25 36.99 6 6500.00 240851.00
21/11/2016 37.34 37.20 37.34 37.20 5 23800.00 888259.00
22/11/2016 37.73 37.73 37.73 37.73 1 2600.00 98098.00
23/11/2016 37.36 37.36 37.66 37.66 5 3400.00 127210.00
25/11/2016 38.21 38.03 38.21 38.18 3 3100.00 118223.00
28/11/2016 37.73 37.68 38.04 37.68 4 14200.00 538544.00
30/11/2016 37.80 37.80 37.80 37.80 1 2800.00 105840.00
01/12/2016 38.25 37.92 38.33 38.33 5 3900.00 148597.00
02/12/2016 38.33 37.86 38.33 37.98 5 4300.00 163503.00
05/12/2016 37.60 37.26 37.60 37.26 2 25400.00 949600.00
06/12/2016 37.63 37.32 37.63 37.32 2 3600.00 135406.00
07/12/2016 37.59 37.19 37.87 37.87 5 5400.00 202274.00
08/12/2016 38.00 37.58 38.19 37.58 4 3600.00 136874.00
09/12/2016 37.99 37.99 38.16 38.16 2 4700.00 179335.00
12/12/2016 38.01 37.57 38.01 37.57 75 15600.00 589255.00
13/12/2016 38.25 38.25 38.67 38.67 2 14200.00 543192.00
14/12/2016 38.30 38.30 38.30 38.30 2 200.00 7660.00
15/12/2016 39.30 39.00 39.30 39.00 4 5000.00 195606.00
16/12/2016 39.04 39.04 39.14 39.13 3 4400.00 172203.00
19/12/2016 38.50 38.30 39.36 39.30 9 5100.00 200194.00
20/12/2016 39.35 39.32 39.35 39.32 2 1800.00 70821.00
21/12/2016 39.10 39.10 39.20 39.20 2 700.00 27430.00
22/12/2016 38.90 38.04 38.90 38.04 8 10800.00 414347.00
23/12/2016 38.23 38.23 38.23 38.23 1 300.00 11469.00
27/12/2016 36.60 36.60 38.26 38.26 3 12900.00 484424.00
28/12/2016 38.24 38.24 38.55 38.51 3 3300.00 127180.00
29/12/2016 38.10 37.80 38.10 37.80 2 6000.00 227130.00
03/01/2017 37.30 37.30 37.70 37.40 7 8600.00 322500.00
04/01/2017 37.73 37.15 37.73 37.27 8 9600.00 357412.00
05/01/2017 37.48 37.48 37.48 37.48 1 3800.00 142424.00
06/01/2017 37.71 37.69 37.71 37.69 2 2000.00 75400.00
09/01/2017 37.91 37.91 38.37 38.37 10 9300.00 353248.00
10/01/2017 37.85 37.85 37.85 37.85 1 100.00 3785.00
11/01/2017 38.15 38.08 38.15 38.08 2 2100.00 80108.00
13/01/2017 38.40 38.06 38.40 38.06 4 350900.00 13474288.00
16/01/2017 38.44 38.44 38.44 38.44 1 100.00 3844.00
17/01/2017 38.40 38.34 38.66 38.34 7 16700.00 641986.00
18/01/2017 38.47 38.47 38.62 38.62 2 1300.00 50101.00
19/01/2017 38.52 38.13 38.52 38.13 2 300.00 11478.00
20/01/2017 38.17 37.90 38.27 38.27 102 11000.00 417194.00
23/01/2017 38.24 37.89 38.24 37.92 4 4200.00 159185.00
24/01/2017 37.83 37.83 38.24 37.88 7 4800.00 182566.00
26/01/2017 38.64 38.61 39.00 39.00 3 9600.00 371997.00
27/01/2017 38.50 38.43 38.61 38.46 5 1600.00 61592.00
30/01/2017 37.96 37.96 38.07 38.07 2 5400.00 205083.00
31/01/2017 38.07 37.91 38.32 37.91 53 13800.00 525740.00
01/02/2017 40.25 40.25 40.99 40.52 5 35000.00 1419762.00
02/02/2017 40.26 39.85 40.26 39.85 2 7300.00 293119.00
03/02/2017 40.10 39.93 40.40 40.40 5 12400.00 496552.00
06/02/2017 40.60 40.49 40.60 40.49 3 22700.00 920256.00
07/02/2017 41.00 40.86 41.00 40.86 3 13600.00 557131.00
08/02/2017 40.85 40.85 40.85 40.85 1 1100.00 44935.00
13/02/2017 41.33 41.33 41.33 41.33 1 5600.00 231448.00
14/02/2017 41.57 41.53 41.57 41.53 7 33200.00 1379812.00
15/02/2017 41.69 41.69 41.69 41.69 1 2400.00 100056.00
16/02/2017 41.50 41.50 41.50 41.50 1 3400.00 141100.00
17/02/2017 41.78 41.78 41.82 41.82 2 5300.00 221438.00
20/02/2017 42.21 42.21 42.21 42.21 1 100.00 4221.00
21/02/2017 42.25 41.97 42.41 42.41 5 9100.00 382668.00
22/02/2017 41.83 41.83 41.83 41.83 2 300.00 12549.00
23/02/2017 41.65 41.65 41.90 41.75 3 1600.00 66720.00
24/02/2017 42.44 42.24 42.44 42.24 2 3700.00 157008.00
01/03/2017 43.00 43.00 43.59 43.15 61 20900.00 903490.00
02/03/2017 43.88 43.60 43.90 43.60 3 700.00 30634.00
03/03/2017 43.28 43.21 43.39 43.39 4 7400.00 320287.00
06/03/2017 43.36 43.36 43.57 43.46 5 8500.00 369131.00
07/03/2017 43.65 43.26 43.65 43.26 4 7000.00 303550.00
08/03/2017 44.51 44.20 44.51 44.24 9 12400.00 548559.00
09/03/2017 46.75 44.00 46.75 44.44 8 1500.00 67155.00
10/03/2017 44.00 43.80 44.00 43.80 3 300.00 13160.00
13/03/2017 43.90 43.69 43.90 43.83 5 2600.00 113811.00
14/03/2017 42.76 42.76 43.90 43.90 2 1800.00 78792.00
15/03/2017 44.45 44.45 44.45 44.45 1 300.00 13335.00
17/03/2017 43.50 43.43 43.62 43.62 8 76100.00 3319071.00
20/03/2017 43.50 43.19 43.55 43.55 4 16200.00 703144.00
21/03/2017 43.14 43.14 43.14 43.14 1 2400.00 103536.00
22/03/2017 43.40 43.40 43.50 43.50 60 25500.00 1107234.00
23/03/2017 44.25 43.98 44.25 43.98 2 1200.00 52992.00
24/03/2017 44.48 43.59 44.48 43.96 4 6000.00 264791.00
27/03/2017 44.07 43.95 44.07 44.00 3 5200.00 228929.00
28/03/2017 45.04 45.04 45.24 45.24 2 8000.00 360340.00
29/03/2017 44.65 44.65 44.65 44.65 1 100.00 4465.00
31/03/2017 45.36 45.36 45.36 45.36 4 400.00 18144.00
03/04/2017 46.46 44.57 46.46 44.57 4 10700.00 479110.00
04/04/2017 46.70 44.71 46.70 44.71 4 8300.00 371540.00
05/04/2017 44.88 44.87 44.94 44.94 3 3600.00 161562.00
06/04/2017 45.00 45.00 45.05 45.05 2 1500.00 67515.00
07/04/2017 44.83 44.83 44.99 44.99 2 5100.00 229113.00
10/04/2017 44.80 44.80 44.89 44.89 2 3100.00 138916.00
11/04/2017 45.20 44.39 45.20 44.39 4 7000.00 311352.00
12/04/2017 44.66 44.29 44.66 44.29 3 4800.00 214298.00
13/04/2017 44.46 44.46 44.73 44.73 2 3600.00 160110.00
17/04/2017 43.68 43.68 44.03 43.86 3 5900.00 259288.00
18/04/2017 43.80 43.80 43.80 43.80 2 2400.00 105120.00
19/04/2017 44.40 44.25 44.40 44.30 5 13500.00 597780.00
20/04/2017 44.60 44.60 45.25 45.00 6 21200.00 953743.00
24/04/2017 45.12 44.84 45.12 44.84 4 4900.00 220771.00
25/04/2017 45.47 45.47 45.65 45.52 4 1600.00 72871.00
26/04/2017 45.71 45.49 45.71 45.49 2 700.00 31953.00
27/04/2017 45.50 45.50 45.50 45.50 1 100.00 4550.00
28/04/2017 45.42 45.42 45.70 45.43 4 2300.00 105017.00
02/05/2017 46.69 46.21 46.69 46.26 4 12300.00 570120.00
03/05/2017 46.28 46.28 46.28 46.28 1 400.00 18512.00
04/05/2017 46.50 46.50 46.80 46.54 50 11500.00 535271.00
05/05/2017 47.02 47.02 47.10 47.10 2 8300.00 390330.00
08/05/2017 47.92 47.82 48.88 48.71 8 16600.00 810676.00
09/05/2017 48.56 48.56 49.00 48.84 7 2100.00 102748.00
10/05/2017 48.36 48.36 48.64 48.64 2 1200.00 58060.00
11/05/2017 48.20 48.20 48.71 48.71 12 1300.00 62826.00
12/05/2017 48.49 48.49 48.96 48.54 3 800.00 38864.00
15/05/2017 47.97 47.97 48.41 48.41 2 5500.00 263923.00
16/05/2017 48.23 48.09 48.49 48.49 5 8400.00 404721.00
17/05/2017 47.25 46.79 47.25 46.79 3 8300.00 391481.00
18/05/2017 51.05 50.73 51.97 51.97 25 16300.00 829526.00
19/05/2017 50.36 49.90 50.36 49.92 3 16300.00 819908.00
22/05/2017 50.62 50.47 50.65 50.65 6 11600.00 586757.00
23/05/2017 50.32 49.94 50.32 49.94 4 2800.00 140806.00
24/05/2017 50.33 50.33 50.33 50.33 2 1900.00 95627.00
25/05/2017 50.38 50.38 50.69 50.69 2 400.00 20245.00
29/05/2017 50.25 50.25 50.25 50.25 1 100.00 5025.00
30/05/2017 50.38 50.19 50.40 50.40 9 5100.00 256775.00
31/05/2017 49.31 49.23 49.58 49.23 9 52600.00 2590970.00
01/06/2017 49.81 49.81 49.86 49.86 3 2100.00 104616.00
02/06/2017 50.04 50.04 50.79 50.79 4 5100.00 256446.00
05/06/2017 53.23 50.33 53.23 50.78 7 2900.00 146912.00
06/06/2017 50.92 50.83 51.12 50.83 4 13600.00 692791.00
07/06/2017 50.99 50.99 50.99 50.99 1 1600.00 81584.00
08/06/2017 50.78 50.78 50.79 50.79 3 7200.00 365678.00
09/06/2017 50.70 48.93 50.70 48.93 4 211100.00 10686898.00
12/06/2017 48.00 46.93 48.03 48.03 9 20500.00 983198.00
13/06/2017 48.41 48.14 48.67 48.67 3 3900.00 187826.00
14/06/2017 47.73 47.73 47.79 47.79 6 6900.00 329431.00
16/06/2017 47.08 47.08 47.10 47.10 7 4800.00 226020.00
