20/06/2016 11.00 10.94 11.27 11.27 502 103954.32 1153582.00
21/06/2016 11.22 10.86 11.22 10.86 637 227626.01 2494091.00
22/06/2016 10.93 10.76 11.03 10.77 679 156753.04 1702273.00
23/06/2016 10.84 10.84 11.18 11.18 476 112936.68 1244172.00
24/06/2016 10.69 10.59 10.89 10.88 716 195749.60 2107120.00
27/06/2016 10.91 10.61 10.91 10.86 451 92342.98 991315.00
28/06/2016 10.95 10.95 11.29 11.22 652 185781.39 2061529.00
29/06/2016 11.39 11.29 11.89 11.80 905 188300.82 2196615.00
30/06/2016 11.76 11.68 12.05 11.93 489 110198.15 1312741.00
01/07/2016 11.97 11.73 12.08 11.91 335 78634.21 938541.00
04/07/2016 11.98 11.86 12.08 11.95 129 39264.89 470056.00
05/07/2016 12.02 11.87 12.43 12.17 456 87406.16 1056196.00
06/07/2016 12.16 11.87 12.21 12.02 628 96386.96 1158029.00
07/07/2016 12.02 11.94 12.16 11.94 516 95447.10 1152500.00
08/07/2016 12.07 12.07 12.54 12.50 849 236842.49 2930664.00
11/07/2016 12.54 12.50 12.97 12.90 946 207393.82 2642857.00
12/07/2016 12.93 12.88 13.26 13.11 858 184001.97 2400357.00
13/07/2016 13.21 12.94 13.41 13.32 907 168128.93 2229877.00
14/07/2016 13.35 13.35 13.89 13.88 984 203529.98 2792080.00
15/07/2016 13.97 13.60 13.97 13.66 572 110067.01 1507012.00
18/07/2016 13.66 13.65 14.34 14.17 1080 195071.32 2739841.00
19/07/2016 14.17 13.71 14.27 13.84 1268 243212.59 3382084.00
20/07/2016 13.60 13.22 13.77 13.45 1476 568401.08 7679562.00
21/07/2016 13.41 13.02 13.52 13.12 835 245510.00 3266700.00
22/07/2016 13.21 13.08 13.37 13.30 830 138784.68 1841408.00
25/07/2016 13.30 13.22 13.45 13.41 1166 245927.71 3287601.00
26/07/2016 13.41 13.12 13.54 13.23 1026 174081.32 2325679.00
27/07/2016 13.17 12.93 13.40 13.31 1252 157790.56 2096442.00
28/07/2016 13.29 13.12 13.36 13.26 744 102234.92 1355852.00
29/07/2016 13.25 13.25 13.60 13.50 763 153195.73 2068180.00
01/08/2016 13.50 13.15 13.71 13.15 508 119152.24 1602045.00
02/08/2016 13.12 12.74 13.31 12.93 491 98997.65 1285810.00
03/08/2016 12.94 12.83 13.27 13.27 332 99937.50 1304367.00
04/08/2016 13.37 13.33 13.78 13.76 815 209377.95 2859536.00
05/08/2016 13.76 13.56 13.78 13.64 1311 350877.76 4808911.00
08/08/2016 13.64 13.30 13.64 13.41 1819 304198.48 4093551.00
09/08/2016 13.48 13.41 13.74 13.63 1404 334378.15 4555140.00
10/08/2016 13.69 13.39 13.69 13.42 1685 258041.35 3489569.00
11/08/2016 13.49 13.41 13.58 13.57 1333 299916.94 4053252.00
12/08/2016 13.58 13.41 13.64 13.50 891 183688.68 2472911.00
15/08/2016 13.50 13.41 13.60 13.55 1224 270990.41 3666937.00
16/08/2016 13.58 13.38 13.58 13.41 947 180869.13 2427347.00
17/08/2016 13.41 12.93 13.41 13.34 1258 211675.36 2808619.00
18/08/2016 13.38 13.15 13.38 13.22 1099 190476.50 2518292.00
19/08/2016 13.21 13.01 13.23 13.21 1212 210213.37 2754845.00
22/08/2016 13.21 12.90 13.21 12.93 608 216061.33 2806932.00
23/08/2016 12.96 12.94 13.17 13.07 1371 275376.38 3585778.00
24/08/2016 13.12 12.92 13.12 12.97 680 113513.13 1472435.00
25/08/2016 12.95 12.83 13.09 12.88 1275 198935.16 2575595.00
26/08/2016 12.96 12.83 13.36 13.27 1437 219403.03 2890249.00
29/08/2016 13.07 13.07 13.74 13.69 722 220342.88 3002627.00
30/08/2016 13.69 13.58 13.78 13.76 774 196846.60 2696627.00
31/08/2016 13.79 13.55 13.96 13.74 1564 308793.31 4230166.00
01/09/2016 13.75 13.44 13.84 13.53 1197 221700.44 3000604.00
02/09/2016 13.67 13.56 13.98 13.98 1125 300334.65 4107268.00
05/09/2016 13.98 13.67 13.98 13.74 661 184524.11 2544074.00
06/09/2016 13.79 13.48 13.79 13.68 980 132414.58 1801382.00
08/09/2016 13.59 13.56 13.77 13.72 784 158730.41 2174072.00
09/09/2016 13.66 13.40 13.74 13.51 753 237260.20 3205338.00
12/09/2016 13.45 13.26 13.65 13.53 725 143797.22 1939128.00
13/09/2016 13.49 13.04 13.49 13.05 643 137635.98 1812668.00
14/09/2016 13.02 12.90 13.17 13.12 690 149018.62 1950034.00
15/09/2016 13.26 12.99 13.26 13.24 617 105576.61 1385779.00
16/09/2016 13.27 12.45 13.27 12.45 1807 716688.70 9091307.00
19/09/2016 12.64 12.59 12.91 12.74 1003 343463.38 4383672.00
20/09/2016 12.74 12.74 13.14 13.02 158 23809.56 307006.00
21/09/2016 13.04 12.95 13.25 13.24 309 49707.68 652233.00
22/09/2016 13.37 12.98 13.43 13.31 513 210631.08 2794742.00
23/09/2016 13.40 13.14 13.40 13.31 516 78216.50 1032896.00
26/09/2016 13.15 12.94 13.31 13.31 638 152255.88 1996506.00
27/09/2016 13.31 13.07 13.31 13.17 744 185568.39 2438508.00
28/09/2016 13.17 12.94 13.31 13.02 907 254699.66 3329577.00
29/09/2016 13.02 12.65 13.14 12.78 1006 259816.62 3328580.00
30/09/2016 12.67 12.64 13.06 12.93 943 164265.09 2124493.00
03/10/2016 13.12 12.83 13.12 13.01 819 185672.81 2405306.00
04/10/2016 12.88 12.88 13.24 13.21 818 167397.93 2192529.00
05/10/2016 13.21 12.91 13.24 13.16 1078 294591.12 3838045.00
06/10/2016 13.16 12.98 13.26 13.11 1287 279240.21 3652519.00
07/10/2016 13.17 13.17 13.50 13.39 851 202590.13 2709999.00
10/10/2016 13.39 13.35 13.63 13.45 689 152360.31 2058843.00
11/10/2016 13.56 13.28 13.56 13.39 656 154657.73 2073106.00
13/10/2016 13.42 13.19 13.65 13.64 678 155910.86 2106332.00
14/10/2016 13.67 13.42 13.78 13.66 856 161758.82 2198186.00
17/10/2016 13.66 13.47 13.85 13.82 917 230159.10 3165241.00
18/10/2016 13.84 13.77 14.11 14.11 1577 405597.98 5638600.00
19/10/2016 14.07 13.93 14.08 14.05 721 140037.82 1962134.00
20/10/2016 14.03 13.84 14.08 14.02 1077 340852.68 4755351.00
21/10/2016 14.04 13.81 14.04 13.81 439 97013.52 1346936.00
24/10/2016 13.86 13.86 14.12 14.03 1008 953426.76 13342553.00
25/10/2016 14.03 13.89 14.17 14.12 681 337928.70 4748435.00
26/10/2016 14.12 14.05 14.58 14.36 1911 497285.68 7127890.00
27/10/2016 14.40 14.26 14.56 14.29 815 211257.65 3043199.00
28/10/2016 14.36 14.26 14.71 14.46 1762 368212.79 5359639.00
31/10/2016 14.55 14.50 14.73 14.73 709 281015.49 4111165.00
01/11/2016 14.79 14.15 14.93 14.41 952 230159.10 3329668.00
03/11/2016 14.43 14.04 14.43 14.25 1388 254073.09 3621192.00
04/11/2016 14.17 14.10 14.51 14.29 610 118212.39 1690259.00
07/11/2016 14.36 13.92 14.61 14.03 1472 330827.60 4667357.00
08/11/2016 13.88 13.40 13.97 13.57 2161 466166.16 6341432.00
09/11/2016 13.00 12.93 13.57 13.41 1088 286236.88 3810409.00
10/11/2016 13.60 12.76 13.77 12.93 2090 367481.79 4768468.00
11/11/2016 12.92 12.21 12.92 12.44 2963 753969.47 9347109.00
14/11/2016 12.44 12.13 12.60 12.54 1736 421471.02 5243003.00
16/11/2016 12.54 12.45 13.10 12.83 2758 512218.87 6543281.00
17/11/2016 12.93 12.43 13.00 12.45 2218 421262.16 5277572.00
18/11/2016 12.45 12.42 12.79 12.59 1069 166875.79 2109325.00
21/11/2016 12.64 12.64 12.99 12.79 1167 204783.12 2620188.00
22/11/2016 12.93 12.77 13.73 12.83 2233 510130.31 6709616.00
23/11/2016 12.83 12.80 13.12 12.89 1324 254490.80 3293518.00
24/11/2016 13.11 12.96 13.34 13.26 844 136800.55 1805961.00
25/11/2016 13.15 12.91 13.42 13.23 1354 289056.44 3791069.00
28/11/2016 13.15 13.04 13.36 13.15 1182 211362.08 2783774.00
29/11/2016 13.12 12.79 13.27 12.93 806 116019.40 1512615.00
30/11/2016 12.94 12.94 13.25 13.21 692 245927.71 3237560.00
01/12/2016 13.02 12.35 13.17 12.45 1625 303363.06 3820103.00
02/12/2016 12.43 12.22 12.63 12.48 1841 579052.73 7216430.00
05/12/2016 12.58 12.26 12.58 12.44 1022 159252.55 1977703.00
06/12/2016 12.45 12.26 12.78 12.74 1489 411654.80 5132149.00
07/12/2016 12.72 12.45 12.80 12.69 1192 209691.23 2638401.00
08/12/2016 12.75 12.41 12.78 12.64 1403 387636.38 4867920.00
09/12/2016 12.78 12.63 13.13 13.02 821 142021.95 1843795.00
12/12/2016 13.02 12.44 13.02 12.49 577 202798.99 2550921.00
13/12/2016 12.55 12.46 12.76 12.54 1121 177109.72 2232233.00
14/12/2016 12.62 12.44 12.62 12.45 856 262636.18 3284151.00
15/12/2016 12.53 12.31 12.53 12.49 756 153300.16 1907666.00
16/12/2016 12.59 12.41 13.07 12.78 732 195489.04 2475896.00
19/12/2016 12.78 12.35 12.88 12.45 1072 284461.61 3587075.00
20/12/2016 12.60 12.28 12.67 12.42 1028 221073.87 2752392.00
21/12/2016 12.49 12.28 12.49 12.39 246 51796.24 642328.00
22/12/2016 12.34 12.31 12.68 12.56 507 155702.00 1936779.00
23/12/2016 12.65 12.61 13.06 12.82 640 225668.70 2901819.00
26/12/2016 12.77 12.77 12.99 12.86 326 51691.81 664886.00
27/12/2016 13.01 12.85 13.36 13.15 834 232247.66 3037634.00
28/12/2016 13.15 13.12 13.58 13.38 1674 262009.61 3498501.00
29/12/2016 13.45 13.26 13.63 13.34 2166 344716.51 4630701.00
02/01/2017 13.40 13.08 13.52 13.31 998 195800.00 2605570.00
03/01/2017 13.41 13.40 13.88 13.88 1106 267500.00 3663479.00
04/01/2017 13.82 13.70 14.32 14.28 1301 311800.00 4406248.00
05/01/2017 14.29 14.24 14.55 14.51 1058 204100.00 2942429.00
06/01/2017 14.49 14.34 14.69 14.65 880 167600.00 2433677.00
09/01/2017 14.65 14.42 14.65 14.60 765 160600.00 2331364.00
10/01/2017 14.60 14.39 14.72 14.60 666 172400.00 2513489.00
11/01/2017 14.65 14.61 14.80 14.70 1561 241300.00 3547106.00
12/01/2017 14.85 14.85 15.91 15.65 2944 509000.00 7852409.00
13/01/2017 15.95 15.53 15.99 15.86 2305 391700.00 6199154.00
16/01/2017 15.89 15.64 16.14 15.87 2348 371900.00 5902093.00
17/01/2017 15.87 15.72 16.04 15.95 954 268100.00 4272660.00
18/01/2017 15.96 15.50 16.02 15.80 682 390500.00 6162969.00
19/01/2017 15.79 15.57 15.98 15.71 760 357300.00 5607404.00
20/01/2017 15.79 15.36 15.80 15.60 1188 1590700.00 24671182.00
23/01/2017 15.70 15.50 15.95 15.83 1117 217300.00 3422469.00
24/01/2017 15.84 15.84 16.39 16.39 1032 525700.00 8432920.00
26/01/2017 16.50 16.50 16.96 16.77 928 1499900.00 24920239.00
27/01/2017 16.77 16.54 16.88 16.75 827 1725300.00 28636146.00
30/01/2017 16.75 16.42 16.75 16.52 574 156200.00 2585068.00
31/01/2017 16.52 16.40 16.67 16.55 897 184100.00 3038383.00
01/02/2017 16.71 16.49 16.92 16.71 1074 297300.00 4962864.00
02/02/2017 16.58 16.53 16.90 16.71 1424 216300.00 3613709.00
03/02/2017 16.70 16.63 16.84 16.80 919 272000.00 4554139.00
06/02/2017 16.80 16.72 17.05 16.85 1143 244600.00 4131579.00
07/02/2017 16.91 16.83 17.10 17.10 2103 426800.00 7239289.00
08/02/2017 17.08 16.92 17.30 16.99 1299 227500.00 3873498.00
09/02/2017 17.10 17.10 18.00 17.95 2144 400100.00 7024834.00
10/02/2017 18.06 18.00 18.32 18.15 1583 373200.00 6759542.00
13/02/2017 18.30 18.12 18.65 18.54 1916 760100.00 13966641.00
14/02/2017 18.46 18.44 18.93 18.87 2403 714000.00 13391078.00
15/02/2017 18.90 18.88 19.82 19.69 5429 1807800.00 35552621.00
16/02/2017 19.70 19.07 19.83 19.30 4107 1045000.00 20204076.00
17/02/2017 19.15 18.74 19.29 18.80 4045 807800.00 15291193.00
20/02/2017 18.80 18.56 19.05 18.69 1750 357800.00 6714653.00
21/02/2017 18.76 18.05 18.95 18.19 4183 875000.00 16105934.00
22/02/2017 18.19 17.95 18.43 18.05 4927 764800.00 13815731.00
23/02/2017 18.02 18.02 19.34 18.80 6905 1115700.00 21022270.00
24/02/2017 18.74 18.00 18.78 18.20 6680 1089500.00 19875070.00
01/03/2017 18.84 18.30 19.15 18.80 5160 1766600.00 33156855.00
02/03/2017 18.60 18.38 18.87 18.83 6346 1972700.00 36942685.00
03/03/2017 18.87 18.85 19.39 19.35 2725 525300.00 10090043.00
06/03/2017 19.40 19.40 19.79 19.61 2609 768600.00 15102552.00
07/03/2017 19.65 19.53 20.24 20.09 3104 941900.00 18716905.00
08/03/2017 20.15 19.62 20.40 19.75 2627 786600.00 15588576.00
09/03/2017 19.80 19.17 19.80 19.23 1553 315600.00 6101420.00
10/03/2017 19.20 19.19 19.72 19.72 2066 459800.00 8950399.00
13/03/2017 19.73 19.37 19.94 19.75 1709 346600.00 6800298.00
14/03/2017 19.85 19.44 19.85 19.44 2717 477800.00 9360051.00
15/03/2017 19.69 18.89 19.69 19.36 2928 473800.00 9115899.00
16/03/2017 19.47 18.90 19.51 18.96 2640 618800.00 11809874.00
17/03/2017 18.99 18.36 19.19 18.45 2255 611200.00 11318365.00
20/03/2017 18.48 17.53 18.53 18.15 1996 355500.00 6435249.00
21/03/2017 18.10 17.52 18.32 17.52 2589 434000.00 7738478.00
22/03/2017 17.58 17.34 18.25 18.25 1501 283500.00 5075692.00
23/03/2017 18.24 17.94 19.00 19.00 1673 525000.00 9776198.00
24/03/2017 18.59 18.59 19.31 18.74 3063 1251300.00 23726686.00
27/03/2017 18.54 18.41 18.80 18.56 1226 192000.00 3574773.00
28/03/2017 18.64 18.41 18.98 18.55 757 139200.00 2601664.00
29/03/2017 18.55 17.82 19.26 17.82 2174 637800.00 11694908.00
30/03/2017 18.11 18.05 18.75 18.62 1046 261800.00 4850614.00
31/03/2017 18.59 18.31 18.84 18.73 732 242600.00 4513898.00
03/04/2017 18.80 18.42 18.80 18.60 732 218200.00 4049439.00
04/04/2017 18.58 18.42 18.71 18.62 416 84800.00 1574981.00
05/04/2017 18.55 18.45 18.77 18.64 1950 388700.00 7224940.00
06/04/2017 18.69 18.25 18.69 18.35 1374 263500.00 4838484.00
07/04/2017 18.45 18.20 19.05 18.40 1476 271000.00 4995330.00
10/04/2017 18.48 18.25 18.52 18.33 1005 155600.00 2856820.00
11/04/2017 18.40 18.07 18.50 18.07 2387 529800.00 9648050.00
12/04/2017 18.07 17.50 18.07 17.67 2384 671600.00 11903772.00
13/04/2017 17.74 17.16 17.74 17.23 1506 297200.00 5149502.00
17/04/2017 17.43 17.21 18.02 18.00 709 194800.00 3452101.00
18/04/2017 17.93 17.62 18.03 17.90 1204 189000.00 3362956.00
19/04/2017 18.15 17.19 18.15 17.40 1330 265900.00 4636352.00
20/04/2017 17.40 17.10 17.57 17.30 1155 239200.00 4141827.00
24/04/2017 17.37 17.21 17.60 17.48 863 130000.00 2264474.00
25/04/2017 17.42 17.17 17.99 17.99 1418 291600.00 5087680.00
26/04/2017 17.92 17.41 17.92 17.75 1080 220600.00 3875849.00
27/04/2017 17.94 17.36 17.95 17.55 1277 271700.00 4769416.00
28/04/2017 17.65 17.48 17.82 17.82 955 389800.00 6889856.00
02/05/2017 17.81 17.79 18.65 18.65 1341 332800.00 6122841.00
03/05/2017 18.67 18.37 18.80 18.80 1024 234900.00 4354190.00
04/05/2017 18.70 17.79 18.70 18.29 1659 349400.00 6333049.00
05/05/2017 18.40 17.98 18.40 17.98 1626 411100.00 7448119.00
08/05/2017 18.05 17.86 18.37 18.08 1074 274400.00 4956831.00
09/05/2017 18.25 18.05 19.04 18.93 1439 502800.00 9393031.00
10/05/2017 19.15 18.74 19.40 19.40 1613 337000.00 6477710.00
11/05/2017 19.37 19.07 19.61 19.40 1863 1006000.00 19495172.00
12/05/2017 19.40 19.27 19.68 19.27 1069 285200.00 5561794.00
15/05/2017 19.27 19.10 19.59 19.27 1617 510000.00 9821345.00
16/05/2017 19.43 19.08 19.45 19.41 1388 280200.00 5399884.00
17/05/2017 19.40 19.08 19.40 19.22 985 215800.00 4152481.00
18/05/2017 16.05 16.05 17.30 17.00 1661 547000.00 9251961.00
19/05/2017 17.06 16.70 17.59 17.36 1585 354400.00 6094888.00
22/05/2017 17.30 16.01 17.30 16.54 1491 472400.00 7756067.00
23/05/2017 16.80 16.37 16.85 16.77 2111 329100.00 5499831.00
24/05/2017 16.75 16.75 17.58 17.30 1160 222300.00 3835112.00
25/05/2017 17.31 17.10 18.08 17.68 1668 333100.00 5836791.00
26/05/2017 17.77 17.69 18.39 18.24 2497 402300.00 7294045.00
29/05/2017 18.24 17.50 18.25 17.64 1297 249200.00 4411959.00
30/05/2017 17.75 17.46 17.76 17.61 1472 290100.00 5105372.00
31/05/2017 17.70 17.14 17.70 17.36 2354 562700.00 9800420.00
01/06/2017 17.40 16.76 17.59 16.76 1587 459800.00 7869779.00
02/06/2017 16.77 16.64 17.09 17.08 1392 358900.00 6059115.00
05/06/2017 17.08 16.69 17.09 16.81 778 158900.00 2678626.00
06/06/2017 16.81 16.66 16.99 16.92 1692 277100.00 4665710.00
07/06/2017 17.44 16.79 17.44 17.10 1051 228400.00 3874839.00
08/06/2017 17.19 16.55 17.19 16.90 1149 228100.00 3820695.00
09/06/2017 17.09 16.33 17.10 16.40 1596 459700.00 7577369.00
12/06/2017 16.38 16.33 16.63 16.52 1073 241500.00 3985269.00
13/06/2017 16.39 16.34 16.70 16.70 815 148500.00 2452982.00
14/06/2017 16.70 16.67 17.50 17.29 1782 603200.00 10319261.00
16/06/2017 17.39 16.90 17.39 17.15 1009 434600.00 7420007.00
