20/06/2016 18.51 18.28 18.62 18.37 18408 12983610.23 239525155.00
21/06/2016 18.44 18.27 18.47 18.36 17905 13495479.46 247974501.00
22/06/2016 18.37 18.03 18.40 18.11 17092 15474356.42 281496813.00
23/06/2016 18.19 18.17 18.43 18.29 17295 7669337.07 140628059.00
24/06/2016 17.89 17.86 18.32 18.26 19210 11812149.06 214098262.00
27/06/2016 18.07 18.01 18.65 18.49 18042 10292123.06 189568820.00
28/06/2016 18.68 18.44 18.72 18.53 23734 13583607.18 251948524.00
29/06/2016 18.70 18.56 18.91 18.80 20542 14200703.53 266830697.00
30/06/2016 18.78 18.58 18.89 18.83 18053 15500764.38 291012459.00
01/07/2016 18.86 18.77 19.00 19.00 18062 23019748.08 435849693.00
04/07/2016 19.00 18.76 19.07 18.84 10144 6764788.55 127579340.00
05/07/2016 18.75 18.74 19.09 19.07 22808 13518346.13 255749718.00
06/07/2016 19.01 18.75 19.06 18.96 19455 11369689.26 214875710.00
07/07/2016 18.96 18.79 19.07 18.88 17341 9017256.02 170470110.00
08/07/2016 18.96 18.88 19.34 19.17 29669 12601352.47 241535746.00
11/07/2016 19.22 18.99 19.22 19.17 20136 10417181.45 199018372.00
12/07/2016 19.13 18.99 19.16 19.07 18574 7689674.24 146657504.00
13/07/2016 18.93 18.80 19.00 18.88 23685 11430093.67 215695034.00
14/07/2016 18.98 18.79 18.98 18.88 31090 16703388.96 314894436.00
15/07/2016 18.87 18.63 18.88 18.73 22259 9099414.12 170418158.00
18/07/2016 18.73 18.69 18.88 18.84 16723 11663111.04 219163848.00
19/07/2016 18.83 18.75 18.97 18.95 23835 8992466.94 169853706.00
20/07/2016 18.90 18.79 19.04 18.90 27064 10077621.62 190453462.00
21/07/2016 18.90 18.73 19.03 18.98 14496 7818779.82 147797777.00
22/07/2016 19.02 18.89 19.23 19.16 15363 9001269.59 171822840.00
25/07/2016 19.09 18.97 19.19 19.16 10862 9606123.18 183802440.00
26/07/2016 19.17 18.98 19.29 19.12 13640 7374802.31 141268477.00
27/07/2016 19.22 19.04 19.22 19.09 14528 6271131.70 119870097.00
28/07/2016 19.07 19.00 19.23 19.21 14524 7515240.05 143755417.00
29/07/2016 18.70 18.49 18.84 18.58 40651 32909984.49 612875180.00
01/08/2016 18.67 18.41 18.84 18.78 20929 10319846.36 193140642.00
02/08/2016 18.71 18.50 18.75 18.62 17644 7961241.15 148060819.00
03/08/2016 18.53 18.37 18.61 18.42 36079 11723920.17 216392624.00
04/08/2016 18.52 18.24 18.59 18.50 21157 11374444.71 209942477.00
05/08/2016 18.55 18.50 18.88 18.88 17319 12193597.38 228985981.00
08/08/2016 18.77 18.77 19.09 19.03 17802 11177447.40 212403709.00
09/08/2016 19.03 18.90 19.11 19.04 19145 7281312.06 138399857.00
10/08/2016 19.06 18.86 19.07 18.95 17293 12191169.06 230917976.00
11/08/2016 19.04 18.79 19.27 19.27 24820 18656566.21 357253216.00
12/08/2016 19.24 19.21 19.55 19.50 27997 15527475.88 302086961.00
15/08/2016 19.44 19.40 19.81 19.71 18521 8845148.97 173475710.00
16/08/2016 19.48 19.48 19.86 19.77 19307 11710969.14 230895486.00
17/08/2016 19.71 19.58 19.85 19.82 30423 25639093.96 506004504.00
18/08/2016 19.82 19.57 19.84 19.69 17826 9519209.62 187148425.00
19/08/2016 19.59 19.52 19.73 19.62 16638 6272952.94 123140124.00
22/08/2016 19.62 19.30 19.66 19.36 18573 11035896.69 213973997.00
23/08/2016 19.42 19.28 19.49 19.35 17993 12365299.71 239524045.00
24/08/2016 19.27 19.23 19.43 19.35 11527 8450749.62 163447022.00
25/08/2016 19.36 19.04 19.51 19.08 19518 14166100.00 271617208.00
26/08/2016 19.19 18.87 19.19 18.97 22321 11184631.18 212571574.00
29/08/2016 18.94 18.82 19.14 19.02 25195 13433860.89 254987079.00
30/08/2016 19.04 18.91 19.09 19.02 12917 7867548.54 149504744.00
31/08/2016 19.00 18.82 19.03 18.97 38838 17808981.99 337057190.00
01/09/2016 18.83 18.77 19.50 19.44 44860 28299721.24 546299101.00
02/09/2016 19.54 19.44 19.64 19.61 29262 16674147.96 326349247.00
05/09/2016 19.69 19.53 19.75 19.65 12002 4253401.65 83613025.00
06/09/2016 19.67 19.60 19.77 19.77 15818 12591335.66 248225325.00
08/09/2016 19.71 19.51 19.77 19.77 29686 18545673.02 364934552.00
09/09/2016 19.57 19.43 19.65 19.52 30907 17439068.19 340879887.00
12/09/2016 19.37 19.37 19.61 19.52 19471 14405592.88 280963125.00
13/09/2016 19.37 19.09 19.50 19.19 37322 15234357.64 292603416.00
14/09/2016 19.13 19.03 19.57 19.43 23966 12116397.10 235285000.00
15/09/2016 19.50 19.44 19.61 19.50 12507 5457746.29 106610894.00
16/09/2016 19.44 19.10 19.45 19.20 22055 12576361.03 241551099.00
19/09/2016 19.35 19.12 19.36 19.22 21611 6212244.98 119537068.00
20/09/2016 19.32 19.16 19.34 19.26 18200 8285219.27 159454382.00
21/09/2016 19.22 19.07 19.38 19.23 29249 9601671.26 184382262.00
22/09/2016 19.45 19.31 19.49 19.44 23207 10363353.73 201358791.00
23/09/2016 19.57 19.38 19.59 19.50 19872 9426427.63 183637095.00
26/09/2016 19.38 19.26 19.41 19.39 15025 7973888.64 154047126.00
27/09/2016 19.44 19.23 19.53 19.47 20389 7330080.78 142345723.00
28/09/2016 19.56 19.46 19.68 19.62 17308 8420699.19 164952222.00
29/09/2016 19.63 19.38 19.68 19.49 22517 9568990.15 186649984.00
30/09/2016 19.49 19.49 19.74 19.59 20689 8818842.19 173114485.00
03/10/2016 19.48 19.43 19.60 19.52 20383 14227415.03 277696373.00
04/10/2016 19.55 19.26 19.55 19.31 29960 15976815.92 308910246.00
05/10/2016 19.39 19.32 19.51 19.36 21837 8777156.06 170425358.00
06/10/2016 19.36 19.25 19.49 19.42 18961 13420302.78 260147466.00
07/10/2016 19.49 19.28 19.51 19.42 19459 10991175.16 213293425.00
10/10/2016 19.50 19.40 19.55 19.45 10851 6129884.52 119332946.00
11/10/2016 19.40 19.16 19.45 19.22 30528 14752640.02 284709625.00
13/10/2016 19.07 18.70 19.19 19.01 31494 22228015.18 423120464.00
14/10/2016 19.04 18.96 19.35 19.30 35636 20608832.85 396311522.00
17/10/2016 19.25 19.12 19.51 19.33 22859 9801198.07 189449572.00
18/10/2016 19.33 19.22 19.53 19.42 28362 12487120.34 242744147.00
19/10/2016 19.41 19.36 19.50 19.45 11798 5917103.14 114990564.00
20/10/2016 19.46 19.31 19.51 19.42 15115 4640617.22 90111088.00
21/10/2016 19.44 19.27 19.63 19.52 20118 21538979.89 418747839.00
24/10/2016 19.49 19.41 19.58 19.47 18991 10224636.05 199102413.00
25/10/2016 19.39 19.24 19.44 19.30 15622 9386866.28 181243238.00
26/10/2016 19.26 19.14 19.39 19.31 14518 9148385.20 176565186.00
27/10/2016 19.28 19.20 19.39 19.27 15335 7890314.02 152136003.00
28/10/2016 18.58 18.50 19.07 18.88 46438 35531151.60 667617452.00
31/10/2016 18.90 18.61 18.96 18.61 36984 17799471.08 332650611.00
01/11/2016 18.57 18.12 18.62 18.12 28805 19283274.66 352885700.00
03/11/2016 18.12 17.67 18.29 17.69 48280 22976948.97 411462204.00
04/11/2016 17.78 17.47 17.90 17.51 35776 20593453.50 363404148.00
07/11/2016 17.73 17.56 17.89 17.78 27502 11351780.41 201899167.00
08/11/2016 17.79 17.58 17.93 17.85 24368 8152875.93 144722665.00
09/11/2016 17.57 17.31 17.88 17.72 33895 15004173.31 265207659.00
10/11/2016 17.83 17.31 18.02 17.84 58442 28350311.21 501686835.00
11/11/2016 17.45 17.19 17.89 17.25 70252 24231276.49 424109519.00
14/11/2016 17.19 16.99 17.38 17.10 53855 20505932.87 350801510.00
16/11/2016 17.15 17.08 17.64 17.62 30274 11679198.64 204013157.00
17/11/2016 17.72 17.39 17.72 17.41 26786 8026198.66 140484051.00
18/11/2016 17.41 16.85 17.44 17.12 23353 14970480.40 255495820.00
21/11/2016 17.13 17.10 17.32 17.25 16442 11113602.87 191262801.00
22/11/2016 17.43 16.92 17.52 16.97 21209 12939091.06 221757787.00
23/11/2016 16.96 16.83 17.43 17.43 18510 11787967.06 202068339.00
24/11/2016 17.42 17.13 17.44 17.15 10350 6048637.05 104261478.00
25/11/2016 17.05 16.85 17.15 17.03 12350 6522159.09 110741517.00
28/11/2016 17.05 16.96 17.35 17.35 17289 8796987.33 150922004.00
29/11/2016 17.27 16.86 17.28 16.86 31902 13629542.86 231362368.00
30/11/2016 17.09 16.89 17.56 16.95 26825 20639996.27 351872295.00
01/12/2016 16.80 16.31 16.86 16.44 48117 29105012.26 480118150.00
02/12/2016 16.41 16.07 16.52 16.52 34688 22926864.91 374289718.00
05/12/2016 16.58 16.21 16.67 16.27 14937 9197356.28 150668097.00
06/12/2016 16.19 16.11 16.55 16.55 29796 11142337.97 182827724.00
07/12/2016 16.63 16.43 16.69 16.45 15950 11036807.31 182056888.00
08/12/2016 16.56 16.23 16.65 16.27 25262 10309222.47 168814341.00
09/12/2016 16.35 16.23 16.60 16.45 29909 14836518.18 244067557.00
12/12/2016 16.22 15.84 16.36 15.92 26131 12630593.47 202794763.00
13/12/2016 15.96 15.83 16.16 16.10 52671 19936087.53 318763116.00
14/12/2016 16.09 15.82 16.28 15.97 36788 20610451.73 331579244.00
15/12/2016 15.91 15.83 16.34 16.13 43733 16024471.67 258906328.00
16/12/2016 16.20 16.15 16.52 16.49 27517 23507131.78 386122046.00
19/12/2016 16.41 16.09 16.55 16.11 22869 13433759.71 217973231.00
20/12/2016 16.16 15.90 16.34 16.21 18479 13618918.97 219411236.00
21/12/2016 16.17 16.06 16.32 16.15 14004 10589592.04 170947146.00
22/12/2016 16.22 15.79 16.24 15.82 21251 13056700.00 207513643.00
23/12/2016 15.89 15.86 16.06 16.00 10578 6730800.00 107649397.00
26/12/2016 16.02 16.02 16.32 16.18 5354 2621500.00 42515283.00
27/12/2016 16.20 16.07 16.29 16.11 14575 5663900.00 91441561.00
28/12/2016 16.13 16.12 16.30 16.23 10525 5002400.00 81108293.00
29/12/2016 16.28 16.16 16.40 16.40 17924 8687000.00 141594505.00
02/01/2017 16.34 16.26 16.66 16.31 9421 4265400.00 70040067.00
03/01/2017 16.50 16.44 16.67 16.64 17890 9535500.00 158040930.00
04/01/2017 16.66 16.43 16.66 16.51 12262 9426500.00 155853732.00
05/01/2017 16.52 16.48 16.75 16.60 16549 11555800.00 191960892.00
06/01/2017 16.59 16.36 16.64 16.46 18978 7863200.00 129625333.00
09/01/2017 16.46 16.37 16.74 16.53 22889 8753100.00 145069594.00
10/01/2017 16.62 16.31 16.67 16.34 20478 7887800.00 129498294.00
11/01/2017 16.44 16.17 16.49 16.41 18539 9694800.00 158130376.00
12/01/2017 16.61 16.55 17.02 16.93 29370 18340400.00 309339658.00
13/01/2017 17.09 16.77 17.13 17.11 21751 10099300.00 171564016.00
16/01/2017 17.14 16.90 17.20 17.05 16117 8201000.00 139291151.00
17/01/2017 16.98 16.80 17.20 17.20 20880 18257800.00 311815414.00
18/01/2017 17.22 17.05 17.54 17.26 22758 18812200.00 326417039.00
19/01/2017 17.27 17.15 17.50 17.30 22776 10832000.00 187861867.00
20/01/2017 17.50 17.17 17.50 17.35 19885 9858700.00 170813089.00
23/01/2017 17.31 17.17 17.40 17.34 16091 6555000.00 113574887.00
24/01/2017 17.28 17.13 17.45 17.30 22493 11136000.00 193323141.00
26/01/2017 17.36 17.30 17.47 17.31 14881 7789000.00 135208954.00
27/01/2017 17.30 17.02 17.39 17.32 26798 13214700.00 227627105.00
30/01/2017 17.24 16.89 17.32 16.97 18305 6124600.00 104442752.00
31/01/2017 16.93 16.91 17.25 17.20 12089 7057100.00 120859968.00
01/02/2017 17.27 17.23 17.43 17.32 19312 10992500.00 190596547.00
02/02/2017 17.24 17.11 17.34 17.16 14684 6391300.00 110001800.00
03/02/2017 17.07 16.94 17.40 17.35 40310 13562500.00 234185692.00
06/02/2017 17.39 17.03 17.39 17.07 16378 6596100.00 113129272.00
07/02/2017 17.10 17.02 17.26 17.02 12420 9300200.00 158927250.00
08/02/2017 17.03 16.81 17.10 16.96 18174 13096700.00 221470111.00
09/02/2017 16.99 16.83 17.08 16.89 19630 11002200.00 186639668.00
10/02/2017 16.89 16.79 17.23 17.14 22762 12688200.00 216286995.00
13/02/2017 17.21 17.06 17.37 17.25 21470 9005500.00 155199517.00
14/02/2017 17.28 17.23 17.53 17.38 19443 10668300.00 185765190.00
15/02/2017 17.50 17.46 18.08 18.02 37664 18161900.00 324374864.00
16/02/2017 17.89 17.85 18.06 17.97 20031 12169400.00 218546832.00
17/02/2017 17.95 17.80 18.01 17.90 13422 7025800.00 125680152.00
20/02/2017 17.98 17.78 18.01 17.84 9576 3507600.00 62760265.00
21/02/2017 17.93 17.85 18.10 18.07 18112 8323600.00 149638305.00
22/02/2017 18.12 18.11 18.40 18.28 22674 11232800.00 204923901.00
23/02/2017 18.31 18.11 18.59 18.13 25748 10925500.00 199961918.00
24/02/2017 18.00 17.79 18.09 17.84 21876 12946300.00 231879977.00
01/03/2017 17.99 17.82 18.16 17.91 19548 8762400.00 157326267.00
02/03/2017 17.30 17.15 17.47 17.21 41967 19515700.00 336980986.00
03/03/2017 17.27 17.08 17.44 17.39 18956 12016300.00 207373647.00
06/03/2017 17.34 17.01 17.38 17.25 18022 11989900.00 205777917.00
07/03/2017 17.20 16.82 17.22 16.82 17134 17651100.00 299389952.00
08/03/2017 16.83 16.75 17.23 17.12 19691 21297600.00 360245597.00
09/03/2017 17.10 17.06 17.38 17.30 21837 13084700.00 226151018.00
10/03/2017 17.35 17.25 17.47 17.30 18936 12386500.00 214781313.00
13/03/2017 17.35 17.30 17.49 17.36 15058 6253300.00 108812840.00
14/03/2017 17.31 17.10 17.41 17.10 13286 7289600.00 125641166.00
15/03/2017 17.01 17.01 17.34 17.30 19719 12782500.00 220361978.00
16/03/2017 17.31 17.13 17.39 17.28 14075 5854400.00 101160464.00
17/03/2017 17.34 17.10 17.46 17.21 19272 17096100.00 294400963.00
20/03/2017 17.35 17.12 17.78 17.64 26879 14222500.00 250335812.00
21/03/2017 17.70 17.38 17.70 17.42 29877 10136300.00 177309193.00
22/03/2017 17.37 17.15 17.47 17.31 15680 8523800.00 147295381.00
23/03/2017 17.19 17.13 17.59 17.44 19312 9142200.00 159445769.00
24/03/2017 17.43 17.42 17.63 17.63 16729 7800000.00 136809585.00
27/03/2017 17.53 17.50 17.83 17.79 25782 8715600.00 154308514.00
28/03/2017 17.75 17.69 17.94 17.94 13016 9857400.00 176427923.00
29/03/2017 17.94 17.88 18.18 18.18 27797 9497400.00 171583718.00
30/03/2017 18.17 18.07 18.33 18.27 17211 9164200.00 167066412.00
31/03/2017 18.22 18.17 18.37 18.24 18228 12278800.00 224137993.00
03/04/2017 18.20 18.00 18.24 18.00 18366 13484000.00 244000071.00
04/04/2017 18.01 17.88 18.11 18.11 15546 5529700.00 99635693.00
05/04/2017 18.08 17.81 18.18 17.88 19601 8660600.00 155643941.00
06/04/2017 17.88 17.77 18.05 17.98 21304 9728000.00 174385709.00
07/04/2017 18.00 17.92 18.13 18.05 18794 8061200.00 145422483.00
10/04/2017 18.10 17.91 18.14 18.00 12204 15470600.00 278370186.00
11/04/2017 18.00 17.40 18.06 17.62 37483 24847000.00 437906859.00
12/04/2017 17.65 17.56 17.82 17.67 22679 19694500.00 348659089.00
13/04/2017 17.57 17.50 17.91 17.76 16255 14976200.00 266023014.00
17/04/2017 17.80 17.72 18.14 18.06 16798 11642200.00 209879446.00
18/04/2017 18.01 18.01 18.24 18.16 12918 11845300.00 214972354.00
19/04/2017 18.17 17.99 18.19 18.10 35808 24666600.00 445693571.00
20/04/2017 17.99 17.92 18.19 17.98 21401 11178400.00 201384336.00
24/04/2017 18.15 17.96 18.18 18.03 19234 9172300.00 165722851.00
25/04/2017 18.03 17.97 18.40 18.32 20182 12046800.00 220108409.00
26/04/2017 18.30 18.10 18.31 18.21 20859 7981900.00 145306787.00
27/04/2017 18.22 18.01 18.24 18.20 22660 12839100.00 233260870.00
28/04/2017 18.20 18.12 18.40 18.26 12908 10386300.00 189985495.00
02/05/2017 18.37 18.27 18.63 18.57 27093 11281800.00 209052586.00
03/05/2017 18.57 18.34 18.63 18.56 16074 9621900.00 178252378.00
04/05/2017 18.60 18.47 19.23 19.03 44942 35518900.00 675223190.00
05/05/2017 18.94 18.86 19.03 18.90 16251 8515300.00 161321134.00
08/05/2017 18.84 18.77 18.93 18.89 32505 9406400.00 177390069.00
09/05/2017 18.94 18.80 19.06 18.95 15831 11318700.00 214164966.00
10/05/2017 19.00 18.94 19.25 19.19 25301 11327700.00 216815518.00
11/05/2017 19.15 19.12 19.58 19.53 39118 22815200.00 443460941.00
12/05/2017 19.57 19.48 19.79 19.69 26545 10653400.00 209804993.00
15/05/2017 19.70 19.48 19.85 19.74 20639 10806300.00 212665291.00
16/05/2017 19.68 19.61 19.86 19.82 29671 13410700.00 265211627.00
17/05/2017 19.67 19.51 19.92 19.64 23249 12201000.00 240146310.00
18/05/2017 18.25 18.05 19.21 18.80 99686 47040600.00 881628989.00
19/05/2017 18.68 18.40 18.99 18.62 40781 27392000.00 509349712.00
22/05/2017 18.44 18.44 18.83 18.57 60021 25818900.00 481602333.00
23/05/2017 18.57 18.57 18.98 18.89 35398 16456700.00 310456004.00
24/05/2017 19.08 18.84 19.14 18.86 20395 10182300.00 192755224.00
25/05/2017 18.96 18.77 19.04 18.92 15195 8840600.00 167364045.00
26/05/2017 19.00 18.83 19.08 19.03 18676 11818800.00 224448251.00
29/05/2017 18.99 18.80 18.99 18.88 13414 4544200.00 85812013.00
30/05/2017 18.91 18.79 18.94 18.79 12897 9426700.00 177692431.00
31/05/2017 18.81 18.62 18.88 18.71 25645 14473800.00 271069997.00
01/06/2017 18.72 18.53 18.83 18.55 35762 17818500.00 332429140.00
02/06/2017 18.61 18.31 18.76 18.57 29865 27924500.00 518361179.00
05/06/2017 18.52 18.50 18.98 18.91 29417 16492100.00 309958389.00
06/06/2017 18.86 18.85 19.18 19.07 24411 15888200.00 302626535.00
07/06/2017 19.15 18.74 19.21 18.84 30849 12360300.00 233549156.00
08/06/2017 18.73 18.53 18.79 18.53 21674 13753000.00 256032010.00
09/06/2017 18.62 17.98 18.67 18.11 31598 19881100.00 361328529.00
12/06/2017 18.06 17.93 18.20 18.08 25623 14437400.00 260929694.00
13/06/2017 18.11 18.11 18.42 18.39 19789 13078100.00 239671013.00
14/06/2017 18.36 18.00 18.49 18.18 29601 25725900.00 469326662.00
16/06/2017 18.22 17.74 18.22 17.78 39699 45422100.00 809939417.00
