29/06/2016 31.15 31.15 31.15 31.15 2 500.00 15575.00
04/07/2016 32.05 32.05 32.05 32.05 1 200.00 6410.00
08/07/2016 34.36 34.36 34.36 34.36 1 6900.00 237084.00
11/07/2016 34.79 34.79 34.79 34.79 1 1800.00 62622.00
19/07/2016 34.11 34.11 34.11 34.11 2 2700.00 92097.00
25/07/2016 35.40 35.40 35.40 35.40 1 12900.00 456660.00
02/08/2016 36.62 36.62 36.70 36.70 3 7100.00 260010.00
10/08/2016 34.82 34.82 34.82 34.82 1 100.00 3482.00
11/08/2016 35.12 35.12 35.12 35.12 1 100.00 3512.00
19/08/2016 35.40 35.40 35.40 35.40 1 100.00 3540.00
23/08/2016 35.37 35.37 35.37 35.37 1 1600.00 56592.00
08/09/2016 33.17 33.17 33.17 33.17 1 800.00 26536.00
03/10/2016 34.00 34.00 34.00 34.00 1 300.00 10200.00
21/10/2016 31.95 31.95 31.95 31.95 1 100.00 3195.00
25/10/2016 31.21 31.21 31.21 31.21 1 100.00 3121.00
16/11/2016 34.13 34.13 34.13 34.13 1 100.00 3413.00
01/12/2016 32.38 32.38 32.38 32.38 2 400.00 12952.00
07/12/2016 32.54 32.54 32.54 32.54 1 200.00 6508.00
08/12/2016 32.77 32.77 32.77 32.77 1 100.00 3277.00
22/12/2016 31.78 31.78 31.78 31.78 1 100.00 3178.00
13/01/2017 32.78 32.78 32.78 32.78 1 100.00 3278.00
17/01/2017 33.08 33.08 33.08 33.08 1 100.00 3308.00
02/02/2017 32.98 32.98 32.98 32.98 1 100.00 3298.00
03/02/2017 33.17 33.17 33.17 33.17 1 100.00 3317.00
14/02/2017 33.48 33.48 33.48 33.48 2 1800.00 60264.00
21/02/2017 34.94 34.94 34.94 34.94 1 24400.00 852536.00
23/02/2017 34.53 34.53 34.53 34.53 1 100.00 3453.00
01/03/2017 35.11 35.11 35.11 35.11 2 800.00 28088.00
06/03/2017 35.58 35.58 35.63 35.63 13 15800.00 562904.00
07/03/2017 34.99 34.99 34.99 34.99 1 500.00 17495.00
13/03/2017 35.76 35.76 35.76 35.76 1 300.00 10728.00
20/03/2017 34.73 34.73 34.73 34.73 1 200.00 6946.00
22/03/2017 34.73 34.73 34.73 34.73 1 100.00 3473.00
27/03/2017 34.88 34.88 34.88 34.88 1 200.00 6976.00
03/04/2017 34.61 34.61 34.61 34.61 1 100.00 3461.00
10/04/2017 34.50 34.50 34.50 34.50 1 300.00 10350.00
17/04/2017 33.34 33.34 33.34 33.34 1 1000.00 33340.00
24/04/2017 34.41 34.41 34.41 34.41 1 100.00 3441.00
25/04/2017 34.56 34.56 34.56 34.56 1 100.00 3456.00
08/05/2017 35.68 35.68 35.68 35.68 3 38000.00 1355840.00
10/05/2017 35.12 35.12 35.12 35.12 1 100.00 3512.00
