08/07/2016 376.91 376.91 376.91 376.91 1 100.00 37691.00
13/07/2016 383.30 383.30 383.30 383.30 1 200.00 76660.00
11/08/2016 355.24 355.24 355.24 355.24 1 100.00 35524.00
22/09/2016 365.62 365.62 365.62 365.62 1 100.00 36562.00
23/01/2017 365.20 365.20 365.20 365.20 1 2000.00 730400.00
30/01/2017 358.78 358.78 358.78 358.78 1 400.00 143512.00
14/02/2017 370.71 370.71 370.71 370.71 2 200.00 74142.00
21/02/2017 377.74 377.74 377.74 377.74 1 1300.00 491062.00
18/05/2017 401.43 401.32 401.43 401.32 2 300.00 120407.00
29/05/2017 401.97 401.97 401.97 401.97 1 100.00 40197.00
30/05/2017 405.01 405.01 405.01 405.01 1 100.00 40501.00
08/06/2017 412.54 412.54 412.54 412.54 1 100.00 41254.00
