21/06/2016 9.20 9.20 9.20 9.20 4 900.00 8280.00
22/06/2016 9.69 9.10 9.70 9.10 12 3700.00 34579.00
23/06/2016 9.50 9.00 9.50 9.00 2 200.00 1850.00
24/06/2016 9.39 8.95 9.39 8.95 5 600.00 5434.00
27/06/2016 9.30 9.30 9.30 9.30 2 500.00 4650.00
28/06/2016 9.54 9.09 9.54 9.09 2 200.00 1863.00
01/07/2016 9.28 9.28 9.28 9.28 1 200.00 1856.00
04/07/2016 9.10 9.10 9.10 9.10 1 500.00 4550.00
05/07/2016 9.10 9.10 9.28 9.28 2 400.00 3658.00
06/07/2016 9.25 9.25 9.25 9.25 1 1000.00 9250.00
07/07/2016 9.27 8.41 9.30 8.41 5 1100.00 10132.00
08/07/2016 9.29 9.09 9.30 9.29 8 1900.00 17616.00
11/07/2016 9.29 9.29 9.30 9.29 3 700.00 6504.00
13/07/2016 9.29 9.06 9.30 9.06 12 7800.00 72505.00
14/07/2016 9.30 9.26 9.30 9.30 7 4200.00 39017.00
15/07/2016 9.30 9.30 9.30 9.30 3 1000.00 9300.00
18/07/2016 9.30 9.30 10.27 10.26 8 5000.00 46873.00
19/07/2016 10.24 10.24 10.24 10.24 1 100.00 1024.00
20/07/2016 10.29 10.02 10.30 10.30 9 13500.00 136175.00
21/07/2016 13.10 12.50 13.11 13.11 11 1300.00 16865.00
22/07/2016 13.68 13.68 14.39 14.01 6 900.00 12547.00
25/07/2016 13.98 13.98 14.01 14.01 4 1100.00 15382.00
26/07/2016 14.00 14.00 14.00 14.00 3 500.00 7000.00
01/08/2016 13.50 13.48 13.50 13.48 2 200.00 2698.00
02/08/2016 13.40 13.40 13.40 13.40 2 300.00 4020.00
04/08/2016 12.00 12.00 13.20 12.30 28 3400.00 41749.00
05/08/2016 12.00 11.83 12.00 11.83 2 400.00 4766.00
08/08/2016 12.29 12.29 12.29 12.29 1 200.00 2458.00
11/08/2016 12.29 12.29 12.29 12.29 2 200.00 2458.00
12/08/2016 12.75 12.75 13.25 13.25 3 300.00 3879.00
15/08/2016 12.02 12.02 12.25 12.02 12 1500.00 18053.00
16/08/2016 12.98 10.35 12.98 10.35 6 600.00 7327.00
17/08/2016 10.99 10.99 11.40 11.40 5 500.00 5586.00
18/08/2016 11.99 11.99 11.99 11.99 1 100.00 1199.00
19/08/2016 13.00 11.40 13.00 12.89 6 600.00 7625.00
24/08/2016 12.31 12.31 12.84 12.84 4 400.00 5013.00
26/08/2016 12.50 12.50 12.50 12.50 1 200.00 2500.00
30/08/2016 12.84 12.84 12.84 12.84 1 100.00 1284.00
01/09/2016 12.19 12.19 12.19 12.19 1 10000.00 121900.00
05/09/2016 12.01 12.01 12.80 12.79 4 600.00 7519.00
06/09/2016 12.85 12.85 13.00 13.00 4 1100.00 14150.00
12/09/2016 12.00 12.00 12.95 12.95 8 1600.00 19470.00
19/09/2016 13.20 13.20 13.20 13.20 1 200.00 2640.00
22/09/2016 12.00 12.00 12.85 12.02 18 5300.00 64272.00
23/09/2016 12.79 12.02 12.79 12.02 15 11700.00 141641.00
26/09/2016 12.10 11.84 12.31 12.31 5 8400.00 101656.00
27/09/2016 12.23 12.23 12.23 12.23 3 300.00 3669.00
28/09/2016 12.23 12.23 12.23 12.23 1 100.00 1223.00
29/09/2016 12.23 12.23 12.23 12.23 1 100.00 1223.00
30/09/2016 12.00 11.95 12.00 11.95 2 200.00 2395.00
05/10/2016 12.10 12.10 12.10 12.10 1 700.00 8470.00
14/10/2016 11.52 11.50 11.52 11.50 7 1800.00 20730.00
17/10/2016 11.00 11.00 11.50 11.02 7 1300.00 14354.00
18/10/2016 10.50 10.50 11.00 11.00 3 300.00 3250.00
19/10/2016 11.00 11.00 11.00 11.00 2 400.00 4400.00
20/10/2016 11.00 11.00 11.00 11.00 1 100.00 1100.00
21/10/2016 11.00 11.00 11.00 11.00 2 200.00 2200.00
25/10/2016 11.01 11.01 11.80 11.80 3 300.00 3431.00
27/10/2016 11.01 11.01 11.80 11.70 4 600.00 6760.00
07/11/2016 11.78 11.78 11.78 11.78 1 100.00 1178.00
21/11/2016 11.00 11.00 11.00 11.00 3 400.00 4400.00
22/11/2016 11.00 10.99 11.50 10.99 3 300.00 3349.00
24/11/2016 10.10 10.10 10.69 10.69 9 1300.00 13484.00
28/11/2016 10.69 10.69 10.69 10.69 1 100.00 1069.00
30/11/2016 10.69 10.69 10.69 10.69 1 100.00 1069.00
01/12/2016 10.00 10.00 10.69 10.69 2 200.00 2069.00
02/12/2016 10.00 10.00 10.69 10.48 8 1500.00 15548.00
05/12/2016 10.00 10.00 10.00 10.00 4 400.00 4000.00
08/12/2016 9.20 9.20 9.50 9.39 5 500.00 4668.00
09/12/2016 9.00 9.00 9.40 9.19 6 900.00 8197.00
12/12/2016 9.00 8.49 9.00 8.49 9 1200.00 10442.00
13/12/2016 8.01 7.98 8.48 7.98 8 1300.00 10443.00
14/12/2016 7.50 7.50 8.20 8.00 10 1700.00 13262.00
15/12/2016 8.00 8.00 8.00 8.00 1 200.00 1600.00
16/12/2016 8.34 8.34 8.49 8.48 4 400.00 3379.00
19/12/2016 8.00 7.85 8.48 8.30 10 2000.00 16080.00
20/12/2016 8.89 8.41 8.89 8.41 3 300.00 2571.00
21/12/2016 8.90 8.89 8.90 8.89 2 200.00 1779.00
22/12/2016 9.15 9.15 9.15 9.15 1 100.00 915.00
23/12/2016 9.45 9.45 9.45 9.45 1 100.00 945.00
26/12/2016 10.00 8.83 10.29 8.83 4 600.00 5561.00
27/12/2016 8.83 8.83 8.83 8.83 1 200.00 1766.00
29/12/2016 10.98 10.98 13.01 13.01 6 600.00 7402.00
03/01/2017 13.00 13.00 13.00 13.00 2 200.00 2600.00
04/01/2017 13.91 12.75 13.91 13.90 3 400.00 5331.00
05/01/2017 14.00 13.98 14.00 13.98 3 500.00 6998.00
09/01/2017 13.90 13.90 13.90 13.90 3 300.00 4170.00
10/01/2017 14.00 14.00 15.30 15.30 8 3900.00 54730.00
13/01/2017 13.99 13.99 14.93 14.00 4 400.00 5692.00
16/01/2017 14.45 14.05 14.45 14.05 2 200.00 2850.00
17/01/2017 14.05 14.05 14.05 14.05 6 800.00 11240.00
18/01/2017 14.04 14.04 14.04 14.04 1 100.00 1404.00
08/06/2017 8.07 8.07 8.07 8.07 2 300.00 2421.00
09/06/2017 7.07 7.07 7.88 7.07 7 1900.00 13514.00
14/06/2017 6.51 6.51 7.07 7.07 3 800.00 5264.00
