03/10/2016 369.64 369.64 369.64 369.64 2 12200.00 4509608.00
06/10/2016 370.25 366.63 370.25 366.63 2 8200.00 3035688.00
10/10/2016 369.54 369.54 369.54 369.54 1 800.00 295632.00
17/10/2016 348.03 348.03 348.03 348.03 1 800.00 278424.00
24/10/2016 350.17 350.17 350.17 350.17 1 200.00 70034.00
26/10/2016 348.48 348.48 348.48 348.48 1 200.00 69696.00
27/10/2016 348.21 348.21 348.21 348.21 1 100.00 34821.00
07/11/2016 351.26 351.26 351.26 351.26 1 100.00 35126.00
09/11/2016 372.08 372.08 372.08 372.08 3 500.00 186040.00
10/11/2016 398.00 398.00 404.78 403.42 3 1800.00 727790.00
14/11/2016 426.47 426.47 426.47 426.47 1 800.00 341176.00
16/11/2016 422.82 422.82 422.82 422.82 1 300.00 126846.00
17/11/2016 422.38 422.38 422.38 422.38 1 300.00 126714.00
18/11/2016 422.62 422.62 422.62 422.62 1 100.00 42262.00
21/11/2016 424.09 424.09 424.09 424.09 1 300.00 127227.00
28/11/2016 434.27 434.27 434.27 434.27 1 100.00 43427.00
01/12/2016 465.55 465.55 465.55 465.55 1 300.00 139665.00
06/12/2016 442.39 442.39 442.39 442.39 1 500.00 221195.00
12/12/2016 427.15 427.15 427.15 427.15 1 100.00 42715.00
19/12/2016 421.06 421.06 421.06 421.06 1 100.00 42106.00
22/12/2016 410.99 410.99 410.99 410.99 1 100.00 41099.00
27/12/2016 412.27 412.27 412.27 412.27 1 300.00 123681.00
04/01/2017 390.97 390.97 390.97 390.97 1 300.00 117291.00
05/01/2017 397.26 397.26 397.26 397.26 1 400.00 158904.00
09/01/2017 393.81 393.81 393.81 393.81 1 100.00 39381.00
11/01/2017 393.34 386.51 393.34 386.51 2 400.00 155970.00
17/01/2017 389.83 388.82 389.83 388.82 2 400.00 155831.00
23/01/2017 376.73 376.73 376.73 376.73 1 1000.00 376730.00
26/01/2017 375.90 375.90 378.43 378.43 2 6600.00 2481193.00
30/01/2017 362.49 362.49 362.49 362.49 1 200.00 72498.00
31/01/2017 367.41 367.41 367.41 367.41 1 1000.00 367410.00
03/02/2017 381.63 381.63 381.63 381.63 1 100.00 38163.00
06/02/2017 375.00 375.00 375.00 375.00 1 100.00 37500.00
07/02/2017 374.92 374.92 374.92 374.92 1 300.00 112476.00
13/02/2017 378.97 378.97 378.97 378.97 1 100.00 37897.00
01/03/2017 403.96 403.96 403.96 403.96 1 6100.00 2464156.00
06/03/2017 409.64 409.64 410.13 410.13 2 5400.00 2214653.00
07/03/2017 412.27 412.27 412.27 412.27 1 500.00 206135.00
20/03/2017 400.47 400.47 400.47 400.47 1 500.00 200235.00
05/06/2017 487.88 487.88 487.88 487.88 1 1200.00 585456.00
