10/10/2016 194.70 194.70 194.70 194.70 1 7900.00 1538130.00
17/10/2016 193.39 193.39 193.39 193.39 1 3600.00 696204.00
26/10/2016 191.84 191.84 191.84 191.84 1 200.00 38368.00
27/10/2016 194.72 194.72 194.72 194.72 1 100.00 19472.00
31/10/2016 196.07 196.07 196.07 196.07 1 100.00 19607.00
07/11/2016 189.14 189.14 189.14 189.14 1 100.00 18914.00
10/11/2016 212.09 212.09 212.09 212.09 1 100.00 21209.00
14/11/2016 222.11 222.11 222.11 222.11 1 2700.00 599697.00
16/11/2016 217.58 217.58 217.58 217.58 1 1400.00 304612.00
18/11/2016 215.36 215.36 215.36 215.36 1 200.00 43072.00
21/11/2016 214.34 214.34 214.34 214.34 1 300.00 64302.00
25/11/2016 220.67 220.67 220.67 220.67 1 100.00 22067.00
05/12/2016 219.00 219.00 219.00 219.00 1 200.00 43800.00
06/12/2016 219.75 219.75 219.75 219.75 1 100.00 21975.00
12/12/2016 218.13 218.13 218.13 218.13 1 100.00 21813.00
22/12/2016 218.25 218.25 218.25 218.25 1 100.00 21825.00
27/12/2016 217.93 217.93 217.93 217.93 1 300.00 65379.00
09/01/2017 213.18 213.18 213.18 213.18 1 100.00 21318.00
17/01/2017 212.73 212.73 212.73 212.73 1 300.00 63819.00
26/01/2017 210.51 210.51 210.51 210.51 1 100.00 21051.00
30/01/2017 200.98 200.98 200.98 200.98 1 200.00 40196.00
03/02/2017 201.95 201.95 201.95 201.95 1 100.00 20195.00
06/02/2017 202.02 202.02 202.02 202.02 1 1000.00 202020.00
07/02/2017 202.04 202.04 202.04 202.04 1 200.00 40408.00
13/02/2017 206.41 206.41 206.41 206.41 1 400.00 82564.00
14/02/2017 205.84 205.84 205.84 205.84 2 300.00 61752.00
21/02/2017 196.71 196.71 196.71 196.71 1 200.00 39342.00
01/03/2017 200.16 200.16 200.16 200.16 1 100.00 20016.00
06/03/2017 199.37 199.37 199.37 199.37 1 400.00 79748.00
07/03/2017 197.80 196.96 199.00 199.00 5 500.00 98972.00
20/03/2017 191.68 191.68 191.68 191.68 1 8100.00 1552608.00
10/04/2017 193.76 193.76 193.76 193.76 1 2600.00 503776.00
17/04/2017 185.68 185.68 185.68 185.68 1 7000.00 1299760.00
24/04/2017 187.00 187.00 187.00 187.00 1 3400.00 635800.00
02/05/2017 194.15 194.15 194.15 194.15 1 400.00 77660.00
08/05/2017 197.80 197.80 197.80 197.80 1 5500.00 1087900.00
15/05/2017 190.21 190.21 190.21 190.21 1 500.00 95105.00
18/05/2017 205.20 205.20 205.58 205.58 2 1400.00 287774.00
22/05/2017 201.63 201.63 201.63 201.63 1 900.00 181467.00
29/05/2017 207.87 207.87 207.87 207.87 1 100.00 20787.00
30/05/2017 209.95 209.95 209.95 209.95 2 200.00 41990.00
05/06/2017 212.95 210.60 212.95 210.60 5 2200.00 465842.00
08/06/2017 208.97 208.97 208.97 208.97 1 700.00 146279.00
12/06/2017 211.89 211.89 211.89 211.89 1 300.00 63567.00
