20/06/2016 9.94 9.93 10.08 10.08 6 2834.44 28408.00
21/06/2016 10.16 10.16 10.16 10.16 2 202.46 2058.00
22/06/2016 10.16 10.16 10.16 10.16 10 1619.68 16463.00
23/06/2016 9.98 9.98 10.17 10.17 6 708.61 7167.00
24/06/2016 9.98 9.98 9.98 9.98 1 101.23 1010.00
27/06/2016 10.16 9.98 10.16 10.02 7 708.61 7110.00
28/06/2016 10.13 9.99 10.13 10.13 5 506.15 5083.00
29/06/2016 10.16 9.99 10.16 10.16 5 809.84 8210.00
01/07/2016 10.15 9.98 10.16 10.16 18 3543.05 35463.00
05/07/2016 10.05 10.05 10.05 10.05 2 202.46 2034.00
06/07/2016 9.90 9.90 10.06 10.06 19 1923.37 19231.00
07/07/2016 10.16 10.16 10.16 10.16 7 1417.22 14406.00
08/07/2016 10.16 9.99 10.20 10.00 14 6073.80 61700.00
11/07/2016 10.21 10.21 10.21 10.21 1 101.23 1034.00
13/07/2016 10.21 10.21 10.23 10.23 8 5871.34 60030.00
14/07/2016 10.13 10.13 10.27 10.27 2 202.46 2065.00
18/07/2016 10.05 10.05 10.27 10.27 10 4251.66 43558.00
19/07/2016 10.55 10.55 10.55 10.55 1 101.23 1068.00
20/07/2016 10.32 10.32 10.62 10.45 10 1518.45 16004.00
21/07/2016 10.47 10.47 10.47 10.47 5 506.15 5300.00
25/07/2016 10.42 10.42 10.96 10.74 12 4656.58 49371.00
27/07/2016 10.74 10.74 10.74 10.74 1 202.46 2174.00
28/07/2016 10.42 10.42 10.70 10.70 2 202.46 2138.00
29/07/2016 10.47 10.47 10.47 10.47 3 809.84 8480.00
01/08/2016 10.40 10.33 10.40 10.33 12 2328.29 24147.00
02/08/2016 10.33 10.32 10.33 10.32 5 1315.99 13592.00
03/08/2016 10.54 10.33 10.55 10.55 6 1417.22 14922.00
04/08/2016 10.51 10.51 10.70 10.70 4 809.84 8561.00
05/08/2016 10.70 10.42 10.70 10.69 14 1417.22 15133.00
08/08/2016 10.70 10.49 10.77 10.49 16 10224.23 109574.00
09/08/2016 10.50 10.42 10.50 10.43 14 3745.51 39129.00
10/08/2016 10.52 10.33 10.52 10.41 17 8908.24 92535.00
11/08/2016 10.57 10.41 10.57 10.57 17 2530.75 26564.00
12/08/2016 10.42 10.34 10.57 10.47 12 4049.20 42352.00
15/08/2016 10.57 10.57 10.57 10.57 2 202.46 2140.00
16/08/2016 10.32 10.32 10.47 10.33 11 3138.13 32488.00
17/08/2016 10.50 10.42 10.62 10.54 32 34114.51 359615.00
18/08/2016 10.53 10.53 10.62 10.62 18 27939.48 294559.00
19/08/2016 10.53 10.53 10.69 10.62 18 3441.82 36443.00
22/08/2016 10.69 10.53 10.69 10.54 17 12552.52 132338.00
23/08/2016 10.53 10.53 10.62 10.55 24 11742.68 123825.00
24/08/2016 10.55 10.54 10.62 10.62 13 12552.52 132364.00
25/08/2016 10.55 10.55 10.61 10.55 10 2733.21 28857.00
26/08/2016 10.62 10.57 10.77 10.58 33 12653.75 134484.00
29/08/2016 10.54 10.54 10.71 10.57 14 6276.26 66325.00
30/08/2016 10.71 10.59 10.71 10.59 26 5972.57 63397.00
31/08/2016 10.70 10.57 10.71 10.71 15 2733.21 29149.00
01/09/2016 10.67 10.58 10.67 10.58 5 1012.30 10723.00
02/09/2016 10.60 10.60 10.62 10.62 4 3947.97 41905.00
05/09/2016 10.71 10.62 10.71 10.62 5 8908.24 94695.00
06/09/2016 10.70 10.63 10.70 10.63 3 303.69 3235.00
08/09/2016 10.62 10.62 10.62 10.62 2 4251.66 45150.00
12/09/2016 10.62 10.60 10.71 10.71 18 88070.10 934680.00
14/09/2016 10.60 10.60 10.70 10.70 3 1012.30 10740.00
15/09/2016 10.70 10.70 10.70 10.70 1 101.23 1083.00
19/09/2016 10.60 10.59 10.60 10.59 3 404.92 4291.00
20/09/2016 10.62 10.57 10.70 10.70 8 911.07 9661.00
21/09/2016 10.59 10.59 10.67 10.62 8 6073.80 64447.00
22/09/2016 10.62 10.62 10.63 10.63 5 4150.43 44079.00
23/09/2016 10.63 10.62 10.70 10.70 18 5972.57 63610.00
26/09/2016 10.62 10.59 10.62 10.59 3 1518.45 16083.00
27/09/2016 10.59 10.48 10.59 10.48 5 708.61 7479.00
28/09/2016 10.47 10.47 10.47 10.47 1 101.23 1060.00
30/09/2016 10.37 10.37 10.37 10.37 1 911.07 9450.00
04/10/2016 10.36 10.36 10.36 10.36 1 8604.55 89165.00
05/10/2016 10.33 10.33 10.33 10.33 1 101.23 1046.00
07/10/2016 10.27 10.27 10.27 10.27 1 101.23 1040.00
11/10/2016 10.22 10.22 10.22 10.22 1 101.23 1035.00
13/10/2016 10.23 9.61 10.23 9.61 3 303.69 3045.00
14/10/2016 9.62 9.58 9.62 9.62 13 5263.96 50582.00
18/10/2016 9.63 9.63 9.63 9.63 2 506.15 4875.00
21/10/2016 9.63 9.34 9.63 9.34 20 2530.75 24017.00
24/10/2016 9.76 8.91 9.78 8.91 35 4656.58 43266.00
25/10/2016 8.93 8.87 8.93 8.89 14 5770.11 51313.00
26/10/2016 8.89 8.79 8.89 8.85 15 8908.24 79162.00
27/10/2016 8.85 8.85 9.08 8.94 7 1518.45 13568.00
28/10/2016 9.07 8.91 9.07 8.91 2 202.46 1820.00
31/10/2016 8.99 8.90 8.99 8.90 7 1923.37 17181.00
01/11/2016 8.73 8.73 8.94 8.94 6 1315.99 11673.00
03/11/2016 8.89 8.89 8.99 8.94 11 3846.74 34299.00
04/11/2016 8.99 8.99 8.99 8.99 3 506.15 4550.00
07/11/2016 9.00 8.85 9.00 8.85 6 1113.53 9915.00
08/11/2016 9.00 9.00 9.05 9.01 8 1720.91 15505.00
09/11/2016 8.83 8.79 9.03 8.79 6 1012.30 8931.00
10/11/2016 9.03 9.02 9.04 9.04 3 404.92 3655.00
11/11/2016 8.89 8.89 9.03 8.89 4 4150.43 37125.00
14/11/2016 8.50 8.50 9.00 9.00 2 500.00 4300.00
18/11/2016 9.00 9.00 9.00 9.00 1 200.00 1800.00
21/11/2016 8.74 8.74 8.74 8.74 2 300.00 2622.00
22/11/2016 8.79 8.79 8.79 8.79 2 900.00 7911.00
23/11/2016 8.80 8.12 8.80 8.30 9 3200.00 27671.00
25/11/2016 8.89 8.89 8.89 8.89 2 300.00 2667.00
28/11/2016 8.70 8.70 8.72 8.72 2 200.00 1742.00
29/11/2016 8.74 8.74 8.74 8.74 1 100.00 874.00
30/11/2016 8.60 8.56 8.65 8.56 7 1500.00 12917.00
01/12/2016 8.55 8.55 8.56 8.56 2 1000.00 8559.00
06/12/2016 8.56 8.56 8.56 8.56 2 3000.00 25680.00
07/12/2016 8.42 8.40 8.42 8.40 6 3300.00 27783.00
08/12/2016 8.31 8.10 8.50 8.36 14 8200.00 68830.00
09/12/2016 8.36 8.30 8.36 8.30 4 2400.00 20004.00
12/12/2016 8.92 8.92 8.92 8.92 1 100.00 892.00
14/12/2016 8.87 8.87 8.87 8.87 1 100.00 887.00
15/12/2016 8.40 8.40 8.54 8.45 10 2600.00 21909.00
16/12/2016 8.87 8.58 8.87 8.80 5 1000.00 8803.00
19/12/2016 8.92 8.92 8.92 8.92 4 1700.00 15164.00
20/12/2016 8.61 8.45 8.87 8.87 17 11000.00 94284.00
21/12/2016 8.52 8.33 8.68 8.33 11 2900.00 24605.00
22/12/2016 8.50 8.50 8.50 8.50 4 800.00 6800.00
27/12/2016 8.63 8.63 8.63 8.63 1 100.00 863.00
28/12/2016 8.62 8.62 8.62 8.62 1 100.00 862.00
29/12/2016 8.87 8.87 8.88 8.88 2 900.00 7990.00
02/01/2017 8.94 8.72 9.20 8.72 9 1800.00 16246.00
05/01/2017 9.17 9.17 9.19 9.19 7 1900.00 17433.00
06/01/2017 9.14 9.14 9.19 9.19 7 2200.00 20152.00
09/01/2017 9.15 9.15 9.33 9.33 2 1100.00 10083.00
10/01/2017 9.32 9.31 9.32 9.31 2 200.00 1863.00
11/01/2017 9.30 9.30 9.30 9.30 3 5500.00 51150.00
12/01/2017 9.29 9.29 9.31 9.31 8 72900.00 677958.00
16/01/2017 9.25 9.25 9.79 9.79 8 1200.00 11424.00
18/01/2017 9.79 9.79 9.89 9.89 5 2300.00 22617.00
19/01/2017 9.43 9.40 9.58 9.40 14 2900.00 27352.00
20/01/2017 9.81 9.81 9.81 9.81 1 100.00 981.00
24/01/2017 9.33 9.25 9.65 9.50 7 3400.00 31808.00
26/01/2017 9.30 9.30 10.00 10.00 13 2300.00 22760.00
27/01/2017 9.53 9.53 9.57 9.57 2 600.00 5738.00
30/01/2017 9.35 9.35 9.40 9.40 2 200.00 1875.00
31/01/2017 9.90 9.90 10.00 9.90 7 13000.00 129500.00
01/02/2017 9.90 9.90 9.90 9.90 1 300.00 2970.00
02/02/2017 10.09 10.09 10.09 10.09 2 500.00 5045.00
03/02/2017 9.44 9.44 9.50 9.50 5 900.00 8514.00
06/02/2017 9.51 9.51 9.51 9.51 1 100.00 951.00
07/02/2017 9.51 9.50 9.51 9.50 3 600.00 5705.00
08/02/2017 9.49 9.49 9.49 9.49 1 100.00 949.00
16/02/2017 9.95 9.95 9.97 9.97 4 500.00 4977.00
17/02/2017 9.95 9.73 9.95 9.80 7 3600.00 35507.00
20/02/2017 9.80 9.80 9.85 9.83 5 1200.00 11794.00
21/02/2017 10.04 10.04 10.10 10.10 5 3800.00 38224.00
22/02/2017 10.10 10.10 10.10 10.10 1 100.00 1010.00
23/02/2017 10.10 10.01 10.10 10.01 2 1300.00 13022.00
24/02/2017 10.01 10.01 10.01 10.01 1 200.00 2002.00
01/03/2017 10.20 10.20 10.29 10.29 3 800.00 8196.00
02/03/2017 10.03 10.02 10.03 10.02 4 600.00 6014.00
03/03/2017 10.02 10.01 10.07 10.02 4 700.00 7015.00
06/03/2017 10.02 10.01 10.02 10.01 2 200.00 2003.00
09/03/2017 10.01 10.01 10.01 10.01 3 4200.00 42042.00
13/03/2017 10.20 10.20 10.40 10.40 9 1300.00 13416.00
16/03/2017 10.39 10.39 10.70 10.70 5 1300.00 13736.00
17/03/2017 10.05 10.01 10.25 10.20 19 5000.00 50666.00
20/03/2017 10.30 10.30 10.30 10.30 1 200.00 2060.00
21/03/2017 10.01 10.01 10.40 10.40 7 2300.00 23703.00
29/03/2017 10.63 10.62 10.70 10.70 9 3700.00 39518.00
30/03/2017 10.31 10.31 10.55 10.45 14 3100.00 32186.00
31/03/2017 10.45 10.30 10.45 10.35 8 1800.00 18637.00
05/04/2017 10.50 10.33 10.88 10.70 12 2500.00 26598.00
06/04/2017 10.59 10.59 10.59 10.59 1 100.00 1059.00
10/04/2017 10.59 10.59 10.59 10.59 3 2700.00 28593.00
17/04/2017 10.87 10.87 10.87 10.87 2 200.00 2174.00
18/04/2017 10.20 10.20 10.35 10.20 4 700.00 7185.00
19/04/2017 10.30 10.30 10.75 10.74 10 1600.00 16998.00
24/04/2017 11.04 11.04 12.49 12.36 37 37600.00 441867.00
25/04/2017 12.48 12.48 14.30 13.90 20 5300.00 72323.00
26/04/2017 13.31 13.30 13.40 13.40 7 3200.00 42692.00
27/04/2017 13.40 13.40 13.40 13.40 2 300.00 4020.00
28/04/2017 13.40 13.35 13.40 13.35 3 1500.00 20087.00
02/05/2017 13.35 13.20 13.35 13.20 2 400.00 5310.00
03/05/2017 13.14 13.14 13.30 13.25 17 5000.00 66201.00
04/05/2017 13.21 12.86 13.25 12.86 96 11100.00 146618.00
05/05/2017 13.08 12.78 13.08 12.79 8 1100.00 14132.00
08/05/2017 12.79 12.79 12.79 12.79 1 100.00 1279.00
09/05/2017 12.80 12.80 12.80 12.80 2 1400.00 17920.00
10/05/2017 12.85 12.01 13.02 13.01 14 2200.00 27965.00
12/05/2017 12.21 12.21 12.80 12.80 4 1200.00 15242.00
15/05/2017 12.57 12.57 12.57 12.57 1 100.00 1257.00
18/05/2017 12.40 12.40 12.40 12.40 2 200.00 2480.00
24/05/2017 13.28 12.40 13.28 12.70 12 4200.00 54069.00
25/05/2017 12.67 11.52 12.67 11.79 27 9200.00 111832.00
26/05/2017 11.86 11.85 11.90 11.86 29 18700.00 221679.00
29/05/2017 12.00 11.99 12.00 12.00 5 3600.00 43195.00
30/05/2017 11.95 11.94 12.20 12.20 8 3600.00 43098.00
31/05/2017 11.86 11.85 11.91 11.90 6 4000.00 47492.00
01/06/2017 11.85 11.85 11.85 11.85 1 200.00 2370.00
05/06/2017 11.85 11.85 11.85 11.85 1 1000.00 11850.00
06/06/2017 11.85 11.85 11.85 11.85 1 400.00 4740.00
08/06/2017 11.86 11.86 12.50 12.39 20 4700.00 56704.00
09/06/2017 12.52 12.52 12.52 12.52 1 100.00 1252.00
12/06/2017 11.82 11.82 11.99 11.99 4 400.00 4762.00
13/06/2017 11.99 11.99 11.99 11.99 3 900.00 10791.00
14/06/2017 12.00 12.00 12.00 12.00 1 1600.00 19200.00
16/06/2017 11.99 11.99 12.70 12.70 13 2700.00 33650.00
