20/06/2016 13.08 12.94 13.33 13.00 792 191914.41 2514159.00
21/06/2016 13.07 12.89 13.21 13.15 1041 445864.84 5791971.00
22/06/2016 13.11 13.06 13.30 13.11 1384 198230.06 2611913.00
23/06/2016 13.26 13.09 13.47 13.37 780 126211.23 1682523.00
24/06/2016 13.02 13.00 13.38 13.18 825 197517.00 2598750.00
27/06/2016 13.17 12.83 13.31 13.13 1052 201591.62 2626195.00
28/06/2016 13.25 13.08 13.39 13.39 1238 201387.89 2679547.00
29/06/2016 13.55 13.54 13.83 13.63 976 185293.16 2532348.00
30/06/2016 13.64 13.42 13.84 13.84 930 187941.66 2583221.00
01/07/2016 13.81 13.66 13.90 13.79 1108 160743.60 2216038.00
04/07/2016 13.76 13.68 13.98 13.88 692 100439.28 1391132.00
05/07/2016 13.71 13.71 14.06 13.88 753 430075.70 5990932.00
06/07/2016 13.69 13.45 13.87 13.77 897 165633.13 2256374.00
07/07/2016 13.88 13.67 13.98 13.78 1069 204545.72 2829625.00
08/07/2016 13.82 13.82 14.19 14.13 949 727930.12 10233228.00
11/07/2016 14.26 13.97 14.40 14.10 845 162679.04 2300982.00
12/07/2016 14.15 13.83 14.26 14.06 1273 246717.99 3443974.00
13/07/2016 14.06 13.80 14.18 14.18 835 162882.77 2290346.00
14/07/2016 14.40 14.19 14.53 14.28 1635 242643.37 3479050.00
15/07/2016 14.27 14.15 14.48 14.42 1379 209944.58 2998535.00
18/07/2016 14.55 14.55 15.05 14.74 2099 470821.86 6975523.00
19/07/2016 14.73 14.53 14.90 14.68 1195 291335.03 4266081.00
20/07/2016 14.70 14.49 14.81 14.67 1450 865855.87 12680970.00
21/07/2016 14.70 14.60 14.92 14.77 1457 256598.93 3805546.00
22/07/2016 14.78 14.70 14.96 14.78 798 297345.09 4420123.00
25/07/2016 14.78 14.45 14.92 14.74 1687 281861.55 4128671.00
26/07/2016 14.76 14.58 14.84 14.63 632 112866.86 1656445.00
27/07/2016 14.70 14.50 14.78 14.65 890 189877.10 2778316.00
28/07/2016 14.63 14.05 14.66 14.32 2132 635741.94 9090648.00
29/07/2016 14.27 14.10 14.55 14.22 3028 603450.61 8603867.00
01/08/2016 14.21 13.84 14.59 14.02 2371 502705.73 7082384.00
02/08/2016 13.87 13.62 14.23 14.05 2147 462265.17 6426567.00
03/08/2016 13.94 13.87 14.36 14.24 2356 1050028.50 14907458.00
04/08/2016 14.16 14.16 15.92 15.25 4852 1567402.85 23958761.00
05/08/2016 15.13 15.13 15.67 15.66 1649 431094.36 6679401.00
08/08/2016 15.42 15.06 15.65 15.17 1424 470923.73 7211691.00
09/08/2016 15.16 14.97 15.54 15.41 1993 482128.92 7415150.00
10/08/2016 15.44 15.14 15.71 15.28 1653 430890.63 6664331.00
11/08/2016 15.24 15.10 15.70 15.70 910 175615.94 2706815.00
12/08/2016 15.47 14.19 15.60 14.92 3743 1670592.50 24565811.00
15/08/2016 14.86 14.62 15.05 14.85 1274 278398.13 4133093.00
16/08/2016 14.75 14.55 14.97 14.97 1652 336970.73 4964436.00
17/08/2016 14.83 14.71 14.93 14.93 1899 426306.68 6308633.00
18/08/2016 14.75 14.71 14.95 14.87 1115 185089.42 2749424.00
19/08/2016 14.72 14.72 15.63 15.19 1351 698287.29 10592818.00
22/08/2016 15.26 15.11 15.44 15.41 986 264850.03 4054700.00
23/08/2016 15.36 15.31 15.68 15.51 1388 282676.47 4392197.00
24/08/2016 15.59 15.19 15.65 15.19 1318 304373.80 4689917.00
25/08/2016 15.27 14.96 15.61 15.08 1292 193646.12 2954820.00
26/08/2016 15.19 15.03 15.47 15.29 1451 1507302.27 22930217.00
29/08/2016 15.20 14.96 15.45 14.96 1315 273508.59 4123990.00
30/08/2016 15.07 14.89 15.28 15.03 1250 528375.81 7935556.00
31/08/2016 15.11 14.70 15.29 14.78 2192 303355.15 4516857.00
01/09/2016 14.76 14.76 15.94 15.71 2098 765518.45 11685111.00
02/09/2016 15.65 15.35 15.88 15.71 1572 568918.24 8846958.00
05/09/2016 15.75 15.45 16.10 15.53 669 117450.80 1835149.00
06/09/2016 15.61 15.43 16.11 16.04 1667 332896.11 5262796.00
08/09/2016 16.12 15.85 16.33 16.16 1735 273202.99 4409053.00
09/09/2016 16.12 15.58 16.13 15.58 1405 267192.93 4198907.00
12/09/2016 15.58 15.20 16.43 16.24 1798 354084.12 5656138.00
13/09/2016 16.18 15.71 16.18 16.17 1604 292149.96 4659086.00
14/09/2016 16.29 15.69 16.29 15.90 1567 303600.00 4833595.00
15/09/2016 16.08 15.61 16.08 15.81 2261 607100.00 9593675.00
16/09/2016 15.89 15.59 16.02 15.71 1262 448700.00 7065831.00
19/09/2016 15.82 15.60 16.13 15.60 1311 285300.00 4510014.00
20/09/2016 15.76 15.46 15.87 15.54 1050 196000.00 3059316.00
21/09/2016 15.64 15.37 15.90 15.70 1582 550800.00 8598438.00
22/09/2016 15.73 15.51 16.07 15.83 1485 351400.00 5551835.00
23/09/2016 15.91 15.45 16.10 15.84 1551 227900.00 3586514.00
26/09/2016 15.67 15.36 15.72 15.45 1594 289800.00 4487833.00
27/09/2016 15.53 15.16 15.65 15.56 3035 637500.00 9855828.00
28/09/2016 15.69 15.45 15.85 15.85 1817 383200.00 6013645.00
29/09/2016 15.85 15.50 15.93 15.55 1456 230600.00 3610552.00
30/09/2016 15.49 15.33 15.71 15.45 1805 419600.00 6478861.00
03/10/2016 15.61 15.33 15.70 15.70 1414 515800.00 8023306.00
04/10/2016 15.70 15.49 15.91 15.88 1733 344400.00 5404582.00
05/10/2016 15.81 15.72 15.89 15.89 1121 310000.00 4901303.00
06/10/2016 15.99 15.75 15.99 15.85 1203 198800.00 3141060.00
07/10/2016 16.07 15.60 16.07 15.85 1852 939200.00 14796135.00
10/10/2016 16.02 15.73 16.02 15.90 1454 463300.00 7345019.00
11/10/2016 15.75 15.70 15.95 15.85 1630 247400.00 3912267.00
13/10/2016 15.84 15.65 15.90 15.84 1195 266200.00 4204313.00
14/10/2016 15.82 15.80 16.12 16.07 1098 518700.00 8269333.00
17/10/2016 16.12 15.94 16.60 16.60 1779 601400.00 9807336.00
18/10/2016 16.60 16.46 16.98 16.98 2611 986600.00 16528647.00
19/10/2016 16.85 16.61 17.03 16.87 1271 983600.00 16534173.00
20/10/2016 16.71 16.43 16.93 16.93 2347 490200.00 8156496.00
21/10/2016 16.98 16.70 17.12 16.86 1962 1116000.00 18851944.00
24/10/2016 16.86 16.82 17.09 17.03 2361 350800.00 5953451.00
25/10/2016 17.01 16.68 17.09 16.89 2277 604100.00 10166470.00
26/10/2016 16.87 16.47 17.07 16.62 1424 334200.00 5557863.00
27/10/2016 16.68 16.56 16.97 16.79 1122 658600.00 11019594.00
28/10/2016 16.89 16.29 16.89 16.34 1285 295600.00 4853379.00
31/10/2016 16.37 16.18 16.89 16.78 1827 310700.00 5148065.00
01/11/2016 16.75 16.09 16.84 16.22 1639 459300.00 7493914.00
03/11/2016 16.26 15.92 16.45 15.92 2608 397300.00 6394345.00
04/11/2016 15.92 15.50 16.11 15.50 1599 360200.00 5680905.00
07/11/2016 15.86 15.59 16.24 16.10 1556 211300.00 3380574.00
08/11/2016 16.16 15.87 16.41 16.39 1030 280500.00 4519613.00
09/11/2016 16.04 15.80 16.19 16.15 1432 587600.00 9397243.00
10/11/2016 16.19 14.90 16.19 15.60 3875 646600.00 9884188.00
11/11/2016 15.35 14.09 15.50 14.51 4364 930900.00 13531357.00
14/11/2016 14.52 13.90 14.90 14.50 4661 812400.00 11639937.00
16/11/2016 14.68 14.24 14.84 14.30 3212 687100.00 9888089.00
17/11/2016 14.31 14.00 14.76 14.50 2663 1072100.00 15463952.00
18/11/2016 14.58 14.16 14.58 14.30 1723 389400.00 5569562.00
21/11/2016 14.30 14.15 14.55 14.51 1090 213400.00 3067136.00
22/11/2016 14.74 14.16 14.82 14.39 2502 417500.00 6008035.00
23/11/2016 14.47 14.17 14.76 14.67 2446 710000.00 10262189.00
24/11/2016 14.61 14.40 14.76 14.60 572 113700.00 1653682.00
25/11/2016 14.58 14.17 14.58 14.49 1190 192500.00 2769677.00
28/11/2016 14.28 14.15 14.53 14.38 2134 330400.00 4718392.00
29/11/2016 14.32 14.32 14.43 14.39 684 141400.00 2034179.00
30/11/2016 14.44 14.17 14.79 14.79 904 270900.00 3970706.00
01/12/2016 14.59 14.00 14.67 14.00 1806 339300.00 4794883.00
02/12/2016 13.99 13.77 14.11 14.00 1220 244800.00 3415167.00
05/12/2016 14.10 13.87 14.53 13.97 1627 242000.00 3434846.00
06/12/2016 13.95 13.66 14.28 14.22 2040 358800.00 5055499.00
07/12/2016 14.29 14.04 14.50 14.50 1599 484500.00 6933726.00
08/12/2016 14.41 14.30 14.78 14.78 991 176400.00 2580694.00
09/12/2016 14.79 14.41 15.04 14.68 2949 416400.00 6091200.00
12/12/2016 14.51 14.41 14.80 14.80 1861 344400.00 5031568.00
13/12/2016 14.73 14.49 14.81 14.76 1225 206500.00 3027220.00
14/12/2016 14.74 14.24 14.76 14.24 1937 442300.00 6345126.00
15/12/2016 14.24 13.95 14.29 14.18 1489 470200.00 6654093.00
16/12/2016 14.06 14.06 14.54 14.20 1314 428900.00 6115636.00
19/12/2016 14.13 13.81 14.35 13.91 1279 870500.00 12174444.00
20/12/2016 13.97 13.65 14.07 13.75 2157 642800.00 8911843.00
21/12/2016 13.82 13.69 14.06 13.90 1406 409300.00 5692588.00
22/12/2016 13.90 13.75 14.09 13.99 1772 325500.00 4536558.00
23/12/2016 14.09 13.92 14.30 14.09 1569 340300.00 4805244.00
26/12/2016 14.18 14.10 14.85 14.25 1694 393600.00 5639027.00
27/12/2016 14.20 14.12 14.41 14.29 892 145400.00 2074938.00
28/12/2016 14.29 14.21 14.63 14.50 1492 343500.00 4975422.00
29/12/2016 14.44 14.26 14.64 14.45 2083 846100.00 12227606.00
02/01/2017 14.41 14.31 14.74 14.69 1784 441800.00 6460437.00
03/01/2017 14.71 14.55 15.00 15.00 1935 417900.00 6169401.00
04/01/2017 14.92 14.92 15.26 15.26 1349 214300.00 3228814.00
05/01/2017 15.26 15.02 15.57 15.38 1634 478100.00 7283186.00
06/01/2017 15.35 15.17 15.41 15.18 1323 245700.00 3743284.00
09/01/2017 15.23 15.01 15.27 15.01 1714 366800.00 5541831.00
10/01/2017 15.09 14.83 15.15 14.87 2025 483400.00 7255321.00
11/01/2017 15.01 14.84 15.10 14.98 1572 273800.00 4104596.00
12/01/2017 15.98 15.51 15.98 15.88 4126 935600.00 14659081.00
13/01/2017 15.92 15.62 15.92 15.65 938 198200.00 3118300.00
16/01/2017 15.67 15.34 15.75 15.40 1485 341900.00 5297689.00
17/01/2017 15.38 14.95 15.40 14.97 2618 636500.00 9617277.00
18/01/2017 14.94 14.45 15.12 14.49 2222 636700.00 9409896.00
19/01/2017 14.59 14.40 14.83 14.79 4461 781500.00 11430724.00
20/01/2017 14.69 14.63 15.17 15.09 2957 834700.00 12425454.00
23/01/2017 15.10 14.97 15.34 15.24 2297 452900.00 6866157.00
24/01/2017 15.35 15.20 15.50 15.30 1081 353500.00 5410090.00
26/01/2017 15.33 15.26 15.53 15.26 1237 215000.00 3304998.00
27/01/2017 15.28 15.08 15.38 15.32 1619 292600.00 4471036.00
30/01/2017 15.17 14.81 15.30 14.88 1515 256900.00 3833696.00
31/01/2017 15.00 14.86 15.20 14.95 2515 769500.00 11550089.00
01/02/2017 15.09 14.87 15.14 14.94 3275 1325000.00 19815427.00
02/02/2017 14.92 14.81 15.50 14.85 3308 1127900.00 16930359.00
03/02/2017 14.99 14.94 15.40 15.20 2381 636500.00 9679207.00
06/02/2017 15.36 14.90 15.52 14.90 3423 785900.00 11820609.00
07/02/2017 14.93 14.70 15.03 14.70 2984 1504900.00 22233664.00
08/02/2017 14.74 14.73 15.32 15.23 2407 409400.00 6151731.00
09/02/2017 15.34 15.19 15.67 15.46 2352 391000.00 6006684.00
10/02/2017 15.60 15.34 15.61 15.40 904 240700.00 3722242.00
13/02/2017 15.58 15.34 15.80 15.65 2658 826800.00 12864286.00
14/02/2017 15.70 15.34 15.74 15.65 1967 918200.00 14328313.00
15/02/2017 15.66 15.52 16.02 15.75 1531 564400.00 8858848.00
16/02/2017 15.65 15.52 15.92 15.62 2021 304100.00 4781484.00
17/02/2017 15.53 15.45 15.75 15.47 784 165100.00 2560972.00
20/02/2017 15.48 15.26 15.61 15.55 1359 274200.00 4229467.00
21/02/2017 15.57 15.41 15.91 15.60 1645 456200.00 7121072.00
22/02/2017 15.61 15.12 15.61 15.18 2439 837900.00 12840945.00
23/02/2017 15.16 14.73 15.22 14.73 2011 441200.00 6576385.00
24/02/2017 14.72 14.41 14.76 14.64 2644 509600.00 7449169.00
01/03/2017 14.63 14.34 14.63 14.47 2100 398100.00 5739552.00
02/03/2017 14.30 14.30 14.65 14.60 2991 965700.00 14034490.00
03/03/2017 14.58 14.48 14.85 14.49 2211 400300.00 5826148.00
06/03/2017 14.52 14.52 14.84 14.84 1594 306100.00 4491971.00
07/03/2017 14.80 14.55 14.82 14.55 2143 431400.00 6334699.00
08/03/2017 14.57 14.25 14.63 14.45 3141 581400.00 8368849.00
09/03/2017 14.45 14.30 14.65 14.65 2389 403300.00 5824596.00
10/03/2017 14.65 14.45 14.77 14.77 1822 294500.00 4290378.00
13/03/2017 14.78 14.49 14.98 14.85 2749 351600.00 5212522.00
14/03/2017 14.88 14.58 14.88 14.75 2057 685800.00 10096147.00
15/03/2017 14.76 14.39 15.13 15.05 2182 1020200.00 15096889.00
16/03/2017 15.12 14.72 15.12 14.85 1461 388300.00 5751146.00
17/03/2017 14.93 14.48 14.93 14.65 1010 266200.00 3894108.00
20/03/2017 14.54 14.36 14.58 14.41 1282 305800.00 4410986.00
21/03/2017 14.37 14.14 14.52 14.40 1693 293400.00 4205120.00
22/03/2017 14.42 14.15 14.48 14.45 1164 250300.00 3602466.00
23/03/2017 14.41 14.32 14.54 14.40 834 135000.00 1946102.00
24/03/2017 14.45 14.37 14.55 14.55 711 134300.00 1943033.00
27/03/2017 14.48 14.29 14.55 14.43 923 143600.00 2067727.00
28/03/2017 14.35 14.35 14.96 14.95 1647 1169100.00 17227966.00
29/03/2017 14.94 14.93 15.38 15.38 1451 250200.00 3801042.00
30/03/2017 15.32 15.09 15.50 15.50 2013 414200.00 6357950.00
31/03/2017 15.49 15.21 15.49 15.40 1050 193500.00 2967773.00
03/04/2017 15.49 15.19 15.49 15.48 1250 200500.00 3081225.00
04/04/2017 15.43 15.24 15.50 15.50 1030 252400.00 3888741.00
05/04/2017 15.54 15.28 15.65 15.36 1916 313100.00 4835010.00
06/04/2017 15.42 15.13 15.49 15.25 1732 460800.00 7051655.00
07/04/2017 15.24 15.12 15.44 15.12 1443 323800.00 4926691.00
10/04/2017 15.15 14.96 15.20 15.07 1417 258700.00 3900078.00
11/04/2017 15.14 14.77 15.20 15.01 1429 263800.00 3974391.00
12/04/2017 15.02 14.81 15.07 14.87 905 132100.00 1967599.00
13/04/2017 14.90 14.71 14.99 14.80 1062 830400.00 12295825.00
17/04/2017 14.80 14.80 15.43 15.23 1074 310900.00 4721940.00
18/04/2017 15.20 15.07 15.40 15.38 984 208000.00 3176327.00
19/04/2017 15.31 14.91 15.49 14.94 983 217700.00 3287886.00
20/04/2017 15.02 14.82 15.07 14.89 1291 281100.00 4198599.00
24/04/2017 14.93 14.83 15.09 14.99 1619 392000.00 5855006.00
25/04/2017 15.04 14.83 15.47 15.30 1372 210300.00 3172154.00
26/04/2017 15.17 14.90 15.27 14.91 1417 652600.00 9834521.00
27/04/2017 14.93 14.71 15.07 15.04 1388 257600.00 3843393.00
28/04/2017 15.12 14.59 15.12 15.07 1243 320600.00 4797030.00
02/05/2017 15.23 14.79 15.29 14.90 1324 374400.00 5614936.00
03/05/2017 14.98 14.36 14.98 14.58 3035 1824300.00 26377597.00
04/05/2017 14.55 14.39 14.66 14.40 2712 1530300.00 22097720.00
05/05/2017 14.46 14.42 14.80 14.58 3595 2265800.00 32857566.00
08/05/2017 14.45 14.44 14.83 14.63 1162 201200.00 2954984.00
09/05/2017 14.88 14.55 14.88 14.76 2427 1617600.00 23721596.00
10/05/2017 14.85 14.78 15.58 15.46 2189 904500.00 13793491.00
11/05/2017 15.40 15.39 16.36 16.19 2048 1035800.00 16503674.00
12/05/2017 16.30 15.93 16.64 16.45 2389 731300.00 11920210.00
15/05/2017 16.56 16.12 16.56 16.37 1996 450100.00 7337149.00
16/05/2017 16.38 16.21 16.88 16.88 2462 596700.00 9856101.00
17/05/2017 16.77 16.34 16.77 16.42 2632 769800.00 12675082.00
18/05/2017 13.50 13.50 14.85 13.86 2610 1204500.00 17139083.00
19/05/2017 13.92 13.86 14.38 13.90 2705 1092600.00 15353188.00
22/05/2017 13.90 12.95 13.90 13.20 2288 802900.00 10602393.00
23/05/2017 13.34 13.30 13.79 13.79 1820 1750500.00 23732604.00
24/05/2017 13.83 13.65 14.54 14.25 1857 1022400.00 14526219.00
25/05/2017 14.29 13.88 14.29 13.93 2551 414100.00 5787558.00
26/05/2017 14.07 13.89 14.25 14.15 3426 1186200.00 16662681.00
29/05/2017 14.26 13.82 14.26 14.13 1718 285500.00 4001487.00
30/05/2017 14.21 13.72 14.21 13.84 2748 1305500.00 18119192.00
31/05/2017 14.00 13.60 14.00 13.75 2960 918900.00 12653780.00
01/06/2017 13.89 13.45 13.89 13.45 2287 1125100.00 15318019.00
02/06/2017 13.46 13.27 13.71 13.71 4046 764800.00 10274268.00
05/06/2017 13.75 13.72 14.28 13.99 5067 1633200.00 23074013.00
06/06/2017 14.08 14.08 15.29 15.17 7134 2781100.00 41291935.00
07/06/2017 15.21 14.92 15.48 15.44 5728 1170800.00 17798462.00
08/06/2017 15.48 14.67 15.48 14.96 5726 1067700.00 15939281.00
09/06/2017 14.91 14.81 15.47 15.15 3974 834700.00 12661759.00
12/06/2017 15.32 14.64 15.34 14.94 3645 687200.00 10201136.00
13/06/2017 14.95 14.68 14.95 14.91 2735 571200.00 8466892.00
14/06/2017 15.07 14.80 15.13 15.11 1504 450100.00 6755544.00
16/06/2017 15.11 14.81 15.56 15.56 1763 655000.00 10082471.00
