09/09/2016 4.57 4.57 4.57 4.57 1 102.89 470.00
21/09/2016 4.37 4.37 4.37 4.37 1 102.89 450.00
22/09/2016 4.28 4.28 4.28 4.28 1 102.89 440.00
23/09/2016 4.08 3.89 4.18 3.89 3 411.55 1650.00
26/09/2016 3.40 3.40 3.40 3.40 1 514.44 1750.00
27/09/2016 3.30 3.26 3.30 3.26 8 4424.17 14420.00
03/10/2016 3.01 3.01 3.01 3.01 1 205.78 620.00
04/10/2016 3.60 3.60 3.60 3.60 2 1131.76 4070.00
05/10/2016 3.69 3.37 3.69 3.69 5 2572.19 9434.00
06/10/2016 3.40 3.40 3.69 3.69 2 411.55 1490.00
13/10/2016 4.37 4.37 4.37 4.37 3 1131.76 4950.00
14/10/2016 4.57 4.57 4.86 4.86 10 4218.39 19550.00
17/10/2016 4.86 4.67 4.86 4.67 15 25104.58 118022.00
18/10/2016 4.68 4.57 5.05 4.57 28 20886.19 99576.00
19/10/2016 4.86 4.77 4.87 4.86 9 2366.42 11474.00
20/10/2016 5.05 5.05 5.05 5.05 1 102.89 520.00
21/10/2016 5.20 5.20 5.24 5.24 3 4321.28 22486.00
26/10/2016 6.80 6.14 6.80 6.14 10 3395.29 22964.00
27/10/2016 6.14 6.14 6.15 6.15 2 514.44 3164.00
28/10/2016 6.17 5.55 6.78 5.55 44 10906.09 64619.00
31/10/2016 5.51 5.51 5.72 5.72 7 1337.54 7553.00
01/11/2016 5.73 5.34 5.73 5.34 5 1028.88 5769.00
03/11/2016 5.26 5.25 5.34 5.34 9 2572.19 13588.00
04/11/2016 5.82 5.50 5.82 5.50 4 411.55 2297.00
07/11/2016 5.26 5.24 5.27 5.24 7 823.10 4324.00
10/11/2016 4.86 4.86 4.86 4.86 3 308.66 1500.00
16/11/2016 4.86 4.86 4.86 4.86 1 102.89 500.00
18/11/2016 4.86 4.86 4.86 4.86 4 2057.75 10000.00
22/11/2016 4.67 4.37 4.67 4.43 10 2366.42 10696.00
23/11/2016 4.47 4.09 4.47 4.09 4 1028.88 4249.00
24/11/2016 4.23 4.23 4.28 4.28 2 205.78 875.00
25/11/2016 4.28 4.28 4.37 4.33 4 823.10 3560.00
30/11/2016 4.61 4.37 4.61 4.37 2 205.78 924.00
05/12/2016 4.67 4.28 4.67 4.28 7 1851.98 8520.00
06/12/2016 4.37 4.37 4.37 4.37 5 1028.88 4500.00
14/12/2016 4.37 4.37 4.37 4.37 3 823.10 3600.00
20/12/2016 4.37 4.37 4.37 4.37 7 1440.43 6300.00
22/12/2016 4.37 3.98 4.37 4.11 6 1337.54 5744.00
23/12/2016 4.28 4.28 4.28 4.28 1 102.89 440.00
26/12/2016 4.37 4.37 4.37 4.37 1 308.66 1350.00
27/12/2016 4.38 4.38 4.39 4.39 2 411.55 1806.00
29/12/2016 4.28 4.28 4.28 4.28 2 308.66 1320.00
04/01/2017 4.37 4.37 4.37 4.37 2 720.21 3150.00
05/01/2017 3.90 3.90 4.37 4.37 10 3395.29 13917.00
06/01/2017 4.42 4.42 4.42 4.42 1 205.78 910.00
09/01/2017 4.42 4.42 4.42 4.42 1 205.78 910.00
10/01/2017 4.41 4.41 4.41 4.41 1 102.89 454.00
17/01/2017 4.41 4.41 4.41 4.41 2 1028.88 4540.00
18/01/2017 4.86 4.86 4.86 4.86 3 411.55 2000.00
20/01/2017 4.86 4.86 4.86 4.86 1 308.66 1500.00
27/01/2017 4.67 4.57 4.67 4.61 6 4012.62 18574.00
30/01/2017 4.86 4.86 4.86 4.86 2 617.33 3000.00
01/02/2017 5.05 5.05 5.39 5.39 3 411.55 2115.00
07/02/2017 5.35 5.35 5.35 5.35 2 514.44 2750.00
13/02/2017 5.58 5.58 5.58 5.58 4 1337.54 7462.00
14/02/2017 5.73 5.73 5.73 5.73 10 2983.74 17110.00
16/02/2017 7.29 6.17 7.29 6.71 47 14815.82 97782.00
17/02/2017 6.81 6.80 7.14 6.80 78 18519.77 128307.00
20/02/2017 6.90 6.71 6.90 6.71 15 4115.50 28216.00
21/02/2017 6.72 6.61 6.72 6.62 4 514.44 3424.00
22/02/2017 6.61 6.51 6.61 6.51 18 4012.62 26228.00
23/02/2017 6.70 6.61 6.70 6.61 30 7716.57 51450.00
02/03/2017 6.23 6.23 6.29 6.23 7 823.10 5147.00
03/03/2017 6.12 6.12 6.32 6.32 7 1131.76 6990.00
06/03/2017 6.28 6.12 6.28 6.27 13 2675.08 16561.00
07/03/2017 6.23 6.17 6.23 6.17 4 617.33 3836.00
08/03/2017 6.12 6.12 6.12 6.12 2 411.55 2520.00
10/03/2017 6.12 6.12 6.12 6.12 13 3086.63 18900.00
14/03/2017 6.12 6.12 6.12 6.12 1 102.89 630.00
20/03/2017 6.12 5.92 6.12 5.92 4 1234.65 7522.00
21/03/2017 6.01 5.98 6.01 5.98 2 205.78 1233.00
22/03/2017 6.32 5.94 6.32 5.94 10 1646.20 9991.00
24/03/2017 6.12 6.12 6.32 6.32 8 1543.31 9650.00
28/03/2017 5.92 5.88 5.92 5.88 9 2469.30 14547.00
30/03/2017 5.93 5.93 6.32 6.29 4 617.33 3817.00
03/04/2017 6.34 6.34 6.41 6.41 6 925.99 5922.00
04/04/2017 6.79 6.79 6.79 6.79 1 102.89 699.00
05/04/2017 6.63 6.22 6.63 6.22 4 411.55 2686.00
06/04/2017 6.32 6.11 6.32 6.11 19 5247.27 33129.00
17/04/2017 6.17 6.17 6.17 6.17 1 102.89 635.00
18/04/2017 6.17 6.17 6.46 6.32 25 20577.52 132083.00
20/04/2017 6.32 6.32 6.32 6.32 5 1646.20 10400.00
24/04/2017 6.27 6.22 6.27 6.22 2 617.33 3860.00
02/05/2017 6.30 6.30 6.30 6.30 1 100.00 630.00
03/05/2017 6.10 6.10 6.10 6.10 1 300.00 1830.00
04/05/2017 6.19 6.19 6.19 6.19 1 100.00 619.00
05/05/2017 6.05 6.05 6.05 6.05 3 600.00 3630.00
09/05/2017 6.04 6.00 6.10 6.10 9 2700.00 16244.00
15/05/2017 5.96 5.96 5.96 5.96 2 400.00 2384.00
24/05/2017 5.40 5.40 5.70 5.51 6 1000.00 5553.00
25/05/2017 5.50 5.29 5.50 5.30 21 7900.00 42388.00
26/05/2017 5.49 5.37 5.49 5.37 39 6300.00 34185.00
29/05/2017 5.45 5.45 5.58 5.50 39 6600.00 36283.00
30/05/2017 5.50 5.50 5.53 5.52 39 6900.00 37960.00
31/05/2017 5.50 5.49 5.56 5.56 34 5300.00 29160.00
01/06/2017 5.51 5.40 5.51 5.40 8 1400.00 7655.00
05/06/2017 5.35 5.35 5.35 5.35 1 100.00 535.00
06/06/2017 5.31 5.31 5.35 5.35 13 2100.00 11195.00
09/06/2017 5.50 5.39 5.70 5.70 14 2600.00 14614.00
13/06/2017 5.70 5.57 5.81 5.81 36 8600.00 48612.00
