20/06/2016 12.55 12.55 12.88 12.65 1082 211996.26 2687343.00
21/06/2016 12.75 12.57 12.88 12.60 802 144995.99 1828866.00
22/06/2016 12.65 12.56 12.73 12.65 1804 359664.04 4557393.00
23/06/2016 12.75 12.58 12.75 12.73 669 282387.65 3575671.00
24/06/2016 12.60 12.35 12.84 12.84 635 150236.81 1892040.00
27/06/2016 12.82 12.54 12.82 12.69 848 152086.51 1927078.00
28/06/2016 12.69 12.57 12.87 12.81 639 148181.59 1883387.00
29/06/2016 12.81 12.81 13.22 13.14 1046 222683.42 2913971.00
30/06/2016 13.13 13.06 13.62 13.62 1070 227615.96 3051587.00
01/07/2016 13.58 13.36 14.01 13.92 1466 480613.92 6583665.00
04/07/2016 13.93 13.86 14.58 14.46 1147 431288.57 6121599.00
05/07/2016 14.50 14.12 14.58 14.31 1373 816129.09 11624657.00
06/07/2016 14.16 13.67 14.31 14.05 3119 837503.41 11731618.00
07/07/2016 13.98 13.95 14.39 14.27 1041 467563.26 6638720.00
08/07/2016 14.22 14.06 14.37 14.21 1258 364802.10 5174711.00
11/07/2016 14.21 14.05 14.47 14.43 1608 378058.29 5423214.00
12/07/2016 14.54 14.37 14.70 14.51 1182 295746.60 4295288.00
13/07/2016 14.51 14.33 14.61 14.53 1264 294924.52 4264566.00
14/07/2016 14.55 14.14 14.65 14.35 2639 1045080.95 15083808.00
15/07/2016 14.60 14.35 14.63 14.55 2141 3624694.22 52862124.00
18/07/2016 14.69 14.50 15.47 15.47 2518 926494.57 14026708.00
19/07/2016 15.54 15.25 15.54 15.47 2446 463555.57 7143993.00
20/07/2016 15.49 15.29 15.55 15.42 1197 379907.99 5859288.00
21/07/2016 15.42 15.31 15.65 15.56 1020 240974.91 3722628.00
22/07/2016 15.56 15.45 15.74 15.64 1603 496747.42 7755876.00
25/07/2016 15.64 15.50 15.72 15.58 2358 493870.11 7709459.00
26/07/2016 15.57 15.52 15.75 15.62 1519 419471.03 6560265.00
27/07/2016 15.75 15.59 15.85 15.85 1422 278379.97 4380257.00
28/07/2016 15.84 15.62 15.95 15.75 1846 374461.65 5876847.00
29/07/2016 16.06 15.74 16.47 16.34 3598 1258721.39 20270002.00
01/08/2016 16.34 15.85 16.34 16.07 3103 663117.73 10624054.00
02/08/2016 16.07 15.34 16.07 15.80 3402 641846.17 10091891.00
03/08/2016 15.80 15.27 15.91 15.80 2430 634139.09 9970496.00
04/08/2016 15.95 15.67 15.95 15.94 1856 658596.24 10389032.00
05/08/2016 15.94 15.56 15.96 15.90 2133 702064.21 11004555.00
08/08/2016 15.90 15.52 15.90 15.88 2198 510722.94 8019155.00
09/08/2016 15.79 15.64 16.07 15.94 1681 390800.67 6198582.00
10/08/2016 15.94 15.64 15.97 15.69 1097 267281.76 4202553.00
11/08/2016 15.82 15.54 15.96 15.91 1158 371378.81 5848361.00
12/08/2016 15.76 15.56 15.93 15.70 2184 578339.78 9069590.00
15/08/2016 15.72 15.44 15.91 15.83 1955 722924.73 11373230.00
16/08/2016 15.86 15.76 16.04 16.01 1451 352470.76 5623692.00
17/08/2016 15.88 15.71 16.06 16.06 1646 357403.30 5691237.00
18/08/2016 15.99 15.99 16.30 16.30 2383 504865.55 8185632.00
19/08/2016 16.29 16.11 16.45 16.35 1194 170172.47 2776070.00
22/08/2016 16.25 16.11 16.26 16.13 1089 173563.59 2805136.00
23/08/2016 16.12 15.90 16.30 16.02 1022 166781.35 2672286.00
24/08/2016 15.89 15.70 15.91 15.75 1504 245599.16 3877290.00
25/08/2016 15.75 15.02 15.75 15.47 2013 1295098.84 19708285.00
26/08/2016 15.59 15.21 15.60 15.47 1844 414435.74 6395807.00
29/08/2016 15.49 15.37 15.81 15.71 1556 256594.60 4010223.00
30/08/2016 15.61 15.58 15.74 15.62 900 121155.40 1895845.00
31/08/2016 15.77 15.52 15.81 15.75 1562 524287.41 8231335.00
01/09/2016 15.69 15.52 15.96 15.61 1502 400768.50 6252846.00
02/09/2016 15.72 15.63 16.06 16.06 1249 412072.23 6544023.00
05/09/2016 16.07 15.80 16.15 15.81 1137 352265.24 5585863.00
06/09/2016 15.85 15.66 15.96 15.86 1689 391828.28 6178702.00
08/09/2016 15.86 15.58 15.94 15.86 2012 335206.89 5266901.00
09/09/2016 15.79 15.42 15.88 15.57 1235 311982.87 4863169.00
12/09/2016 15.42 15.39 15.85 15.82 1103 205008.50 3222492.00
13/09/2016 15.76 15.08 16.05 15.73 2219 429336.11 6672386.00
14/09/2016 15.68 15.60 15.99 15.79 1335 246421.25 3872427.00
15/09/2016 15.81 15.61 15.86 15.62 1722 315168.46 4943536.00
16/09/2016 15.62 15.50 15.81 15.81 1202 401076.79 6305256.00
19/09/2016 15.83 15.47 16.12 15.63 1200 606290.81 9577557.00
20/09/2016 15.77 15.52 15.81 15.81 1133 324108.68 5059960.00
21/09/2016 15.79 15.67 15.79 15.72 1209 364185.53 5724855.00
22/09/2016 15.85 15.66 15.93 15.82 999 259677.44 4099478.00
23/09/2016 15.74 15.53 15.79 15.79 1124 164623.37 2583151.00
26/09/2016 15.75 15.44 15.88 15.57 1198 255566.99 3978518.00
27/09/2016 15.61 15.32 15.87 15.66 1623 425636.70 6610658.00
28/09/2016 15.65 15.53 15.75 15.63 1374 327705.32 5124395.00
29/09/2016 15.61 15.42 15.67 15.57 1530 374564.41 5821514.00
30/09/2016 15.49 15.33 15.74 15.74 1670 801434.25 12419904.00
03/10/2016 15.75 15.53 15.88 15.66 2037 477120.04 7462761.00
04/10/2016 15.57 15.52 15.75 15.75 1336 273858.48 4283377.00
05/10/2016 15.75 15.69 15.96 15.81 1491 439303.94 6927069.00
06/10/2016 15.86 15.72 16.54 16.34 3863 1477397.13 23979424.00
07/10/2016 16.35 16.34 16.72 16.55 2177 929680.17 15310131.00
10/10/2016 16.55 16.55 16.78 16.78 1729 435912.82 7284824.00
11/10/2016 16.78 16.56 16.84 16.66 1831 423170.44 7043378.00
13/10/2016 16.67 16.64 16.86 16.69 2863 560973.15 9393249.00
14/10/2016 16.78 16.69 16.93 16.78 1391 291019.59 4891873.00
17/10/2016 16.78 16.62 16.84 16.72 1287 847368.48 14121234.00
18/10/2016 16.75 16.12 16.78 16.54 1936 666303.33 11071791.00
19/10/2016 16.61 16.59 16.98 16.98 2743 1115164.05 18653793.00
20/10/2016 16.85 16.81 17.20 17.11 1567 332637.86 5661991.00
21/10/2016 17.13 17.13 17.44 17.36 1797 1009217.30 17500056.00
24/10/2016 17.37 17.23 17.42 17.33 1210 434371.40 7513212.00
25/10/2016 17.37 17.23 17.45 17.43 1370 276221.98 4801526.00
26/10/2016 17.41 17.24 17.47 17.47 1486 250120.65 4338201.00
27/10/2016 17.47 17.39 17.81 17.57 926 159177.03 2798166.00
28/10/2016 17.57 17.50 18.29 17.91 2769 903578.84 16252815.00
31/10/2016 17.90 17.84 18.22 18.08 1267 270364.60 4869465.00
01/11/2016 18.00 17.69 18.11 17.80 2246 658801.77 11730307.00
03/11/2016 17.80 17.33 17.80 17.42 2726 501577.20 8755436.00
04/11/2016 17.26 16.81 17.42 16.97 2159 665070.20 11395998.00
07/11/2016 17.13 16.86 17.22 17.05 1646 375283.74 6401267.00
08/11/2016 16.98 16.98 17.46 17.23 1142 220936.48 3801887.00
09/11/2016 16.59 16.59 17.22 16.88 1385 309619.36 5236962.00
10/11/2016 17.09 15.77 17.09 16.06 2219 437968.04 7113832.00
11/11/2016 16.05 15.08 16.15 15.42 3148 687061.08 10598766.00
14/11/2016 15.23 14.66 15.52 14.98 3245 1150513.89 17102892.00
16/11/2016 15.00 15.00 15.73 15.48 2128 391931.05 6057211.00
17/11/2016 15.42 15.35 15.58 15.47 1252 286292.58 4419007.00
18/11/2016 15.57 15.20 15.57 15.53 1065 172535.98 2655600.00
21/11/2016 15.47 15.25 15.75 15.42 1260 321847.94 4954758.00
22/11/2016 15.44 15.13 15.84 15.46 1973 693637.80 10777903.00
23/11/2016 15.56 15.08 15.67 15.67 2730 438995.65 6778280.00
24/11/2016 15.76 15.65 16.11 15.86 1162 427486.41 6784623.00
25/11/2016 15.63 15.51 16.10 15.83 1098 276530.27 4350970.00
28/11/2016 15.65 15.63 15.86 15.77 1449 576798.36 9072822.00
29/11/2016 15.80 15.72 16.01 15.82 954 343530.54 5436812.00
30/11/2016 15.78 15.77 16.39 15.98 2218 722924.73 11535499.00
01/12/2016 16.00 15.24 16.00 15.41 2651 490067.95 7607954.00
02/12/2016 15.26 15.10 15.56 15.40 2003 371995.38 5712894.00
05/12/2016 15.41 15.30 15.62 15.39 1750 272625.34 4197513.00
06/12/2016 15.37 15.19 15.76 15.66 992 222066.86 3432298.00
07/12/2016 15.62 15.54 16.23 15.78 3899 677607.06 10733087.00
08/12/2016 15.72 15.69 15.88 15.81 1297 209735.52 3309333.00
09/12/2016 15.78 15.70 15.91 15.91 1640 422451.11 6675769.00
12/12/2016 15.89 15.63 16.06 15.78 763 135541.96 2137258.00
13/12/2016 15.78 15.62 16.08 15.62 2002 392753.13 6186655.00
14/12/2016 15.60 15.40 15.72 15.57 2300 356478.45 5538124.00
15/12/2016 15.56 15.31 15.85 15.59 3270 596014.70 9186134.00
16/12/2016 15.53 15.53 15.90 15.69 1193 186614.26 2935742.00
19/12/2016 15.69 15.13 15.69 15.31 2925 586560.67 9037942.00
20/12/2016 15.33 15.14 15.52 15.29 1795 516272.04 7911342.00
21/12/2016 15.34 15.34 15.74 15.55 1839 294718.99 4590484.00
22/12/2016 15.57 15.51 15.92 15.77 1888 281668.33 4417320.00
23/12/2016 15.75 15.71 16.00 15.82 929 191855.08 3039072.00
26/12/2016 15.91 15.76 16.30 16.09 989 242413.56 3883663.00
27/12/2016 16.09 16.05 16.30 16.16 1033 225252.45 3632308.00
28/12/2016 16.15 16.04 16.17 16.08 1567 495925.33 7980601.00
29/12/2016 16.10 16.01 16.64 16.64 2366 872031.16 14359465.00
02/01/2017 16.44 16.36 16.95 16.71 2271 676579.44 11188572.00
03/01/2017 16.92 16.71 16.97 16.97 1883 434474.16 7320102.00
04/01/2017 16.88 16.81 17.26 16.93 1144 205111.27 3474426.00
05/01/2017 16.93 16.70 17.17 16.93 1518 290505.79 4904407.00
06/01/2017 16.84 16.77 16.97 16.97 911 151264.42 2556085.00
09/01/2017 16.96 16.77 17.03 16.97 1200 211790.74 3577427.00
10/01/2017 16.97 16.74 17.17 17.02 1671 328013.61 5549948.00
11/01/2017 17.02 16.91 17.20 17.03 1231 214462.53 3649553.00
12/01/2017 17.26 17.13 17.82 17.57 2823 421320.74 7390218.00
13/01/2017 17.53 17.53 17.85 17.67 2073 346716.14 6123895.00
16/01/2017 17.67 17.16 17.94 17.60 2856 434063.12 7653361.00
17/01/2017 17.70 17.56 17.90 17.78 2273 400460.22 7093446.00
18/01/2017 17.78 17.68 17.86 17.76 722 185894.93 3303431.00
19/01/2017 17.72 17.38 17.85 17.67 1478 382785.30 6744518.00
20/01/2017 17.70 17.54 17.82 17.73 1865 271906.02 4816759.00
23/01/2017 17.65 17.58 17.99 17.70 1789 298110.11 5277404.00
24/01/2017 17.73 17.59 17.80 17.69 1305 277146.84 4900384.00
26/01/2017 17.68 17.64 17.91 17.81 1696 372509.19 6624071.00
27/01/2017 17.82 17.68 17.83 17.83 802 139960.69 2487232.00
30/01/2017 17.83 17.63 17.93 17.84 1545 309105.55 5499597.00
31/01/2017 17.84 17.67 18.19 17.97 1770 266254.15 4776834.00
01/02/2017 17.99 17.99 18.18 18.08 1758 582450.23 10525850.00
02/02/2017 18.08 17.85 18.19 18.02 1522 254539.38 4579853.00
03/02/2017 18.05 17.92 18.44 18.36 2959 930502.26 16874808.00
06/02/2017 18.36 18.25 18.68 18.55 1673 410119.77 7568153.00
07/02/2017 18.68 18.31 18.68 18.44 1796 436426.63 8044454.00
08/02/2017 18.49 18.33 18.49 18.35 1278 249606.85 4591170.00
09/02/2017 18.39 18.13 18.40 18.29 2057 322875.55 5901396.00
10/02/2017 18.29 18.02 18.37 18.29 2782 498905.41 9074002.00
13/02/2017 18.40 18.40 18.65 18.64 2413 373639.56 6922816.00
14/02/2017 18.71 18.53 18.74 18.72 1590 253820.05 4734126.00
15/02/2017 18.72 18.63 19.08 19.00 2422 377133.44 7131596.00
16/02/2017 19.07 18.94 19.28 19.22 3279 502913.09 9656550.00
17/02/2017 19.29 19.22 19.38 19.31 2123 607934.99 11737573.00
20/02/2017 19.37 19.37 19.72 19.43 1988 457389.90 8926909.00
21/02/2017 19.54 18.99 19.67 19.67 1755 471057.13 9171921.00
22/02/2017 19.67 19.21 19.67 19.46 2659 666714.37 12914833.00
23/02/2017 19.47 19.38 19.79 19.46 2056 298315.63 5834848.00
24/02/2017 19.46 19.22 19.46 19.36 1417 480305.64 9302670.00
01/03/2017 19.48 19.33 19.65 19.37 1614 306331.00 5957438.00
02/03/2017 19.22 18.82 19.47 19.19 2680 372920.23 7187186.00
03/03/2017 19.33 18.95 19.38 19.19 2254 345585.76 6626151.00
06/03/2017 19.21 18.98 19.33 19.27 3025 717478.38 13720177.00
07/03/2017 19.28 19.10 19.28 19.17 2228 400460.22 7676271.00
08/03/2017 19.17 18.87 19.24 18.91 1241 201617.39 3819723.00
09/03/2017 18.91 18.63 18.98 18.86 1174 175207.77 3292662.00
10/03/2017 19.28 18.79 19.37 18.85 1979 622424.32 11839714.00
13/03/2017 18.94 18.78 19.23 18.98 2472 819931.26 15534858.00
14/03/2017 18.97 18.97 19.21 19.05 1859 733098.08 14001928.00
15/03/2017 19.08 19.01 19.18 19.06 1119 173358.07 3308142.00
16/03/2017 19.07 18.69 19.18 18.93 1918 433446.55 8200410.00
17/03/2017 18.90 18.83 19.07 19.07 1353 626226.48 11847369.00
20/03/2017 19.03 18.42 19.06 18.76 4390 741421.73 13941180.00
21/03/2017 18.72 18.27 18.98 18.79 3135 928138.75 17182953.00
22/03/2017 18.78 18.64 19.12 19.01 1409 318456.82 6028811.00
23/03/2017 18.95 18.82 19.36 18.93 1549 249606.85 4752966.00
24/03/2017 18.84 18.84 19.83 19.38 2796 799892.83 15334269.00
27/03/2017 19.35 19.15 19.35 19.16 1390 229773.94 4413775.00
28/03/2017 19.16 18.65 19.16 18.81 1963 403748.58 7606642.00
29/03/2017 18.82 18.82 19.55 19.46 2048 520382.49 10067967.00
30/03/2017 19.41 19.20 19.81 19.46 1553 266870.72 5184478.00
31/03/2017 19.47 19.47 20.01 19.93 2414 582347.47 11492533.00
03/04/2017 19.93 19.73 19.93 19.80 1291 1637499.01 32424863.00
04/04/2017 19.89 19.85 20.18 19.90 1606 310749.73 6202275.00
05/04/2017 20.05 19.28 20.06 19.46 8115 2693575.40 52538210.00
06/04/2017 19.46 18.91 19.46 19.45 6211 3956304.47 75998372.00
07/04/2017 19.46 19.19 19.95 19.75 4758 1842199.23 36102242.00
10/04/2017 19.75 19.46 19.75 19.56 3148 1292529.81 25241473.00
11/04/2017 19.56 19.32 19.75 19.60 2040 1208573.94 23660674.00
12/04/2017 19.70 19.27 19.74 19.38 2237 3881802.63 75457756.00
13/04/2017 19.41 19.10 19.43 19.27 4830 987123.66 19000578.00
17/04/2017 19.30 19.19 19.46 19.27 1824 743271.43 14335443.00
18/04/2017 19.23 19.19 19.59 19.56 2998 932351.96 18161875.00
19/04/2017 19.66 19.58 19.94 19.75 4868 1986373.13 39132151.00
20/04/2017 19.77 19.18 19.87 19.41 4401 1533915.76 29940430.00
24/04/2017 19.41 18.40 19.53 18.64 7839 2386319.54 44737371.00
25/04/2017 18.75 18.23 18.93 18.83 5571 1737691.13 32232382.00
26/04/2017 19.00 18.67 19.10 18.96 3228 876600.00 16518473.00
27/04/2017 18.96 18.74 19.13 18.85 2716 1118200.00 21093472.00
28/04/2017 18.93 18.67 19.08 18.85 4084 1967400.00 37186586.00
02/05/2017 18.92 18.83 19.32 18.90 4786 1081700.00 20546794.00
03/05/2017 19.00 18.50 19.04 18.85 3420 1030200.00 19183882.00
04/05/2017 18.97 18.37 18.97 18.65 3710 944500.00 17488680.00
05/05/2017 18.74 18.47 18.85 18.72 2093 351300.00 6577926.00
08/05/2017 18.82 18.66 18.88 18.85 1909 397800.00 7487531.00
09/05/2017 18.80 18.68 18.98 18.89 2276 3697800.00 69489928.00
10/05/2017 18.97 18.60 18.97 18.85 4861 1520000.00 28503144.00
11/05/2017 18.84 18.65 18.87 18.79 2459 603200.00 11311095.00
12/05/2017 18.91 18.71 19.04 18.88 1411 840800.00 15866266.00
15/05/2017 18.89 18.75 19.01 18.88 1697 925900.00 17420781.00
16/05/2017 19.00 18.81 19.00 18.88 3194 1173300.00 22167125.00
17/05/2017 18.88 18.40 18.88 18.63 1797 355500.00 6614932.00
18/05/2017 16.65 16.00 17.60 16.60 3186 1338400.00 22411541.00
19/05/2017 16.80 16.79 17.43 17.35 4593 1320900.00 22613461.00
22/05/2017 17.32 16.24 17.32 17.00 4586 1006600.00 16802482.00
23/05/2017 16.99 16.81 17.45 17.00 2678 1013900.00 17270884.00
24/05/2017 17.08 17.07 18.00 17.53 3893 938200.00 16473166.00
25/05/2017 17.47 17.00 17.75 17.45 3586 718200.00 12361639.00
26/05/2017 17.63 17.32 17.73 17.73 4428 1619800.00 28434474.00
29/05/2017 17.74 17.61 17.91 17.80 1734 680900.00 12120984.00
30/05/2017 17.71 17.55 18.12 18.10 3316 543900.00 9694542.00
31/05/2017 18.12 17.79 18.12 17.80 3682 1458100.00 26059617.00
01/06/2017 17.91 17.43 17.91 17.65 2056 612600.00 10869088.00
02/06/2017 17.55 17.30 17.77 17.65 4122 589500.00 10352643.00
05/06/2017 17.65 17.14 17.66 17.34 2931 555700.00 9627144.00
06/06/2017 17.42 17.18 17.78 17.78 1726 278600.00 4893760.00
07/06/2017 17.77 17.40 17.77 17.74 1276 267100.00 4690478.00
08/06/2017 17.68 17.35 17.77 17.69 1925 413600.00 7268575.00
09/06/2017 17.73 17.36 17.76 17.71 1515 343900.00 6071384.00
12/06/2017 17.66 17.58 17.85 17.70 2467 419500.00 7430822.00
13/06/2017 17.70 17.52 17.82 17.81 1650 287600.00 5084238.00
14/06/2017 17.79 17.45 17.85 17.55 2462 641400.00 11275067.00
16/06/2017 17.57 17.31 17.57 17.31 2974 1691000.00 29421456.00
