04/10/2016 5.20 5.20 5.20 5.20 3 20578.82 107000.00
07/10/2016 7.77 7.77 7.77 7.77 2 308.68 2400.00
10/10/2016 6.17 6.17 6.22 6.17 17 3498.40 21605.00
11/10/2016 5.85 5.83 6.17 6.16 9 1954.99 11499.00
13/10/2016 6.16 6.16 6.57 6.57 5 1028.94 6429.00
14/10/2016 6.57 6.55 6.57 6.55 3 1131.84 7428.00
17/10/2016 6.56 6.55 6.56 6.55 16 8746.00 57356.00
18/10/2016 6.55 6.55 6.61 6.59 25 8848.89 58394.00
19/10/2016 6.61 6.59 6.61 6.59 5 1028.94 6794.00
20/10/2016 6.59 6.59 6.59 6.59 1 102.89 678.00
21/10/2016 6.61 6.60 6.61 6.61 7 1954.99 12914.00
24/10/2016 6.22 6.22 6.59 6.59 5 617.36 3946.00
26/10/2016 6.22 6.04 6.82 6.82 18 4115.76 25835.00
27/10/2016 6.38 6.38 6.85 6.71 5 514.47 3405.00
28/10/2016 6.45 6.34 6.71 6.61 24 5350.49 34870.00
31/10/2016 6.61 6.51 6.79 6.61 18 6173.65 40842.00
01/11/2016 6.61 6.61 6.68 6.68 4 3498.40 23134.00
03/11/2016 6.71 6.71 6.71 6.71 4 823.15 5520.00
18/11/2016 4.87 4.87 6.32 6.32 13 2160.78 11849.00
22/11/2016 6.32 6.32 7.29 6.80 12 1749.20 11953.00
23/11/2016 6.80 6.80 6.80 6.80 3 308.68 2100.00
25/11/2016 6.82 6.82 6.82 6.82 1 102.89 702.00
30/11/2016 6.90 6.90 6.90 6.90 1 102.89 710.00
05/12/2016 6.90 6.51 6.97 6.97 7 2469.46 16949.00
14/12/2016 6.97 6.97 6.97 6.97 1 102.89 717.00
22/12/2016 7.09 7.09 7.09 7.09 1 102.89 730.00
27/12/2016 7.19 7.19 7.29 7.29 2 205.79 1490.00
29/12/2016 7.89 7.89 7.89 7.89 1 102.89 812.00
03/01/2017 7.68 7.68 7.68 7.68 1 6482.33 49770.00
05/01/2017 7.85 7.85 7.85 7.85 1 102.89 808.00
06/01/2017 7.77 7.77 7.77 7.77 1 102.89 800.00
09/01/2017 7.77 7.77 7.77 7.77 1 102.89 800.00
10/01/2017 7.58 7.58 7.58 7.58 1 102.89 780.00
18/01/2017 7.58 7.58 7.58 7.58 1 102.89 780.00
30/01/2017 7.78 7.78 7.81 7.81 2 308.68 2409.00
01/02/2017 7.73 7.73 7.73 7.73 1 102.89 795.00
02/02/2017 7.73 7.73 7.73 7.73 1 7202.59 55650.00
03/02/2017 7.73 7.73 7.73 7.73 1 7408.37 57240.00
07/02/2017 7.37 7.37 7.37 7.37 1 205.79 1516.00
09/02/2017 7.37 7.37 7.37 7.37 1 102.89 758.00
13/02/2017 7.09 7.09 7.09 7.09 1 514.47 3650.00
14/02/2017 6.86 6.84 6.86 6.84 7 1028.94 7047.00
16/02/2017 6.34 6.32 6.80 6.80 24 2572.35 16478.00
17/02/2017 6.78 6.29 6.78 6.50 51 16257.27 105164.00
20/02/2017 6.56 6.50 6.80 6.80 20 15022.54 99047.00
21/02/2017 6.51 6.50 6.75 6.71 13 3498.40 22856.00
22/02/2017 6.68 6.32 7.06 6.70 42 12655.97 82012.00
23/02/2017 6.51 6.32 6.56 6.55 41 7408.37 47919.00
24/02/2017 6.79 6.77 6.79 6.77 3 617.36 4188.00
01/03/2017 6.77 6.77 6.77 6.77 2 308.68 2091.00
02/03/2017 6.71 6.56 6.74 6.69 13 1852.09 12351.00
03/03/2017 6.78 6.78 6.79 6.78 5 926.05 6285.00
06/03/2017 6.52 6.32 6.70 6.32 27 4836.02 31559.00
07/03/2017 6.41 6.40 6.70 6.70 9 1954.99 13017.00
08/03/2017 6.51 6.41 6.66 6.65 10 1131.84 7399.00
10/03/2017 6.51 6.32 6.90 6.69 28 6893.90 44773.00
13/03/2017 6.39 6.39 6.71 6.66 12 2572.35 16821.00
14/03/2017 6.66 6.66 6.66 6.66 2 411.58 2740.00
15/03/2017 6.66 6.66 6.66 6.66 1 308.68 2055.00
16/03/2017 6.51 6.51 6.75 6.64 8 1131.84 7476.00
17/03/2017 6.64 6.64 6.64 6.64 1 102.89 683.00
20/03/2017 6.32 6.32 6.65 6.65 4 514.47 3344.00
21/03/2017 6.61 6.61 6.61 6.61 1 102.89 680.00
22/03/2017 6.32 6.32 6.63 6.63 9 926.05 6057.00
24/03/2017 6.75 6.41 7.00 6.79 11 1131.84 7615.00
28/03/2017 6.79 6.32 6.79 6.79 13 1852.09 12370.00
30/03/2017 6.79 6.79 6.79 6.79 3 308.68 2097.00
31/03/2017 6.80 6.80 6.90 6.90 2 1646.31 11210.00
03/04/2017 6.89 6.61 6.90 6.89 16 4836.02 32530.00
04/04/2017 6.95 6.95 6.95 6.95 2 3086.82 21450.00
05/04/2017 6.90 6.32 6.90 6.33 9 2263.67 14589.00
06/04/2017 6.41 6.37 6.80 6.42 18 2160.78 14025.00
07/04/2017 6.61 6.42 6.61 6.42 2 205.79 1341.00
10/04/2017 6.71 6.71 6.71 6.71 1 102.89 690.00
12/04/2017 6.71 6.71 6.71 6.71 1 102.89 690.00
17/04/2017 6.69 6.69 6.69 6.69 1 102.89 688.00
18/04/2017 6.63 6.34 6.75 6.66 53 9569.15 63210.00
19/04/2017 6.71 6.41 6.90 6.87 20 11524.14 78330.00
20/04/2017 6.89 6.89 6.90 6.90 3 617.36 4255.00
24/04/2017 6.51 6.51 6.80 6.77 13 9774.94 65789.00
25/04/2017 6.51 6.21 6.51 6.21 25 7099.69 45097.00
26/04/2017 6.36 6.35 6.40 6.35 8 4000.00 25561.00
27/04/2017 6.37 6.36 6.49 6.44 7 1600.00 10244.00
28/04/2017 6.45 6.45 6.50 6.50 3 800.00 5195.00
02/05/2017 6.49 6.35 6.49 6.35 5 1000.00 6406.00
03/05/2017 6.35 6.35 6.49 6.49 2 500.00 3189.00
05/05/2017 6.20 6.20 6.54 6.32 6 800.00 5048.00
08/05/2017 6.33 6.32 6.40 6.40 6 2400.00 15211.00
09/05/2017 6.35 6.33 6.58 6.55 15 2600.00 16676.00
10/05/2017 6.53 6.53 6.53 6.53 1 100.00 653.00
11/05/2017 6.30 6.30 6.54 6.53 4 400.00 2587.00
12/05/2017 6.53 6.53 6.53 6.53 1 200.00 1306.00
15/05/2017 6.60 6.56 6.60 6.56 3 300.00 1972.00
19/05/2017 6.56 6.56 6.56 6.56 1 100.00 656.00
22/05/2017 6.50 6.50 6.50 6.50 1 500.00 3250.00
23/05/2017 5.68 5.68 6.49 6.49 5 1100.00 6765.00
24/05/2017 6.10 6.10 6.49 6.49 3 400.00 2518.00
25/05/2017 6.12 6.01 6.47 6.47 14 1700.00 10626.00
26/05/2017 6.51 6.25 6.59 6.59 28 3000.00 19362.00
29/05/2017 6.69 6.50 6.69 6.55 45 7600.00 49703.00
30/05/2017 6.50 6.50 6.82 6.82 32 5600.00 37062.00
31/05/2017 6.82 6.37 6.82 6.62 61 12500.00 81509.00
01/06/2017 6.61 6.40 6.62 6.54 21 3500.00 22765.00
02/06/2017 6.54 6.54 6.55 6.55 4 6200.00 40558.00
05/06/2017 6.40 6.30 6.60 6.60 4 700.00 4480.00
06/06/2017 6.62 6.61 6.63 6.61 10 1000.00 6619.00
07/06/2017 6.61 6.61 6.61 6.61 1 100.00 661.00
08/06/2017 6.60 6.33 6.63 6.33 15 4900.00 31258.00
09/06/2017 6.37 6.33 6.57 6.35 21 6000.00 38056.00
12/06/2017 6.35 6.15 6.35 6.15 3 900.00 5555.00
13/06/2017 6.34 6.17 6.40 6.21 34 3800.00 24036.00
14/06/2017 6.21 6.21 6.21 6.21 5 1300.00 8073.00
16/06/2017 6.21 6.13 6.21 6.20 7 3100.00 19124.00
