20/06/2016 7.60 7.35 7.60 7.35 78 10500.00 77968.00
21/06/2016 7.48 7.36 7.59 7.59 24 5000.00 37416.00
22/06/2016 7.48 7.44 7.49 7.44 8 2200.00 16394.00
23/06/2016 7.60 7.45 7.70 7.60 71 226500.00 1720251.00
24/06/2016 7.49 7.34 7.49 7.34 32 13900.00 102306.00
27/06/2016 7.32 7.03 7.32 7.10 39 8200.00 59260.00
28/06/2016 7.15 7.04 7.20 7.15 77 19900.00 141980.00
29/06/2016 7.14 7.04 7.31 7.19 63 10700.00 76928.00
30/06/2016 7.23 7.15 7.25 7.19 69 12400.00 89442.00
01/07/2016 7.20 7.20 7.25 7.25 18 15400.00 111534.00
04/07/2016 7.26 7.24 7.35 7.24 77 39500.00 289881.00
05/07/2016 7.20 7.08 7.25 7.25 55 16000.00 115456.00
06/07/2016 7.23 7.20 7.30 7.30 70 20500.00 149305.00
07/07/2016 7.30 7.30 7.85 7.36 116 39100.00 294695.00
08/07/2016 7.38 7.37 7.79 7.77 77 18300.00 139942.00
11/07/2016 7.77 7.77 8.05 8.05 62 25400.00 202893.00
12/07/2016 8.05 7.92 8.23 8.00 602 247400.00 2007256.00
13/07/2016 8.00 7.94 8.08 7.99 624 176400.00 1411383.00
14/07/2016 8.00 7.83 8.08 7.93 312 85300.00 681097.00
15/07/2016 8.00 7.80 8.00 7.95 124 21400.00 170638.00
18/07/2016 8.06 8.00 8.09 8.04 131 39200.00 315350.00
19/07/2016 8.04 8.00 8.10 8.08 224 38100.00 307603.00
20/07/2016 8.00 7.84 8.15 7.90 177 58300.00 467128.00
21/07/2016 7.89 7.76 8.05 8.05 187 1802800.00 14420120.00
22/07/2016 8.07 7.95 8.47 8.20 233 84800.00 698012.00
25/07/2016 8.26 8.08 8.30 8.08 101 42700.00 349820.00
26/07/2016 8.15 8.05 8.18 8.05 1700 648300.00 5251049.00
27/07/2016 8.07 8.06 8.22 8.20 55 12800.00 103838.00
28/07/2016 8.21 8.08 8.25 8.19 58 12000.00 98316.00
29/07/2016 8.18 8.17 8.35 8.30 73 11200.00 92814.00
01/08/2016 8.41 8.24 8.45 8.24 79 46800.00 390339.00
02/08/2016 8.24 7.82 8.24 7.85 214 44100.00 350638.00
03/08/2016 7.83 7.55 8.45 8.34 307 62400.00 498074.00
04/08/2016 8.22 8.22 8.72 8.72 91 27800.00 236616.00
05/08/2016 8.72 8.46 10.00 9.95 398 173900.00 1694173.00
08/08/2016 9.87 9.71 10.00 9.84 557 95700.00 945916.00
09/08/2016 9.70 9.61 9.88 9.75 455 59500.00 581362.00
10/08/2016 9.65 9.50 9.68 9.61 102 17600.00 169083.00
11/08/2016 9.58 9.54 9.63 9.63 47 12400.00 119222.00
12/08/2016 9.60 9.48 9.62 9.56 241 63200.00 604012.00
15/08/2016 9.59 9.41 9.60 9.47 53 12400.00 118276.00
16/08/2016 9.40 9.24 9.48 9.36 72 13000.00 122262.00
17/08/2016 9.40 9.01 9.40 9.27 250 34700.00 319995.00
18/08/2016 9.35 9.00 9.44 9.00 71 362100.00 3382662.00
19/08/2016 9.00 8.86 9.50 9.49 51 50100.00 455169.00
22/08/2016 9.67 9.06 9.67 9.06 55 15200.00 141374.00
23/08/2016 9.08 9.06 9.27 9.08 45 6400.00 58581.00
24/08/2016 9.10 9.08 9.10 9.10 12 2700.00 24561.00
25/08/2016 8.92 8.90 9.10 9.10 55 9800.00 88409.00
26/08/2016 9.19 9.02 9.20 9.10 20 7600.00 69519.00
29/08/2016 9.05 9.05 9.16 9.15 9 66400.00 607523.00
30/08/2016 9.15 9.12 9.16 9.16 7 4700.00 42997.00
31/08/2016 9.22 8.60 9.22 8.75 584 90800.00 802849.00
01/09/2016 8.61 8.61 9.04 9.00 49 26200.00 234438.00
02/09/2016 9.05 8.98 9.05 9.05 48 27400.00 247866.00
05/09/2016 9.10 9.00 9.10 9.00 15 3400.00 30756.00
06/09/2016 9.00 8.95 9.00 9.00 23 8900.00 80032.00
08/09/2016 9.02 8.93 9.07 9.07 29 15300.00 138197.00
09/09/2016 9.07 8.35 9.07 8.35 75 99800.00 843892.00
12/09/2016 8.51 8.06 8.51 8.26 160 51800.00 426067.00
13/09/2016 8.26 7.45 8.37 7.75 352 74500.00 591493.00
14/09/2016 7.84 7.53 7.84 7.70 55 27600.00 210845.00
15/09/2016 7.77 7.65 7.77 7.70 31 12000.00 92309.00
16/09/2016 7.66 7.52 8.20 8.20 68 24300.00 194393.00
19/09/2016 8.20 8.07 8.23 8.18 91 18100.00 147312.00
20/09/2016 8.08 7.95 8.08 8.00 45 12700.00 101815.00
21/09/2016 7.94 7.84 7.99 7.99 20 3700.00 29382.00
22/09/2016 7.99 7.43 8.08 7.78 326 99500.00 774083.00
23/09/2016 7.78 7.54 7.78 7.60 77 23800.00 181864.00
26/09/2016 7.68 7.14 7.70 7.14 97 28900.00 212301.00
27/09/2016 7.20 7.00 7.35 7.28 85 22500.00 162244.00
28/09/2016 7.29 7.23 7.45 7.28 62 11100.00 81447.00
29/09/2016 7.31 7.30 7.44 7.39 91 25700.00 189172.00
30/09/2016 7.40 7.32 7.55 7.53 199 61400.00 460705.00
03/10/2016 7.55 7.49 7.72 7.71 41 7500.00 57170.00
04/10/2016 7.55 7.55 7.72 7.65 64 15300.00 117586.00
05/10/2016 7.65 7.41 7.69 7.47 87 48200.00 366454.00
06/10/2016 7.49 7.37 7.49 7.47 22 5900.00 43915.00
07/10/2016 7.50 7.30 7.50 7.30 155 5030800.00 37228103.00
10/10/2016 7.31 7.15 7.43 7.36 155 77300.00 566414.00
11/10/2016 7.32 7.15 7.38 7.15 126 44600.00 325782.00
13/10/2016 7.17 7.15 7.23 7.15 23 8400.00 60196.00
14/10/2016 7.19 7.16 7.63 7.43 302 73900.00 544720.00
17/10/2016 7.47 7.39 7.49 7.40 108 47500.00 352624.00
18/10/2016 7.41 7.33 7.46 7.33 61 14700.00 108745.00
19/10/2016 7.44 7.06 7.45 7.06 49 15600.00 113116.00
20/10/2016 7.13 7.06 7.39 7.39 295 57000.00 413566.00
21/10/2016 7.31 7.26 7.40 7.40 64 59400.00 438183.00
24/10/2016 7.39 7.25 7.39 7.25 172 23000.00 168463.00
25/10/2016 7.26 7.20 7.35 7.35 74 13300.00 96588.00
26/10/2016 7.31 7.08 7.32 7.27 69 18400.00 132094.00
27/10/2016 7.20 7.20 7.37 7.37 198 49200.00 359165.00
28/10/2016 7.23 7.23 7.67 7.50 183 97200.00 727689.00
31/10/2016 7.51 7.51 7.95 7.75 202 110800.00 857087.00
01/11/2016 7.92 7.45 8.14 7.60 226 128700.00 1006324.00
03/11/2016 7.64 6.85 7.64 6.85 388 155600.00 1093140.00
04/11/2016 6.88 6.67 6.89 6.70 166 36400.00 245871.00
07/11/2016 7.10 6.84 7.17 7.00 79 628100.00 4367216.00
08/11/2016 7.00 6.65 7.17 6.65 147 38900.00 267560.00
09/11/2016 6.55 6.30 6.80 6.41 131 50100.00 325507.00
10/11/2016 6.54 6.00 6.73 6.49 542 96200.00 617253.00
11/11/2016 6.50 6.09 6.55 6.45 358 57600.00 368833.00
14/11/2016 6.46 6.31 6.66 6.49 100 15100.00 97582.00
16/11/2016 6.49 6.35 6.65 6.38 79 21800.00 139935.00
17/11/2016 6.55 6.45 6.77 6.49 149 45200.00 297439.00
18/11/2016 6.68 6.34 7.01 6.36 504 88200.00 582218.00
21/11/2016 6.48 6.48 6.70 6.60 231 46000.00 303698.00
22/11/2016 6.60 6.52 6.93 6.64 485 493800.00 3304999.00
23/11/2016 6.60 6.36 6.69 6.55 285 79700.00 523599.00
24/11/2016 6.55 6.39 6.72 6.39 215 39200.00 257034.00
25/11/2016 6.39 6.39 6.60 6.44 290 51800.00 334397.00
28/11/2016 6.46 6.35 6.56 6.36 45 12700.00 81242.00
29/11/2016 6.40 6.20 6.40 6.37 65 29900.00 188967.00
30/11/2016 6.45 6.20 6.46 6.20 93 98100.00 612870.00
01/12/2016 6.17 6.02 6.51 6.15 94 54200.00 337748.00
02/12/2016 6.28 6.10 6.50 6.22 131 43100.00 268406.00
05/12/2016 6.26 5.92 6.26 6.04 112 157600.00 964279.00
06/12/2016 6.03 5.96 6.17 6.16 100 161800.00 977814.00
07/12/2016 6.16 5.75 6.18 6.18 116 60600.00 367204.00
08/12/2016 6.14 6.01 6.32 6.25 106 61700.00 381971.00
09/12/2016 6.26 6.17 6.30 6.30 30 14700.00 91871.00
12/12/2016 6.29 6.21 6.30 6.27 60 579300.00 3632376.00
13/12/2016 6.27 6.26 6.66 6.47 114 443100.00 2789456.00
14/12/2016 6.45 6.37 6.63 6.63 14 15700.00 103619.00
15/12/2016 6.57 6.34 6.60 6.44 56 15800.00 101728.00
16/12/2016 6.48 6.15 6.48 6.17 157 32700.00 204722.00
19/12/2016 6.17 5.76 6.29 5.76 185 969100.00 5791985.00
20/12/2016 5.81 5.81 5.92 5.90 35 25200.00 148633.00
21/12/2016 5.97 5.90 6.06 6.00 34 18700.00 111855.00
22/12/2016 5.90 5.68 6.06 5.84 237 55300.00 321945.00
23/12/2016 5.85 5.85 6.00 5.95 19 24400.00 145240.00
26/12/2016 5.86 5.86 6.16 6.00 30 21700.00 130690.00
27/12/2016 6.09 5.82 6.16 5.85 43 57700.00 342531.00
28/12/2016 6.02 5.85 6.02 5.85 31 14000.00 83273.00
29/12/2016 6.13 5.90 6.14 5.96 227 415200.00 2477578.00
02/01/2017 5.96 5.90 6.38 6.38 39 35300.00 218738.00
03/01/2017 6.30 6.24 6.44 6.44 106 50700.00 322559.00
04/01/2017 6.46 6.24 6.46 6.27 82 29500.00 185844.00
05/01/2017 6.40 6.32 6.60 6.32 63 38700.00 247031.00
06/01/2017 6.40 6.29 6.43 6.29 33 7600.00 47923.00
09/01/2017 6.30 6.24 6.42 6.42 39 76700.00 484977.00
10/01/2017 6.32 6.21 6.50 6.49 89 28400.00 181357.00
11/01/2017 6.40 6.15 6.40 6.30 103 50600.00 316909.00
12/01/2017 6.81 6.60 7.14 6.75 871 373700.00 2527953.00
13/01/2017 6.81 6.63 6.90 6.74 323 161500.00 1090154.00
16/01/2017 6.74 6.68 7.05 6.68 204 65200.00 441349.00
17/01/2017 6.70 6.51 6.70 6.55 180 77500.00 511066.00
18/01/2017 6.54 6.31 6.80 6.51 236 114400.00 747046.00
19/01/2017 6.65 6.48 6.65 6.49 515 87700.00 572455.00
20/01/2017 6.55 6.34 6.70 6.59 186 111700.00 730019.00
23/01/2017 6.52 6.45 6.63 6.51 124 44000.00 286918.00
24/01/2017 6.59 6.50 6.68 6.51 455 137400.00 898900.00
26/01/2017 6.62 6.53 6.68 6.60 1123 291300.00 1925211.00
27/01/2017 6.59 6.42 6.59 6.51 624 120100.00 781055.00
30/01/2017 6.50 6.34 6.50 6.34 283 62000.00 397514.00
31/01/2017 6.41 6.21 6.43 6.34 149 62200.00 393440.00
01/02/2017 6.34 6.25 6.37 6.27 176 64000.00 402878.00
02/02/2017 6.39 6.21 6.41 6.29 143 67900.00 428001.00
03/02/2017 6.33 6.26 6.35 6.27 87 24100.00 151795.00
06/02/2017 6.25 6.09 6.30 6.12 248 111600.00 688337.00
07/02/2017 6.16 5.95 6.21 6.01 354 154300.00 929978.00
08/02/2017 6.06 5.85 6.06 5.94 932 180200.00 1066175.00
09/02/2017 6.01 5.94 6.04 5.98 265 73300.00 439704.00
10/02/2017 6.01 5.94 6.09 5.98 375 196100.00 1176802.00
13/02/2017 6.10 6.03 6.33 6.20 793 482400.00 2960504.00
14/02/2017 6.23 6.15 6.45 6.45 432 3286800.00 20502174.00
15/02/2017 6.51 6.51 6.98 6.93 1007 523200.00 3571482.00
16/02/2017 6.86 6.77 7.14 6.90 785 1887400.00 13373659.00
17/02/2017 6.95 6.80 7.01 6.91 281 84000.00 578119.00
20/02/2017 6.94 6.91 7.10 6.95 359 154700.00 1079516.00
21/02/2017 7.00 6.87 7.00 6.94 221 120000.00 832112.00
22/02/2017 6.94 6.89 7.47 7.42 1435 584000.00 4196355.00
23/02/2017 7.57 7.05 7.77 7.36 1296 568300.00 4257773.00
24/02/2017 7.02 6.89 7.24 6.91 949 345800.00 2417619.00
01/03/2017 6.90 6.89 7.07 7.00 299 60900.00 425204.00
02/03/2017 7.08 6.89 7.33 7.24 518 1032400.00 7486503.00
03/03/2017 7.31 7.24 7.49 7.40 456 133200.00 978978.00
06/03/2017 7.46 7.31 7.47 7.42 332 89100.00 658735.00
07/03/2017 7.42 7.20 7.45 7.34 356 95800.00 700005.00
08/03/2017 7.21 6.90 7.29 7.14 666 145700.00 1041071.00
09/03/2017 7.14 6.70 7.14 6.81 686 171600.00 1175846.00
10/03/2017 6.82 6.80 7.09 6.96 615 124900.00 867563.00
13/03/2017 7.18 6.79 7.20 6.90 682 120200.00 836685.00
14/03/2017 6.87 6.76 6.89 6.80 116 49500.00 337197.00
15/03/2017 6.76 6.60 6.95 6.88 170 74300.00 504457.00
16/03/2017 6.83 6.70 6.97 6.75 708 102600.00 696018.00
17/03/2017 6.89 6.76 6.93 6.93 363 173700.00 1193362.00
20/03/2017 6.96 6.87 6.99 6.99 183 45600.00 315955.00
21/03/2017 6.92 6.83 6.95 6.90 304 54800.00 377223.00
22/03/2017 6.84 6.76 7.05 7.05 443 477000.00 3333301.00
23/03/2017 7.00 6.99 7.30 7.18 502 231600.00 1655330.00
24/03/2017 7.20 7.08 7.28 7.20 446 273900.00 1954680.00
27/03/2017 7.24 7.24 7.40 7.37 410 208500.00 1533237.00
28/03/2017 7.42 7.40 7.63 7.54 439 187700.00 1415810.00
29/03/2017 7.56 7.41 7.60 7.48 454 219800.00 1647062.00
30/03/2017 7.52 7.32 7.60 7.46 560 667200.00 5052344.00
31/03/2017 7.38 7.29 7.48 7.48 395 173100.00 1279041.00
03/04/2017 7.55 7.40 7.83 7.82 491 741200.00 5664666.00
04/04/2017 7.85 7.85 8.03 7.97 231 797600.00 6378409.00
05/04/2017 8.01 7.99 8.15 8.00 215 121900.00 978513.00
06/04/2017 8.04 7.71 8.15 7.77 417 112400.00 888475.00
07/04/2017 7.71 7.70 8.09 7.75 416 71600.00 564648.00
10/04/2017 7.75 7.52 7.97 7.95 356 65200.00 510967.00
11/04/2017 8.01 8.00 8.14 8.10 232 74200.00 598824.00
12/04/2017 8.10 8.05 8.40 8.31 278 98000.00 802844.00
13/04/2017 8.32 8.00 8.32 8.25 213 102100.00 833284.00
17/04/2017 8.25 8.25 8.43 8.38 178 194600.00 1625838.00
18/04/2017 8.38 8.16 8.54 8.26 243 278800.00 2357699.00
19/04/2017 8.25 8.09 8.30 8.13 76 33700.00 274579.00
20/04/2017 8.16 7.77 8.26 8.11 390 92500.00 741638.00
24/04/2017 8.15 8.00 8.21 8.16 214 82200.00 669448.00
25/04/2017 8.23 8.11 8.25 8.22 142 27400.00 224591.00
26/04/2017 8.24 8.23 8.45 8.24 375 170700.00 1418520.00
27/04/2017 8.33 8.03 8.37 8.21 126 54200.00 443921.00
28/04/2017 8.23 8.23 8.40 8.35 216 555300.00 4610402.00
02/05/2017 8.42 8.26 8.59 8.39 595 581500.00 4912749.00
03/05/2017 8.40 8.15 8.42 8.15 219 80900.00 664884.00
04/05/2017 8.16 7.54 8.17 7.77 688 791900.00 6137955.00
05/05/2017 7.77 7.40 7.77 7.54 684 2095400.00 15854699.00
08/05/2017 7.54 7.35 7.99 7.88 473 403700.00 3087087.00
09/05/2017 8.05 8.00 8.20 8.07 322 320600.00 2584675.00
10/05/2017 8.20 7.90 8.20 8.13 628 1483700.00 11956023.00
11/05/2017 8.13 8.02 8.24 8.23 361 704600.00 5686338.00
12/05/2017 8.35 7.92 8.41 8.00 949 3106800.00 25167350.00
15/05/2017 8.01 7.77 8.10 8.00 586 483900.00 3869481.00
16/05/2017 7.98 7.90 8.07 7.96 522 448500.00 3589608.00
17/05/2017 7.95 7.81 8.00 7.95 403 105500.00 835494.00
18/05/2017 6.89 6.45 6.98 6.65 823 484400.00 3263787.00
19/05/2017 6.78 6.67 6.95 6.68 662 247600.00 1683683.00
22/05/2017 6.70 6.31 6.79 6.47 604 892200.00 5820263.00
23/05/2017 6.50 6.44 6.71 6.52 781 211900.00 1383313.00
24/05/2017 6.55 6.55 6.78 6.64 809 212000.00 1416750.00
25/05/2017 6.70 6.66 6.84 6.80 788 236300.00 1603405.00
26/05/2017 6.80 6.59 6.99 6.65 888 218900.00 1469056.00
29/05/2017 6.67 6.60 6.75 6.70 219 39600.00 264383.00
30/05/2017 6.70 6.43 6.70 6.70 447 168200.00 1110896.00
31/05/2017 6.69 6.44 6.78 6.53 737 201100.00 1313591.00
01/06/2017 6.54 6.35 6.67 6.46 1107 274500.00 1779109.00
02/06/2017 6.50 6.36 6.60 6.55 545 93200.00 603267.00
05/06/2017 6.47 6.37 6.56 6.56 518 83500.00 541076.00
06/06/2017 6.60 6.39 6.61 6.39 556 159300.00 1035972.00
07/06/2017 6.49 6.43 6.60 6.52 325 71100.00 463157.00
08/06/2017 6.52 6.41 6.62 6.58 169 31700.00 206412.00
09/06/2017 6.57 6.46 6.57 6.50 1018 273600.00 1778959.00
12/06/2017 6.53 6.39 6.57 6.42 201 61900.00 399098.00
13/06/2017 6.49 6.36 6.49 6.43 317 73100.00 468130.00
14/06/2017 6.45 6.25 6.49 6.30 344 93800.00 594901.00
16/06/2017 6.33 5.95 6.33 5.95 863 334400.00 2024884.00
