20/06/2016 1219.70 1219.70 1219.70 1219.70 1 100.00 121970.00
21/06/2016 1207.00 1207.00 1207.00 1207.00 1 300.00 362100.00
22/06/2016 1207.00 1207.00 1207.00 1207.00 1 100.00 120700.00
23/06/2016 1201.30 1201.30 1201.30 1201.30 1 100.00 120130.00
28/06/2016 1163.95 1163.95 1167.06 1167.06 3 300.00 349496.00
01/07/2016 1160.05 1160.05 1160.05 1160.05 1 200.00 232010.00
05/07/2016 1187.26 1187.26 1187.26 1187.26 1 100.00 118726.00
06/07/2016 1221.26 1221.26 1221.26 1221.26 1 100.00 122126.00
07/07/2016 1230.00 1226.65 1230.00 1226.65 2 200.00 245665.00
08/07/2016 1222.17 1222.17 1222.17 1222.17 1 100.00 122217.00
11/07/2016 1242.82 1242.82 1242.82 1242.82 1 100.00 124282.00
12/07/2016 1222.90 1222.90 1222.90 1222.90 1 100.00 122290.00
13/07/2016 1224.46 1224.46 1224.46 1224.46 1 100.00 122446.00
19/07/2016 1203.11 1203.11 1203.11 1203.11 1 100.00 120311.00
21/07/2016 1220.12 1220.12 1220.12 1220.12 1 1000.00 1220120.00
22/07/2016 1219.85 1219.85 1219.85 1219.85 1 200.00 243970.00
25/07/2016 1218.50 1210.47 1218.50 1213.90 3 1600.00 1947074.00
28/07/2016 1227.37 1227.37 1234.46 1234.46 3 500.00 616518.00
01/08/2016 1253.18 1251.30 1253.18 1251.30 2 200.00 250448.00
04/08/2016 1216.22 1216.22 1216.22 1216.22 1 100.00 121622.00
05/08/2016 1219.26 1211.23 1219.26 1211.23 2 300.00 364975.00
09/08/2016 1204.95 1204.95 1204.95 1204.95 1 100.00 120495.00
12/08/2016 1227.56 1227.56 1227.56 1227.56 1 200.00 245512.00
16/08/2016 1217.25 1217.25 1217.25 1217.25 1 100.00 121725.00
17/08/2016 1220.10 1220.10 1220.10 1220.10 1 200.00 244020.00
18/08/2016 1233.00 1233.00 1233.00 1233.00 1 100.00 123300.00
19/08/2016 1222.00 1222.00 1222.00 1222.00 1 200.00 244400.00
22/08/2016 1215.34 1215.34 1215.34 1215.34 1 100.00 121534.00
23/08/2016 1223.16 1223.16 1223.16 1223.16 1 100.00 122316.00
24/08/2016 1221.09 1218.90 1221.09 1218.90 2 900.00 1098543.00
25/08/2016 1222.00 1222.00 1222.00 1222.00 1 100.00 122200.00
26/08/2016 1236.77 1236.77 1246.60 1246.60 2 200.00 248337.00
29/08/2016 1251.80 1247.88 1253.15 1247.88 3 600.00 751093.00
30/08/2016 1248.70 1248.70 1248.70 1248.70 1 100.00 124870.00
31/08/2016 1243.10 1243.10 1243.10 1243.10 2 200.00 248620.00
06/09/2016 1257.26 1249.39 1257.26 1249.39 2 300.00 375604.00
08/09/2016 1247.41 1247.41 1247.41 1247.41 1 100.00 124741.00
12/09/2016 1249.50 1249.50 1249.50 1249.50 1 100.00 124950.00
13/09/2016 1264.95 1264.95 1264.95 1264.95 1 100.00 126495.00
15/09/2016 1270.35 1270.35 1270.35 1270.35 1 100.00 127035.00
21/09/2016 1264.50 1262.10 1264.50 1262.10 2 600.00 757500.00
22/09/2016 1296.00 1285.80 1296.00 1285.80 3 300.00 386866.00
23/09/2016 1302.45 1302.45 1310.30 1310.30 2 200.00 261275.00
26/09/2016 1286.80 1286.80 1295.00 1295.00 2 200.00 258180.00
27/09/2016 1316.83 1316.83 1316.83 1316.83 1 100.00 131683.00
28/09/2016 1311.56 1311.56 1311.56 1311.56 1 200.00 262312.00
03/10/2016 1347.85 1347.85 1347.85 1347.85 1 100.00 134785.00
04/10/2016 1352.31 1352.31 1352.31 1352.31 1 200.00 270462.00
05/10/2016 1356.70 1356.70 1356.70 1356.70 1 100.00 135670.00
06/10/2016 1353.09 1353.09 1353.09 1353.09 1 100.00 135309.00
10/10/2016 1355.05 1349.97 1355.05 1349.97 2 200.00 270502.00
14/10/2016 1319.20 1319.20 1319.20 1319.20 1 100.00 131920.00
17/10/2016 1307.03 1307.03 1307.03 1307.03 1 100.00 130703.00
20/10/2016 1277.57 1277.57 1277.57 1277.57 1 100.00 127757.00
24/10/2016 1297.40 1297.40 1297.40 1297.40 1 100.00 129740.00
28/10/2016 1244.05 1244.05 1248.55 1248.55 3 1000.00 1244950.00
03/11/2016 1250.68 1243.50 1250.68 1243.50 2 300.00 374486.00
07/11/2016 1254.75 1254.75 1262.74 1262.74 2 200.00 251749.00
08/11/2016 1251.30 1251.30 1251.30 1251.30 1 100.00 125130.00
09/11/2016 1232.20 1232.20 1238.80 1238.80 2 400.00 493540.00
10/11/2016 1243.05 1242.69 1258.00 1258.00 4 600.00 750454.00
14/11/2016 1240.95 1240.95 1240.95 1240.95 2 200.00 248190.00
16/11/2016 1268.25 1268.25 1268.25 1268.25 1 300.00 380475.00
17/11/2016 1277.27 1277.27 1286.12 1286.12 2 400.00 511793.00
18/11/2016 1296.17 1288.20 1296.17 1288.20 2 200.00 258437.00
21/11/2016 1296.99 1296.99 1296.99 1296.99 1 100.00 129699.00
22/11/2016 1320.70 1320.70 1320.70 1320.70 1 100.00 132070.00
28/11/2016 1307.96 1303.88 1307.96 1303.88 2 200.00 261184.00
30/11/2016 1281.20 1281.20 1281.20 1281.20 1 100.00 128120.00
01/12/2016 1285.99 1285.99 1288.55 1288.55 2 200.00 257454.00
02/12/2016 1278.32 1278.32 1278.32 1278.32 1 100.00 127832.00
05/12/2016 1298.86 1298.86 1298.86 1298.86 1 500.00 649430.00
09/12/2016 1294.51 1294.51 1294.51 1294.51 1 100.00 129451.00
12/12/2016 1272.40 1270.37 1275.50 1275.50 3 700.00 892027.00
13/12/2016 1291.78 1291.78 1301.00 1301.00 2 200.00 259278.00
19/12/2016 1301.01 1290.86 1301.01 1290.86 2 200.00 259187.00
21/12/2016 1282.25 1282.25 1282.25 1282.25 1 100.00 128225.00
22/12/2016 1264.75 1264.75 1264.75 1264.75 1 100.00 126475.00
27/12/2016 1253.00 1253.00 1266.46 1266.46 2 300.00 378592.00
28/12/2016 1265.97 1265.97 1265.97 1265.97 1 100.00 126597.00
29/12/2016 1242.55 1242.55 1242.55 1242.55 1 200.00 248510.00
03/01/2017 1218.78 1218.78 1218.78 1218.78 1 400.00 487512.00
04/01/2017 1221.50 1216.99 1221.50 1216.99 2 300.00 365548.00
05/01/2017 1245.95 1238.64 1245.95 1238.64 2 400.00 496918.00
09/01/2017 1270.79 1270.79 1270.79 1270.79 1 300.00 381237.00
12/01/2017 1278.40 1278.40 1278.40 1278.40 1 200.00 255680.00
17/01/2017 1304.78 1304.78 1304.78 1304.78 4 400.00 521912.00
19/01/2017 1300.63 1300.63 1301.00 1301.00 4 400.00 520363.00
23/01/2017 1284.89 1284.89 1284.89 1284.89 1 100.00 128489.00
26/01/2017 1334.30 1334.30 1337.58 1337.58 2 300.00 400618.00
27/01/2017 1319.82 1319.82 1319.82 1319.82 1 300.00 395946.00
31/01/2017 1297.11 1294.96 1297.11 1294.96 2 200.00 259207.00
01/02/2017 1306.20 1306.20 1306.20 1306.20 1 200.00 261240.00
02/02/2017 1306.03 1306.03 1306.03 1306.03 1 200.00 261206.00
03/02/2017 1268.30 1268.30 1269.26 1269.26 2 700.00 888290.00
07/02/2017 1266.00 1260.50 1266.00 1260.50 2 300.00 378700.00
08/02/2017 1281.00 1281.00 1281.00 1281.00 1 100.00 128100.00
09/02/2017 1284.92 1284.92 1284.92 1284.92 1 100.00 128492.00
13/02/2017 1301.38 1301.38 1301.38 1301.38 1 100.00 130138.00
14/02/2017 1300.00 1294.06 1300.00 1294.06 3 500.00 648812.00
15/02/2017 1294.59 1294.59 1294.59 1294.59 1 100.00 129459.00
16/02/2017 1293.13 1293.13 1293.13 1293.13 1 100.00 129313.00
17/02/2017 1307.51 1307.51 1307.51 1307.51 1 100.00 130751.00
21/02/2017 1322.70 1322.70 1325.03 1325.03 2 200.00 264773.00
23/02/2017 1311.60 1301.32 1311.60 1301.32 2 200.00 261292.00
24/02/2017 1314.41 1314.41 1314.41 1314.41 1 100.00 131441.00
01/03/2017 1323.97 1323.97 1323.97 1323.97 1 100.00 132397.00
03/03/2017 1318.72 1318.72 1318.72 1318.72 1 100.00 131872.00
07/03/2017 1325.01 1325.01 1325.01 1325.01 1 100.00 132501.00
08/03/2017 1341.60 1341.60 1341.60 1341.60 1 100.00 134160.00
09/03/2017 1357.49 1357.49 1357.49 1357.49 1 100.00 135749.00
13/03/2017 1348.46 1348.46 1348.46 1348.46 1 100.00 134846.00
21/03/2017 1320.00 1320.00 1320.00 1320.00 2 600.00 792000.00
22/03/2017 1310.50 1310.50 1310.50 1310.50 1 100.00 131050.00
23/03/2017 1328.85 1328.85 1328.85 1328.85 1 100.00 132885.00
24/03/2017 1332.00 1332.00 1332.00 1332.00 1 100.00 133200.00
31/03/2017 1396.61 1368.80 1396.61 1368.80 2 400.00 550301.00
03/04/2017 1384.57 1384.57 1384.57 1384.57 1 400.00 553828.00
04/04/2017 1407.00 1398.12 1407.00 1398.12 3 500.00 700521.00
06/04/2017 1412.29 1412.29 1412.29 1412.29 1 100.00 141229.00
07/04/2017 1409.00 1404.72 1409.00 1404.72 2 800.00 1126344.00
11/04/2017 1419.95 1419.95 1419.95 1419.95 1 100.00 141995.00
17/04/2017 1397.50 1397.50 1397.50 1397.50 1 100.00 139750.00
19/04/2017 1424.80 1424.80 1424.80 1424.80 1 200.00 284960.00
25/04/2017 1435.00 1435.00 1435.00 1435.00 1 200.00 287000.00
27/04/2017 1468.00 1457.00 1468.00 1457.00 4 500.00 731800.00
28/04/2017 1466.00 1466.00 1466.00 1466.00 1 200.00 293200.00
02/05/2017 1500.63 1500.63 1500.63 1500.63 1 100.00 150063.00
08/05/2017 1512.38 1512.38 1512.38 1512.38 1 700.00 1058666.00
09/05/2017 1511.81 1511.81 1511.81 1511.81 1 100.00 151181.00
10/05/2017 1505.63 1505.63 1505.63 1505.63 1 100.00 150563.00
12/05/2017 1499.87 1499.87 1499.87 1499.87 1 100.00 149987.00
15/05/2017 1487.11 1487.11 1487.11 1487.11 1 300.00 446133.00
17/05/2017 1485.05 1485.05 1485.05 1485.05 1 100.00 148505.00
18/05/2017 1606.26 1598.49 1606.26 1598.49 2 500.00 802353.00
19/05/2017 1588.27 1588.27 1588.27 1588.27 1 200.00 317654.00
22/05/2017 1597.96 1590.36 1597.96 1592.08 3 400.00 637248.00
24/05/2017 1594.09 1594.09 1594.09 1594.09 1 100.00 159409.00
25/05/2017 1642.54 1642.54 1642.54 1642.54 1 100.00 164254.00
26/05/2017 1616.75 1616.75 1616.75 1616.75 1 100.00 161675.00
31/05/2017 1613.52 1613.52 1613.52 1613.52 1 100.00 161352.00
02/06/2017 1631.86 1631.86 1632.96 1632.96 2 200.00 326482.00
05/06/2017 1660.64 1660.64 1660.64 1660.64 1 100.00 166064.00
06/06/2017 1662.02 1662.02 1662.02 1662.02 1 200.00 332404.00
09/06/2017 1619.79 1574.74 1619.79 1574.74 6 1100.00 1736848.00
12/06/2017 1598.55 1598.55 1598.55 1598.55 1 200.00 319710.00
13/06/2017 1620.50 1611.74 1620.50 1619.13 3 300.00 485137.00
14/06/2017 1606.00 1606.00 1606.00 1606.00 1 100.00 160600.00
16/06/2017 1630.05 1630.05 1630.05 1630.05 2 200.00 326010.00
