20/06/2016 11.80 11.61 11.89 11.65 639 179100.00 2102787.00
21/06/2016 11.65 11.64 12.14 12.14 329 99700.00 1189703.00
22/06/2016 12.15 11.71 12.21 11.80 532 77100.00 915917.00
23/06/2016 11.85 11.85 12.07 11.89 177 75500.00 905871.00
24/06/2016 11.45 11.35 12.00 11.93 185 82600.00 983869.00
27/06/2016 11.88 11.64 12.14 12.03 272 50300.00 600094.00
28/06/2016 12.05 11.72 12.09 11.97 458 97700.00 1164711.00
29/06/2016 12.21 12.18 14.20 13.75 1757 504900.00 6627129.00
30/06/2016 13.97 13.44 14.39 14.39 1132 222900.00 3123005.00
01/07/2016 14.29 13.86 14.40 13.87 365 64600.00 909648.00
04/07/2016 13.87 13.49 14.09 13.71 160 37300.00 511545.00
05/07/2016 13.79 12.91 13.79 13.20 347 55900.00 737491.00
06/07/2016 13.25 12.75 13.38 13.25 272 45600.00 596288.00
07/07/2016 13.40 13.15 13.70 13.29 386 84100.00 1132581.00
08/07/2016 13.50 13.28 13.81 13.81 262 54900.00 744911.00
11/07/2016 13.99 13.51 13.99 13.51 230 41400.00 570209.00
12/07/2016 13.50 12.98 13.58 13.30 584 276000.00 3684583.00
13/07/2016 13.30 13.03 13.97 13.94 161 137500.00 1841718.00
14/07/2016 13.96 13.96 15.00 14.90 370 69900.00 1018451.00
15/07/2016 14.78 14.30 15.25 15.25 1344 186800.00 2748201.00
18/07/2016 15.20 14.98 15.39 15.05 331 81500.00 1237123.00
19/07/2016 15.05 14.82 15.05 14.82 249 33800.00 504524.00
20/07/2016 14.82 14.71 15.13 14.73 201 39400.00 587314.00
21/07/2016 14.89 14.76 15.40 15.40 411 86200.00 1309561.00
22/07/2016 15.42 15.12 15.45 15.45 324 67400.00 1031197.00
25/07/2016 15.57 15.15 15.86 15.63 597 85000.00 1324907.00
26/07/2016 15.64 15.08 15.64 15.29 637 95700.00 1463133.00
27/07/2016 15.30 14.74 15.30 14.74 643 86700.00 1297520.00
28/07/2016 14.70 14.20 14.90 14.80 424 61400.00 887678.00
29/07/2016 14.71 14.61 15.22 15.22 623 124000.00 1857926.00
01/08/2016 15.32 14.52 15.56 15.00 631 76000.00 1154083.00
02/08/2016 14.81 14.34 14.94 14.45 1763 218500.00 3193403.00
03/08/2016 14.45 14.30 14.66 14.30 812 110300.00 1594111.00
04/08/2016 14.38 14.27 14.76 14.48 506 57800.00 839824.00
05/08/2016 14.50 13.55 14.70 13.63 1038 181300.00 2565752.00
08/08/2016 13.71 13.15 13.95 13.40 3048 535700.00 7208792.00
09/08/2016 13.44 13.12 13.55 13.25 466 70300.00 931428.00
10/08/2016 13.35 13.27 13.95 13.28 350 107400.00 1468582.00
11/08/2016 13.29 12.39 13.47 12.47 1007 226700.00 2842742.00
12/08/2016 12.45 12.14 12.62 12.40 1191 176400.00 2192568.00
15/08/2016 12.53 12.20 12.84 12.59 712 136700.00 1713194.00
16/08/2016 12.70 12.14 13.28 13.28 2349 409700.00 5210996.00
17/08/2016 13.28 12.68 13.68 13.50 1514 293200.00 3857036.00
18/08/2016 13.44 13.44 14.28 13.90 1524 309800.00 4306872.00
19/08/2016 14.00 13.60 14.19 13.60 816 107400.00 1486956.00
22/08/2016 13.41 13.30 14.10 13.69 558 226800.00 3084624.00
23/08/2016 13.66 13.46 14.07 13.89 772 97200.00 1334943.00
24/08/2016 13.86 13.86 14.77 14.57 1173 164100.00 2378300.00
25/08/2016 14.45 14.45 14.72 14.53 1034 123000.00 1796805.00
26/08/2016 14.53 14.35 14.64 14.50 637 126900.00 1836260.00
29/08/2016 14.65 14.30 14.66 14.30 1030 131800.00 1898278.00
30/08/2016 14.22 14.03 14.33 14.08 691 80200.00 1134436.00
31/08/2016 14.03 13.82 14.13 14.09 888 125100.00 1752895.00
01/09/2016 13.94 13.85 14.39 13.85 449 55500.00 783997.00
02/09/2016 13.94 13.40 13.95 13.67 858 144500.00 1977123.00
05/09/2016 13.54 13.49 13.94 13.85 786 128600.00 1763416.00
06/09/2016 13.77 13.67 14.14 14.14 333 54800.00 757510.00
08/09/2016 14.00 13.79 14.19 13.80 629 108500.00 1515404.00
09/09/2016 13.81 13.09 13.81 13.40 407 88700.00 1193299.00
12/09/2016 13.32 13.07 13.94 13.65 787 135500.00 1802497.00
13/09/2016 13.65 13.15 13.65 13.15 548 157700.00 2085948.00
14/09/2016 13.18 13.08 13.26 13.26 447 66700.00 876432.00
15/09/2016 13.36 13.30 13.58 13.35 555 99200.00 1332736.00
16/09/2016 13.50 13.06 13.50 13.50 346 74200.00 988246.00
19/09/2016 13.53 13.52 13.96 13.58 425 54400.00 743381.00
20/09/2016 13.65 13.28 13.81 13.28 147 19900.00 268712.00
21/09/2016 13.36 13.16 13.60 13.60 288 157200.00 2105741.00
22/09/2016 13.64 13.43 14.41 14.13 274 48900.00 687525.00
23/09/2016 14.11 13.28 14.26 13.49 592 198800.00 2699180.00
26/09/2016 13.50 13.10 13.51 13.20 392 69500.00 919049.00
27/09/2016 13.19 12.73 13.19 12.75 396 58000.00 748191.00
28/09/2016 12.84 12.60 13.15 12.77 478 232800.00 3038229.00
29/09/2016 12.75 12.33 12.93 12.60 395 73100.00 924324.00
30/09/2016 12.69 12.40 12.80 12.40 212 51600.00 648677.00
03/10/2016 12.42 12.22 12.60 12.25 249 55100.00 685110.00
04/10/2016 12.70 12.26 13.16 12.27 884 206900.00 2615891.00
05/10/2016 12.26 12.20 12.47 12.30 391 65100.00 802396.00
06/10/2016 12.39 12.39 12.86 12.70 512 528900.00 6651306.00
07/10/2016 12.87 12.56 13.19 12.70 862 222400.00 2867163.00
10/10/2016 12.77 12.55 12.87 12.66 349 62900.00 796651.00
11/10/2016 12.58 12.36 12.63 12.40 431 84400.00 1052248.00
13/10/2016 12.36 12.21 12.36 12.29 402 124100.00 1525578.00
14/10/2016 12.30 12.29 12.54 12.46 341 223000.00 2769842.00
17/10/2016 12.64 12.57 12.98 12.86 205 46700.00 595790.00
18/10/2016 12.91 12.86 14.00 14.00 961 198100.00 2716049.00
19/10/2016 14.06 14.06 14.83 14.48 635 122700.00 1777366.00
20/10/2016 14.10 14.02 14.35 14.17 297 57000.00 807659.00
21/10/2016 14.17 13.62 14.22 13.70 587 342900.00 4709751.00
24/10/2016 13.88 13.15 13.94 13.15 211 41500.00 562884.00
25/10/2016 13.15 12.76 13.16 12.93 120 29000.00 374758.00
26/10/2016 12.85 12.85 13.18 13.06 106 19400.00 252744.00
27/10/2016 13.03 13.00 13.42 13.12 112 12600.00 166211.00
28/10/2016 13.00 12.97 13.20 13.20 111 17000.00 222218.00
31/10/2016 13.40 13.29 13.50 13.50 139 21500.00 287978.00
01/11/2016 13.50 13.35 13.99 13.35 385 222000.00 3022349.00
03/11/2016 13.28 13.26 13.77 13.70 312 73400.00 995659.00
04/11/2016 13.70 13.45 13.82 13.79 404 496400.00 6738857.00
07/11/2016 13.84 13.65 14.35 14.35 662 113000.00 1588061.00
08/11/2016 14.11 13.91 14.32 13.91 283 71800.00 1008154.00
09/11/2016 13.30 12.91 13.39 12.96 324 181900.00 2411586.00
10/11/2016 13.23 12.20 13.23 12.42 325 93000.00 1160564.00
11/11/2016 12.41 11.69 12.42 12.06 379 90600.00 1089668.00
14/11/2016 12.00 12.00 12.50 12.50 225 82800.00 1016447.00
16/11/2016 12.50 12.15 12.83 12.16 236 57900.00 714732.00
17/11/2016 12.20 12.20 12.95 12.66 221 30600.00 386426.00
18/11/2016 12.85 12.70 13.29 13.29 85 39200.00 515490.00
21/11/2016 13.29 13.01 13.50 13.50 132 42300.00 566831.00
22/11/2016 13.16 12.74 13.93 13.00 819 254600.00 3324982.00
23/11/2016 13.08 12.92 13.69 13.69 304 79300.00 1063080.00
24/11/2016 13.64 13.23 13.91 13.80 111 43300.00 593621.00
25/11/2016 13.59 13.36 13.65 13.36 97 19300.00 261242.00
28/11/2016 13.10 13.10 13.80 13.60 101 32000.00 431694.00
29/11/2016 13.48 13.18 13.65 13.55 228 35100.00 475763.00
30/11/2016 13.38 13.22 13.79 13.55 141 39600.00 535856.00
01/12/2016 13.34 12.98 13.44 13.25 800 102900.00 1358158.00
02/12/2016 13.05 12.86 13.20 13.10 176 36400.00 475400.00
05/12/2016 13.06 12.76 13.20 12.76 106 17100.00 221168.00
06/12/2016 12.96 12.71 12.98 12.98 98 22800.00 294245.00
07/12/2016 13.09 12.56 13.34 12.56 410 74600.00 958339.00
08/12/2016 12.75 12.51 12.90 12.90 97 17900.00 228401.00
09/12/2016 12.94 12.74 13.30 13.30 71 20600.00 270500.00
12/12/2016 13.13 12.82 13.27 13.10 101 13800.00 179685.00
13/12/2016 13.01 12.94 13.39 13.24 154 35000.00 459590.00
14/12/2016 13.10 13.00 13.38 13.10 215 45700.00 601297.00
15/12/2016 13.03 12.95 13.28 13.25 98 18600.00 245779.00
16/12/2016 13.25 13.07 13.30 13.11 417 288700.00 3820894.00
19/12/2016 12.99 12.71 13.45 13.37 878 454400.00 6027557.00
20/12/2016 13.30 13.06 13.38 13.21 198 128300.00 1704191.00
21/12/2016 13.15 13.00 13.24 13.05 138 26400.00 346060.00
22/12/2016 13.50 13.27 13.60 13.31 1008 773700.00 10364135.00
23/12/2016 13.55 13.46 13.90 13.48 386 82100.00 1118991.00
26/12/2016 13.59 13.37 13.69 13.40 356 77400.00 1045909.00
27/12/2016 13.54 13.52 13.80 13.67 280 57800.00 790470.00
28/12/2016 13.67 13.61 13.96 13.85 339 72100.00 996979.00
29/12/2016 13.80 13.40 13.90 13.63 1362 212300.00 2882650.00
02/01/2017 13.56 13.25 13.70 13.25 122 23400.00 315446.00
03/01/2017 13.33 13.28 13.65 13.37 267 62100.00 832472.00
04/01/2017 13.35 13.30 13.64 13.35 218 44300.00 594233.00
05/01/2017 13.37 13.37 13.52 13.40 203 88300.00 1190303.00
06/01/2017 13.44 13.41 13.95 13.80 758 211800.00 2904709.00
09/01/2017 13.83 13.83 14.57 14.16 528 252900.00 3605456.00
10/01/2017 14.30 14.07 14.44 14.09 479 234000.00 3344495.00
11/01/2017 14.26 13.75 14.26 14.10 240 41300.00 577320.00
12/01/2017 14.11 13.90 14.39 13.90 639 160000.00 2275770.00
13/01/2017 13.97 13.92 14.30 14.25 282 54300.00 768560.00
16/01/2017 14.30 14.09 14.64 14.09 243 44200.00 633946.00
17/01/2017 14.38 14.17 14.39 14.35 376 213200.00 3047639.00
18/01/2017 14.35 14.20 14.48 14.24 227 100700.00 1446293.00
19/01/2017 14.28 13.52 14.28 13.70 390 114700.00 1590435.00
20/01/2017 13.70 13.70 14.19 14.15 277 83500.00 1170261.00
23/01/2017 14.05 13.71 14.18 13.71 283 50500.00 702165.00
24/01/2017 13.77 13.34 13.90 13.35 340 71600.00 973678.00
26/01/2017 13.35 13.35 13.75 13.64 537 86200.00 1169229.00
27/01/2017 13.64 13.64 13.93 13.86 392 61100.00 844695.00
30/01/2017 14.00 13.63 14.00 13.80 189 27400.00 377730.00
31/01/2017 13.82 13.21 13.82 13.40 690 144100.00 1928574.00
01/02/2017 13.48 12.81 13.52 12.81 908 245100.00 3197503.00
02/02/2017 12.84 12.61 13.00 12.90 568 119400.00 1527011.00
03/02/2017 12.90 12.78 13.27 12.99 374 76400.00 991749.00
06/02/2017 13.01 12.78 13.38 13.31 613 93900.00 1231235.00
07/02/2017 13.24 12.88 13.24 12.97 214 35800.00 465712.00
08/02/2017 12.98 12.93 13.11 13.09 210 64400.00 839177.00
09/02/2017 13.09 12.99 13.30 13.10 197 49600.00 652156.00
10/02/2017 13.10 13.06 13.30 13.16 229 40200.00 531413.00
13/02/2017 13.18 13.18 13.90 13.70 224 40300.00 547300.00
14/02/2017 13.61 13.52 13.95 13.64 302 64200.00 881714.00
15/02/2017 13.97 13.45 13.97 13.45 229 34800.00 474439.00
16/02/2017 13.67 13.47 13.90 13.75 315 45900.00 627232.00
17/02/2017 13.72 13.59 14.13 14.04 619 90800.00 1269840.00
20/02/2017 14.05 13.81 14.10 13.93 272 44700.00 623278.00
21/02/2017 14.04 13.64 14.13 13.81 242 44500.00 619496.00
22/02/2017 13.83 13.50 13.95 13.95 187 25300.00 345629.00
23/02/2017 13.95 13.41 13.95 13.72 291 48900.00 664962.00
24/02/2017 13.65 13.51 13.95 13.79 221 44000.00 606048.00
01/03/2017 13.41 13.41 14.01 13.97 230 77600.00 1067755.00
02/03/2017 14.01 13.42 14.09 13.50 534 85000.00 1162608.00
03/03/2017 13.60 13.50 13.89 13.65 244 53400.00 728443.00
06/03/2017 13.83 13.77 14.91 14.36 1850 576300.00 8297889.00
07/03/2017 14.50 14.36 14.57 14.38 841 246600.00 3560507.00
08/03/2017 14.41 13.91 14.50 13.95 515 182900.00 2578207.00
09/03/2017 14.03 13.86 14.20 13.95 292 73100.00 1023084.00
10/03/2017 14.04 13.85 14.47 13.85 256 101800.00 1427749.00
13/03/2017 14.00 13.93 14.24 14.24 360 76800.00 1083206.00
14/03/2017 14.25 14.00 14.25 14.02 210 44700.00 631399.00
15/03/2017 13.95 13.20 13.95 13.28 853 284200.00 3822393.00
16/03/2017 13.39 13.39 13.98 13.75 585 151000.00 2075323.00
17/03/2017 13.90 13.49 14.30 14.30 480 125600.00 1757972.00
20/03/2017 14.50 13.81 14.88 13.97 893 267100.00 3864965.00
21/03/2017 14.01 13.10 14.27 13.23 395 102300.00 1396129.00
22/03/2017 13.24 13.11 13.40 13.40 312 87300.00 1163681.00
23/03/2017 13.41 13.41 13.65 13.42 292 57500.00 775982.00
24/03/2017 13.52 13.44 13.62 13.48 157 43400.00 586492.00
27/03/2017 13.57 13.25 13.60 13.27 307 74700.00 998270.00
28/03/2017 13.37 13.22 13.46 13.22 204 50000.00 665578.00
29/03/2017 13.55 13.26 13.55 13.26 292 58000.00 774242.00
30/03/2017 13.26 13.01 13.49 13.17 307 98900.00 1310863.00
31/03/2017 13.18 13.09 13.47 13.40 272 62700.00 830643.00
03/04/2017 13.41 13.00 13.44 13.00 395 86000.00 1132606.00
04/04/2017 13.30 13.00 13.30 13.00 351 109300.00 1432568.00
05/04/2017 13.00 12.90 13.14 13.00 706 195500.00 2538453.00
06/04/2017 13.21 12.93 13.22 12.95 366 250600.00 3252048.00
07/04/2017 13.00 13.00 13.16 13.16 180 40500.00 530272.00
10/04/2017 13.21 13.06 13.22 13.15 125 28600.00 375943.00
11/04/2017 13.11 12.94 13.17 13.08 283 85300.00 1111137.00
12/04/2017 13.07 12.90 13.08 13.00 438 202000.00 2622442.00
13/04/2017 13.00 12.94 13.19 13.00 235 98900.00 1288404.00
17/04/2017 13.05 12.96 13.12 12.96 541 158500.00 2061683.00
18/04/2017 12.95 12.91 13.05 13.00 178 39500.00 513621.00
19/04/2017 13.07 13.00 13.71 13.25 536 107100.00 1424307.00
20/04/2017 13.41 13.23 13.58 13.37 806 159300.00 2140095.00
24/04/2017 13.68 13.35 13.87 13.35 427 162600.00 2216876.00
25/04/2017 13.50 13.45 13.75 13.64 523 135200.00 1840834.00
26/04/2017 13.65 13.30 13.97 13.48 524 176100.00 2374496.00
27/04/2017 13.48 12.81 13.48 13.00 919 227900.00 2975715.00
28/04/2017 13.01 13.01 13.48 13.40 607 100300.00 1331997.00
02/05/2017 13.78 13.50 13.80 13.54 482 275800.00 3767383.00
03/05/2017 13.56 13.56 14.21 14.00 1015 249100.00 3456297.00
04/05/2017 13.95 13.85 14.35 14.20 527 117300.00 1655776.00
05/05/2017 14.20 14.20 14.55 14.55 485 163500.00 2356095.00
08/05/2017 14.55 14.37 14.80 14.70 773 246700.00 3618488.00
09/05/2017 14.80 14.71 15.19 14.94 595 303100.00 4518558.00
10/05/2017 15.14 14.80 15.20 15.04 719 1414700.00 21230141.00
11/05/2017 15.10 15.10 16.15 15.81 1311 601900.00 9366840.00
12/05/2017 16.00 16.00 16.55 16.20 2018 331100.00 5415875.00
15/05/2017 16.47 15.73 16.47 16.12 584 104400.00 1677647.00
16/05/2017 16.20 16.20 17.33 17.30 1087 256500.00 4352035.00
17/05/2017 17.30 16.61 17.48 17.03 1713 403300.00 6926427.00
18/05/2017 15.00 14.69 15.84 15.70 817 253800.00 3920188.00
19/05/2017 15.82 15.82 16.38 16.35 682 272100.00 4425837.00
22/05/2017 16.28 15.34 16.29 15.70 988 138800.00 2183132.00
23/05/2017 15.60 15.52 16.28 16.10 548 106400.00 1698899.00
24/05/2017 16.35 16.10 16.67 16.50 782 158800.00 2607441.00
25/05/2017 16.58 16.21 17.18 16.82 1479 222400.00 3721980.00
26/05/2017 16.98 16.87 17.78 17.50 747 130900.00 2278110.00
29/05/2017 17.44 16.59 17.49 16.80 696 99800.00 1683554.00
30/05/2017 16.71 16.49 17.05 17.00 783 120800.00 2028389.00
31/05/2017 16.92 16.21 17.11 16.30 965 169100.00 2784797.00
01/06/2017 16.38 15.97 16.92 16.70 539 106300.00 1768793.00
02/06/2017 16.70 16.28 16.71 16.65 254 75900.00 1257641.00
05/06/2017 16.46 16.08 16.46 16.24 297 57400.00 932002.00
06/06/2017 16.22 15.98 16.52 16.45 316 65300.00 1065481.00
07/06/2017 16.57 16.56 17.00 16.79 556 159600.00 2674844.00
08/06/2017 16.79 16.41 16.79 16.78 298 57300.00 953480.00
09/06/2017 16.78 16.60 16.94 16.86 231 72800.00 1216649.00
12/06/2017 16.85 16.27 16.85 16.40 406 91400.00 1503170.00
13/06/2017 16.42 16.22 16.70 16.70 439 90400.00 1483047.00
14/06/2017 16.55 16.41 16.77 16.77 319 76700.00 1279700.00
16/06/2017 16.62 16.35 17.00 17.00 316 71300.00 1196607.00
