20/06/2016 24.22 24.22 25.48 25.48 966 374241.99 9243151.00
21/06/2016 25.20 25.18 25.78 25.60 671 83990.65 2145129.00
22/06/2016 25.71 25.51 26.00 25.82 431 70144.92 1808780.00
23/06/2016 25.82 25.54 27.50 25.54 1088 236293.71 6226542.00
24/06/2016 25.45 25.16 26.28 26.28 991 155662.68 4010548.00
27/06/2016 25.89 24.81 25.92 25.17 531 74522.62 1890967.00
28/06/2016 25.29 25.28 26.17 25.54 333 42555.26 1091535.00
29/06/2016 25.77 25.55 26.07 25.88 506 64138.32 1653969.00
30/06/2016 25.88 25.49 26.46 26.30 405 62814.83 1638946.00
01/07/2016 26.26 25.69 26.44 26.22 239 33087.23 861003.00
04/07/2016 26.00 25.86 26.48 26.48 139 21990.28 575203.00
05/07/2016 26.38 26.01 26.40 26.13 542 100686.98 2635285.00
06/07/2016 26.08 25.13 26.13 25.69 611 73199.13 1870129.00
07/07/2016 25.64 25.42 25.84 25.64 799 102417.69 2619944.00
08/07/2016 25.55 25.47 25.98 25.67 567 114939.94 2947363.00
11/07/2016 25.68 25.62 27.35 27.16 1298 244132.84 6506865.00
12/07/2016 27.15 26.82 28.22 27.76 778 215626.92 5898141.00
13/07/2016 27.39 26.72 27.80 26.72 749 120742.93 3252672.00
14/07/2016 26.53 26.53 27.11 26.96 1105 390327.48 10505663.00
15/07/2016 26.90 26.59 27.22 26.86 825 400915.39 10796659.00
18/07/2016 27.01 26.49 27.39 27.06 1148 368133.58 9942885.00
19/07/2016 27.15 26.70 27.27 26.96 817 116059.81 3131192.00
20/07/2016 27.18 26.80 27.37 27.21 662 282208.60 7654562.00
21/07/2016 27.31 26.93 27.51 27.39 531 223364.24 6122239.00
22/07/2016 27.83 27.11 28.56 27.50 319 49070.90 1356232.00
25/07/2016 27.51 26.34 27.70 27.55 357 63425.67 1738148.00
26/07/2016 27.31 27.19 27.95 27.50 256 53957.63 1483978.00
27/07/2016 27.50 27.28 27.95 27.77 450 69941.31 1941767.00
28/07/2016 27.81 27.01 27.97 27.40 433 53754.02 1469614.00
29/07/2016 27.15 27.15 27.87 27.50 383 65665.42 1800699.00
01/08/2016 27.48 27.15 27.66 27.23 367 46423.93 1269018.00
02/08/2016 27.21 27.20 27.70 27.41 581 87248.47 2386177.00
03/08/2016 27.25 27.06 27.49 27.28 127 52837.76 1446223.00
04/08/2016 27.32 26.58 27.46 26.86 514 104250.22 2809390.00
05/08/2016 26.61 26.10 26.95 26.20 651 205446.23 5466526.00
08/08/2016 26.34 25.60 26.34 25.85 562 198421.56 5163624.00
09/08/2016 25.85 25.72 26.30 26.05 864 167981.31 4382575.00
10/08/2016 26.05 25.95 27.11 26.47 737 110053.21 2916412.00
11/08/2016 26.32 26.13 26.58 26.23 304 50801.62 1333110.00
12/08/2016 26.38 25.80 26.45 25.98 295 41129.97 1072273.00
15/08/2016 25.98 25.54 25.98 25.54 626 178263.80 4567798.00
16/08/2016 25.64 25.44 25.97 25.64 1146 446015.83 11426923.00
17/08/2016 25.61 25.29 26.77 26.19 294 178671.03 4576611.00
18/08/2016 26.09 25.54 26.48 25.93 686 246678.01 6358525.00
19/08/2016 25.81 25.44 26.27 25.97 616 490098.19 12573556.00
22/08/2016 25.70 25.46 25.75 25.54 890 142936.82 3654236.00
23/08/2016 25.35 25.35 25.82 25.74 516 145583.80 3741983.00
24/08/2016 25.60 25.34 25.83 25.83 965 153015.70 3907728.00
25/08/2016 25.85 25.29 26.12 25.35 1219 236191.90 6002367.00
26/08/2016 25.47 25.05 26.03 25.49 605 87350.28 2214017.00
29/08/2016 25.55 25.32 25.61 25.52 464 88062.93 2237989.00
30/08/2016 25.55 25.50 25.83 25.54 449 170730.09 4369666.00
31/08/2016 25.67 25.46 25.74 25.54 305 48052.83 1227535.00
01/09/2016 25.54 25.50 25.59 25.54 115 25858.94 660478.00
02/09/2016 25.54 25.54 26.18 25.86 154 23721.00 608345.00
05/09/2016 25.83 25.66 25.92 25.76 305 38381.18 989217.00
06/09/2016 25.95 25.76 26.57 26.45 324 38992.02 1022243.00
08/09/2016 26.53 25.94 26.59 25.94 419 63120.25 1656504.00
09/09/2016 25.91 25.52 25.91 25.57 267 57011.84 1465523.00
12/09/2016 25.57 25.54 26.52 26.52 839 248001.50 6451982.00
13/09/2016 26.27 25.91 27.33 27.00 934 745735.20 19805313.00
14/09/2016 27.17 25.97 27.17 25.97 494 68617.82 1822783.00
15/09/2016 26.04 25.80 26.17 26.10 630 95698.44 2491037.00
16/09/2016 26.10 25.71 26.96 26.96 336 130210.97 3431311.00
19/09/2016 26.96 25.99 26.96 26.25 1028 133672.40 3514168.00
20/09/2016 26.51 26.41 27.22 27.10 364 101094.21 2712192.00
21/09/2016 27.12 26.72 27.30 27.02 257 124917.01 3370568.00
22/09/2016 27.02 26.81 27.89 26.90 225 44693.21 1210807.00
23/09/2016 26.77 26.37 26.91 26.49 238 33290.84 884870.00
26/09/2016 26.50 26.05 26.50 26.05 711 292185.67 7662792.00
27/09/2016 26.40 25.83 26.40 26.04 296 37261.31 967693.00
28/09/2016 26.22 26.08 26.84 26.76 359 57622.68 1520099.00
29/09/2016 26.77 25.98 27.22 26.22 372 49172.71 1306549.00
30/09/2016 26.09 25.72 26.18 25.72 116 176227.66 4594878.00
03/10/2016 26.00 25.88 27.66 26.62 398 52023.30 1393769.00
04/10/2016 26.70 26.51 27.40 27.40 463 66276.26 1793545.00
05/10/2016 27.40 27.05 27.98 27.75 1006 143344.05 3917973.00
06/10/2016 27.66 26.65 27.66 26.67 538 137744.67 3749664.00
07/10/2016 26.66 25.86 26.66 26.38 367 209416.70 5501155.00
10/10/2016 26.61 26.01 26.61 26.05 380 41537.20 1084585.00
11/10/2016 26.03 25.93 27.50 26.81 613 260523.74 6882511.00
13/10/2016 26.68 26.51 26.86 26.51 439 51921.50 1381733.00
14/10/2016 26.52 26.52 27.22 26.82 607 71264.80 1913375.00
17/10/2016 26.93 26.69 27.61 27.54 837 205446.23 5555546.00
18/10/2016 27.38 27.15 28.20 28.14 627 164214.46 4567769.00
19/10/2016 27.99 27.99 30.29 29.92 816 208398.63 6058777.00
20/10/2016 29.22 29.03 31.30 31.19 1274 233443.12 7114929.00
21/10/2016 30.66 29.94 31.15 30.25 640 96309.28 2917300.00
24/10/2016 29.80 29.80 30.86 30.60 744 159225.92 4826898.00
25/10/2016 31.32 30.13 31.53 30.46 1165 221328.10 6827821.00
26/10/2016 30.47 29.99 31.00 30.43 812 238126.23 7240045.00
27/10/2016 30.45 29.48 30.77 30.65 877 143954.89 4353085.00
28/10/2016 30.51 29.51 30.91 29.69 535 75540.69 2265826.00
31/10/2016 29.98 29.05 30.42 29.05 574 113107.41 3367217.00
01/11/2016 29.07 28.18 29.47 28.39 510 74624.42 2139541.00
03/11/2016 27.91 27.91 29.41 29.24 888 138355.51 3976370.00
04/11/2016 29.41 28.79 29.44 29.06 400 54263.05 1573577.00
07/11/2016 28.92 28.80 29.47 28.99 487 80631.03 2349427.00
08/11/2016 28.62 28.62 29.37 28.79 363 45813.08 1328091.00
09/11/2016 27.73 27.01 29.70 28.83 615 97021.93 2768108.00
10/11/2016 28.50 27.85 29.24 28.19 1091 678542.68 19300664.00
11/11/2016 28.16 27.55 28.43 28.04 624 132959.75 3729035.00
14/11/2016 27.70 27.42 28.46 27.42 870 116467.04 3233472.00
16/11/2016 26.96 26.51 28.42 27.57 1132 271009.84 7466507.00
17/11/2016 27.50 27.50 27.96 27.96 549 77169.60 2144090.00
18/11/2016 28.14 27.54 28.14 27.80 177 25655.33 711411.00
21/11/2016 27.78 27.40 27.99 27.71 244 41333.58 1145448.00
22/11/2016 27.58 27.02 27.99 27.05 696 117281.50 3192333.00
23/11/2016 27.11 26.91 28.39 27.40 1390 279561.62 7697416.00
24/11/2016 27.31 27.10 27.90 27.55 180 35021.56 966555.00
25/11/2016 27.56 26.60 27.68 26.90 826 149350.65 4029719.00
28/11/2016 26.91 26.65 28.19 27.31 971 202188.41 5507695.00
29/11/2016 27.13 26.53 27.49 26.78 679 114634.52 3081024.00
30/11/2016 26.73 26.72 27.93 27.01 838 330159.63 8920647.00
01/12/2016 26.99 25.46 27.01 25.74 1127 208602.24 5436615.00
02/12/2016 25.84 24.68 25.84 25.10 1161 188648.10 4773133.00
05/12/2016 25.11 23.64 25.85 23.79 1884 264188.79 6473006.00
06/12/2016 23.60 23.18 25.49 24.62 2189 295138.07 7158107.00
07/12/2016 24.65 23.85 24.93 24.25 1284 237719.00 5781239.00
08/12/2016 24.46 23.81 24.46 24.12 776 292491.09 7083948.00
09/12/2016 24.53 24.06 24.59 24.41 510 396944.92 9666633.00
12/12/2016 24.55 23.52 24.55 23.79 669 82565.36 1972173.00
13/12/2016 24.01 23.89 24.85 24.48 1390 224076.89 5480695.00
14/12/2016 24.65 24.14 24.65 24.14 870 113209.22 2754222.00
15/12/2016 24.01 23.50 24.36 23.78 1469 210943.80 5046561.00
16/12/2016 23.78 23.13 23.78 23.43 828 170628.29 3999403.00
19/12/2016 23.12 22.80 23.47 22.80 907 129905.55 2989606.00
20/12/2016 22.69 22.60 23.24 23.07 1684 278136.32 6377328.00
21/12/2016 23.08 23.08 23.56 23.39 256 98956.26 2307706.00
22/12/2016 23.59 23.28 23.95 23.87 381 67294.33 1587042.00
23/12/2016 23.89 23.74 24.14 23.92 634 106388.16 2545913.00
26/12/2016 23.88 23.29 23.97 23.57 461 61389.53 1453801.00
27/12/2016 23.60 23.45 23.67 23.56 250 81343.68 1915986.00
28/12/2016 23.85 23.61 24.80 24.45 797 94069.53 2284936.00
29/12/2016 24.41 24.13 24.92 24.62 876 170933.71 4177856.00
02/01/2017 24.62 23.98 24.62 24.61 210 61287.73 1496989.00
03/01/2017 24.64 24.63 25.45 25.45 430 155560.87 3895652.00
04/01/2017 25.51 25.51 26.82 26.18 754 177449.35 4680970.00
05/01/2017 26.24 25.72 26.46 26.32 479 145685.61 3802775.00
06/01/2017 26.54 25.95 26.78 26.28 704 116568.85 3068375.00
09/01/2017 26.40 25.81 26.57 26.40 951 253906.29 6677382.00
10/01/2017 26.67 25.98 26.89 26.20 707 333621.06 8887568.00
11/01/2017 26.22 26.06 27.07 26.42 1034 480121.12 12790753.00
12/01/2017 26.88 26.87 27.79 27.30 757 199337.82 5459321.00
13/01/2017 27.35 26.97 27.58 27.18 695 254211.71 6932646.00
16/01/2017 26.93 26.35 27.54 26.91 286 40111.90 1086920.00
17/01/2017 26.95 26.38 27.00 26.52 602 96818.32 2568703.00
18/01/2017 26.52 26.47 27.56 27.32 555 164010.84 4420727.00
19/01/2017 27.32 26.90 27.55 27.21 941 152099.44 4143758.00
20/01/2017 27.27 26.91 27.81 27.30 593 77984.05 2127458.00
23/01/2017 27.09 26.67 27.48 26.95 492 255433.40 6897365.00
24/01/2017 26.76 26.76 28.04 27.82 570 98345.42 2718231.00
26/01/2017 28.19 27.86 28.60 28.34 649 181827.04 5132272.00
27/01/2017 28.06 27.99 28.73 28.49 1056 246270.78 6991324.00
30/01/2017 28.17 27.98 28.55 28.35 587 90302.68 2545778.00
31/01/2017 28.16 28.01 28.59 28.58 1572 276201.99 7825670.00
01/02/2017 28.52 28.35 29.84 29.47 1717 413743.05 12035897.00
02/02/2017 29.47 29.02 29.76 29.76 1109 315906.67 9246348.00
03/02/2017 29.86 29.28 30.78 30.25 2165 486127.73 14676989.00
06/02/2017 30.33 29.20 30.33 29.20 2751 427181.56 12564533.00
07/02/2017 29.20 28.80 29.58 29.30 309 47340.19 1377009.00
08/02/2017 29.41 28.96 29.41 29.23 461 54772.09 1598418.00
09/02/2017 29.03 28.98 29.39 29.00 823 123491.71 3603357.00
10/02/2017 29.20 29.04 29.29 29.28 859 153830.16 4485207.00
13/02/2017 29.30 28.99 29.30 29.06 859 111682.12 3252965.00
14/02/2017 29.06 28.73 29.31 29.03 1039 173886.11 5057240.00
15/02/2017 28.99 28.91 29.96 29.32 1736 570932.84 16707812.00
16/02/2017 29.31 29.04 29.60 29.30 1040 336369.84 9862428.00
17/02/2017 29.22 29.06 29.45 29.36 643 173478.88 5085237.00
20/02/2017 29.44 29.44 29.90 29.66 547 137235.64 4067928.00
21/02/2017 29.95 29.71 30.31 30.24 689 122575.45 3683436.00
22/02/2017 30.28 30.00 31.00 30.69 895 132247.10 4039518.00
23/02/2017 31.00 30.55 31.18 30.79 555 81241.87 2505719.00
24/02/2017 30.67 29.66 30.93 30.93 954 226927.48 6925196.00
01/03/2017 31.15 29.81 31.15 30.45 668 125833.27 3801948.00
02/03/2017 30.26 29.38 30.47 29.68 633 109747.79 3275448.00
03/03/2017 29.80 29.34 30.42 30.06 698 142835.02 4251792.00
06/03/2017 30.18 29.65 30.70 30.16 763 127971.22 3839244.00
07/03/2017 30.19 30.00 30.58 30.58 841 138559.13 4210938.00
08/03/2017 30.75 30.27 30.96 30.55 970 286993.52 8770624.00
09/03/2017 30.47 29.52 30.71 29.71 887 146703.68 4386594.00
10/03/2017 29.70 29.68 30.79 30.63 646 117892.34 3575599.00
13/03/2017 30.64 30.38 31.40 30.67 1014 128073.02 3937798.00
14/03/2017 30.32 30.23 31.35 30.72 734 105573.71 3252417.00
15/03/2017 31.01 30.35 31.24 31.24 854 145583.80 4517499.00
16/03/2017 31.30 31.15 31.80 31.24 332 80834.64 2534303.00
17/03/2017 31.42 30.62 31.48 31.13 600 132654.33 4122417.00
20/03/2017 31.15 30.64 31.17 30.78 329 45100.44 1391859.00
21/03/2017 30.68 30.01 30.94 30.28 604 75642.49 2297640.00
22/03/2017 30.27 29.85 30.68 30.54 461 69025.05 2094705.00
23/03/2017 30.47 29.94 30.73 30.60 581 230388.91 6979042.00
24/03/2017 30.61 30.25 30.64 30.55 395 58946.17 1793085.00
27/03/2017 30.39 29.90 30.45 30.16 335 55179.31 1664504.00
28/03/2017 30.22 30.12 31.36 30.94 469 214812.46 6579525.00
29/03/2017 30.82 30.72 31.05 30.79 399 74828.04 2308685.00
30/03/2017 30.83 30.46 31.00 30.74 326 40926.36 1259724.00
31/03/2017 30.94 30.37 30.94 30.82 257 65767.23 2019067.00
03/04/2017 30.86 30.41 30.94 30.60 262 50190.78 1537652.00
04/04/2017 30.59 30.27 30.62 30.43 221 96920.12 2949342.00
05/04/2017 30.40 30.29 30.91 30.84 1365 273656.82 8368911.00
06/04/2017 30.85 29.80 30.88 29.80 631 209823.93 6374650.00
07/04/2017 29.81 29.61 31.06 31.06 1275 219088.35 6622486.00
10/04/2017 31.24 30.99 32.41 32.41 1129 730871.40 23229552.00
11/04/2017 32.41 31.28 32.46 31.28 1136 254618.94 8079102.00
12/04/2017 31.00 30.49 31.21 31.21 866 204428.16 6317744.00
13/04/2017 31.19 31.14 31.97 31.53 441 80936.45 2550081.00
17/04/2017 31.44 31.14 31.53 31.38 315 245049.10 7699947.00
18/04/2017 31.02 30.81 31.66 30.94 746 155866.29 4840946.00
19/04/2017 30.95 30.71 31.53 31.53 260 73809.97 2313101.00
20/04/2017 31.58 30.66 31.66 31.43 1299 175311.40 5441402.00
24/04/2017 31.64 31.19 31.64 31.32 581 150572.34 4724953.00
25/04/2017 31.36 31.20 31.63 31.63 570 106184.55 3337892.00
26/04/2017 31.71 31.32 31.84 31.82 689 645353.65 20298433.00
27/04/2017 31.80 31.52 31.86 31.58 197 456196.51 14436753.00
28/04/2017 31.73 31.63 33.33 33.10 1981 321709.66 10554276.00
02/05/2017 33.29 33.12 34.12 33.85 634 305200.00 10317893.00
03/05/2017 33.85 33.40 34.71 34.04 652 300400.00 10114231.00
04/05/2017 34.87 33.03 35.25 33.50 1819 393800.00 13450556.00
05/05/2017 33.23 33.23 34.08 34.04 1744 227500.00 7626600.00
08/05/2017 34.12 33.45 34.55 33.88 1151 153100.00 5191892.00
09/05/2017 34.17 33.72 34.26 34.00 1515 384000.00 13087685.00
10/05/2017 34.18 34.00 34.88 34.50 2248 559900.00 19323169.00
11/05/2017 34.55 34.55 35.93 35.50 2107 587400.00 20561668.00
12/05/2017 35.49 35.06 35.67 35.20 1132 213900.00 7546588.00
15/05/2017 35.66 34.36 35.66 35.60 1889 464500.00 16257357.00
16/05/2017 35.53 34.97 36.10 36.10 2196 307800.00 10988989.00
17/05/2017 36.11 35.17 36.58 36.00 1688 283900.00 10201868.00
18/05/2017 33.61 31.83 33.61 32.00 2828 501500.00 16258135.00
19/05/2017 32.01 32.01 33.84 33.43 4824 715600.00 23408341.00
22/05/2017 32.89 30.84 32.89 31.90 2210 659900.00 20854977.00
23/05/2017 32.47 31.46 33.23 33.00 1442 403000.00 13019927.00
24/05/2017 32.71 32.23 33.39 33.30 1756 274700.00 9041499.00
25/05/2017 33.39 32.54 33.42 33.00 603 177500.00 5855774.00
26/05/2017 33.02 32.72 33.85 33.50 2231 631700.00 20904535.00
29/05/2017 33.19 33.01 33.53 33.06 651 78000.00 2590047.00
30/05/2017 32.77 32.44 33.43 32.47 1057 230200.00 7497473.00
31/05/2017 32.47 31.46 33.02 32.09 2811 492500.00 15755750.00
01/06/2017 31.81 31.53 32.43 31.55 1719 281400.00 8943026.00
02/06/2017 31.87 31.35 32.20 32.09 1270 182300.00 5797158.00
05/06/2017 31.61 31.61 32.66 32.10 1248 339400.00 10871323.00
06/06/2017 32.26 31.92 33.04 32.82 1388 391200.00 12744620.00
07/06/2017 32.79 32.66 33.43 33.40 1451 477900.00 15798708.00
08/06/2017 33.33 32.65 33.70 33.70 1627 272600.00 9048757.00
09/06/2017 33.42 31.97 33.59 32.40 4010 766000.00 24946783.00
12/06/2017 32.09 31.42 32.23 32.23 873 318600.00 10105470.00
13/06/2017 32.43 31.77 32.70 32.52 1035 178900.00 5791357.00
14/06/2017 32.50 32.19 33.00 33.00 867 233900.00 7593091.00
16/06/2017 32.72 32.55 33.02 33.00 1062 395500.00 12987555.00
