23/03/2017 4.87 4.52 5.00 4.88 174 113200.00 547080.00
24/03/2017 4.86 4.62 5.14 4.65 315 296800.00 1443614.00
27/03/2017 4.66 4.41 4.78 4.49 83 51400.00 233163.00
28/03/2017 4.49 4.40 4.63 4.46 68 36800.00 162889.00
29/03/2017 4.50 4.42 4.58 4.53 62 27100.00 121338.00
30/03/2017 4.58 4.15 4.61 4.55 109 50700.00 226663.00
31/03/2017 4.55 4.42 5.29 5.11 697 425100.00 2131855.00
03/04/2017 5.10 4.60 5.10 4.60 297 238800.00 1159217.00
04/04/2017 4.80 4.60 4.80 4.70 78 35200.00 165892.00
05/04/2017 4.76 4.45 4.87 4.50 155 72500.00 337734.00
06/04/2017 4.51 4.30 4.58 4.43 107 69900.00 307312.00
07/04/2017 4.40 4.16 4.40 4.16 84 38600.00 165726.00
10/04/2017 4.16 3.86 4.34 3.95 148 84800.00 342861.00
11/04/2017 4.17 3.90 4.17 3.91 84 45800.00 181810.00
12/04/2017 3.85 3.70 4.16 3.85 92 62200.00 238903.00
13/04/2017 3.70 3.62 3.85 3.65 92 67500.00 248054.00
17/04/2017 3.62 3.55 3.75 3.70 50 17900.00 64941.00
18/04/2017 3.70 3.55 3.74 3.55 52 28300.00 101296.00
19/04/2017 3.70 3.51 3.85 3.58 95 38500.00 138917.00
20/04/2017 3.73 3.47 3.73 3.59 28 10600.00 37571.00
24/04/2017 3.55 3.46 3.69 3.46 37 28700.00 100610.00
25/04/2017 3.44 3.23 3.44 3.35 64 34400.00 114910.00
26/04/2017 3.35 3.35 3.62 3.50 94 56300.00 198010.00
27/04/2017 3.59 3.50 3.62 3.62 32 25900.00 92064.00
28/04/2017 3.61 3.52 3.65 3.65 28 12300.00 44477.00
02/05/2017 3.65 3.65 3.97 3.85 110 38400.00 147308.00
03/05/2017 3.87 3.86 3.95 3.93 53 18100.00 70901.00
04/05/2017 4.09 3.97 4.14 4.10 120 70400.00 285203.00
05/05/2017 4.10 4.10 4.29 4.29 92 41800.00 176668.00
08/05/2017 4.30 4.29 4.58 4.50 92 60500.00 269782.00
09/05/2017 4.55 4.14 4.74 4.51 228 127300.00 579573.00
10/05/2017 4.54 4.33 4.64 4.40 57 19700.00 87816.00
11/05/2017 4.32 3.90 4.32 4.03 143 88700.00 364249.00
12/05/2017 4.00 3.90 4.30 4.19 73 35200.00 142930.00
15/05/2017 4.18 4.06 4.18 4.08 40 16100.00 65754.00
16/05/2017 4.18 3.99 4.18 3.99 37 18100.00 73459.00
17/05/2017 4.00 3.93 4.03 4.02 40 17200.00 68626.00
18/05/2017 3.35 3.30 3.88 3.62 99 57200.00 201501.00
19/05/2017 3.70 3.62 3.89 3.62 63 28500.00 106652.00
22/05/2017 3.83 3.56 3.85 3.65 21 7700.00 27870.00
23/05/2017 3.61 3.60 3.69 3.68 23 8400.00 30652.00
24/05/2017 3.72 3.72 4.00 3.90 34 9500.00 36684.00
25/05/2017 3.95 3.90 4.05 3.95 40 16900.00 67431.00
26/05/2017 4.00 3.71 4.07 3.71 49 24700.00 95336.00
29/05/2017 3.74 3.74 4.00 3.81 41 9200.00 35161.00
30/05/2017 3.80 3.80 3.93 3.80 18 7400.00 28162.00
31/05/2017 3.76 3.72 3.98 3.91 38 13600.00 51272.00
01/06/2017 3.85 3.75 3.97 3.84 20 9900.00 37871.00
02/06/2017 3.84 3.74 3.96 3.75 17 4300.00 16372.00
05/06/2017 3.95 3.75 3.95 3.89 29 14800.00 56045.00
06/06/2017 3.80 3.65 3.84 3.65 76 87700.00 325210.00
07/06/2017 3.67 3.55 3.80 3.65 35 17200.00 62703.00
08/06/2017 3.64 3.38 3.64 3.51 51 28500.00 99577.00
09/06/2017 3.44 3.43 3.55 3.43 29 17200.00 60036.00
12/06/2017 3.43 3.31 3.50 3.43 51 32000.00 108216.00
13/06/2017 3.43 3.29 3.43 3.35 38 31100.00 102985.00
14/06/2017 3.44 3.31 3.45 3.37 43 17800.00 60320.00
16/06/2017 3.32 3.30 3.39 3.37 18 8400.00 27867.00
