18/10/2016 2484.80 2484.80 2484.90 2484.90 3 218.00 32501952.00
28/11/2016 2557.00 2551.30 2566.40 2558.60 14 985.00 151225638.00
29/11/2016 2556.50 2556.50 2563.80 2563.80 5 245.00 37619100.00
30/11/2016 2545.40 2518.60 2545.40 2521.50 4 145.00 21955950.00
01/12/2016 2594.00 2594.00 2594.00 2594.00 2 15.00 2334600.00
02/12/2016 2606.20 2606.20 2606.20 2606.20 2 70.00 10946040.00
05/12/2016 2585.00 2585.00 2585.00 2585.00 3 30.00 4653000.00
06/12/2016 2582.00 2554.00 2582.40 2560.70 6 51.00 7887090.00
07/12/2016 2547.50 2547.50 2570.00 2560.00 6 29.00 4437300.00
08/12/2016 2532.40 2532.40 2532.40 2532.40 2 45.00 6837480.00
09/12/2016 2517.00 2517.00 2519.00 2519.00 4 30.00 4532340.00
14/12/2016 2515.50 2510.00 2515.50 2510.00 3 35.00 5277600.00
15/12/2016 2529.80 2490.60 2529.80 2490.60 4 30.00 4541880.00
16/12/2016 2480.00 2480.00 2491.20 2480.00 8 97.00 14468160.00
19/12/2016 2470.40 2450.80 2470.40 2450.80 7 229.00 33849492.00
20/12/2016 2436.00 2430.10 2436.00 2430.10 4 30.00 4378860.00
21/12/2016 2421.00 2421.00 2421.00 2421.00 2 56.00 8134560.00
22/12/2016 2408.00 2407.90 2408.00 2407.90 3 165.00 23838834.00
23/12/2016 2372.00 2347.10 2372.00 2347.10 4 365.00 51416430.00
26/12/2016 2358.00 2358.00 2358.00 2358.00 1 2.00 282960.00
27/12/2016 2360.00 2359.00 2363.00 2359.00 7 328.00 46444260.00
28/12/2016 2346.00 2346.00 2351.00 2351.00 5 729.00 102721080.00
