28/11/2016 2589.00 2589.00 2589.00 2589.00 3 544.00 84504960.00
29/11/2016 2582.40 2582.40 2582.40 2582.40 2 185.00 28664640.00
01/12/2016 2614.00 2614.00 2614.00 2614.00 2 7.00 1097880.00
08/12/2016 2555.00 2555.00 2555.00 2555.00 2 9.00 1379700.00
13/12/2016 2522.00 2522.00 2522.00 2522.00 2 7.00 1059240.00
14/12/2016 2537.20 2537.20 2537.20 2537.20 2 65.00 9895080.00
16/12/2016 2501.50 2501.50 2501.50 2501.50 2 4.00 600360.00
21/12/2016 2439.10 2436.50 2439.10 2436.50 4 52.00 7608900.00
23/12/2016 2380.00 2366.10 2380.00 2366.10 4 30.00 4275660.00
27/12/2016 2379.00 2377.00 2379.00 2377.80 6 326.00 46526694.00
28/12/2016 2368.70 2365.20 2370.90 2368.60 6 900.00 127868496.00
29/12/2016 2366.00 2357.90 2366.00 2360.10 4 7.00 991200.00
03/01/2017 2384.70 2358.90 2384.70 2372.50 10 215.00 30610812.00
04/01/2017 2357.90 2357.90 2357.90 2357.90 2 35.00 4951590.00
05/01/2017 2359.60 2359.00 2366.90 2366.90 7 42.00 5951106.00
06/01/2017 2355.70 2355.60 2365.10 2364.00 6 37.00 5241864.00
09/01/2017 2374.60 2366.80 2374.60 2366.80 6 45.00 6396942.00
10/01/2017 2368.70 2368.70 2368.70 2368.70 2 15.00 2131830.00
12/01/2017 2387.40 2387.40 2398.30 2396.80 7 46.00 6612174.00
13/01/2017 2409.50 2409.50 2418.70 2418.70 5 130.00 18852090.00
16/01/2017 2426.00 2426.00 2434.00 2434.00 4 15.00 2188200.00
17/01/2017 2429.00 2429.00 2432.80 2432.80 3 31.00 4522728.00
18/01/2017 2442.00 2442.00 2442.00 2442.00 2 4.00 586080.00
19/01/2017 2428.00 2416.90 2428.00 2426.00 6 81.00 11775180.00
20/01/2017 2399.80 2399.80 2401.50 2400.70 5 175.00 25205700.00
23/01/2017 2406.60 2398.00 2406.60 2398.00 3 15.00 2161980.00
24/01/2017 2407.00 2407.00 2410.50 2409.40 6 83.00 11993328.00
26/01/2017 2397.50 2397.50 2402.00 2400.60 5 696.00 100193550.00
27/01/2017 2390.00 2380.00 2393.00 2380.00 8 822.00 117530520.00
30/01/2017 2375.00 2356.20 2375.00 2356.20 4 512.00 72476820.00
