01/03/2017 2425.70 2425.70 2425.70 2425.70 2 180.00 26197560.00
10/03/2017 2426.10 2426.10 2426.20 2426.20 2 180.00 26202582.00
14/03/2017 2445.80 2445.80 2445.80 2445.80 2 405.00 59432940.00
16/03/2017 2426.50 2426.50 2440.80 2440.80 7 350.00 51205770.00
17/03/2017 2426.90 2426.90 2427.40 2427.40 2 15.00 2184510.00
20/03/2017 2411.50 2411.50 2411.50 2411.50 2 20.00 2893800.00
21/03/2017 2409.30 2409.30 2414.10 2414.10 4 151.00 21868590.00
22/03/2017 2407.50 2407.50 2407.50 2407.50 2 10.00 1444500.00
23/03/2017 2406.50 2406.50 2425.50 2425.50 5 235.00 34096950.00
24/03/2017 2402.30 2402.30 2402.30 2402.30 2 15.00 2162070.00
28/03/2017 2423.90 2423.90 2423.90 2423.90 1 10.00 1454340.00
29/03/2017 2426.90 2421.10 2426.90 2421.10 2 10.00 1454400.00
30/03/2017 2432.30 2432.30 2432.30 2432.30 2 10.00 1459380.00
31/03/2017 2420.10 2420.10 2420.10 2420.10 2 195.00 28315170.00
03/04/2017 2393.60 2393.60 2393.60 2393.60 1 20.00 2872320.00
04/04/2017 2369.10 2369.10 2369.10 2369.10 2 65.00 9239490.00
05/04/2017 2375.60 2375.60 2375.60 2375.60 2 5.00 712680.00
06/04/2017 2402.60 2402.60 2402.60 2402.60 2 35.00 5045460.00
07/04/2017 2390.30 2390.30 2390.30 2390.30 1 10.00 1434180.00
10/04/2017 2377.20 2374.80 2377.20 2374.80 4 145.00 20680452.00
12/04/2017 2385.10 2384.70 2385.10 2384.70 5 100.00 14309400.00
13/04/2017 2403.50 2403.50 2403.50 2403.50 1 5.00 721050.00
17/04/2017 2379.10 2379.10 2379.10 2379.10 2 50.00 7137300.00
18/04/2017 2374.20 2374.20 2374.20 2374.20 2 10.00 1424520.00
19/04/2017 2370.00 2370.00 2370.00 2370.00 2 10.00 1422000.00
20/04/2017 2384.80 2384.70 2399.00 2399.00 3 16.00 2293608.00
24/04/2017 2391.00 2391.00 2391.00 2391.00 1 140.00 20084400.00
25/04/2017 2392.50 2392.50 2392.50 2392.50 1 5.00 717750.00
26/04/2017 2397.70 2390.00 2397.70 2392.20 6 116.00 16651092.00
27/04/2017 2384.40 2384.40 2397.10 2397.00 10 1292.00 185126886.00
28/04/2017 2403.00 2391.50 2403.00 2391.50 5 82.00 11774394.00
02/05/2017 2413.00 2386.20 2413.00 2386.20 4 122.00 17583810.00
03/05/2017 2348.00 2347.90 2354.00 2354.00 5 84.00 11839074.00
04/05/2017 2357.00 2357.00 2375.80 2371.90 5 128.00 18161430.00
05/05/2017 2371.90 2371.90 2371.90 2371.90 2 10.00 1423140.00
08/05/2017 2376.60 2376.60 2376.60 2376.60 1 2.00 285192.00
09/05/2017 2354.60 2346.90 2359.50 2350.00 5 195.00 27545250.00
10/05/2017 2342.80 2342.20 2342.90 2342.20 3 151.00 21225930.00
11/05/2017 2336.00 2329.70 2336.00 2333.20 4 670.00 93799182.00
12/05/2017 2316.80 2316.80 2316.80 2316.80 1 5.00 695040.00
15/05/2017 2309.70 2307.90 2309.70 2307.90 2 14.00 1939068.00
16/05/2017 2309.20 2307.10 2309.30 2309.00 5 727.00 100715526.00
17/05/2017 2315.50 2315.50 2327.00 2327.00 2 115.00 15994200.00
19/05/2017 2465.30 2425.10 2465.30 2425.10 4 65.00 9566430.00
22/05/2017 2460.50 2455.00 2460.50 2455.00 2 10.00 1474650.00
23/05/2017 2442.00 2442.00 2442.00 2442.00 1 1.00 146520.00
29/05/2017 2436.00 2434.40 2436.00 2435.00 4 156.00 22786776.00
30/05/2017 2440.20 2432.40 2440.20 2435.00 7 1060.00 155178306.00
