20/04/2017 2397.80 2397.70 2397.80 2397.70 3 11.00 1582530.00
23/05/2017 2467.00 2466.90 2467.00 2466.90 3 11.00 1628178.00
29/05/2017 2446.00 2446.00 2448.30 2448.30 2 6.00 881250.00
30/05/2017 2456.10 2449.50 2457.00 2457.00 8 1061.00 156338682.00
31/05/2017 2450.00 2450.00 2450.00 2450.00 2 77.00 11319000.00
01/06/2017 2460.00 2401.00 2460.00 2401.00 3 78.00 11509260.00
02/06/2017 2414.40 2414.40 2436.90 2436.90 2 252.00 36609678.00
05/06/2017 2447.00 2447.00 2447.00 2447.00 2 77.00 11305140.00
06/06/2017 2473.60 2473.60 2473.70 2473.70 2 5.00 742092.00
07/06/2017 2488.70 2484.50 2488.70 2484.50 4 320.00 47764044.00
12/06/2017 2516.10 2516.00 2516.10 2516.00 3 77.00 11623974.00
13/06/2017 2499.90 2499.80 2499.90 2499.80 2 5.00 749964.00
14/06/2017 2517.00 2493.90 2518.40 2493.90 6 593.00 89448408.00
16/06/2017 2515.50 2515.50 2515.60 2515.60 3 77.00 11621910.00
