20/06/2016 1.34 1.34 1.34 1.34 1 100.00 134.00
22/06/2016 1.16 1.15 1.30 1.30 6 1400.00 1674.00
23/06/2016 1.20 1.15 1.25 1.22 5 2600.00 3093.00
24/06/2016 1.20 1.20 1.20 1.20 1 100.00 120.00
27/06/2016 1.20 1.20 1.25 1.25 5 1800.00 2185.00
28/06/2016 1.20 1.18 1.20 1.18 4 1400.00 1660.00
29/06/2016 1.05 1.05 1.20 1.11 9 1500.00 1645.00
30/06/2016 1.25 1.25 1.25 1.25 3 1000.00 1250.00
01/07/2016 1.25 1.25 1.25 1.25 1 1700.00 2125.00
04/07/2016 1.15 1.12 1.21 1.21 10 3600.00 4080.00
05/07/2016 1.25 1.25 1.25 1.25 2 2100.00 2625.00
06/07/2016 1.25 1.25 1.25 1.25 8 1400.00 1750.00
07/07/2016 1.34 1.34 1.34 1.34 4 800.00 1072.00
11/07/2016 1.19 1.19 1.29 1.19 5 600.00 724.00
12/07/2016 1.32 1.32 1.32 1.32 1 200.00 264.00
15/07/2016 1.34 1.34 1.35 1.35 3 1500.00 2021.00
18/07/2016 1.35 1.35 1.35 1.35 1 200.00 270.00
19/07/2016 1.36 1.36 1.45 1.45 4 3400.00 4840.00
20/07/2016 1.44 1.44 1.44 1.44 1 100.00 144.00
21/07/2016 1.44 1.44 1.55 1.55 3 800.00 1163.00
22/07/2016 1.56 1.56 1.81 1.80 10 5600.00 8881.00
25/07/2016 2.00 2.00 2.13 2.13 33 19500.00 40581.00
26/07/2016 2.14 2.14 2.30 2.22 12 7300.00 15952.00
27/07/2016 1.90 1.70 1.90 1.87 10 3900.00 7166.00
28/07/2016 2.00 1.71 2.01 1.71 18 9000.00 16214.00
29/07/2016 1.84 1.70 1.84 1.70 11 5600.00 9597.00
01/08/2016 1.70 1.70 1.70 1.70 3 2300.00 3910.00
02/08/2016 1.57 1.57 1.69 1.60 8 3400.00 5511.00
04/08/2016 1.61 1.57 1.61 1.57 6 6000.00 9530.00
05/08/2016 1.61 1.61 1.74 1.74 8 4100.00 6955.00
08/08/2016 1.74 1.73 1.74 1.74 7 4100.00 7133.00
11/08/2016 1.74 1.74 1.74 1.74 1 100.00 174.00
12/08/2016 1.74 1.74 1.74 1.74 1 200.00 348.00
16/08/2016 1.60 1.52 1.68 1.68 13 17400.00 27680.00
17/08/2016 1.74 1.73 1.74 1.73 5 1400.00 2423.00
18/08/2016 1.74 1.72 1.74 1.72 2 300.00 518.00
25/08/2016 1.54 1.53 1.55 1.55 3 900.00 1386.00
26/08/2016 1.55 1.55 1.69 1.69 3 500.00 789.00
29/08/2016 1.69 1.69 1.69 1.69 1 300.00 507.00
31/08/2016 1.55 1.52 1.68 1.52 8 3000.00 4636.00
01/09/2016 1.68 1.68 1.68 1.68 1 100.00 168.00
02/09/2016 1.60 1.52 1.60 1.52 12 4500.00 6995.00
05/09/2016 1.50 1.50 1.50 1.50 7 19300.00 28950.00
08/09/2016 1.51 1.50 1.51 1.50 5 2100.00 3161.00
13/09/2016 1.39 1.39 1.39 1.39 1 100.00 139.00
14/09/2016 1.39 1.39 1.39 1.39 3 5000.00 6950.00
15/09/2016 1.35 1.35 1.35 1.35 1 100.00 135.00
16/09/2016 1.35 1.35 1.35 1.35 3 400.00 540.00
20/09/2016 1.23 1.23 1.34 1.34 2 200.00 257.00
21/09/2016 1.34 1.34 1.34 1.34 1 100.00 134.00
22/09/2016 1.34 1.34 1.34 1.34 1 100.00 134.00
23/09/2016 1.33 1.33 1.33 1.33 1 1500.00 1995.00
27/09/2016 1.34 1.34 1.34 1.34 3 1300.00 1742.00
29/09/2016 1.22 1.22 1.41 1.35 8 14800.00 19459.00
03/10/2016 1.22 1.22 1.25 1.25 5 3200.00 3940.00
04/10/2016 1.25 1.20 1.25 1.20 9 4000.00 4876.00
05/10/2016 1.20 1.20 1.25 1.25 3 4000.00 4850.00
07/10/2016 1.37 1.36 1.37 1.36 5 900.00 1232.00
10/10/2016 1.37 1.37 1.37 1.37 2 200.00 274.00
11/10/2016 1.36 1.35 1.36 1.35 3 400.00 542.00
13/10/2016 1.01 1.01 1.18 1.06 97 170800.00 177814.00
14/10/2016 1.15 1.05 1.15 1.05 52 36500.00 39527.00
17/10/2016 1.05 1.01 1.11 1.11 60 76100.00 78154.00
18/10/2016 1.12 1.05 1.12 1.05 28 17700.00 19051.00
19/10/2016 1.06 1.05 1.13 1.12 21 10100.00 11041.00
20/10/2016 1.12 1.07 1.12 1.08 12 3900.00 4197.00
21/10/2016 1.06 1.04 1.08 1.04 26 16200.00 17085.00
24/10/2016 1.07 1.07 1.10 1.10 13 8500.00 9253.00
25/10/2016 1.11 1.07 1.13 1.10 37 21800.00 24150.00
26/10/2016 1.07 1.07 1.16 1.16 71 44200.00 49905.00
27/10/2016 1.18 1.18 1.43 1.28 338 209100.00 272671.00
28/10/2016 1.28 1.16 1.28 1.19 73 43900.00 53196.00
31/10/2016 1.22 1.09 1.25 1.09 30 12200.00 14267.00
01/11/2016 1.20 1.15 1.30 1.23 76 43400.00 52946.00
03/11/2016 1.20 1.12 1.25 1.12 32 52100.00 61822.00
04/11/2016 1.13 1.13 1.23 1.18 32 13700.00 15945.00
07/11/2016 1.16 1.15 1.19 1.19 38 23700.00 27932.00
08/11/2016 1.19 1.19 1.24 1.22 16 9200.00 11158.00
09/11/2016 1.16 1.13 1.16 1.13 23 18000.00 20658.00
10/11/2016 1.16 1.16 1.17 1.16 5 2300.00 2678.00
11/11/2016 1.13 1.12 1.13 1.12 6 1500.00 1691.00
14/11/2016 1.13 1.09 1.13 1.09 12 12200.00 13393.00
16/11/2016 1.10 1.09 1.12 1.11 10 4000.00 4426.00
17/11/2016 1.10 1.10 1.12 1.12 6 1300.00 1432.00
18/11/2016 1.10 1.09 1.10 1.10 3 7800.00 8570.00
21/11/2016 1.10 1.08 1.10 1.10 7 7100.00 7684.00
22/11/2016 1.08 1.03 1.12 1.12 10 3000.00 3244.00
23/11/2016 1.05 1.05 1.10 1.10 5 1600.00 1725.00
24/11/2016 1.07 1.07 1.07 1.07 1 400.00 428.00
28/11/2016 1.07 1.03 1.09 1.03 13 10900.00 11594.00
29/11/2016 1.03 1.03 1.05 1.03 4 1600.00 1652.00
30/11/2016 1.08 1.03 1.09 1.03 7 4300.00 4573.00
01/12/2016 1.08 1.08 1.08 1.08 4 1600.00 1728.00
02/12/2016 1.06 1.05 1.06 1.06 4 1000.00 1053.00
05/12/2016 1.05 1.01 1.05 1.01 8 24500.00 24833.00
06/12/2016 1.04 1.01 1.04 1.01 3 600.00 614.00
07/12/2016 1.04 1.04 1.04 1.04 3 1300.00 1352.00
08/12/2016 1.02 1.01 1.04 1.01 6 32700.00 33210.00
09/12/2016 1.01 1.01 1.03 1.02 8 33000.00 33383.00
12/12/2016 1.01 1.01 1.02 1.02 5 3800.00 3844.00
13/12/2016 1.02 1.02 1.02 1.02 2 1800.00 1836.00
15/12/2016 1.06 1.05 1.06 1.05 2 200.00 211.00
19/12/2016 1.04 1.04 1.04 1.04 1 100.00 104.00
21/12/2016 1.02 1.02 1.06 1.06 3 5900.00 6022.00
22/12/2016 1.04 1.04 1.04 1.04 1 100.00 104.00
23/12/2016 1.01 1.01 1.04 1.02 5 2500.00 2560.00
26/12/2016 1.03 1.03 1.03 1.03 5 890000.00 916700.00
29/12/2016 1.02 1.02 1.02 1.02 3 2600.00 2652.00
02/01/2017 1.02 1.01 1.05 1.05 3 1400.00 1436.00
03/01/2017 1.01 1.01 1.04 1.04 3 600.00 612.00
04/01/2017 1.05 1.04 1.05 1.04 6 5800.00 6084.00
05/01/2017 1.04 1.04 1.04 1.04 1 1200.00 1248.00
06/01/2017 1.04 1.01 1.04 1.03 9 10300.00 10631.00
09/01/2017 1.04 1.03 1.04 1.03 4 6500.00 6710.00
10/01/2017 1.02 1.02 1.09 1.09 5 1900.00 2025.00
11/01/2017 1.06 1.06 1.06 1.06 2 1600.00 1696.00
12/01/2017 1.06 1.02 1.10 1.02 6 1300.00 1386.00
13/01/2017 1.05 1.05 1.05 1.05 1 900.00 945.00
16/01/2017 1.05 1.05 1.05 1.05 2 5000.00 5250.00
17/01/2017 1.05 1.05 1.18 1.17 7 2300.00 2503.00
18/01/2017 1.17 1.08 1.17 1.08 12 4600.00 5226.00
19/01/2017 1.08 1.08 1.35 1.25 46 44700.00 56312.00
20/01/2017 1.34 1.23 1.34 1.23 25 21000.00 26912.00
23/01/2017 1.20 1.19 1.27 1.19 16 8300.00 10172.00
24/01/2017 1.19 1.19 1.30 1.22 22 8900.00 10975.00
26/01/2017 1.22 1.21 1.22 1.21 8 5700.00 6951.00
27/01/2017 1.20 1.19 1.20 1.19 4 2900.00 3452.00
30/01/2017 1.23 1.18 1.23 1.18 2 1100.00 1348.00
31/01/2017 1.18 1.18 1.18 1.18 1 200.00 236.00
01/02/2017 1.25 1.20 1.27 1.21 17 25600.00 32015.00
02/02/2017 1.21 1.21 1.25 1.25 4 5700.00 6909.00
03/02/2017 1.21 1.21 1.22 1.21 4 2241600.00 2712366.00
06/02/2017 1.27 1.24 1.27 1.24 7 1600.00 2025.00
07/02/2017 1.24 1.24 1.24 1.24 2 1800.00 2232.00
08/02/2017 1.26 1.12 1.26 1.19 9 2400.00 2833.00
09/02/2017 1.25 1.20 1.26 1.20 9 5100.00 6193.00
10/02/2017 1.26 1.21 1.26 1.21 6 1600.00 1966.00
13/02/2017 1.23 1.21 1.23 1.22 3 1300.00 1593.00
14/02/2017 1.21 1.20 1.21 1.21 7 4200.00 5079.00
15/02/2017 1.21 1.21 1.41 1.41 62 47700.00 62385.00
16/02/2017 1.50 1.30 1.62 1.30 108 70300.00 103395.00
17/02/2017 1.32 1.32 1.43 1.32 23 10400.00 13868.00
20/02/2017 1.45 1.35 1.45 1.36 14 10300.00 13999.00
21/02/2017 1.32 1.32 1.36 1.32 9 5400.00 7282.00
22/02/2017 1.30 1.25 1.45 1.25 29 20500.00 27002.00
23/02/2017 1.35 1.27 1.35 1.27 5 1800.00 2310.00
24/02/2017 1.25 1.15 1.26 1.15 14 13800.00 16681.00
01/03/2017 1.25 1.25 1.35 1.35 6 800.00 1062.00
02/03/2017 1.25 1.21 1.25 1.25 7 4100.00 5064.00
03/03/2017 1.30 1.30 1.32 1.32 3 300.00 393.00
07/03/2017 1.21 1.21 1.21 1.21 3 1500.00 1815.00
08/03/2017 1.23 1.21 1.23 1.21 6 3100.00 3781.00
09/03/2017 1.22 1.22 1.22 1.22 2 700.00 854.00
10/03/2017 1.23 1.21 1.32 1.32 15 6100.00 7613.00
13/03/2017 1.21 1.21 1.25 1.25 6 2600.00 3170.00
14/03/2017 1.25 1.25 1.25 1.25 3 1500.00 1875.00
16/03/2017 1.25 1.19 1.25 1.19 8 4200.00 5065.00
20/03/2017 1.20 1.20 1.20 1.20 2 500.00 600.00
21/03/2017 1.20 1.17 1.20 1.17 7 2200.00 2594.00
22/03/2017 1.17 1.13 1.17 1.13 4 700.00 807.00
23/03/2017 1.15 1.15 1.15 1.15 5 2100.00 2415.00
27/03/2017 1.15 1.15 1.15 1.15 1 100.00 115.00
28/03/2017 1.16 1.16 1.16 1.16 3 4500.00 5220.00
30/03/2017 1.21 1.21 1.21 1.21 1 200.00 242.00
31/03/2017 1.13 1.13 1.18 1.15 8 2200.00 2519.00
03/04/2017 1.15 1.15 1.15 1.15 2 400.00 460.00
04/04/2017 1.15 1.15 1.15 1.15 3 4000.00 4600.00
05/04/2017 1.15 1.15 1.15 1.15 2 3000.00 3450.00
06/04/2017 1.15 1.14 1.15 1.14 4 3000.00 3430.00
07/04/2017 1.14 1.14 1.14 1.14 1 200.00 228.00
10/04/2017 1.14 1.14 1.14 1.14 1 1000.00 1140.00
11/04/2017 1.17 1.17 1.18 1.18 2 600.00 707.00
12/04/2017 1.12 1.12 1.13 1.12 4 5700.00 6434.00
13/04/2017 1.20 1.15 1.27 1.15 14 11100.00 13427.00
17/04/2017 1.15 1.14 1.15 1.14 5 2300.00 2625.00
18/04/2017 1.13 1.12 1.13 1.13 6 5700.00 6396.00
20/04/2017 1.11 1.11 1.11 1.11 1 1400.00 1554.00
24/04/2017 1.10 1.04 1.17 1.17 11 3900.00 4335.00
25/04/2017 1.15 1.05 1.16 1.08 6 2000.00 2183.00
27/04/2017 1.13 1.13 1.17 1.15 9 3900.00 4482.00
28/04/2017 1.17 1.17 1.17 1.17 3 600.00 702.00
02/05/2017 1.17 1.17 1.20 1.20 2 700.00 837.00
03/05/2017 1.19 1.19 1.19 1.19 1 400.00 476.00
04/05/2017 1.10 1.07 1.10 1.07 5 700.00 761.00
05/05/2017 1.15 1.07 1.15 1.07 4 1100.00 1232.00
08/05/2017 1.11 1.11 1.15 1.15 3 1000.00 1125.00
09/05/2017 1.15 1.15 1.15 1.15 2 300.00 345.00
10/05/2017 1.20 1.20 1.20 1.20 1 500.00 600.00
11/05/2017 1.20 1.20 1.20 1.20 2 300.00 360.00
12/05/2017 1.20 1.15 1.20 1.15 2 1100.00 1270.00
15/05/2017 1.11 1.07 1.11 1.07 8 12400.00 13365.00
16/05/2017 1.12 1.10 1.16 1.10 6 3700.00 4106.00
17/05/2017 1.10 1.10 1.15 1.15 3 600.00 680.00
18/05/2017 1.07 1.05 1.08 1.05 11 6500.00 6886.00
19/05/2017 1.04 1.04 1.10 1.10 6 6900.00 7253.00
23/05/2017 1.15 1.15 1.15 1.15 1 100.00 115.00
24/05/2017 1.14 1.14 1.15 1.15 3 1100.00 1258.00
25/05/2017 1.15 1.15 1.15 1.15 1 200.00 230.00
26/05/2017 1.11 1.10 1.12 1.10 5 2500.00 2782.00
29/05/2017 1.10 1.08 1.15 1.08 17 6700.00 7563.00
30/05/2017 1.10 1.10 1.14 1.14 3 500.00 562.00
31/05/2017 1.14 1.14 1.14 1.14 1 2000.00 2280.00
02/06/2017 1.14 1.14 1.14 1.14 1 500.00 570.00
05/06/2017 1.12 1.12 1.13 1.13 4 1500.00 1687.00
06/06/2017 1.15 1.13 1.15 1.14 6 6100.00 6949.00
08/06/2017 1.12 1.12 1.12 1.12 2 1500.00 1680.00
12/06/2017 1.11 1.11 1.18 1.18 3 1300.00 1527.00
13/06/2017 1.15 1.11 1.16 1.16 4 5300.00 6092.00
14/06/2017 1.12 1.12 1.20 1.20 3 1400.00 1608.00
16/06/2017 1.19 1.19 1.19 1.19 1 200.00 238.00
