21/06/2016 7.85 7.85 7.85 7.85 1 203.71 1600.00
22/06/2016 8.35 8.35 8.35 8.35 1 203.71 1700.00
24/06/2016 8.35 8.35 8.35 8.35 1 203.71 1700.00
01/07/2016 8.54 8.54 8.54 8.54 1 203.71 1740.00
13/07/2016 8.35 8.35 8.35 8.35 1 509.28 4250.00
18/07/2016 7.85 7.85 8.34 8.05 6 1324.13 10474.00
20/07/2016 7.86 7.86 8.05 8.05 3 305.57 2441.00
22/07/2016 7.85 7.85 7.85 7.85 3 1120.42 8800.00
25/07/2016 7.95 7.90 8.00 7.90 4 1222.28 9705.00
26/07/2016 8.15 8.15 8.15 8.15 1 814.85 6640.00
03/08/2016 7.95 7.85 7.95 7.85 4 509.28 4040.00
12/08/2016 7.85 7.85 7.85 7.85 1 1018.57 8000.00
16/08/2016 7.90 7.90 7.90 7.90 1 305.57 2415.00
19/08/2016 7.90 7.90 7.90 7.90 2 509.28 4025.00
25/08/2016 7.85 7.85 7.85 7.85 1 101.86 800.00
26/08/2016 7.85 7.85 7.85 7.85 1 203.71 1600.00
30/08/2016 8.24 8.24 8.24 8.24 1 407.43 3356.00
05/09/2016 8.05 7.86 8.05 7.86 10 7129.96 56476.00
08/09/2016 7.90 7.90 7.90 7.90 1 1018.57 8050.00
12/09/2016 7.85 7.85 7.85 7.85 1 1018.57 8000.00
13/09/2016 7.85 7.85 7.85 7.85 1 407.43 3200.00
19/09/2016 7.85 7.85 7.85 7.85 1 101.86 800.00
20/09/2016 7.86 7.86 7.86 7.86 1 1018.57 8010.00
21/09/2016 8.05 8.05 8.25 8.25 2 305.57 2480.00
23/09/2016 8.05 8.05 8.05 8.05 1 305.57 2460.00
29/09/2016 9.82 9.82 9.82 9.82 1 916.71 9000.00
05/10/2016 8.35 8.35 8.35 8.35 3 814.85 6800.00
13/10/2016 7.85 7.85 7.85 7.85 3 305.57 2400.00
14/10/2016 7.95 7.95 7.95 7.95 2 509.28 4050.00
19/10/2016 7.95 7.95 7.95 7.95 1 101.86 810.00
21/10/2016 7.95 7.95 7.95 7.95 1 509.28 4050.00
25/10/2016 7.95 7.95 7.95 7.95 1 407.43 3240.00
28/10/2016 7.95 7.95 7.95 7.95 1 407.43 3240.00
31/10/2016 7.95 7.95 7.95 7.95 1 203.71 1620.00
07/11/2016 9.82 9.82 9.82 9.82 1 203.71 2000.00
08/11/2016 9.71 9.71 9.71 9.71 1 305.57 2967.00
14/11/2016 8.84 8.84 8.84 8.84 1 101.86 900.00
21/11/2016 8.84 8.84 8.84 8.84 1 101.86 900.00
02/12/2016 7.95 7.95 7.95 7.95 4 407.43 3240.00
05/12/2016 7.96 7.96 7.96 7.96 2 1222.28 9732.00
07/12/2016 7.97 7.97 7.97 7.97 1 509.28 4060.00
15/12/2016 7.97 7.97 7.97 7.97 1 509.28 4060.00
19/12/2016 7.97 7.97 7.97 7.97 2 1120.42 8932.00
03/01/2017 8.06 8.05 8.06 8.05 2 407.43 3282.00
10/01/2017 8.05 8.05 8.05 8.05 1 509.28 4100.00
19/01/2017 8.05 8.05 8.05 8.05 1 509.28 4100.00
20/01/2017 8.05 8.05 8.05 8.05 1 101.86 820.00
23/01/2017 8.05 8.05 8.05 8.05 1 407.43 3280.00
24/01/2017 8.05 8.05 8.05 8.05 1 203.71 1640.00
26/01/2017 8.15 8.15 8.15 8.15 1 407.43 3320.00
01/02/2017 8.05 8.05 8.05 8.05 1 1018.57 8200.00
03/02/2017 8.05 8.05 8.05 8.05 1 305.57 2460.00
10/02/2017 8.05 8.05 8.05 8.05 2 509.28 4100.00
16/02/2017 8.25 8.25 8.25 8.25 1 203.71 1680.00
20/02/2017 8.05 8.05 8.05 8.05 2 611.14 4920.00
01/03/2017 8.20 8.20 8.20 8.20 1 101.86 835.00
02/03/2017 8.25 8.25 8.25 8.25 3 1018.57 8400.00
07/03/2017 8.06 8.05 8.06 8.05 2 1324.13 10665.00
13/03/2017 8.25 8.25 8.25 8.25 2 203.71 1680.00
22/03/2017 8.15 8.15 8.15 8.15 1 101.86 830.00
24/03/2017 8.15 8.15 8.15 8.15 1 203.71 1660.00
07/04/2017 8.08 8.08 8.09 8.08 5 1935.27 15642.00
28/04/2017 8.08 8.08 8.08 8.08 1 101.86 823.00
12/05/2017 8.00 8.00 8.00 8.00 1 300.00 2400.00
16/05/2017 8.00 8.00 8.00 8.00 2 200.00 1600.00
17/05/2017 8.00 8.00 8.00 8.00 1 100.00 800.00
05/06/2017 10.00 10.00 10.00 10.00 3 1000.00 10000.00
12/06/2017 7.91 7.91 7.93 7.93 2 300.00 2375.00
