22/06/2016 5.94 5.94 5.94 5.94 1 1039.09 6170.00
27/06/2016 5.97 5.97 5.97 5.97 1 103.91 620.00
29/06/2016 5.49 5.49 5.77 5.60 6 4156.35 23420.00
30/06/2016 5.69 5.58 5.82 5.60 10 7169.70 40747.00
01/07/2016 5.39 5.39 5.67 5.59 10 3428.99 19232.00
04/07/2016 5.87 5.82 5.87 5.82 3 519.54 3035.00
05/07/2016 5.87 5.87 5.97 5.87 4 519.54 3060.00
06/07/2016 5.87 5.87 5.87 5.87 1 207.82 1220.00
07/07/2016 5.87 5.87 5.87 5.87 1 727.36 4270.00
08/07/2016 5.68 5.68 5.68 5.68 1 1039.09 5900.00
12/07/2016 5.77 5.77 6.16 6.16 6 2389.90 14050.00
14/07/2016 6.06 6.06 6.06 6.06 4 3844.62 23310.00
18/07/2016 6.35 6.35 6.45 6.45 3 311.73 1995.00
21/07/2016 5.92 5.92 6.44 6.44 8 3532.89 21398.00
22/07/2016 6.40 6.40 6.40 6.40 1 727.36 4655.00
27/07/2016 6.40 6.34 6.64 6.64 5 4364.16 28013.00
29/07/2016 6.07 6.07 6.07 6.07 1 103.91 631.00
01/08/2016 6.35 6.26 6.62 6.62 6 623.45 3996.00
02/08/2016 6.62 6.62 7.22 7.22 5 6026.70 40086.00
03/08/2016 6.64 6.64 6.89 6.65 17 20366.10 135382.00
04/08/2016 6.82 6.74 7.12 7.12 14 23171.63 156402.00
05/08/2016 7.37 6.79 7.37 6.83 4 3325.08 22716.00
08/08/2016 6.45 6.45 6.45 6.45 1 1039.09 6700.00
09/08/2016 7.20 6.57 7.20 6.75 15 5195.43 34858.00
10/08/2016 6.78 6.78 6.78 6.78 1 207.82 1410.00
11/08/2016 7.07 7.07 7.79 7.79 12 5818.88 41895.00
12/08/2016 7.92 7.92 8.08 8.08 2 207.82 1663.00
16/08/2016 8.08 8.08 8.66 8.66 7 2909.44 23749.00
22/08/2016 8.75 8.75 8.80 8.80 2 207.82 1823.00
08/09/2016 8.63 8.63 8.63 8.63 2 3428.99 29601.00
12/09/2016 8.56 7.69 8.56 7.69 15 2389.90 18557.00
13/09/2016 7.68 7.68 7.68 7.68 4 623.45 4788.00
14/09/2016 7.31 7.22 7.60 7.22 6 1039.09 7550.00
21/09/2016 7.20 7.20 7.20 7.20 2 207.82 1496.00
23/09/2016 7.60 7.60 7.60 7.60 1 103.91 790.00
29/09/2016 7.22 7.22 7.69 7.69 2 727.36 5299.00
03/10/2016 7.70 7.70 7.70 7.70 1 207.82 1600.00
10/10/2016 7.69 7.69 7.69 7.69 1 103.91 799.00
13/10/2016 7.69 7.69 7.70 7.70 2 519.54 3998.00
14/10/2016 7.70 7.70 7.70 7.70 1 519.54 4000.00
17/10/2016 7.70 7.70 8.28 8.28 5 1870.36 14520.00
18/10/2016 8.28 8.28 8.55 8.55 3 519.54 4328.00
20/10/2016 8.18 8.18 8.18 8.18 4 727.36 5950.00
21/10/2016 7.70 7.51 8.15 8.15 3 2285.99 17627.00
24/10/2016 8.52 7.70 8.52 8.18 4 1246.90 9735.00
25/10/2016 7.70 7.70 8.08 8.08 3 2285.99 17640.00
26/10/2016 7.94 7.70 8.17 8.17 3 727.36 5774.00
27/10/2016 7.70 7.70 8.08 8.08 2 207.82 1640.00
28/10/2016 7.70 7.70 7.89 7.70 6 623.45 4839.00
31/10/2016 7.51 7.41 7.99 7.99 4 1766.45 13210.00
01/11/2016 7.51 7.47 7.70 7.52 13 10286.96 77540.00
03/11/2016 7.70 7.52 7.70 7.52 2 1143.00 8610.00
04/11/2016 7.22 7.22 7.22 7.22 1 103.91 750.00
07/11/2016 7.22 7.22 7.50 7.22 5 2909.44 21029.00
08/11/2016 7.69 7.69 7.69 7.69 1 103.91 799.00
09/11/2016 6.93 6.93 7.69 7.69 4 415.63 2999.00
11/11/2016 6.74 6.74 7.22 6.76 19 9559.60 65109.00
14/11/2016 7.11 7.11 7.12 7.12 4 1143.00 8136.00
16/11/2016 7.22 7.22 7.68 7.68 5 1870.36 14076.00
17/11/2016 8.08 8.08 8.08 8.08 1 103.91 840.00
25/11/2016 7.80 7.80 7.80 7.80 1 103.91 810.00
28/11/2016 7.71 7.70 7.99 7.99 4 831.27 6431.00
29/11/2016 8.07 8.07 8.18 8.18 2 207.82 1689.00
30/11/2016 8.18 7.72 8.18 7.72 3 2078.17 16804.00
01/12/2016 7.99 7.99 8.28 8.28 3 415.63 3360.00
06/12/2016 8.25 8.25 8.26 8.26 3 623.45 5147.00
07/12/2016 8.32 8.32 8.63 8.63 3 1454.72 12364.00
13/12/2016 8.18 8.18 8.65 8.65 3 623.45 5189.00
16/12/2016 8.61 8.61 8.61 8.61 1 103.91 895.00
20/12/2016 8.18 8.18 8.61 8.61 2 415.63 3445.00
02/01/2017 9.11 9.11 9.11 9.11 1 103.91 947.00
04/01/2017 9.13 9.13 9.13 9.13 1 207.82 1898.00
09/01/2017 8.81 8.81 8.92 8.92 3 1662.54 14778.00
12/01/2017 8.66 8.66 9.42 9.42 2 207.82 1879.00
16/01/2017 9.05 9.05 9.09 9.09 3 623.45 5650.00
17/01/2017 9.12 9.09 9.41 9.41 6 1350.81 12487.00
18/01/2017 8.82 8.81 9.41 9.41 3 623.45 5557.00
24/01/2017 9.40 9.12 9.40 9.40 5 1350.81 12643.00
26/01/2017 9.40 9.40 9.93 9.93 3 727.36 6953.00
27/01/2017 9.14 9.14 9.14 9.14 1 207.82 1900.00
30/01/2017 9.34 9.34 9.48 9.48 2 207.82 1955.00
06/02/2017 9.24 9.24 9.24 9.24 1 1039.09 9600.00
07/02/2017 9.10 9.05 9.10 9.05 4 2182.08 19795.00
08/02/2017 9.33 9.05 9.33 9.05 3 1246.90 11309.00
09/02/2017 9.19 8.85 9.19 8.85 3 1974.26 17620.00
10/02/2017 9.09 8.90 9.09 9.08 4 519.54 4664.00
13/02/2017 8.92 8.90 9.08 9.08 8 1246.90 11186.00
14/02/2017 8.85 8.66 8.85 8.67 12 4779.80 41938.00
15/02/2017 8.90 8.90 8.90 8.90 1 103.91 925.00
16/02/2017 8.67 8.62 8.67 8.66 5 1766.45 15308.00
20/02/2017 8.66 8.66 8.66 8.66 1 1039.09 9000.00
21/02/2017 8.48 8.47 8.83 8.83 4 4052.44 34718.00
22/02/2017 8.66 8.47 9.48 9.48 6 8000.97 68150.00
24/02/2017 8.61 8.61 8.61 8.61 1 103.91 895.00
01/03/2017 9.05 9.05 9.05 9.05 3 1039.09 9400.00
02/03/2017 9.05 8.66 9.05 8.66 4 4883.71 42385.00
03/03/2017 8.66 8.66 8.95 8.95 4 2285.99 20130.00
06/03/2017 8.76 8.18 8.95 8.81 12 9455.69 81985.00
07/03/2017 8.95 8.95 8.95 8.95 1 2078.17 18600.00
10/03/2017 8.67 8.67 9.04 9.04 3 519.54 4543.00
14/03/2017 9.18 9.18 9.91 9.43 11 6650.15 62900.00
15/03/2017 9.45 9.14 9.81 9.81 6 6026.70 56045.00
16/03/2017 9.80 9.80 9.81 9.81 4 1143.00 11200.00
17/03/2017 9.82 8.90 9.82 8.90 5 4156.35 38375.00
20/03/2017 9.14 9.14 9.14 9.14 4 2701.63 24700.00
21/03/2017 9.55 9.14 9.55 9.34 3 727.36 6794.00
22/03/2017 9.34 9.34 9.34 9.34 4 1974.26 18430.00
23/03/2017 9.34 9.34 9.34 9.34 1 103.91 970.00
28/03/2017 9.62 9.14 9.62 9.14 6 5922.79 54250.00
29/03/2017 9.62 9.62 9.62 9.62 1 103.91 1000.00
31/03/2017 9.43 9.14 9.62 9.62 3 1870.36 17400.00
05/04/2017 8.90 8.90 9.61 9.61 2 623.45 5920.00
17/04/2017 9.42 9.34 9.62 9.62 16 10286.96 97624.00
18/04/2017 9.61 9.48 9.61 9.48 6 3532.89 33546.00
19/04/2017 9.48 9.48 9.48 9.48 4 3428.99 32505.00
20/04/2017 9.48 8.90 9.61 9.48 8 7377.51 69796.00
24/04/2017 9.48 9.30 9.48 9.47 6 8600.00 81491.00
26/04/2017 9.95 9.95 10.25 10.25 2 300.00 3015.00
04/05/2017 9.65 9.65 10.25 10.25 2 200.00 1990.00
05/05/2017 10.25 10.25 10.35 10.35 3 1400.00 14450.00
09/05/2017 10.45 10.45 10.48 10.48 3 1000.00 10465.00
10/05/2017 10.48 10.48 10.48 10.48 1 500.00 5240.00
12/05/2017 10.25 10.25 10.25 10.25 1 100.00 1025.00
15/05/2017 10.20 10.20 10.50 10.40 9 4200.00 43849.00
16/05/2017 10.51 10.50 10.51 10.50 3 500.00 5252.00
17/05/2017 10.50 10.50 10.51 10.50 12 3700.00 38851.00
18/05/2017 10.19 10.19 10.19 10.19 1 200.00 2038.00
22/05/2017 9.75 8.32 9.75 8.65 11 2900.00 24812.00
23/05/2017 9.99 9.99 9.99 9.99 1 100.00 999.00
25/05/2017 10.45 10.45 10.45 10.45 1 300.00 3135.00
30/05/2017 10.10 10.00 10.10 10.00 3 300.00 3020.00
31/05/2017 10.20 10.20 10.20 10.20 1 100.00 1020.00
01/06/2017 10.00 10.00 10.00 10.00 1 300.00 3000.00
06/06/2017 10.10 10.10 10.32 10.32 5 3000.00 30494.00
09/06/2017 10.00 10.00 10.00 10.00 1 500.00 5000.00
