20/06/2016 25.97 25.89 26.76 26.28 11077 5814160.52 153465958.00
21/06/2016 26.16 25.83 26.42 26.38 8485 5006893.97 130985451.00
22/06/2016 26.41 25.51 26.50 25.68 11188 4734912.46 123911389.00
23/06/2016 25.87 25.75 26.52 26.30 9486 3263778.20 85524825.00
24/06/2016 25.28 25.08 25.79 25.26 13347 4412556.16 112097629.00
27/06/2016 25.23 25.23 25.92 25.75 13734 4100359.48 105181947.00
28/06/2016 26.25 25.84 26.26 26.06 11699 3233616.82 84291088.00
29/06/2016 26.41 26.26 26.68 26.47 9152 4230000.47 111936259.00
30/06/2016 26.36 26.03 26.63 26.56 9927 5469685.87 144654536.00
01/07/2016 26.62 25.99 26.62 26.08 8241 3773875.83 98585917.00
04/07/2016 26.36 26.09 26.42 26.13 4572 1441713.70 37784133.00
05/07/2016 26.04 25.34 26.14 25.41 9939 5108384.36 130515846.00
06/07/2016 25.32 24.93 25.46 25.26 15553 6480779.81 162942482.00
07/07/2016 25.27 24.94 25.59 25.02 12354 5107855.21 129151589.00
08/07/2016 25.24 25.21 26.35 26.22 14454 7707554.02 198631984.00
11/07/2016 26.38 25.95 26.46 26.08 9481 4233175.35 110577356.00
12/07/2016 26.35 26.13 26.72 26.55 16258 5837337.15 154449089.00
13/07/2016 26.50 26.09 26.71 26.64 11591 5087218.48 134663128.00
14/07/2016 26.83 26.83 27.64 27.44 17569 9844778.43 270161130.00
15/07/2016 27.50 27.43 27.81 27.61 19919 6759111.09 186476461.00
18/07/2016 27.54 27.50 28.34 28.20 13147 5077482.17 142363063.00
19/07/2016 28.16 27.58 28.24 28.06 13009 3365056.92 94161717.00
20/07/2016 28.07 27.95 28.60 28.42 13299 5631604.83 159452251.00
21/07/2016 28.35 27.91 28.53 28.04 8252 2689018.81 75754745.00
22/07/2016 27.93 27.93 28.33 28.07 7559 2096374.26 58969949.00
25/07/2016 28.22 27.43 28.22 27.73 8610 4628130.61 128142901.00
26/07/2016 27.74 27.61 28.13 27.80 8836 2758972.04 76912660.00
27/07/2016 27.83 27.24 28.09 27.45 9642 3455964.36 95455810.00
28/07/2016 27.22 26.96 27.86 27.74 6235 2267500.37 62374647.00
29/07/2016 27.73 27.43 28.61 28.48 17352 3643282.37 102955966.00
01/08/2016 28.59 28.06 29.14 28.48 12975 4318156.35 123610829.00
02/08/2016 28.30 27.71 28.47 28.16 13025 3672702.94 103434147.00
03/08/2016 27.95 27.59 28.29 28.25 13337 2772518.20 77692277.00
04/08/2016 28.35 28.04 28.89 28.67 10566 3348124.22 95785714.00
05/08/2016 28.73 28.31 28.82 28.61 11532 4279211.13 122329473.00
08/08/2016 28.57 27.85 28.57 28.32 11151 2799610.52 78987251.00
09/08/2016 28.33 28.00 29.00 28.15 11907 3103340.85 88244470.00
10/08/2016 28.32 28.12 28.53 28.23 6298 3703181.80 104654285.00
11/08/2016 28.36 28.07 29.09 28.95 12091 5628747.43 161280377.00
12/08/2016 29.25 28.79 29.37 28.95 11579 4150525.19 120419289.00
15/08/2016 29.01 28.86 29.20 28.95 9240 2443508.32 70939944.00
16/08/2016 28.84 28.66 29.07 28.70 9247 2698855.56 77602531.00
17/08/2016 28.70 27.97 28.79 28.60 13093 4480623.28 127281469.00
18/08/2016 28.65 28.21 29.14 28.21 9707 4706420.25 134108387.00
19/08/2016 28.23 27.25 28.27 27.97 10369 3567448.02 99374271.00
22/08/2016 27.85 27.11 27.99 27.43 8978 3227053.67 88597626.00
23/08/2016 27.53 27.41 28.15 27.42 11690 2913944.42 80877426.00
24/08/2016 27.43 27.22 27.97 27.78 7361 2413237.32 66890497.00
25/08/2016 27.87 27.51 28.27 28.18 7324 3593703.48 100107275.00
26/08/2016 28.36 27.75 28.55 27.88 17045 4123446.03 115794479.00
29/08/2016 27.87 27.72 28.45 28.17 9139 2591671.50 72910744.00
30/08/2016 28.24 28.00 28.51 28.36 8871 2849798.72 80834760.00
31/08/2016 28.48 28.18 28.79 28.31 11873 9137827.40 259227509.00
01/09/2016 28.21 28.19 29.14 29.14 18962 7598948.45 219253130.00
02/09/2016 29.09 29.09 29.87 29.86 14230 3651568.46 107790542.00
05/09/2016 29.81 29.50 30.09 29.79 12775 3040073.60 90483543.00
06/09/2016 29.82 29.53 30.44 30.28 15435 5635451.75 170130955.00
08/09/2016 30.11 29.67 30.39 30.21 13489 4212405.71 127202095.00
09/09/2016 29.73 28.91 30.01 29.37 13097 4447263.40 131137193.00
12/09/2016 28.94 28.94 29.76 29.58 7524 3136446.59 92138102.00
13/09/2016 29.14 28.69 29.31 28.89 12499 3779653.93 109361559.00
14/09/2016 28.81 28.76 29.14 29.04 11630 2430638.00 70518319.00
15/09/2016 29.14 28.96 29.91 29.71 9658 3107308.18 91746338.00
16/09/2016 29.43 28.96 29.55 29.08 8550 3427315.92 100091504.00
19/09/2016 29.14 28.80 29.60 28.95 9305 2623075.09 76374837.00
20/09/2016 28.96 28.78 29.11 28.78 7703 2656332.01 76823459.00
21/09/2016 28.90 28.55 29.46 29.30 11947 2828691.39 82073265.00
22/09/2016 29.57 29.33 30.14 30.14 8669 3223449.98 95919440.00
23/09/2016 30.10 29.79 30.57 30.27 9374 3284712.73 99173393.00
26/09/2016 29.96 29.35 30.21 29.66 9174 3687296.48 109480536.00
27/09/2016 29.62 29.24 30.16 30.02 8005 2032378.68 60505511.00
28/09/2016 30.11 29.62 30.28 29.93 8513 2294006.63 68620577.00
29/09/2016 30.11 29.42 30.18 29.46 14834 4250398.91 125757823.00
30/09/2016 29.54 29.02 29.67 29.02 20388 5346744.63 156145088.00
03/10/2016 29.19 28.99 29.74 29.57 15182 4445513.03 130815248.00
04/10/2016 29.44 29.28 29.72 29.68 12243 3785625.76 111927005.00
05/10/2016 29.70 29.14 30.01 29.24 9992 4245868.56 125494201.00
06/10/2016 29.29 29.10 29.41 29.20 11499 2746321.31 80277521.00
07/10/2016 29.36 29.14 29.53 29.53 10767 3084450.48 90740618.00
10/10/2016 29.59 29.59 29.97 29.95 7371 1953303.40 58244272.00
11/10/2016 29.62 29.43 29.89 29.57 6212 2907148.89 86082390.00
13/10/2016 29.43 29.15 30.16 30.01 14688 4488036.58 133883273.00
14/10/2016 30.11 29.97 30.76 30.62 10809 3958808.84 121075685.00
17/10/2016 30.53 30.32 31.07 31.00 10664 2563562.71 79099046.00
18/10/2016 31.00 30.84 31.41 31.37 14821 5015308.04 156138761.00
19/10/2016 31.34 31.09 31.76 31.40 10550 3179690.88 99639675.00
20/10/2016 31.08 30.89 31.64 31.40 6333 2683205.24 84018070.00
21/10/2016 31.46 30.82 31.46 31.13 10249 2431152.81 75720953.00
24/10/2016 31.47 30.69 31.47 30.89 6606 2337456.85 72596947.00
25/10/2016 30.83 30.50 31.17 30.73 7805 2109806.55 65139449.00
26/10/2016 30.51 30.14 30.87 30.32 7864 1818113.51 55356644.00
27/10/2016 30.30 30.21 31.00 30.55 8523 1604260.20 49184534.00
28/10/2016 30.72 29.95 31.04 30.44 9858 3090113.42 94629767.00
31/10/2016 30.59 30.40 31.22 31.22 9139 3077757.91 95290817.00
01/11/2016 31.32 30.18 31.32 30.21 9733 2536998.36 77455316.00
03/11/2016 30.21 28.66 30.21 28.94 20154 8734831.80 254138999.00
04/11/2016 28.94 28.65 29.26 28.70 11246 4741118.64 137610772.00
07/11/2016 29.28 29.14 30.14 29.89 12261 3529763.71 105131193.00
08/11/2016 29.55 29.22 30.10 29.62 13709 3817853.05 112680850.00
09/11/2016 28.66 28.37 29.55 29.31 11126 2788227.09 81205544.00
10/11/2016 29.53 27.51 29.53 27.87 23656 7926781.35 225123226.00
11/11/2016 27.60 26.81 28.62 27.29 24866 6095282.70 167339082.00
14/11/2016 27.18 26.86 27.70 27.29 22433 6066659.10 165171241.00
16/11/2016 27.31 27.13 28.56 28.23 16710 4483712.15 125474351.00
17/11/2016 28.31 27.30 28.46 27.83 11773 3217684.08 89912052.00
18/11/2016 27.68 27.51 28.54 28.16 10302 4584306.61 129126183.00
21/11/2016 28.48 27.76 28.48 28.08 9812 2996211.53 84134263.00
22/11/2016 28.36 27.94 28.91 28.29 10644 2757750.16 78463630.00
23/11/2016 28.07 27.75 28.26 27.88 9737 3301907.48 92086861.00
24/11/2016 27.88 27.24 28.06 27.35 4343 2843312.08 78679382.00
25/11/2016 27.19 26.83 27.45 27.12 8387 2270325.23 61572205.00
28/11/2016 27.29 26.63 28.07 27.83 12975 3433596.64 94619971.00
29/11/2016 27.63 27.11 27.80 27.14 9356 3054488.36 83626354.00
30/11/2016 27.47 27.17 27.77 27.48 10962 4772831.12 130718286.00
01/12/2016 26.89 25.82 27.00 26.17 21905 4652673.77 122193864.00
02/12/2016 25.74 25.38 26.81 26.71 18172 6639645.95 175320785.00
05/12/2016 26.51 26.04 26.68 26.22 10900 3736512.60 98343175.00
06/12/2016 26.03 25.54 26.64 26.42 17185 5140098.70 135232254.00
07/12/2016 26.71 26.23 27.00 26.61 11075 4019041.96 106842189.00
08/12/2016 27.00 25.93 27.00 26.22 10243 2788535.98 73400369.00
09/12/2016 26.35 25.80 26.48 25.94 12102 4541988.98 118982922.00
12/12/2016 25.79 24.81 25.88 25.08 16657 6829920.82 171704746.00
13/12/2016 24.87 24.86 26.27 25.89 22643 5593340.05 144173374.00
14/12/2016 25.71 25.28 25.86 25.55 16629 4489581.02 114928723.00
15/12/2016 25.54 25.26 26.13 25.85 13811 6309033.05 161562978.00
16/12/2016 25.77 25.46 26.42 25.71 13363 5330579.50 138293895.00
19/12/2016 25.71 25.37 26.03 25.54 11571 3804776.80 97430804.00
20/12/2016 25.76 25.36 25.76 25.73 10991 2867611.25 73483113.00
21/12/2016 25.74 25.41 25.92 25.52 11059 2809334.42 71756135.00
22/12/2016 25.43 25.35 26.32 26.32 9884 3737027.41 97064456.00
23/12/2016 26.32 26.02 26.56 26.47 10517 2653140.17 69681653.00
26/12/2016 26.55 26.26 26.68 26.54 2256 1489045.06 39411546.00
27/12/2016 26.79 25.95 26.79 26.14 8243 2904986.67 76288558.00
28/12/2016 26.23 25.79 27.18 27.18 8184 2333029.46 62498931.00
29/12/2016 27.18 26.81 27.60 27.49 7950 2447935.71 67098228.00
02/01/2017 27.05 27.01 27.79 27.02 4422 1065765.83 29201539.00
03/01/2017 27.49 27.27 28.12 27.98 11523 3455321.75 96082168.00
04/01/2017 28.12 27.65 28.99 28.86 14068 6928250.10 197633214.00
05/01/2017 28.85 28.16 28.86 28.28 12471 3486622.38 99561382.00
06/01/2017 28.20 27.53 28.33 27.85 10350 2057604.51 57264238.00
09/01/2017 27.85 27.53 28.57 28.48 9161 1736464.18 49114452.00
10/01/2017 28.51 28.19 28.71 28.71 6772 1690131.01 48288024.00
11/01/2017 28.71 27.68 29.02 27.88 13721 2735304.32 76555804.00
12/01/2017 28.65 27.58 28.77 27.58 17995 4855098.24 135753478.00
13/01/2017 27.85 26.38 27.85 26.47 20108 6635630.40 178527151.00
16/01/2017 26.51 26.08 26.70 26.27 13479 3208623.37 84637378.00
17/01/2017 26.39 26.22 26.66 26.66 14936 7928737.64 209610304.00
18/01/2017 26.66 26.38 27.03 26.48 12049 3723848.20 99554633.00
19/01/2017 26.42 26.29 26.64 26.40 9747 4815663.56 127478473.00
20/01/2017 26.53 26.38 26.81 26.54 9504 5280951.53 140452942.00
23/01/2017 26.49 26.47 27.09 26.91 12187 3272872.03 87957271.00
24/01/2017 27.00 26.42 27.07 26.57 13487 4002773.87 106240025.00
26/01/2017 26.61 26.60 27.55 27.39 11314 3616973.02 98694878.00
27/01/2017 27.37 27.22 28.29 27.94 14098 4845419.75 135156228.00
30/01/2017 27.87 27.21 28.02 27.49 11475 6304399.73 172550793.00
31/01/2017 27.76 26.93 27.76 27.11 7647 2059251.91 55939149.00
01/02/2017 27.29 26.69 27.44 26.86 11978 3535735.54 95246417.00
02/02/2017 26.56 26.25 27.15 26.99 11220 2553884.22 68548905.00
03/02/2017 26.72 26.72 27.72 26.83 10972 3751339.21 101907257.00
06/02/2017 26.83 26.83 27.33 27.22 10511 3021437.37 82209837.00
07/02/2017 27.19 26.79 27.51 27.14 6591 2005196.55 54321007.00
08/02/2017 27.16 26.50 27.16 26.71 11146 7148487.09 191220870.00
09/02/2017 26.90 26.51 26.93 26.75 7319 5563583.86 148731810.00
10/02/2017 26.85 26.39 26.92 26.78 8256 7215000.93 192447665.00
13/02/2017 27.00 26.81 27.84 27.71 15793 4843772.35 132400386.00
14/02/2017 27.79 27.25 27.92 27.35 12051 3477458.71 95821205.00
15/02/2017 27.40 27.40 28.02 28.02 14271 3462838.02 96340750.00
16/02/2017 27.70 27.70 28.83 28.65 11455 8558250.95 242589603.00
17/02/2017 28.62 28.32 28.86 28.74 9904 4232400.00 121070286.00
20/02/2017 28.76 28.54 28.96 28.80 3035 1325000.00 37997579.00
21/02/2017 28.90 28.81 29.39 29.39 7100 2384300.00 69513454.00
22/02/2017 29.33 28.80 29.58 29.32 6626 2410700.00 70546335.00
23/02/2017 29.15 29.06 30.00 29.32 12660 3914300.00 115939026.00
24/02/2017 29.03 28.44 29.24 28.62 10078 2886000.00 83008116.00
01/03/2017 29.50 28.32 29.83 28.42 12330 5382600.00 154687554.00
02/03/2017 28.30 28.08 29.07 28.94 13744 3507200.00 100478954.00
03/03/2017 28.91 28.90 29.77 29.60 12857 3621700.00 106779404.00
06/03/2017 29.46 29.00 29.54 29.45 15604 6465100.00 189046776.00
07/03/2017 29.51 29.07 29.54 29.15 9027 2652000.00 77466407.00
08/03/2017 29.33 27.78 29.33 28.78 13032 4439500.00 127182369.00
09/03/2017 28.77 28.32 29.27 28.65 12061 4474200.00 128225665.00
10/03/2017 28.76 28.70 29.66 28.99 9807 3814600.00 111595042.00
13/03/2017 29.01 28.71 29.38 28.85 7277 3017100.00 87270399.00
14/03/2017 28.78 28.70 29.50 29.00 10942 2446200.00 71172856.00
15/03/2017 29.14 28.80 29.78 29.46 12138 3178400.00 93173902.00
16/03/2017 29.50 29.35 30.36 30.15 17796 4967500.00 148688203.00
17/03/2017 30.30 29.19 30.43 29.35 14709 5474700.00 161711157.00
20/03/2017 29.19 28.85 29.60 29.00 11469 3067800.00 89730606.00
21/03/2017 28.95 28.42 29.09 28.77 15736 3580400.00 102624852.00
22/03/2017 28.97 28.47 29.47 29.45 10614 4092900.00 119444074.00
23/03/2017 29.12 29.00 29.55 29.09 8232 1746700.00 50995055.00
24/03/2017 28.94 28.85 29.28 29.01 5238 1161100.00 33676655.00
27/03/2017 28.75 28.31 28.80 28.37 8391 3057400.00 87300583.00
28/03/2017 28.54 27.96 28.96 28.65 11532 3777500.00 107040000.00
29/03/2017 28.73 28.43 29.39 29.39 8394 2511000.00 72970320.00
30/03/2017 29.48 28.98 29.62 29.45 7622 2220900.00 65153596.00
31/03/2017 29.30 29.17 29.70 29.20 7444 1972900.00 58015857.00
03/04/2017 29.34 28.97 29.52 29.21 8305 2689200.00 78519952.00
04/04/2017 29.10 29.02 29.42 29.25 5716 2094800.00 61221190.00
05/04/2017 29.25 28.48 29.37 28.76 9315 2379400.00 68747246.00
06/04/2017 28.76 28.20 28.95 28.68 12310 3134700.00 89873922.00
07/04/2017 28.44 28.44 29.46 28.97 14157 4571300.00 132808032.00
10/04/2017 28.98 28.24 29.09 28.40 10888 6061900.00 172434333.00
11/04/2017 28.50 28.21 28.89 28.71 12155 4936700.00 141609572.00
12/04/2017 28.77 28.36 28.88 28.42 11052 5505100.00 157005725.00
13/04/2017 28.30 28.05 28.69 28.08 5824 3402800.00 95931092.00
17/04/2017 28.21 28.16 29.28 29.09 7288 3570400.00 103484436.00
18/04/2017 28.90 28.60 29.15 28.99 8435 3392500.00 98192274.00
19/04/2017 29.00 28.37 29.02 28.45 9531 2027300.00 57929797.00
20/04/2017 28.60 28.60 29.22 29.02 11455 2761200.00 80043840.00
24/04/2017 29.39 28.82 29.53 28.93 8287 3343500.00 97449443.00
25/04/2017 28.71 28.64 29.29 29.22 10950 4345000.00 126242552.00
26/04/2017 28.97 28.87 29.37 29.36 7654 10320000.00 302087964.00
27/04/2017 29.31 29.00 29.69 29.02 6822 3273200.00 95785595.00
28/04/2017 29.01 28.97 29.89 29.89 6904 3428300.00 101308610.00
02/05/2017 29.96 29.65 30.43 29.83 18918 6213700.00 185911871.00
03/05/2017 29.87 29.54 29.90 29.72 8602 2101400.00 62394281.00
04/05/2017 29.80 28.77 29.89 29.05 9166 2769400.00 80568167.00
05/05/2017 29.20 29.05 29.47 29.17 6081 1563500.00 45735052.00
08/05/2017 29.42 29.33 29.99 29.86 8955 3070800.00 91450037.00
09/05/2017 29.80 29.76 30.17 30.17 9047 2751000.00 82574180.00
10/05/2017 30.19 30.00 31.36 30.38 15489 4775300.00 147222538.00
11/05/2017 30.40 30.33 30.94 30.43 6692 2303000.00 70494016.00
12/05/2017 30.61 30.50 31.16 31.16 11268 3328700.00 102651862.00
15/05/2017 31.35 30.69 31.40 31.00 11905 2775500.00 86056274.00
16/05/2017 30.84 30.76 31.64 31.64 10824 2854000.00 89032633.00
17/05/2017 31.30 30.80 31.76 31.10 12321 3435800.00 106988470.00
18/05/2017 26.44 26.32 29.08 27.92 42059 10961600.00 306699681.00
19/05/2017 28.35 28.10 29.07 28.56 22781 5889600.00 168234855.00
22/05/2017 28.54 27.79 28.54 28.30 19292 4349400.00 122543594.00
23/05/2017 28.05 28.05 29.29 29.15 9139 2880600.00 83218210.00
24/05/2017 29.58 29.55 30.50 29.82 16853 3947800.00 118977079.00
25/05/2017 29.86 29.20 30.33 29.66 11769 2290300.00 67960619.00
26/05/2017 30.00 29.34 30.48 29.76 8057 4734700.00 141162446.00
29/05/2017 29.80 29.35 29.80 29.60 7118 2146300.00 63461430.00
30/05/2017 29.65 29.43 29.98 29.69 7219 1714700.00 51057616.00
31/05/2017 29.77 29.04 29.96 29.10 14021 6138300.00 179979223.00
01/06/2017 29.50 29.41 30.15 29.85 16687 3672000.00 109795897.00
02/06/2017 29.92 29.92 30.65 30.30 19434 6884600.00 208786082.00
05/06/2017 29.92 29.90 30.60 30.36 13723 4427500.00 134409730.00
06/06/2017 30.33 29.43 30.33 30.00 13670 4338200.00 129199206.00
07/06/2017 30.09 29.51 30.39 29.73 15310 5065900.00 151485462.00
08/06/2017 29.55 29.16 29.69 29.52 12267 3683400.00 108366950.00
09/06/2017 29.45 29.39 30.07 29.76 15127 4290300.00 127584647.00
12/06/2017 29.63 28.51 29.63 28.89 13790 4290100.00 123796437.00
13/06/2017 28.80 28.51 28.99 28.66 10344 5070900.00 145542188.00
14/06/2017 28.70 28.16 28.99 28.85 12076 7948100.00 227756770.00
16/06/2017 28.90 28.65 29.09 28.72 8302 5786400.00 166559281.00
