16/02/2017 0.32 0.30 0.54 0.50 194 338100.00 148840.00
17/02/2017 0.75 0.65 0.94 0.85 1038 6186100.00 5183123.00
20/02/2017 0.99 0.92 1.19 1.00 1267 3996300.00 4047410.00
21/02/2017 1.02 0.73 1.04 0.75 1056 2279100.00 1997636.00
22/02/2017 0.76 0.71 0.80 0.79 243 1092100.00 862448.00
23/02/2017 0.80 0.76 0.80 0.80 204 2595600.00 2068371.00
24/02/2017 0.79 0.65 0.79 0.69 381 600000.00 428601.00
01/03/2017 0.70 0.69 0.80 0.78 190 304200.00 230608.00
02/03/2017 0.82 0.74 0.85 0.80 219 501100.00 399404.00
03/03/2017 0.79 0.71 0.80 0.77 133 244500.00 184686.00
06/03/2017 0.75 0.71 0.78 0.75 91 100400.00 74600.00
07/03/2017 0.75 0.74 0.79 0.76 111 93800.00 70333.00
08/03/2017 0.75 0.72 0.78 0.74 47 27200.00 20330.00
09/03/2017 0.74 0.72 0.77 0.74 66 57600.00 42393.00
10/03/2017 0.74 0.72 0.77 0.75 99 100500.00 74261.00
13/03/2017 0.75 0.72 0.80 0.77 138 325300.00 249893.00
14/03/2017 0.77 0.76 0.79 0.77 55 26900.00 20739.00
15/03/2017 0.77 0.74 0.79 0.78 34 25500.00 19425.00
16/03/2017 0.79 0.75 0.79 0.77 25 18600.00 14159.00
17/03/2017 0.77 0.74 0.78 0.78 52 68300.00 52289.00
20/03/2017 0.78 0.75 0.79 0.77 71 93500.00 72190.00
21/03/2017 0.77 0.74 0.78 0.77 89 69700.00 52900.00
22/03/2017 0.76 0.68 0.77 0.70 179 247900.00 177543.00
23/03/2017 0.70 0.68 0.71 0.70 49 51900.00 35611.00
24/03/2017 0.70 0.70 0.73 0.70 69 35700.00 25216.00
27/03/2017 0.68 0.63 0.68 0.65 50 48600.00 31576.00
28/03/2017 0.65 0.59 0.65 0.63 75 68800.00 42664.00
29/03/2017 0.65 0.58 0.65 0.59 196 674900.00 403972.00
30/03/2017 0.58 0.53 0.60 0.55 262 632100.00 350054.00
31/03/2017 0.54 0.52 0.55 0.55 109 140400.00 74332.00
03/04/2017 0.54 0.53 0.55 0.55 92 201300.00 109925.00
04/04/2017 0.56 0.52 0.59 0.55 174 367800.00 201501.00
05/04/2017 0.55 0.51 0.55 0.52 125 308800.00 163174.00
06/04/2017 0.52 0.49 0.52 0.49 97 223400.00 112126.00
07/04/2017 0.49 0.46 0.55 0.51 247 287800.00 147741.00
10/04/2017 0.50 0.50 0.53 0.50 79 88100.00 44831.00
11/04/2017 0.52 0.49 0.52 0.51 69 45000.00 22474.00
12/04/2017 0.49 0.49 0.63 0.59 427 7766700.00 4168761.00
13/04/2017 0.59 0.52 0.60 0.56 177 369100.00 201467.00
17/04/2017 0.60 0.52 0.60 0.52 126 125500.00 67622.00
18/04/2017 0.51 0.51 0.56 0.55 98 131100.00 70704.00
19/04/2017 0.55 0.53 0.58 0.54 229 1432300.00 768634.00
20/04/2017 0.54 0.54 0.57 0.57 176 403700.00 223064.00
24/04/2017 0.57 0.55 0.70 0.67 380 1381600.00 866184.00
25/04/2017 0.67 0.61 0.71 0.62 656 1458500.00 954761.00
26/04/2017 0.61 0.61 0.67 0.63 365 515400.00 330319.00
27/04/2017 0.66 0.60 0.67 0.64 208 469100.00 295180.00
28/04/2017 0.63 0.61 0.65 0.62 154 434600.00 272572.00
02/05/2017 0.65 0.57 0.65 0.60 269 1151600.00 686927.00
03/05/2017 0.62 0.60 0.64 0.63 117 324300.00 203755.00
04/05/2017 0.64 0.63 0.68 0.65 510 1293400.00 848038.00
05/05/2017 0.68 0.67 0.87 0.82 903 1825200.00 1403229.00
08/05/2017 0.86 0.83 0.96 0.87 1271 2763900.00 2444388.00
09/05/2017 0.87 0.78 0.89 0.79 842 1778500.00 1430730.00
10/05/2017 0.80 0.77 0.83 0.79 265 778300.00 611789.00
11/05/2017 0.80 0.76 0.80 0.80 366 790500.00 626680.00
12/05/2017 0.80 0.76 0.84 0.77 894 1663500.00 1325948.00
15/05/2017 0.79 0.74 0.80 0.76 297 1018200.00 784248.00
16/05/2017 0.76 0.66 0.76 0.68 810 2740800.00 1921573.00
17/05/2017 0.67 0.66 0.71 0.67 402 859400.00 583941.00
18/05/2017 0.59 0.56 0.63 0.60 607 1542900.00 922553.00
19/05/2017 0.63 0.63 0.70 0.70 409 1352000.00 910185.00
22/05/2017 0.68 0.67 0.72 0.68 240 1098900.00 753610.00
23/05/2017 0.69 0.67 0.69 0.69 84 201500.00 137069.00
24/05/2017 0.68 0.65 0.68 0.67 222 889100.00 590549.00
25/05/2017 0.65 0.65 0.67 0.67 107 416800.00 276167.00
26/05/2017 0.67 0.66 0.68 0.68 89 403400.00 270687.00
29/05/2017 0.66 0.62 0.67 0.64 177 492400.00 320324.00
30/05/2017 0.66 0.62 0.67 0.62 115 1593500.00 994891.00
31/05/2017 0.62 0.61 0.65 0.62 128 311600.00 196452.00
01/06/2017 0.63 0.62 0.67 0.63 302 824200.00 530690.00
02/06/2017 0.63 0.60 0.64 0.62 130 402700.00 247383.00
05/06/2017 0.61 0.60 0.62 0.61 71 84200.00 50923.00
06/06/2017 0.61 0.58 0.62 0.60 121 379700.00 227203.00
07/06/2017 0.60 0.60 0.62 0.61 95 268600.00 162753.00
08/06/2017 0.62 0.59 0.62 0.60 57 203600.00 122889.00
09/06/2017 0.60 0.60 0.62 0.60 80 294300.00 178132.00
12/06/2017 0.61 0.60 0.62 0.60 52 560600.00 337131.00
13/06/2017 0.60 0.59 0.61 0.61 37 142400.00 85336.00
14/06/2017 0.61 0.59 0.63 0.62 114 511100.00 310981.00
16/06/2017 0.62 0.60 0.63 0.61 54 141600.00 85632.00
