01/08/2016 108.35 108.35 108.58 108.58 2 11828.46 1284286.00
09/08/2016 105.19 105.19 105.19 105.19 1 404.39 42536.00
11/08/2016 106.82 106.82 106.82 106.82 1 101.10 10799.00
29/08/2016 125.55 125.55 125.55 125.55 1 202.20 25386.00
30/08/2016 124.68 124.68 124.68 124.68 1 202.20 25210.00
06/09/2016 122.15 122.15 122.15 122.15 1 1600.00 195440.00
12/09/2016 121.66 121.66 121.66 121.66 1 100.00 12166.00
19/09/2016 124.67 124.67 124.67 124.67 1 300.00 37401.00
28/09/2016 121.27 121.27 121.27 121.27 1 100.00 12127.00
06/10/2016 122.81 122.81 122.81 122.81 1 100.00 12281.00
10/10/2016 124.20 124.20 124.20 124.20 1 500.00 62100.00
24/10/2016 122.66 122.66 122.66 122.66 1 300.00 36798.00
26/10/2016 122.98 122.98 122.98 122.98 1 100.00 12298.00
27/10/2016 121.18 121.18 121.18 121.18 1 100.00 12118.00
07/11/2016 124.89 124.89 124.89 124.89 1 100.00 12489.00
10/11/2016 134.24 134.24 134.24 134.24 1 100.00 13424.00
14/11/2016 138.54 138.54 138.54 138.54 1 600.00 83124.00
18/11/2016 151.10 151.10 151.10 151.10 1 100.00 15110.00
21/11/2016 153.17 153.17 153.17 153.17 1 1000.00 153170.00
28/11/2016 153.77 153.77 153.77 153.77 1 200.00 30754.00
12/12/2016 162.74 162.74 162.74 162.74 1 100.00 16274.00
19/12/2016 158.24 158.24 158.24 158.24 1 100.00 15824.00
27/12/2016 145.82 145.82 145.82 145.82 1 100.00 14582.00
28/12/2016 143.47 143.47 143.47 143.47 1 300.00 43041.00
03/01/2017 139.14 139.14 139.14 139.14 1 200.00 27828.00
09/01/2017 138.85 138.85 138.85 138.85 1 100.00 13885.00
17/01/2017 144.21 144.21 144.21 144.21 1 200.00 28842.00
30/01/2017 136.80 136.80 136.80 136.80 1 200.00 27360.00
31/01/2017 138.93 138.93 138.93 138.93 2 5000.00 694650.00
01/02/2017 140.00 140.00 140.00 140.00 1 5000.00 700000.00
07/02/2017 136.33 136.33 136.33 136.33 1 100.00 13633.00
06/03/2017 137.95 137.95 137.95 137.95 1 100.00 13795.00
20/03/2017 139.56 139.56 139.56 139.56 1 100.00 13956.00
03/04/2017 150.61 150.61 150.61 150.61 1 400.00 60244.00
24/04/2017 160.51 160.51 160.51 160.51 1 200.00 32102.00
08/05/2017 165.11 165.11 165.11 165.11 1 100.00 16511.00
18/05/2017 168.73 168.73 168.93 168.93 2 400.00 67552.00
22/05/2017 169.96 169.96 169.96 169.96 1 100.00 16996.00
29/05/2017 192.89 192.89 192.89 192.89 1 100.00 19289.00
30/05/2017 193.18 193.18 193.18 193.18 1 400.00 77272.00
08/06/2017 193.72 193.72 193.72 193.72 1 100.00 19372.00
