24/06/2016 31.50 31.50 31.50 31.50 2 200.00 6300.00
28/06/2016 31.75 31.75 31.75 31.75 1 100.00 3175.00
04/07/2016 31.75 31.75 31.75 31.75 1 100.00 3175.00
11/07/2016 31.75 31.75 31.75 31.75 1 100.00 3175.00
12/07/2016 31.75 31.75 31.75 31.75 1 100.00 3175.00
14/07/2016 31.49 31.49 31.49 31.49 2 400.00 12596.00
18/07/2016 31.50 28.50 31.50 28.50 5 700.00 21101.00
25/07/2016 33.45 33.45 33.45 33.45 1 100.00 3345.00
26/07/2016 30.00 29.04 30.00 29.04 9 900.00 26808.00
01/08/2016 31.89 30.50 31.89 30.50 4 400.00 12469.00
02/08/2016 30.50 30.50 30.50 30.50 2 600.00 18300.00
03/08/2016 30.50 30.50 31.00 31.00 5 2700.00 82550.00
05/08/2016 31.50 31.00 32.00 31.00 4 1500.00 47150.00
12/08/2016 31.07 31.07 31.07 31.07 1 100.00 3107.00
15/08/2016 32.00 32.00 32.00 32.00 1 200.00 6400.00
16/08/2016 32.91 32.90 32.91 32.90 2 200.00 6581.00
17/08/2016 33.49 33.49 33.49 33.49 3 1100.00 36839.00
22/08/2016 34.99 34.99 34.99 34.99 2 400.00 13996.00
23/08/2016 35.00 35.00 35.00 35.00 3 700.00 24500.00
24/08/2016 33.00 33.00 33.00 33.00 7 900.00 29700.00
25/08/2016 33.51 33.50 33.51 33.50 5 1300.00 43555.00
29/08/2016 33.70 33.70 33.70 33.70 4 700.00 23590.00
30/08/2016 34.60 34.28 34.60 34.50 9 2000.00 69040.00
31/08/2016 35.00 35.00 35.00 35.00 2 1000.00 35000.00
01/09/2016 35.00 35.00 35.00 35.00 1 200.00 7000.00
02/09/2016 35.00 35.00 35.00 35.00 2 300.00 10500.00
08/09/2016 32.20 32.20 33.15 33.15 2 200.00 6535.00
23/09/2016 35.00 35.00 35.00 35.00 1 500.00 17500.00
03/10/2016 33.05 32.75 34.00 34.00 5 600.00 19930.00
06/10/2016 35.00 35.00 35.00 35.00 1 400.00 14000.00
19/10/2016 35.00 35.00 35.00 35.00 1 300.00 10500.00
27/10/2016 35.00 35.00 36.50 36.50 3 2400.00 84150.00
01/11/2016 36.50 36.50 36.50 36.50 1 100.00 3650.00
03/11/2016 36.70 36.70 36.70 36.70 1 100.00 3670.00
07/11/2016 37.51 37.51 40.00 40.00 3 300.00 11651.00
11/11/2016 39.00 39.00 40.00 40.00 2 900.00 35200.00
18/11/2016 40.00 40.00 40.00 40.00 1 100.00 4000.00
09/12/2016 39.49 39.49 39.49 39.49 1 400.00 15796.00
21/12/2016 35.31 35.31 35.31 35.31 1 100.00 3531.00
22/12/2016 34.35 34.35 36.00 36.00 4 400.00 14000.00
26/12/2016 36.50 36.50 36.50 36.50 1 100.00 3650.00
17/01/2017 40.29 40.29 40.29 40.29 1 100.00 4029.00
20/01/2017 40.29 40.29 40.29 40.29 2 2300.00 92667.00
24/01/2017 40.00 40.00 40.30 40.20 4 400.00 16050.00
26/01/2017 41.00 41.00 41.00 41.00 1 100.00 4100.00
27/01/2017 41.00 41.00 41.00 41.00 2 200.00 8200.00
30/01/2017 40.49 40.49 40.50 40.50 2 200.00 8099.00
31/01/2017 41.00 41.00 41.50 41.50 2 200.00 8250.00
03/02/2017 40.99 40.99 40.99 40.99 1 5000.00 204950.00
13/02/2017 39.70 39.50 39.70 39.50 6 600.00 23740.00
15/02/2017 38.50 38.50 39.00 38.50 3 300.00 11600.00
16/02/2017 38.50 38.50 38.50 38.50 1 100.00 3850.00
20/02/2017 36.50 35.01 36.60 36.60 12 1800.00 65018.00
21/02/2017 36.60 35.75 36.60 35.75 4 700.00 25245.00
22/02/2017 36.00 35.00 36.00 35.50 8 1200.00 42400.00
23/02/2017 36.00 35.50 36.00 35.50 2 400.00 14300.00
01/03/2017 36.00 36.00 36.00 36.00 7 2100.00 75600.00
03/03/2017 36.00 35.00 36.00 35.00 2 2500.00 88000.00
06/03/2017 36.00 36.00 36.00 36.00 1 500.00 18000.00
08/03/2017 36.00 36.00 36.00 36.00 2 200.00 7200.00
09/03/2017 34.50 34.50 34.50 34.50 2 500.00 17250.00
10/03/2017 34.01 34.01 34.01 34.01 1 100.00 3401.00
16/03/2017 33.50 32.51 33.50 32.51 2 200.00 6601.00
07/04/2017 32.05 32.05 32.05 32.05 1 100.00 3205.00
10/04/2017 31.00 29.50 31.00 29.50 5 1800.00 53536.00
11/04/2017 30.01 30.00 32.60 32.60 6 1600.00 48512.00
17/04/2017 30.00 30.00 30.88 30.00 13 4000.00 120256.00
18/04/2017 30.00 30.00 30.00 30.00 6 1400.00 42000.00
19/04/2017 30.00 30.00 30.00 30.00 2 500.00 15000.00
20/04/2017 31.69 31.69 31.69 31.69 1 100.00 3169.00
24/04/2017 30.50 30.05 30.54 30.05 17 8500.00 259343.00
25/04/2017 30.50 30.50 30.50 30.50 2 1200.00 36600.00
26/04/2017 31.00 31.00 31.00 31.00 6 2500.00 77500.00
27/04/2017 30.11 30.11 30.11 30.11 1 100.00 3011.00
02/05/2017 30.79 30.79 30.79 30.79 1 100.00 3079.00
04/05/2017 30.10 30.10 30.48 30.10 10 3500.00 105388.00
05/05/2017 30.10 29.81 30.10 29.81 8 2600.00 78150.00
08/05/2017 30.50 30.50 30.50 30.50 3 1000.00 30500.00
10/05/2017 30.99 30.99 30.99 30.99 1 1100.00 34089.00
15/05/2017 32.90 32.90 32.90 32.90 2 1400.00 46060.00
18/05/2017 29.50 29.50 29.50 29.50 4 5400.00 159300.00
24/05/2017 32.80 32.80 32.80 32.80 1 100.00 3280.00
25/05/2017 31.00 31.00 31.00 31.00 1 1000.00 31000.00
29/05/2017 32.90 32.90 33.00 33.00 3 1700.00 56090.00
06/06/2017 32.00 31.05 32.00 31.05 4 700.00 22305.00
07/06/2017 31.00 31.00 34.00 34.00 3 800.00 26100.00
12/06/2017 32.00 32.00 32.00 32.00 2 500.00 16000.00
