20/06/2016 2.17 2.17 2.28 2.18 11 2800.00 6223.00
21/06/2016 2.16 2.16 2.25 2.17 5 500.00 1101.00
22/06/2016 2.25 2.14 2.26 2.26 9 1500.00 3279.00
23/06/2016 2.14 2.14 2.25 2.19 15 7000.00 15330.00
24/06/2016 2.20 2.20 2.20 2.20 3 400.00 880.00
27/06/2016 2.23 2.19 2.27 2.19 7 3600.00 7984.00
28/06/2016 2.16 2.15 2.24 2.23 5 2500.00 5551.00
29/06/2016 2.23 2.23 2.23 2.23 5 3700.00 8251.00
30/06/2016 2.24 2.24 2.24 2.24 2 2600.00 5824.00
01/07/2016 2.29 2.23 2.29 2.23 4 500.00 1137.00
04/07/2016 2.29 2.23 2.29 2.25 6 3000.00 6824.00
05/07/2016 2.25 2.23 2.33 2.31 12 8000.00 18319.00
06/07/2016 2.32 2.14 2.37 2.27 42 22100.00 49915.00
07/07/2016 2.20 2.19 2.26 2.25 10 3800.00 8395.00
08/07/2016 2.20 2.20 2.25 2.25 3 700.00 1550.00
11/07/2016 2.20 2.20 2.29 2.29 6 6000.00 13418.00
12/07/2016 2.27 2.27 2.39 2.37 13 17900.00 41941.00
13/07/2016 2.30 2.28 2.37 2.36 6 5400.00 12437.00
14/07/2016 2.32 2.31 2.35 2.32 9 6600.00 15366.00
15/07/2016 2.33 2.30 2.56 2.48 72 128000.00 306964.00
18/07/2016 2.50 2.41 2.55 2.55 35 61600.00 154559.00
19/07/2016 2.50 2.36 2.55 2.36 35 31700.00 77189.00
20/07/2016 2.52 2.35 2.53 2.35 43 65300.00 160823.00
21/07/2016 2.48 2.38 2.49 2.40 20 15000.00 36696.00
22/07/2016 2.38 2.36 2.45 2.42 24 13000.00 31103.00
25/07/2016 2.39 2.39 2.42 2.41 13 13100.00 31601.00
26/07/2016 2.42 2.40 2.43 2.40 10 10700.00 25828.00
27/07/2016 2.42 2.39 2.43 2.39 15 6900.00 16561.00
28/07/2016 2.39 2.35 2.39 2.35 22 18800.00 44313.00
29/07/2016 2.39 2.31 2.39 2.37 15 9500.00 22403.00
01/08/2016 2.37 2.37 2.53 2.50 17 20300.00 48488.00
02/08/2016 2.49 2.45 2.50 2.48 11 4700.00 11647.00
03/08/2016 2.49 2.49 2.50 2.49 7 2400.00 5988.00
04/08/2016 2.47 2.42 2.52 2.52 16 31800.00 79667.00
05/08/2016 2.44 2.44 2.51 2.51 15 6000.00 14775.00
08/08/2016 2.53 2.52 2.53 2.52 3 4300.00 10837.00
09/08/2016 2.50 2.40 2.53 2.53 10 10300.00 25038.00
10/08/2016 2.50 2.39 2.50 2.39 19 10300.00 24886.00
11/08/2016 2.49 2.41 2.77 2.60 96 136100.00 355307.00
12/08/2016 2.61 2.61 2.70 2.65 24 30100.00 79184.00
15/08/2016 2.67 2.67 2.68 2.67 6 9200.00 24566.00
16/08/2016 2.51 2.51 2.65 2.58 37 22900.00 58225.00
17/08/2016 2.64 2.64 2.64 2.64 3 3900.00 10296.00
18/08/2016 2.60 2.55 2.64 2.60 16 16700.00 43416.00
19/08/2016 2.60 2.60 2.68 2.68 16 14100.00 37263.00
22/08/2016 2.69 2.60 2.69 2.60 12 4900.00 12868.00
23/08/2016 2.65 2.65 2.68 2.65 11 11400.00 30302.00
24/08/2016 2.68 2.60 2.68 2.60 12 11400.00 29943.00
25/08/2016 2.60 2.51 2.64 2.51 15 9600.00 24998.00
26/08/2016 2.61 2.52 2.61 2.60 8 5600.00 14234.00
29/08/2016 2.47 2.46 2.64 2.64 11 15000.00 39172.00
30/08/2016 2.64 2.60 2.64 2.64 11 9100.00 23792.00
31/08/2016 2.51 2.50 2.64 2.62 10 5300.00 13323.00
01/09/2016 2.60 2.53 2.65 2.60 20 6200.00 15971.00
02/09/2016 2.64 2.62 2.64 2.63 9 8400.00 22104.00
05/09/2016 2.63 2.55 2.93 2.80 24 30800.00 82805.00
06/09/2016 2.81 2.64 2.81 2.75 6 1800.00 4945.00
08/09/2016 2.79 2.62 2.79 2.62 24 11500.00 30975.00
09/09/2016 2.60 2.50 2.69 2.55 45 39500.00 100397.00
12/09/2016 2.53 2.44 2.57 2.55 28 19800.00 49679.00
13/09/2016 2.64 2.57 2.64 2.62 20 52400.00 136105.00
14/09/2016 2.65 2.50 2.65 2.53 19 23300.00 59006.00
15/09/2016 2.56 2.56 2.62 2.61 9 14200.00 36770.00
16/09/2016 2.62 2.52 2.64 2.58 21 9000.00 23091.00
19/09/2016 2.59 2.52 2.60 2.52 27 13100.00 33279.00
20/09/2016 2.55 2.55 2.59 2.57 12 17500.00 44961.00
21/09/2016 2.56 2.51 2.61 2.61 11 8100.00 20671.00
22/09/2016 2.58 2.53 2.60 2.53 18 15600.00 39809.00
23/09/2016 2.61 2.61 2.61 2.61 1 200.00 522.00
26/09/2016 2.61 2.60 2.61 2.60 8 5200.00 13536.00
27/09/2016 2.56 2.55 2.60 2.60 7 1200.00 3084.00
28/09/2016 2.60 2.51 2.60 2.60 10 3400.00 8660.00
29/09/2016 2.58 2.51 2.60 2.55 15 8900.00 22491.00
30/09/2016 2.58 2.49 2.60 2.60 24 9400.00 23671.00
03/10/2016 2.54 2.51 2.62 2.53 22 7800.00 19768.00
04/10/2016 2.60 2.50 2.60 2.51 18 8500.00 21515.00
05/10/2016 2.60 2.50 2.60 2.60 26 10400.00 26368.00
06/10/2016 2.60 2.53 2.62 2.59 9 4500.00 11660.00
07/10/2016 2.64 2.58 2.64 2.63 20 73900.00 192194.00
10/10/2016 2.61 2.57 2.62 2.57 9 2700.00 7034.00
11/10/2016 2.57 2.57 2.62 2.57 11 5000.00 12909.00
13/10/2016 2.60 2.55 2.62 2.60 12 9300.00 24016.00
14/10/2016 2.59 2.50 2.59 2.52 26 17600.00 44504.00
17/10/2016 2.59 2.49 2.59 2.53 42 57100.00 143804.00
18/10/2016 2.60 2.49 2.60 2.51 33 22800.00 57463.00
19/10/2016 2.58 2.54 2.66 2.64 40 89200.00 230614.00
20/10/2016 2.65 2.62 2.69 2.68 14 7700.00 20571.00
21/10/2016 2.62 2.62 2.68 2.68 10 2400.00 6331.00
24/10/2016 2.68 2.56 2.68 2.60 25 16200.00 42895.00
25/10/2016 2.61 2.57 2.72 2.72 24 24900.00 66249.00
26/10/2016 2.72 2.69 2.72 2.70 5 7200.00 19405.00
27/10/2016 2.68 2.58 2.70 2.70 11 3100.00 8159.00
28/10/2016 2.69 2.69 2.69 2.69 2 900.00 2421.00
31/10/2016 2.68 2.60 2.69 2.69 24 16400.00 43248.00
01/11/2016 2.60 2.60 2.65 2.65 3 1500.00 3925.00
03/11/2016 2.64 2.64 2.65 2.65 8 5700.00 15057.00
04/11/2016 2.68 2.60 2.68 2.67 13 6900.00 18296.00
07/11/2016 2.67 2.62 2.75 2.71 23 16900.00 45364.00
08/11/2016 2.75 2.65 2.75 2.70 13 13300.00 35364.00
09/11/2016 2.65 2.58 2.70 2.68 9 6400.00 16670.00
10/11/2016 2.68 2.54 2.68 2.61 26 32800.00 84889.00
11/11/2016 2.55 2.51 2.64 2.55 20 13400.00 34138.00
14/11/2016 2.53 2.50 2.62 2.61 41 44100.00 111228.00
16/11/2016 2.62 2.50 2.62 2.59 20 5800.00 14789.00
17/11/2016 2.59 2.59 2.59 2.59 1 500.00 1295.00
18/11/2016 2.61 2.50 2.61 2.58 22 18900.00 47897.00
21/11/2016 2.58 2.53 2.60 2.60 26 16900.00 43643.00
22/11/2016 2.60 2.54 2.60 2.60 5 1600.00 4153.00
23/11/2016 2.61 2.53 2.61 2.60 13 13200.00 33643.00
24/11/2016 2.60 2.50 2.60 2.60 17 16700.00 42755.00
25/11/2016 2.60 2.52 2.62 2.60 17 12900.00 33370.00
28/11/2016 2.60 2.55 2.60 2.60 7 8000.00 20789.00
29/11/2016 2.62 2.62 2.65 2.65 8 5800.00 15241.00
30/11/2016 2.65 2.59 2.65 2.59 10 12200.00 31777.00
01/12/2016 2.60 2.57 2.65 2.63 15 8400.00 21920.00
02/12/2016 2.65 2.49 2.65 2.60 30 33100.00 85745.00
05/12/2016 2.60 2.55 2.68 2.68 16 31800.00 81816.00
06/12/2016 2.68 2.53 2.68 2.65 22 26700.00 68214.00
07/12/2016 2.63 2.56 2.63 2.60 4 7000.00 18199.00
08/12/2016 2.63 2.62 2.63 2.62 2 200.00 525.00
09/12/2016 2.56 2.55 2.62 2.59 37 24300.00 62619.00
12/12/2016 2.63 2.50 2.63 2.50 31 39000.00 97801.00
13/12/2016 2.55 2.51 2.58 2.57 18 23800.00 59811.00
14/12/2016 2.57 2.57 2.57 2.57 4 1000.00 2570.00
15/12/2016 2.57 2.49 2.58 2.58 22 5500.00 13939.00
16/12/2016 2.58 2.56 2.62 2.62 7 5600.00 14506.00
19/12/2016 2.60 2.50 2.62 2.62 13 9800.00 24784.00
20/12/2016 2.51 2.51 2.61 2.61 7 11100.00 28777.00
21/12/2016 2.59 2.57 2.59 2.57 5 1300.00 3358.00
22/12/2016 2.57 2.50 2.57 2.50 17 13900.00 35035.00
23/12/2016 2.50 2.48 2.58 2.49 26 15300.00 38496.00
26/12/2016 2.51 2.51 2.59 2.59 9 4500.00 11365.00
27/12/2016 2.56 2.55 2.61 2.61 8 3800.00 9756.00
28/12/2016 2.54 2.54 2.63 2.63 10 9200.00 23489.00
29/12/2016 2.60 2.57 2.63 2.63 13 16200.00 42329.00
02/01/2017 2.68 2.57 2.68 2.65 8 7300.00 19192.00
03/01/2017 2.66 2.60 2.70 2.65 28 24200.00 63959.00
04/01/2017 2.65 2.64 2.69 2.68 15 13900.00 36964.00
05/01/2017 2.68 2.68 2.80 2.80 75 13300.00 36445.00
06/01/2017 2.85 2.80 2.85 2.83 15 7800.00 21996.00
09/01/2017 2.80 2.80 2.85 2.84 6 1300.00 3675.00
10/01/2017 2.83 2.72 2.90 2.90 26 18400.00 52168.00
11/01/2017 2.90 2.80 2.90 2.85 23 10200.00 29043.00
12/01/2017 2.90 2.90 3.00 2.98 19 21300.00 63344.00
13/01/2017 2.87 2.87 3.00 2.99 23 11300.00 33566.00
16/01/2017 2.80 2.80 3.00 2.98 51 52000.00 151712.00
17/01/2017 2.97 2.97 3.09 3.09 30 56600.00 171906.00
18/01/2017 3.10 3.10 3.50 3.31 120 169700.00 560879.00
19/01/2017 3.38 3.14 3.40 3.15 26 11900.00 38902.00
20/01/2017 3.40 3.09 3.40 3.20 32 39800.00 125821.00
23/01/2017 3.27 3.00 3.35 3.12 54 32400.00 101888.00
24/01/2017 3.25 3.10 3.25 3.16 20 12000.00 37415.00
26/01/2017 3.06 3.02 3.25 3.25 26 16400.00 52327.00
27/01/2017 3.35 3.20 3.35 3.34 35 59500.00 197667.00
30/01/2017 3.34 3.15 3.34 3.16 23 23600.00 76989.00
31/01/2017 3.34 3.25 3.35 3.32 27 14000.00 46771.00
01/02/2017 3.31 3.20 3.37 3.29 37 43700.00 142021.00
02/02/2017 3.26 3.15 3.29 3.15 46 38600.00 122972.00
03/02/2017 3.24 3.15 3.25 3.22 30 13000.00 41763.00
06/02/2017 3.22 3.15 3.29 3.15 34 24300.00 78008.00
07/02/2017 3.28 3.21 3.30 3.30 43 29300.00 95240.00
08/02/2017 3.30 3.29 3.99 3.57 448 393400.00 1415335.00
09/02/2017 3.65 3.30 3.71 3.43 256 183500.00 630602.00
10/02/2017 3.43 3.35 3.45 3.44 88 44400.00 150989.00
13/02/2017 3.44 3.24 3.44 3.44 104 64600.00 216960.00
14/02/2017 3.44 3.39 3.47 3.43 33 26300.00 90026.00
15/02/2017 3.44 3.35 3.51 3.39 83 53000.00 180993.00
16/02/2017 3.42 3.31 3.45 3.35 54 37100.00 125456.00
17/02/2017 3.37 3.25 3.37 3.26 63 53800.00 177615.00
20/02/2017 3.23 3.19 3.36 3.30 54 38000.00 124209.00
21/02/2017 3.46 3.41 3.71 3.50 343 399400.00 1409743.00
22/02/2017 3.63 3.61 4.24 3.87 895 900600.00 3551953.00
23/02/2017 3.92 3.65 4.04 3.65 307 260700.00 998592.00
24/02/2017 3.67 3.67 3.90 3.85 160 101700.00 386239.00
01/03/2017 3.89 3.80 3.97 3.86 125 104900.00 406680.00
02/03/2017 3.89 3.80 3.99 3.88 108 84700.00 328174.00
03/03/2017 3.93 3.80 3.95 3.88 93 105400.00 409976.00
06/03/2017 3.92 3.88 3.97 3.94 118 104000.00 407286.00
07/03/2017 3.94 3.87 3.95 3.89 98 83800.00 329010.00
08/03/2017 3.87 3.71 3.95 3.84 78 67300.00 257735.00
09/03/2017 3.83 3.67 3.83 3.75 84 51700.00 194201.00
10/03/2017 3.74 3.73 3.90 3.75 94 90800.00 345272.00
13/03/2017 3.80 3.77 3.88 3.84 60 59500.00 228324.00
14/03/2017 3.85 3.79 3.85 3.80 45 37400.00 143408.00
15/03/2017 3.83 3.72 3.83 3.80 188 46400.00 175510.00
16/03/2017 3.80 3.70 3.80 3.72 44 21500.00 80198.00
17/03/2017 3.79 3.64 3.80 3.65 42 20700.00 77092.00
20/03/2017 3.62 3.62 3.79 3.79 114 49800.00 186605.00
21/03/2017 3.80 3.51 3.80 3.65 94 46500.00 168791.00
22/03/2017 3.75 3.61 3.75 3.66 39 24200.00 88284.00
23/03/2017 3.66 3.47 3.66 3.57 50 34600.00 122088.00
24/03/2017 3.55 3.52 3.74 3.72 45 25400.00 91166.00
27/03/2017 3.66 3.63 3.69 3.64 20 10600.00 38687.00
28/03/2017 3.70 3.64 3.80 3.70 30 20600.00 77315.00
29/03/2017 3.71 3.62 3.71 3.70 20 14400.00 53097.00
30/03/2017 3.70 3.60 3.70 3.60 24 7800.00 28636.00
31/03/2017 3.60 3.56 3.70 3.60 31 12300.00 44439.00
03/04/2017 3.57 3.53 3.69 3.56 40 20300.00 72627.00
04/04/2017 3.71 3.56 3.71 3.65 53 26500.00 96699.00
05/04/2017 3.75 3.60 3.75 3.60 45 25500.00 92936.00
06/04/2017 3.68 3.59 3.68 3.59 29 7000.00 25415.00
07/04/2017 3.59 3.55 3.66 3.59 32 11800.00 42451.00
10/04/2017 3.60 3.54 3.68 3.54 25 12800.00 45683.00
11/04/2017 3.54 3.51 3.66 3.51 40 13500.00 47715.00
12/04/2017 3.51 3.46 3.57 3.52 24 9700.00 33994.00
13/04/2017 3.57 3.46 3.58 3.56 28 10300.00 36046.00
17/04/2017 3.57 3.45 3.58 3.58 42 28800.00 101675.00
18/04/2017 3.58 3.50 3.64 3.58 15 4200.00 14967.00
19/04/2017 3.57 3.49 3.60 3.56 17 3700.00 13105.00
20/04/2017 3.53 3.48 3.56 3.56 20 16100.00 56635.00
24/04/2017 3.57 3.48 3.57 3.54 24 14400.00 50616.00
25/04/2017 3.50 3.49 3.54 3.54 23 16200.00 56911.00
26/04/2017 3.55 3.48 3.56 3.54 22 7800.00 27458.00
27/04/2017 3.53 3.40 3.59 3.42 45 42600.00 146003.00
28/04/2017 3.42 3.41 3.49 3.49 28 15300.00 53089.00
02/05/2017 3.51 3.42 3.51 3.45 40 17300.00 59738.00
03/05/2017 3.42 3.42 3.50 3.48 18 4300.00 14955.00
04/05/2017 3.44 3.39 3.49 3.48 35 13900.00 47552.00
05/05/2017 3.49 3.44 3.50 3.47 23 12800.00 44490.00
08/05/2017 3.46 3.39 3.46 3.46 55 25200.00 86356.00
09/05/2017 3.46 3.41 3.50 3.49 27 9400.00 32402.00
10/05/2017 3.49 3.39 3.49 3.43 58 42400.00 146134.00
11/05/2017 3.45 3.41 3.49 3.48 39 25600.00 88503.00
12/05/2017 3.49 3.43 3.50 3.48 62 42700.00 148131.00
15/05/2017 3.50 3.38 3.50 3.45 69 48400.00 165452.00
16/05/2017 3.49 3.39 3.49 3.43 50 26000.00 88854.00
17/05/2017 3.41 3.32 3.41 3.37 53 19200.00 64643.00
18/05/2017 3.00 2.78 3.22 3.10 71 51000.00 157801.00
19/05/2017 3.30 3.10 3.47 3.20 73 41800.00 133487.00
22/05/2017 3.25 3.09 3.25 3.23 39 14300.00 45002.00
23/05/2017 3.25 3.25 3.37 3.30 14 2500.00 8269.00
24/05/2017 3.35 3.13 3.35 3.33 48 31200.00 99896.00
25/05/2017 3.34 3.18 3.34 3.29 30 20700.00 67532.00
26/05/2017 3.29 3.26 3.29 3.26 24 20100.00 65733.00
29/05/2017 3.19 3.14 3.25 3.22 84 72300.00 228897.00
30/05/2017 3.20 3.20 3.33 3.30 34 16300.00 52921.00
31/05/2017 3.22 3.20 3.33 3.28 25 21900.00 70607.00
01/06/2017 3.30 3.23 3.37 3.25 31 14300.00 46816.00
02/06/2017 3.25 3.20 3.25 3.20 28 33400.00 107615.00
05/06/2017 3.17 3.12 3.20 3.12 45 29400.00 92479.00
06/06/2017 3.19 3.12 3.29 3.21 27 19200.00 61709.00
07/06/2017 3.21 3.15 3.27 3.15 34 46200.00 147621.00
08/06/2017 3.18 3.18 3.20 3.19 12 28600.00 91358.00
09/06/2017 3.15 3.14 3.25 3.18 28 29700.00 94342.00
12/06/2017 3.18 3.16 3.25 3.20 10 5800.00 18412.00
13/06/2017 3.15 3.15 3.24 3.20 17 4800.00 15393.00
14/06/2017 3.20 3.14 3.25 3.25 28 22000.00 70649.00
16/06/2017 3.24 3.13 3.24 3.17 19 13600.00 43236.00
