23/06/2016 484.00 484.00 485.85 485.85 3 4500.00 2178185.00
28/06/2016 465.00 461.93 465.00 461.93 5 700.00 324278.00
29/06/2016 455.69 455.69 460.30 460.30 3 300.00 137299.00
30/06/2016 462.15 462.15 462.15 462.15 1 100.00 46215.00
01/07/2016 469.18 464.09 469.18 464.09 3 300.00 139800.00
05/07/2016 471.00 466.46 471.00 468.07 3 500.00 233845.00
07/07/2016 475.00 475.00 475.00 475.00 1 100.00 47500.00
08/07/2016 472.50 470.40 472.50 471.40 3 400.00 188470.00
11/07/2016 477.77 475.28 477.77 475.28 2 200.00 95305.00
13/07/2016 475.84 475.84 478.89 478.89 3 400.00 190641.00
15/07/2016 474.20 474.20 477.72 477.72 3 4800.00 2276626.00
18/07/2016 476.70 474.20 478.92 476.88 5 3800.00 1817617.00
19/07/2016 478.50 478.50 478.50 478.50 1 200.00 95700.00
20/07/2016 475.21 475.21 475.21 475.21 1 100.00 47521.00
22/07/2016 472.64 472.64 474.56 474.56 2 200.00 94720.00
25/07/2016 472.18 472.18 476.52 472.98 5 1100.00 521078.00
01/08/2016 471.15 469.46 471.15 469.46 2 600.00 282521.00
02/08/2016 464.30 464.30 467.72 467.72 3 1100.00 511522.00
09/08/2016 465.00 459.23 465.00 461.55 4 1600.00 743078.00
12/08/2016 469.00 469.00 470.33 470.33 9 1100.00 516033.00
15/08/2016 467.77 467.77 473.95 473.95 5 800.00 377394.00
16/08/2016 470.00 470.00 470.00 470.00 2 400.00 188000.00
17/08/2016 481.00 481.00 481.00 481.00 1 100.00 48100.00
18/08/2016 483.52 483.52 483.52 483.52 1 100.00 48352.00
22/08/2016 476.00 476.00 476.00 476.00 1 200.00 95200.00
23/08/2016 476.00 476.00 476.00 476.00 1 100.00 47600.00
29/08/2016 485.00 485.00 485.00 485.00 2 1100.00 533500.00
30/08/2016 484.99 484.99 484.99 484.99 1 200.00 96998.00
31/08/2016 485.00 485.00 485.00 485.00 3 300.00 145500.00
06/09/2016 484.16 484.16 484.16 484.16 1 200.00 96832.00
08/09/2016 476.00 476.00 479.23 479.23 17 2900.00 1386997.00
09/09/2016 488.00 479.00 488.00 480.00 12 2400.00 1154200.00
12/09/2016 480.00 480.00 480.00 480.00 1 100.00 48000.00
13/09/2016 482.00 482.00 482.00 482.00 6 600.00 289200.00
14/09/2016 490.00 489.95 490.00 489.95 3 300.00 146995.00
15/09/2016 489.61 489.61 489.61 489.61 1 1000.00 489610.00
16/09/2016 475.35 475.35 475.35 475.35 1 1000.00 475350.00
21/09/2016 467.06 467.06 467.06 467.06 2 300.00 140118.00
23/09/2016 470.30 470.30 470.30 470.30 1 400.00 188120.00
26/09/2016 471.00 471.00 471.00 471.00 1 100.00 47100.00
28/09/2016 466.82 466.82 466.82 466.82 1 100.00 46682.00
30/09/2016 470.70 470.70 475.05 475.05 2 200.00 94575.00
03/10/2016 461.02 459.95 461.02 459.95 2 400.00 184087.00
05/10/2016 462.42 462.42 462.42 462.42 3 400.00 184968.00
06/10/2016 462.71 462.71 462.82 462.82 2 200.00 92553.00
07/10/2016 459.55 459.55 459.71 459.71 2 3100.00 1424621.00
10/10/2016 469.89 469.89 469.89 469.89 1 100.00 46989.00
17/10/2016 461.20 461.20 461.20 461.20 1 200.00 92240.00
18/10/2016 462.77 462.77 462.77 462.77 2 300.00 138831.00
21/10/2016 453.06 453.06 453.06 453.06 1 100.00 45306.00
26/10/2016 455.16 452.00 455.16 452.00 2 300.00 136232.00
27/10/2016 455.19 455.19 455.19 455.19 1 100.00 45519.00
28/10/2016 458.76 458.76 458.76 458.76 1 800.00 367008.00
31/10/2016 459.22 459.22 459.22 459.22 1 100.00 45922.00
01/11/2016 466.00 466.00 466.00 466.00 1 200.00 93200.00
07/11/2016 471.29 470.25 471.29 470.25 2 200.00 94154.00
08/11/2016 470.25 470.10 470.25 470.10 4 2300.00 1081410.00
09/11/2016 482.00 482.00 482.00 482.00 5 500.00 241000.00
10/11/2016 521.80 521.80 523.85 523.85 2 500.00 261105.00
11/11/2016 527.00 527.00 540.00 535.75 5 2900.00 1551410.00
14/11/2016 545.00 543.86 545.00 543.86 2 3400.00 1852316.00
16/11/2016 535.00 532.50 537.40 537.40 4 3200.00 1711920.00
17/11/2016 537.90 537.90 537.90 537.90 1 100.00 53790.00
18/11/2016 533.24 533.24 533.24 533.24 1 100.00 53324.00
21/11/2016 532.69 532.69 532.69 532.69 1 100.00 53269.00
30/11/2016 534.00 534.00 534.00 534.00 1 400.00 213600.00
01/12/2016 541.00 541.00 541.00 541.00 2 200.00 108200.00
02/12/2016 547.00 547.00 552.00 552.00 6 600.00 329770.00
05/12/2016 548.16 548.16 548.16 548.16 1 100.00 54816.00
07/12/2016 547.35 547.35 555.00 555.00 11 1800.00 989910.00
09/12/2016 552.64 552.64 552.64 552.64 1 2000.00 1105280.00
12/12/2016 556.60 554.80 556.60 554.80 2 200.00 111140.00
14/12/2016 556.00 554.00 558.50 554.00 3 700.00 390250.00
15/12/2016 560.00 560.00 560.00 560.00 2 400.00 224000.00
16/12/2016 558.35 558.35 559.40 559.40 2 300.00 167610.00
19/12/2016 556.18 556.18 556.18 556.18 1 700.00 389326.00
27/12/2016 538.67 538.67 538.67 538.67 1 100.00 53867.00
28/12/2016 536.83 536.83 536.83 536.83 1 600.00 322098.00
29/12/2016 535.26 530.67 535.26 530.67 4 500.00 266002.00
03/01/2017 530.67 530.67 530.87 530.87 3 800.00 424676.00
05/01/2017 525.47 525.47 525.47 525.47 1 100.00 52547.00
09/01/2017 517.85 517.85 520.81 520.81 2 4800.00 2485976.00
12/01/2017 514.00 514.00 514.00 514.00 1 100.00 51400.00
17/01/2017 514.03 514.03 514.03 514.03 1 100.00 51403.00
30/01/2017 509.65 509.65 509.65 509.65 1 1400.00 713510.00
01/02/2017 510.87 510.87 510.87 510.87 1 100.00 51087.00
03/02/2017 507.00 507.00 507.00 507.00 1 100.00 50700.00
06/02/2017 508.63 508.63 508.63 508.63 1 800.00 406904.00
07/02/2017 511.00 511.00 511.00 511.00 1 100.00 51100.00
08/02/2017 509.57 509.57 509.57 509.57 1 100.00 50957.00
13/02/2017 516.40 516.40 516.40 516.40 1 100.00 51640.00
14/02/2017 514.95 514.95 514.95 514.95 1 300.00 154485.00
15/02/2017 511.00 511.00 511.00 511.00 2 200.00 102200.00
21/02/2017 520.00 520.00 520.00 520.00 1 100.00 52000.00
22/02/2017 520.35 519.24 520.35 519.24 3 800.00 416134.00
23/02/2017 519.94 519.94 519.94 519.94 1 100.00 51994.00
01/03/2017 547.50 545.39 547.50 547.00 19 1900.00 1039439.00
02/03/2017 547.53 547.53 547.53 547.53 1 100.00 54753.00
06/03/2017 547.00 547.00 547.95 547.95 2 6200.00 3391970.00
08/03/2017 556.86 556.86 556.86 556.86 1 200.00 111372.00
13/03/2017 551.41 551.41 551.41 551.41 1 1300.00 716833.00
15/03/2017 558.19 555.00 561.33 555.00 4 500.00 279085.00
17/03/2017 535.55 535.55 535.55 535.55 1 1200.00 642660.00
21/03/2017 527.10 525.00 527.10 525.00 2 400.00 210210.00
24/03/2017 533.45 533.45 533.45 533.45 1 100.00 53345.00
29/03/2017 521.17 521.17 521.17 521.17 1 700.00 364819.00
03/04/2017 517.98 517.22 517.98 517.22 2 200.00 103520.00
04/04/2017 518.29 518.29 518.29 518.29 1 500.00 259145.00
05/04/2017 520.41 520.41 520.41 520.41 1 100.00 52041.00
06/04/2017 520.81 520.81 520.81 520.81 1 200.00 104162.00
07/04/2017 518.60 518.60 522.30 522.30 2 1700.00 887540.00
11/04/2017 517.03 517.03 520.50 519.79 3 900.00 468032.00
12/04/2017 521.00 521.00 521.00 521.00 1 200.00 104200.00
13/04/2017 515.26 515.26 515.26 515.26 1 100.00 51526.00
19/04/2017 512.00 512.00 512.00 512.00 1 100.00 51200.00
20/04/2017 511.28 511.28 519.13 519.13 2 600.00 310693.00
24/04/2017 515.14 515.14 516.50 516.50 2 200.00 103164.00
25/04/2017 527.19 527.19 528.00 527.61 3 300.00 158280.00
26/04/2017 532.00 532.00 537.13 537.13 3 300.00 160113.00
27/04/2017 527.00 527.00 532.00 530.00 4 500.00 265100.00
02/05/2017 526.84 521.44 526.84 521.44 4 600.00 314216.00
03/05/2017 525.00 525.00 525.00 525.00 2 200.00 105000.00
05/05/2017 528.90 528.90 528.90 528.90 1 400.00 211560.00
10/05/2017 516.72 516.72 516.72 516.72 1 400.00 206688.00
15/05/2017 510.00 510.00 510.00 510.00 6 600.00 306000.00
16/05/2017 507.20 507.20 507.20 507.20 1 900.00 456480.00
17/05/2017 505.98 505.98 505.98 505.98 1 100.00 50598.00
18/05/2017 540.00 540.00 540.00 540.00 22 2200.00 1188000.00
22/05/2017 539.32 539.32 541.77 541.77 2 200.00 108109.00
23/05/2017 538.00 538.00 538.00 538.00 1 100.00 53800.00
29/05/2017 547.73 547.73 547.73 547.73 1 100.00 54773.00
30/05/2017 545.47 539.84 545.47 539.84 3 2600.00 1412592.00
31/05/2017 533.83 533.83 533.83 533.83 1 200.00 106766.00
01/06/2017 541.80 541.80 541.80 541.80 1 100.00 54180.00
02/06/2017 543.36 541.70 543.36 541.70 5 1800.00 976083.00
05/06/2017 553.28 553.28 553.28 553.28 1 100.00 55328.00
06/06/2017 545.84 545.20 548.20 548.20 3 3400.00 1854708.00
07/06/2017 545.40 545.40 547.00 547.00 2 800.00 436480.00
12/06/2017 564.45 564.45 564.45 564.45 1 400.00 225780.00
