14/06/2016 166.97 166.97 166.97 166.97 1 10.00 551001.00
17/06/2016 166.50 166.50 166.50 166.50 1 1.00 54945.00
21/06/2016 167.00 167.00 167.00 167.00 1 1.00 55110.00
28/06/2016 165.00 165.00 165.00 165.00 1 1.00 54450.00
07/07/2016 163.26 163.26 163.26 163.26 2 2.00 107751.00
08/07/2016 164.00 164.00 164.00 164.00 1 1.00 54120.00
11/07/2016 163.98 163.98 163.98 163.98 1 1.00 54113.00
02/08/2016 157.00 157.00 157.00 157.00 2 3.00 155430.00
04/08/2016 155.50 155.50 155.50 155.50 1 2.00 102630.00
15/08/2016 153.67 153.67 153.67 153.67 1 6.00 304266.00
16/08/2016 153.00 153.00 153.00 153.00 1 1.00 50490.00
25/08/2016 156.19 156.19 156.19 156.19 1 1.00 51542.00
02/09/2016 153.78 153.78 153.78 153.78 1 1.00 50747.00
09/09/2016 157.00 157.00 157.00 157.00 1 1.00 51810.00
30/09/2016 157.00 157.00 157.00 157.00 1 1.00 51810.00
03/10/2016 157.00 156.90 157.57 157.57 4 8.00 415512.00
04/10/2016 157.00 157.00 157.30 157.30 2 3.00 155628.00
13/10/2016 155.74 155.74 155.74 155.74 1 1.00 51394.00
14/10/2016 155.00 155.00 155.00 155.00 1 1.00 51150.00
17/10/2016 155.00 155.00 155.00 155.00 1 1.00 51150.00
19/10/2016 155.00 155.00 155.00 155.00 1 1.00 51150.00
20/10/2016 153.00 152.00 153.00 152.00 5 7.00 351796.00
21/10/2016 153.50 153.50 153.50 153.50 1 1.00 50655.00
25/10/2016 153.50 153.02 153.85 153.02 22 80.00 4055013.00
26/10/2016 153.50 153.50 153.50 153.50 1 1.00 50655.00
27/10/2016 152.50 152.50 152.50 152.50 1 1.00 50325.00
28/10/2016 152.70 152.00 152.70 152.00 2 2.00 100551.00
31/10/2016 151.99 151.99 153.09 152.35 12 12.00 605629.00
01/11/2016 151.51 151.51 151.51 151.51 1 1.00 49998.00
03/11/2016 151.50 151.35 151.50 151.35 2 2.00 99940.00
04/11/2016 151.29 151.00 151.49 151.00 17 86.00 4286181.00
07/11/2016 152.00 151.50 152.00 151.50 3 4.00 200145.00
08/11/2016 152.00 151.50 152.00 151.50 7 21.00 1052568.00
10/11/2016 151.00 150.80 151.37 150.80 4 4.00 199442.00
11/11/2016 150.60 149.60 150.60 149.70 6 21.00 1038642.00
14/11/2016 149.37 148.90 149.37 149.00 3 12.00 590129.00
16/11/2016 149.00 148.90 149.00 149.00 8 51.00 2507369.00
17/11/2016 149.00 149.00 150.40 150.40 8 9.00 444754.00
18/11/2016 150.00 150.00 150.00 150.00 1 1.00 49500.00
21/11/2016 150.00 150.00 150.54 150.00 5 5.00 247882.00
22/11/2016 150.25 150.25 151.40 151.20 32 226.00 11278614.00
23/11/2016 151.00 150.40 152.00 151.30 16 38.00 1899588.00
24/11/2016 151.63 150.40 151.66 150.40 16 52.00 2594456.00
28/11/2016 150.48 150.00 150.90 150.28 33 176.00 8742320.00
29/11/2016 150.50 148.70 150.50 148.90 53 169.00 8326005.00
30/11/2016 150.10 149.50 150.22 149.65 14 24.00 1185680.00
01/12/2016 149.67 149.65 150.00 149.65 7 83.00 4105173.00
02/12/2016 149.05 148.45 149.65 149.65 20 50.00 2457945.00
05/12/2016 149.05 149.05 150.00 150.00 8 30.00 1484425.00
06/12/2016 149.50 149.00 149.50 149.21 8 25.00 1230794.00
07/12/2016 149.00 148.01 149.00 148.40 30 112.00 5486718.00
08/12/2016 148.00 148.00 148.05 148.00 20 84.00 4102675.00
09/12/2016 147.75 147.70 147.76 147.70 13 37.00 1803948.00
12/12/2016 147.60 147.60 147.99 147.99 2 11.00 535916.00
13/12/2016 148.01 147.65 148.01 147.65 10 29.00 1414630.00
14/12/2016 147.20 147.20 148.30 148.30 27 70.00 3416694.00
15/12/2016 148.20 148.00 148.30 148.25 20 76.00 3713460.00
16/12/2016 148.25 148.00 148.40 148.40 21 113.00 5527599.00
19/12/2016 148.39 148.39 148.70 148.57 10 12.00 588155.00
20/12/2016 148.59 147.80 148.65 148.44 20 64.00 3132802.00
21/12/2016 148.05 148.00 148.70 148.70 34 286.00 14002045.00
22/12/2016 149.00 148.70 149.25 148.97 79 375.00 18435997.00
23/12/2016 149.00 148.76 149.80 149.50 19 57.00 2808111.00
26/12/2016 149.00 149.00 149.31 149.31 65 225.00 11070196.00
27/12/2016 149.45 148.83 149.50 149.50 186 428.00 21088072.00
28/12/2016 149.40 149.40 149.77 149.75 42 122.00 6024387.00
29/12/2016 149.45 149.45 149.90 149.90 43 59.00 2915493.00
02/01/2017 149.75 149.46 149.86 149.56 43 117.00 5776600.00
03/01/2017 149.51 149.16 149.90 149.80 62 284.00 14015631.00
04/01/2017 149.96 148.98 150.00 149.00 145 587.00 28928875.00
05/01/2017 148.99 148.50 148.99 148.54 91 274.00 13441325.00
06/01/2017 149.29 148.80 149.37 149.30 161 684.00 33646974.00
09/01/2017 149.27 149.05 149.40 149.10 71 189.00 9302769.00
10/01/2017 149.01 148.75 149.57 149.10 143 844.00 41513973.00
11/01/2017 148.95 148.75 149.18 148.75 49 180.00 8845527.00
12/01/2017 148.74 148.45 148.96 148.90 39 116.00 5694163.00
13/01/2017 148.90 148.45 148.90 148.75 95 165.00 8092131.00
16/01/2017 148.65 148.65 149.00 148.99 44 93.00 4569975.00
17/01/2017 148.81 148.35 148.81 148.69 57 195.00 9558403.00
18/01/2017 148.50 147.70 148.50 148.05 141 754.00 36823472.00
19/01/2017 148.00 147.25 148.00 147.40 104 582.00 28356081.00
20/01/2017 147.50 147.30 147.63 147.30 29 78.00 3796742.00
23/01/2017 147.15 147.00 147.63 147.30 45 245.00 11922695.00
24/01/2017 147.38 147.10 147.38 147.30 16 100.00 4859698.00
26/01/2017 146.89 146.29 146.89 146.30 61 380.00 18375634.00
27/01/2017 146.02 145.84 146.19 145.99 42 449.00 21626662.00
30/01/2017 146.15 146.10 146.30 146.21 21 51.00 2461255.00
31/01/2017 145.92 145.92 146.11 146.00 20 105.00 5059065.00
