24/11/2016 149.00 149.00 149.00 149.00 4 22.00 1081740.00
29/11/2016 147.68 147.68 147.68 147.68 1 1.00 48734.00
01/12/2016 148.00 148.00 148.00 148.00 1 1.00 48840.00
05/12/2016 148.00 148.00 148.00 148.00 5 30.00 1465200.00
07/12/2016 145.83 145.83 145.83 145.83 1 1.00 48123.00
15/12/2016 147.00 147.00 147.00 147.00 1 1.00 48510.00
28/12/2016 147.59 147.59 147.59 147.59 4 4.00 194818.00
03/01/2017 147.50 147.50 147.50 147.50 1 1.00 48675.00
10/01/2017 146.69 146.69 146.69 146.69 1 1.00 48407.00
11/01/2017 145.21 144.67 145.21 144.67 3 3.00 143579.00
12/01/2017 145.00 144.35 145.10 145.10 4 4.00 191218.00
17/01/2017 145.20 145.20 145.20 145.20 1 1.00 47916.00
18/01/2017 145.00 145.00 145.00 145.00 3 20.00 957000.00
19/01/2017 144.50 144.50 144.50 144.50 6 26.00 1239810.00
20/01/2017 144.70 144.60 144.70 144.60 2 2.00 95469.00
24/01/2017 143.90 143.90 144.25 144.25 11 59.00 2806947.00
26/01/2017 144.25 143.80 144.25 144.00 4 18.00 855871.00
27/01/2017 143.00 143.00 143.00 143.00 9 110.00 5190900.00
30/01/2017 143.00 143.00 143.00 143.00 10 36.00 1698840.00
31/01/2017 142.90 142.90 143.10 143.10 16 108.00 5096718.00
01/02/2017 143.49 143.00 143.49 143.00 2 2.00 94541.00
02/02/2017 143.00 143.00 143.00 143.00 5 21.00 990990.00
03/02/2017 143.00 143.00 143.00 143.00 2 24.00 1132560.00
06/02/2017 143.00 142.90 143.00 142.99 3 7.00 330280.00
07/02/2017 142.90 142.90 143.00 143.00 4 19.00 896577.00
09/02/2017 142.00 142.00 142.32 142.32 8 58.00 2720520.00
10/02/2017 142.50 142.50 142.71 142.71 8 31.00 1459012.00
13/02/2017 142.53 142.53 142.70 142.70 7 36.00 1694922.00
14/02/2017 142.40 142.00 142.40 142.00 7 51.00 2389992.00
15/02/2017 142.25 141.00 142.25 141.80 9 52.00 2434393.00
16/02/2017 142.00 141.28 142.00 141.28 10 80.00 3735791.00
17/02/2017 141.50 141.01 142.00 142.00 9 15.00 701085.00
20/02/2017 142.00 141.75 142.50 142.50 10 61.00 2868112.00
21/02/2017 143.00 142.30 143.00 142.33 17 128.00 6032525.00
22/02/2017 142.33 141.80 142.33 141.97 8 72.00 3371171.00
23/02/2017 141.97 141.50 142.50 142.49 30 155.00 7278166.00
24/02/2017 142.06 141.60 142.60 142.30 13 32.00 1502516.00
01/03/2017 142.81 142.81 142.81 142.81 4 6.00 282763.00
02/03/2017 143.00 142.65 143.56 143.19 96 371.00 17515119.00
03/03/2017 143.90 142.81 144.34 143.18 62 349.00 16528221.00
06/03/2017 142.95 142.70 143.29 143.01 18 51.00 2406310.00
07/03/2017 142.50 142.00 143.15 143.11 41 144.00 6796524.00
08/03/2017 143.47 143.06 143.64 143.30 22 52.00 2459278.00
09/03/2017 143.32 143.32 143.60 143.51 7 167.00 7900117.00
10/03/2017 143.77 143.02 143.77 143.25 11 47.00 2221767.00
13/03/2017 143.00 143.00 143.02 143.02 9 83.00 3917311.00
14/03/2017 143.00 143.00 143.51 143.51 18 115.00 5439188.00
15/03/2017 143.12 143.12 143.71 143.60 39 76.00 3599913.00
16/03/2017 143.66 143.30 143.66 143.35 37 421.00 19945015.00
17/03/2017 143.35 143.35 143.40 143.40 10 193.00 9130176.00
20/03/2017 143.50 142.50 143.50 142.53 73 518.00 24413274.00
21/03/2017 142.50 142.05 142.90 142.05 179 566.00 26616625.00
22/03/2017 142.20 140.61 142.20 140.61 94 429.00 20018403.00
23/03/2017 140.61 138.50 140.99 139.70 79 764.00 35247841.00
24/03/2017 139.60 139.40 140.70 140.04 35 103.00 4760688.00
27/03/2017 141.00 141.00 141.50 141.25 63 368.00 17152703.00
28/03/2017 141.50 140.71 141.50 141.00 29 79.00 3678114.00
29/03/2017 141.00 139.81 141.00 139.95 27 194.00 8965935.00
30/03/2017 140.88 140.15 140.95 140.75 47 219.00 10154542.00
31/03/2017 141.25 140.71 141.25 140.90 20 388.00 18050241.00
