23/11/2016 147.63 147.63 147.63 147.63 1 1.00 48717.00
01/12/2016 147.00 147.00 147.00 147.00 1 1.00 48510.00
07/12/2016 145.16 145.16 145.16 145.16 1 1.00 47902.00
13/12/2016 144.61 144.61 144.61 144.61 1 6.00 286327.00
15/12/2016 145.00 145.00 145.00 145.00 1 1.00 47850.00
03/01/2017 146.96 146.96 146.96 146.96 1 1.00 48496.00
10/01/2017 145.50 145.50 145.50 145.50 1 1.00 48015.00
30/01/2017 141.65 141.65 141.95 141.95 6 43.00 2012686.00
01/02/2017 142.80 142.80 142.80 142.80 1 1.00 47124.00
06/02/2017 142.00 142.00 142.00 142.00 1 1.00 46860.00
10/02/2017 141.73 141.73 141.73 141.73 1 1.00 46770.00
13/02/2017 142.05 142.05 142.05 142.05 1 1.00 46876.00
14/02/2017 141.50 141.50 141.50 141.50 1 1.00 46695.00
15/02/2017 141.00 141.00 141.00 141.00 1 1.00 46530.00
17/02/2017 141.06 141.06 141.06 141.06 1 1.00 46549.00
06/03/2017 142.00 142.00 142.00 142.00 1 1.00 46860.00
13/03/2017 142.25 142.00 142.25 142.00 5 129.00 6051045.00
15/03/2017 142.55 142.55 142.55 142.55 4 50.00 2352075.00
17/03/2017 142.25 142.25 142.25 142.25 6 12.00 563310.00
20/03/2017 142.00 140.56 142.00 141.00 6 31.00 1443156.00
22/03/2017 140.00 140.00 140.00 140.00 8 77.00 3557400.00
23/03/2017 138.96 138.96 138.96 138.96 4 36.00 1650844.00
24/03/2017 137.90 137.90 139.20 138.65 10 10.00 457571.00
27/03/2017 140.45 140.29 140.50 140.50 8 164.00 7601873.00
28/03/2017 141.00 141.00 141.00 141.00 1 1.00 46530.00
29/03/2017 141.00 141.00 141.00 141.00 1 1.00 46530.00
30/03/2017 137.10 136.98 137.10 136.98 2 2.00 90446.00
31/03/2017 135.40 134.40 135.40 134.40 14 62.00 2761836.00
03/04/2017 134.50 133.70 134.50 134.00 12 32.00 1416376.00
04/04/2017 134.20 134.20 135.50 135.50 13 25.00 1113693.00
05/04/2017 134.75 134.75 134.85 134.85 2 4.00 177936.00
06/04/2017 135.50 135.00 135.50 135.25 4 4.00 178530.00
10/04/2017 135.95 135.95 136.00 136.00 2 18.00 807823.00
11/04/2017 136.50 136.50 136.50 136.50 6 39.00 1756755.00
12/04/2017 137.00 136.95 137.25 137.00 10 49.00 2215884.00
13/04/2017 136.50 136.50 137.00 137.00 8 53.00 2390876.00
17/04/2017 137.94 137.30 137.94 137.80 15 74.00 3359178.00
18/04/2017 138.00 138.00 138.20 138.00 18 100.00 4555056.00
19/04/2017 138.00 137.55 138.00 137.55 10 37.00 1684791.00
20/04/2017 137.94 137.94 138.00 138.00 4 12.00 546374.00
24/04/2017 138.00 138.00 138.01 138.01 5 32.00 1457283.00
25/04/2017 138.00 137.71 138.00 137.71 3 4.00 182064.00
26/04/2017 137.80 137.80 138.10 138.10 8 19.00 865781.00
27/04/2017 137.95 137.95 138.30 138.30 9 25.00 1140694.00
28/04/2017 138.00 138.00 138.49 138.40 4 68.00 3104603.00
