01/06/2016 158.00 157.37 158.15 158.00 70 256.00 13342332.00
02/06/2016 158.00 158.00 158.50 158.25 24 116.00 6061284.00
03/06/2016 158.55 158.50 159.15 158.93 75 456.00 23920290.00
06/06/2016 159.09 158.61 159.10 158.97 68 266.00 13954548.00
07/06/2016 158.98 158.50 159.00 158.50 58 337.00 17641674.00
08/06/2016 158.35 158.00 158.50 158.25 66 235.00 12270749.00
09/06/2016 158.40 157.75 158.40 157.80 96 381.00 19851744.00
10/06/2016 157.80 157.40 158.00 157.42 52 270.00 14045034.00
13/06/2016 157.50 156.85 157.50 157.20 70 295.00 15292790.00
14/06/2016 157.21 157.20 157.80 157.50 29 76.00 3948512.00
15/06/2016 157.50 157.16 157.50 157.30 30 95.00 4931708.00
16/06/2016 157.40 157.40 158.01 157.81 66 373.00 19438174.00
17/06/2016 158.00 157.70 158.30 158.20 30 160.00 8348778.00
20/06/2016 158.21 158.20 158.65 158.26 52 159.00 8316653.00
21/06/2016 158.40 158.07 158.60 158.32 14 67.00 3499890.00
22/06/2016 158.35 157.80 158.35 158.02 56 377.00 19665782.00
23/06/2016 158.00 157.90 158.10 157.90 99 783.00 40841826.00
24/06/2016 158.00 157.35 158.00 157.55 37 245.00 12738910.00
27/06/2016 157.56 156.65 157.56 156.70 57 251.00 12995944.00
28/06/2016 156.70 156.35 156.89 156.40 34 151.00 7799048.00
29/06/2016 156.47 156.12 156.47 156.12 25 250.00 12895037.00
30/06/2016 156.12 155.90 156.12 155.90 12 55.00 2830202.00
