29/06/2016 16.95 16.95 16.95 16.95 1 111.10 1883.00
30/06/2016 16.95 16.95 16.95 16.95 1 111.10 1883.00
01/07/2016 16.95 16.95 16.95 16.95 1 111.10 1883.00
06/07/2016 17.42 17.42 17.42 17.42 1 111.10 1936.00
12/07/2016 17.42 17.42 17.42 17.42 1 111.10 1936.00
02/08/2016 17.41 17.41 17.41 17.41 1 111.10 1935.00
29/09/2016 17.41 17.41 17.41 17.41 1 109.44 1906.00
04/10/2016 17.40 17.40 17.40 17.40 1 109.44 1905.00
05/10/2016 17.37 17.37 17.37 17.37 1 109.44 1900.00
06/10/2016 17.37 17.37 17.37 17.37 1 109.44 1900.00
14/10/2016 17.27 17.27 17.27 17.27 1 109.44 1890.00
19/10/2016 17.18 17.18 17.18 17.18 1 109.44 1880.00
20/10/2016 17.00 17.00 17.00 17.00 1 109.44 1860.00
23/11/2016 17.00 17.00 17.00 17.00 1 109.44 1860.00
22/12/2016 17.00 17.00 17.00 17.00 1 109.44 1860.00
23/12/2016 17.00 17.00 17.00 17.00 1 109.44 1860.00
26/12/2016 17.00 17.00 17.00 17.00 1 109.44 1860.00
12/01/2017 17.00 17.00 17.00 17.00 1 109.44 1860.00
13/01/2017 17.00 17.00 17.00 17.00 1 109.44 1860.00
16/01/2017 16.99 16.99 16.99 16.99 2 218.89 3718.00
18/01/2017 17.00 17.00 17.00 17.00 1 109.44 1860.00
19/01/2017 17.00 17.00 17.00 17.00 1 109.44 1860.00
20/01/2017 17.00 17.00 17.00 17.00 1 109.44 1860.00
26/01/2017 17.00 17.00 17.00 17.00 1 109.44 1860.00
27/01/2017 17.00 17.00 17.00 17.00 1 109.44 1860.00
30/01/2017 16.99 16.99 16.99 16.99 1 109.44 1859.00
31/01/2017 17.00 17.00 17.00 17.00 1 109.44 1860.00
08/02/2017 17.00 17.00 17.00 17.00 1 109.44 1860.00
10/02/2017 17.00 17.00 17.00 17.00 1 109.44 1860.00
15/02/2017 17.00 17.00 17.00 17.00 1 109.44 1860.00
20/02/2017 17.00 17.00 17.20 17.20 2 437.77 7506.00
21/02/2017 17.86 17.86 18.93 18.93 7 984.99 18176.00
22/02/2017 19.26 19.26 22.85 20.51 6 656.66 13485.00
23/02/2017 20.21 20.21 20.21 20.21 1 106.71 2157.00
24/02/2017 20.21 20.21 20.51 20.21 4 426.85 8663.00
01/03/2017 21.65 21.65 23.43 23.24 6 1600.68 37290.00
02/03/2017 23.24 22.67 23.24 22.67 3 320.13 7344.00
03/03/2017 22.35 22.35 22.35 22.35 1 106.71 2385.00
06/03/2017 22.67 22.67 22.67 22.67 1 106.71 2420.00
08/03/2017 23.02 23.02 23.02 23.02 1 106.71 2456.00
15/03/2017 23.30 23.30 23.30 23.30 1 106.71 2486.00
04/04/2017 23.36 23.36 23.94 23.94 3 313.32 7411.00
05/04/2017 23.94 23.94 23.94 23.94 1 104.44 2500.00
06/04/2017 24.04 24.04 24.04 24.04 1 104.44 2511.00
10/04/2017 24.10 24.10 24.10 24.10 1 100.00 2410.00
12/04/2017 24.00 23.76 24.00 24.00 4 400.00 9556.00
02/05/2017 24.01 24.01 24.01 24.01 1 100.00 2401.00
03/05/2017 24.04 24.04 24.04 24.04 1 100.00 2404.00
05/05/2017 24.05 24.05 24.05 24.05 1 100.00 2405.00
08/05/2017 24.06 24.06 24.06 24.06 1 100.00 2406.00
09/05/2017 24.10 24.10 24.10 24.10 1 100.00 2410.00
16/05/2017 24.20 24.20 26.00 26.00 3 300.00 7520.00
19/05/2017 26.61 26.61 26.61 26.61 1 100.00 2661.00
22/05/2017 26.22 26.22 26.22 26.22 1 100.00 2622.00
30/05/2017 26.44 26.44 26.44 26.44 1 100.00 2644.00
13/06/2017 26.71 26.71 27.00 27.00 3 300.00 8051.00
14/06/2017 27.40 27.40 28.82 28.82 2 400.00 11386.00
