01/06/2016 163.20 163.00 163.20 163.00 23 180.00 9693172.00
02/06/2016 162.81 162.81 163.50 163.09 9 37.00 1991553.00
03/06/2016 163.15 163.15 163.50 163.39 30 160.00 8630387.00
06/06/2016 163.39 163.10 163.90 163.49 12 110.00 5929057.00
07/06/2016 163.49 163.05 163.49 163.05 14 304.00 16364053.00
08/06/2016 162.89 162.89 163.74 163.40 17 73.00 3931946.00
09/06/2016 163.40 162.99 163.65 162.99 55 923.00 49692294.00
10/06/2016 163.10 162.10 163.70 162.10 17 82.00 4388788.00
13/06/2016 162.00 161.60 163.25 162.79 30 72.00 3857152.00
14/06/2016 162.79 162.79 163.45 163.27 19 74.00 3984670.00
15/06/2016 163.20 163.00 163.20 163.00 5 20.00 1076245.00
16/06/2016 163.20 163.20 164.15 164.00 28 59.00 3188964.00
17/06/2016 163.99 163.60 164.00 164.00 12 62.00 3351889.00
20/06/2016 164.20 163.97 164.30 163.97 6 12.00 649506.00
21/06/2016 163.90 162.89 163.90 162.89 17 136.00 7318472.00
22/06/2016 163.00 162.50 163.35 162.89 24 127.00 6824713.00
23/06/2016 162.89 162.50 162.98 162.67 8 271.00 14558458.00
24/06/2016 162.60 162.00 162.80 162.06 30 174.00 9307112.00
27/06/2016 161.50 161.50 161.95 161.89 13 26.00 1388323.00
28/06/2016 161.89 161.70 162.71 161.70 40 154.00 8232308.00
29/06/2016 161.69 159.70 161.69 160.10 30 230.00 12156051.00
30/06/2016 160.10 158.75 160.10 159.30 59 493.00 25857367.00
01/07/2016 159.30 159.00 160.60 160.30 26 261.00 13785693.00
04/07/2016 160.30 159.75 160.80 159.75 15 104.00 5488949.00
05/07/2016 159.40 158.00 159.40 158.95 68 238.00 12465109.00
06/07/2016 159.00 158.50 159.20 158.60 30 96.00 5029256.00
07/07/2016 158.45 156.81 158.45 157.09 94 409.00 21247073.00
08/07/2016 157.25 157.05 157.50 157.15 35 209.00 10856736.00
11/07/2016 157.20 157.00 157.45 157.45 43 117.00 6066779.00
12/07/2016 157.70 157.70 158.99 158.40 50 177.00 9253747.00
13/07/2016 158.40 157.69 158.68 157.69 32 119.00 6207498.00
14/07/2016 157.20 156.80 157.20 156.80 67 340.00 17617934.00
15/07/2016 156.79 156.61 157.00 156.69 71 368.00 19044735.00
18/07/2016 156.68 155.30 156.84 155.35 50 401.00 20636952.00
19/07/2016 155.36 155.00 156.01 156.01 102 493.00 25333400.00
20/07/2016 155.99 155.40 156.48 156.15 92 671.00 34497731.00
21/07/2016 156.15 155.97 156.68 156.15 32 156.00 8039496.00
22/07/2016 155.52 155.52 156.00 155.70 18 97.00 4988068.00
25/07/2016 155.84 155.84 156.65 156.55 40 176.00 9089968.00
26/07/2016 156.27 155.90 156.70 156.10 78 402.00 20696445.00
27/07/2016 156.00 154.65 156.00 155.01 120 883.00 45197281.00
28/07/2016 154.89 154.40 155.10 154.65 63 350.00 17858412.00
29/07/2016 154.60 153.55 154.60 153.60 142 753.00 38233268.00
01/08/2016 153.60 152.50 154.00 152.50 129 789.00 39899874.00
02/08/2016 152.80 152.50 153.00 152.52 125 1004.00 50625342.00
03/08/2016 152.70 152.55 153.46 152.98 51 212.00 10702744.00
04/08/2016 153.00 151.00 153.00 151.49 194 1650.00 82719799.00
05/08/2016 151.39 151.39 152.14 151.99 80 446.00 22309471.00
08/08/2016 152.37 152.21 152.37 152.30 5 24.00 1206064.00
09/08/2016 152.29 151.40 152.35 151.50 74 445.00 22299420.00
10/08/2016 151.50 151.30 151.80 151.70 38 165.00 8254527.00
11/08/2016 151.70 149.99 151.70 149.99 47 268.00 13302752.00
12/08/2016 149.55 149.50 150.40 150.25 41 246.00 12169208.00
15/08/2016 150.20 149.50 150.85 150.70 20 500.00 24698724.00
16/08/2016 150.60 150.40 151.95 151.80 61 246.00 12293466.00
17/08/2016 151.70 151.14 151.70 151.39 16 76.00 3795940.00
18/08/2016 151.40 149.64 151.40 149.80 43 209.00 10344420.00
19/08/2016 149.90 149.40 150.40 149.70 41 175.00 8653896.00
22/08/2016 149.60 149.60 150.90 150.00 32 87.00 4302210.00
23/08/2016 149.85 148.80 149.85 149.00 43 218.00 10723000.00
24/08/2016 149.20 148.50 149.20 148.75 57 999.00 49066419.00
25/08/2016 148.90 148.90 149.80 149.70 45 231.00 11390718.00
26/08/2016 149.50 149.40 149.80 149.80 9 36.00 1776819.00
29/08/2016 149.50 149.40 149.98 149.55 11 35.00 1726969.00
30/08/2016 149.75 149.30 149.75 149.35 20 182.00 8974465.00
31/08/2016 149.30 149.12 149.30 149.12 16 512.00 25224345.00
