03/04/2017 138.00 138.00 138.00 138.00 1 1.00 45540.00
04/04/2017 137.02 137.02 137.02 137.02 1 1.00 45216.00
26/04/2017 138.50 138.50 138.50 138.50 1 1.00 45705.00
27/04/2017 138.34 138.34 138.34 138.34 1 1.00 45652.00
10/05/2017 137.50 137.50 137.50 137.50 1 1.00 45375.00
11/05/2017 137.20 137.20 137.20 137.20 1 1.00 45276.00
12/05/2017 138.00 138.00 138.00 138.00 1 1.00 45540.00
15/05/2017 137.51 137.40 137.51 137.40 3 3.00 136095.00
16/05/2017 137.50 137.50 137.50 137.50 1 1.00 45375.00
17/05/2017 137.25 137.25 137.25 137.25 1 1.00 45292.00
18/05/2017 136.00 136.00 136.00 136.00 5 6.00 269280.00
19/05/2017 135.75 135.75 135.75 135.75 1 1.00 44797.00
22/05/2017 132.49 132.49 132.49 132.49 1 1.00 43721.00
24/05/2017 131.84 131.84 132.25 132.25 2 2.00 87149.00
25/05/2017 131.23 131.23 131.25 131.25 2 2.00 86618.00
26/05/2017 131.50 131.50 131.50 131.50 1 1.00 43395.00
29/05/2017 131.72 131.72 131.72 131.72 1 1.00 43467.00
30/05/2017 132.24 131.00 132.24 131.00 8 47.00 2032958.00
31/05/2017 131.49 131.49 131.50 131.50 2 2.00 86786.00
01/06/2017 132.00 131.59 132.00 131.59 3 3.00 130409.00
02/06/2017 131.51 131.51 131.51 131.51 1 1.00 43398.00
06/06/2017 131.01 128.59 131.01 128.59 17 148.00 6394472.00
07/06/2017 129.17 128.07 129.17 128.07 5 10.00 422994.00
08/06/2017 128.00 127.84 128.00 127.84 2 2.00 84427.00
09/06/2017 127.00 127.00 127.00 127.00 2 45.00 1885950.00
12/06/2017 127.32 127.32 127.32 127.32 1 1.00 42015.00
13/06/2017 127.50 127.50 127.50 127.50 1 1.00 42075.00
14/06/2017 127.39 126.00 127.39 126.20 8 130.00 5454398.00
16/06/2017 126.36 125.10 126.36 125.21 7 11.00 456135.00
