01/06/2016 166.00 165.90 166.30 165.90 55 261.00 14299655.00
02/06/2016 166.00 166.00 167.20 166.30 62 206.00 11311287.00
03/06/2016 166.40 166.30 166.80 166.59 110 368.00 20228198.00
06/06/2016 166.70 166.00 166.70 166.00 59 182.00 9991799.00
07/06/2016 166.19 165.63 166.48 165.80 128 623.00 34118888.00
08/06/2016 166.35 165.70 166.60 166.35 114 390.00 21411429.00
09/06/2016 166.40 166.00 166.50 166.30 40 213.00 11691401.00
10/06/2016 166.40 165.34 166.40 165.50 175 389.00 21245380.00
13/06/2016 165.49 164.73 165.94 165.90 125 374.00 20408008.00
14/06/2016 165.81 165.05 166.47 166.02 70 248.00 13595973.00
15/06/2016 166.25 165.80 166.45 166.36 92 218.00 11961952.00
16/06/2016 166.50 166.20 166.95 166.90 162 1764.00 96866919.00
17/06/2016 166.95 166.69 167.20 167.00 113 490.00 26993079.00
20/06/2016 167.10 166.61 167.61 167.00 94 414.00 22816338.00
21/06/2016 166.99 165.82 166.99 166.01 163 752.00 41233368.00
22/06/2016 166.20 165.90 166.49 165.90 94 317.00 17369111.00
23/06/2016 165.90 165.00 165.98 165.38 142 390.00 21301915.00
24/06/2016 164.81 164.50 165.67 164.80 76 182.00 9896680.00
27/06/2016 164.75 164.20 164.99 164.80 125 329.00 17868790.00
28/06/2016 164.80 164.51 165.32 164.89 195 658.00 35818021.00
29/06/2016 164.63 162.55 164.90 163.00 295 1315.00 70935625.00
30/06/2016 163.00 161.21 163.00 161.60 277 1735.00 92673748.00
01/07/2016 161.78 160.28 163.39 163.00 238 1493.00 79975533.00
04/07/2016 162.76 162.66 163.90 163.06 85 201.00 10827900.00
05/07/2016 162.90 161.45 162.90 162.30 142 449.00 24010060.00
06/07/2016 162.40 162.40 163.15 162.60 105 466.00 25058559.00
07/07/2016 162.40 161.05 162.49 161.35 212 1319.00 70380519.00
08/07/2016 161.70 161.34 162.20 161.88 151 475.00 25382418.00
11/07/2016 162.04 161.42 162.20 162.10 133 508.00 27117466.00
12/07/2016 162.49 162.00 163.30 163.00 325 1364.00 73278668.00
13/07/2016 163.03 162.10 163.30 162.44 102 415.00 22280775.00
14/07/2016 162.24 161.10 162.70 161.20 222 793.00 42300584.00
15/07/2016 161.15 161.00 161.50 161.15 64 248.00 13199808.00
18/07/2016 160.90 159.53 161.15 159.56 258 1032.00 54608835.00
19/07/2016 159.70 159.40 160.25 159.99 147 728.00 38380857.00
20/07/2016 159.96 159.00 160.40 160.10 188 760.00 40116417.00
21/07/2016 160.15 159.30 160.60 160.20 119 280.00 14782541.00
22/07/2016 160.22 159.45 160.22 159.65 87 400.00 21080383.00
25/07/2016 159.70 159.61 160.40 160.23 84 250.00 13209269.00
26/07/2016 159.90 159.55 160.45 159.96 83 380.00 20050001.00
27/07/2016 159.75 157.70 159.80 158.69 304 1287.00 67315304.00
28/07/2016 158.69 158.15 158.90 158.35 101 377.00 19695069.00
29/07/2016 158.31 157.52 158.58 157.60 104 448.00 23343259.00
01/08/2016 157.60 155.71 157.97 155.99 324 1691.00 87402932.00
02/08/2016 155.65 155.10 156.59 156.10 320 1298.00 66864144.00
03/08/2016 156.00 155.55 157.50 156.50 260 1520.00 78560691.00
04/08/2016 156.55 154.47 156.55 155.25 428 2652.00 135933682.00
05/08/2016 155.20 154.70 156.45 156.18 184 913.00 46922393.00
08/08/2016 156.00 155.55 156.50 156.30 62 254.00 13077365.00
09/08/2016 156.25 154.30 156.35 154.70 419 4235.00 216956529.00
10/08/2016 154.82 153.90 155.00 154.20 272 2615.00 133074117.00
11/08/2016 154.20 152.15 154.40 152.85 381 2163.00 109480182.00
12/08/2016 152.71 151.80 152.71 152.00 298 2058.00 103309301.00
15/08/2016 152.00 151.01 152.65 152.40 128 642.00 32186394.00
16/08/2016 152.55 152.20 154.59 154.20 314 1301.00 65869706.00
17/08/2016 154.20 153.31 154.61 154.47 365 1479.00 75023091.00
18/08/2016 154.00 152.61 154.00 153.00 372 2183.00 110284224.00
19/08/2016 152.70 152.50 153.50 153.32 366 1409.00 71140555.00
22/08/2016 153.20 152.91 154.40 153.00 201 597.00 30252271.00
23/08/2016 152.95 152.15 153.65 152.86 300 1112.00 56121169.00
24/08/2016 153.10 152.35 153.60 153.15 278 923.00 46658990.00
25/08/2016 153.30 153.11 154.27 154.00 273 886.00 44977541.00
26/08/2016 154.15 153.55 154.90 154.65 278 1039.00 52916166.00
29/08/2016 154.65 154.35 155.34 155.19 247 705.00 36017444.00
30/08/2016 155.00 153.22 155.29 153.60 251 862.00 43864167.00
31/08/2016 153.25 151.80 153.50 152.40 579 2766.00 139145846.00
01/09/2016 152.30 151.70 153.45 151.79 306 1384.00 69676434.00
02/09/2016 151.80 149.40 152.00 149.84 633 4363.00 216988655.00
05/09/2016 149.90 148.50 150.29 149.30 478 3219.00 158305461.00
06/09/2016 149.67 149.01 152.80 152.75 625 3151.00 157251798.00
08/09/2016 152.52 152.00 154.30 153.67 436 1599.00 80895167.00
09/09/2016 153.95 152.65 154.25 153.25 309 1527.00 77260642.00
12/09/2016 153.00 152.30 153.90 152.40 132 413.00 20821369.00
13/09/2016 152.60 152.10 153.00 152.69 297 1306.00 65782605.00
14/09/2016 152.65 151.70 152.65 151.85 386 2302.00 115440765.00
15/09/2016 151.86 149.50 152.20 151.00 516 1856.00 92402851.00
16/09/2016 151.16 150.60 152.00 151.95 237 667.00 33364881.00
19/09/2016 151.90 151.90 153.48 152.90 359 1566.00 79020179.00
20/09/2016 152.91 152.91 154.10 153.90 294 929.00 47124204.00
21/09/2016 153.60 153.55 154.65 154.50 253 1308.00 66578179.00
22/09/2016 154.40 153.80 154.50 154.40 130 993.00 50518409.00
23/09/2016 154.40 154.18 154.59 154.59 123 599.00 30528267.00
26/09/2016 154.60 154.50 155.70 155.60 403 2222.00 113896064.00
27/09/2016 155.60 155.31 156.10 155.85 232 1287.00 66126640.00
28/09/2016 155.85 154.80 155.85 154.80 263 1281.00 65654549.00
29/09/2016 154.80 154.31 155.39 154.80 193 833.00 42525232.00
30/09/2016 154.80 154.80 155.70 155.65 266 1103.00 56544041.00
03/10/2016 155.60 154.81 155.64 155.20 132 385.00 19710725.00
04/10/2016 155.10 154.31 155.30 154.60 389 2179.00 111232519.00
05/10/2016 154.65 153.23 154.65 153.60 410 1996.00 101203822.00
06/10/2016 153.65 153.10 153.89 153.48 338 1296.00 65588958.00
07/10/2016 153.09 152.61 153.37 152.75 189 1048.00 52834171.00
10/10/2016 152.70 152.14 152.75 152.38 219 1225.00 61656668.00
11/10/2016 152.40 151.75 152.40 151.90 155 732.00 36738352.00
13/10/2016 151.85 151.85 152.60 151.90 149 989.00 49637289.00
14/10/2016 151.93 151.50 152.00 151.59 104 672.00 33622257.00
17/10/2016 151.60 151.07 151.60 151.29 142 1019.00 50849026.00
18/10/2016 151.29 151.13 151.73 151.60 196 700.00 35008056.00
19/10/2016 151.60 151.03 151.65 151.35 423 1028.00 51355203.00
20/10/2016 151.33 150.80 151.45 150.85 307 996.00 49628756.00
21/10/2016 150.90 150.70 151.00 150.80 263 1207.00 60082756.00
24/10/2016 150.80 150.30 151.18 151.18 224 1446.00 72013170.00
25/10/2016 151.18 151.00 151.45 151.20 350 2954.00 147412557.00
26/10/2016 151.20 150.80 151.50 151.07 209 799.00 39841084.00
27/10/2016 151.17 151.17 151.60 151.30 205 759.00 37907872.00
28/10/2016 151.20 151.10 151.50 151.48 80 260.00 12985153.00
31/10/2016 151.40 151.10 151.50 151.35 64 691.00 34527672.00
