01/06/2016 166.17 166.17 166.17 166.17 1 1.00 54836.00
02/06/2016 166.00 166.00 166.95 166.28 10 41.00 2250425.00
03/06/2016 167.00 166.40 167.00 166.80 7 24.00 1319851.00
06/06/2016 166.60 166.40 166.60 166.40 4 4.00 219714.00
07/06/2016 166.40 166.00 166.40 166.00 3 4.00 219252.00
08/06/2016 166.40 165.78 166.52 166.00 20 46.00 2519064.00
09/06/2016 166.40 165.78 166.40 166.15 8 26.00 1424408.00
10/06/2016 166.20 165.10 166.20 165.10 3 6.00 327261.00
13/06/2016 165.10 165.00 165.88 165.88 20 31.00 1693998.00
14/06/2016 166.30 165.88 166.37 166.00 17 36.00 1972832.00
15/06/2016 166.25 165.70 166.29 166.29 5 21.00 1151894.00
16/06/2016 166.40 166.37 167.00 167.00 14 19.00 1046321.00
17/06/2016 167.00 166.70 167.20 167.10 12 38.00 2094183.00
20/06/2016 167.30 166.99 167.30 166.99 3 11.00 606276.00
21/06/2016 167.00 166.06 167.00 166.40 25 50.00 2744639.00
22/06/2016 166.40 165.97 166.58 166.27 23 49.00 2687790.00
23/06/2016 166.39 165.17 166.39 165.49 17 35.00 1913937.00
24/06/2016 165.40 164.06 165.40 164.50 41 82.00 4458795.00
27/06/2016 164.48 164.00 164.69 164.51 26 73.00 3958673.00
28/06/2016 164.75 164.50 165.00 164.50 13 24.00 1303962.00
29/06/2016 164.70 162.45 164.70 162.50 18 46.00 2471251.00
30/06/2016 161.94 160.82 162.18 161.90 35 169.00 8996347.00
01/07/2016 162.13 161.80 163.08 163.08 19 81.00 4338242.00
04/07/2016 163.24 162.99 163.50 162.99 10 14.00 753518.00
05/07/2016 161.80 161.15 162.18 162.18 17 42.00 2240723.00
06/07/2016 162.20 162.20 163.14 162.50 16 38.00 2040904.00
07/07/2016 162.50 161.20 162.50 161.40 16 63.00 3356974.00
08/07/2016 161.40 161.40 162.30 161.99 29 115.00 6147606.00
11/07/2016 161.99 161.80 162.47 162.30 8 20.00 1069483.00
12/07/2016 162.85 162.85 163.40 163.00 16 93.00 5003634.00
13/07/2016 163.00 162.00 163.64 162.00 10 21.00 1126920.00
14/07/2016 161.00 161.00 161.70 161.45 12 38.00 2023058.00
15/07/2016 161.50 161.01 161.50 161.01 8 28.00 1490643.00
18/07/2016 160.80 159.62 161.00 159.62 6 35.00 1853346.00
19/07/2016 159.50 159.50 160.09 159.50 31 417.00 21975901.00
20/07/2016 159.50 159.25 160.10 160.00 46 447.00 23568603.00
21/07/2016 160.05 159.50 160.05 159.97 19 52.00 2744930.00
22/07/2016 159.95 159.50 159.95 159.60 16 83.00 4377615.00
25/07/2016 159.60 159.60 160.01 159.80 29 75.00 3957891.00
26/07/2016 159.75 159.75 159.75 159.75 11 29.00 1528807.00
27/07/2016 159.70 157.50 159.73 158.40 25 110.00 5747907.00
28/07/2016 158.20 158.00 158.65 158.28 23 62.00 3236174.00
29/07/2016 157.80 157.65 158.05 157.65 25 119.00 6198640.00
01/08/2016 157.65 155.78 157.70 155.78 41 212.00 10973549.00
02/08/2016 156.20 155.99 156.50 156.18 28 98.00 5049808.00
03/08/2016 156.18 155.90 157.60 156.90 32 108.00 5586629.00
04/08/2016 156.70 154.95 156.70 155.80 56 321.00 16451988.00
05/08/2016 155.55 155.50 156.93 156.00 30 123.00 6336168.00
08/08/2016 156.06 155.67 156.90 156.31 18 48.00 2475085.00
09/08/2016 156.31 154.55 156.31 154.55 56 265.00 13591462.00
10/08/2016 155.00 154.00 155.00 154.05 13 35.00 1781006.00
11/08/2016 154.20 152.80 154.50 152.90 45 221.00 11182604.00
12/08/2016 152.50 151.90 152.85 151.90 25 60.00 3015807.00
15/08/2016 152.30 151.10 152.99 152.99 19 36.00 1806657.00
16/08/2016 152.50 152.50 154.50 154.50 52 188.00 9531538.00
17/08/2016 154.20 153.85 155.00 154.50 37 153.00 7791184.00
18/08/2016 154.50 153.25 154.50 153.60 40 108.00 5484715.00
19/08/2016 153.30 153.00 154.13 154.00 52 168.00 8508677.00
22/08/2016 153.86 153.40 154.90 154.30 57 192.00 9760641.00
23/08/2016 154.30 153.49 154.45 154.10 95 342.00 17380413.00
24/08/2016 154.15 154.15 154.89 154.65 22 115.00 5867541.00
25/08/2016 154.70 154.65 155.75 155.75 52 137.00 7009520.00
26/08/2016 155.20 154.76 156.00 155.90 22 47.00 2415421.00
29/08/2016 155.70 155.70 157.00 156.49 30 179.00 9220173.00
30/08/2016 156.50 155.27 156.50 155.29 34 66.00 3394373.00
31/08/2016 155.40 153.65 155.40 154.07 71 255.00 12971072.00
01/09/2016 153.95 153.40 155.10 153.98 38 357.00 18260830.00
02/09/2016 153.95 151.24 153.95 151.75 104 368.00 18459691.00
05/09/2016 152.00 150.70 152.00 152.00 44 117.00 5851777.00
06/09/2016 151.75 151.75 155.30 155.28 51 175.00 8917850.00
08/09/2016 155.30 155.00 156.20 156.00 109 513.00 26312609.00
09/09/2016 155.95 154.70 156.00 155.00 59 270.00 13853565.00
12/09/2016 155.00 154.44 155.45 154.44 21 44.00 2252019.00
13/09/2016 154.69 153.45 154.69 153.89 35 126.00 6403023.00
14/09/2016 154.00 153.50 154.30 154.30 25 90.00 4569345.00
15/09/2016 154.20 152.00 155.00 153.45 87 344.00 17354455.00
16/09/2016 153.00 153.00 154.18 154.14 34 132.00 6704649.00
19/09/2016 155.33 154.89 155.55 154.99 26 73.00 3734484.00
20/09/2016 155.93 155.50 156.19 156.19 19 48.00 2471907.00
21/09/2016 155.50 155.50 156.98 156.98 30 163.00 8427470.00
22/09/2016 156.90 156.20 156.98 156.60 35 112.00 5787790.00
23/09/2016 156.60 156.30 156.95 156.95 26 74.00 3828283.00
26/09/2016 157.30 157.30 157.96 157.68 36 156.00 8113861.00
27/09/2016 157.57 157.40 158.00 157.99 32 360.00 18752880.00
28/09/2016 157.98 156.89 157.98 156.89 50 288.00 14958170.00
29/09/2016 156.61 156.50 157.30 156.99 28 127.00 6574969.00
30/09/2016 157.00 157.00 158.00 157.80 26 112.00 5822985.00
03/10/2016 157.80 157.15 157.80 157.68 27 67.00 3482694.00
04/10/2016 157.45 156.61 157.60 157.14 71 127.00 6586974.00
05/10/2016 157.00 155.82 157.00 156.00 56 200.00 10310632.00
06/10/2016 156.35 155.10 156.35 155.70 70 364.00 18671238.00
07/10/2016 155.88 154.85 155.88 155.30 40 109.00 5582666.00
10/10/2016 155.00 154.21 155.00 154.25 86 273.00 13926227.00
11/10/2016 154.25 153.50 154.25 153.75 85 443.00 22470719.00
13/10/2016 153.78 153.78 154.21 153.80 24 96.00 4877588.00
14/10/2016 153.86 153.30 153.86 153.55 37 136.00 6887519.00
17/10/2016 153.55 152.80 153.55 153.08 86 419.00 21157425.00
18/10/2016 152.90 152.90 153.70 153.50 126 345.00 17473932.00
19/10/2016 153.40 152.71 153.50 152.90 359 760.00 38409729.00
20/10/2016 152.52 151.90 152.90 151.90 288 1661.00 83392039.00
21/10/2016 151.98 151.70 152.25 152.00 164 315.00 15795690.00
24/10/2016 152.34 151.50 152.65 152.37 105 393.00 19735372.00
25/10/2016 152.42 152.20 152.92 152.28 101 213.00 10719957.00
26/10/2016 152.39 151.21 152.68 151.66 182 598.00 29926373.00
27/10/2016 151.80 151.16 152.25 151.25 141 432.00 21614848.00
28/10/2016 151.29 150.90 151.93 151.03 132 311.00 15521391.00
31/10/2016 151.01 150.65 151.50 150.76 182 1118.00 55700970.00
01/11/2016 150.99 150.02 151.00 150.56 228 435.00 21605199.00
03/11/2016 150.66 150.36 150.76 150.60 111 175.00 8696816.00
04/11/2016 150.80 149.70 150.80 150.05 207 808.00 40005731.00
07/11/2016 150.06 150.06 150.99 150.22 100 277.00 13761161.00
08/11/2016 150.12 150.12 150.89 150.29 54 208.00 10333986.00
09/11/2016 150.20 149.60 150.20 149.80 146 498.00 24611532.00
10/11/2016 149.60 149.00 149.89 149.84 110 374.00 18450184.00
11/11/2016 149.63 148.90 149.79 149.50 103 235.00 11573868.00
14/11/2016 149.45 148.51 149.45 148.90 33 73.00 3587687.00
16/11/2016 148.90 148.90 149.20 149.20 42 236.00 11605357.00
17/11/2016 149.65 149.23 150.35 150.30 119 1117.00 55124437.00
18/11/2016 150.50 150.00 150.75 150.00 59 91.00 4510809.00
21/11/2016 150.00 149.83 150.29 150.07 111 214.00 10597653.00
22/11/2016 150.10 149.15 150.82 150.50 64 188.00 9326856.00
23/11/2016 150.50 150.40 150.99 150.75 70 213.00 10597382.00
24/11/2016 150.87 150.50 151.20 150.50 46 237.00 11784283.00
25/11/2016 149.98 149.78 149.98 149.82 45 72.00 3561478.00
28/11/2016 149.82 149.75 150.05 149.82 55 105.00 5192807.00
29/11/2016 149.84 149.58 149.84 149.63 48 157.00 7751505.00
30/11/2016 149.74 149.56 149.74 149.70 18 170.00 8397401.00
