01/06/2016 165.50 165.50 165.50 165.50 2 20.00 1092300.00
02/06/2016 166.00 166.00 166.00 166.00 1 1.00 54780.00
07/06/2016 165.85 165.50 165.85 165.50 2 4.00 218575.00
10/06/2016 166.00 165.30 166.00 165.30 2 2.00 109329.00
13/06/2016 165.30 165.30 165.30 165.30 1 1.00 54549.00
14/06/2016 166.00 166.00 166.00 166.00 1 10.00 547800.00
16/06/2016 166.00 166.00 166.00 166.00 1 1.00 54780.00
17/06/2016 166.50 166.50 166.50 166.50 1 1.00 54945.00
21/06/2016 167.00 167.00 167.00 167.00 1 1.00 55110.00
24/06/2016 164.80 164.80 164.80 164.80 2 3.00 163152.00
28/06/2016 165.00 165.00 165.00 165.00 1 1.00 54450.00
29/06/2016 164.50 164.50 164.50 164.50 1 1.00 54285.00
01/07/2016 162.50 162.50 162.50 162.50 1 1.00 53625.00
06/07/2016 162.50 162.40 162.50 162.40 3 71.00 3807342.00
07/07/2016 162.40 162.40 162.40 162.40 1 1.00 53592.00
08/07/2016 162.97 162.97 162.97 162.97 4 10.00 537801.00
11/07/2016 162.97 162.97 163.50 163.50 2 2.00 107735.00
12/07/2016 164.50 164.50 164.50 164.50 5 7.00 379995.00
13/07/2016 163.07 162.44 163.07 162.70 8 33.00 1771839.00
14/07/2016 162.00 161.50 162.00 161.50 3 12.00 639870.00
15/07/2016 161.50 160.00 161.50 160.00 4 25.00 1322475.00
18/07/2016 159.60 159.10 159.60 159.15 5 117.00 6147471.00
19/07/2016 159.15 159.15 159.15 159.15 1 5.00 262597.00
20/07/2016 159.50 158.00 159.80 159.80 15 98.00 5150112.00
21/07/2016 159.00 159.00 159.00 159.00 1 1.00 52470.00
22/07/2016 159.20 159.20 159.20 159.20 8 50.00 2626800.00
26/07/2016 158.95 158.69 159.46 159.46 9 18.00 946677.00
27/07/2016 159.25 157.00 159.25 157.75 15 90.00 4689963.00
28/07/2016 158.14 157.75 158.14 157.75 2 2.00 104243.00
29/07/2016 157.80 157.15 157.80 157.40 12 82.00 4261108.00
01/08/2016 157.40 155.15 157.40 155.15 21 216.00 11145601.00
02/08/2016 155.70 155.35 155.70 155.50 8 64.00 3284242.00
03/08/2016 155.50 155.50 156.50 156.20 26 283.00 14588689.00
04/08/2016 156.20 154.01 156.20 155.00 26 218.00 11153099.00
05/08/2016 155.00 155.00 156.00 156.00 4 9.00 461841.00
08/08/2016 156.00 155.24 156.00 156.00 6 37.00 1904509.00
09/08/2016 156.00 154.02 156.00 154.02 13 209.00 10671998.00
10/08/2016 154.40 153.60 154.40 153.78 13 138.00 7005160.00
11/08/2016 154.00 151.70 154.00 151.70 26 328.00 16576233.00
12/08/2016 152.00 151.70 152.00 152.00 7 105.00 5266503.00
15/08/2016 151.00 151.00 152.50 152.50 30 285.00 14253723.00
16/08/2016 152.20 152.20 154.50 154.49 31 384.00 19481685.00
17/08/2016 154.15 153.50 154.20 154.00 22 111.00 5639089.00
18/08/2016 154.00 153.00 154.00 153.03 23 122.00 6160938.00
19/08/2016 153.03 153.00 153.71 153.71 30 170.00 8606409.00
22/08/2016 154.00 153.15 154.72 154.00 7 56.00 2857849.00
23/08/2016 154.00 154.00 154.18 154.18 8 27.00 1372212.00
24/08/2016 154.45 153.59 155.00 154.65 21 203.00 10359505.00
25/08/2016 154.70 154.70 154.70 154.70 1 1.00 51051.00
26/08/2016 155.10 154.52 156.00 155.52 12 80.00 4112997.00
29/08/2016 155.50 155.40 156.20 156.01 14 79.00 4066065.00
30/08/2016 156.50 155.03 156.50 155.40 27 130.00 6694891.00
31/08/2016 155.00 153.51 155.00 154.10 21 96.00 4890055.00
01/09/2016 153.56 153.56 155.10 154.00 23 261.00 13335659.00
02/09/2016 153.65 150.55 153.80 152.00 92 1202.00 60250462.00
05/09/2016 151.53 150.67 151.99 151.25 19 537.00 26751318.00
06/09/2016 152.00 152.00 155.00 154.57 20 213.00 10870487.00
08/09/2016 154.80 154.14 155.70 155.70 24 294.00 15043224.00
09/09/2016 155.70 155.00 156.00 155.25 59 364.00 18690995.00
12/09/2016 155.93 154.01 155.93 154.01 20 80.00 4082482.00
13/09/2016 154.40 153.50 154.40 153.75 9 51.00 2585866.00
14/09/2016 154.20 153.05 154.20 153.54 15 61.00 3091453.00
15/09/2016 153.50 151.55 154.00 154.00 15 41.00 2077749.00
16/09/2016 153.27 153.27 154.25 154.25 20 125.00 6359776.00
19/09/2016 155.10 155.10 155.10 155.10 1 10.00 511830.00
20/09/2016 156.20 155.50 156.20 156.14 40 292.00 15041980.00
21/09/2016 155.80 155.80 157.00 156.00 39 176.00 9069469.00
22/09/2016 156.50 156.00 156.70 156.55 29 658.00 33949377.00
23/09/2016 156.50 156.50 157.00 156.81 7 31.00 1603717.00
26/09/2016 157.00 157.00 158.01 157.75 52 459.00 23901141.00
27/09/2016 157.60 157.60 158.50 158.00 34 646.00 33706724.00
28/09/2016 158.00 157.00 158.00 157.00 29 160.00 8298922.00
29/09/2016 157.00 157.00 157.03 157.03 2 2.00 103629.00
30/09/2016 157.20 157.20 158.06 157.98 31 106.00 5515527.00
03/10/2016 157.90 157.41 158.14 157.56 31 174.00 9067604.00
04/10/2016 157.60 157.00 157.90 157.50 73 249.00 12944012.00
05/10/2016 157.20 156.00 157.50 156.89 27 222.00 11463747.00
06/10/2016 156.07 156.01 156.55 156.45 24 147.00 7588422.00
07/10/2016 156.40 155.61 156.40 156.00 30 99.00 5095576.00
10/10/2016 156.00 155.02 156.00 155.16 68 472.00 24233282.00
11/10/2016 155.30 154.31 155.30 154.70 56 231.00 11806634.00
13/10/2016 154.70 154.60 155.20 154.90 36 193.00 9866762.00
14/10/2016 154.79 154.30 154.79 154.49 19 66.00 3365439.00
17/10/2016 154.60 153.78 154.60 153.91 39 262.00 13318483.00
18/10/2016 154.79 154.35 154.95 154.60 17 25.00 1276133.00
19/10/2016 154.50 153.60 154.50 153.90 32 90.00 4573182.00
20/10/2016 153.27 152.60 153.49 152.81 80 591.00 29845051.00
21/10/2016 153.00 152.51 153.46 153.46 46 76.00 3844117.00
24/10/2016 152.80 152.35 153.70 153.70 70 264.00 13379209.00
25/10/2016 153.50 153.50 154.60 153.61 95 295.00 14985098.00
26/10/2016 153.60 152.30 153.61 152.92 100 384.00 19366211.00
27/10/2016 153.00 152.69 153.69 152.70 42 95.00 4792580.00
28/10/2016 152.55 151.90 152.70 151.91 133 737.00 37012545.00
31/10/2016 151.99 151.55 152.62 151.98 62 101.00 5066427.00
01/11/2016 151.99 151.50 152.10 151.78 73 134.00 6707867.00
03/11/2016 151.85 151.30 151.90 151.55 76 78.00 3896956.00
04/11/2016 151.50 150.80 151.50 151.20 204 1034.00 51535915.00
07/11/2016 151.49 151.35 153.00 151.82 106 267.00 13393257.00
08/11/2016 151.52 151.50 152.50 151.88 90 299.00 15003271.00
09/11/2016 151.80 150.55 151.80 150.75 91 296.00 14734381.00
10/11/2016 150.53 150.05 151.47 150.70 94 277.00 13784116.00
11/11/2016 150.65 149.49 150.89 149.49 88 397.00 19660179.00
14/11/2016 149.10 148.80 149.46 148.80 103 342.00 16810183.00
16/11/2016 148.90 148.76 149.47 149.40 53 362.00 17792441.00
17/11/2016 149.35 149.30 151.00 150.65 149 1011.00 49960934.00
18/11/2016 151.00 150.01 151.40 150.35 192 625.00 31095886.00
21/11/2016 150.25 149.90 150.60 150.25 178 333.00 16502415.00
22/11/2016 150.25 149.87 151.99 151.55 377 1883.00 94033767.00
23/11/2016 151.55 151.45 152.19 151.70 266 1239.00 62085190.00
24/11/2016 151.78 150.90 152.15 151.15 237 1958.00 97862928.00
25/11/2016 150.69 150.25 150.95 150.61 53 214.00 10637348.00
28/11/2016 150.59 150.50 151.37 150.85 138 411.00 20475503.00
29/11/2016 150.85 148.83 150.90 149.25 371 1635.00 80636084.00
30/11/2016 149.15 149.15 150.34 150.27 138 989.00 48985536.00
01/12/2016 150.20 150.00 150.93 150.40 138 520.00 25791849.00
02/12/2016 150.25 149.50 150.58 150.20 205 1225.00 60618198.00
05/12/2016 150.11 149.80 150.78 150.60 135 404.00 20062280.00
06/12/2016 150.33 150.00 150.45 150.20 156 675.00 33439616.00
07/12/2016 150.20 149.85 150.20 149.94 206 1062.00 52575144.00
08/12/2016 149.70 149.55 149.87 149.70 153 704.00 34786712.00
09/12/2016 149.60 149.20 149.70 149.35 86 397.00 19582061.00
12/12/2016 149.26 149.10 149.65 149.36 102 440.00 21673023.00
13/12/2016 149.27 149.21 150.00 149.21 272 1079.00 53260841.00
14/12/2016 149.30 149.21 150.50 149.85 342 1099.00 54271783.00
15/12/2016 149.95 149.70 150.29 149.94 173 503.00 24884742.00
16/12/2016 149.90 149.40 149.90 149.77 126 439.00 21673469.00
19/12/2016 149.45 149.45 149.85 149.75 67 201.00 9928752.00
20/12/2016 149.60 149.30 150.00 149.40 122 666.00 32857845.00
21/12/2016 149.40 149.20 149.68 149.58 89 381.00 18788015.00
22/12/2016 149.46 149.00 149.64 149.36 99 575.00 28338165.00
23/12/2016 149.99 149.50 149.99 149.55 31 100.00 4936519.00
26/12/2016 149.10 149.02 149.34 149.30 100 233.00 11466684.00
27/12/2016 149.22 149.20 149.59 149.41 184 276.00 13606619.00
28/12/2016 149.40 149.40 149.80 149.79 52 253.00 12501838.00
29/12/2016 149.69 149.50 149.69 149.50 39 72.00 3553057.00
