21/06/2016 7.50 7.50 7.50 7.50 1 600.00 4500.00
28/06/2016 7.00 7.00 7.00 7.00 1 100.00 700.00
29/06/2016 7.03 7.03 7.03 7.03 1 700.00 4921.00
01/07/2016 7.02 7.00 7.02 7.00 2 2800.00 19610.00
05/07/2016 7.00 7.00 7.00 7.00 2 1500.00 10500.00
06/07/2016 7.00 7.00 7.00 7.00 3 2500.00 17500.00
20/07/2016 7.12 7.12 7.12 7.12 2 200.00 1424.00
01/08/2016 7.10 7.10 7.10 7.10 1 200.00 1420.00
02/08/2016 7.00 7.00 7.00 7.00 1 300.00 2100.00
05/08/2016 6.80 6.80 6.80 6.80 7 4300.00 29240.00
08/08/2016 6.81 6.80 6.81 6.80 7 1600.00 10883.00
09/08/2016 7.40 7.40 7.40 7.40 1 100.00 740.00
12/08/2016 7.10 7.10 7.10 7.10 1 100.00 710.00
26/08/2016 7.30 7.30 7.30 7.30 1 400.00 2920.00
31/08/2016 7.30 7.30 7.30 7.30 1 300.00 2190.00
01/09/2016 7.20 7.20 7.21 7.21 4 3700.00 26665.00
05/09/2016 7.23 7.20 7.23 7.20 4 2700.00 19470.00
06/09/2016 7.20 7.20 7.20 7.20 2 900.00 6480.00
14/09/2016 7.00 7.00 7.20 7.15 10 12500.00 88730.00
15/09/2016 7.02 7.02 7.10 7.10 5 3600.00 25480.00
20/09/2016 7.50 7.50 7.50 7.50 3 7600.00 57000.00
27/09/2016 7.30 7.30 7.50 7.50 3 2400.00 17600.00
28/09/2016 7.50 7.01 7.50 7.50 10 52000.00 389482.00
29/09/2016 7.50 7.50 7.50 7.50 1 2400.00 18000.00
30/09/2016 7.50 7.50 7.50 7.50 1 200.00 1500.00
03/10/2016 7.23 7.11 7.23 7.11 3 1200.00 8664.00
04/10/2016 7.15 7.15 7.50 7.50 11 14400.00 107965.00
07/10/2016 7.50 7.50 7.50 7.50 3 3300.00 24750.00
10/10/2016 7.50 7.50 7.50 7.50 1 100.00 750.00
14/10/2016 7.30 7.30 7.30 7.30 1 100.00 730.00
18/10/2016 7.50 7.50 7.50 7.50 1 200.00 1500.00
20/10/2016 7.02 7.00 7.20 7.00 11 5600.00 39611.00
21/10/2016 7.00 7.00 7.00 7.00 2 900.00 6300.00
24/10/2016 7.00 6.80 7.00 6.80 2 300.00 2060.00
25/10/2016 7.00 7.00 7.00 7.00 2 2000.00 14000.00
26/10/2016 7.05 7.00 7.10 7.10 6 23700.00 168210.00
04/11/2016 6.70 6.41 6.70 6.41 17 114100.00 764354.00
07/11/2016 6.35 6.31 6.35 6.31 6 1600.00 10152.00
08/11/2016 6.42 6.42 6.42 6.42 2 34600.00 222132.00
11/11/2016 6.42 6.42 6.42 6.42 1 100.00 642.00
16/11/2016 6.48 6.48 6.49 6.49 2 1500.00 9721.00
18/11/2016 6.49 6.49 6.49 6.49 2 45200.00 293348.00
21/11/2016 6.31 6.30 6.31 6.30 2 3100.00 19531.00
29/11/2016 6.30 6.30 6.30 6.30 1 100.00 630.00
30/11/2016 6.30 6.30 6.30 6.30 1 200.00 1260.00
01/12/2016 6.30 6.30 6.30 6.30 1 100.00 630.00
02/12/2016 6.30 6.30 6.30 6.30 2 25100.00 158130.00
07/12/2016 5.81 5.80 5.82 5.80 7 2200.00 12782.00
08/12/2016 5.85 5.85 5.85 5.85 2 300.00 1755.00
09/12/2016 6.00 5.85 6.00 5.90 4 113200.00 667905.00
13/12/2016 5.70 5.70 5.70 5.70 3 1600.00 9120.00
14/12/2016 5.71 5.71 5.71 5.71 2 600.00 3426.00
15/12/2016 5.89 5.89 5.89 5.89 1 100.00 589.00
16/12/2016 5.97 5.97 6.10 6.10 2 300.00 1804.00
19/12/2016 6.20 6.20 6.20 6.20 5 2900.00 17980.00
20/12/2016 6.45 6.45 6.45 6.45 1 200.00 1290.00
22/12/2016 6.45 6.45 6.45 6.45 1 200.00 1290.00
27/12/2016 6.46 6.45 6.46 6.45 5 800.00 5162.00
03/01/2017 6.45 6.45 6.45 6.45 2 3100.00 19995.00
05/01/2017 6.94 6.94 6.95 6.95 2 200.00 1389.00
09/01/2017 7.00 7.00 7.00 7.00 2 1500.00 10500.00
10/01/2017 6.50 6.50 6.57 6.57 2 200.00 1307.00
11/01/2017 6.60 6.60 6.60 6.60 1 100.00 660.00
12/01/2017 6.60 6.60 6.60 6.60 2 1100.00 7260.00
16/01/2017 6.04 6.04 6.99 6.99 3 3100.00 21574.00
17/01/2017 6.99 6.99 6.99 6.99 1 500.00 3495.00
23/01/2017 6.80 6.80 7.00 7.00 7 3200.00 22230.00
26/01/2017 6.50 6.32 6.51 6.32 13 8800.00 57076.00
27/01/2017 6.40 6.40 6.50 6.50 3 4100.00 26270.00
31/01/2017 6.29 6.05 6.29 6.05 11 11500.00 71999.00
01/02/2017 6.01 5.95 6.05 6.05 22 94800.00 568841.00
02/02/2017 6.23 6.23 6.23 6.23 1 100.00 623.00
03/02/2017 6.05 6.05 6.05 6.05 1 100.00 605.00
06/02/2017 6.05 6.05 6.05 6.05 1 100.00 605.00
07/02/2017 6.05 6.05 6.05 6.05 2 200.00 1210.00
08/02/2017 6.05 5.70 6.05 6.00 6 2600.00 15010.00
13/02/2017 6.50 6.50 6.50 6.50 4 1400.00 9100.00
14/02/2017 6.50 6.40 6.50 6.50 3 2300.00 14920.00
16/02/2017 6.50 6.50 6.50 6.50 1 300.00 1950.00
17/02/2017 6.50 6.50 6.50 6.50 2 1300.00 8450.00
20/02/2017 7.00 7.00 7.00 7.00 1 200.00 1400.00
21/02/2017 7.00 7.00 7.00 7.00 1 700.00 4900.00
22/02/2017 7.00 7.00 7.50 7.10 8 4400.00 31670.00
23/02/2017 7.11 6.90 7.15 7.15 11 5800.00 40811.00
24/02/2017 7.00 6.85 7.00 6.85 2 700.00 4825.00
02/03/2017 6.90 6.56 6.90 6.56 8 4000.00 26666.00
03/03/2017 7.05 7.05 7.10 7.10 2 400.00 2835.00
06/03/2017 7.00 7.00 7.00 7.00 1 100.00 700.00
07/03/2017 7.10 7.10 7.10 7.10 3 800.00 5680.00
08/03/2017 7.10 7.10 7.10 7.10 1 100.00 710.00
09/03/2017 7.10 7.10 7.20 7.20 4 1300.00 9310.00
13/03/2017 7.20 7.20 7.20 7.20 1 100.00 720.00
15/03/2017 7.15 7.15 7.20 7.20 4 900.00 6470.00
17/03/2017 7.50 7.50 7.50 7.50 1 100.00 750.00
20/03/2017 7.20 7.20 7.20 7.20 4 1500.00 10800.00
21/03/2017 7.00 6.79 7.00 6.79 4 1500.00 10206.00
22/03/2017 6.92 6.81 7.18 6.81 6 3800.00 26554.00
27/03/2017 7.00 7.00 7.20 7.20 4 3000.00 21440.00
28/03/2017 7.38 7.38 7.39 7.39 5 1300.00 9597.00
29/03/2017 7.50 7.50 7.50 7.50 2 600.00 4500.00
30/03/2017 7.20 6.95 7.20 6.96 10 2700.00 18924.00
31/03/2017 7.00 7.00 7.00 7.00 1 1000.00 7000.00
03/04/2017 7.00 7.00 7.02 7.02 4 2500.00 17510.00
04/04/2017 7.03 7.02 7.15 7.02 4 2800.00 19919.00
05/04/2017 7.00 7.00 7.00 7.00 4 3400.00 23800.00
06/04/2017 7.00 7.00 7.00 7.00 2 2000.00 14000.00
18/04/2017 6.90 6.85 6.90 6.85 4 900.00 6195.00
25/04/2017 7.04 7.04 7.50 7.04 37 8700.00 62903.00
26/04/2017 7.05 6.60 7.30 6.79 42 12700.00 85390.00
27/04/2017 6.89 6.86 6.90 6.90 9 3800.00 26160.00
02/05/2017 6.90 6.80 7.00 6.80 7 3200.00 22020.00
03/05/2017 6.90 6.90 7.50 7.10 3 600.00 4220.00
08/05/2017 6.83 6.83 7.00 7.00 4 3400.00 23783.00
09/05/2017 7.00 7.00 7.00 7.00 1 1100.00 7700.00
10/05/2017 7.10 7.00 7.10 7.00 2 700.00 4910.00
11/05/2017 7.20 7.20 7.20 7.20 1 1100.00 7920.00
12/05/2017 7.20 7.20 7.20 7.20 2 1000.00 7200.00
17/05/2017 6.92 6.92 7.50 7.50 4 800.00 5912.00
18/05/2017 6.02 5.80 7.00 6.76 15 6100.00 37688.00
19/05/2017 6.76 6.76 7.69 7.00 8 1800.00 12714.00
22/05/2017 7.00 7.00 7.00 7.00 1 1000.00 7000.00
23/05/2017 6.90 6.90 7.00 7.00 2 2200.00 15380.00
24/05/2017 7.00 7.00 7.30 7.30 6 3800.00 27290.00
25/05/2017 7.01 7.01 7.50 7.30 6 1800.00 13244.00
30/05/2017 7.30 7.30 7.30 7.30 1 200.00 1460.00
31/05/2017 7.50 7.50 7.50 7.50 5 1600.00 12000.00
01/06/2017 10.20 10.01 12.18 11.05 378 127000.00 1401829.00
02/06/2017 11.40 10.71 12.50 11.09 173 58500.00 672219.00
05/06/2017 10.80 9.52 10.99 9.75 52 13500.00 134058.00
06/06/2017 9.60 8.64 9.60 9.10 37 8200.00 74537.00
07/06/2017 9.20 8.75 10.91 10.91 77 53700.00 534521.00
08/06/2017 10.91 10.91 10.91 10.91 1 100.00 1091.00
09/06/2017 10.80 10.00 10.80 10.00 11 1600.00 16565.00
12/06/2017 10.20 9.99 10.20 10.00 13 4200.00 42200.00
13/06/2017 9.99 9.50 9.99 9.50 2 1100.00 10744.00
14/06/2017 9.50 9.50 9.50 9.50 1 200.00 1900.00
16/06/2017 9.30 9.00 9.30 9.00 9 2100.00 19111.00
