21/06/2016 195.98 195.98 195.98 195.98 1 1900.00 372362.00
24/06/2016 189.50 189.50 189.50 189.50 1 100.00 18950.00
27/06/2016 180.05 180.05 180.05 180.05 2 1600.00 288080.00
07/07/2016 184.70 184.70 184.70 184.70 1 1200.00 221640.00
08/07/2016 188.63 188.63 188.63 188.63 1 600.00 113178.00
13/07/2016 194.55 194.55 196.24 196.24 2 1400.00 274229.00
21/07/2016 196.20 196.20 196.20 196.20 2 2700.00 529740.00
25/07/2016 198.44 198.44 198.44 198.44 1 3100.00 615164.00
01/08/2016 200.64 200.64 200.64 200.64 1 300.00 60192.00
05/08/2016 197.93 197.93 197.93 197.93 1 300.00 59379.00
08/08/2016 197.61 197.61 197.61 197.61 1 500.00 98805.00
23/08/2016 201.72 201.72 201.72 201.72 2 2100.00 423612.00
24/08/2016 198.52 198.52 198.52 198.52 1 2200.00 436744.00
31/08/2016 199.02 199.02 199.02 199.02 1 100.00 19902.00
06/09/2016 200.18 200.18 200.18 200.18 1 1500.00 300270.00
08/09/2016 197.83 197.83 197.83 197.83 1 500.00 98915.00
21/09/2016 196.96 196.96 196.96 196.96 1 700.00 137872.00
26/09/2016 193.38 193.38 195.01 195.01 2 700.00 135529.00
13/10/2016 186.74 186.74 186.74 186.74 1 600.00 112044.00
19/10/2016 187.05 187.05 187.05 187.05 1 2300.00 430215.00
25/10/2016 177.14 177.14 177.14 177.14 1 100.00 17714.00
27/10/2016 180.03 180.03 180.03 180.03 1 1300.00 234039.00
31/10/2016 182.21 182.21 182.21 182.21 1 8200.00 1494122.00
03/11/2016 183.75 183.75 183.75 183.75 1 400.00 73500.00
07/11/2016 190.69 190.69 190.69 190.69 1 100.00 19069.00
09/11/2016 191.34 191.34 191.34 191.34 1 900.00 172206.00
10/11/2016 209.25 209.25 209.60 209.60 4 800.00 167435.00
11/11/2016 215.32 215.32 215.32 215.32 1 100.00 21532.00
14/11/2016 214.64 214.64 214.64 214.64 2 300.00 64392.00
16/11/2016 209.56 209.56 209.56 209.56 1 500.00 104780.00
17/11/2016 208.59 208.59 208.59 208.59 1 900.00 187731.00
18/11/2016 210.19 210.19 210.19 210.19 1 100.00 21019.00
21/11/2016 208.80 208.80 208.80 208.80 1 100.00 20880.00
28/11/2016 207.75 207.75 207.75 207.75 1 400.00 83100.00
12/12/2016 216.55 216.55 216.55 216.55 1 3900.00 844545.00
19/12/2016 219.14 219.14 219.14 219.14 1 3800.00 832732.00
04/01/2017 205.82 205.43 205.82 205.43 2 1100.00 226285.00
05/01/2017 202.51 202.51 202.51 202.51 1 200.00 40502.00
11/01/2017 199.63 199.63 199.63 199.63 1 200.00 39926.00
17/01/2017 201.09 201.09 201.09 201.09 1 700.00 140763.00
24/01/2017 200.22 200.22 200.22 200.22 1 200.00 40044.00
31/01/2017 195.11 195.11 195.11 195.11 1 200.00 39022.00
03/02/2017 196.30 196.30 196.30 196.30 1 600.00 117780.00
14/02/2017 198.79 198.79 198.79 198.79 2 300.00 59637.00
07/03/2017 201.41 201.41 201.41 201.41 1 100.00 20141.00
23/03/2017 197.60 197.60 197.60 197.60 1 100.00 19760.00
24/03/2017 197.96 197.96 197.96 197.96 1 400.00 79184.00
03/04/2017 198.69 198.69 198.69 198.69 2 600.00 119214.00
04/04/2017 197.34 197.34 197.34 197.34 1 1000.00 197340.00
07/04/2017 200.48 200.48 200.48 200.48 1 300.00 60144.00
10/05/2017 200.58 200.58 200.58 200.58 3 2200.00 441276.00
16/05/2017 202.00 202.00 202.00 202.00 1 1900.00 383800.00
22/05/2017 216.13 216.13 216.13 216.13 1 100.00 21613.00
06/06/2017 227.92 227.92 227.92 227.92 2 700.00 159544.00
