20/06/2016 4.87 4.87 4.87 4.87 1 111.01 540.00
21/06/2016 4.87 4.87 4.87 4.87 1 1110.04 5400.00
22/06/2016 4.82 4.77 4.82 4.77 3 4440.18 21300.00
27/06/2016 4.77 4.77 4.77 4.77 7 44401.80 212000.00
04/07/2016 4.80 4.77 4.80 4.77 2 777.03 3713.00
05/07/2016 4.82 4.77 4.82 4.77 2 6660.27 31850.00
11/07/2016 4.87 4.77 4.95 4.82 6 1665.06 8030.00
12/07/2016 4.95 4.77 4.95 4.77 3 444.02 2160.00
13/07/2016 4.77 4.77 4.77 4.77 3 1665.06 7950.00
14/07/2016 4.77 4.77 4.77 4.77 2 555.02 2650.00
15/07/2016 4.61 4.60 4.69 4.69 4 6882.28 32133.00
18/07/2016 4.77 4.77 4.77 4.77 5 2775.11 13250.00
19/07/2016 4.77 4.64 4.77 4.77 7 9990.40 46670.00
20/07/2016 4.75 4.75 4.75 4.75 1 111.01 528.00
21/07/2016 4.73 4.73 4.73 4.73 1 1665.06 7875.00
22/07/2016 4.59 4.59 4.59 4.59 1 111.01 510.00
25/07/2016 4.70 4.62 4.70 4.64 10 10101.41 46847.00
26/07/2016 4.66 4.66 4.95 4.77 15 13431.54 65501.00
27/07/2016 4.77 4.66 4.95 4.66 10 9768.39 45680.00
28/07/2016 4.67 4.62 4.73 4.69 8 15318.62 71461.00
29/07/2016 4.69 4.69 4.95 4.94 3 2442.10 12030.00
01/08/2016 4.95 4.95 5.01 5.01 6 11433.47 56656.00
02/08/2016 5.01 4.94 5.02 4.95 12 21423.87 106345.00
03/08/2016 4.95 4.95 4.95 4.95 3 3441.14 17050.00
04/08/2016 4.95 4.95 5.31 5.13 5 2109.08 10562.00
05/08/2016 5.30 5.30 5.30 5.30 1 111.01 589.00
08/08/2016 5.00 5.00 5.13 5.13 7 3330.13 17009.00
09/08/2016 5.03 5.03 5.03 5.03 2 1110.04 5580.00
10/08/2016 5.13 5.13 5.13 5.13 5 2220.09 11400.00
11/08/2016 5.28 5.28 5.36 5.36 11 9102.37 48315.00
12/08/2016 5.23 5.13 5.31 5.23 9 2886.11 15010.00
15/08/2016 5.23 5.10 5.31 5.17 19 12099.49 62821.00
16/08/2016 5.23 5.13 5.31 5.17 26 14763.60 77072.00
17/08/2016 5.18 5.12 5.22 5.12 7 3793.98 19718.00
19/08/2016 4.94 4.93 4.94 4.93 8 1686.21 8330.00
22/08/2016 4.91 4.74 4.93 4.75 10 12857.38 61140.00
23/08/2016 4.90 4.84 4.90 4.84 4 843.11 4097.00
24/08/2016 4.89 4.74 4.89 4.74 11 22236.94 107629.00
25/08/2016 5.02 4.74 5.02 4.74 12 8641.84 41144.00
29/08/2016 4.79 4.74 4.79 4.74 4 3583.20 17008.00
30/08/2016 4.74 4.74 4.75 4.74 4 5058.64 24001.00
01/09/2016 4.93 4.74 4.93 4.74 6 5374.81 25725.00
02/09/2016 4.75 4.60 4.84 4.71 27 27084.80 126999.00
05/09/2016 4.74 4.73 4.74 4.73 8 5480.19 25974.00
06/09/2016 4.73 4.13 4.73 4.13 29 43103.83 179919.00
08/09/2016 4.44 3.70 4.44 3.80 234 559401.32 2154622.00
09/09/2016 3.80 3.74 3.80 3.80 65 326282.31 1238283.00
12/09/2016 3.80 3.79 3.80 3.79 77 220788.58 837904.00
13/09/2016 3.80 3.66 3.87 3.70 51 69029.36 259429.00
14/09/2016 3.78 3.75 3.80 3.78 26 24555.48 92957.00
15/09/2016 3.80 3.80 3.87 3.80 27 27190.19 103331.00
16/09/2016 3.88 3.80 3.88 3.80 9 4320.92 16497.00
19/09/2016 3.90 3.90 4.26 4.16 22 10749.61 43468.00
20/09/2016 4.16 4.03 4.27 4.03 12 11065.78 46449.00
21/09/2016 4.55 4.19 4.55 4.38 11 6955.63 29839.00
22/09/2016 4.28 4.19 4.44 4.19 23 12225.05 51816.00
23/09/2016 4.20 4.20 4.32 4.26 6 6007.14 25643.00
26/09/2016 4.19 4.19 4.26 4.21 8 1159.27 4883.00
27/09/2016 4.24 4.18 4.24 4.18 7 1053.88 4445.00
28/09/2016 4.26 4.26 4.26 4.26 2 316.17 1347.00
29/09/2016 4.18 4.18 4.22 4.18 3 1686.21 7051.00
03/10/2016 4.13 3.99 4.18 4.10 20 8536.46 34656.00
04/10/2016 4.13 4.13 4.13 4.13 4 421.55 1740.00
05/10/2016 4.15 4.08 4.17 4.08 8 4320.92 17893.00
06/10/2016 4.10 4.09 4.22 4.22 17 18759.13 77118.00
07/10/2016 4.46 4.36 4.46 4.36 16 23923.15 106045.00
10/10/2016 4.46 4.34 4.46 4.35 14 14648.98 63923.00
11/10/2016 4.35 4.27 4.38 4.30 11 3899.37 16880.00
13/10/2016 4.31 4.22 4.31 4.22 6 11487.33 49419.00
14/10/2016 4.32 4.18 4.32 4.18 18 26663.25 112095.00
17/10/2016 4.08 4.03 4.22 4.17 30 20234.56 83141.00
18/10/2016 4.17 4.03 4.17 4.17 23 17389.08 70737.00
19/10/2016 4.16 3.89 4.16 4.05 28 35094.32 141218.00
20/10/2016 3.99 3.99 4.12 4.04 4 3477.82 14300.00
21/10/2016 4.06 3.99 4.10 3.99 22 14227.43 57228.00
24/10/2016 3.99 3.99 4.05 4.04 15 5164.03 20699.00
25/10/2016 3.99 3.99 4.17 4.17 22 12541.21 50614.00
26/10/2016 4.01 4.01 4.03 4.03 7 2423.93 9744.00
27/10/2016 3.99 3.82 3.99 3.82 23 51324.12 199446.00
28/10/2016 4.03 3.94 4.03 3.94 5 948.50 3785.00
31/10/2016 4.00 3.95 4.00 3.95 5 1053.88 4198.00
01/11/2016 3.98 3.96 3.98 3.96 5 1791.60 7103.00
03/11/2016 4.00 4.00 4.13 4.13 7 5796.36 23624.00
04/11/2016 4.12 4.12 4.12 4.12 6 2740.10 11284.00
07/11/2016 4.15 4.08 4.15 4.15 6 2423.93 9973.00
08/11/2016 4.17 4.16 4.17 4.17 6 2423.93 10090.00
09/11/2016 4.03 4.03 4.16 4.16 4 1475.44 5963.00
10/11/2016 4.12 3.89 4.12 3.91 22 6850.24 27261.00
11/11/2016 3.87 3.80 4.08 3.80 49 81992.13 313512.00
14/11/2016 3.81 3.80 3.82 3.80 10 22342.33 84914.00
16/11/2016 3.80 3.80 3.89 3.85 9 2213.16 8530.00
17/11/2016 3.85 3.85 3.85 3.85 1 316.17 1218.00
18/11/2016 3.86 3.86 3.89 3.89 3 2318.54 9014.00
21/11/2016 3.89 3.82 3.96 3.94 10 2950.87 11527.00
22/11/2016 3.94 3.89 3.94 3.89 7 6534.08 25431.00
23/11/2016 3.98 3.98 3.98 3.98 2 632.33 2514.00
24/11/2016 3.98 3.89 3.98 3.89 7 2634.71 10346.00
25/11/2016 3.97 3.87 3.97 3.87 7 22131.55 86138.00
28/11/2016 3.98 3.89 4.03 3.89 7 20339.95 79219.00
29/11/2016 3.91 3.89 3.91 3.89 5 12962.77 50452.00
01/12/2016 3.89 3.89 3.89 3.89 2 210.78 820.00
02/12/2016 3.97 3.97 3.98 3.98 4 1475.44 5864.00
05/12/2016 4.13 4.13 4.18 4.16 4 737.72 3070.00
06/12/2016 4.16 3.99 4.16 3.99 2 421.55 1698.00
07/12/2016 4.16 4.16 4.16 4.16 2 210.78 876.00
12/12/2016 3.90 3.89 3.90 3.89 3 3161.65 12301.00
13/12/2016 4.07 4.07 4.07 4.07 1 105.39 429.00
14/12/2016 3.99 3.99 4.08 4.07 4 1053.88 4239.00
15/12/2016 3.94 3.90 4.01 4.01 6 15070.53 59099.00
16/12/2016 4.01 4.00 4.01 4.00 6 7693.35 30856.00
19/12/2016 4.00 3.89 4.00 3.99 10 3899.37 15411.00
20/12/2016 3.86 3.82 3.99 3.99 11 3583.20 14081.00
21/12/2016 3.84 3.84 3.98 3.98 4 948.50 3715.00
22/12/2016 3.98 3.98 3.98 3.98 1 210.78 838.00
23/12/2016 3.98 3.98 3.98 3.98 2 843.11 3352.00
26/12/2016 3.98 3.89 3.98 3.98 6 6534.08 25638.00
27/12/2016 3.94 3.94 3.98 3.98 2 4320.92 17019.00
28/12/2016 3.98 3.96 3.98 3.98 7 9379.56 37256.00
29/12/2016 3.98 3.98 3.98 3.98 5 6639.47 26397.00
02/01/2017 3.98 3.90 3.98 3.98 14 7061.02 27764.00
03/01/2017 3.98 3.94 3.98 3.94 12 9695.73 38520.00
04/01/2017 3.98 3.97 3.99 3.98 21 32565.00 129436.00
05/01/2017 3.99 3.99 4.03 4.03 7 5690.97 22880.00
06/01/2017 4.05 4.05 4.07 4.07 5 3161.65 12842.00
09/01/2017 4.00 4.00 4.07 4.07 4 4215.53 16915.00
10/01/2017 4.07 4.07 4.08 4.08 5 2529.32 10315.00
11/01/2017 3.99 3.98 4.05 4.05 11 13489.71 54225.00
12/01/2017 4.05 4.00 4.08 4.08 12 20761.50 84161.00
13/01/2017 4.09 4.09 4.13 4.13 8 9590.34 39275.00
16/01/2017 4.13 4.08 4.16 4.15 7 6850.24 28355.00
17/01/2017 4.09 4.03 4.09 4.06 12 15913.64 64490.00
18/01/2017 4.15 4.08 4.15 4.08 5 2740.10 11280.00
19/01/2017 4.15 4.05 4.15 4.05 22 18442.96 75140.00
23/01/2017 4.14 4.06 4.14 4.13 6 7061.02 29068.00
24/01/2017 4.13 4.03 4.13 4.12 29 53115.72 214575.00
26/01/2017 4.11 4.04 4.11 4.08 13 5690.97 23184.00
27/01/2017 4.12 4.06 4.13 4.06 15 24239.32 98881.00
30/01/2017 4.13 4.08 4.13 4.08 12 7798.74 31919.00
31/01/2017 4.08 4.08 4.13 4.10 14 15281.31 62472.00
01/02/2017 4.06 4.04 4.13 4.08 10 12435.82 51044.00
02/02/2017 4.11 4.08 4.12 4.08 11 9063.40 37195.00
03/02/2017 4.13 4.09 4.67 4.15 178 134053.97 572075.00
06/02/2017 4.15 4.10 4.41 4.31 19 22658.49 97058.00
07/02/2017 4.31 4.18 4.32 4.32 15 12751.99 54183.00
08/02/2017 4.36 4.08 4.65 4.28 65 50691.79 217951.00
09/02/2017 4.18 4.07 4.27 4.15 51 21604.61 89205.00
10/02/2017 4.18 4.18 4.37 4.36 20 7904.13 33621.00
13/02/2017 4.23 4.23 4.55 4.55 37 27506.36 119623.00
14/02/2017 4.46 4.39 4.55 4.55 22 9484.95 42341.00
15/02/2017 4.50 4.35 4.98 4.92 111 94533.34 453419.00
16/02/2017 5.01 4.65 5.01 4.65 54 51429.51 244471.00
17/02/2017 4.74 4.60 4.74 4.74 37 12751.99 59470.00
20/02/2017 4.83 4.79 4.83 4.79 8 4637.09 22322.00
21/02/2017 4.79 4.60 4.86 4.64 20 16440.58 77513.00
22/02/2017 4.84 4.68 4.92 4.89 38 51956.45 249180.00
23/02/2017 5.03 4.98 5.47 5.12 114 143222.76 751741.00
24/02/2017 5.22 4.93 5.46 5.13 49 27611.75 140780.00
01/03/2017 5.15 5.13 5.45 5.23 52 36148.20 190137.00
02/03/2017 4.85 4.85 5.29 5.22 57 65762.33 337257.00
03/03/2017 5.32 5.21 5.40 5.39 79 66921.60 354458.00
06/03/2017 5.28 5.18 5.34 5.25 36 13800.00 72648.00
07/03/2017 5.27 5.16 5.30 5.17 25 19800.00 102712.00
08/03/2017 5.16 5.10 5.16 5.10 13 9400.00 48328.00
09/03/2017 5.09 5.09 5.20 5.19 10 2000.00 10310.00
10/03/2017 5.19 4.95 5.19 5.00 20 15100.00 75397.00
13/03/2017 5.00 4.95 5.00 5.00 10 5700.00 28430.00
14/03/2017 5.00 4.90 5.00 5.00 19 25700.00 127234.00
15/03/2017 5.00 4.92 5.00 5.00 16 5500.00 27182.00
16/03/2017 4.91 4.88 4.95 4.88 7 1200.00 5895.00
17/03/2017 4.88 4.71 4.88 4.88 23 10700.00 51658.00
20/03/2017 4.75 4.70 4.89 4.89 13 11100.00 52477.00
21/03/2017 4.75 4.68 4.80 4.69 14 5700.00 26868.00
22/03/2017 4.71 4.55 4.71 4.67 14 3400.00 15808.00
23/03/2017 4.74 4.69 4.76 4.69 4 400.00 1894.00
24/03/2017 4.69 4.66 4.69 4.66 9 5700.00 26713.00
27/03/2017 4.75 4.65 4.75 4.65 7 2400.00 11374.00
28/03/2017 4.60 4.37 4.60 4.37 139 256100.00 1127531.00
29/03/2017 4.48 4.40 4.49 4.46 20 26900.00 118466.00
30/03/2017 4.47 4.40 4.47 4.40 25 18300.00 81079.00
31/03/2017 4.44 4.40 4.44 4.40 13 15100.00 66748.00
03/04/2017 4.37 4.37 4.42 4.40 9 4200.00 18481.00
04/04/2017 4.40 4.40 4.45 4.41 24 24100.00 106416.00
05/04/2017 4.40 4.39 4.40 4.40 14 5200.00 22870.00
06/04/2017 4.40 4.37 4.40 4.40 17 16100.00 70690.00
07/04/2017 4.40 4.35 4.40 4.40 9 9200.00 40361.00
10/04/2017 4.37 4.35 4.40 4.37 10 4000.00 17426.00
11/04/2017 4.49 4.35 4.49 4.35 11 19100.00 83335.00
12/04/2017 4.35 4.33 4.40 4.33 12 9800.00 42552.00
13/04/2017 4.49 4.44 4.49 4.44 3 1300.00 5783.00
17/04/2017 4.40 4.31 4.40 4.40 14 11200.00 48836.00
18/04/2017 4.40 4.40 4.70 4.60 18 17800.00 79307.00
19/04/2017 4.42 4.35 4.42 4.35 24 69000.00 302160.00
20/04/2017 4.38 4.38 4.44 4.44 6 900.00 3960.00
24/04/2017 4.44 4.40 4.44 4.43 12 9200.00 40707.00
25/04/2017 4.55 4.35 4.55 4.54 8 4200.00 18320.00
26/04/2017 4.45 4.40 4.45 4.40 15 7500.00 33110.00
27/04/2017 4.45 4.39 4.47 4.39 11 38200.00 170587.00
28/04/2017 4.45 4.45 4.45 4.45 2 200.00 890.00
02/05/2017 4.49 4.38 4.62 4.62 17 24500.00 109388.00
03/05/2017 4.60 4.41 4.60 4.41 9 6400.00 28763.00
04/05/2017 4.52 4.40 4.58 4.42 23 11700.00 51863.00
05/05/2017 4.50 4.39 4.50 4.50 10 2800.00 12573.00
08/05/2017 4.52 4.52 4.77 4.55 26 10500.00 48297.00
09/05/2017 4.74 4.66 5.14 4.70 57 24300.00 117771.00
10/05/2017 4.66 4.66 4.94 4.88 10 9100.00 42505.00
11/05/2017 4.93 4.80 4.93 4.80 4 800.00 3853.00
12/05/2017 4.90 4.75 4.97 4.75 12 7300.00 35079.00
15/05/2017 4.74 4.60 4.74 4.69 14 5900.00 27476.00
16/05/2017 4.62 4.38 4.80 4.50 82 109300.00 487109.00
17/05/2017 4.46 4.37 4.46 4.38 34 81400.00 356263.00
18/05/2017 4.15 4.00 4.19 4.13 59 59400.00 243315.00
19/05/2017 4.28 4.21 4.31 4.21 8 2500.00 10703.00
22/05/2017 4.20 4.15 4.30 4.19 32 54600.00 229143.00
23/05/2017 4.21 4.19 4.30 4.19 13 2300.00 9718.00
24/05/2017 4.20 4.18 4.25 4.20 23 14600.00 61273.00
25/05/2017 4.25 4.25 4.25 4.25 3 300.00 1275.00
26/05/2017 4.36 4.26 4.50 4.31 17 10500.00 46765.00
29/05/2017 4.42 4.39 4.42 4.40 5 1700.00 7482.00
30/05/2017 4.26 4.25 4.26 4.26 3 800.00 3402.00
31/05/2017 4.30 4.26 4.48 4.28 10 1700.00 7337.00
01/06/2017 4.40 4.29 4.48 4.47 22 10800.00 47810.00
02/06/2017 4.50 4.40 4.59 4.49 14 4300.00 19091.00
05/06/2017 4.45 4.33 4.45 4.42 10 8500.00 37117.00
06/06/2017 4.40 4.36 4.40 4.40 8 5400.00 23745.00
07/06/2017 4.53 4.40 4.53 4.46 21 23000.00 102676.00
08/06/2017 4.44 4.39 4.44 4.39 4 10300.00 45229.00
09/06/2017 4.45 4.40 4.45 4.40 3 800.00 3530.00
12/06/2017 4.40 4.40 4.45 4.45 4 600.00 2665.00
13/06/2017 4.50 4.45 4.50 4.45 8 900.00 4036.00
14/06/2017 4.45 4.40 4.45 4.40 14 15700.00 69182.00
16/06/2017 4.46 4.40 4.46 4.40 2 2100.00 9360.00
