20/06/2016 0.24 0.24 0.24 0.24 2 2083.20 500.00
21/06/2016 0.25 0.24 0.25 0.24 9 34372.80 8370.00
22/06/2016 0.25 0.22 0.25 0.22 13 32289.60 7190.00
23/06/2016 0.24 0.23 0.25 0.23 9 19790.40 4680.00
24/06/2016 0.24 0.22 0.24 0.22 17 92702.40 20740.00
27/06/2016 0.22 0.22 0.22 0.22 1 1041.60 230.00
28/06/2016 0.24 0.22 0.26 0.22 26 113534.40 27010.00
29/06/2016 0.24 0.24 0.24 0.24 3 5208.00 1250.00
30/06/2016 0.23 0.23 0.24 0.24 12 34372.80 8000.00
01/07/2016 0.24 0.24 0.25 0.25 4 16665.60 4020.00
04/07/2016 0.25 0.24 0.29 0.29 22 109368.00 28670.00
05/07/2016 0.30 0.27 0.32 0.31 52 288523.20 83600.00
06/07/2016 0.28 0.27 0.29 0.27 16 44788.80 12320.00
07/07/2016 0.27 0.27 0.29 0.27 11 34372.80 9260.00
08/07/2016 0.29 0.28 0.29 0.28 3 5208.00 1460.00
11/07/2016 0.30 0.27 0.30 0.28 16 62496.00 17850.00
12/07/2016 0.28 0.27 0.29 0.29 11 39580.80 11140.00
13/07/2016 0.28 0.28 0.31 0.31 16 106243.20 31490.00
14/07/2016 0.32 0.29 0.32 0.29 11 37497.60 10860.00
15/07/2016 0.29 0.27 0.29 0.28 14 40622.40 11310.00
18/07/2016 0.28 0.28 0.31 0.28 19 55204.80 16260.00
19/07/2016 0.29 0.29 0.30 0.30 5 17707.20 5110.00
20/07/2016 0.30 0.30 0.30 0.30 8 35414.40 10540.00
21/07/2016 0.30 0.29 0.30 0.29 9 30206.40 8760.00
22/07/2016 0.29 0.29 0.30 0.30 4 7291.20 2130.00
25/07/2016 0.29 0.29 0.30 0.30 6 9374.40 2720.00
26/07/2016 0.29 0.28 0.29 0.29 5 8332.80 2390.00
27/07/2016 0.28 0.28 0.28 0.28 1 1041.60 290.00
28/07/2016 0.28 0.27 0.28 0.27 11 29164.80 7910.00
29/07/2016 0.28 0.27 0.28 0.28 8 21873.60 6050.00
01/08/2016 0.28 0.27 0.29 0.29 14 42705.60 12090.00
02/08/2016 0.30 0.28 0.30 0.28 5 29164.80 8140.00
03/08/2016 0.29 0.28 0.29 0.28 10 26040.00 7300.00
04/08/2016 0.28 0.28 0.30 0.28 16 102076.80 29300.00
05/08/2016 0.29 0.27 0.29 0.28 21 65620.80 18040.00
08/08/2016 0.29 0.28 0.29 0.28 9 31248.00 8800.00
09/08/2016 0.28 0.28 0.29 0.28 7 10416.00 2910.00
10/08/2016 0.27 0.27 0.29 0.29 12 21873.60 6230.00
11/08/2016 0.29 0.28 0.29 0.28 5 49996.80 14080.00
12/08/2016 0.30 0.28 0.30 0.28 13 45830.40 13280.00
15/08/2016 0.27 0.27 0.29 0.29 12 21873.60 6210.00
16/08/2016 0.29 0.29 0.29 0.29 1 1041.60 300.00
17/08/2016 0.29 0.29 0.29 0.29 5 7291.20 2100.00
18/08/2016 0.28 0.28 0.29 0.29 2 2083.20 590.00
19/08/2016 0.29 0.28 0.29 0.28 4 10416.00 2910.00
22/08/2016 0.29 0.28 0.29 0.28 4 8332.80 2330.00
23/08/2016 0.28 0.28 0.30 0.28 12 45830.40 13220.00
24/08/2016 0.30 0.28 0.30 0.29 8 10416.00 3010.00
25/08/2016 0.29 0.29 0.29 0.29 2 2083.20 600.00
26/08/2016 0.29 0.27 0.29 0.28 8 11457.60 3160.00
29/08/2016 0.30 0.29 0.30 0.29 9 43747.20 12910.00
30/08/2016 0.28 0.27 0.29 0.27 13 45830.40 12710.00
31/08/2016 0.28 0.28 0.29 0.29 4 11457.60 3290.00
01/09/2016 0.29 0.28 0.29 0.28 6 26040.00 7260.00
02/09/2016 0.28 0.27 0.28 0.27 12 24998.40 6850.00
05/09/2016 0.28 0.27 0.29 0.27 11 16665.60 4660.00
06/09/2016 0.27 0.27 0.27 0.27 4 7291.20 1960.00
08/09/2016 0.28 0.28 0.29 0.29 8 15624.00 4480.00
09/09/2016 0.29 0.27 0.29 0.28 13 41664.00 11360.00
12/09/2016 0.28 0.27 0.29 0.29 11 42705.60 11860.00
13/09/2016 0.27 0.27 0.27 0.27 2 2083.20 560.00
14/09/2016 0.27 0.27 0.28 0.28 3 6249.60 1710.00
15/09/2016 0.28 0.28 0.28 0.28 3 4166.40 1160.00
16/09/2016 0.27 0.26 0.27 0.26 7 28123.20 7320.00
19/09/2016 0.27 0.27 0.28 0.27 4 5208.00 1420.00
20/09/2016 0.27 0.27 0.27 0.27 4 51038.40 13720.00
21/09/2016 0.25 0.25 0.25 0.25 4 5208.00 1300.00
22/09/2016 0.25 0.24 0.27 0.27 18 68745.60 17200.00
23/09/2016 0.27 0.27 0.27 0.27 2 4166.40 1120.00
26/09/2016 0.26 0.26 0.26 0.26 1 1041.60 270.00
27/09/2016 0.26 0.25 0.26 0.26 5 9374.40 2420.00
29/09/2016 0.26 0.26 0.26 0.26 1 3124.80 810.00
30/09/2016 0.25 0.25 0.26 0.26 2 3124.80 790.00
03/10/2016 0.26 0.24 0.26 0.24 2 17707.20 4290.00
04/10/2016 0.25 0.25 0.26 0.26 3 3124.80 800.00
05/10/2016 0.26 0.25 0.26 0.26 11 29164.80 7440.00
06/10/2016 0.26 0.25 0.26 0.25 4 6249.60 1590.00
07/10/2016 0.25 0.24 0.27 0.26 20 120825.60 30380.00
10/10/2016 0.25 0.25 0.25 0.25 3 10416.00 2600.00
11/10/2016 0.25 0.25 0.25 0.25 1 1041.60 260.00
13/10/2016 0.25 0.25 0.25 0.25 4 4166.40 1040.00
14/10/2016 0.25 0.24 0.25 0.25 5 10416.00 2580.00
17/10/2016 0.24 0.24 0.26 0.26 7 9374.40 2350.00
18/10/2016 0.26 0.25 0.26 0.26 8 15624.00 4020.00
19/10/2016 0.26 0.25 0.27 0.26 6 15624.00 4100.00
20/10/2016 0.25 0.25 0.27 0.26 8 18748.80 4860.00
21/10/2016 0.25 0.25 0.26 0.26 4 7291.20 1870.00
24/10/2016 0.26 0.26 0.26 0.26 3 3124.80 810.00
25/10/2016 0.26 0.25 0.26 0.26 8 8332.80 2150.00
26/10/2016 0.27 0.25 0.27 0.26 8 21873.60 5530.00
27/10/2016 0.26 0.25 0.26 0.26 3 5208.00 1340.00
28/10/2016 0.25 0.25 0.25 0.25 2 2083.20 520.00
31/10/2016 0.26 0.25 0.27 0.25 6 13540.80 3510.00
01/11/2016 0.25 0.25 0.26 0.25 4 4166.40 1060.00
03/11/2016 0.27 0.26 0.29 0.27 48 197904.00 54140.00
04/11/2016 0.28 0.27 0.29 0.28 21 67704.00 18610.00
07/11/2016 0.27 0.26 0.28 0.28 7 13540.80 3700.00
08/11/2016 0.28 0.27 0.28 0.27 3 13540.80 3650.00
09/11/2016 0.28 0.26 0.29 0.29 25 111451.20 30600.00
10/11/2016 0.28 0.26 0.29 0.26 50 145824.00 39760.00
11/11/2016 0.26 0.26 0.30 0.30 86 333312.00 93210.00
14/11/2016 0.31 0.28 0.35 0.29 207 895776.00 282910.00
16/11/2016 0.29 0.27 0.31 0.27 82 359352.00 104450.00
17/11/2016 0.29 0.27 0.29 0.27 23 76036.80 20690.00
18/11/2016 0.27 0.27 0.28 0.27 13 54163.20 14590.00
21/11/2016 0.27 0.27 0.28 0.28 11 15624.00 4230.00
22/11/2016 0.28 0.28 0.28 0.28 8 17707.20 4930.00
23/11/2016 0.28 0.27 0.28 0.27 6 9374.40 2570.00
24/11/2016 0.27 0.27 0.29 0.28 9 42705.60 11880.00
25/11/2016 0.28 0.27 0.28 0.28 6 14582.40 4040.00
28/11/2016 0.28 0.28 0.28 0.28 2 20832.00 5800.00
29/11/2016 0.27 0.27 0.28 0.27 4 15624.00 4220.00
30/11/2016 0.27 0.27 0.28 0.28 16 60412.80 16260.00
01/12/2016 0.28 0.26 0.28 0.26 7 29164.80 7670.00
02/12/2016 0.27 0.27 0.27 0.27 3 3124.80 840.00
05/12/2016 0.26 0.26 0.27 0.26 10 85411.20 22160.00
06/12/2016 0.26 0.25 0.26 0.25 8 44788.80 11330.00
07/12/2016 0.27 0.26 0.28 0.26 16 59371.20 16050.00
08/12/2016 0.26 0.26 0.27 0.26 5 13540.80 3550.00
09/12/2016 0.26 0.26 0.28 0.26 9 18748.80 5100.00
12/12/2016 0.28 0.26 0.28 0.26 8 39580.80 10500.00
14/12/2016 0.27 0.27 0.27 0.27 2 4166.40 1120.00
15/12/2016 0.26 0.26 0.26 0.26 3 11457.60 2970.00
19/12/2016 0.26 0.26 0.27 0.26 9 47913.60 12530.00
20/12/2016 0.26 0.25 0.26 0.25 5 7291.20 1850.00
22/12/2016 0.26 0.26 0.27 0.27 6 14582.40 3900.00
23/12/2016 0.27 0.27 0.27 0.27 2 2083.20 560.00
26/12/2016 0.25 0.25 0.25 0.25 1 1041.60 260.00
27/12/2016 0.27 0.27 0.27 0.27 2 12499.20 3360.00
28/12/2016 0.28 0.27 0.28 0.27 5 24998.40 6940.00
29/12/2016 0.27 0.27 0.28 0.28 10 43747.20 12150.00
04/01/2017 0.26 0.26 0.27 0.27 9 26040.00 6920.00
05/01/2017 0.27 0.26 0.28 0.26 9 87494.40 22750.00
06/01/2017 0.26 0.26 0.26 0.26 9 32289.60 8370.00
09/01/2017 0.27 0.26 0.28 0.28 8 19790.40 5310.00
10/01/2017 0.27 0.26 0.27 0.26 17 44788.80 11690.00
11/01/2017 0.27 0.26 0.27 0.26 7 23956.80 6350.00
12/01/2017 0.26 0.26 0.26 0.26 4 14582.40 3780.00
13/01/2017 0.27 0.26 0.27 0.26 2 3124.80 830.00
16/01/2017 0.27 0.27 0.27 0.27 12 64579.20 17360.00
17/01/2017 0.27 0.27 0.28 0.28 12 56246.40 15580.00
18/01/2017 0.28 0.27 0.29 0.28 22 70828.80 19700.00
19/01/2017 0.29 0.27 0.29 0.27 13 56246.40 15770.00
20/01/2017 0.28 0.28 0.30 0.30 27 147907.20 42470.00
23/01/2017 0.30 0.29 0.30 0.29 12 72912.00 21300.00
24/01/2017 0.31 0.30 0.31 0.30 14 70828.80 21280.00
26/01/2017 0.30 0.27 0.31 0.28 54 604128.00 175360.00
27/01/2017 0.29 0.29 0.29 0.29 5 17707.20 5100.00
30/01/2017 0.29 0.26 0.29 0.27 34 211444.80 55460.00
31/01/2017 0.27 0.26 0.28 0.28 20 108326.40 29050.00
01/02/2017 0.27 0.27 0.28 0.28 17 66662.40 18010.00
02/02/2017 0.28 0.27 0.28 0.28 10 38539.20 10650.00
03/02/2017 0.28 0.28 0.29 0.29 17 113534.40 31810.00
06/02/2017 0.29 0.28 0.29 0.29 21 84369.60 24180.00
07/02/2017 0.29 0.29 0.65 0.65 1363 8224473.60 3653900.00
08/02/2017 0.60 0.44 0.61 0.47 1313 5899622.40 3117290.00
09/02/2017 0.44 0.42 0.51 0.47 357 1222838.40 575530.00
10/02/2017 0.46 0.42 0.47 0.45 168 694747.20 308180.00
13/02/2017 0.47 0.44 0.56 0.52 627 3472694.40 1737530.00
14/02/2017 0.55 0.51 0.58 0.58 635 4343472.00 2382010.00
15/02/2017 0.57 0.55 0.59 0.56 283 1623854.40 911220.00
16/02/2017 0.55 0.51 0.55 0.51 179 1379078.40 723440.00
17/02/2017 0.52 0.49 0.52 0.50 90 503092.80 251890.00
20/02/2017 0.51 0.50 0.53 0.51 142 873902.40 446910.00
21/02/2017 0.51 0.49 0.52 0.50 92 506217.60 253960.00
22/02/2017 0.51 0.49 0.51 0.49 47 213528.00 106920.00
23/02/2017 0.50 0.48 0.50 0.48 67 395808.00 193650.00
24/02/2017 0.48 0.48 0.49 0.48 38 143740.80 69180.00
01/03/2017 0.48 0.48 0.50 0.50 26 77078.40 37850.00
02/03/2017 0.49 0.48 0.49 0.49 21 86452.80 41920.00
03/03/2017 0.49 0.48 0.50 0.48 41 136449.60 66390.00
06/03/2017 0.51 0.50 0.51 0.50 57 243000.00 122680.00
07/03/2017 0.51 0.50 0.52 0.51 106 378000.00 194340.00
08/03/2017 0.51 0.50 0.52 0.50 50 142000.00 72130.00
09/03/2017 0.50 0.50 0.52 0.50 39 125000.00 62930.00
10/03/2017 0.50 0.50 0.60 0.58 533 2759000.00 1537330.00
13/03/2017 0.57 0.53 0.58 0.53 177 789000.00 436230.00
14/03/2017 0.54 0.53 0.55 0.53 39 167000.00 89840.00
15/03/2017 0.54 0.53 0.57 0.54 92 579000.00 315240.00
16/03/2017 0.55 0.53 0.57 0.53 56 269000.00 145010.00
17/03/2017 0.53 0.51 0.53 0.52 56 344000.00 178940.00
20/03/2017 0.51 0.51 0.53 0.51 31 203000.00 105650.00
21/03/2017 0.52 0.50 0.52 0.50 35 253000.00 128630.00
22/03/2017 0.50 0.50 0.52 0.50 55 332000.00 168220.00
23/03/2017 0.51 0.50 0.51 0.51 38 294000.00 149360.00
24/03/2017 0.52 0.50 0.52 0.50 36 128000.00 64860.00
27/03/2017 0.51 0.50 0.51 0.50 22 88000.00 44640.00
28/03/2017 0.51 0.50 0.51 0.50 19 96000.00 48040.00
29/03/2017 0.51 0.50 0.56 0.53 251 1471000.00 793670.00
30/03/2017 0.54 0.52 0.57 0.53 123 662000.00 363510.00
31/03/2017 0.52 0.51 0.53 0.53 29 90000.00 46380.00
03/04/2017 0.53 0.51 0.53 0.51 27 59000.00 30760.00
04/04/2017 0.51 0.51 0.52 0.51 44 199000.00 101860.00
05/04/2017 0.51 0.50 0.52 0.51 47 199000.00 101690.00
06/04/2017 0.51 0.50 0.51 0.51 25 97000.00 49020.00
07/04/2017 0.51 0.50 0.51 0.50 27 149000.00 74940.00
10/04/2017 0.51 0.48 0.51 0.49 45 243000.00 120310.00
11/04/2017 0.49 0.48 0.50 0.49 41 198000.00 96450.00
12/04/2017 0.48 0.48 0.49 0.49 15 62000.00 30130.00
13/04/2017 0.49 0.47 0.49 0.49 41 122000.00 57920.00
17/04/2017 0.48 0.48 0.52 0.52 87 496000.00 251520.00
18/04/2017 0.52 0.50 0.52 0.50 24 84000.00 42290.00
19/04/2017 0.51 0.49 0.51 0.49 13 26000.00 12940.00
20/04/2017 0.50 0.49 0.51 0.51 28 143000.00 71480.00
24/04/2017 0.50 0.50 0.52 0.52 30 164000.00 83690.00
25/04/2017 0.51 0.49 0.52 0.51 24 66000.00 33360.00
26/04/2017 0.51 0.49 0.51 0.50 6 7000.00 3540.00
27/04/2017 0.50 0.49 0.50 0.49 12 37000.00 18200.00
28/04/2017 0.49 0.49 0.51 0.51 24 42000.00 21090.00
02/05/2017 0.52 0.50 0.52 0.50 26 174000.00 89110.00
03/05/2017 0.50 0.50 0.51 0.50 12 38000.00 19020.00
04/05/2017 0.51 0.50 0.51 0.51 5 20000.00 10050.00
05/05/2017 0.50 0.50 0.51 0.50 10 35000.00 17630.00
08/05/2017 0.51 0.51 0.58 0.56 273 1482000.00 822460.00
09/05/2017 0.56 0.52 0.57 0.52 123 568000.00 305470.00
10/05/2017 0.53 0.52 0.55 0.52 84 377000.00 200180.00
11/05/2017 0.52 0.51 0.53 0.53 61 297000.00 154170.00
12/05/2017 0.54 0.52 0.55 0.54 58 347000.00 187270.00
15/05/2017 0.54 0.52 0.55 0.54 32 158000.00 83900.00
16/05/2017 0.54 0.52 0.54 0.52 28 80000.00 42530.00
17/05/2017 0.52 0.51 0.53 0.51 33 181000.00 93050.00
18/05/2017 0.50 0.46 0.50 0.48 125 461000.00 222810.00
19/05/2017 0.49 0.49 0.51 0.50 43 151000.00 75810.00
22/05/2017 0.50 0.49 0.50 0.50 34 94000.00 46340.00
23/05/2017 0.50 0.49 0.50 0.49 32 132000.00 65640.00
24/05/2017 0.50 0.50 0.51 0.50 23 79000.00 39530.00
25/05/2017 0.50 0.49 0.50 0.50 26 148000.00 73990.00
26/05/2017 0.50 0.50 0.51 0.50 27 73000.00 36540.00
29/05/2017 0.50 0.49 0.50 0.50 17 71000.00 35100.00
30/05/2017 0.50 0.50 0.56 0.51 214 1047000.00 560160.00
31/05/2017 0.52 0.47 0.52 0.52 224 764000.00 379440.00
01/06/2017 0.52 0.50 0.52 0.51 38 102000.00 52200.00
02/06/2017 0.51 0.51 0.52 0.52 13 37000.00 18960.00
05/06/2017 0.51 0.50 0.52 0.50 22 156000.00 79210.00
06/06/2017 0.51 0.50 0.51 0.50 23 87000.00 43590.00
07/06/2017 0.50 0.50 0.52 0.51 28 128000.00 65040.00
08/06/2017 0.51 0.50 0.51 0.51 11 32000.00 16040.00
09/06/2017 0.51 0.50 0.51 0.50 9 27000.00 13530.00
12/06/2017 0.50 0.50 0.52 0.50 26 97000.00 49160.00
13/06/2017 0.50 0.50 0.51 0.50 14 77000.00 38610.00
14/06/2017 0.50 0.50 0.54 0.50 49 249000.00 127970.00
16/06/2017 0.51 0.50 0.53 0.50 28 91000.00 47150.00
