27/06/2016 214.87 214.87 214.87 214.87 7 15.56 3342.50
01/07/2016 241.20 239.40 243.90 243.00 6 20.00 4845.98
04/07/2016 260.04 240.30 260.04 240.30 3 6.67 1632.94
06/07/2016 256.50 256.50 256.50 256.50 1 1.11 285.00
12/07/2016 239.40 239.40 255.60 255.60 3 11.11 2678.05
14/07/2016 255.60 253.80 258.30 256.83 8 45.56 11700.32
15/07/2016 244.80 244.80 244.80 244.80 2 7.78 1904.00
20/07/2016 241.65 241.65 241.65 241.65 2 2.22 537.00
25/07/2016 257.99 257.99 257.99 257.99 1 1.11 286.66
26/07/2016 257.98 256.50 257.98 256.50 8 8.89 2290.90
29/07/2016 256.50 256.50 256.50 256.50 1 1.11 285.00
01/08/2016 256.50 256.50 256.50 256.50 1 1.11 285.00
02/08/2016 254.70 254.70 254.70 254.70 1 1.11 283.00
05/08/2016 229.51 229.51 229.51 229.51 1 1.11 255.02
08/08/2016 252.00 252.00 252.00 252.00 1 1.11 280.00
09/08/2016 250.20 239.40 251.55 251.55 6 41.11 9935.00
11/08/2016 251.55 251.55 251.55 251.55 2 55.56 13975.00
12/08/2016 256.50 256.50 256.50 256.50 7 57.78 14820.00
16/08/2016 256.95 256.50 256.95 256.50 2 2.22 570.50
17/08/2016 256.95 256.95 256.95 256.95 3 28.89 7423.00
19/08/2016 258.30 258.30 258.30 258.30 1 1.11 287.00
22/08/2016 260.02 260.01 260.02 260.02 7 16.67 4333.78
24/08/2016 260.02 259.20 260.02 259.20 2 2.22 576.92
15/09/2016 261.00 261.00 261.00 261.00 2 2.22 580.01
19/09/2016 239.40 239.40 241.20 241.20 2 4.44 1068.00
20/09/2016 262.80 261.00 262.80 261.00 2 3.33 872.00
21/09/2016 261.00 240.30 261.00 240.30 3 4.44 1091.00
22/09/2016 261.00 261.00 261.00 261.00 1 1.11 290.00
23/09/2016 263.70 263.70 264.60 264.60 5 60.00 15824.00
26/09/2016 264.59 248.40 264.60 264.60 13 25.56 6642.99
27/09/2016 264.60 264.60 264.60 264.60 1 1.11 294.00
28/09/2016 264.60 264.60 264.60 264.60 1 1.11 294.00
29/09/2016 265.50 265.50 265.50 265.50 3 21.11 5605.00
10/10/2016 265.50 265.50 265.50 265.50 1 1.11 295.00
13/10/2016 265.41 265.41 265.50 265.50 2 22.22 5899.90
14/10/2016 269.84 268.20 269.97 268.20 7 241.12 65087.81
24/10/2016 269.91 269.91 269.91 269.91 1 11.11 2999.10
26/10/2016 269.10 269.10 269.10 269.10 1 1.11 299.00
28/10/2016 269.93 261.00 269.93 261.00 3 36.67 9875.90
31/10/2016 261.00 261.00 261.00 261.00 1 1.11 290.00
01/11/2016 256.50 256.50 256.50 256.50 1 1.11 285.00
03/11/2016 252.00 252.00 252.90 252.90 2 4.44 1123.00
09/11/2016 258.30 248.40 259.19 259.19 9 23.33 5963.99
14/11/2016 256.50 256.50 256.50 256.50 1 11.11 2850.00
17/11/2016 256.49 252.90 256.49 253.80 8 55.56 14109.90
18/11/2016 254.70 252.00 254.70 252.00 4 4.44 1126.01
21/11/2016 252.00 249.31 255.59 250.20 7 23.33 5897.28
25/11/2016 259.18 259.18 259.18 259.18 1 5.56 1439.90
30/11/2016 259.18 256.50 259.18 256.50 6 26.67 6906.06
02/12/2016 254.25 254.25 254.25 254.25 1 1.11 282.50
07/12/2016 255.60 252.27 255.60 252.27 5 5.56 1412.90
08/12/2016 259.18 259.18 259.18 259.18 1 2.22 575.96
14/12/2016 256.45 256.45 256.45 256.45 1 4.44 1139.80
15/12/2016 251.28 251.28 251.28 251.28 1 1.11 279.20
16/12/2016 256.45 256.45 256.45 256.45 1 1.11 284.95
19/12/2016 256.45 256.45 259.18 259.18 2 11.11 2864.65
21/12/2016 259.18 259.18 259.18 259.18 1 2.22 575.96
23/12/2016 256.50 252.00 256.50 252.00 6 6.67 1700.00
26/12/2016 259.17 259.17 259.17 259.17 1 11.11 2879.70
02/01/2017 259.19 249.29 259.19 249.29 7 33.33 8496.83
03/01/2017 258.30 250.20 259.19 259.19 4 10.00 2567.99
04/01/2017 252.90 252.10 252.90 252.10 3 11.11 2802.96
05/01/2017 259.18 259.18 259.18 259.18 1 1.11 287.98
06/01/2017 259.19 259.19 259.19 259.19 2 12.22 3167.89
09/01/2017 259.19 259.19 259.19 259.19 2 4.44 1151.96
10/01/2017 259.19 259.19 259.19 259.19 1 4.44 1151.96
11/01/2017 259.19 259.19 259.19 259.19 1 1.11 287.99
12/01/2017 259.20 259.20 259.20 259.20 2 33.33 8640.00
13/01/2017 259.20 259.20 259.20 259.20 2 5.56 1440.00
16/01/2017 259.20 259.20 261.00 261.00 2 36.67 9564.00
18/01/2017 262.80 259.20 262.80 259.20 5 82.22 21589.20
24/01/2017 268.20 268.20 268.20 268.20 3 62.22 16688.00
26/01/2017 268.20 268.20 268.20 268.20 1 5.56 1490.00
30/01/2017 267.30 260.99 268.20 268.20 3 13.33 3566.99
31/01/2017 256.50 256.50 256.50 256.50 1 1.11 285.00
01/02/2017 268.20 268.20 268.20 268.20 1 1.11 298.00
02/02/2017 268.20 267.30 268.20 268.20 5 26.67 7150.00
03/02/2017 269.98 269.98 270.00 270.00 4 25.56 6899.59
06/02/2017 269.99 269.99 269.99 269.99 1 1.11 299.99
07/02/2017 269.55 269.54 269.55 269.54 2 12.22 3294.49
10/02/2017 269.99 269.99 269.99 269.99 4 15.56 4199.86
13/02/2017 269.99 269.99 269.99 269.99 3 28.89 7799.74
14/02/2017 269.99 269.99 269.99 269.99 1 3.33 899.97
15/02/2017 269.99 269.99 269.99 269.99 2 10.00 2699.91
16/02/2017 268.65 265.50 268.65 265.50 2 3.33 892.00
21/02/2017 269.99 269.99 269.99 269.99 1 5.56 1499.95
22/02/2017 269.99 269.99 269.99 269.99 1 5.56 1499.95
23/02/2017 269.99 269.99 269.99 269.99 1 22.22 5999.80
24/02/2017 269.99 269.99 269.99 269.99 4 8.89 2399.92
02/03/2017 265.50 248.50 269.10 269.10 4 24.44 6236.88
03/03/2017 269.09 268.20 269.10 268.20 4 15.56 4182.90
06/03/2017 269.09 269.09 269.09 269.09 1 20.00 5381.82
14/03/2017 267.30 267.30 267.30 267.30 1 2.22 594.00
17/03/2017 269.09 269.09 269.09 269.09 1 11.11 2989.90
20/03/2017 270.00 270.00 272.70 272.68 30 1286.69 349077.22
21/03/2017 272.69 266.40 272.69 266.40 5 200.00 54489.27
22/03/2017 272.69 272.68 272.69 272.69 12 48.89 13331.33
23/03/2017 271.80 270.01 273.60 273.60 7 94.45 25725.20
24/03/2017 272.70 270.90 272.70 272.70 4 14.44 3919.00
27/03/2017 272.70 270.00 272.70 272.70 12 97.78 26409.00
28/03/2017 272.70 270.90 272.70 271.80 12 86.67 23544.00
30/03/2017 272.70 270.00 272.70 270.00 2 12.22 3303.00
03/04/2017 271.80 270.06 271.80 270.06 11 47.78 12953.07
05/04/2017 314.54 279.00 314.54 279.00 2 4.44 1279.50
06/04/2017 280.80 280.80 280.80 280.80 8 36.67 10296.00
07/04/2017 280.80 272.25 280.80 272.25 3 35.56 9931.50
11/04/2017 273.60 265.50 273.60 265.50 4 112.22 29849.50
26/04/2017 313.19 313.19 313.19 313.19 3 22.22 6960.00
27/04/2017 284.40 284.40 286.20 286.20 4 4.44 1268.00
28/04/2017 286.20 285.30 310.49 310.49 8 22.22 6817.00
02/05/2017 312.00 300.00 312.00 300.00 4 5.00 1548.00
03/05/2017 300.00 300.00 300.00 300.00 8 17.00 5100.00
04/05/2017 300.00 300.00 300.00 300.00 2 2.00 600.00
05/05/2017 300.00 300.00 300.00 300.00 2 2.00 600.00
08/05/2017 299.00 299.00 300.00 300.00 6 21.00 6280.00
09/05/2017 299.95 292.00 299.95 292.00 6 45.00 13298.47
12/05/2017 295.00 294.00 295.00 294.00 8 21.00 6192.00
16/05/2017 294.00 294.00 294.00 294.00 4 8.00 2352.00
17/05/2017 296.00 296.00 296.00 296.00 2 2.00 592.00
18/05/2017 292.00 290.00 292.00 290.00 7 16.00 4656.80
19/05/2017 289.99 289.99 289.99 289.99 3 4.00 1159.96
23/05/2017 289.99 289.99 289.99 289.99 3 3.00 869.97
24/05/2017 289.99 289.99 289.99 289.99 1 9.00 2609.91
25/05/2017 289.99 289.99 289.99 289.99 1 1.00 289.99
26/05/2017 289.99 289.99 289.99 289.99 2 2.00 579.98
29/05/2017 289.99 289.99 289.99 289.99 4 7.00 2029.93
30/05/2017 290.00 290.00 290.00 290.00 2 15.00 4350.00
31/05/2017 299.90 299.90 299.90 299.90 2 15.00 4498.50
02/06/2017 300.00 299.00 300.00 299.00 7 15.00 4496.00
05/06/2017 299.00 295.00 299.00 295.00 6 107.00 31589.00
07/06/2017 299.00 299.00 300.00 300.00 4 14.00 4187.00
08/06/2017 295.00 290.00 295.00 290.00 7 39.00 11411.00
09/06/2017 291.50 291.00 291.50 291.00 2 2.00 582.50
12/06/2017 299.00 298.00 299.00 298.00 9 66.00 19703.98
13/06/2017 298.00 298.00 300.00 300.00 2 5.00 1492.00
14/06/2017 305.00 305.00 319.95 319.95 2 2.00 624.95
16/06/2017 315.00 315.00 315.00 315.00 3 5.00 1575.00
