21/06/2016 4.53 4.53 4.53 4.53 1 300.00 1359.00
22/06/2016 4.50 4.50 4.53 4.53 16 12400.00 56124.00
23/06/2016 4.53 4.53 4.53 4.53 2 200.00 906.00
24/06/2016 4.52 4.41 4.52 4.50 6 2000.00 8861.00
27/06/2016 4.50 4.50 4.50 4.50 1 100.00 450.00
28/06/2016 4.48 4.43 4.51 4.51 7 1100.00 4897.00
29/06/2016 4.52 4.50 4.52 4.52 9 2000.00 9008.00
30/06/2016 4.45 4.45 4.52 4.52 2 1100.00 4902.00
01/07/2016 4.51 4.50 4.52 4.50 7 2500.00 11274.00
04/07/2016 4.52 4.52 4.52 4.52 2 200.00 904.00
05/07/2016 4.52 4.52 4.52 4.52 7 3300.00 14916.00
06/07/2016 4.50 4.50 4.52 4.52 7 2700.00 12152.00
07/07/2016 4.52 4.52 4.55 4.55 9 15500.00 70128.00
08/07/2016 4.54 4.54 4.59 4.58 12 5100.00 23259.00
11/07/2016 4.57 4.57 4.57 4.57 1 300.00 1371.00
12/07/2016 7.35 7.01 7.51 7.01 53 35100.00 253919.00
13/07/2016 7.01 7.01 7.20 7.05 31 32200.00 226643.00
14/07/2016 7.06 7.04 7.06 7.06 8 3000.00 21165.00
15/07/2016 7.05 7.04 7.06 7.04 14 20700.00 145879.00
18/07/2016 7.27 7.07 7.27 7.12 6 600.00 4272.00
19/07/2016 7.11 7.08 7.15 7.15 37 35700.00 253730.00
20/07/2016 7.09 7.06 7.12 7.12 17 16400.00 115976.00
21/07/2016 7.07 7.06 7.12 7.12 17 18200.00 128603.00
22/07/2016 7.11 7.11 7.11 7.11 2 800.00 5688.00
25/07/2016 7.11 7.11 7.15 7.15 5 700.00 4983.00
26/07/2016 7.11 7.11 7.16 7.13 12 8300.00 59096.00
27/07/2016 7.12 7.12 7.13 7.12 4 4000.00 28481.00
28/07/2016 7.11 7.11 7.13 7.13 3 500.00 3559.00
29/07/2016 7.10 7.10 7.15 7.15 8 4700.00 33468.00
01/08/2016 7.15 7.08 7.15 7.08 8 2900.00 20628.00
02/08/2016 7.12 7.12 7.12 7.12 2 2700.00 19224.00
03/08/2016 7.12 7.12 7.12 7.12 4 1500.00 10680.00
04/08/2016 7.19 7.19 7.19 7.19 3 2600.00 18694.00
05/08/2016 7.19 7.14 7.19 7.19 4 6100.00 43854.00
08/08/2016 7.19 7.19 7.19 7.19 4 6400.00 46016.00
09/08/2016 7.15 7.11 7.20 7.20 35 46600.00 333136.00
10/08/2016 7.24 7.15 7.50 7.50 18 83100.00 604587.00
11/08/2016 7.49 7.49 7.55 7.49 6 21100.00 159103.00
12/08/2016 7.49 7.49 7.50 7.50 2 5100.00 38249.00
16/08/2016 7.40 7.40 7.50 7.40 7 2000.00 14831.00
17/08/2016 7.48 7.48 7.48 7.48 1 100.00 748.00
18/08/2016 7.47 7.24 7.47 7.24 5 5700.00 42500.00
19/08/2016 7.51 7.50 7.55 7.50 10 43200.00 324264.00
22/08/2016 7.48 7.31 7.55 7.55 4 3400.00 25563.00
23/08/2016 7.26 7.21 7.59 7.55 8 1500.00 10926.00
25/08/2016 7.57 7.35 7.62 7.62 6 12800.00 96565.00
26/08/2016 7.60 7.60 7.60 7.60 14 17800.00 135280.00
29/08/2016 7.35 7.35 7.60 7.60 4 400.00 3013.00
30/08/2016 7.60 7.60 7.60 7.60 3 4800.00 36480.00
31/08/2016 7.31 7.31 7.59 7.59 2 200.00 1490.00
01/09/2016 7.50 7.50 7.60 7.55 8 10100.00 76588.00
02/09/2016 7.55 7.50 7.55 7.55 5 5000.00 37511.00
05/09/2016 7.55 7.55 7.60 7.60 3 4900.00 37235.00
06/09/2016 7.60 7.60 7.60 7.60 13 12600.00 95760.00
08/09/2016 7.60 7.60 7.60 7.60 5 3000.00 22800.00
09/09/2016 7.60 7.59 7.60 7.60 7 8100.00 61549.00
12/09/2016 7.60 7.60 7.60 7.60 3 6000.00 45600.00
13/09/2016 7.60 7.50 7.60 7.60 8 20300.00 153272.00
14/09/2016 7.50 7.33 7.60 7.60 5 11100.00 83224.00
16/09/2016 7.35 7.35 7.65 7.64 8 3900.00 29656.00
19/09/2016 7.44 7.44 7.62 7.62 2 200.00 1506.00
20/09/2016 7.61 7.61 7.61 7.61 1 100.00 761.00
21/09/2016 7.60 7.50 7.60 7.50 9 12400.00 93024.00
22/09/2016 7.62 7.62 7.62 7.62 1 100.00 762.00
23/09/2016 7.52 7.52 7.65 7.65 3 1700.00 12917.00
26/09/2016 7.60 7.60 7.60 7.60 2 3100.00 23560.00
27/09/2016 7.65 7.50 7.65 7.65 12 24700.00 186914.00
28/09/2016 7.65 7.65 7.65 7.65 2 5100.00 39015.00
30/09/2016 7.60 7.59 7.60 7.60 4 500.00 3799.00
03/10/2016 7.52 7.51 7.62 7.62 4 4400.00 33056.00
04/10/2016 7.55 7.50 7.63 7.63 8 1400.00 10532.00
05/10/2016 7.51 7.51 7.55 7.55 4 600.00 4516.00
06/10/2016 7.60 7.60 7.60 7.60 1 100.00 760.00
07/10/2016 7.60 7.60 7.60 7.60 1 100.00 760.00
10/10/2016 7.59 7.48 7.59 7.48 8 5700.00 42668.00
11/10/2016 7.49 7.20 7.59 7.59 6 25700.00 185244.00
14/10/2016 7.38 7.37 7.57 7.40 8 1400.00 10372.00
17/10/2016 7.48 7.41 7.49 7.41 9 3100.00 23070.00
18/10/2016 7.41 7.39 7.41 7.39 8 6100.00 45139.00
19/10/2016 7.40 7.40 7.40 7.40 3 400.00 2960.00
20/10/2016 7.36 7.36 7.58 7.58 4 1900.00 14086.00
21/10/2016 7.40 7.40 7.55 7.50 4 25300.00 187254.00
24/10/2016 7.40 7.40 7.50 7.50 3 25200.00 186490.00
25/10/2016 7.45 7.45 7.50 7.50 3 400.00 2990.00
27/10/2016 7.48 7.35 7.48 7.46 5 9100.00 67363.00
28/10/2016 7.44 7.44 7.57 7.57 4 5700.00 42454.00
03/11/2016 7.35 7.35 7.53 7.53 7 13700.00 100743.00
07/11/2016 7.54 7.51 7.58 7.58 13 23700.00 178677.00
08/11/2016 7.60 7.60 7.75 7.61 10 11800.00 89750.00
09/11/2016 7.61 7.61 7.64 7.64 10 10500.00 80107.00
10/11/2016 7.64 7.62 7.67 7.67 12 16800.00 128248.00
11/11/2016 7.64 7.61 7.67 7.64 23 30700.00 234604.00
14/11/2016 7.67 7.64 7.67 7.65 9 14600.00 111696.00
16/11/2016 7.62 7.62 7.65 7.65 4 1100.00 8395.00
17/11/2016 7.62 7.62 7.68 7.68 7 7400.00 56527.00
21/11/2016 7.62 7.62 7.70 7.69 14 7700.00 59049.00
22/11/2016 7.65 7.65 7.69 7.69 3 2000.00 15316.00
23/11/2016 7.69 7.66 7.70 7.68 9 11300.00 86877.00
24/11/2016 7.72 7.70 7.72 7.70 5 21300.00 164338.00
25/11/2016 7.72 7.69 7.77 7.77 9 11600.00 89640.00
28/11/2016 7.67 7.67 7.74 7.74 9 4300.00 33240.00
29/11/2016 7.74 7.73 7.75 7.75 6 20700.00 160313.00
30/11/2016 7.74 7.74 7.77 7.77 23 20100.00 155845.00
01/12/2016 7.76 7.71 7.76 7.75 24 32300.00 250006.00
02/12/2016 7.75 7.71 7.75 7.73 18 74600.00 576698.00
05/12/2016 7.73 7.71 7.76 7.76 9 40000.00 309596.00
06/12/2016 7.74 7.74 7.74 7.74 1 10000.00 77400.00
08/12/2016 7.40 7.40 7.82 7.53 20 448100.00 3502793.00
09/12/2016 7.60 7.60 7.65 7.65 2 3000.00 22900.00
12/12/2016 7.56 7.56 7.56 7.56 1 400.00 3024.00
13/12/2016 7.57 7.57 7.57 7.57 1 300.00 2271.00
15/12/2016 7.57 7.57 7.57 7.57 1 800.00 6056.00
16/12/2016 7.61 7.61 7.61 7.61 1 300.00 2283.00
20/12/2016 7.62 7.62 7.62 7.62 1 2500.00 19050.00
