20/06/2016 20.18 20.18 20.18 20.18 1 106.55 2150.00
22/06/2016 20.18 20.18 20.18 20.18 1 106.55 2150.00
19/07/2016 20.68 20.68 20.68 20.68 6 852.34 17624.00
20/07/2016 20.65 20.65 20.65 20.65 2 1598.13 33000.00
21/07/2016 21.59 21.59 21.59 21.59 1 213.08 4600.00
22/07/2016 21.59 21.59 21.59 21.59 1 213.08 4600.00
27/07/2016 23.28 23.28 23.28 23.28 1 106.55 2480.00
29/07/2016 23.46 23.46 23.46 23.46 1 106.55 2500.00
02/08/2016 23.46 23.46 23.46 23.46 1 106.55 2500.00
03/08/2016 23.46 23.46 23.46 23.46 1 106.55 2500.00
04/08/2016 22.52 22.52 22.52 22.52 1 106.55 2400.00
05/08/2016 23.19 23.19 23.19 23.19 2 4261.67 98800.00
09/08/2016 23.46 23.46 23.46 23.46 1 106.55 2500.00
10/08/2016 24.97 24.40 24.97 24.87 3 1278.50 31310.00
12/08/2016 24.91 24.91 24.91 24.91 1 104.37 2600.00
15/08/2016 23.95 23.95 23.95 23.95 1 104.37 2500.00
19/08/2016 23.95 23.95 23.95 23.95 2 730.62 17500.00
26/08/2016 23.76 23.00 24.91 24.91 3 313.12 7481.00
29/08/2016 22.99 22.99 24.91 24.91 3 417.50 9800.00
04/10/2016 23.95 23.95 24.42 24.42 4 626.25 15147.00
10/10/2016 23.96 23.96 23.96 23.96 1 313.12 7503.00
13/10/2016 23.95 23.95 23.95 23.95 1 104.37 2500.00
21/10/2016 23.95 23.95 23.95 23.95 5 1252.50 30000.00
24/10/2016 22.99 22.99 23.19 23.19 2 313.12 7240.00
25/10/2016 22.51 22.14 22.99 22.99 7 1148.12 25855.00
28/10/2016 23.04 23.04 23.72 23.72 4 4488.12 103628.00
31/10/2016 23.00 23.00 23.00 23.00 1 104.37 2401.00
01/11/2016 23.66 23.66 23.95 23.95 3 626.25 14850.00
03/11/2016 21.61 21.61 21.65 21.65 4 521.87 11288.00
09/11/2016 21.08 21.08 21.08 21.08 1 104.37 2200.00
11/11/2016 21.08 21.08 21.08 21.08 2 208.75 4400.00
14/11/2016 21.56 21.56 21.56 21.56 3 1461.25 31500.00
16/11/2016 21.56 21.56 21.56 21.56 1 104.37 2250.00
22/11/2016 22.04 20.21 22.04 21.49 4 417.50 8832.00
29/11/2016 19.83 19.83 22.97 22.97 5 730.62 15146.00
01/12/2016 20.22 20.22 20.22 20.22 1 104.37 2110.00
02/12/2016 22.51 22.51 22.51 22.51 2 626.25 14100.00
13/12/2016 22.05 22.05 22.05 22.05 1 104.37 2301.00
16/12/2016 22.04 22.04 22.70 22.70 2 626.25 13869.00
21/12/2016 23.46 23.46 23.46 23.46 1 104.37 2449.00
22/12/2016 23.47 23.47 23.47 23.47 2 208.75 4900.00
28/12/2016 22.88 22.88 22.88 22.88 1 104.37 2388.00
29/12/2016 24.37 24.37 24.37 24.37 1 104.37 2544.00
04/01/2017 22.83 22.83 22.83 22.83 1 104.37 2383.00
10/01/2017 22.27 22.27 22.79 22.79 3 313.12 7082.00
11/01/2017 22.12 22.12 22.26 22.26 2 208.75 4632.00
12/01/2017 22.90 22.90 22.90 22.90 1 104.37 2390.00
17/01/2017 23.14 23.14 23.14 23.14 1 104.37 2415.00
19/01/2017 23.94 23.94 23.94 23.94 1 104.37 2499.00
20/01/2017 23.75 23.75 23.75 23.75 2 4175.00 99160.00
24/01/2017 22.99 22.99 22.99 22.99 1 104.37 2400.00
27/01/2017 23.00 23.00 23.00 23.00 1 104.37 2401.00
02/02/2017 23.47 23.47 23.47 23.47 1 1043.75 24500.00
03/02/2017 23.43 23.23 23.43 23.23 2 313.12 7315.00
08/02/2017 23.95 23.95 23.95 23.95 2 208.75 5000.00
10/02/2017 23.95 23.95 23.95 23.95 1 208.75 5000.00
13/02/2017 23.95 23.95 23.95 23.95 2 1461.25 35000.00
16/02/2017 24.24 24.24 24.40 24.40 2 1252.50 30394.00
17/02/2017 25.89 25.89 25.89 25.89 1 104.37 2702.00
20/02/2017 26.34 26.34 27.02 27.02 15 6680.00 176669.00
22/02/2017 26.35 26.35 26.35 26.35 3 313.12 8250.00
23/02/2017 26.82 26.82 27.78 27.11 8 6053.75 163689.00
01/03/2017 27.11 27.11 27.11 27.11 10 6888.75 186780.00
02/03/2017 29.69 29.22 29.69 29.22 3 521.87 15299.00
03/03/2017 27.44 27.40 28.73 27.54 9 1983.12 54616.00
06/03/2017 27.98 27.46 27.98 27.46 5 1148.12 31593.00
07/03/2017 27.78 27.78 27.78 27.78 1 104.37 2900.00
08/03/2017 27.78 27.78 27.78 27.78 2 208.75 5800.00
09/03/2017 27.12 27.12 27.12 27.12 1 104.37 2831.00
10/03/2017 27.31 27.31 27.31 27.31 2 313.12 8550.00
15/03/2017 27.40 27.40 27.40 27.40 1 104.37 2860.00
16/03/2017 27.78 27.78 27.78 27.78 2 313.12 8700.00
17/03/2017 27.78 26.83 27.78 26.83 2 730.62 20100.00
24/03/2017 27.40 27.40 27.40 27.40 1 1043.75 28600.00
28/03/2017 28.50 28.50 28.50 28.50 2 200.00 5700.00
30/03/2017 29.00 28.00 29.00 28.00 4 1400.00 40500.00
31/03/2017 29.50 29.50 29.50 29.50 1 100.00 2950.00
04/04/2017 29.50 28.60 29.50 28.60 4 1600.00 46300.00
07/04/2017 28.75 28.75 28.75 28.75 1 300.00 8625.00
12/04/2017 29.00 29.00 29.00 29.00 1 100.00 2900.00
13/04/2017 29.00 29.00 29.00 29.00 1 100.00 2900.00
17/04/2017 29.00 29.00 29.10 29.10 4 1100.00 31920.00
18/04/2017 29.10 27.01 29.50 29.50 4 1300.00 35571.00
19/04/2017 28.01 28.00 28.01 28.00 2 1000.00 28005.00
27/04/2017 28.60 28.50 28.60 28.60 9 4400.00 125700.00
02/05/2017 28.60 28.11 28.89 28.11 6 3200.00 91500.00
05/05/2017 27.00 26.00 28.15 28.15 9 2200.00 57720.00
08/05/2017 28.10 28.10 28.10 28.10 1 100.00 2810.00
09/05/2017 28.90 28.90 28.90 28.90 1 200.00 5780.00
10/05/2017 28.88 27.42 28.88 27.42 8 2600.00 71988.00
11/05/2017 27.00 26.90 27.90 27.90 7 1900.00 51689.00
12/05/2017 26.71 26.11 26.71 26.11 5 500.00 13267.00
15/05/2017 26.16 26.16 27.00 27.00 2 600.00 15780.00
18/05/2017 26.11 26.11 26.11 26.11 1 100.00 2611.00
19/05/2017 26.10 26.10 26.10 26.10 2 1000.00 26100.00
22/05/2017 26.30 26.30 26.30 26.30 4 700.00 18410.00
25/05/2017 25.00 25.00 25.00 25.00 2 200.00 5000.00
26/05/2017 25.50 25.30 25.50 25.30 2 1800.00 45840.00
30/05/2017 25.30 25.30 25.30 25.30 4 1100.00 27830.00
31/05/2017 25.99 25.99 25.99 25.99 1 100.00 2599.00
05/06/2017 26.00 26.00 26.00 26.00 1 100.00 2600.00
07/06/2017 26.00 26.00 26.00 26.00 2 300.00 7800.00
08/06/2017 26.50 26.50 26.50 26.50 3 900.00 23850.00
09/06/2017 26.49 26.49 26.50 26.50 2 900.00 23845.00
12/06/2017 27.00 27.00 27.00 27.00 1 100.00 2700.00
