20/06/2016 47.09 45.85 47.09 45.85 4 16900.00 795107.00
21/06/2016 45.75 45.75 46.26 46.26 2 8400.00 384351.00
22/06/2016 46.00 45.87 46.00 45.87 2 8100.00 372587.00
27/06/2016 41.20 41.20 41.20 41.20 1 100.00 4120.00
28/06/2016 41.98 41.79 41.98 41.79 2 20800.00 873146.00
29/06/2016 42.77 42.40 42.77 42.40 2 5400.00 230810.00
30/06/2016 42.83 42.83 42.83 42.83 1 1500.00 64245.00
01/07/2016 41.88 41.88 42.17 42.17 2 2000.00 83847.00
05/07/2016 41.51 41.51 41.70 41.70 4 38000.00 1577570.00
06/07/2016 42.38 42.38 42.38 42.38 1 200.00 8476.00
07/07/2016 43.11 43.11 43.11 43.11 1 100.00 4311.00
08/07/2016 43.34 43.18 43.34 43.18 2 1800.00 77996.00
11/07/2016 43.73 43.54 44.00 43.54 3 23400.00 1029176.00
14/07/2016 44.51 44.28 44.51 44.28 3 8100.00 360508.00
15/07/2016 44.14 44.14 44.14 44.14 6 4200.00 185388.00
18/07/2016 45.84 45.81 45.84 45.81 4 2400.00 109974.00
19/07/2016 46.33 46.23 46.33 46.23 2 2100.00 97283.00
20/07/2016 46.25 46.25 46.25 46.25 1 200.00 9250.00
21/07/2016 46.65 46.65 46.65 46.65 2 1500.00 69975.00
25/07/2016 47.04 47.04 47.04 47.04 5 3600.00 169344.00
26/07/2016 47.04 47.04 47.04 47.04 1 200.00 9408.00
28/07/2016 47.65 47.65 47.65 47.65 1 3200.00 152480.00
01/08/2016 47.42 46.53 47.42 46.53 3 9700.00 453086.00
02/08/2016 46.08 45.98 46.08 45.98 4 6700.00 308696.00
03/08/2016 46.58 46.58 46.58 46.58 2 200.00 9316.00
05/08/2016 47.23 47.23 47.23 47.23 1 100.00 4723.00
08/08/2016 47.66 47.63 47.66 47.63 2 700.00 33359.00
09/08/2016 47.24 47.24 47.24 47.24 6 3900.00 184236.00
10/08/2016 45.99 45.99 45.99 45.99 1 100.00 4599.00
11/08/2016 46.50 46.37 46.50 46.37 12 3200.00 148397.00
12/08/2016 47.03 47.03 47.08 47.08 2 400.00 18817.00
15/08/2016 47.49 47.49 47.56 47.56 22 3900.00 185239.00
17/08/2016 48.20 48.20 48.20 48.20 3 400.00 19280.00
18/08/2016 48.55 48.55 48.55 48.55 1 100.00 4855.00
19/08/2016 48.71 48.62 48.77 48.62 3 1200.00 58467.00
22/08/2016 48.62 48.40 48.62 48.40 4 1500.00 72882.00
23/08/2016 49.16 49.16 49.16 49.16 1 200.00 9832.00
25/08/2016 49.99 49.99 49.99 49.99 2 200.00 9998.00
29/08/2016 51.69 51.05 51.69 51.05 2 2500.00 128841.00
30/08/2016 52.23 52.23 52.23 52.23 2 3800.00 198474.00
31/08/2016 52.25 52.25 52.25 52.25 1 100.00 5225.00
01/09/2016 52.26 52.26 52.26 52.26 1 100.00 5226.00
05/09/2016 50.01 50.01 50.01 50.01 1 100.00 5001.00
06/09/2016 50.91 50.41 50.91 50.41 3 5000.00 252650.00
12/09/2016 51.40 51.28 51.40 51.28 2 3900.00 200448.00
13/09/2016 51.90 51.90 51.90 51.90 2 300.00 15570.00
14/09/2016 51.90 51.90 51.90 51.90 1 100.00 5190.00
15/09/2016 51.55 51.55 51.55 51.55 1 800.00 41240.00
19/09/2016 50.90 50.90 50.90 50.90 1 1500.00 76350.00
20/09/2016 50.77 50.77 50.77 50.77 1 100.00 5077.00
23/09/2016 51.22 50.18 51.22 50.18 2 2500.00 127738.00
26/09/2016 49.54 48.61 49.54 48.61 4 10100.00 498689.00
28/09/2016 49.15 49.15 49.15 49.15 1 2400.00 117960.00
29/09/2016 49.53 49.20 49.53 49.20 2 1200.00 59403.00
30/09/2016 50.78 50.78 50.89 50.89 2 1000.00 50791.00
03/10/2016 50.37 50.37 50.37 50.37 1 400.00 20148.00
04/10/2016 51.28 51.28 51.28 51.28 1 100.00 5128.00
05/10/2016 51.95 51.64 51.95 51.64 2 500.00 25913.00
06/10/2016 52.01 52.01 52.01 52.01 1 1900.00 98819.00
07/10/2016 51.67 51.67 51.67 51.67 1 200.00 10334.00
10/10/2016 52.80 52.16 52.80 52.16 2 7700.00 402784.00
11/10/2016 51.90 51.90 51.90 51.90 1 4200.00 217980.00
13/10/2016 50.16 50.16 50.16 50.16 1 600.00 30096.00
14/10/2016 51.23 51.23 51.23 51.23 1 700.00 35861.00
17/10/2016 51.33 51.33 51.33 51.33 1 1600.00 82128.00
18/10/2016 51.53 51.53 51.53 51.53 2 200.00 10306.00
19/10/2016 52.20 52.10 52.20 52.10 2 600.00 31300.00
20/10/2016 51.80 51.80 51.80 51.80 1 1000.00 51800.00
21/10/2016 52.31 52.31 52.38 52.38 2 500.00 26176.00
24/10/2016 52.17 52.16 52.55 52.55 3 7000.00 365163.00
25/10/2016 51.82 51.82 52.22 52.22 2 1400.00 72588.00
26/10/2016 52.65 52.65 52.72 52.71 3 3500.00 184498.00
27/10/2016 53.63 53.63 53.63 53.63 2 2200.00 117986.00
28/10/2016 53.56 53.16 53.56 53.16 2 300.00 16028.00
31/10/2016 52.77 52.77 52.77 52.77 1 2200.00 116094.00
03/11/2016 53.42 53.42 53.42 53.42 1 400.00 21368.00
04/11/2016 54.23 54.23 54.23 54.23 1 300.00 16269.00
07/11/2016 54.19 54.19 54.19 54.19 1 3400.00 184246.00
08/11/2016 53.61 53.61 53.61 53.61 1 100.00 5361.00
09/11/2016 56.95 56.95 56.95 56.95 1 400.00 22780.00
10/11/2016 62.61 62.61 64.01 64.01 3 2300.00 144935.00
11/11/2016 64.38 64.38 64.38 64.38 1 200.00 12876.00
14/11/2016 68.44 68.20 68.58 68.20 3 7500.00 513896.00
16/11/2016 67.44 67.44 67.85 67.44 4 2300.00 155481.00
18/11/2016 67.52 67.44 67.52 67.44 3 2000.00 135024.00
21/11/2016 67.41 67.41 67.51 67.51 2 4500.00 303365.00
23/11/2016 69.54 69.54 69.54 69.54 1 500.00 34770.00
25/11/2016 70.84 70.84 70.84 70.84 1 700.00 49588.00
28/11/2016 69.29 69.02 69.29 69.02 2 4100.00 284062.00
01/12/2016 74.70 74.70 74.70 74.70 2 200.00 14940.00
05/12/2016 74.57 74.52 74.57 74.52 2 2600.00 193777.00
06/12/2016 74.90 74.90 75.17 75.17 2 1900.00 142337.00
07/12/2016 75.32 75.32 76.06 76.06 2 400.00 30202.00
08/12/2016 78.13 77.12 78.13 77.12 2 400.00 31050.00
09/12/2016 78.15 78.15 78.15 78.15 1 100.00 7815.00
12/12/2016 75.62 75.62 75.62 75.62 2 2900.00 219298.00
16/12/2016 77.38 77.38 77.38 77.38 1 200.00 15476.00
19/12/2016 76.11 76.11 76.11 76.11 1 400.00 30444.00
20/12/2016 76.36 76.36 76.36 76.36 1 200.00 15272.00
21/12/2016 75.66 75.66 75.66 75.66 1 300.00 22698.00
22/12/2016 74.32 74.32 75.03 75.03 2 1000.00 74462.00
23/12/2016 74.17 74.17 74.17 74.17 1 100.00 7417.00
27/12/2016 73.66 73.66 73.66 73.66 1 2500.00 184150.00
28/12/2016 73.81 73.55 73.81 73.55 2 1400.00 103308.00
29/12/2016 71.26 71.26 71.27 71.27 2 3300.00 235188.00
03/01/2017 73.05 73.05 73.05 73.05 1 1800.00 131490.00
04/01/2017 73.63 73.63 73.63 73.63 1 100.00 7363.00
06/01/2017 72.95 72.95 72.95 72.95 1 300.00 21885.00
09/01/2017 72.13 72.13 72.13 72.13 1 1000.00 72130.00
11/01/2017 73.00 73.00 73.00 73.00 1 100.00 7300.00
16/01/2017 74.40 74.40 74.40 74.40 1 100.00 7440.00
17/01/2017 71.85 71.33 71.85 71.33 2 2600.00 185562.00
19/01/2017 73.23 71.88 73.23 71.88 2 44200.00 3236631.00
20/01/2017 72.20 72.20 72.20 72.20 1 100.00 7220.00
23/01/2017 71.19 71.19 71.19 71.19 2 500.00 35595.00
24/01/2017 72.62 72.62 73.30 72.67 3 1400.00 101960.00
26/01/2017 74.18 74.12 74.61 74.61 3 1800.00 133961.00
30/01/2017 71.38 71.00 71.38 71.00 2 2600.00 185056.00
31/01/2017 71.40 70.87 71.40 70.87 2 500.00 35647.00
01/02/2017 72.42 71.39 72.42 71.39 2 800.00 57833.00
02/02/2017 71.62 70.63 71.62 70.63 2 1100.00 78683.00
03/02/2017 72.45 72.45 72.53 72.47 3 2500.00 181167.00
06/02/2017 72.02 72.02 72.02 72.02 2 1800.00 129636.00
07/02/2017 72.05 71.36 72.05 71.37 3 3000.00 214495.00
08/02/2017 70.82 70.45 70.82 70.45 2 800.00 56582.00
09/02/2017 71.96 71.96 71.96 71.96 1 800.00 57568.00
13/02/2017 73.26 73.26 73.26 73.26 1 600.00 43956.00
14/02/2017 74.13 74.13 74.21 74.20 6 5800.00 430166.00
15/02/2017 75.40 75.40 75.40 75.40 1 800.00 60320.00
16/02/2017 74.88 74.88 74.88 74.88 1 100.00 7488.00
17/02/2017 75.52 75.52 75.52 75.52 1 100.00 7552.00
21/02/2017 76.31 76.31 76.87 76.87 2 3300.00 251935.00
22/02/2017 75.83 75.83 75.83 75.83 1 100.00 7583.00
23/02/2017 74.76 74.76 75.01 75.01 2 500.00 37405.00
01/03/2017 78.95 78.95 78.95 78.95 1 400.00 31580.00
02/03/2017 79.39 79.39 79.39 79.39 1 200.00 15878.00
03/03/2017 79.12 79.12 79.27 79.27 2 1300.00 102871.00
06/03/2017 79.03 78.78 79.03 78.78 2 2000.00 157635.00
07/03/2017 78.73 78.30 78.73 78.30 2 1200.00 94433.00
08/03/2017 80.48 80.48 80.48 80.48 65 6500.00 523120.00
13/03/2017 80.07 80.07 80.07 80.07 1 200.00 16014.00
14/03/2017 79.97 79.97 79.97 79.97 1 700.00 55979.00
16/03/2017 78.61 78.61 78.61 78.61 1 100.00 7861.00
17/03/2017 77.23 77.03 77.23 77.03 3 4100.00 316063.00
20/03/2017 75.62 75.47 75.62 75.47 2 800.00 60481.00
21/03/2017 71.19 70.85 71.19 70.85 2 3300.00 234757.00
22/03/2017 71.77 71.47 71.77 71.47 2 2200.00 157864.00
23/03/2017 72.96 72.08 72.96 72.08 2 10400.00 758696.00
24/03/2017 71.89 71.89 71.89 71.89 1 600.00 43134.00
27/03/2017 71.93 71.93 72.08 72.08 2 12900.00 929772.00
28/03/2017 73.65 73.65 73.65 73.65 1 2000.00 147300.00
03/04/2017 73.32 73.32 73.33 73.33 2 13800.00 1011946.00
05/04/2017 72.76 72.22 72.76 72.31 3 1300.00 94003.00
06/04/2017 72.93 72.93 72.93 72.93 1 100.00 7293.00
07/04/2017 73.09 73.09 73.09 73.09 1 6100.00 445849.00
10/04/2017 72.73 72.41 72.73 72.41 2 2000.00 145268.00
11/04/2017 71.79 71.79 71.79 71.79 1 200.00 14358.00
12/04/2017 71.39 71.39 71.39 71.39 1 800.00 57112.00
13/04/2017 70.69 70.69 70.79 70.79 2 1500.00 106055.00
17/04/2017 70.58 70.58 70.58 70.58 1 1000.00 70580.00
18/04/2017 70.68 70.68 70.68 70.68 1 1600.00 113088.00
20/04/2017 72.88 72.88 72.88 72.88 2 1200.00 87456.00
24/04/2017 74.10 73.80 74.20 74.20 5 16800.00 1244734.00
25/04/2017 76.20 75.55 76.20 75.55 13 2600.00 197279.00
27/04/2017 75.47 75.47 75.47 75.47 1 900.00 67923.00
28/04/2017 74.14 74.14 74.47 74.47 2 1500.00 111672.00
02/05/2017 73.55 73.55 73.59 73.59 2 800.00 58844.00
03/05/2017 74.65 74.65 74.74 74.74 2 1200.00 89589.00
04/05/2017 75.00 75.00 75.00 75.00 47 4700.00 352500.00
05/05/2017 75.06 75.06 75.06 75.06 1 200.00 15012.00
08/05/2017 76.23 76.22 76.23 76.22 2 1400.00 106720.00
09/05/2017 76.02 76.02 76.02 76.02 1 100.00 7602.00
10/05/2017 76.18 76.17 76.18 76.17 2 700.00 53325.00
11/05/2017 76.04 76.04 76.04 76.04 1 100.00 7604.00
12/05/2017 75.03 74.56 75.03 74.56 2 1000.00 74983.00
15/05/2017 74.19 74.19 74.57 74.57 2 2200.00 163674.00
16/05/2017 74.92 74.92 74.92 74.92 1 100.00 7492.00
17/05/2017 70.19 70.15 70.71 70.71 5 10900.00 767349.00
18/05/2017 75.96 75.96 77.90 77.90 4 5600.00 427868.00
19/05/2017 76.12 75.45 76.12 75.45 2 3500.00 266018.00
22/05/2017 75.78 75.78 75.78 75.78 2 3900.00 295542.00
29/05/2017 76.02 76.02 76.02 76.02 1 100.00 7602.00
30/05/2017 75.09 75.09 75.09 75.09 1 1300.00 97617.00
31/05/2017 71.93 71.93 71.93 71.93 1 9100.00 654563.00
01/06/2017 73.52 73.42 73.52 73.42 2 300.00 22036.00
02/06/2017 72.73 72.73 72.73 72.73 1 100.00 7273.00
05/06/2017 72.73 72.73 74.14 74.14 3 6600.00 489047.00
06/06/2017 73.31 73.31 73.31 73.31 1 600.00 43986.00
07/06/2017 73.76 73.76 73.76 73.76 1 900.00 66384.00
08/06/2017 75.47 74.89 75.47 75.41 4 4900.00 368695.00
09/06/2017 76.92 76.92 76.92 76.92 1 8400.00 646128.00
12/06/2017 78.38 78.38 78.51 78.51 2 5200.00 407771.00
13/06/2017 78.56 78.56 78.56 78.56 1 600.00 47136.00
14/06/2017 78.18 78.18 78.18 78.18 1 100.00 7818.00
16/06/2017 77.27 77.27 77.27 77.27 1 1100.00 84997.00
