29/06/2016 405.87 405.87 405.87 405.87 1 100.00 40587.00
01/07/2016 414.91 414.91 414.91 414.91 1 200.00 82982.00
06/07/2016 420.57 420.57 420.57 420.57 1 100.00 42057.00
08/07/2016 426.93 426.93 427.38 427.38 2 500.00 213645.00
11/07/2016 435.72 435.72 435.72 435.72 1 100.00 43572.00
13/07/2016 426.19 426.19 426.19 426.19 1 200.00 85238.00
14/07/2016 425.52 425.52 425.52 425.52 1 100.00 42552.00
19/07/2016 438.52 438.52 438.52 438.52 1 200.00 87704.00
20/07/2016 437.13 437.13 437.13 437.13 1 400.00 174852.00
28/07/2016 437.20 437.20 437.20 437.20 1 200.00 87440.00
02/08/2016 429.72 428.44 429.72 428.53 3 1300.00 557109.00
03/08/2016 427.65 427.65 427.65 427.65 1 100.00 42765.00
05/08/2016 416.48 416.48 416.48 416.48 1 200.00 83296.00
11/08/2016 416.20 416.20 416.20 416.20 1 300.00 124860.00
17/08/2016 430.15 430.15 430.15 430.15 1 100.00 43015.00
18/08/2016 435.15 435.15 435.15 435.15 1 200.00 87030.00
25/08/2016 428.40 428.40 428.40 428.40 1 100.00 42840.00
26/08/2016 430.30 430.30 430.30 430.30 1 100.00 43030.00
30/08/2016 419.07 419.07 419.07 419.07 1 100.00 41907.00
02/09/2016 423.15 423.15 423.15 423.15 1 100.00 42315.00
08/09/2016 421.44 421.44 421.44 421.44 1 100.00 42144.00
12/09/2016 422.84 422.84 422.84 422.84 1 100.00 42284.00
20/09/2016 415.48 415.48 415.48 415.48 1 100.00 41548.00
26/09/2016 425.65 425.65 425.65 425.65 1 2700.00 1149255.00
30/09/2016 426.06 426.06 428.45 428.45 2 200.00 85451.00
03/10/2016 425.49 425.49 425.49 425.49 9 900.00 382941.00
10/10/2016 437.01 437.01 437.01 437.01 1 300.00 131103.00
17/10/2016 428.79 428.79 428.79 428.79 1 100.00 42879.00
25/10/2016 430.55 430.55 430.55 430.55 1 500.00 215275.00
31/10/2016 453.35 453.02 453.35 453.02 2 200.00 90637.00
03/11/2016 452.55 452.00 452.55 452.00 2 200.00 90455.00
04/11/2016 451.95 451.95 451.95 451.95 1 100.00 45195.00
09/11/2016 465.40 465.40 465.40 465.40 1 300.00 139620.00
10/11/2016 493.50 493.50 493.50 493.50 1 600.00 296100.00
14/11/2016 517.07 517.07 517.07 517.07 1 200.00 103414.00
17/11/2016 494.59 494.59 494.59 494.59 1 1800.00 890262.00
30/01/2017 518.27 518.27 518.27 518.27 1 100.00 51827.00
06/02/2017 510.38 510.38 510.38 510.38 1 200.00 102076.00
14/02/2017 521.54 521.54 521.54 521.54 2 200.00 104308.00
02/05/2017 578.62 578.62 578.62 578.62 1 200.00 115724.00
08/05/2017 592.64 592.64 592.64 592.64 1 300.00 177792.00
18/05/2017 592.35 592.35 592.35 592.35 1 100.00 59235.00
22/05/2017 603.24 603.24 603.24 603.24 1 100.00 60324.00
