01/06/2016 158.00 157.37 158.15 158.00 70 256.00 13342332.00
02/06/2016 166.00 166.00 167.20 166.30 62 206.00 11311287.00
03/06/2016 166.40 166.30 166.80 166.59 110 368.00 20228198.00
06/06/2016 159.09 158.61 159.10 158.97 68 266.00 13954548.00
07/06/2016 166.19 165.63 166.48 165.80 128 623.00 34118888.00
08/06/2016 166.35 165.70 166.60 166.35 114 390.00 21411429.00
09/06/2016 158.40 157.75 158.40 157.80 96 381.00 19851744.00
10/06/2016 166.40 165.34 166.40 165.50 175 389.00 21245380.00
13/06/2016 165.49 164.73 165.94 165.90 125 374.00 20408008.00
14/06/2016 165.81 165.05 166.47 166.02 70 248.00 13595973.00
15/06/2016 166.25 165.80 166.45 166.36 92 218.00 11961952.00
16/06/2016 166.50 166.20 166.95 166.90 162 1764.00 96866919.00
17/06/2016 166.95 166.69 167.20 167.00 113 490.00 26993079.00
20/06/2016 167.10 166.61 167.61 167.00 94 414.00 22816338.00
21/06/2016 166.99 165.82 166.99 166.01 163 752.00 41233368.00
22/06/2016 166.20 165.90 166.49 165.90 94 317.00 17369111.00
23/06/2016 165.90 165.00 165.98 165.38 142 390.00 21301915.00
24/06/2016 164.81 164.50 165.67 164.80 76 182.00 9896680.00
27/06/2016 164.75 164.20 164.99 164.80 125 329.00 17868790.00
28/06/2016 164.80 164.51 165.32 164.89 195 658.00 35818021.00
29/06/2016 164.63 162.55 164.90 163.00 295 1315.00 70935625.00
30/06/2016 163.00 161.21 163.00 161.60 277 1735.00 92673748.00
01/07/2016 161.78 160.28 163.39 163.00 238 1493.00 79975533.00
04/07/2016 162.76 162.66 163.90 163.06 85 201.00 10827900.00
05/07/2016 162.90 161.45 162.90 162.30 142 449.00 24010060.00
06/07/2016 162.40 162.40 163.15 162.60 105 466.00 25058559.00
07/07/2016 162.40 161.05 162.49 161.35 212 1319.00 70380519.00
08/07/2016 161.70 161.34 162.20 161.88 151 475.00 25382418.00
11/07/2016 162.04 161.42 162.20 162.10 133 508.00 27117466.00
12/07/2016 162.49 162.00 163.30 163.00 325 1364.00 73278668.00
13/07/2016 163.03 162.10 163.30 162.44 102 415.00 22280775.00
14/07/2016 162.24 161.10 162.70 161.20 222 793.00 42300584.00
15/07/2016 156.79 156.61 157.00 156.69 71 368.00 19044735.00
18/07/2016 160.90 159.53 161.15 159.56 258 1032.00 54608835.00
19/07/2016 159.70 159.40 160.25 159.99 147 728.00 38380857.00
20/07/2016 159.96 159.00 160.40 160.10 188 760.00 40116417.00
21/07/2016 160.15 159.30 160.60 160.20 119 280.00 14782541.00
22/07/2016 160.22 159.45 160.22 159.65 87 400.00 21080383.00
25/07/2016 159.70 159.61 160.40 160.23 84 250.00 13209269.00
26/07/2016 159.90 159.55 160.45 159.96 83 380.00 20050001.00
27/07/2016 159.75 157.70 159.80 158.69 304 1287.00 67315304.00
28/07/2016 158.69 158.15 158.90 158.35 101 377.00 19695069.00
29/07/2016 154.60 153.55 154.60 153.60 142 753.00 38233268.00
01/08/2016 157.60 155.71 157.97 155.99 324 1691.00 87402932.00
02/08/2016 155.65 155.10 156.59 156.10 320 1298.00 66864144.00
03/08/2016 156.00 155.55 157.50 156.50 260 1520.00 78560691.00
04/08/2016 156.55 154.47 156.55 155.25 428 2652.00 135933682.00
05/08/2016 155.20 154.70 156.45 156.18 184 913.00 46922393.00
08/08/2016 156.00 155.55 156.50 156.30 62 254.00 13077365.00
09/08/2016 156.25 154.30 156.35 154.70 419 4235.00 216956529.00
10/08/2016 154.82 153.90 155.00 154.20 272 2615.00 133074117.00
11/08/2016 154.20 152.15 154.40 152.85 381 2163.00 109480182.00
12/08/2016 152.71 151.80 152.71 152.00 298 2058.00 103309301.00
15/08/2016 152.00 151.01 152.65 152.40 128 642.00 32186394.00
16/08/2016 152.55 152.20 154.59 154.20 314 1301.00 65869706.00
17/08/2016 154.20 153.31 154.61 154.47 365 1479.00 75023091.00
18/08/2016 154.00 152.61 154.00 153.00 372 2183.00 110284224.00
19/08/2016 152.70 152.50 153.50 153.32 366 1409.00 71140555.00
22/08/2016 153.20 152.91 154.40 153.00 201 597.00 30252271.00
23/08/2016 152.95 152.15 153.65 152.86 300 1112.00 56121169.00
24/08/2016 153.10 152.35 153.60 153.15 278 923.00 46658990.00
25/08/2016 153.30 153.11 154.27 154.00 273 886.00 44977541.00
26/08/2016 154.15 153.55 154.90 154.65 278 1039.00 52916166.00
29/08/2016 154.65 154.35 155.34 155.19 247 705.00 36017444.00
30/08/2016 155.00 153.22 155.29 153.60 251 862.00 43864167.00
31/08/2016 153.25 151.80 153.50 152.40 579 2766.00 139145846.00
01/09/2016 152.30 151.70 153.45 151.79 306 1384.00 69676434.00
02/09/2016 151.80 149.40 152.00 149.84 633 4363.00 216988655.00
05/09/2016 149.90 148.50 150.29 149.30 478 3219.00 158305461.00
06/09/2016 149.67 149.01 152.80 152.75 625 3151.00 157251798.00
08/09/2016 152.52 152.00 154.30 153.67 436 1599.00 80895167.00
09/09/2016 153.95 152.65 154.25 153.25 309 1527.00 77260642.00
12/09/2016 153.00 152.30 153.90 152.40 132 413.00 20821369.00
13/09/2016 152.60 152.10 153.00 152.69 297 1306.00 65782605.00
14/09/2016 152.65 151.70 152.65 151.85 386 2302.00 115440765.00
15/09/2016 151.86 149.50 152.20 151.00 516 1856.00 92402851.00
16/09/2016 151.16 150.60 152.00 151.95 237 667.00 33364881.00
19/09/2016 151.90 151.90 153.48 152.90 359 1566.00 79020179.00
20/09/2016 152.91 152.91 154.10 153.90 294 929.00 47124204.00
21/09/2016 153.60 153.55 154.65 154.50 253 1308.00 66578179.00
22/09/2016 154.40 153.80 154.50 154.40 130 993.00 50518409.00
23/09/2016 154.40 154.18 154.59 154.59 123 599.00 30528267.00
26/09/2016 154.60 154.50 155.70 155.60 403 2222.00 113896064.00
27/09/2016 155.60 155.31 156.10 155.85 232 1287.00 66126640.00
28/09/2016 155.85 154.80 155.85 154.80 263 1281.00 65654549.00
29/09/2016 154.80 154.31 155.39 154.80 193 833.00 42525232.00
30/09/2016 154.80 154.80 155.70 155.65 266 1103.00 56544041.00
03/10/2016 155.60 154.81 155.64 155.20 132 385.00 19710725.00
04/10/2016 155.10 154.31 155.30 154.60 389 2179.00 111232519.00
05/10/2016 154.65 153.23 154.65 153.60 410 1996.00 101203822.00
06/10/2016 153.65 153.10 153.89 153.48 338 1296.00 65588958.00
07/10/2016 153.09 152.61 153.37 152.75 189 1048.00 52834171.00
10/10/2016 152.70 152.14 152.75 152.38 219 1225.00 61656668.00
11/10/2016 152.40 151.75 152.40 151.90 155 732.00 36738352.00
13/10/2016 151.85 151.85 152.60 151.90 149 989.00 49637289.00
14/10/2016 151.93 151.50 152.00 151.59 104 672.00 33622257.00
17/10/2016 151.60 151.07 151.60 151.29 142 1019.00 50849026.00
18/10/2016 151.29 151.13 151.73 151.60 196 700.00 35008056.00
19/10/2016 151.60 151.03 151.65 151.35 423 1028.00 51355203.00
20/10/2016 151.33 150.80 151.45 150.85 307 996.00 49628756.00
21/10/2016 150.90 150.70 151.00 150.80 263 1207.00 60082756.00
24/10/2016 150.80 150.30 151.18 151.18 224 1446.00 72013170.00
25/10/2016 151.18 151.00 151.45 151.20 350 2954.00 147412557.00
26/10/2016 151.20 150.80 151.50 151.07 209 799.00 39841084.00
27/10/2016 151.17 151.17 151.60 151.30 205 759.00 37907872.00
28/10/2016 152.55 151.90 152.70 151.91 133 737.00 37012545.00
31/10/2016 151.01 150.65 151.50 150.76 182 1118.00 55700970.00
01/11/2016 150.99 150.02 151.00 150.56 228 435.00 21605199.00
03/11/2016 150.66 150.36 150.76 150.60 111 175.00 8696816.00
04/11/2016 150.80 149.70 150.80 150.05 207 808.00 40005731.00
07/11/2016 151.49 151.35 153.00 151.82 106 267.00 13393257.00
08/11/2016 151.52 151.50 152.50 151.88 90 299.00 15003271.00
09/11/2016 150.20 149.60 150.20 149.80 146 498.00 24611532.00
10/11/2016 149.60 149.00 149.89 149.84 110 374.00 18450184.00
11/11/2016 149.63 148.90 149.79 149.50 103 235.00 11573868.00
14/11/2016 149.10 148.80 149.46 148.80 103 342.00 16810183.00
16/11/2016 148.90 148.76 149.47 149.40 53 362.00 17792441.00
17/11/2016 149.35 149.30 151.00 150.65 149 1011.00 49960934.00
18/11/2016 151.00 150.01 151.40 150.35 192 625.00 31095886.00
21/11/2016 150.25 149.90 150.60 150.25 178 333.00 16502415.00
22/11/2016 150.25 149.87 151.99 151.55 377 1883.00 94033767.00
23/11/2016 151.55 151.45 152.19 151.70 266 1239.00 62085190.00
24/11/2016 151.78 150.90 152.15 151.15 237 1958.00 97862928.00
25/11/2016 150.69 150.25 150.95 150.61 53 214.00 10637348.00
28/11/2016 150.59 150.50 151.37 150.85 138 411.00 20475503.00
29/11/2016 150.85 148.83 150.90 149.25 371 1635.00 80636084.00
30/11/2016 149.15 149.15 150.34 150.27 138 989.00 48985536.00
01/12/2016 150.20 150.00 150.93 150.40 138 520.00 25791849.00
02/12/2016 150.25 149.50 150.58 150.20 205 1225.00 60618198.00
05/12/2016 150.11 149.80 150.78 150.60 135 404.00 20062280.00
06/12/2016 150.33 150.00 150.45 150.20 156 675.00 33439616.00
07/12/2016 150.20 149.85 150.20 149.94 206 1062.00 52575144.00
08/12/2016 149.70 149.55 149.87 149.70 153 704.00 34786712.00
09/12/2016 149.60 149.20 149.70 149.35 86 397.00 19582061.00
12/12/2016 149.26 149.10 149.65 149.36 102 440.00 21673023.00
13/12/2016 149.27 149.21 150.00 149.21 272 1079.00 53260841.00
14/12/2016 149.30 149.21 150.50 149.85 342 1099.00 54271783.00
15/12/2016 149.95 149.70 150.29 149.94 173 503.00 24884742.00
16/12/2016 149.90 149.40 149.90 149.77 126 439.00 21673469.00
19/12/2016 149.45 149.45 149.85 149.75 67 201.00 9928752.00
20/12/2016 149.60 149.30 150.00 149.40 122 666.00 32857845.00
21/12/2016 149.40 149.20 149.68 149.58 89 381.00 18788015.00
22/12/2016 149.46 149.00 149.64 149.36 99 575.00 28338165.00
23/12/2016 149.99 149.50 149.99 149.55 31 100.00 4936519.00
26/12/2016 149.10 149.02 149.34 149.30 100 233.00 11466684.00
27/12/2016 149.45 148.83 149.50 149.50 186 428.00 21088072.00
28/12/2016 149.40 149.40 149.80 149.79 52 253.00 12501838.00
29/12/2016 149.45 149.45 149.90 149.90 43 59.00 2915493.00
02/01/2017 149.75 149.46 149.86 149.56 43 117.00 5776600.00
03/01/2017 149.51 149.16 149.90 149.80 62 284.00 14015631.00
04/01/2017 149.96 148.98 150.00 149.00 145 587.00 28928875.00
05/01/2017 148.99 148.50 148.99 148.54 91 274.00 13441325.00
06/01/2017 149.29 148.80 149.37 149.30 161 684.00 33646974.00
09/01/2017 149.27 149.05 149.40 149.10 71 189.00 9302769.00
10/01/2017 149.01 148.75 149.57 149.10 143 844.00 41513973.00
11/01/2017 144.11 143.40 144.30 143.40 109 574.00 27249274.00
12/01/2017 143.47 142.77 144.00 143.50 100 233.00 11036797.00
13/01/2017 143.20 143.00 143.39 143.13 104 210.00 9917678.00
16/01/2017 148.65 148.65 149.00 148.99 44 93.00 4569975.00
17/01/2017 143.88 142.50 143.88 142.74 152 665.00 31370968.00
18/01/2017 148.50 147.70 148.50 148.05 141 754.00 36823472.00
19/01/2017 142.22 141.50 142.40 141.87 108 455.00 21300354.00
20/01/2017 141.70 141.50 141.78 141.52 51 264.00 12329605.00
23/01/2017 141.40 141.10 142.19 142.00 127 506.00 23697362.00
24/01/2017 141.85 141.15 141.85 141.15 133 737.00 34367506.00
26/01/2017 141.02 140.55 141.30 140.86 125 777.00 36159014.00
27/01/2017 140.90 140.11 140.90 140.40 207 1064.00 49311137.00
30/01/2017 140.53 140.50 141.00 140.61 148 566.00 26274131.00
31/01/2017 140.60 139.82 141.50 141.20 343 1871.00 86856973.00
01/02/2017 141.01 140.76 142.50 141.04 303 1437.00 67068078.00
02/02/2017 141.20 140.40 141.20 140.50 224 1302.00 60422429.00
03/02/2017 140.45 140.11 140.80 140.30 104 811.00 37560306.00
06/02/2017 140.50 140.20 141.00 140.70 91 366.00 16970418.00
07/02/2017 139.70 139.70 140.60 140.50 197 1020.00 47176532.00
08/02/2017 140.42 139.52 140.42 139.81 301 2048.00 94607063.00
09/02/2017 139.55 139.55 140.70 140.70 161 1206.00 55857588.00
10/02/2017 140.70 140.70 141.39 140.89 78 277.00 12880705.00
13/02/2017 140.89 140.40 140.97 140.70 75 278.00 12908091.00
14/02/2017 140.60 140.01 141.10 140.40 164 1010.00 46789182.00
15/02/2017 140.30 140.00 140.40 140.15 138 1185.00 54821497.00
16/02/2017 139.85 139.71 140.39 139.86 122 590.00 27256821.00
17/02/2017 139.91 139.73 140.60 140.50 156 926.00 42855773.00
20/02/2017 140.55 140.40 141.40 141.40 163 823.00 38283781.00
21/02/2017 141.40 141.25 142.18 141.50 216 1307.00 61107063.00
22/02/2017 141.40 140.41 141.50 140.69 247 1329.00 61682956.00
23/02/2017 140.50 140.41 141.40 141.18 268 1245.00 57853227.00
24/02/2017 141.00 140.65 141.00 140.90 59 326.00 15156616.00
01/03/2017 141.18 141.03 141.50 141.50 56 128.00 5970399.00
02/03/2017 141.52 140.91 141.52 141.40 140 489.00 22783157.00
03/03/2017 141.40 141.04 142.15 141.47 267 855.00 39990215.00
06/03/2017 141.40 140.89 141.40 141.28 104 246.00 11460243.00
07/03/2017 141.20 140.81 141.40 141.40 168 746.00 34755283.00
08/03/2017 141.38 139.74 141.72 141.50 129 698.00 32563479.00
09/03/2017 141.40 141.40 142.09 141.80 156 1129.00 52820964.00
10/03/2017 142.19 140.65 142.30 141.32 127 498.00 23247255.00
13/03/2017 141.24 141.01 141.37 141.15 152 635.00 29575151.00
14/03/2017 141.12 141.12 141.90 141.70 174 1178.00 55040709.00
15/03/2017 141.50 141.41 142.10 141.81 204 1065.00 49825917.00
16/03/2017 141.80 141.00 141.85 141.09 236 1270.00 59236392.00
17/03/2017 140.90 140.51 141.31 141.10 451 1638.00 76164405.00
20/03/2017 140.95 139.04 140.97 139.50 491 2843.00 131102139.00
21/03/2017 139.48 138.85 140.10 139.03 553 2978.00 137173855.00
22/03/2017 138.88 138.00 139.20 138.15 430 2946.00 134644963.00
23/03/2017 138.10 135.13 138.25 136.00 729 4131.00 185986534.00
24/03/2017 136.38 135.55 136.70 136.25 390 2167.00 97526414.00
27/03/2017 136.30 136.30 139.25 139.10 310 2774.00 126878452.00
28/03/2017 138.99 138.65 139.50 139.00 361 1809.00 83045684.00
29/03/2017 138.90 135.13 139.05 135.27 808 4532.00 204650879.00
30/03/2017 135.28 133.77 136.00 133.90 518 3142.00 139763514.00
31/03/2017 134.11 133.02 134.94 133.15 406 1955.00 86350931.00
03/04/2017 133.50 131.75 133.50 132.38 204 828.00 36188275.00
04/04/2017 132.38 131.49 133.87 133.50 430 2308.00 101112524.00
05/04/2017 133.58 132.95 133.89 133.88 145 593.00 26134818.00
06/04/2017 133.80 133.80 134.89 134.80 472 1675.00 74217138.00
07/04/2017 134.42 134.10 135.30 135.20 177 702.00 31237885.00
10/04/2017 135.30 135.30 136.24 136.00 216 810.00 36325509.00
11/04/2017 136.24 135.50 136.44 136.01 317 1311.00 58840867.00
12/04/2017 136.00 135.99 136.65 136.55 156 633.00 28491860.00
13/04/2017 136.50 135.55 136.60 136.04 244 1252.00 56192624.00
17/04/2017 136.68 136.33 137.30 137.29 279 1125.00 50802612.00
18/04/2017 137.59 137.15 138.19 137.51 328 1576.00 71564301.00
19/04/2017 137.51 136.01 137.51 136.01 277 1829.00 82401570.00
20/04/2017 136.04 135.14 136.48 135.90 281 1618.00 72524651.00
24/04/2017 136.00 135.65 136.24 135.90 62 251.00 11260939.00
25/04/2017 135.96 135.34 136.25 135.60 88 333.00 14899110.00
26/04/2017 135.50 135.03 135.79 135.40 180 1105.00 49344926.00
27/04/2017 135.31 135.15 135.65 135.50 87 279.00 12465126.00
28/04/2017 138.72 138.72 140.00 139.03 83 1150.00 52787314.00
02/05/2017 135.94 135.70 137.28 137.10 314 1301.00 58765116.00
03/05/2017 137.10 136.30 137.10 136.50 133 481.00 21662622.00
04/05/2017 136.40 135.61 136.45 135.78 321 1221.00 54763090.00
05/05/2017 135.80 135.30 136.16 135.40 127 437.00 19558796.00
08/05/2017 135.35 135.21 135.79 135.70 34 70.00 3129858.00
09/05/2017 135.75 135.20 135.80 135.75 107 389.00 17400368.00
10/05/2017 135.00 134.75 135.50 135.50 101 815.00 36318074.00
11/05/2017 135.72 135.70 136.40 136.20 111 350.00 15729182.00
12/05/2017 136.10 135.95 136.41 135.95 106 364.00 16353846.00
15/05/2017 136.00 135.61 136.20 135.62 120 291.00 13036805.00
16/05/2017 135.62 135.20 135.62 135.30 93 346.00 15449916.00
17/05/2017 134.91 134.50 135.20 134.61 134 814.00 36176976.00
18/05/2017 135.61 133.60 135.61 134.40 160 987.00 43854251.00
19/05/2017 133.50 133.01 133.60 133.20 140 482.00 21209446.00
22/05/2017 136.00 131.63 136.59 131.63 238 1031.00 45394001.00
23/05/2017 131.63 130.61 132.90 132.30 218 868.00 37756082.00
24/05/2017 132.20 131.22 133.45 131.69 203 731.00 31919362.00
25/05/2017 131.89 131.20 132.01 132.01 197 933.00 40549076.00
26/05/2017 133.80 132.00 133.86 132.00 199 754.00 32937583.00
29/05/2017 132.30 131.75 132.79 132.70 168 731.00 31927955.00
30/05/2017 132.90 131.90 133.00 132.20 282 1148.00 50101471.00
31/05/2017 132.20 131.90 133.00 132.60 248 1427.00 62395509.00
01/06/2017 132.75 131.49 133.06 131.81 223 1156.00 50495817.00
02/06/2017 131.97 131.68 132.00 131.98 123 855.00 37207031.00
05/06/2017 132.00 131.31 133.00 131.45 218 1148.00 49994392.00
06/06/2017 131.60 129.85 131.86 130.30 503 2410.00 104207472.00
07/06/2017 130.25 128.50 130.41 128.69 344 1638.00 69964026.00
08/06/2017 128.70 127.30 128.97 128.50 321 1899.00 80284449.00
09/06/2017 128.45 127.71 128.57 128.00 229 1573.00 66510754.00
12/06/2017 127.61 127.51 128.24 127.99 176 971.00 41002087.00
13/06/2017 128.00 127.65 128.67 128.05 385 1946.00 82233485.00
14/06/2017 128.04 126.83 128.14 127.00 416 1984.00 83432378.00
16/06/2017 127.15 126.10 127.50 126.21 240 1680.00 70297121.00
