20/06/2016 48.72 48.68 49.26 48.68 7602 3023470.00 147915426.70
21/06/2016 48.67 48.16 49.35 49.35 4535 1805330.00 87784583.70
22/06/2016 49.49 48.49 49.73 48.57 13943 5908200.00 289857762.60
23/06/2016 48.82 48.81 50.11 50.11 12899 4831880.00 239286779.30
24/06/2016 48.33 48.00 48.89 48.57 19052 5937160.00 287592160.70
27/06/2016 48.60 47.46 48.60 47.85 8655 2316010.00 110824896.80
28/06/2016 48.90 48.21 48.90 48.65 5258 1880970.00 91342450.20
29/06/2016 49.15 49.00 49.71 49.51 3884 3928420.00 194443036.30
30/06/2016 49.16 49.04 50.07 49.90 5430 1851490.00 92011740.20
01/07/2016 50.08 49.90 50.80 50.71 7837 2163120.00 109113150.20
04/07/2016 50.89 50.80 51.34 51.01 8445 1061100.00 54170169.50
05/07/2016 50.60 49.95 50.70 50.25 6068 902600.00 45393576.00
06/07/2016 49.86 49.29 50.40 50.40 9575 2344610.00 117009642.60
07/07/2016 50.43 50.32 51.13 50.48 7550 1234370.00 62503258.80
08/07/2016 50.77 50.77 51.57 51.55 5927 2059540.00 105940778.30
11/07/2016 51.76 51.76 52.40 52.30 3133 2970350.00 155190532.20
12/07/2016 52.56 52.45 53.10 52.56 8825 2561940.00 135262700.40
13/07/2016 52.50 52.09 53.00 52.91 6067 1783830.00 93785509.90
14/07/2016 53.35 53.30 53.95 53.61 9981 1544390.00 82787414.10
15/07/2016 53.61 53.53 53.98 53.95 4768 1289390.00 69381083.60
18/07/2016 53.73 53.60 54.88 54.88 8528 3356530.00 183204777.60
19/07/2016 54.60 54.48 55.05 55.05 4176 1313480.00 72037240.30
20/07/2016 55.00 54.56 55.22 54.97 4469 2164210.00 118842689.20
21/07/2016 54.95 54.52 55.20 54.93 19169 1872030.00 102694996.40
22/07/2016 55.00 54.82 55.45 55.05 14599 1184200.00 65403563.30
25/07/2016 55.35 54.69 55.46 55.10 5824 1712980.00 94301339.30
26/07/2016 54.95 54.95 55.56 55.05 4004 1452200.00 80242515.00
27/07/2016 55.31 55.02 55.63 55.05 7451 2968630.00 164125876.80
28/07/2016 55.31 54.27 55.31 55.00 8195 1896390.00 103614385.30
29/07/2016 54.81 54.61 55.76 55.68 7521 3412350.00 189227507.40
01/08/2016 55.65 54.90 55.89 55.04 12048 3784460.00 209751966.50
02/08/2016 55.01 54.05 55.27 54.40 31077 3871410.00 210537921.80
03/08/2016 54.40 54.07 55.35 55.29 9777 3263240.00 179138718.20
04/08/2016 55.50 55.38 56.29 55.82 12002 3206300.00 179050335.10
05/08/2016 55.82 55.52 56.22 55.85 7805 2827700.00 157951049.90
08/08/2016 55.75 55.67 56.19 55.87 9146 2435090.00 136229101.60
09/08/2016 55.90 55.83 56.34 55.93 9751 2815010.00 157722244.30
10/08/2016 56.20 55.00 56.22 55.13 7984 2338710.00 129407050.20
11/08/2016 55.37 55.17 56.53 56.49 5848 2567960.00 144125159.10
12/08/2016 56.49 56.19 56.97 56.51 7639 4029870.00 228157648.20
15/08/2016 57.00 56.58 57.53 57.24 5268 1661750.00 94905468.60
16/08/2016 57.50 56.78 57.50 56.97 9694 3025220.00 172759423.10
17/08/2016 56.96 56.30 57.48 57.48 11000 3746440.00 213491232.20
18/08/2016 57.51 57.05 57.64 57.34 5225 2049340.00 117651615.70
19/08/2016 57.50 56.81 57.50 57.35 4625 1514280.00 86692163.60
22/08/2016 57.30 55.87 57.30 56.05 8946 4156000.00 233855520.50
23/08/2016 56.15 56.00 56.83 56.00 4848 1601980.00 90489725.60
24/08/2016 56.15 55.69 56.55 55.90 4264 2366660.00 132616658.80
25/08/2016 56.00 55.84 56.37 56.06 9633 2816800.00 157990749.20
26/08/2016 56.18 55.48 56.90 55.96 12723 4326940.00 242807313.40
29/08/2016 55.96 55.96 57.18 56.85 7992 3215860.00 182729915.60
30/08/2016 57.10 56.50 57.10 56.89 12250 3227550.00 183158895.50
31/08/2016 56.80 55.73 57.09 55.93 9723 5236630.00 294309967.80
01/09/2016 56.55 55.85 56.61 56.25 14553 3471900.00 195327441.40
02/09/2016 56.64 56.64 57.83 57.75 18955 3697180.00 212473226.60
05/09/2016 57.88 57.58 58.12 57.68 16644 3376070.00 195272092.00
06/09/2016 57.68 57.35 58.12 58.12 6446 3284890.00 190154300.30
08/09/2016 58.00 57.86 58.45 58.29 13534 5618380.00 327467847.10
09/09/2016 57.50 56.06 57.60 56.06 18406 5417630.00 306587279.20
12/09/2016 56.06 55.70 56.81 56.71 11047 2877070.00 162347398.00
13/09/2016 56.60 54.72 56.60 55.17 35421 4842290.00 267632133.70
14/09/2016 55.19 54.92 55.61 55.18 9748 3060850.00 169207747.20
15/09/2016 55.25 55.25 56.35 56.04 12211 1818190.00 101883752.70
16/09/2016 55.80 55.04 55.87 55.40 13204 2457520.00 136067795.50
19/09/2016 55.89 55.32 56.25 55.51 7563 1780300.00 99285922.60
20/09/2016 55.99 55.77 56.12 55.90 13765 2312650.00 129295598.10
21/09/2016 56.24 55.52 56.78 56.65 12386 2483440.00 139713056.20
22/09/2016 57.10 56.82 57.67 57.16 13438 2714520.00 155332557.40
23/09/2016 57.16 56.57 57.36 57.27 11566 3319670.00 189369052.60
26/09/2016 56.67 56.10 56.67 56.26 9429 1878310.00 105681020.60
27/09/2016 56.30 55.62 56.72 56.65 9077 3448580.00 194578512.00
28/09/2016 56.71 56.57 57.66 57.60 13223 3156480.00 180693167.10
29/09/2016 57.60 56.45 57.77 56.46 14864 4080670.00 233342692.70
30/09/2016 56.70 56.45 57.10 56.56 11937 2262790.00 128502905.50
03/10/2016 56.99 56.54 57.70 57.55 6910 3097700.00 177307573.80
04/10/2016 57.79 57.05 57.79 57.47 14091 3207220.00 184195494.00
05/10/2016 57.80 57.73 58.63 58.19 9146 2194250.00 127988938.40
06/10/2016 58.49 58.20 58.87 58.87 13111 2982460.00 174965051.80
07/10/2016 59.00 58.60 59.41 59.22 14443 4068390.00 240465801.80
10/10/2016 59.42 59.42 59.84 59.75 8389 2512620.00 149854474.60
11/10/2016 59.69 59.00 59.69 59.02 22436 3137280.00 185816906.30
13/10/2016 58.90 58.38 59.46 59.29 11391 2960760.00 174961124.90
14/10/2016 59.89 59.65 60.15 59.90 26036 5609290.00 336101931.40
17/10/2016 59.81 59.81 60.78 60.78 13957 4287440.00 259293261.80
18/10/2016 60.80 60.80 62.01 61.85 30917 5076850.00 312609080.20
19/10/2016 61.80 61.31 62.07 61.31 7478 3620250.00 222768179.70
20/10/2016 60.64 60.64 61.95 61.77 11595 3059780.00 188537038.30
21/10/2016 61.89 61.39 62.38 61.54 6883 2760480.00 170970607.20
24/10/2016 62.03 61.90 62.67 62.13 7543 2916670.00 181672316.90
25/10/2016 62.13 61.24 62.20 61.87 10395 2560800.00 158055664.60
26/10/2016 61.50 61.06 61.99 61.99 9270 2295220.00 141252968.90
27/10/2016 62.00 61.97 62.61 62.11 21942 2610900.00 162877060.60
28/10/2016 61.86 61.76 62.70 62.29 13900 4079890.00 254124957.50
31/10/2016 62.39 62.35 63.00 62.90 9228 3793930.00 238344057.00
01/11/2016 63.00 61.03 63.40 61.35 9391 3105470.00 191769708.00
03/11/2016 60.85 59.96 61.57 59.96 21862 2782540.00 168724409.70
04/11/2016 59.84 59.50 60.76 59.50 10249 2927910.00 175665304.20
07/11/2016 60.80 60.80 62.20 62.20 40904 3202310.00 196983092.90
08/11/2016 61.98 61.39 62.76 62.20 30926 3473870.00 216011077.50
09/11/2016 60.00 59.80 62.35 61.21 23464 5017670.00 307030232.60
10/11/2016 61.51 58.62 61.87 59.23 35782 9426070.00 563660415.80
11/11/2016 58.35 57.01 59.79 57.43 39093 7622640.00 442664179.00
14/11/2016 57.05 56.48 58.10 58.07 13222 4440790.00 254887818.90
16/11/2016 58.20 57.43 59.02 58.95 12427 2885400.00 168492974.00
17/11/2016 59.19 57.65 59.52 57.65 19872 2946780.00 172479257.80
18/11/2016 57.65 57.43 58.31 58.03 5919 2876960.00 166915705.60
21/11/2016 58.50 58.44 59.16 59.10 19713 2851010.00 167818028.10
22/11/2016 59.60 59.42 60.57 60.05 11404 3341970.00 200520267.30
23/11/2016 59.61 59.27 60.13 60.13 8930 2684940.00 160290197.00
24/11/2016 60.12 59.38 60.12 59.38 4592 1505950.00 89897756.80
25/11/2016 58.51 58.51 59.60 59.60 11992 1899360.00 112702089.00
28/11/2016 59.77 59.31 60.93 60.85 6043 2729810.00 164791924.20
29/11/2016 60.21 59.18 60.45 59.19 11691 2752160.00 164140384.00
30/11/2016 59.21 59.21 60.61 60.00 6342 3363650.00 202229778.30
01/12/2016 59.30 57.19 59.37 57.80 10654 7064250.00 410279209.00
02/12/2016 56.50 56.23 58.48 58.38 13315 6194530.00 357388968.60
05/12/2016 58.42 57.70 58.76 57.80 6201 2837510.00 165151645.30
06/12/2016 57.80 57.50 59.27 59.11 58799 4858040.00 285521795.00
07/12/2016 59.59 59.05 59.97 59.51 7555 2218020.00 131870303.30
08/12/2016 59.71 58.52 60.09 59.80 10719 1933340.00 114265941.50
09/12/2016 59.47 58.36 59.47 58.57 12366 2778900.00 163188086.90
12/12/2016 57.99 57.12 58.19 57.25 7891 2719510.00 156815678.60
13/12/2016 57.24 56.71 58.69 57.79 24265 4124690.00 237047067.10
14/12/2016 57.20 56.32 57.48 56.32 15115 2768450.00 157772913.40
15/12/2016 56.42 55.75 56.75 56.60 15764 2444660.00 137531770.60
16/12/2016 56.99 56.42 57.35 56.42 9540 2969450.00 168869774.50
19/12/2016 57.34 55.20 57.34 55.20 4818 1251770.00 69866043.80
20/12/2016 55.61 55.15 56.03 55.71 14386 3788830.00 210490981.50
21/12/2016 55.99 55.38 56.17 55.70 10051 2428020.00 135573947.70
22/12/2016 56.13 55.01 56.13 55.98 9746 3705880.00 205316980.60
23/12/2016 55.75 55.63 56.36 56.36 9757 1943140.00 109043962.30
26/12/2016 56.35 56.35 56.97 56.96 3680 1708030.00 96909321.80
27/12/2016 57.00 56.52 57.26 56.81 6308 2336120.00 132733402.00
28/12/2016 56.96 56.81 58.07 57.84 5111 1312100.00 75769581.90
29/12/2016 57.88 57.37 58.31 58.24 8831 2024920.00 117404290.80
02/01/2017 57.99 57.50 58.04 57.63 2851 828980.00 47840859.90
03/01/2017 57.65 57.65 59.86 59.75 33976 3194690.00 189542119.50
04/01/2017 59.74 59.41 60.02 59.75 6772 1759860.00 105005654.00
05/01/2017 59.85 59.68 60.48 60.05 3718 1172450.00 70503337.50
06/01/2017 60.48 59.48 60.48 59.85 3911 848080.00 50613826.80
09/01/2017 59.59 59.40 60.19 59.74 5533 655790.00 39280815.30
10/01/2017 60.01 59.99 60.50 60.25 9448 1060270.00 63859072.80
11/01/2017 60.50 59.71 60.75 60.47 7773 2368930.00 142531938.50
12/01/2017 62.00 61.80 62.50 62.00 14901 2786260.00 172915379.90
13/01/2017 61.59 61.32 62.11 61.68 12900 1612030.00 99345270.00
16/01/2017 61.64 61.51 62.02 61.90 19051 1382920.00 85431167.40
17/01/2017 61.75 61.48 62.65 62.28 6057 1151080.00 71481931.60
18/01/2017 62.29 61.90 62.61 61.90 39657 1370350.00 85371002.90
19/01/2017 61.91 61.51 62.46 62.10 30654 1327500.00 82229606.80
20/01/2017 62.15 61.98 62.66 62.57 7082 1402290.00 87446801.00
23/01/2017 62.86 62.51 63.80 63.80 2865 586460.00 37115187.50
24/01/2017 63.80 63.50 64.09 63.91 6242 1352190.00 86322475.80
26/01/2017 64.12 64.03 64.50 64.20 4173 1561180.00 100339679.50
27/01/2017 64.31 63.85 64.31 64.01 1917 1167210.00 74715300.90
30/01/2017 63.70 62.14 63.70 62.26 6850 1818700.00 113747948.30
31/01/2017 62.37 62.15 62.90 62.39 28944 1760040.00 110075791.10
01/02/2017 63.00 62.64 63.54 62.71 4632 1044730.00 65909959.60
02/02/2017 62.31 62.13 63.11 62.65 8927 1755420.00 110079539.80
03/02/2017 62.50 62.26 63.35 63.09 9942 1528740.00 96094865.90
06/02/2017 63.10 61.86 63.32 62.01 6065 1599170.00 99835759.10
07/02/2017 62.34 61.88 62.78 62.01 8952 1954070.00 121692985.40
08/02/2017 62.58 61.71 62.87 62.87 4277 1536000.00 95700221.10
09/02/2017 62.92 62.52 63.21 62.83 12404 1393490.00 87625874.40
10/02/2017 62.93 62.93 64.13 63.99 5710 4531660.00 288663406.90
13/02/2017 64.56 64.23 64.90 64.68 11775 3019890.00 195131933.60
14/02/2017 64.68 64.09 65.05 65.05 13087 2974980.00 192784614.40
15/02/2017 65.01 64.93 65.91 65.85 19680 4242880.00 277872160.10
16/02/2017 65.64 65.47 66.28 65.60 6642 2610290.00 171869097.60
17/02/2017 65.29 65.00 65.65 65.42 6385 2327640.00 152071789.60
20/02/2017 65.87 65.73 66.49 66.35 2403 1226730.00 81252998.20
21/02/2017 66.50 66.40 66.98 66.89 16034 2459680.00 163955929.50
22/02/2017 66.66 66.10 66.66 66.48 5838 1250460.00 82984361.00
23/02/2017 67.07 65.13 67.34 65.32 13912 2590100.00 171172067.60
24/02/2017 64.13 64.13 65.06 64.50 9864 3288310.00 212629756.00
01/03/2017 65.12 64.69 65.69 64.83 2870 1175660.00 76318579.50
02/03/2017 64.48 63.49 64.65 63.50 2896 1513930.00 96835695.70
03/03/2017 63.75 63.75 64.70 64.60 5707 1245320.00 80068141.70
06/03/2017 64.40 63.98 64.72 64.20 7479 1448170.00 93012490.50
07/03/2017 64.29 63.56 64.50 63.82 4866 2132910.00 136310439.90
08/03/2017 63.67 62.44 63.73 62.63 5982 1628400.00 102463376.70
09/03/2017 62.40 62.11 63.00 62.37 11466 1855990.00 115839635.80
10/03/2017 62.80 62.39 63.66 62.55 5858 1298350.00 81532481.50
13/03/2017 62.99 62.95 63.59 63.47 4819 1297190.00 82184232.00
14/03/2017 63.06 62.67 63.78 62.75 7081 1889100.00 118972348.90
15/03/2017 62.93 62.46 64.21 64.11 14174 3492720.00 221540567.10
16/03/2017 65.88 63.41 65.88 63.42 14576 2350340.00 149812487.10
17/03/2017 64.10 62.09 64.10 62.21 8093 2738010.00 171215098.00
20/03/2017 61.99 61.65 63.10 62.81 29203 5797680.00 362994637.00
21/03/2017 62.86 60.78 63.00 60.98 20020 4663050.00 285881806.00
22/03/2017 60.80 60.51 61.72 61.37 11176 2274620.00 139248210.30
23/03/2017 61.07 60.83 61.93 61.54 13620 2374380.00 145984869.10
24/03/2017 61.40 61.40 61.99 61.88 45906 2861130.00 176536743.90
27/03/2017 61.38 61.02 62.33 62.28 9078 2801060.00 172856491.30
28/03/2017 62.20 61.95 62.79 62.50 9166 2200090.00 137489273.00
29/03/2017 62.50 62.42 63.49 63.48 15766 1969240.00 124533660.20
30/03/2017 63.50 62.96 63.62 63.15 11050 2152450.00 136037727.70
31/03/2017 63.00 62.64 63.53 62.78 4390 1811960.00 114359896.00
03/04/2017 62.70 62.69 63.29 63.08 10013 1349020.00 84967247.60
04/04/2017 62.95 62.84 63.72 63.72 14880 1756090.00 111251963.70
05/04/2017 63.83 62.40 64.18 62.56 14230 2311360.00 146421324.20
06/04/2017 62.63 61.70 62.84 62.00 16648 2042080.00 127289607.90
07/04/2017 62.10 61.98 63.08 62.27 7437 1445510.00 90428389.50
10/04/2017 62.30 61.99 62.80 62.54 7397 1381410.00 86260774.50
11/04/2017 62.77 61.29 62.77 62.42 8868 2788510.00 173652739.00
12/04/2017 62.06 61.68 62.34 61.68 20822 2857860.00 177208250.00
13/04/2017 61.68 60.79 61.96 60.80 13200 3500370.00 214405936.50
17/04/2017 61.10 60.96 62.31 62.25 23810 3897800.00 241159868.10
18/04/2017 61.94 61.67 62.53 61.95 12185 4107440.00 254769927.10
19/04/2017 61.96 61.15 62.40 61.20 15735 3031440.00 187112537.60
20/04/2017 61.68 61.29 62.03 61.51 7400 1946870.00 119955892.90
24/04/2017 62.25 62.13 62.62 62.29 11225 2454930.00 153067063.00
25/04/2017 62.00 61.81 63.00 63.00 14952 2428750.00 152060363.80
26/04/2017 62.61 62.58 63.33 62.80 14821 2447240.00 154041127.10
27/04/2017 63.26 62.16 63.26 62.46 26812 1795460.00 112313029.50
28/04/2017 62.51 62.45 63.28 63.19 16276 2801110.00 176637975.80
02/05/2017 63.46 63.40 64.71 64.56 11107 2003790.00 128861436.30
03/05/2017 64.51 63.74 64.73 63.96 19880 3245470.00 207701223.20
04/05/2017 63.90 62.62 63.90 62.66 12598 3271120.00 205740337.70
05/05/2017 62.99 62.76 63.66 63.66 12172 2292680.00 145377666.90
08/05/2017 63.48 63.18 63.90 63.42 9843 2699890.00 171317809.20
09/05/2017 63.73 63.63 64.41 64.17 10496 2801290.00 179602193.70
10/05/2017 64.62 64.62 65.33 65.20 18371 2070760.00 134638791.90
11/05/2017 65.30 64.98 65.50 65.35 6505 1971180.00 128768982.30
12/05/2017 65.90 65.66 66.18 65.94 15876 3655560.00 241015799.50
15/05/2017 66.22 65.85 66.46 66.27 8074 3698010.00 244663863.80
16/05/2017 66.40 65.88 66.54 66.45 11825 1744330.00 115590963.40
17/05/2017 66.07 64.96 66.17 65.33 14954 2391640.00 156346644.50
18/05/2017 58.00 58.00 61.20 59.67 74423 16770930.00 1000823631.70
19/05/2017 60.89 60.22 61.47 60.61 25033 5499040.00 334806123.70
22/05/2017 60.09 58.93 60.14 59.53 35695 7729600.00 459996396.20
23/05/2017 59.99 59.71 60.82 60.74 28881 7863260.00 475845334.50
24/05/2017 61.20 60.84 61.94 61.17 23950 5693280.00 349564534.20
25/05/2017 61.22 60.72 61.94 61.29 15172 3143720.00 192229404.90
26/05/2017 61.48 61.37 62.10 61.95 14529 6385100.00 395017234.00
29/05/2017 61.75 61.49 61.90 61.74 10059 934050.00 57613437.80
30/05/2017 61.79 61.65 62.09 61.90 15878 2970940.00 183984587.60
31/05/2017 61.92 60.56 61.92 60.56 13353 3569120.00 218454705.20
01/06/2017 60.90 60.12 61.21 60.26 9199 1564630.00 94822173.90
02/06/2017 60.50 60.12 60.74 60.35 26767 2563610.00 154823896.30
05/06/2017 60.08 59.98 60.72 60.45 4984 1946660.00 117564131.50
06/06/2017 60.90 60.30 61.28 60.95 3735 1014330.00 61658121.80
07/06/2017 61.35 60.83 61.55 61.19 2451 606010.00 37034114.80
08/06/2017 60.81 60.35 61.07 60.71 5473 1063670.00 64473564.10
09/06/2017 60.86 60.05 61.02 60.22 7198 1487290.00 89858292.80
12/06/2017 60.19 59.30 60.20 59.65 11146 2915190.00 173982320.40
13/06/2017 59.79 59.48 60.00 59.82 7551 2215500.00 132302990.10
14/06/2017 60.00 59.49 60.42 59.89 10223 2600220.00 156315201.00
16/06/2017 59.71 59.27 59.84 59.61 8431 4069100.00 242587356.50
