04/08/2016 57.59 57.59 57.59 57.59 1 1000.00 57590.00
05/08/2016 57.50 57.50 57.66 57.66 6 1060.00 61110.00
09/08/2016 57.68 57.68 57.68 57.68 1 1000.00 57680.00
11/08/2016 58.30 58.30 58.30 58.30 9 1400.00 81620.00
12/08/2016 58.30 58.30 58.30 58.30 2 300.00 17490.00
15/08/2016 59.15 59.15 59.15 59.15 4 1500.00 88725.00
16/08/2016 58.86 58.86 58.86 58.86 2 1200.00 70632.00
17/08/2016 59.32 59.32 59.32 59.32 2 200.00 11864.00
22/08/2016 57.73 57.60 57.73 57.60 2 10000.00 576650.00
24/08/2016 57.72 57.72 57.72 57.72 3 1000.00 57720.00
29/08/2016 58.61 58.61 58.61 58.61 2 1400.00 82054.00
31/08/2016 57.90 57.90 57.90 57.90 2 500.00 28950.00
19/09/2016 57.35 57.35 57.35 57.35 1 300.00 17205.00
20/09/2016 57.74 57.74 57.74 57.74 1 1000.00 57740.00
21/09/2016 58.39 58.39 58.39 58.39 1 100.00 5839.00
07/10/2016 61.30 61.11 61.30 61.11 3 500.00 30566.40
14/10/2016 61.77 61.77 61.77 61.77 1 100.00 6177.00
17/10/2016 62.69 62.69 62.69 62.69 1 1000.00 62690.00
18/10/2016 63.78 63.78 63.78 63.78 1 1000.00 63780.00
21/10/2016 64.11 64.11 64.11 64.11 2 1200.00 76932.00
27/10/2016 64.26 64.26 64.26 64.26 1 1000.00 64260.00
28/10/2016 64.30 64.30 64.30 64.30 1 100000.00 6430000.00
31/10/2016 64.87 64.87 64.93 64.93 4 81200.00 5271834.00
01/11/2016 63.36 63.36 63.36 63.36 9 142600.00 9035136.00
03/11/2016 63.34 61.78 63.41 61.78 66 357930.00 22129010.40
04/11/2016 61.71 61.69 62.29 61.97 31 20290.00 1255385.00
07/11/2016 63.73 63.73 64.05 64.05 7 134120.00 8590379.80
08/11/2016 64.62 64.19 64.62 64.19 2 34460.00 2212013.20
09/11/2016 63.29 63.29 63.29 63.29 7 200000.00 12658000.00
10/11/2016 61.24 61.24 61.24 61.24 3 477000.00 29211480.00
11/11/2016 60.63 59.18 61.52 59.22 16 277300.00 16600291.00
14/11/2016 59.22 59.22 59.69 59.69 7 686900.00 40986868.00
16/11/2016 59.80 59.80 60.79 60.79 3 76300.00 4587928.00
17/11/2016 60.72 59.80 60.76 59.80 62 101000.00 6115306.50
18/11/2016 59.40 59.40 59.99 59.99 5 240600.00 14345094.00
21/11/2016 60.58 60.58 61.10 61.10 5 129520.00 7871646.60
22/11/2016 61.99 61.99 61.99 61.99 3 75500.00 4680245.00
23/11/2016 62.02 62.02 62.02 62.02 13 305400.00 18940908.00
24/11/2016 61.36 61.36 61.36 61.36 13 385800.00 23672688.00
25/11/2016 61.59 61.59 61.59 61.59 15 374400.00 23059296.00
28/11/2016 62.88 62.88 62.88 62.88 2 9400.00 591072.00
29/11/2016 61.50 61.02 61.50 61.02 5 111700.00 6816126.00
30/11/2016 62.09 61.93 62.09 61.93 4 61830.00 3829136.70
01/12/2016 59.54 59.54 59.54 59.54 7 120000.00 7144800.00
02/12/2016 59.34 59.34 60.35 60.35 8 170800.00 10299902.00
05/12/2016 59.80 59.80 59.80 59.80 1 5100.00 304980.00
06/12/2016 60.75 60.75 61.12 61.12 3 165900.00 10084308.00
07/12/2016 61.44 61.44 61.44 61.44 2 32800.00 2015232.00
08/12/2016 60.83 60.62 60.83 60.71 8 118220.00 7177104.40
09/12/2016 60.55 60.47 60.55 60.47 4 6600.00 399262.00
12/12/2016 59.21 59.21 59.21 59.21 1 22500.00 1332225.00
13/12/2016 58.93 58.93 59.31 59.31 4 8100.00 479271.00
14/12/2016 59.11 58.18 59.11 58.18 2 13600.00 794038.00
15/12/2016 58.43 58.36 58.45 58.36 7 54120.00 3158444.80
16/12/2016 58.36 58.36 58.36 58.36 7 122200.00 7131592.00
19/12/2016 57.97 57.14 57.97 57.14 7 41800.00 2390942.00
20/12/2016 57.30 57.15 57.62 57.62 3 20400.00 1173078.00
21/12/2016 57.57 57.42 57.68 57.68 8 48700.00 2807946.00
22/12/2016 57.40 57.29 57.45 57.29 3 225700.00 12952385.00
23/12/2016 57.95 57.95 57.95 57.95 11 355800.00 20618610.00
26/12/2016 58.41 58.41 58.63 58.63 27 49640.00 2905598.60
27/12/2016 58.78 58.78 58.78 58.78 2 120900.00 7106502.00
28/12/2016 59.85 59.85 59.85 59.85 5 174600.00 10449810.00
29/12/2016 60.30 60.30 60.30 60.30 1 100.00 6030.00
02/01/2017 59.66 59.66 59.66 59.66 2 48500.00 2893510.00
03/01/2017 61.89 61.89 61.89 61.89 1 10700.00 662223.00
04/01/2017 61.60 61.60 61.60 61.60 6 86400.00 5322240.00
05/01/2017 61.81 61.65 62.37 62.08 53 100000.00 6204356.10
06/01/2017 61.68 61.68 61.68 61.68 3 51000.00 3145680.00
09/01/2017 61.78 61.78 61.78 61.78 1 5900.00 364502.00
10/01/2017 62.21 62.21 62.21 62.21 4 133200.00 8286372.00
11/01/2017 62.23 62.17 62.52 62.52 3 23400.00 1462907.00
12/01/2017 63.96 63.96 63.96 63.96 5 119600.00 7649616.00
13/01/2017 63.99 63.68 63.99 63.68 86 96670.00 6159242.50
16/01/2017 63.74 63.74 63.92 63.92 35 27000.00 1723924.00
17/01/2017 64.44 64.44 64.44 64.44 2 31700.00 2042748.00
18/01/2017 64.61 64.17 64.64 64.17 41 33200.00 2134310.00
19/01/2017 64.03 64.03 64.03 64.03 2 1800.00 115254.00
20/01/2017 64.70 64.60 64.70 64.60 9 14000.00 904560.00
23/01/2017 65.85 65.83 65.85 65.83 6 93830.00 6176829.50
24/01/2017 65.86 65.86 65.86 65.86 4 90600.00 5966916.00
26/01/2017 66.27 66.27 66.27 66.27 4 129500.00 8581965.00
27/01/2017 66.11 66.11 66.11 66.11 11 340300.00 22497233.00
30/01/2017 64.74 64.38 64.74 64.38 2 17800.00 1148880.00
31/01/2017 64.75 64.75 64.75 64.75 5 71500.00 4629625.00
01/02/2017 64.92 64.92 64.92 64.92 9 204300.00 13263156.00
02/02/2017 64.65 64.65 64.65 64.65 4 51300.00 3316545.00
03/02/2017 65.05 65.05 65.05 65.05 9 658400.00 42828920.00
06/02/2017 64.07 64.07 64.07 64.07 4 78500.00 5029495.00
07/02/2017 64.27 64.27 64.27 64.27 1 19800.00 1272546.00
08/02/2017 64.91 64.91 64.91 64.91 3 12000.00 778920.00
09/02/2017 64.97 64.97 64.97 64.97 8 81900.00 5321043.00
10/02/2017 66.14 66.14 66.14 66.14 11 117500.00 7771450.00
13/02/2017 66.98 66.98 66.98 66.98 1 10000.00 669800.00
14/02/2017 66.72 66.72 66.72 66.72 2 39200.00 2615424.00
15/02/2017 67.11 67.05 67.98 67.98 64 98790.00 6687104.10
16/02/2017 67.90 67.90 67.95 67.95 5 48860.00 3320034.00
17/02/2017 67.59 67.29 67.76 67.76 59 76320.00 5168502.60
20/02/2017 68.57 68.57 68.57 68.57 4 24800.00 1700536.00
21/02/2017 68.98 68.93 69.10 69.10 19 57720.00 3985531.60
22/02/2017 69.10 68.69 69.10 68.69 29 13030.00 896532.60
23/02/2017 67.53 67.53 67.53 67.53 15 160320.00 10826409.60
24/02/2017 66.85 66.76 67.07 66.76 97 86600.00 5784960.00
01/03/2017 67.25 66.94 67.27 67.03 159 102110.00 6860636.40
02/03/2017 66.73 65.89 66.73 65.89 7 54410.00 3585083.30
03/03/2017 66.88 66.88 66.88 66.88 7 102900.00 6881952.00
06/03/2017 66.78 66.22 66.88 66.44 58 124700.00 8290432.00
07/03/2017 65.84 65.84 65.84 65.84 3 24200.00 1593328.00
08/03/2017 64.75 64.75 64.75 64.75 34 401600.00 26003600.00
09/03/2017 64.51 64.51 64.69 64.69 17 133800.00 8654222.00
10/03/2017 64.77 64.77 64.77 64.77 3 86200.00 5583174.00
13/03/2017 65.57 65.57 65.57 65.57 1 3000.00 196710.00
14/03/2017 64.80 64.80 64.80 64.80 2 11700.00 758160.00
15/03/2017 66.34 66.34 66.34 66.34 4 24500.00 1625330.00
16/03/2017 65.88 65.88 65.88 65.88 6 54400.00 3583872.00
17/03/2017 64.31 64.31 64.31 64.31 7 77500.00 4984025.00
20/03/2017 64.94 64.94 64.94 64.94 6 40000.00 2597600.00
21/03/2017 65.00 62.90 65.00 63.07 22 38620.00 2447891.00
22/03/2017 63.69 63.56 63.69 63.56 17 176810.00 11238044.90
23/03/2017 63.56 63.56 63.56 63.56 6 58700.00 3730972.00
24/03/2017 63.95 63.95 63.95 63.95 9 92000.00 5883400.00
27/03/2017 63.25 63.25 64.41 64.41 5 39800.00 2554122.00
28/03/2017 64.67 64.67 64.67 64.67 10 99700.00 6447599.00
29/03/2017 65.56 65.56 65.56 65.56 4 31400.00 2058584.00
30/03/2017 65.58 65.37 65.58 65.37 4 33040.00 2159833.20
31/03/2017 65.08 65.03 65.08 65.08 8 58840.00 3829301.70
03/04/2017 65.32 65.32 65.32 65.32 3 20200.00 1319464.00
04/04/2017 65.88 65.88 65.88 65.88 12 115600.00 7615728.00
05/04/2017 64.82 64.82 64.82 64.82 21 211500.00 13709430.00
06/04/2017 64.69 64.32 64.69 64.32 5 22610.00 1454278.90
07/04/2017 64.16 64.16 64.70 64.70 42 288000.00 18629414.00
10/04/2017 64.94 64.72 64.94 64.75 54 390070.00 25258776.50
11/04/2017 64.88 64.46 64.88 64.46 3 7410.00 477652.80
12/04/2017 64.00 64.00 64.00 64.00 3 16000.00 1024000.00
13/04/2017 63.37 62.93 63.37 62.93 8 47020.00 2959109.40
17/04/2017 64.44 64.44 64.44 64.44 3 19100.00 1230804.00
18/04/2017 64.20 64.20 64.20 64.20 3 14400.00 924480.00
19/04/2017 64.50 63.45 64.50 63.45 34 346300.00 21974296.00
20/04/2017 63.91 63.91 63.91 63.91 3 6100.00 389851.00
24/04/2017 64.82 64.45 64.82 64.49 8 53710.00 3463637.20
25/04/2017 64.02 64.02 65.29 65.29 7 27050.00 1755730.50
26/04/2017 65.57 64.93 65.64 64.93 16 11610.00 756822.20
27/04/2017 64.75 64.75 64.75 64.75 12 123700.00 8009575.00
28/04/2017 65.54 65.54 65.54 65.54 7 79000.00 5177660.00
02/05/2017 66.75 66.50 66.92 66.50 6 7380.00 491296.70
03/05/2017 66.46 66.16 66.46 66.16 11 67330.00 4455546.00
04/05/2017 64.93 64.93 64.93 64.93 3 28000.00 1818040.00
05/05/2017 65.78 65.78 65.78 65.78 12 128500.00 8452730.00
08/05/2017 65.81 65.44 66.05 65.66 114 47200.00 3101971.00
09/05/2017 66.35 66.35 66.35 66.35 23 254000.00 16852900.00
10/05/2017 67.56 67.48 67.56 67.48 5 328510.00 22167855.60
11/05/2017 67.67 67.67 67.67 67.67 3 13600.00 920312.00
12/05/2017 68.29 68.29 68.36 68.36 6 280700.00 19188610.00
15/05/2017 68.19 68.18 68.61 68.61 59 109000.00 7470922.00
16/05/2017 68.75 68.75 68.75 68.75 2 211500.00 14540625.00
17/05/2017 67.48 67.48 67.67 67.67 9 50860.00 3436934.80
18/05/2017 62.15 61.38 62.15 61.71 11 45330.00 2799485.20
19/05/2017 62.70 62.70 62.70 62.70 2 3600.00 225720.00
22/05/2017 61.67 61.60 61.80 61.80 8 28170.00 1737522.00
23/05/2017 62.72 62.72 62.72 62.72 4 17300.00 1085056.00
24/05/2017 63.10 63.10 63.84 63.38 39 78710.00 4987856.40
25/05/2017 63.29 63.29 63.29 63.29 2 3200.00 202528.00
26/05/2017 64.15 64.15 64.15 64.15 3 13000.00 833950.00
29/05/2017 63.83 63.83 63.83 63.83 13 159200.00 10161736.00
30/05/2017 64.09 64.09 64.09 64.09 2 9800.00 628082.00
31/05/2017 63.34 62.78 63.34 62.78 12 103520.00 6512356.80
01/06/2017 62.35 62.35 62.35 62.35 3 140200.00 8741470.00
02/06/2017 62.77 62.38 62.85 62.58 20 262780.00 16446210.40
05/06/2017 62.58 62.58 62.58 62.58 3 25800.00 1614564.00
06/06/2017 63.08 63.08 63.08 63.08 2 4300.00 271244.00
07/06/2017 63.24 63.24 63.24 63.24 3 87600.00 5539824.00
08/06/2017 62.88 62.88 62.88 62.88 3 12600.00 792288.00
09/06/2017 62.33 62.33 62.33 62.33 4 20700.00 1290231.00
12/06/2017 62.20 61.53 62.20 61.82 7 55960.00 3459434.00
13/06/2017 61.74 61.74 61.89 61.89 5 231400.00 14321331.00
14/06/2017 62.33 61.99 62.33 61.99 11 484600.00 30040388.00
16/06/2017 61.75 61.75 61.75 61.75 2 7600.00 469300.00
