20/06/2016 1.52 1.52 1.52 1.52 6 800.00 1216.00
21/06/2016 1.51 1.50 1.52 1.51 6 1600.00 2418.00
22/06/2016 1.51 1.51 1.53 1.52 12 26900.00 40946.00
23/06/2016 1.50 1.50 1.56 1.56 8 9000.00 13681.00
24/06/2016 1.56 1.51 1.57 1.55 8 30600.00 47428.00
27/06/2016 1.54 1.49 1.54 1.50 25 31200.00 46996.00
28/06/2016 1.51 1.51 1.52 1.52 10 1800.00 2727.00
29/06/2016 1.56 1.50 1.58 1.50 14 36400.00 55703.00
30/06/2016 1.50 1.50 1.55 1.55 6 8900.00 13520.00
01/07/2016 1.55 1.51 1.56 1.56 25 15700.00 24057.00
04/07/2016 1.58 1.53 1.58 1.54 15 3800.00 5876.00
05/07/2016 1.52 1.48 1.53 1.53 20 27400.00 41138.00
06/07/2016 1.51 1.48 1.51 1.50 40 82800.00 124031.00
07/07/2016 1.49 1.47 1.50 1.50 12 18600.00 27699.00
08/07/2016 1.54 1.51 1.54 1.51 5 900.00 1365.00
11/07/2016 1.59 1.48 1.61 1.49 79 148600.00 224300.00
12/07/2016 1.52 1.45 1.52 1.45 45 129900.00 192275.00
13/07/2016 1.45 1.42 1.48 1.45 34 62300.00 90062.00
14/07/2016 1.48 1.44 1.50 1.50 8 18200.00 26932.00
15/07/2016 1.50 1.45 1.50 1.47 13 8400.00 12416.00
18/07/2016 1.48 1.45 1.48 1.46 7 12300.00 18094.00
19/07/2016 1.48 1.42 1.48 1.42 51 429400.00 610612.00
20/07/2016 1.42 1.40 1.43 1.40 39 123200.00 173222.00
21/07/2016 1.43 1.42 1.48 1.48 21 42600.00 62032.00
22/07/2016 1.50 1.47 1.55 1.53 35 52400.00 79767.00
25/07/2016 1.53 1.50 1.54 1.53 17 24600.00 37191.00
26/07/2016 1.53 1.48 1.53 1.53 21 31100.00 46945.00
27/07/2016 1.54 1.50 1.56 1.56 19 21000.00 32354.00
28/07/2016 1.56 1.52 1.56 1.52 15 21600.00 32884.00
29/07/2016 1.52 1.52 1.61 1.52 63 175300.00 274688.00
01/08/2016 1.52 1.52 1.61 1.52 56 117900.00 185760.00
02/08/2016 1.52 1.48 1.61 1.52 86 189800.00 295087.00
03/08/2016 1.53 1.53 1.61 1.56 122 164600.00 261008.00
04/08/2016 1.55 1.54 1.60 1.58 95 1274100.00 2012461.00
05/08/2016 1.59 1.53 1.59 1.57 110 194100.00 303103.00
08/08/2016 1.60 1.55 1.61 1.61 149 226700.00 357601.00
09/08/2016 1.61 1.58 1.69 1.58 420 768100.00 1248225.00
10/08/2016 1.57 1.51 1.61 1.53 150 154900.00 240717.00
11/08/2016 1.56 1.54 1.60 1.58 100 108700.00 171515.00
12/08/2016 1.57 1.55 1.63 1.55 66 92700.00 146035.00
15/08/2016 1.54 1.53 1.58 1.53 55 55400.00 85218.00
16/08/2016 1.58 1.52 1.58 1.55 28 42000.00 64753.00
17/08/2016 1.55 1.52 1.55 1.55 31 50800.00 77548.00
18/08/2016 1.52 1.52 1.56 1.52 42 27100.00 41408.00
19/08/2016 1.53 1.52 1.54 1.52 24 18600.00 28335.00
22/08/2016 1.55 1.52 1.55 1.52 37 64900.00 98980.00
23/08/2016 1.55 1.53 1.55 1.54 13 4800.00 7381.00
24/08/2016 1.54 1.52 1.55 1.53 12 17300.00 26646.00
25/08/2016 1.54 1.53 1.56 1.56 10 9000.00 13887.00
26/08/2016 1.53 1.52 1.55 1.53 22 13100.00 20103.00
29/08/2016 1.53 1.52 1.55 1.52 32 46900.00 71408.00
30/08/2016 1.52 1.52 1.55 1.52 11 3800.00 5826.00
31/08/2016 1.54 1.52 1.55 1.52 35 38900.00 59752.00
01/09/2016 1.52 1.52 1.54 1.52 32 35900.00 54944.00
02/09/2016 1.52 1.52 1.60 1.55 61 107400.00 167646.00
05/09/2016 1.55 1.55 1.65 1.62 48 104500.00 167955.00
06/09/2016 1.61 1.55 1.62 1.59 43 57500.00 91201.00
08/09/2016 1.62 1.57 1.65 1.64 57 67300.00 108136.00
09/09/2016 1.64 1.53 1.64 1.53 252 115600.00 181913.00
12/09/2016 1.55 1.51 1.55 1.51 53 177400.00 269893.00
13/09/2016 1.51 1.50 1.52 1.50 21 20600.00 31192.00
14/09/2016 1.51 1.50 1.64 1.64 46 102300.00 155543.00
15/09/2016 1.63 1.50 1.63 1.55 164 181300.00 279169.00
16/09/2016 1.57 1.50 1.58 1.53 220 133600.00 203922.00
19/09/2016 1.53 1.48 1.55 1.49 101 155500.00 233236.00
20/09/2016 1.50 1.48 1.56 1.55 88 104700.00 157808.00
21/09/2016 1.56 1.51 1.60 1.60 69 58300.00 89490.00
22/09/2016 1.59 1.50 1.59 1.51 66 93400.00 142390.00
23/09/2016 1.53 1.49 1.53 1.49 34 44200.00 66322.00
26/09/2016 1.49 1.49 1.50 1.49 14 6300.00 9436.00
27/09/2016 1.53 1.48 1.53 1.48 33 61600.00 91920.00
28/09/2016 1.48 1.48 1.53 1.53 12 2200.00 3298.00
29/09/2016 1.50 1.43 1.52 1.45 96 112600.00 165880.00
30/09/2016 1.47 1.44 1.47 1.44 42 257600.00 373747.00
03/10/2016 1.44 1.42 1.49 1.44 84 199500.00 287875.00
04/10/2016 1.44 1.40 1.45 1.44 49 77000.00 109154.00
05/10/2016 1.47 1.38 1.47 1.40 85 118700.00 166915.00
06/10/2016 1.42 1.40 1.42 1.41 41 55100.00 77245.00
07/10/2016 1.41 1.39 1.45 1.45 193 99900.00 139978.00
10/10/2016 1.45 1.39 1.45 1.40 58 98400.00 138540.00
11/10/2016 1.41 1.38 1.41 1.40 58 36700.00 51029.00
13/10/2016 1.41 1.38 1.42 1.38 32 15000.00 20873.00
14/10/2016 1.38 1.38 1.41 1.41 24 9000.00 12541.00
17/10/2016 1.41 1.38 1.41 1.39 24 22000.00 30725.00
18/10/2016 1.39 1.37 1.42 1.38 98 102300.00 142192.00
19/10/2016 1.39 1.36 1.39 1.38 61 73700.00 101240.00
20/10/2016 1.39 1.38 1.40 1.40 14 12000.00 16711.00
21/10/2016 1.42 1.38 1.42 1.40 13 16900.00 23562.00
24/10/2016 1.40 1.39 1.40 1.39 28 23800.00 33253.00
25/10/2016 1.40 1.38 1.40 1.40 24 28000.00 38825.00
26/10/2016 1.40 1.39 1.42 1.40 64 2779700.00 3892728.00
27/10/2016 1.40 1.40 1.53 1.53 350 622300.00 913573.00
28/10/2016 1.55 1.45 1.57 1.46 186 248600.00 372472.00
31/10/2016 1.46 1.40 1.46 1.40 149 221800.00 314063.00
01/11/2016 1.41 1.33 1.42 1.40 145 198300.00 274611.00
03/11/2016 1.41 1.38 1.41 1.39 66 59900.00 83228.00
04/11/2016 1.39 1.36 1.40 1.38 84 159700.00 220930.00
07/11/2016 1.39 1.38 1.50 1.49 184 234800.00 338391.00
08/11/2016 1.49 1.43 1.49 1.47 81 339600.00 496071.00
09/11/2016 1.41 1.39 1.46 1.46 136 118700.00 168898.00
10/11/2016 1.45 1.36 1.45 1.38 210 204900.00 284064.00
11/11/2016 1.38 1.38 1.39 1.38 42 64000.00 88350.00
14/11/2016 1.40 1.38 1.40 1.38 35 101500.00 140813.00
16/11/2016 1.39 1.38 1.39 1.39 17 22700.00 31425.00
17/11/2016 1.43 1.38 1.43 1.39 33 70500.00 98470.00
18/11/2016 1.42 1.38 1.42 1.38 17 8900.00 12430.00
21/11/2016 1.38 1.38 1.39 1.39 15 28700.00 39636.00
22/11/2016 1.39 1.37 1.39 1.37 60 108500.00 149480.00
23/11/2016 1.37 1.36 1.38 1.36 19 29700.00 40637.00
24/11/2016 1.37 1.36 1.37 1.37 9 6300.00 8579.00
25/11/2016 1.37 1.33 1.37 1.34 36 45600.00 61770.00
28/11/2016 1.35 1.31 1.36 1.31 112 139200.00 186143.00
29/11/2016 1.31 1.30 1.32 1.30 97 140700.00 183162.00
30/11/2016 1.30 1.28 1.39 1.38 109 91700.00 121137.00
01/12/2016 1.38 1.29 1.40 1.29 86 68300.00 91433.00
02/12/2016 1.35 1.30 1.36 1.32 53 61700.00 81689.00
05/12/2016 1.35 1.30 1.35 1.30 32 10600.00 13941.00
06/12/2016 1.34 1.29 1.34 1.29 91 46300.00 60316.00
07/12/2016 1.32 1.30 1.45 1.45 244 273100.00 381457.00
08/12/2016 1.45 1.41 1.47 1.45 107 46900.00 67241.00
09/12/2016 1.43 1.39 1.48 1.45 81 68100.00 97252.00
12/12/2016 1.45 1.39 1.45 1.41 77 226100.00 316591.00
13/12/2016 1.38 1.37 1.44 1.44 50 28300.00 39482.00
14/12/2016 1.44 1.32 1.44 1.32 96 79700.00 109399.00
15/12/2016 1.32 1.30 1.34 1.30 26 18400.00 24192.00
16/12/2016 1.39 1.31 1.39 1.31 52 63200.00 84112.00
19/12/2016 1.34 1.22 1.34 1.25 894 7911100.00 9887460.00
20/12/2016 1.27 1.18 1.28 1.28 149 646500.00 781405.00
21/12/2016 1.28 1.22 1.28 1.26 96 63400.00 78437.00
22/12/2016 1.26 1.20 1.26 1.21 112 149500.00 181444.00
23/12/2016 1.21 1.19 1.23 1.23 118 5455700.00 6547308.00
26/12/2016 1.23 1.21 1.31 1.29 113 124300.00 156380.00
27/12/2016 1.30 1.25 1.30 1.27 93 56400.00 71416.00
28/12/2016 1.28 1.25 1.28 1.28 95 355400.00 448057.00
29/12/2016 1.28 1.27 1.30 1.29 22 8500.00 10857.00
02/01/2017 1.30 1.28 1.30 1.29 17 4800.00 6174.00
03/01/2017 1.30 1.24 1.30 1.24 117 106500.00 133377.00
04/01/2017 1.25 1.23 1.28 1.23 74 59900.00 74889.00
05/01/2017 1.25 1.22 1.25 1.23 82 73300.00 90261.00
06/01/2017 1.29 1.24 1.29 1.24 60 28400.00 35434.00
09/01/2017 1.25 1.22 1.26 1.22 66 15100.00 18757.00
10/01/2017 1.23 1.22 1.26 1.23 61 34500.00 42530.00
11/01/2017 1.23 1.23 1.25 1.25 51 22800.00 28428.00
12/01/2017 1.27 1.24 1.32 1.25 78 192800.00 247557.00
13/01/2017 1.33 1.32 1.40 1.39 253 223700.00 307035.00
16/01/2017 1.41 1.41 1.50 1.48 222 193100.00 284220.00
17/01/2017 1.50 1.50 1.53 1.50 95 69100.00 104763.00
18/01/2017 1.51 1.51 1.58 1.58 85 113200.00 175559.00
19/01/2017 1.58 1.53 1.60 1.53 62 53100.00 83903.00
20/01/2017 1.52 1.52 1.59 1.57 61 67300.00 104711.00
23/01/2017 1.58 1.56 1.60 1.58 47 36400.00 57632.00
24/01/2017 1.62 1.55 1.62 1.55 50 44100.00 70650.00
26/01/2017 1.58 1.56 1.59 1.57 31 25300.00 40015.00
27/01/2017 1.59 1.58 1.70 1.69 72 58200.00 93550.00
30/01/2017 1.73 1.58 1.73 1.61 208 96000.00 158994.00
31/01/2017 1.63 1.59 1.66 1.60 81 118400.00 192538.00
01/02/2017 1.60 1.60 2.07 1.97 1103 877200.00 1619045.00
02/02/2017 2.00 1.97 2.46 2.35 2597 2710000.00 6086990.00
03/02/2017 2.35 2.17 2.43 2.21 795 709200.00 1601136.00
06/02/2017 2.25 2.20 2.29 2.22 460 296300.00 661563.00
07/02/2017 2.24 2.13 2.27 2.22 402 340100.00 747071.00
08/02/2017 2.22 2.14 2.23 2.20 279 269800.00 586590.00
09/02/2017 2.20 2.16 2.21 2.16 285 252200.00 553095.00
10/02/2017 2.20 2.18 2.20 2.20 251 162700.00 357267.00
13/02/2017 2.24 2.22 2.29 2.25 338 268300.00 603785.00
14/02/2017 2.28 2.28 2.87 2.64 1400 1200200.00 3067074.00
15/02/2017 2.74 2.55 2.78 2.68 852 1062600.00 2852226.00
16/02/2017 2.71 2.52 2.78 2.63 581 529700.00 1384168.00
17/02/2017 2.64 2.55 2.69 2.65 232 383400.00 1012703.00
20/02/2017 2.68 2.65 2.80 2.71 441 788400.00 2165516.00
21/02/2017 2.79 2.72 2.80 2.75 357 225600.00 623866.00
22/02/2017 2.80 2.76 2.85 2.76 399 671600.00 1885077.00
23/02/2017 2.82 2.58 2.84 2.64 352 339400.00 932112.00
24/02/2017 2.70 2.42 2.70 2.65 318 350100.00 882202.00
01/03/2017 2.68 2.68 2.79 2.72 139 96200.00 262591.00
02/03/2017 2.73 2.64 2.76 2.65 149 98600.00 266033.00
03/03/2017 2.75 2.61 2.75 2.70 229 172400.00 457150.00
06/03/2017 2.73 2.64 2.73 2.64 147 83200.00 222129.00
07/03/2017 2.68 2.48 2.68 2.54 286 240500.00 610270.00
08/03/2017 2.63 2.31 2.63 2.36 310 270900.00 651980.00
09/03/2017 2.36 2.20 2.38 2.32 399 175500.00 403092.00
10/03/2017 2.47 2.31 2.51 2.51 437 190200.00 453965.00
13/03/2017 2.52 2.30 2.52 2.42 460 282100.00 671777.00
14/03/2017 2.41 2.34 2.41 2.35 285 88900.00 210636.00
15/03/2017 2.36 2.30 2.37 2.30 415 200300.00 465239.00
16/03/2017 2.32 2.32 2.44 2.34 212 59900.00 140723.00
17/03/2017 2.34 2.28 2.36 2.29 193 121100.00 278853.00
20/03/2017 2.27 2.21 2.30 2.29 375 104400.00 236334.00
21/03/2017 2.29 2.22 2.31 2.22 406 108900.00 245236.00
22/03/2017 2.23 2.20 2.29 2.22 402 101100.00 225105.00
23/03/2017 2.21 2.10 2.24 2.10 387 88200.00 192759.00
24/03/2017 2.11 2.11 2.16 2.12 276 85200.00 182616.00
27/03/2017 2.12 2.06 2.24 2.22 372 135300.00 287488.00
28/03/2017 2.23 2.09 2.23 2.10 411 206600.00 437899.00
29/03/2017 2.12 2.08 2.16 2.08 372 89900.00 190095.00
30/03/2017 2.09 2.07 2.11 2.07 163 46700.00 97412.00
31/03/2017 2.07 2.07 2.24 2.19 262 237200.00 518429.00
03/04/2017 2.19 2.17 2.25 2.20 250 93000.00 205367.00
04/04/2017 2.20 2.15 2.20 2.16 180 67200.00 145926.00
05/04/2017 2.15 2.08 2.15 2.08 215 93600.00 197811.00
06/04/2017 2.09 2.04 2.11 2.05 170 65300.00 135338.00
07/04/2017 2.04 2.02 2.12 2.05 201 84700.00 173336.00
10/04/2017 2.10 2.04 2.10 2.04 63 45900.00 94126.00
11/04/2017 2.04 2.03 2.07 2.06 59 31200.00 63769.00
12/04/2017 2.06 2.02 2.06 2.04 73 106000.00 216855.00
13/04/2017 2.05 1.87 2.05 1.97 186 243000.00 483364.00
17/04/2017 2.00 1.93 2.06 2.06 73 71300.00 141393.00
18/04/2017 2.06 1.97 2.06 1.98 166 441300.00 901404.00
19/04/2017 1.90 1.84 2.05 1.90 411 541800.00 1045470.00
20/04/2017 1.91 1.84 1.96 1.85 168 209400.00 394291.00
24/04/2017 1.85 1.80 1.94 1.81 164 210300.00 393540.00
25/04/2017 1.82 1.81 1.89 1.83 260 149500.00 273258.00
26/04/2017 1.85 1.80 1.86 1.80 67 60000.00 109248.00
27/04/2017 1.89 1.85 1.95 1.86 367 349600.00 668673.00
28/04/2017 1.94 1.87 1.94 1.88 77 65500.00 123824.00
02/05/2017 1.88 1.87 1.92 1.87 122 128100.00 242059.00
03/05/2017 1.93 1.84 1.93 1.88 88 68300.00 128616.00
04/05/2017 1.88 1.81 1.88 1.82 87 97600.00 180039.00
05/05/2017 1.90 1.81 1.90 1.90 71 75100.00 140141.00
08/05/2017 1.91 1.85 1.91 1.90 140 212700.00 402576.00
09/05/2017 1.90 1.87 1.90 1.90 105 140000.00 265299.00
10/05/2017 1.90 1.90 2.03 2.02 535 803800.00 1598145.00
11/05/2017 2.05 2.05 2.15 2.13 599 1538100.00 3245837.00
12/05/2017 2.16 2.03 2.18 2.10 280 354900.00 749819.00
15/05/2017 2.14 2.08 2.15 2.10 457 373500.00 792726.00
16/05/2017 2.10 2.08 2.11 2.08 110 130800.00 273581.00
17/05/2017 2.12 2.03 2.12 2.07 91 75300.00 155438.00
18/05/2017 1.80 1.80 1.89 1.84 268 302400.00 554997.00
19/05/2017 1.87 1.86 1.95 1.89 169 120400.00 226838.00
22/05/2017 1.88 1.67 1.88 1.73 298 414200.00 724087.00
23/05/2017 1.78 1.74 1.85 1.75 202 158200.00 283856.00
24/05/2017 1.84 1.80 1.89 1.80 118 142200.00 262345.00
25/05/2017 1.80 1.79 1.88 1.87 87 89300.00 164583.00
26/05/2017 1.89 1.82 1.89 1.82 97 102800.00 192004.00
29/05/2017 1.83 1.83 1.87 1.86 45 43800.00 81082.00
30/05/2017 1.86 1.81 1.86 1.85 82 95000.00 173955.00
31/05/2017 1.82 1.80 1.89 1.80 89 195500.00 358074.00
01/06/2017 1.80 1.79 1.86 1.80 52 41300.00 74540.00
02/06/2017 1.82 1.79 1.83 1.83 51 60400.00 109254.00
05/06/2017 1.81 1.77 1.95 1.92 107 223900.00 414092.00
06/06/2017 1.92 1.86 1.93 1.87 113 106000.00 201106.00
07/06/2017 1.85 1.84 1.90 1.85 75 139200.00 259447.00
08/06/2017 1.85 1.81 1.85 1.82 51 63900.00 116349.00
09/06/2017 1.80 1.80 1.84 1.81 52 39900.00 72300.00
12/06/2017 1.81 1.78 1.83 1.79 41 40100.00 71980.00
13/06/2017 1.83 1.79 1.88 1.81 79 63500.00 115478.00
14/06/2017 1.86 1.78 1.86 1.81 84 118600.00 213006.00
16/06/2017 1.83 1.78 1.83 1.78 46 32200.00 57826.00
