20/06/2016 41.00 41.00 41.00 41.00 1 10.00 410.00
21/06/2016 40.66 40.66 40.95 40.95 3 200.00 8141.90
22/06/2016 41.40 41.00 41.82 41.00 3 380.00 15757.40
23/06/2016 41.35 41.35 42.01 42.01 5 490.00 20494.70
24/06/2016 40.81 40.72 40.88 40.80 11 6080.00 248394.10
27/06/2016 40.25 40.25 40.25 40.25 1 300.00 12075.00
28/06/2016 40.92 40.83 40.92 40.83 3 1900.00 77731.80
29/06/2016 41.40 41.40 41.40 41.40 1 410.00 16974.00
30/06/2016 42.18 42.09 42.18 42.18 6 1010.00 42554.80
01/07/2016 42.55 42.51 42.57 42.51 3 110.00 4680.10
04/07/2016 43.19 43.06 43.19 43.06 2 170.00 7326.70
06/07/2016 41.88 41.88 42.40 42.40 2 190.00 8004.00
08/07/2016 43.22 43.22 43.26 43.26 2 170.00 7351.40
11/07/2016 44.00 44.00 44.14 44.14 4 380.00 16730.40
12/07/2016 44.73 44.70 44.73 44.70 2 70.00 3130.20
13/07/2016 44.35 44.35 44.35 44.35 1 80.00 3548.00
14/07/2016 45.26 45.26 45.26 45.26 1 60.00 2715.60
15/07/2016 45.24 45.21 45.47 45.47 5 700.00 31742.20
18/07/2016 45.85 45.85 46.05 46.05 3 180.00 8283.00
20/07/2016 46.42 46.42 46.42 46.42 1 110.00 5106.20
21/07/2016 46.42 46.42 46.42 46.42 2 210.00 9748.20
22/07/2016 46.58 46.58 46.74 46.74 3 220.00 10258.80
25/07/2016 46.43 46.41 46.43 46.41 2 120.00 5570.80
27/07/2016 46.65 46.65 46.65 46.65 1 10.00 466.50
29/07/2016 46.40 46.40 46.80 46.80 3 210.00 9805.80
01/08/2016 46.84 46.50 46.84 46.50 4 370.00 17309.80
02/08/2016 46.36 45.74 46.36 45.74 4 400.00 18399.80
03/08/2016 46.07 46.07 46.55 46.55 7 510.00 23626.60
04/08/2016 47.12 46.93 47.27 47.19 4 240.00 11310.50
08/08/2016 47.27 47.27 47.35 47.30 4 2190.00 103672.60
09/08/2016 47.27 47.27 47.27 47.27 1 80.00 3781.60
10/08/2016 47.44 47.05 47.44 47.05 2 420.00 19913.10
11/08/2016 47.18 47.18 47.43 47.43 2 80.00 3779.40
12/08/2016 47.91 47.67 47.94 47.70 6 3200.00 152597.20
15/08/2016 48.15 48.15 48.33 48.33 3 190.00 9170.70
16/08/2016 48.29 48.29 48.35 48.35 2 100.00 4830.80
19/08/2016 48.07 48.06 48.41 48.41 6 370.00 17829.20
22/08/2016 47.82 47.20 47.82 47.20 7 490.00 23314.00
23/08/2016 47.72 47.72 47.72 47.72 1 310.00 14793.20
24/08/2016 47.40 47.10 47.64 47.56 5 580.00 27468.00
25/08/2016 46.22 46.22 47.40 47.20 5 120560.00 5690324.40
26/08/2016 47.46 47.30 47.83 47.31 8 18140.00 861180.10
29/08/2016 47.71 47.71 48.22 47.94 8 940.00 45027.20
30/08/2016 47.89 47.89 47.90 47.90 2 110.00 5268.80
31/08/2016 48.07 47.22 48.07 47.45 6 1700.00 80675.30
01/09/2016 47.51 47.51 47.66 47.66 2 180.00 8568.30
02/09/2016 48.36 48.36 48.51 48.51 5 1920.00 92913.80
05/09/2016 49.00 48.70 49.05 48.70 4 120.00 5870.70
06/09/2016 49.12 49.10 49.12 49.10 2 80.00 3928.40
08/09/2016 49.07 49.07 49.40 49.40 4 270.00 13298.70
09/09/2016 48.52 47.75 48.52 47.75 4 130.00 6237.80
12/09/2016 47.40 47.40 47.59 47.59 3 2160.00 102393.50
13/09/2016 46.63 46.63 46.63 46.63 1 180.00 8393.40
14/09/2016 46.00 46.00 46.88 46.88 5 670.00 31279.50
15/09/2016 47.00 47.00 47.46 47.46 3 230.00 10895.40
16/09/2016 46.99 46.70 46.99 46.73 4 18110.00 846310.90
19/09/2016 47.30 47.17 47.30 47.17 2 70.00 3308.40
20/09/2016 47.26 47.26 47.26 47.26 1 40.00 1890.40
22/09/2016 48.61 48.43 48.62 48.43 3 90.00 4370.00
23/09/2016 48.17 47.87 48.17 47.90 4 140.00 6733.10
26/09/2016 47.61 47.47 47.67 47.47 7 650.00 30879.30
27/09/2016 47.59 47.59 47.59 47.59 1 80.00 3807.20
28/09/2016 48.57 48.57 48.57 48.57 1 20.00 971.40
30/09/2016 47.90 47.75 47.90 47.75 2 60.00 2872.50
03/10/2016 48.50 48.50 48.58 48.58 5 580.00 28162.80
05/10/2016 49.32 49.32 49.32 49.32 1 40.00 1972.80
06/10/2016 49.23 49.23 49.50 49.50 2 110.00 5423.40
07/10/2016 49.82 49.82 49.88 49.84 5 260.00 12958.90
10/10/2016 50.40 50.17 50.40 50.21 8 380.00 19121.00
11/10/2016 49.95 49.70 49.96 49.70 5 260.00 12969.20
13/10/2016 49.51 49.44 50.00 50.00 8 1160.00 57725.00
17/10/2016 50.39 50.39 50.96 50.87 7 430.00 21846.20
18/10/2016 51.34 51.34 52.03 52.03 6 500.00 25844.70
19/10/2016 52.03 52.03 52.06 52.06 2 140.00 7285.40
20/10/2016 51.26 51.26 51.90 51.90 3 210.00 10833.40
21/10/2016 51.71 51.71 52.28 52.28 3 190.00 9859.10
24/10/2016 52.30 52.14 52.31 52.25 6 280.00 14626.70
25/10/2016 51.90 51.76 51.92 51.92 4 140.00 7256.30
26/10/2016 51.86 51.85 51.90 51.85 3 140.00 7261.60
27/10/2016 52.47 52.47 52.47 52.47 1 100.00 5247.00
28/10/2016 52.60 52.56 52.60 52.56 2 40.00 2103.20
31/10/2016 52.73 52.73 52.73 52.73 3 60.00 3163.80
01/11/2016 52.75 51.40 52.75 51.56 7 530.00 27414.80
03/11/2016 51.65 51.65 51.65 51.65 1 20.00 1033.00
04/11/2016 50.57 50.10 50.86 50.10 6 1450.00 73331.90
07/11/2016 51.81 51.81 51.87 51.82 3 680.00 35265.70
08/11/2016 51.77 51.69 51.84 51.69 3 90.00 4658.30
09/11/2016 51.04 51.00 52.21 51.53 7 420.00 21603.30
10/11/2016 51.33 50.19 51.33 50.19 3 250.00 12632.30
11/11/2016 48.33 47.95 48.33 47.95 3 160.00 7721.40
14/11/2016 47.99 47.72 48.32 48.22 8 670.00 32202.10
16/11/2016 48.59 48.59 49.33 49.33 2 60.00 2937.60
17/11/2016 49.09 49.02 49.36 49.02 4 120.00 5900.00
18/11/2016 49.36 48.41 49.36 48.73 8 220.00 10699.80
21/11/2016 49.36 49.24 49.53 49.33 7 320.00 15790.20
22/11/2016 50.43 49.99 50.53 50.11 7 210.00 10549.60
23/11/2016 49.73 49.73 50.07 50.07 7 200.00 9981.70
24/11/2016 50.09 50.03 50.15 50.03 8 4110.00 206103.20
25/11/2016 49.83 49.76 49.83 49.76 2 80.00 3982.90
28/11/2016 50.45 50.45 50.66 50.66 2 110.00 5566.30
29/11/2016 50.54 50.17 50.55 50.17 11 360.00 18145.30
30/11/2016 50.41 50.20 50.54 50.20 3 70.00 3533.10
01/12/2016 49.50 48.12 49.50 48.12 7 330.00 16091.30
02/12/2016 47.35 47.35 48.75 48.75 5 170.00 8191.70
05/12/2016 50.10 48.40 50.10 48.73 8 440.00 21430.50
06/12/2016 48.59 48.59 49.34 49.34 5 250.00 12215.70
07/12/2016 49.96 49.63 49.96 49.67 6 510.00 25372.50
08/12/2016 49.78 49.15 49.78 49.15 5 110.00 5431.70
09/12/2016 49.25 49.12 49.34 49.34 8 340.00 16737.60
12/12/2016 48.84 47.98 48.84 47.98 5 150.00 7274.70
13/12/2016 47.91 47.91 48.36 48.02 6 250.00 12010.70
14/12/2016 47.70 47.70 48.02 47.98 16 3490.00 167218.60
15/12/2016 47.40 47.03 47.52 47.52 9 650.00 30753.60
16/12/2016 47.70 47.66 47.86 47.66 6 250.00 11937.60
19/12/2016 48.95 46.70 48.95 46.70 11 560.00 26396.70
20/12/2016 46.99 46.64 47.07 46.68 6 420.00 19635.40
21/12/2016 46.91 46.75 46.91 46.75 3 120.00 5617.60
22/12/2016 46.70 46.51 46.72 46.62 5 1250.00 58365.60
23/12/2016 47.02 47.02 47.26 47.15 7 400.00 18860.20
26/12/2016 47.70 47.69 47.77 47.77 5 240.00 11453.80
27/12/2016 47.80 47.55 47.80 47.55 5 170.00 8110.10
28/12/2016 48.03 48.03 48.55 48.55 4 190.00 9138.70
29/12/2016 49.91 48.41 49.91 48.90 5 90.00 4403.60
02/01/2017 48.53 48.33 48.66 48.50 7 280.00 13593.90
03/01/2017 49.50 49.50 50.07 49.93 5 250.00 12496.20
04/01/2017 50.20 49.93 50.20 50.08 9 530.00 26499.70
05/01/2017 50.20 50.17 50.66 50.66 9 320.00 16132.40
06/01/2017 50.66 50.01 50.66 50.01 6 350.00 17558.90
09/01/2017 50.33 50.29 50.38 50.38 5 510.00 25661.40
10/01/2017 50.59 50.37 50.59 50.37 6 160.00 8084.00
11/01/2017 50.61 50.61 50.61 50.61 1 40.00 2024.40
12/01/2017 51.88 51.82 52.00 51.97 8 280.00 14545.60
13/01/2017 51.67 51.56 51.67 51.56 4 150.00 7741.50
16/01/2017 51.55 51.55 51.85 51.71 11 920.00 47613.40
17/01/2017 51.58 51.58 52.15 52.15 3 60.00 3104.90
18/01/2017 52.21 52.16 52.39 52.23 10 320.00 16721.80
19/01/2017 52.12 51.60 52.12 51.60 6 1480.00 76575.80
20/01/2017 52.03 52.03 52.35 52.35 9 1670.00 86982.70
23/01/2017 52.58 52.58 53.25 53.25 8 940.00 50006.60
24/01/2017 53.33 53.23 53.46 53.43 11 3090.00 164850.00
26/01/2017 53.76 53.66 53.92 53.70 9 510.00 27430.00
27/01/2017 53.50 53.46 53.61 53.57 9 470.00 25144.80
30/01/2017 53.25 52.12 53.25 52.12 3 300.00 15866.80
31/01/2017 52.37 52.37 52.46 52.46 2 90.00 4717.80
01/02/2017 52.94 52.72 52.94 52.72 5 470.00 24792.30
02/02/2017 52.71 52.55 52.71 52.55 7 680.00 35807.50
03/02/2017 52.44 52.42 52.77 52.67 6 230.00 12114.50
06/02/2017 52.39 52.27 52.45 52.27 4 100.00 5239.60
07/02/2017 52.40 52.01 52.51 52.01 8 450.00 23573.90
08/02/2017 52.03 51.93 52.36 52.36 5 210.00 10971.80
09/02/2017 52.79 52.57 52.96 52.57 5 210.00 11096.10
10/02/2017 53.10 53.10 53.72 53.72 7 190.00 10134.70
13/02/2017 54.18 54.10 54.18 54.13 6 160.00 8663.10
14/02/2017 54.27 53.90 54.35 54.35 6 130.00 7049.90
15/02/2017 54.34 54.34 55.09 55.09 2 70.00 3841.30
16/02/2017 55.20 54.99 55.20 54.99 6 80.00 4404.50
17/02/2017 54.56 54.56 54.97 54.97 4 110.00 6011.30
20/02/2017 55.59 55.59 55.66 55.62 7 260.00 14464.10
21/02/2017 55.98 55.74 55.98 55.91 8 230.00 12851.90
22/02/2017 55.50 55.44 55.50 55.49 4 100.00 5548.20
23/02/2017 54.77 54.77 54.77 54.77 1 20.00 1095.40
24/02/2017 54.37 54.14 54.39 54.15 8 370.00 20058.10
01/03/2017 54.48 54.36 54.48 54.39 5 320.00 17410.10
02/03/2017 54.04 53.47 54.04 53.61 11 690.00 37066.00
03/03/2017 53.78 53.78 54.20 54.18 21 2130.00 114799.70
06/03/2017 54.00 53.84 54.03 53.89 14 650.00 35060.00
07/03/2017 53.81 53.63 53.81 53.72 7 250.00 13427.50
08/03/2017 53.15 52.64 53.21 52.83 16 1970.00 104085.70
09/03/2017 52.80 52.42 52.85 52.42 5 140.00 7366.50
10/03/2017 53.08 52.56 53.09 52.75 5 220.00 11643.10
13/03/2017 52.97 52.95 53.29 53.28 7 200.00 10609.90
14/03/2017 53.28 52.83 53.28 52.88 12 840.00 44616.90
15/03/2017 52.62 52.62 53.23 53.23 8 230.00 12151.00
16/03/2017 53.80 53.48 53.80 53.50 5 130.00 6961.70
17/03/2017 53.29 52.35 53.29 52.41 11 800.00 42265.30
20/03/2017 52.51 52.51 52.54 52.54 2 40.00 2101.00
21/03/2017 52.25 51.34 52.25 51.37 10 780.00 40290.70
22/03/2017 51.20 51.20 51.54 51.54 4 90.00 4618.00
23/03/2017 51.00 51.00 51.50 51.50 2 20.00 1025.00
24/03/2017 51.93 51.87 51.97 51.87 5 210.00 10905.30
27/03/2017 52.19 52.19 52.26 52.26 2 50.00 2610.90
28/03/2017 52.74 52.74 52.74 52.74 1 50.00 2637.00
29/03/2017 53.04 53.03 53.23 53.23 3 120.00 6381.80
30/03/2017 53.20 53.05 53.20 53.08 5 370.00 19638.40
31/03/2017 53.05 52.80 53.11 52.80 8 250.00 13252.90
03/04/2017 53.10 52.92 53.10 53.00 7 500.00 26499.60
04/04/2017 52.98 52.96 53.33 53.32 7 370.00 19661.60
05/04/2017 53.59 52.60 53.64 52.61 8 390.00 20742.50
06/04/2017 52.54 51.99 52.54 52.06 7 460.00 23997.70
07/04/2017 52.52 52.35 52.69 52.38 8 400.00 21029.40
10/04/2017 52.42 52.30 52.52 52.52 6 140.00 7344.40
11/04/2017 52.04 51.79 52.60 52.60 3 140.00 7276.80
12/04/2017 52.41 52.15 52.41 52.23 10 700.00 36572.10
13/04/2017 52.02 51.48 52.02 51.51 11 2270.00 117016.40
17/04/2017 51.84 51.66 52.10 52.10 10 1700.00 88366.40
18/04/2017 52.07 52.03 52.41 52.33 9 400.00 20872.20
19/04/2017 54.68 51.63 54.68 51.69 8 250.00 13092.10
20/04/2017 51.78 51.73 52.09 51.91 6 610.00 31625.00
24/04/2017 52.85 52.51 52.85 52.51 5 140.00 7367.80
25/04/2017 52.51 52.10 52.91 52.91 11 540.00 28343.40
26/04/2017 52.98 52.95 53.27 52.97 9 260.00 13786.00
27/04/2017 53.12 52.50 53.12 52.74 8 600.00 31596.00
28/04/2017 52.74 52.74 53.35 53.35 10 910.00 48389.80
02/05/2017 53.36 53.36 54.54 54.40 12 880.00 47534.50
03/05/2017 54.38 53.98 54.38 54.07 13 950.00 51389.50
04/05/2017 53.54 53.04 53.59 53.04 5 280.00 14945.00
05/05/2017 53.48 53.48 53.78 53.78 8 650.00 34878.90
08/05/2017 53.78 53.51 53.86 53.60 12 570.00 30565.90
09/05/2017 54.06 54.06 54.29 54.29 13 550.00 29794.00
10/05/2017 55.23 54.99 55.26 55.07 8 440.00 24293.00
11/05/2017 55.08 55.05 55.39 55.39 11 740.00 40867.20
12/05/2017 55.73 55.68 55.80 55.68 8 510.00 28414.40
15/05/2017 55.88 55.77 56.00 55.93 17 740.00 41351.10
16/05/2017 55.99 55.79 56.05 55.98 9 680.00 38054.20
17/05/2017 55.95 55.05 55.95 55.05 11 710.00 39414.40
18/05/2017 51.50 50.24 53.00 50.60 16 610.00 31248.10
19/05/2017 51.19 51.10 51.73 51.13 16 1500.00 77023.30
22/05/2017 50.66 50.01 51.00 50.36 14 360.00 18178.10
23/05/2017 51.14 51.14 52.77 51.23 11 350.00 18026.50
24/05/2017 51.99 51.96 52.41 52.00 6 150.00 7811.00
25/05/2017 50.61 50.61 52.33 51.63 9 570.00 29369.50
26/05/2017 52.36 52.30 52.45 52.31 8 1030.00 53915.90
29/05/2017 52.28 52.12 52.35 52.27 10 810.00 42261.50
30/05/2017 52.32 52.32 52.49 52.40 10 940.00 49239.80
31/05/2017 52.18 51.38 52.18 51.38 7 750.00 38901.80
01/06/2017 51.52 51.03 51.80 51.03 14 1110.00 56996.80
02/06/2017 51.10 51.04 51.25 51.25 10 530.00 27096.10
05/06/2017 51.33 51.15 51.33 51.16 6 280.00 14355.60
06/06/2017 51.27 51.27 51.58 51.58 5 140.00 7199.60
07/06/2017 52.09 51.74 52.18 51.74 13 450.00 23351.20
08/06/2017 50.29 50.29 51.38 51.38 7 630.00 32054.70
09/06/2017 51.63 51.23 51.63 51.23 3 50.00 2570.20
12/06/2017 50.53 50.53 50.59 50.59 3 280.00 14155.00
13/06/2017 50.89 50.58 50.89 50.79 9 290.00 14705.40
14/06/2017 50.79 50.66 50.79 50.66 2 50.00 2536.90
16/06/2017 50.58 50.58 50.60 50.60 3 420.00 21246.80
