28/11/2016 10737.00 10737.00 10737.00 10737.00 2 266.00 28560420.00
30/11/2016 10643.00 10643.00 10643.00 10643.00 4 533.00 56727190.00
01/12/2016 10173.00 10173.00 10173.00 10173.00 1 10.00 1017300.00
08/12/2016 10314.00 10314.00 10314.00 10314.00 1 11.00 1134540.00
09/12/2016 10287.00 10287.00 10287.00 10287.00 1 303.00 31169610.00
19/12/2016 9676.00 9676.00 9676.00 9676.00 1 26.00 2515760.00
20/12/2016 9752.00 9752.00 9752.00 9752.00 1 25.00 2438000.00
22/12/2016 9715.00 9707.00 9715.00 9707.00 4 9.00 874030.00
23/12/2016 9795.00 9795.00 9825.00 9821.00 4 17.00 1668010.00
26/12/2016 9929.00 9929.00 9929.00 9929.00 1 11.00 1092190.00
27/12/2016 9928.00 9928.00 9928.00 9928.00 1 2.00 198560.00
28/12/2016 10113.00 10113.00 10113.00 10113.00 1 5.00 505650.00
29/12/2016 10168.00 10168.00 10168.00 10168.00 1 13.00 1321840.00
03/01/2017 10435.00 10435.00 10435.00 10435.00 2 11.00 1147850.00
04/01/2017 10400.00 10377.00 10400.00 10377.00 2 7.00 726620.00
05/01/2017 10417.00 10417.00 10417.00 10417.00 1 2.00 208340.00
06/01/2017 10391.00 10391.00 10391.00 10391.00 1 5.00 519550.00
09/01/2017 10395.00 10395.00 10395.00 10395.00 1 3.00 311850.00
10/01/2017 10452.00 10452.00 10452.00 10452.00 2 29.00 3031080.00
11/01/2017 10506.00 10506.00 10506.00 10506.00 1 2.00 210120.00
12/01/2017 10747.00 10747.00 10747.00 10747.00 1 10.00 1074700.00
16/01/2017 10709.00 10709.00 10709.00 10709.00 1 6.00 642540.00
17/01/2017 10789.00 10789.00 10789.00 10789.00 1 5.00 539450.00
19/01/2017 10714.00 10714.00 10714.00 10714.00 1 78.00 8356920.00
23/01/2017 10994.00 10994.00 10994.00 10994.00 1 3.00 329820.00
26/01/2017 11057.00 11057.00 11057.00 11057.00 5 407.00 45001990.00
27/01/2017 11028.00 11028.00 11028.00 11028.00 6 404.00 44553120.00
30/01/2017 10736.00 10736.00 10736.00 10736.00 5 415.00 44554400.00
