26/01/2017 11242.00 11242.00 11242.00 11242.00 5 401.00 45080420.00
27/01/2017 11216.00 11216.00 11216.00 11216.00 4 395.00 44303200.00
30/01/2017 10920.00 10920.00 10920.00 10920.00 5 409.00 44662800.00
01/02/2017 10999.00 10999.00 10999.00 10999.00 1 80.00 8799200.00
02/02/2017 10985.00 10985.00 10990.00 10990.00 2 2.00 219750.00
06/02/2017 10832.00 10832.00 10832.00 10832.00 1 1.00 108320.00
07/02/2017 10856.00 10856.00 10856.00 10856.00 1 1.00 108560.00
08/02/2017 10974.00 10974.00 10974.00 10974.00 1 100.00 10974000.00
10/02/2017 11163.00 11163.00 11163.00 11163.00 1 1.00 111630.00
13/02/2017 11304.00 11304.00 11304.00 11304.00 2 11.00 1243440.00
14/02/2017 11258.00 11258.00 11258.00 11258.00 2 131.00 14747980.00
16/02/2017 11424.00 11424.00 11424.00 11424.00 1 13.00 1485120.00
17/02/2017 11414.00 11414.00 11414.00 11414.00 1 8.00 913120.00
20/02/2017 11537.00 11537.00 11537.00 11537.00 1 20.00 2307400.00
21/02/2017 11612.00 11612.00 11625.00 11625.00 4 154.00 17900940.00
22/02/2017 11551.00 11551.00 11551.00 11551.00 1 1.00 115510.00
24/02/2017 11205.00 11205.00 11205.00 11205.00 1 1.00 112050.00
02/03/2017 11061.00 11061.00 11061.00 11061.00 1 37.00 4092570.00
03/03/2017 11213.00 11213.00 11213.00 11213.00 2 9.00 1009170.00
06/03/2017 11123.00 11123.00 11123.00 11123.00 1 9.00 1001070.00
07/03/2017 11029.00 11029.00 11029.00 11029.00 1 4.00 441160.00
09/03/2017 10788.00 10788.00 10788.00 10788.00 1 22.00 2373360.00
10/03/2017 10852.00 10852.00 10852.00 10852.00 2 2.00 217040.00
13/03/2017 10983.00 10983.00 10983.00 10983.00 1 2.00 219660.00
14/03/2017 10836.00 10836.00 10836.00 10836.00 2 2.00 216720.00
16/03/2017 11015.00 11015.00 11015.00 11015.00 2 12.00 1321800.00
17/03/2017 10742.00 10742.00 10742.00 10742.00 1 21.00 2255820.00
20/03/2017 10857.00 10857.00 10857.00 10857.00 1 11.00 1194270.00
21/03/2017 10531.00 10531.00 10531.00 10531.00 1 13.00 1369030.00
22/03/2017 10623.00 10623.00 10623.00 10623.00 1 1.00 106230.00
23/03/2017 10620.00 10618.00 10620.00 10618.00 2 5.00 530980.00
24/03/2017 10672.00 10672.00 10672.00 10672.00 1 6.00 640320.00
27/03/2017 10741.00 10741.00 10745.00 10745.00 2 2.00 214860.00
28/03/2017 10808.00 10808.00 10808.00 10808.00 2 253.00 27344240.00
29/03/2017 10961.00 10958.00 10961.00 10958.00 2 250.00 27399770.00
30/03/2017 10907.00 10907.00 10907.00 10907.00 2 211.00 23013770.00
