28/03/2017 10972.00 10972.00 10986.00 10986.00 2 238.00 26126800.00
29/03/2017 11123.00 11123.00 11139.00 11139.00 2 239.00 26621410.00
30/03/2017 11123.00 11070.00 11123.00 11087.00 3 220.00 24373560.00
31/03/2017 11029.00 11029.00 11029.00 11029.00 1 3.00 330870.00
03/04/2017 11070.00 11070.00 11070.00 11070.00 1 2.00 221400.00
05/04/2017 10992.00 10992.00 10992.00 10992.00 1 3.00 329760.00
06/04/2017 10898.00 10898.00 10898.00 10898.00 1 11.00 1198780.00
07/04/2017 10940.00 10940.00 10940.00 10940.00 1 8.00 875200.00
10/04/2017 10967.00 10967.00 10967.00 10967.00 1 4.00 438680.00
11/04/2017 10911.00 10911.00 10911.00 10911.00 1 2.00 218220.00
12/04/2017 10829.00 10829.00 10829.00 10829.00 1 9.00 974610.00
13/04/2017 10633.00 10633.00 10633.00 10633.00 1 42.00 4465860.00
17/04/2017 10879.00 10879.00 10879.00 10879.00 1 10.00 1087900.00
18/04/2017 10845.00 10845.00 10845.00 10845.00 1 12.00 1301400.00
19/04/2017 10712.00 10712.00 10712.00 10712.00 1 1.00 107120.00
24/04/2017 10877.00 10873.00 10877.00 10873.00 2 7.00 761310.00
25/04/2017 10989.00 10989.00 10989.00 10989.00 1 2.00 219780.00
26/04/2017 10931.00 10931.00 10936.00 10936.00 2 9.00 983840.00
27/04/2017 10917.00 10902.00 10917.00 10902.00 4 5.00 545480.00
28/04/2017 11018.00 11014.00 11018.00 11014.00 2 7.00 771180.00
02/05/2017 11222.00 11222.00 11230.00 11230.00 2 5.00 561260.00
03/05/2017 11116.00 11116.00 11123.00 11123.00 2 5.00 555940.00
04/05/2017 10908.00 10908.00 10916.00 10916.00 2 7.00 764040.00
05/05/2017 11060.00 11060.00 11060.00 11060.00 1 9.00 995400.00
09/05/2017 11135.00 11135.00 11135.00 11135.00 1 1.00 111350.00
10/05/2017 11307.00 11307.00 11307.00 11307.00 1 24.00 2713680.00
11/05/2017 11344.00 11344.00 11344.00 11344.00 1 28.00 3176320.00
12/05/2017 11456.00 11456.00 11456.00 11456.00 1 13.00 1489280.00
15/05/2017 11441.00 11432.00 11494.00 11494.00 4 9.00 1032950.00
16/05/2017 11527.00 11527.00 11527.00 11527.00 1 6.00 691620.00
17/05/2017 11327.00 11327.00 11327.00 11327.00 1 9.00 1019430.00
19/05/2017 10497.00 10497.00 10497.00 10497.00 1 49.00 5143530.00
22/05/2017 10334.00 10334.00 10334.00 10334.00 2 37.00 3823580.00
23/05/2017 10507.00 10507.00 10507.00 10507.00 1 4.00 420280.00
24/05/2017 10595.00 10595.00 10597.00 10597.00 2 28.00 2966620.00
26/05/2017 10726.00 10726.00 10728.00 10728.00 3 256.00 27460960.00
29/05/2017 10670.00 10670.00 10670.00 10670.00 2 129.00 13764300.00
30/05/2017 10697.00 10697.00 10698.00 10698.00 3 632.00 67606470.00
31/05/2017 10483.00 10483.00 10483.00 10483.00 1 11.00 1153130.00
