20/06/2016 20.77 20.62 21.05 20.65 62 11200.00 232962.00
21/06/2016 20.80 20.18 20.80 20.24 63 10800.00 219692.00
22/06/2016 20.29 19.87 20.29 19.89 50 9500.00 189750.00
23/06/2016 19.99 19.67 20.50 20.00 60 329500.00 6594137.00
24/06/2016 19.80 19.60 20.08 19.89 31 5200.00 103304.00
27/06/2016 20.20 19.70 20.20 19.88 25 4800.00 95614.00
28/06/2016 19.79 19.55 20.29 19.81 36 5300.00 105224.00
29/06/2016 19.75 19.70 19.90 19.88 38 8300.00 164593.00
30/06/2016 20.08 19.72 20.08 20.04 58 9100.00 181366.00
01/07/2016 20.25 19.96 20.30 20.02 37 26600.00 537702.00
04/07/2016 20.02 19.82 20.21 19.82 14 1900.00 38082.00
05/07/2016 19.50 19.50 20.07 19.63 18 3300.00 65558.00
06/07/2016 19.91 18.78 19.91 18.82 47 12200.00 233332.00
07/07/2016 19.00 18.40 19.29 19.00 73 102100.00 1938991.00
08/07/2016 19.00 18.90 20.20 19.25 495 320500.00 6137560.00
11/07/2016 19.14 19.14 20.15 19.90 271 302900.00 5820422.00
12/07/2016 19.81 19.81 21.24 20.79 203 30700.00 628231.00
13/07/2016 20.80 19.87 21.09 19.95 223 238900.00 4987836.00
14/07/2016 19.70 19.70 20.45 20.44 59 90300.00 1840571.00
15/07/2016 20.14 19.84 20.49 20.18 93 18800.00 378000.00
18/07/2016 20.20 19.99 20.40 20.35 50 9500.00 191989.00
19/07/2016 20.35 20.17 21.20 21.20 69 41300.00 857701.00
20/07/2016 21.49 20.91 21.85 21.85 89 83100.00 1797949.00
21/07/2016 22.00 21.24 22.00 21.64 105 87900.00 1911272.00
22/07/2016 22.21 18.91 22.22 20.50 1258 427300.00 8773525.00
25/07/2016 20.09 19.86 20.50 20.39 98 48400.00 987780.00
26/07/2016 20.43 19.96 20.43 20.19 74 17500.00 352041.00
27/07/2016 20.40 19.36 20.40 19.45 112 53200.00 1046042.00
28/07/2016 19.72 19.30 19.73 19.49 59 15900.00 310975.00
29/07/2016 19.58 19.00 19.61 19.60 114 36400.00 709840.00
01/08/2016 19.30 19.30 19.74 19.55 16 3100.00 60700.00
02/08/2016 19.70 19.17 19.70 19.17 31 3800.00 73433.00
03/08/2016 19.01 18.86 19.65 19.55 88 168600.00 3286908.00
04/08/2016 19.62 19.30 19.62 19.50 50 8700.00 169507.00
05/08/2016 19.64 19.29 19.65 19.50 50 138500.00 2700415.00
08/08/2016 19.48 19.30 19.48 19.45 28 5900.00 114575.00
09/08/2016 19.60 19.25 19.60 19.45 30 4100.00 79549.00
10/08/2016 19.48 19.25 19.48 19.45 17 59200.00 1150213.00
11/08/2016 19.48 19.42 19.49 19.49 22 3400.00 66209.00
12/08/2016 19.49 19.30 19.49 19.44 24 4600.00 89140.00
15/08/2016 19.49 19.36 19.49 19.36 27 171100.00 3319306.00
16/08/2016 19.41 19.17 19.44 19.22 33 75900.00 1471278.00
17/08/2016 19.30 18.40 19.30 18.78 98 133800.00 2517850.00
18/08/2016 18.90 18.90 19.40 19.28 35 7100.00 136169.00
19/08/2016 19.43 19.31 19.44 19.31 19 33400.00 647866.00
22/08/2016 19.44 18.72 19.44 18.93 44 22600.00 429682.00
23/08/2016 19.10 18.83 19.46 19.29 48 35300.00 676034.00
24/08/2016 19.30 19.02 19.50 19.20 72 14700.00 283245.00
25/08/2016 18.90 18.85 19.13 19.13 37 6200.00 118202.00
26/08/2016 18.91 18.89 19.00 19.00 32 105500.00 2001353.00
29/08/2016 19.00 18.66 19.00 19.00 21 3000.00 56639.00
30/08/2016 19.19 18.86 19.19 18.90 26 50700.00 970933.00
31/08/2016 19.10 18.84 19.10 18.95 42 88100.00 1673820.00
01/09/2016 18.99 18.44 18.99 18.75 77 10200.00 190616.00
02/09/2016 18.85 18.64 18.85 18.75 27 3600.00 67452.00
05/09/2016 18.75 18.63 18.82 18.68 13 70800.00 1322705.00
06/09/2016 18.80 18.14 18.80 18.62 56 14900.00 275232.00
08/09/2016 18.73 18.48 18.73 18.70 21 28600.00 533241.00
09/09/2016 18.96 18.30 18.96 18.65 38 8000.00 148652.00
12/09/2016 18.88 18.55 18.88 18.74 18 51200.00 956963.00
13/09/2016 18.74 18.29 18.94 18.94 61 109600.00 2013710.00
14/09/2016 18.94 18.83 19.25 19.00 122 40100.00 762924.00
15/09/2016 18.85 18.85 19.59 19.25 191 55600.00 1073782.00
16/09/2016 18.92 18.30 20.34 20.10 217 46100.00 887048.00
19/09/2016 19.98 19.60 20.48 20.20 132 58000.00 1156961.00
20/09/2016 20.24 19.81 20.65 20.65 370 71300.00 1453710.00
21/09/2016 20.65 19.65 21.20 20.60 270 94000.00 1910155.00
22/09/2016 20.37 20.00 20.80 20.59 201 67200.00 1369448.00
23/09/2016 20.38 20.38 21.20 21.18 136 21000.00 438194.00
26/09/2016 21.19 21.00 21.88 21.00 167 104100.00 2222623.00
27/09/2016 21.01 20.50 21.40 21.12 223 59600.00 1262310.00
28/09/2016 20.83 20.83 21.18 21.11 61 58900.00 1238442.00
29/09/2016 20.83 20.51 21.18 21.18 145 71800.00 1493865.00
30/09/2016 21.03 20.54 21.03 20.60 162 35700.00 741536.00
03/10/2016 20.20 20.20 20.58 20.53 80 18500.00 378592.00
04/10/2016 20.60 20.05 20.60 20.15 96 121800.00 2455938.00
05/10/2016 20.34 20.00 20.41 20.00 46 53800.00 1090904.00
06/10/2016 20.01 20.00 20.40 20.40 42 9400.00 190518.00
07/10/2016 20.13 20.13 20.59 20.47 34 28800.00 589392.00
10/10/2016 20.47 20.22 20.60 20.45 80 31400.00 642307.00
11/10/2016 20.56 20.23 20.56 20.48 42 127900.00 2615852.00
13/10/2016 20.76 19.77 20.76 20.00 143 69900.00 1400622.00
14/10/2016 20.30 19.65 20.30 20.00 121 59900.00 1200445.00
17/10/2016 20.00 19.65 20.69 20.29 292 288400.00 5739493.00
18/10/2016 20.09 19.84 20.27 19.89 190 52000.00 1042289.00
19/10/2016 19.98 19.35 19.99 19.49 169 47600.00 938962.00
20/10/2016 19.34 19.04 19.66 19.61 66 115800.00 2254097.00
21/10/2016 19.54 19.54 19.77 19.76 19 2900.00 57111.00
24/10/2016 19.76 19.50 19.76 19.76 18 3300.00 65068.00
25/10/2016 19.75 19.03 19.80 19.65 310 64900.00 1265010.00
26/10/2016 19.63 19.30 19.77 19.36 116 65700.00 1286877.00
27/10/2016 19.58 19.11 19.88 19.21 105 57100.00 1116054.00
28/10/2016 19.21 18.92 19.80 19.80 274 86200.00 1670246.00
31/10/2016 19.91 19.25 20.20 19.90 631 203300.00 3972815.00
01/11/2016 19.64 19.62 21.38 21.38 105 43100.00 897401.00
03/11/2016 21.10 20.50 21.30 20.88 205 68800.00 1432745.00
04/11/2016 20.97 20.57 21.29 21.25 88 21800.00 455349.00
07/11/2016 21.34 21.34 21.79 21.55 59 11200.00 242047.00
08/11/2016 21.22 21.19 21.97 21.40 98 33600.00 724183.00
09/11/2016 21.24 20.80 21.99 21.50 116 142400.00 3010168.00
10/11/2016 21.55 20.74 22.31 21.50 140 82500.00 1771643.00
11/11/2016 21.50 20.70 21.85 21.85 120 56200.00 1202316.00
14/11/2016 21.85 21.56 22.30 21.56 36 27600.00 602252.00
16/11/2016 22.00 21.13 22.00 21.18 36 7600.00 162331.00
17/11/2016 21.20 20.29 21.50 21.29 165 136200.00 2845724.00
18/11/2016 21.25 20.87 21.70 21.68 91 122700.00 2615186.00
21/11/2016 21.68 21.40 21.80 21.51 45 203900.00 4406464.00
22/11/2016 21.47 21.10 21.70 21.38 52 90100.00 1934002.00
23/11/2016 21.50 20.88 21.50 21.00 69 29100.00 620246.00
24/11/2016 20.70 20.35 21.00 20.77 49 18600.00 383524.00
25/11/2016 20.76 20.30 21.30 20.97 31 12700.00 263674.00
28/11/2016 20.97 20.61 21.50 21.03 46 30900.00 649957.00
29/11/2016 20.80 20.33 21.25 21.00 104 20700.00 431908.00
30/11/2016 21.01 20.09 21.39 20.30 172 104300.00 2147168.00
01/12/2016 20.40 19.14 20.40 19.99 97 34000.00 672013.00
02/12/2016 20.08 19.20 20.29 20.00 109 21300.00 424009.00
05/12/2016 19.90 19.22 20.49 19.30 87 60900.00 1185725.00
06/12/2016 19.34 19.00 19.80 19.49 91 197500.00 3789971.00
07/12/2016 19.49 19.43 19.78 19.43 41 155100.00 3023180.00
08/12/2016 19.72 19.20 19.86 19.30 39 25700.00 500720.00
09/12/2016 19.10 19.10 19.48 19.20 28 14700.00 282291.00
12/12/2016 19.40 18.61 19.40 19.05 39 6800.00 128930.00
13/12/2016 18.78 18.78 19.20 19.00 21 46500.00 890213.00
14/12/2016 19.00 19.00 19.85 19.44 89 66300.00 1274566.00
15/12/2016 19.18 19.03 19.95 19.52 44 11300.00 220044.00
16/12/2016 19.22 19.22 19.95 19.62 43 46100.00 899936.00
19/12/2016 19.89 19.60 19.93 19.93 11 1500.00 29743.00
20/12/2016 19.95 19.22 19.95 19.65 45 11200.00 218850.00
21/12/2016 19.88 19.50 19.93 19.80 35 7900.00 155228.00
22/12/2016 19.52 19.52 20.00 19.98 39 13500.00 268045.00
23/12/2016 19.51 19.31 20.56 20.17 40 31200.00 632612.00
26/12/2016 20.49 20.11 20.49 20.15 9 1000.00 20259.00
27/12/2016 20.16 19.90 21.00 20.35 52 13600.00 278663.00
28/12/2016 20.20 19.90 21.17 20.15 214 83000.00 1681512.00
29/12/2016 20.01 19.73 20.80 20.15 143 61500.00 1239831.00
02/01/2017 20.11 19.95 20.16 20.14 13 1900.00 38213.00
03/01/2017 19.79 19.50 20.21 19.97 127 193000.00 3853014.00
04/01/2017 19.76 19.69 20.00 20.00 27 5400.00 107505.00
05/01/2017 20.00 19.55 20.00 20.00 38 28100.00 555294.00
06/01/2017 19.64 19.64 20.00 20.00 30 7100.00 141639.00
09/01/2017 20.09 19.86 20.09 20.05 16 2300.00 46064.00
10/01/2017 19.94 19.80 20.06 20.04 33 6800.00 135952.00
11/01/2017 20.01 19.98 20.17 20.06 23 104100.00 2088240.00
12/01/2017 20.27 19.91 20.27 20.00 40 57500.00 1150248.00
13/01/2017 20.10 19.72 20.10 19.78 69 34100.00 674736.00
16/01/2017 19.78 19.51 20.17 19.93 48 20400.00 405232.00
17/01/2017 19.93 19.45 19.93 19.89 62 49800.00 989633.00
18/01/2017 19.80 19.56 19.90 19.90 82 234900.00 4636764.00
19/01/2017 19.84 19.70 19.97 19.95 37 15500.00 308493.00
20/01/2017 19.96 19.74 19.98 19.94 36 72200.00 1439229.00
23/01/2017 19.87 19.72 20.05 20.05 38 87400.00 1749995.00
24/01/2017 19.98 19.80 20.08 20.00 53 66100.00 1320860.00
26/01/2017 20.15 19.82 20.20 20.20 47 29700.00 595938.00
27/01/2017 20.18 19.90 20.19 20.18 60 10900.00 219366.00
30/01/2017 20.17 19.74 20.20 20.20 135 24100.00 482270.00
31/01/2017 20.19 19.93 20.20 20.02 81 14200.00 285227.00
01/02/2017 20.18 19.92 20.18 19.96 20 82400.00 1644711.00
02/02/2017 20.05 19.62 20.09 19.90 55 13700.00 273179.00
03/02/2017 19.91 19.83 20.00 19.83 20 38200.00 762123.00
06/02/2017 19.70 19.70 19.96 19.77 13 51300.00 1014282.00
07/02/2017 19.85 19.56 19.85 19.63 56 16400.00 322228.00
08/02/2017 19.50 19.36 19.59 19.41 33 20900.00 408277.00
09/02/2017 19.41 19.26 19.55 19.53 87 16300.00 317163.00
10/02/2017 19.43 19.30 19.63 19.63 58 48600.00 951565.00
13/02/2017 19.52 19.31 19.87 19.87 26 17100.00 333817.00
14/02/2017 19.99 19.30 20.20 19.41 103 134300.00 2640902.00
15/02/2017 19.27 19.27 19.62 19.62 43 104600.00 2050924.00
16/02/2017 19.52 19.24 19.70 19.70 59 9400.00 183459.00
17/02/2017 19.71 19.34 19.71 19.60 92 70100.00 1372415.00
20/02/2017 19.80 19.43 19.80 19.59 46 14700.00 287545.00
21/02/2017 19.60 19.43 19.69 19.57 52 209700.00 4103678.00
22/02/2017 19.57 19.45 19.57 19.45 34 29000.00 567145.00
23/02/2017 19.45 19.26 19.50 19.34 32 8300.00 160487.00
24/02/2017 19.23 19.23 19.47 19.47 16 2000.00 38610.00
01/03/2017 19.33 19.00 19.61 19.00 57 129000.00 2513326.00
02/03/2017 19.01 18.74 19.29 19.02 40 7300.00 138947.00
03/03/2017 19.09 18.84 19.09 19.07 23 21300.00 404434.00
06/03/2017 19.10 18.89 19.19 19.19 23 33200.00 633235.00
07/03/2017 19.19 18.92 19.20 19.18 93 37700.00 719863.00
08/03/2017 19.18 19.00 19.18 19.18 183 128100.00 2445430.00
09/03/2017 19.09 19.00 19.14 19.07 389 52700.00 1002014.00
10/03/2017 19.24 19.01 19.24 19.15 108 17800.00 340277.00
13/03/2017 19.30 18.80 19.31 19.14 107 40500.00 773911.00
14/03/2017 19.19 18.99 19.19 19.05 61 86700.00 1651653.00
15/03/2017 19.18 19.00 19.19 19.19 51 103000.00 1969510.00
16/03/2017 19.00 18.97 19.80 19.80 206 113600.00 2205238.00
17/03/2017 19.79 19.13 19.80 19.80 250 72100.00 1397397.00
20/03/2017 19.59 19.29 19.64 19.39 121 132400.00 2579767.00
21/03/2017 19.40 19.01 19.40 19.01 56 23500.00 449327.00
22/03/2017 19.02 19.00 19.10 19.00 124 64800.00 1232373.00
23/03/2017 19.01 19.00 19.11 19.00 28 8600.00 163873.00
24/03/2017 19.00 18.88 19.29 19.29 204 32100.00 611311.00
27/03/2017 19.01 18.76 19.10 19.00 233 124500.00 2363863.00
28/03/2017 19.01 18.55 19.50 19.35 126 129500.00 2496440.00
29/03/2017 19.33 19.00 19.51 19.00 121 219100.00 4235359.00
30/03/2017 19.10 19.00 19.50 19.50 40 7800.00 150559.00
31/03/2017 19.54 19.28 19.80 19.80 27 18300.00 358056.00
03/04/2017 19.80 19.56 19.80 19.80 29 22200.00 439472.00
04/04/2017 19.80 19.25 19.88 19.50 110 185400.00 3667895.00
05/04/2017 19.69 19.31 19.69 19.61 59 25900.00 505828.00
06/04/2017 19.79 19.37 19.86 19.50 82 43900.00 863492.00
07/04/2017 19.50 19.40 19.87 19.65 38 21400.00 417222.00
10/04/2017 19.88 19.42 19.88 19.80 42 153500.00 3028161.00
11/04/2017 19.84 19.60 19.85 19.60 71 148900.00 2936050.00
12/04/2017 19.69 19.54 19.97 19.60 49 185600.00 3649086.00
13/04/2017 19.71 19.47 19.99 19.99 52 56400.00 1117570.00
17/04/2017 20.08 20.05 20.55 20.52 136 310700.00 6367174.00
18/04/2017 20.57 20.23 20.57 20.55 27 27700.00 568573.00
19/04/2017 20.57 20.31 21.00 20.31 52 12500.00 255873.00
20/04/2017 20.23 20.23 20.57 20.55 30 39700.00 811978.00
24/04/2017 20.59 20.19 20.70 20.19 39 19800.00 408206.00
25/04/2017 20.23 19.96 20.47 20.47 30 4700.00 95499.00
26/04/2017 20.58 20.20 20.58 20.30 28 11900.00 242979.00
27/04/2017 20.48 19.88 20.55 20.10 55 52800.00 1078763.00
28/04/2017 20.27 19.91 20.27 20.11 49 7500.00 150485.00
02/05/2017 19.82 19.67 20.16 19.96 33 44300.00 885413.00
03/05/2017 19.70 19.60 19.99 19.87 24 80900.00 1616263.00
04/05/2017 19.97 19.29 19.97 19.32 70 33300.00 646277.00
05/05/2017 19.80 19.26 19.80 19.35 54 96400.00 1887051.00
08/05/2017 19.25 19.25 19.80 19.67 200 112300.00 2188950.00
09/05/2017 19.80 19.46 19.80 19.57 65 110900.00 2172437.00
10/05/2017 19.79 19.46 20.06 19.46 62 64800.00 1288892.00
11/05/2017 19.46 19.38 20.03 19.38 84 13900.00 272145.00
12/05/2017 19.38 18.72 19.38 19.00 91 101000.00 1930405.00
15/05/2017 19.20 18.50 19.20 18.50 74 103800.00 1944307.00
16/05/2017 18.53 18.22 18.69 18.22 46 91300.00 1703333.00
17/05/2017 18.24 18.13 19.35 19.35 70 50700.00 936127.00
18/05/2017 18.03 16.37 18.03 16.90 173 48200.00 834525.00
19/05/2017 17.07 16.70 17.48 16.80 117 32300.00 545686.00
22/05/2017 16.86 15.91 16.86 16.40 118 37000.00 606668.00
23/05/2017 16.40 16.10 16.50 16.40 76 52500.00 864100.00
24/05/2017 16.55 16.23 17.20 16.40 154 102500.00 1715445.00
25/05/2017 16.62 16.14 16.84 16.42 92 26700.00 436547.00
26/05/2017 16.63 16.25 17.05 17.05 77 15900.00 265307.00
29/05/2017 17.18 16.60 17.25 17.00 81 44400.00 760194.00
30/05/2017 17.31 16.89 17.58 17.58 54 27900.00 477839.00
31/05/2017 17.44 16.99 17.99 17.99 148 79900.00 1406521.00
01/06/2017 17.99 17.40 18.00 17.70 57 36400.00 647695.00
02/06/2017 17.80 17.15 17.82 17.43 85 68400.00 1205142.00
05/06/2017 17.50 17.05 17.68 17.41 51 36200.00 632209.00
06/06/2017 17.56 17.01 17.64 17.31 99 51300.00 894394.00
07/06/2017 17.56 17.16 18.00 17.16 66 59700.00 1042179.00
08/06/2017 17.20 17.00 17.50 17.16 58 11800.00 202581.00
09/06/2017 17.01 16.50 17.50 17.00 232 152400.00 2593197.00
12/06/2017 17.50 16.55 17.50 16.55 73 278600.00 4635105.00
13/06/2017 16.66 16.15 16.76 16.76 38 91700.00 1521501.00
14/06/2017 16.80 16.30 16.98 16.40 50 11900.00 196590.00
16/06/2017 16.94 16.36 16.94 16.49 27 21200.00 357093.00
