17/05/2017 11522.00 11522.00 11522.00 11522.00 1 15.00 1728300.00
19/05/2017 10623.00 10623.00 10674.00 10674.00 2 30.00 3194550.00
26/05/2017 10876.00 10876.00 10890.00 10890.00 3 259.00 28185640.00
29/05/2017 10836.00 10830.00 10836.00 10830.00 2 141.00 15271200.00
30/05/2017 10844.00 10844.00 10859.00 10859.00 3 623.00 67579420.00
31/05/2017 10628.00 10628.00 10628.00 10628.00 2 33.00 3507240.00
01/06/2017 10559.00 10559.00 10559.00 10559.00 2 16.00 1689440.00
06/06/2017 10658.00 10658.00 10658.00 10658.00 1 9.00 959220.00
07/06/2017 10775.00 10775.00 10775.00 10775.00 1 15.00 1616250.00
08/06/2017 10580.00 10580.00 10580.00 10580.00 1 15.00 1587000.00
09/06/2017 10532.00 10532.00 10532.00 10532.00 1 10.00 1053200.00
12/06/2017 10500.00 10439.00 10500.00 10439.00 2 26.00 2723290.00
13/06/2017 10456.00 10456.00 10456.00 10456.00 1 5.00 522800.00
14/06/2017 10479.00 10479.00 10485.00 10485.00 2 5.00 524130.00
16/06/2017 10412.00 10412.00 10412.00 10412.00 1 12.00 1249440.00
