01/06/2016 8405.00 8405.00 8405.00 8405.00 1 15.00 1260750.00
02/06/2016 8553.00 8553.00 8553.00 8553.00 1 27.00 2309310.00
03/06/2016 8680.00 8680.00 8680.00 8680.00 1 15.00 1302000.00
07/06/2016 8643.00 8643.00 8643.00 8643.00 2 119.00 10285170.00
08/06/2016 8835.00 8835.00 8835.00 8835.00 1 50.00 4417500.00
09/06/2016 8731.00 8731.00 8731.00 8731.00 1 11.00 960410.00
10/06/2016 8438.00 8438.00 8438.00 8438.00 1 29.00 2447020.00
14/06/2016 8307.00 8307.00 8307.00 8307.00 1 37.00 3073590.00
15/06/2016 8350.00 8350.00 8350.00 8350.00 2 6.00 501000.00
16/06/2016 8426.00 8426.00 8426.00 8426.00 1 1.00 84260.00
17/06/2016 8447.00 8447.00 8447.00 8447.00 1 1.00 84470.00
20/06/2016 8587.00 8587.00 8587.00 8587.00 1 53.00 4551110.00
21/06/2016 8650.00 8650.00 8650.00 8650.00 1 1.00 86500.00
23/06/2016 8781.00 8781.00 8781.00 8781.00 1 20.00 1756200.00
24/06/2016 8535.00 8535.00 8535.00 8535.00 1 2.00 170700.00
27/06/2016 8362.00 8362.00 8362.00 8362.00 1 1.00 83620.00
28/06/2016 8504.00 8504.00 8504.00 8504.00 1 30.00 2551200.00
29/06/2016 8661.00 8661.00 8661.00 8661.00 1 2.00 173220.00
01/07/2016 8872.00 8872.00 8872.00 8872.00 2 15.00 1330800.00
06/07/2016 8792.00 8792.00 8792.00 8792.00 1 2.00 175840.00
07/07/2016 8798.00 8798.00 8798.00 8798.00 1 1.00 87980.00
08/07/2016 8998.00 8998.00 8998.00 8998.00 1 12.00 1079760.00
11/07/2016 9129.00 9129.00 9129.00 9129.00 1 29.00 2647410.00
13/07/2016 9226.00 9226.00 9226.00 9226.00 1 1.00 92260.00
14/07/2016 9376.00 9376.00 9376.00 9376.00 1 15.00 1406400.00
18/07/2016 9517.00 9517.00 9517.00 9517.00 1 3.00 285510.00
19/07/2016 9558.00 9558.00 9558.00 9558.00 1 40.00 3823200.00
20/07/2016 9536.00 9536.00 9536.00 9536.00 2 32.00 3051520.00
21/07/2016 9537.00 9537.00 9537.00 9537.00 1 2.00 190740.00
22/07/2016 9591.00 9591.00 9591.00 9591.00 1 1.00 95910.00
26/07/2016 9543.00 9543.00 9543.00 9543.00 2 345.00 32923350.00
27/07/2016 9556.00 9556.00 9556.00 9556.00 2 346.00 33063760.00
28/07/2016 9519.00 9519.00 9519.00 9519.00 2 345.00 32840550.00
29/07/2016 9617.00 9617.00 9617.00 9617.00 1 4.00 384680.00
