29/06/2016 4.74 4.74 4.98 4.98 13 8917.33 43829.00
30/06/2016 4.92 4.92 4.92 4.92 1 101.33 499.00
07/07/2016 4.74 4.74 4.74 4.74 3 1621.33 7680.00
12/07/2016 4.74 4.65 4.74 4.65 3 3141.33 14799.00
18/07/2016 5.12 5.08 5.12 5.12 4 506.67 2591.00
20/07/2016 5.22 5.22 5.22 5.22 1 506.67 2645.00
21/07/2016 5.22 5.22 5.22 5.22 1 304.00 1587.00
26/07/2016 5.23 5.23 5.23 5.23 1 101.33 530.00
29/07/2016 5.28 5.28 5.28 5.28 1 101.33 535.00
01/08/2016 5.28 5.28 5.28 5.28 1 101.33 535.00
04/08/2016 5.13 5.04 5.13 5.04 4 1722.67 8804.00
05/08/2016 5.12 5.12 5.12 5.12 1 506.67 2595.00
15/08/2016 5.12 4.99 5.12 4.99 6 17530.67 89748.00
16/08/2016 5.13 4.95 5.13 4.96 5 912.00 4594.00
19/08/2016 4.94 4.94 4.94 4.94 1 202.67 1002.00
31/08/2016 4.74 4.74 4.74 4.74 1 101.33 480.00
02/09/2016 4.74 4.74 4.74 4.74 1 101.33 480.00
22/09/2016 5.11 5.11 5.11 5.11 2 506.67 2590.00
23/09/2016 4.25 4.05 4.44 4.26 24 6282.67 26777.00
26/09/2016 4.30 4.30 4.30 4.30 1 101.33 436.00
28/09/2016 3.89 3.89 4.29 4.29 16 4864.00 19340.00
29/09/2016 4.40 4.40 4.44 4.44 6 1418.67 6248.00
04/10/2016 4.43 4.24 4.43 4.34 11 6789.33 29107.00
05/10/2016 4.34 4.34 4.34 4.34 2 810.67 3520.00
06/10/2016 4.44 4.44 4.44 4.44 5 709.33 3150.00
07/10/2016 4.35 4.35 4.37 4.37 4 506.67 2207.00
10/10/2016 4.42 4.42 4.42 4.42 3 810.67 3584.00
11/10/2016 4.42 4.42 4.42 4.42 1 304.00 1344.00
17/10/2016 4.53 4.53 4.53 4.53 2 405.33 1836.00
18/10/2016 4.53 4.53 4.64 4.64 3 304.00 1389.00
24/10/2016 4.83 4.83 4.84 4.84 3 912.00 4409.00
31/10/2016 4.46 4.46 4.46 4.46 1 304.00 1356.00
09/11/2016 4.47 4.47 4.47 4.47 1 101.33 453.00
10/11/2016 4.49 4.49 4.49 4.49 1 202.67 910.00
11/11/2016 4.46 4.43 4.46 4.43 4 1824.00 8094.00
21/11/2016 4.41 4.38 4.41 4.38 3 2026.67 8915.00
22/11/2016 4.39 4.36 4.39 4.36 6 1621.33 7097.00
23/11/2016 4.34 4.27 4.34 4.33 3 1621.33 7000.00
24/11/2016 4.26 4.26 4.26 4.26 1 304.00 1296.00
28/11/2016 4.28 4.28 4.28 4.28 5 9626.67 41230.00
29/11/2016 4.32 4.32 4.32 4.32 1 304.00 1314.00
01/12/2016 4.30 4.30 4.30 4.30 1 506.67 2180.00
06/12/2016 4.35 4.35 4.35 4.35 1 101.33 441.00
08/12/2016 4.36 4.36 4.36 4.36 1 506.67 2210.00
14/12/2016 4.54 4.54 4.54 4.54 1 506.67 2300.00
19/12/2016 4.55 4.55 4.55 4.55 2 202.67 922.00
21/12/2016 4.56 4.56 4.56 4.56 1 405.33 1848.00
22/12/2016 4.55 4.55 4.93 4.93 8 2330.67 11305.00
03/01/2017 4.65 4.65 4.65 4.65 1 101.33 471.00
11/01/2017 4.65 4.65 4.65 4.65 3 810.67 3768.00
13/01/2017 4.26 4.26 4.26 4.26 12 7701.33 32832.00
16/01/2017 4.29 4.29 4.59 4.59 7 3141.33 14042.00
18/01/2017 4.60 4.60 4.60 4.60 1 912.00 4194.00
23/01/2017 4.50 4.50 4.50 4.50 1 202.67 912.00
24/01/2017 4.50 4.50 4.50 4.50 3 400.00 1800.00
26/01/2017 4.60 4.60 4.60 4.60 3 400.00 1840.00
27/01/2017 4.60 4.60 4.60 4.60 1 200.00 920.00
31/01/2017 4.55 4.45 4.55 4.46 6 2700.00 12135.00
01/02/2017 4.59 4.50 4.59 4.50 5 2000.00 9099.00
06/02/2017 4.98 4.98 4.98 4.98 3 2400.00 11952.00
10/02/2017 4.51 4.51 4.60 4.60 3 700.00 3184.00
23/02/2017 4.56 4.55 4.56 4.55 8 8200.00 37338.00
24/02/2017 4.55 4.49 4.55 4.49 15 29900.00 134689.00
01/03/2017 4.58 4.58 4.58 4.58 1 100.00 458.00
16/03/2017 4.78 4.78 4.80 4.80 4 5200.00 24956.00
17/03/2017 4.80 4.80 4.80 4.80 1 700.00 3360.00
20/03/2017 4.80 4.80 4.80 4.80 1 200.00 960.00
22/03/2017 4.56 4.56 4.56 4.56 1 200.00 912.00
24/03/2017 4.65 4.65 4.65 4.65 1 1000.00 4650.00
27/03/2017 4.56 4.47 4.56 4.47 11 52600.00 237771.00
03/04/2017 4.62 4.62 4.62 4.62 2 300.00 1386.00
04/04/2017 4.75 4.75 4.75 4.75 1 1000.00 4750.00
06/04/2017 4.94 4.94 4.98 4.98 3 500.00 2484.00
07/04/2017 4.98 4.98 4.98 4.98 1 800.00 3984.00
26/04/2017 4.81 4.81 4.81 4.81 6 4300.00 20683.00
05/05/2017 4.79 4.79 4.79 4.79 2 800.00 3832.00
08/05/2017 4.77 4.75 4.77 4.75 2 200.00 952.00
09/05/2017 4.80 4.80 4.80 4.80 1 100.00 480.00
11/05/2017 4.73 4.73 4.73 4.73 1 300.00 1419.00
12/05/2017 4.60 4.60 4.60 4.60 1 1300.00 5980.00
16/05/2017 4.65 4.65 4.80 4.80 2 300.00 1410.00
17/05/2017 4.56 4.56 5.11 5.11 5 1000.00 4639.00
19/05/2017 4.53 4.53 4.53 4.53 3 1100.00 4983.00
25/05/2017 4.53 4.53 4.89 4.89 2 200.00 942.00
26/05/2017 4.85 4.85 4.89 4.89 2 900.00 4373.00
29/05/2017 4.60 4.60 4.60 4.60 1 500.00 2300.00
30/05/2017 4.61 4.61 4.61 4.61 1 300.00 1383.00
05/06/2017 4.52 4.51 4.52 4.51 4 1500.00 6775.00
06/06/2017 4.33 4.30 4.37 4.37 7 2900.00 12522.00
08/06/2017 4.45 4.45 4.45 4.45 1 500.00 2225.00
09/06/2017 4.42 4.42 4.42 4.42 1 400.00 1768.00
13/06/2017 4.41 4.41 4.41 4.41 1 200.00 882.00
16/06/2017 4.48 4.48 4.60 4.60 2 200.00 908.00
