27/09/2016 9982.00 9982.00 9982.00 9982.00 2 294.00 29347080.00
28/09/2016 10141.00 10141.00 10141.00 10141.00 2 294.00 29814540.00
29/09/2016 9969.00 9969.00 9969.00 9969.00 2 292.00 29109480.00
03/10/2016 10163.00 10163.00 10163.00 10163.00 1 31.00 3150530.00
07/10/2016 10424.00 10424.00 10424.00 10424.00 1 15.00 1563600.00
13/10/2016 10407.00 10407.00 10407.00 10407.00 1 16.00 1665120.00
17/10/2016 10666.00 10666.00 10666.00 10666.00 1 18.00 1919880.00
18/10/2016 10842.00 10842.00 10842.00 10842.00 1 20.00 2168400.00
20/10/2016 10840.00 10840.00 10840.00 10840.00 1 5.00 542000.00
21/10/2016 10883.00 10883.00 10883.00 10883.00 1 21.00 2285430.00
25/10/2016 10829.00 10829.00 10829.00 10829.00 1 10.00 1082900.00
28/10/2016 10932.00 10879.00 10932.00 10879.00 2 10.00 1090550.00
01/11/2016 10708.00 10708.00 10708.00 10708.00 1 10.00 1070800.00
03/11/2016 10436.00 10436.00 10436.00 10436.00 1 2.00 208720.00
07/11/2016 10809.00 10809.00 10809.00 10809.00 2 11.00 1188990.00
09/11/2016 10664.00 10664.00 10664.00 10664.00 1 15.00 1599600.00
10/11/2016 10408.00 10308.00 10408.00 10308.00 3 49.00 5051920.00
11/11/2016 9965.00 9965.00 9965.00 9965.00 1 32.00 3188800.00
14/11/2016 10091.00 10046.00 10091.00 10046.00 2 3.00 302280.00
18/11/2016 10076.00 10076.00 10076.00 10076.00 1 5.00 503800.00
22/11/2016 10472.00 10399.00 10472.00 10399.00 2 11.00 1144620.00
28/11/2016 10530.00 10530.00 10530.00 10530.00 2 266.00 28009800.00
29/11/2016 10214.00 10214.00 10214.00 10214.00 2 267.00 27271380.00
30/11/2016 10435.00 10435.00 10435.00 10435.00 2 533.00 55618550.00
