21/06/2016 15.68 15.68 15.68 15.68 2 211.34 3314.00
22/06/2016 15.43 15.43 16.74 16.09 21 12891.85 208489.00
23/06/2016 16.49 16.08 16.49 16.44 7 845.37 13679.00
24/06/2016 15.94 15.71 15.94 15.71 6 1796.41 28567.00
27/06/2016 15.71 15.24 15.71 15.61 7 1479.39 22967.00
28/06/2016 15.81 15.81 15.81 15.81 2 317.01 5013.00
29/06/2016 15.61 15.32 15.61 15.61 5 4543.85 70294.00
30/06/2016 15.61 15.14 15.61 15.14 7 2536.10 38757.00
01/07/2016 15.14 15.14 15.35 15.34 6 2536.10 38632.00
04/07/2016 15.19 15.09 15.19 15.09 15 2641.77 39997.00
05/07/2016 15.10 14.20 15.10 14.20 21 5600.56 80866.00
06/07/2016 13.96 13.71 13.96 13.71 11 4649.52 63867.00
07/07/2016 14.00 13.67 14.00 13.67 10 15744.97 219722.00
08/07/2016 13.46 13.44 13.73 13.73 7 845.37 11481.00
11/07/2016 13.71 13.44 13.71 13.44 10 3064.46 41424.00
12/07/2016 13.45 13.44 13.51 13.51 8 2641.77 35596.00
13/07/2016 13.25 13.25 13.60 13.51 6 1373.72 18588.00
14/07/2016 13.42 13.36 13.43 13.36 3 1268.05 16957.00
15/07/2016 13.36 13.28 13.36 13.28 4 1162.38 15523.00
18/07/2016 13.28 13.28 13.42 13.42 3 2324.76 30881.00
19/07/2016 14.02 13.72 14.02 13.72 4 422.68 5842.00
20/07/2016 13.72 13.72 13.72 13.72 8 1796.41 24650.00
21/07/2016 13.49 13.25 13.49 13.25 7 2641.77 35070.00
22/07/2016 13.63 13.63 13.77 13.77 3 1373.72 18870.00
25/07/2016 13.53 13.53 13.53 13.53 2 1268.05 17160.00
26/07/2016 13.53 13.53 13.53 13.53 9 6128.91 82940.00
27/07/2016 13.53 13.44 13.75 13.44 17 19971.80 270142.00
28/07/2016 13.06 13.06 13.25 13.25 6 3381.47 44581.00
29/07/2016 13.11 13.11 13.30 13.30 9 6023.24 78965.00
01/08/2016 13.30 13.30 13.44 13.44 4 5600.56 74885.00
02/08/2016 13.30 13.11 13.30 13.11 7 3275.80 43037.00
03/08/2016 13.12 13.06 13.12 13.06 10 7502.63 97986.00
04/08/2016 13.04 13.04 14.18 14.18 14 13737.22 181774.00
05/08/2016 14.18 14.18 14.72 14.71 13 3592.81 51760.00
08/08/2016 14.90 14.50 14.90 14.56 3 634.03 9371.00
09/08/2016 14.53 14.53 14.53 14.53 3 6340.25 92100.00
11/08/2016 14.38 14.38 15.52 15.52 6 845.37 12479.00
12/08/2016 15.03 14.43 15.03 14.75 16 7291.29 107486.00
15/08/2016 15.81 15.24 15.81 15.24 14 4438.18 68166.00
16/08/2016 15.61 14.97 15.61 14.97 19 6974.28 106166.00
18/08/2016 15.72 15.21 15.72 15.59 8 1162.38 17948.00
19/08/2016 15.14 15.14 15.61 15.61 9 5917.57 91115.00
22/08/2016 15.80 15.53 15.80 15.53 2 528.35 8321.00
23/08/2016 15.61 15.42 15.99 15.42 15 2958.79 46678.00
24/08/2016 15.14 15.14 15.14 15.14 1 105.67 1600.00
25/08/2016 15.38 15.38 15.43 15.43 2 211.34 3256.00
26/08/2016 15.43 15.43 15.43 15.43 2 211.34 3260.00
29/08/2016 15.58 15.38 16.27 16.27 15 2324.76 37003.00
30/08/2016 17.02 16.74 19.21 18.81 42 14793.93 273239.00
31/08/2016 20.15 19.31 20.34 20.30 35 12363.50 248249.00
01/09/2016 20.32 20.25 20.33 20.25 7 2219.09 45054.00
02/09/2016 20.01 19.02 20.01 19.02 12 2536.10 48883.00
05/09/2016 19.11 18.93 19.28 19.25 16 4860.86 92712.00
06/09/2016 19.19 19.19 19.19 19.19 2 317.01 6084.00
08/09/2016 19.23 18.83 19.23 19.02 8 1796.41 34118.00
09/09/2016 19.02 19.02 19.02 19.02 1 211.34 4020.00
12/09/2016 19.01 19.01 19.02 19.02 3 951.04 18089.00
15/09/2016 18.93 18.93 19.02 18.93 9 3381.47 64100.00
16/09/2016 19.24 19.24 19.24 19.24 1 105.67 2033.00
19/09/2016 18.91 18.22 19.02 18.22 13 2113.42 39366.00
20/09/2016 18.43 18.43 19.20 19.18 16 5600.56 106006.00
21/09/2016 19.15 19.12 19.21 19.12 10 11518.13 220783.00
22/09/2016 19.12 18.91 19.12 18.91 9 9087.70 173308.00
23/09/2016 19.21 19.12 19.26 19.26 6 3170.13 61030.00
26/09/2016 19.26 18.93 19.26 18.93 18 18492.41 350770.00
27/09/2016 18.93 18.60 18.93 18.60 27 110426.10 2056055.00
28/09/2016 19.12 19.12 20.82 20.41 55 15744.97 321881.00
29/09/2016 21.20 21.20 21.81 21.20 59 27263.10 584345.00
30/09/2016 21.17 20.52 21.77 21.76 28 13631.55 290354.00
03/10/2016 21.95 21.01 22.48 22.24 39 20183.14 440744.00
04/10/2016 22.25 20.80 22.25 20.80 14 6200.00 133545.00
05/10/2016 20.82 20.82 21.40 21.40 8 1300.00 27646.00
06/10/2016 21.41 21.41 21.43 21.42 5 3000.00 64261.00
07/10/2016 21.90 21.83 22.00 21.83 34 30900.00 674668.00
10/10/2016 22.68 22.11 22.68 22.15 13 5100.00 114151.00
11/10/2016 22.00 22.00 22.70 22.70 14 4100.00 92587.00
13/10/2016 22.76 22.76 22.95 22.81 6 1200.00 27373.00
14/10/2016 22.95 22.95 24.00 23.50 19 5600.00 132349.00
17/10/2016 23.90 23.26 24.79 24.00 17 4500.00 108548.00
18/10/2016 24.00 23.95 24.50 24.50 18 16200.00 394962.00
19/10/2016 24.50 24.12 24.50 24.40 6 9100.00 222566.00
20/10/2016 24.95 24.95 25.40 25.40 8 8400.00 209995.00
21/10/2016 25.00 24.50 25.39 24.50 17 8800.00 220082.00
24/10/2016 24.50 24.30 24.53 24.51 8 1500.00 36740.00
25/10/2016 24.26 24.25 24.90 24.90 3 1200.00 29166.00
27/10/2016 24.50 24.20 24.50 24.20 3 300.00 7320.00
28/10/2016 24.10 24.10 24.12 24.10 6 1100.00 26524.00
31/10/2016 24.10 24.10 24.31 24.31 3 400.00 9661.00
01/11/2016 24.31 24.31 25.00 24.50 17 7800.00 191479.00
03/11/2016 24.05 23.70 24.49 23.70 11 4500.00 107728.00
04/11/2016 23.50 23.50 24.49 23.90 8 2900.00 69712.00
07/11/2016 24.48 24.45 24.50 24.50 26 37100.00 908910.00
08/11/2016 24.49 24.49 24.49 24.49 2 1400.00 34286.00
09/11/2016 23.61 23.61 24.49 24.49 3 300.00 7225.00
10/11/2016 24.49 24.49 24.50 24.50 5 5500.00 134710.00
11/11/2016 23.90 23.90 25.60 25.25 14 3100.00 78305.00
14/11/2016 25.00 24.50 25.00 24.75 5 1400.00 34700.00
16/11/2016 24.25 23.86 24.25 23.86 9 1200.00 28824.00
17/11/2016 23.92 23.92 23.92 23.92 1 100.00 2392.00
21/11/2016 24.47 24.47 24.50 24.50 3 500.00 12241.00
22/11/2016 24.50 24.50 24.50 24.50 4 600.00 14700.00
23/11/2016 24.10 24.10 24.59 24.59 7 20700.00 500066.00
24/11/2016 24.50 24.50 24.50 24.50 1 500.00 12250.00
28/11/2016 24.50 24.10 24.50 24.10 3 1800.00 43948.00
29/11/2016 24.10 24.00 24.10 24.00 7 1700.00 40861.00
30/11/2016 24.75 24.75 24.94 24.94 6 2300.00 57343.00
02/12/2016 24.88 24.88 26.00 26.00 21 6700.00 170487.00
05/12/2016 26.05 26.05 29.00 28.50 10 3700.00 100161.00
06/12/2016 28.49 27.55 30.00 29.50 15 4800.00 139619.00
07/12/2016 28.70 28.70 28.70 28.70 1 100.00 2870.00
08/12/2016 28.10 28.01 28.11 28.01 4 400.00 11223.00
09/12/2016 27.20 27.20 28.49 28.49 5 900.00 25007.00
14/12/2016 28.02 28.02 28.49 28.49 5 5400.00 151755.00
15/12/2016 28.50 28.18 29.41 29.34 25 3700.00 106762.00
16/12/2016 29.90 29.80 32.99 30.10 24 6100.00 188891.00
19/12/2016 30.24 29.10 30.70 29.10 7 1300.00 39193.00
20/12/2016 30.70 30.00 30.70 30.00 7 1000.00 30469.00
21/12/2016 30.00 30.00 30.00 30.00 1 100.00 3000.00
22/12/2016 30.40 29.99 30.40 30.00 3 800.00 24039.00
27/12/2016 30.00 29.99 30.00 29.99 2 1100.00 32999.00
28/12/2016 29.00 29.00 30.30 30.30 5 500.00 14842.00
29/12/2016 29.11 29.11 29.99 29.99 13 3000.00 88580.00
02/01/2017 30.00 29.21 30.00 29.23 8 1700.00 50795.00
03/01/2017 30.00 30.00 30.30 30.30 11 3400.00 102300.00
04/01/2017 30.49 30.43 30.49 30.43 5 500.00 15229.00
05/01/2017 30.45 29.86 30.59 29.86 8 3400.00 103217.00
06/01/2017 29.76 29.74 30.00 30.00 8 1600.00 47626.00
09/01/2017 29.99 29.99 29.99 29.99 1 700.00 20993.00
10/01/2017 30.00 29.99 30.00 30.00 3 800.00 23998.00
11/01/2017 30.50 30.50 31.01 30.99 24 9700.00 298131.00
12/01/2017 31.45 31.45 32.00 32.00 4 1900.00 60085.00
13/01/2017 32.50 32.00 32.50 32.00 5 1100.00 35250.00
16/01/2017 32.00 31.00 32.00 31.00 19 3000.00 94607.00
17/01/2017 31.60 31.60 32.00 32.00 2 500.00 15920.00
18/01/2017 32.90 31.65 32.90 31.99 21 3800.00 121339.00
20/01/2017 31.99 31.50 31.99 31.89 5 1700.00 53638.00
23/01/2017 31.88 31.87 32.48 32.48 6 4900.00 156239.00
24/01/2017 31.80 30.60 31.80 30.60 9 2100.00 65470.00
26/01/2017 30.97 30.10 31.99 31.98 12 12100.00 378299.00
27/01/2017 31.98 30.10 31.98 30.30 11 1600.00 49359.00
30/01/2017 30.00 30.00 30.39 30.39 4 1200.00 36039.00
31/01/2017 30.45 30.01 31.89 30.56 16 3700.00 113053.00
01/02/2017 30.50 30.50 31.78 31.00 15 5700.00 178253.00
02/02/2017 30.62 30.10 31.00 30.10 5 1200.00 36868.00
03/02/2017 31.00 29.40 31.00 29.40 18 6700.00 204020.00
06/02/2017 30.45 30.00 30.45 30.00 3 700.00 21180.00
07/02/2017 30.88 30.05 30.90 30.90 3 300.00 9183.00
08/02/2017 30.99 30.97 30.99 30.97 3 400.00 12394.00
09/02/2017 30.90 30.90 30.90 30.90 1 200.00 6180.00
10/02/2017 30.50 30.50 31.50 31.50 3 2500.00 77450.00
13/02/2017 31.50 31.00 31.50 31.00 4 800.00 24969.00
14/02/2017 31.00 31.00 31.34 31.34 7 1600.00 49771.00
15/02/2017 31.83 31.50 31.83 31.50 5 600.00 19009.00
16/02/2017 31.50 30.61 31.50 31.50 7 1100.00 34561.00
17/02/2017 31.60 31.00 31.89 31.00 10 3500.00 110354.00
20/02/2017 31.49 30.70 31.49 31.48 15 2000.00 62682.00
21/02/2017 31.49 30.70 31.50 31.40 14 3100.00 97070.00
22/02/2017 31.40 31.00 31.79 31.00 31 9300.00 290109.00
23/02/2017 31.40 31.00 31.40 31.00 3 800.00 25010.00
24/02/2017 30.98 30.51 31.00 31.00 8 1100.00 34031.00
01/03/2017 30.60 30.51 31.74 30.55 23 4200.00 129572.00
02/03/2017 30.21 30.21 30.50 30.30 8 1000.00 30372.00
03/03/2017 30.60 30.00 30.90 30.00 9 1400.00 42629.00
06/03/2017 30.00 30.00 30.90 30.59 12 1800.00 54659.00
07/03/2017 30.15 29.11 30.84 30.84 20 3300.00 100257.00
08/03/2017 30.79 29.99 30.80 29.99 17 2500.00 75742.00
09/03/2017 30.00 29.22 30.35 30.26 5 500.00 14933.00
10/03/2017 30.51 29.50 30.53 29.51 18 3100.00 93488.00
13/03/2017 29.55 29.55 30.48 30.01 11 1500.00 45240.00
14/03/2017 30.31 29.95 30.31 30.28 8 1300.00 39055.00
15/03/2017 30.21 30.21 30.21 30.21 1 200.00 6042.00
16/03/2017 30.20 30.20 30.22 30.22 8 1000.00 30211.00
17/03/2017 30.20 29.87 30.22 30.22 11 1400.00 42143.00
20/03/2017 30.00 30.00 30.00 30.00 3 300.00 9000.00
21/03/2017 30.00 29.50 30.00 29.60 7 1800.00 53325.00
22/03/2017 29.15 29.00 29.80 29.80 9 3400.00 98899.00
23/03/2017 29.69 29.49 29.79 29.70 8 1100.00 32617.00
24/03/2017 29.70 28.75 29.99 29.15 13 3000.00 88531.00
27/03/2017 29.30 29.30 29.70 29.70 6 700.00 20706.00
28/03/2017 28.89 28.80 28.89 28.80 3 300.00 8658.00
29/03/2017 28.80 28.75 29.50 28.75 5 600.00 17484.00
30/03/2017 28.02 28.02 30.85 28.82 48 34600.00 1062522.00
31/03/2017 29.50 29.50 30.00 29.99 8 1400.00 41892.00
03/04/2017 29.98 29.98 30.00 29.99 4 400.00 11996.00
04/04/2017 29.98 29.98 30.20 30.10 10 1600.00 48089.00
05/04/2017 30.10 30.08 30.30 30.08 5 1200.00 36188.00
06/04/2017 29.50 29.50 30.13 30.13 2 200.00 5963.00
07/04/2017 30.05 29.27 30.05 29.40 11 8400.00 251987.00
10/04/2017 29.60 29.60 30.08 29.90 5 900.00 26738.00
11/04/2017 30.00 29.50 30.09 30.00 6 2600.00 78021.00
12/04/2017 29.40 28.70 30.08 28.70 24 4000.00 118342.00
13/04/2017 28.01 27.80 28.50 27.80 19 5600.00 156950.00
17/04/2017 27.80 27.50 28.40 28.16 8 1000.00 27937.00
18/04/2017 28.16 28.10 28.33 28.30 11 1300.00 36737.00
19/04/2017 29.15 28.31 29.15 28.80 8 1800.00 51916.00
20/04/2017 28.61 28.00 29.90 29.79 58 6800.00 198896.00
24/04/2017 29.90 29.65 29.90 29.65 14 2900.00 86406.00
25/04/2017 29.75 29.60 29.75 29.60 4 1300.00 38515.00
26/04/2017 29.90 28.80 29.90 28.80 9 1200.00 35153.00
27/04/2017 28.80 28.60 29.59 29.59 8 1700.00 48907.00
28/04/2017 29.55 29.00 29.80 29.80 22 4300.00 126656.00
02/05/2017 29.70 29.55 29.80 29.55 7 6300.00 186370.00
03/05/2017 29.00 29.00 29.01 29.01 2 200.00 5801.00
04/05/2017 29.69 29.65 29.69 29.65 2 400.00 11872.00
05/05/2017 29.90 29.79 29.90 29.79 4 400.00 11929.00
08/05/2017 29.80 29.08 29.80 29.08 6 800.00 23471.00
09/05/2017 29.50 29.50 29.80 29.80 5 1000.00 29770.00
10/05/2017 29.80 29.50 30.00 29.50 5 2200.00 65460.00
11/05/2017 29.00 29.00 29.00 29.00 1 300.00 8700.00
12/05/2017 29.70 29.70 29.70 29.70 2 200.00 5940.00
15/05/2017 29.70 29.11 29.99 29.70 18 2700.00 80455.00
16/05/2017 29.99 29.10 29.99 29.70 5 500.00 14839.00
17/05/2017 29.21 28.51 29.69 28.51 10 4200.00 122013.00
18/05/2017 25.40 25.40 28.44 26.60 29 14000.00 374479.00
19/05/2017 26.81 26.81 28.90 28.60 13 1500.00 42952.00
22/05/2017 28.49 27.75 28.79 28.79 5 1000.00 28656.00
23/05/2017 29.69 29.50 29.69 29.50 3 700.00 20764.00
25/05/2017 29.00 28.20 29.69 28.60 16 3100.00 89473.00
26/05/2017 28.55 28.55 29.00 29.00 5 600.00 17310.00
29/05/2017 29.00 29.00 29.30 29.29 5 500.00 14616.00
31/05/2017 28.50 28.50 29.25 29.25 4 500.00 14325.00
01/06/2017 29.50 29.15 29.50 29.15 4 500.00 14645.00
02/06/2017 29.20 29.17 29.20 29.18 4 1000.00 29186.00
05/06/2017 29.20 29.20 29.50 29.50 3 1100.00 32420.00
06/06/2017 29.50 29.50 29.95 29.50 7 2800.00 82915.00
07/06/2017 29.60 29.50 29.75 29.50 8 6200.00 184040.00
12/06/2017 29.21 28.51 29.21 28.51 4 700.00 20372.00
13/06/2017 28.50 28.50 28.51 28.50 4 700.00 19952.00
14/06/2017 28.50 28.12 28.50 28.15 6 700.00 19845.00
16/06/2017 27.83 27.83 28.40 28.40 3 300.00 8438.00
