20/06/2016 10.25 10.20 10.54 10.38 7631 3611782.36 37528649.00
21/06/2016 10.43 10.34 10.69 10.51 8813 5561693.86 58582443.00
22/06/2016 10.38 10.24 10.69 10.29 8382 4036153.77 42282804.00
23/06/2016 10.38 10.35 10.70 10.65 11484 7250622.73 76239650.00
24/06/2016 10.22 10.14 10.40 10.38 12350 3712382.67 38362412.00
27/06/2016 10.36 10.12 10.42 10.28 5797 1538375.30 15741364.00
28/06/2016 10.38 10.30 10.62 10.46 10520 4993475.57 52319010.00
29/06/2016 10.55 10.55 11.23 11.00 18356 5883152.32 64793603.00
30/06/2016 10.99 10.91 11.27 11.11 12354 5265212.03 58604008.00
01/07/2016 11.13 11.11 11.41 11.12 7651 7466508.68 83713879.00
04/07/2016 11.12 11.10 11.29 11.11 4272 1413954.69 15809445.00
05/07/2016 11.03 10.96 11.43 11.20 14806 4351483.71 49037031.00
06/07/2016 11.03 10.77 11.19 10.91 6822 2115497.30 23074819.00
07/07/2016 11.03 10.89 11.10 10.99 10553 6087359.38 66951901.00
08/07/2016 11.12 11.10 11.25 11.16 14571 10100502.28 112830187.00
11/07/2016 11.25 10.64 11.29 10.80 15015 8194415.51 89804415.00
12/07/2016 10.90 10.65 11.01 10.79 22023 10714048.54 115813786.00
13/07/2016 10.87 10.71 11.01 10.92 15455 4255971.23 46412384.00
14/07/2016 11.11 10.98 11.41 11.32 23948 7966850.67 89408683.00
15/07/2016 11.35 11.26 11.55 11.55 7264 3899129.22 44519741.00
18/07/2016 11.55 11.55 11.99 11.91 20273 10220181.96 121643892.00
19/07/2016 11.90 11.70 11.93 11.93 13471 3288358.14 38882698.00
20/07/2016 11.93 11.82 12.32 12.24 12256 8594735.36 104370918.00
21/07/2016 12.19 12.00 12.29 12.16 10216 3479267.47 42415063.00
22/07/2016 12.16 12.05 12.22 12.15 7748 5101591.99 61843070.00
25/07/2016 12.16 11.80 12.23 12.04 10488 4803260.04 57592463.00
26/07/2016 12.02 11.80 12.18 11.91 6550 2011196.75 24064258.00
27/07/2016 11.85 11.80 11.99 11.85 6614 1745473.18 20749543.00
28/07/2016 11.82 11.64 12.01 11.92 5800 2352428.37 27827897.00
29/07/2016 11.89 11.89 12.28 12.16 10844 5012439.30 60822423.00
01/08/2016 12.28 12.21 12.47 12.26 10811 3451053.13 42578624.00
02/08/2016 12.25 11.83 12.25 12.04 8099 2461585.49 29502931.00
03/08/2016 12.02 11.81 12.03 11.99 9828 3430470.54 40986986.00
04/08/2016 12.06 11.93 12.52 12.25 10184 5085981.60 62399466.00
05/08/2016 12.37 12.24 12.57 12.37 10468 8993898.89 111334135.00
08/08/2016 12.41 11.93 12.48 12.03 10600 3260143.81 39441212.00
09/08/2016 12.09 12.00 12.25 12.14 5845 2332539.58 28324087.00
10/08/2016 12.22 11.53 12.22 11.79 14734 6469756.19 76271696.00
11/08/2016 11.79 11.55 11.98 11.96 9488 3666245.28 43177728.00
12/08/2016 11.80 10.94 11.81 11.32 28177 15868137.70 177900313.00
15/08/2016 11.39 11.01 11.45 11.07 21393 8919431.53 99457412.00
16/08/2016 11.07 10.67 11.10 10.72 23763 7505245.58 81487598.00
17/08/2016 10.72 10.64 10.79 10.72 11735 3939138.07 42279910.00
18/08/2016 10.71 10.62 11.00 10.64 17705 8124110.93 87703814.00
19/08/2016 10.71 10.71 11.16 11.07 17090 8493788.15 93254478.00
22/08/2016 11.19 10.85 11.19 10.98 17519 6445357.73 70875123.00
23/08/2016 11.11 10.72 11.16 10.75 11874 5482369.94 59452721.00
24/08/2016 10.78 10.56 10.86 10.72 8219 2660126.56 28465524.00
25/08/2016 10.81 10.52 10.83 10.58 9559 3673414.50 39192026.00
26/08/2016 10.54 10.38 10.77 10.52 10385 3973018.41 41863290.00
29/08/2016 10.52 10.33 10.90 10.73 9765 4231225.87 45217418.00
30/08/2016 10.75 10.56 10.84 10.73 8046 3618604.68 38559952.00
31/08/2016 10.77 10.44 10.84 10.67 10548 4486195.62 47620453.00
01/09/2016 10.68 10.59 11.16 11.13 16323 6221261.86 67927698.00
02/09/2016 11.21 11.07 11.29 11.24 18750 10324829.41 115657044.00
05/09/2016 11.27 11.07 11.31 11.19 4848 1562195.60 17427146.00
06/09/2016 11.24 11.16 11.41 11.37 11576 4020196.48 45461319.00
08/09/2016 11.46 11.04 11.46 11.04 17522 7598445.40 84873022.00
09/09/2016 10.83 10.68 10.90 10.72 15648 4427454.29 47687152.00
12/09/2016 10.64 10.50 10.90 10.78 8857 3182554.37 34082059.00
13/09/2016 10.77 10.29 10.77 10.37 14145 5330313.15 55424884.00
14/09/2016 10.34 10.30 10.55 10.46 10270 6443970.14 67205753.00
15/09/2016 10.55 10.39 10.71 10.67 9838 3198858.56 33775176.00
16/09/2016 10.55 10.38 10.65 10.54 11232 5721844.93 60191051.00
19/09/2016 10.64 10.54 10.72 10.61 7312 2322479.55 24655296.00
20/09/2016 10.62 10.52 10.75 10.55 6647 2616186.20 27757517.00
21/09/2016 10.55 10.54 10.90 10.76 9743 3433592.61 36853805.00
22/09/2016 10.94 10.85 11.11 10.93 17174 6388929.05 70236011.00
23/09/2016 11.04 10.62 11.11 10.77 9726 3169025.36 34157543.00
26/09/2016 10.64 10.64 10.83 10.68 7645 2202452.97 23604486.00
27/09/2016 10.65 10.55 10.81 10.68 8705 2775296.57 29593885.00
28/09/2016 10.75 10.59 10.85 10.73 10033 3352765.47 36013175.00
29/09/2016 10.81 10.50 10.84 10.57 10029 3759560.74 39955893.00
30/09/2016 10.62 10.46 10.73 10.64 12754 5072105.69 53779954.00
03/10/2016 10.59 10.59 11.07 10.90 13078 7724484.87 84210554.00
04/10/2016 10.85 10.70 10.99 10.93 14754 7099491.00 77221939.00
05/10/2016 10.98 10.88 11.10 11.03 10310 3154918.19 34644897.00
06/10/2016 10.98 10.85 10.98 10.97 10554 4211221.44 45892295.00
07/10/2016 11.02 10.82 11.26 11.20 21718 10234636.03 113705524.00
10/10/2016 11.21 11.07 11.33 11.18 11271 3602300.49 40291948.00
11/10/2016 11.20 11.03 11.26 11.05 11315 5835742.98 64890267.00
13/10/2016 10.99 10.89 11.16 11.15 14193 8035652.03 88942144.00
14/10/2016 11.18 11.08 11.26 11.09 13112 6666215.88 74499349.00
17/10/2016 11.09 11.04 11.32 11.32 12882 11321581.90 126337091.00
18/10/2016 11.33 11.26 11.77 11.74 20016 8394459.80 97331735.00
19/10/2016 11.67 11.59 11.85 11.82 17027 9054721.60 106290250.00
20/10/2016 11.88 11.45 11.89 11.72 18804 8805302.21 102445840.00
21/10/2016 11.72 11.47 11.78 11.67 11068 5909863.44 68789514.00
24/10/2016 11.61 11.61 11.81 11.69 9651 4803606.94 56257372.00
25/10/2016 11.61 11.38 11.69 11.50 15187 4761401.06 54679514.00
26/10/2016 11.49 11.31 11.54 11.42 11395 4350096.12 49687803.00
27/10/2016 11.42 11.19 11.59 11.20 13660 3728108.69 42182902.00
28/10/2016 11.24 10.79 11.26 11.10 21355 7477725.03 82726979.00
31/10/2016 11.22 10.94 11.22 11.05 14906 4856104.11 53518225.00
01/11/2016 11.10 10.61 11.10 10.72 13396 5579501.27 60041484.00
03/11/2016 10.67 10.40 10.76 10.46 16287 8925444.42 94420777.00
04/11/2016 10.53 10.37 10.67 10.38 17064 9632421.77 100822778.00
07/11/2016 10.47 10.47 10.95 10.78 17912 9401156.69 101542877.00
08/11/2016 10.71 10.48 10.82 10.55 12600 6185993.94 65617214.00
09/11/2016 10.04 10.04 10.60 10.46 16051 6188769.12 64223649.00
10/11/2016 10.38 9.62 10.47 9.62 30066 8918622.10 87937017.00
11/11/2016 9.50 9.10 9.61 9.22 38085 13771719.77 128001137.00
14/11/2016 9.09 8.74 9.23 9.12 36950 13542189.18 121486745.00
16/11/2016 9.30 8.99 9.41 9.27 15722 9382077.32 86847114.00
17/11/2016 9.40 9.17 9.40 9.21 16630 7908109.34 73488251.00
18/11/2016 9.26 9.05 9.32 9.17 15055 5321756.34 48949559.00
21/11/2016 9.21 9.19 9.34 9.27 11510 5277237.82 48940294.00
22/11/2016 9.37 9.16 9.57 9.22 14854 9060271.96 85160378.00
23/11/2016 9.24 9.11 9.29 9.20 10208 6156854.54 56615783.00
24/11/2016 9.26 9.15 9.37 9.23 3648 2714589.49 25109613.00
25/11/2016 9.10 8.90 9.31 9.31 12687 14608205.55 135301339.00
28/11/2016 9.33 9.22 9.48 9.39 10394 2269404.21 21179323.00
29/11/2016 9.34 9.12 9.37 9.12 10232 9994120.35 92809645.00
30/11/2016 9.34 9.20 9.43 9.34 13010 6899215.44 64435974.00
01/12/2016 9.15 8.86 9.19 8.95 20606 9640631.68 86754414.00
02/12/2016 8.81 8.69 9.15 9.14 14211 12432463.70 111594756.00
05/12/2016 9.11 8.99 9.24 9.13 11210 3881437.44 35250731.00
06/12/2016 8.98 8.96 9.27 9.14 11418 8951114.85 81747853.00
07/12/2016 9.28 9.12 9.43 9.30 20968 19950313.22 185701577.00
08/12/2016 9.44 9.19 9.44 9.30 12869 8935273.19 82857708.00
09/12/2016 9.34 9.18 9.44 9.34 12471 19057745.66 176954760.00
12/12/2016 9.20 9.14 9.69 9.38 12563 15450357.34 146255970.00
13/12/2016 9.31 9.21 9.77 9.73 14875 20130353.09 194445067.00
14/12/2016 9.84 9.36 9.84 9.50 13117 6194088.22 59133008.00
15/12/2016 9.46 9.21 9.49 9.23 12777 7042484.16 65352891.00
16/12/2016 9.27 9.26 9.73 9.56 11421 10780074.72 101669832.00
19/12/2016 9.51 9.28 9.57 9.36 9142 3407922.19 31972185.00
20/12/2016 9.40 9.31 9.56 9.54 14794 5474738.19 51864409.00
21/12/2016 9.60 9.29 9.65 9.56 15889 10863214.51 103404413.00
22/12/2016 9.48 9.48 9.83 9.77 13397 9761005.15 94217042.00
23/12/2016 9.77 9.76 10.12 9.99 13997 7596248.39 75416930.00
26/12/2016 10.00 9.99 10.18 10.09 4295 1401003.84 14144925.00
27/12/2016 10.18 10.04 10.25 10.25 7150 3306859.35 33495965.00
28/12/2016 10.23 10.07 10.27 10.16 9149 2662207.95 27103057.00
29/12/2016 10.17 10.12 10.47 10.33 11052 5639167.66 58002473.00
02/01/2017 10.24 10.14 10.45 10.45 6062 2169266.43 22390766.00
03/01/2017 10.46 10.46 11.04 11.02 23097 8673943.65 93880053.00
04/01/2017 10.90 10.90 11.33 11.00 13817 5923392.44 65857156.00
05/01/2017 11.04 10.81 11.48 11.25 18534 9892826.24 110422562.00
06/01/2017 11.33 11.03 11.33 11.14 15440 7798374.06 87026844.00
09/01/2017 11.14 11.03 11.29 11.16 15560 5591642.69 62633113.00
10/01/2017 11.27 10.87 11.28 11.13 8507 6067933.12 67090292.00
11/01/2017 11.22 10.87 11.26 11.08 12628 4773426.84 52618314.00
12/01/2017 11.74 11.67 12.19 12.02 53672 21897449.55 262389054.00
13/01/2017 12.03 11.74 12.19 11.93 15457 5624135.43 66819473.00
16/01/2017 11.93 11.78 12.02 11.87 7565 2112722.12 25080281.00
17/01/2017 11.85 11.74 11.99 11.82 11282 4483998.60 53147305.00
18/01/2017 11.86 11.43 11.90 11.55 13005 4865585.98 56710453.00
19/01/2017 11.50 11.41 11.63 11.56 14278 3681740.04 42432466.00
20/01/2017 11.59 11.48 11.67 11.58 12007 4365590.88 50533792.00
23/01/2017 11.58 11.52 12.20 12.11 18606 7674531.62 91545057.00
24/01/2017 12.10 11.92 12.36 12.15 15884 5296548.45 64495891.00
26/01/2017 12.25 11.90 12.31 12.08 21502 11105695.95 134239931.00
27/01/2017 12.08 11.82 12.19 11.94 16512 5242663.69 63098066.00
30/01/2017 12.02 11.64 12.02 11.78 14211 4287192.02 50541405.00
31/01/2017 11.74 11.68 12.73 12.69 23403 9156362.60 113812990.00
01/02/2017 12.76 12.51 13.06 12.97 21943 10501515.93 134875924.00
02/02/2017 12.84 12.63 12.95 12.70 14138 7438294.34 94969686.00
03/02/2017 12.71 12.59 13.03 12.86 18334 7821963.10 100263980.00
06/02/2017 12.89 12.58 12.92 12.64 10335 3657688.47 46505476.00
07/02/2017 12.72 12.55 12.84 12.67 9704 3180010.46 40435693.00
08/02/2017 12.74 12.58 12.84 12.76 14489 5642636.64 71877941.00
09/02/2017 12.80 12.70 13.06 12.93 18270 7940139.56 102925807.00
10/02/2017 12.89 12.82 13.31 13.25 17348 7470440.18 98143111.00
13/02/2017 13.28 13.00 13.35 13.06 16538 4224634.81 55528996.00
14/02/2017 13.15 12.78 13.54 12.96 22854 8634166.06 112606578.00
15/02/2017 12.98 12.94 13.52 13.32 20295 6926157.82 91984430.00
16/02/2017 13.27 12.93 13.38 13.15 14796 8447188.24 111085823.00
17/02/2017 13.00 12.95 13.18 13.09 10685 4023896.73 52577954.00
20/02/2017 13.11 12.99 13.20 13.10 9994 2672614.87 34932210.00
21/02/2017 13.11 13.10 13.58 13.56 18404 6347879.50 85222171.00
22/02/2017 13.53 13.36 13.71 13.40 15888 6536244.90 88210143.00
23/02/2017 13.46 13.02 13.54 13.08 20354 7640420.02 101588886.00
24/02/2017 13.02 12.76 13.15 12.90 16561 4579164.18 59515483.00
01/03/2017 12.90 12.89 13.15 13.14 11040 2541834.47 33121278.00
02/03/2017 12.98 12.86 13.09 13.02 11146 3031422.64 39405269.00
03/03/2017 12.94 12.72 13.08 12.89 9242 2889310.25 37203531.00
06/03/2017 12.90 12.70 12.95 12.76 17757 14436722.50 185314544.00
07/03/2017 12.76 12.73 13.08 12.96 18037 6298620.03 81068094.00
08/03/2017 12.96 12.65 13.06 12.84 10004 3797950.74 48802887.00
09/03/2017 12.75 12.57 12.82 12.75 10589 4222900.33 53573203.00
10/03/2017 12.89 12.70 13.06 12.84 15061 8680303.44 111488162.00
13/03/2017 12.84 12.74 12.95 12.82 11741 6436107.12 82529652.00
14/03/2017 12.82 12.66 13.21 12.81 14212 3999266.99 51539005.00
15/03/2017 12.85 12.37 13.27 13.27 14502 5193635.49 67087568.00
16/03/2017 13.18 12.80 13.19 12.80 12139 4167049.81 53918965.00
17/03/2017 12.89 12.26 12.91 12.31 17442 7664702.85 95111856.00
20/03/2017 12.31 12.11 12.64 12.42 14837 4885012.24 60669399.00
21/03/2017 12.36 11.97 12.50 12.29 15334 4270309.67 52150358.00
22/03/2017 12.23 11.92 12.23 12.13 12780 6234443.97 75133259.00
23/03/2017 11.98 11.94 12.45 12.37 10355 6437147.82 78994031.00
24/03/2017 12.36 12.13 12.63 12.31 13900 6323827.93 78559583.00
27/03/2017 12.19 11.80 12.19 12.11 13045 4180116.29 50087530.00
28/03/2017 12.11 12.02 12.36 12.25 6741 2874971.82 35111869.00
29/03/2017 12.23 12.16 12.67 12.50 11112 4960520.29 61894441.00
30/03/2017 12.50 12.29 12.59 12.32 6101 2803395.28 34808781.00
31/03/2017 12.27 12.22 12.53 12.53 5864 2905151.91 36126841.00
03/04/2017 12.55 12.32 12.66 12.49 7575 2549813.12 31753444.00
04/04/2017 12.49 12.33 12.50 12.48 7228 1840060.59 22845645.00
05/04/2017 12.51 12.27 12.72 12.41 11791 3435211.47 43066532.00
06/04/2017 12.44 12.06 12.45 12.25 12712 3899707.38 47895274.00
07/04/2017 12.26 12.11 12.41 12.19 9761 3116528.19 38114898.00
10/04/2017 12.20 11.98 12.37 12.17 11449 4088997.85 49778679.00
11/04/2017 12.16 12.03 12.44 12.26 11118 3534192.92 43470677.00
12/04/2017 12.34 12.17 12.37 12.19 9750 4061824.20 49830865.00
13/04/2017 12.28 12.12 12.47 12.19 9836 5336672.94 65811333.00
17/04/2017 12.20 12.20 12.63 12.51 9537 5458549.64 67905359.00
18/04/2017 12.50 12.47 12.75 12.56 7409 4995441.32 62863654.00
19/04/2017 12.63 11.92 12.72 12.11 12262 6734439.07 81922571.00
20/04/2017 12.29 11.87 12.29 12.08 9784 4510478.45 54464626.00
24/04/2017 12.15 12.10 12.30 12.11 8583 3282345.25 39930181.00
25/04/2017 12.05 11.95 12.57 12.51 11216 4492671.04 55557245.00
26/04/2017 12.51 12.19 12.51 12.19 10021 4990353.49 61273651.00
27/04/2017 12.25 11.87 12.29 12.02 11570 4551528.00 54711732.00
28/04/2017 12.04 11.99 12.36 12.15 8154 4564016.32 55614534.00
02/05/2017 12.31 12.00 12.49 12.17 22110 6893100.00 84532969.00
03/05/2017 12.18 11.99 12.43 12.06 14038 7168500.00 87160286.00
04/05/2017 12.00 11.93 12.17 12.00 17399 7416900.00 89483962.00
05/05/2017 12.00 11.85 12.67 12.67 16501 7956900.00 97668670.00
08/05/2017 12.75 12.20 12.75 12.43 17151 5776500.00 71500541.00
09/05/2017 12.52 12.25 12.92 12.90 20418 6632700.00 84507930.00
10/05/2017 12.90 12.90 13.52 13.30 23537 10451100.00 139385912.00
11/05/2017 13.21 13.18 13.51 13.51 11472 7378700.00 99015416.00
12/05/2017 13.51 13.13 13.60 13.30 12163 6006300.00 80158605.00
15/05/2017 13.34 13.12 13.34 13.24 9693 4970200.00 65709024.00
16/05/2017 13.25 13.21 13.56 13.55 12132 3683600.00 49303318.00
17/05/2017 13.40 13.35 13.66 13.66 9165 3975100.00 53633173.00
18/05/2017 10.90 10.90 12.19 11.70 29328 16136900.00 189911025.00
19/05/2017 11.70 11.50 12.05 11.75 22997 10288900.00 121358819.00
22/05/2017 11.44 10.84 11.54 11.20 28047 10869300.00 120833374.00
23/05/2017 11.21 11.20 11.68 11.35 27648 15361100.00 174554033.00
24/05/2017 11.59 11.47 11.95 11.85 26868 12470500.00 146833754.00
25/05/2017 11.70 11.57 11.98 11.83 18964 10415400.00 122230637.00
26/05/2017 11.95 11.86 12.21 12.15 14844 4943000.00 59776030.00
29/05/2017 12.01 11.89 12.21 12.15 8554 4117800.00 49688285.00
30/05/2017 12.26 11.90 12.26 12.04 11530 3719300.00 44649307.00
31/05/2017 12.08 11.84 12.18 11.98 22534 8471700.00 101312954.00
01/06/2017 12.01 11.84 12.29 11.84 23148 15579400.00 186009222.00
02/06/2017 12.00 11.56 12.03 11.72 13585 5297100.00 62111567.00
05/06/2017 11.78 11.61 11.99 11.82 11546 4751300.00 56364698.00
06/06/2017 12.03 11.91 12.56 12.30 23383 8905800.00 108534294.00
07/06/2017 12.31 12.30 12.73 12.48 20205 6902400.00 86292583.00
08/06/2017 12.41 12.04 12.43 12.31 19896 6954600.00 84807667.00
09/06/2017 12.31 12.16 12.59 12.24 21586 8738400.00 107760650.00
12/06/2017 12.23 11.96 12.29 12.09 24915 5086900.00 61492070.00
13/06/2017 12.02 11.81 12.14 12.08 16890 4110400.00 49228864.00
14/06/2017 12.09 12.06 12.30 12.25 11362 5008700.00 61145219.00
16/06/2017 12.24 12.22 12.74 12.35 21674 11917300.00 148014358.00
