20/06/2016 8.10 7.95 8.16 8.09 1439 388200.00 3131152.00
21/06/2016 8.01 8.01 8.20 8.20 1011 300100.00 2439216.00
22/06/2016 8.15 8.11 8.27 8.24 696 493900.00 4052070.00
23/06/2016 8.27 8.14 8.30 8.27 1164 459700.00 3792242.00
24/06/2016 8.00 7.90 8.17 8.15 511 814400.00 6599301.00
27/06/2016 8.15 7.94 8.15 8.05 1186 428100.00 3450219.00
28/06/2016 8.07 7.92 8.10 7.95 1421 869300.00 6930691.00
29/06/2016 8.00 7.64 8.04 7.64 2476 1120600.00 8741709.00
30/06/2016 7.55 7.49 7.73 7.50 2493 697300.00 5287837.00
01/07/2016 7.48 7.48 7.76 7.60 2168 496600.00 3783251.00
04/07/2016 7.61 7.61 7.73 7.61 482 128700.00 983153.00
05/07/2016 7.61 7.45 7.65 7.54 1671 373500.00 2821846.00
06/07/2016 7.55 7.32 7.59 7.45 1050 266500.00 1976250.00
07/07/2016 7.44 7.43 7.60 7.48 601 135600.00 1019327.00
08/07/2016 7.48 7.36 7.57 7.47 1101 376500.00 2804478.00
11/07/2016 7.52 7.40 7.66 7.55 1359 373300.00 2802283.00
12/07/2016 7.56 7.49 7.70 7.56 861 426200.00 3226238.00
13/07/2016 7.59 7.48 7.60 7.51 409 133400.00 1003576.00
14/07/2016 7.53 7.37 7.57 7.45 920 230400.00 1717541.00
15/07/2016 7.41 7.40 7.54 7.54 568 150400.00 1124987.00
18/07/2016 7.58 7.51 7.74 7.74 970 332700.00 2543347.00
19/07/2016 7.73 7.67 8.16 7.98 1988 611600.00 4837669.00
20/07/2016 8.00 7.95 8.42 8.42 2248 644100.00 5335342.00
21/07/2016 8.45 8.35 8.57 8.55 2473 587600.00 4981146.00
22/07/2016 8.61 8.61 9.35 9.10 3915 1809800.00 16383650.00
25/07/2016 9.20 8.87 9.23 9.09 3422 956400.00 8688946.00
26/07/2016 9.04 8.67 9.09 8.85 2723 697900.00 6206423.00
27/07/2016 8.81 8.71 8.94 8.85 2894 573300.00 5063799.00
28/07/2016 8.90 8.75 9.15 8.94 1356 347200.00 3098266.00
29/07/2016 8.99 8.84 9.09 9.02 2030 546300.00 4904530.00
01/08/2016 9.06 9.01 9.24 9.09 1726 360700.00 3288488.00
02/08/2016 9.05 8.89 9.18 9.15 695 267200.00 2419335.00
03/08/2016 9.20 9.06 9.20 9.06 599 140700.00 1279119.00
04/08/2016 9.12 9.02 9.24 9.15 545 229400.00 2098704.00
05/08/2016 9.25 9.11 9.35 9.19 902 332100.00 3054515.00
08/08/2016 9.29 8.94 9.32 9.07 1399 334000.00 3031755.00
09/08/2016 9.11 9.00 9.11 9.10 500 98700.00 895769.00
10/08/2016 9.14 8.94 9.14 8.99 316 107200.00 964714.00
11/08/2016 9.10 8.90 9.11 9.05 506 148500.00 1333959.00
12/08/2016 9.05 8.80 9.05 8.99 677 250500.00 2227615.00
15/08/2016 9.01 8.98 9.16 9.04 365 69000.00 624899.00
16/08/2016 9.09 8.90 9.09 8.97 424 87500.00 784176.00
17/08/2016 8.97 8.78 8.97 8.90 615 111100.00 985746.00
18/08/2016 8.87 8.79 8.99 8.94 393 93700.00 836895.00
19/08/2016 8.97 8.83 8.97 8.88 308 76900.00 683409.00
22/08/2016 8.89 8.74 8.98 8.98 523 293400.00 2619695.00
23/08/2016 9.09 8.69 9.09 8.69 982 385700.00 3374009.00
24/08/2016 8.62 8.48 8.75 8.59 626 198800.00 1715326.00
25/08/2016 8.56 8.43 8.59 8.54 520 145500.00 1238775.00
26/08/2016 8.57 8.48 8.61 8.60 489 100200.00 859923.00
29/08/2016 8.60 8.15 8.60 8.37 1421 1471000.00 12171976.00
30/08/2016 8.42 8.23 8.65 8.47 981 263400.00 2236046.00
31/08/2016 8.57 8.37 8.57 8.45 1263 311900.00 2635981.00
01/09/2016 8.37 8.37 8.90 8.90 814 278600.00 2426535.00
02/09/2016 8.88 8.68 8.88 8.78 661 253100.00 2221243.00
05/09/2016 8.79 8.68 8.96 8.79 573 114800.00 1008800.00
06/09/2016 8.77 8.46 8.78 8.66 2191 516200.00 4444442.00
08/09/2016 8.60 8.46 8.67 8.65 1152 324200.00 2792332.00
09/09/2016 8.60 8.43 8.65 8.51 1013 345800.00 2932381.00
12/09/2016 8.50 8.37 8.69 8.54 982 2231700.00 18933616.00
13/09/2016 8.43 8.39 8.50 8.50 924 269300.00 2271644.00
14/09/2016 8.60 8.43 8.60 8.47 794 149400.00 1266467.00
15/09/2016 8.56 8.46 8.61 8.55 543 309900.00 2638768.00
16/09/2016 8.65 8.32 8.65 8.32 801 461600.00 3858096.00
19/09/2016 8.45 8.42 8.55 8.48 906 244100.00 2070336.00
20/09/2016 8.55 8.38 8.55 8.46 856 211500.00 1784589.00
21/09/2016 8.42 8.42 8.67 8.57 1410 412500.00 3529285.00
22/09/2016 8.66 8.47 8.85 8.51 1815 431900.00 3722707.00
23/09/2016 8.45 8.34 8.54 8.46 1940 376600.00 3169846.00
26/09/2016 8.37 8.26 8.42 8.32 1620 321800.00 2680792.00
27/09/2016 8.35 8.13 8.35 8.22 2653 480600.00 3951596.00
28/09/2016 8.29 8.03 8.29 8.13 2108 481100.00 3913345.00
29/09/2016 8.15 8.15 8.47 8.27 2470 1158600.00 9547509.00
30/09/2016 8.36 8.22 8.56 8.55 1778 411000.00 3456166.00
03/10/2016 8.54 8.34 8.55 8.45 2203 558600.00 4731094.00
04/10/2016 8.55 8.36 8.55 8.45 1004 213900.00 1805300.00
05/10/2016 8.53 8.42 8.53 8.53 715 144300.00 1224160.00
06/10/2016 8.58 8.38 8.58 8.50 1432 292400.00 2476010.00
07/10/2016 8.49 8.49 8.58 8.54 1102 191500.00 1635071.00
10/10/2016 8.58 8.53 8.72 8.55 2403 411300.00 3538943.00
11/10/2016 8.59 8.49 8.64 8.55 2194 390200.00 3338633.00
13/10/2016 8.55 8.41 8.58 8.54 1770 400400.00 3403628.00
14/10/2016 8.61 8.45 8.61 8.51 1914 328600.00 2793261.00
17/10/2016 8.51 8.35 8.54 8.50 1519 393800.00 3328825.00
18/10/2016 8.55 8.42 8.55 8.53 2003 596500.00 5067150.00
19/10/2016 8.53 8.48 8.70 8.65 1108 304700.00 2622193.00
20/10/2016 8.65 8.54 8.65 8.56 741 217600.00 1864706.00
21/10/2016 8.56 8.53 8.61 8.54 635 151200.00 1295233.00
24/10/2016 8.59 8.57 8.69 8.62 660 335500.00 2883369.00
25/10/2016 8.63 8.51 8.63 8.53 670 189800.00 1628131.00
26/10/2016 8.53 8.46 8.75 8.67 836 415000.00 3558301.00
27/10/2016 8.71 8.51 8.72 8.57 1302 262300.00 2256967.00
28/10/2016 8.60 8.45 8.60 8.54 972 248600.00 2120569.00
31/10/2016 8.58 8.46 8.59 8.59 1473 305600.00 2610553.00
01/11/2016 8.54 8.52 8.62 8.58 690 433300.00 3705949.00
03/11/2016 8.60 8.41 8.60 8.41 908 253500.00 2149968.00
04/11/2016 8.45 8.41 8.56 8.54 943 241000.00 2043353.00
07/11/2016 8.63 8.57 8.75 8.75 774 400400.00 3475290.00
08/11/2016 8.77 8.71 9.20 9.20 2223 1096500.00 9771601.00
09/11/2016 8.91 8.69 9.12 8.93 2159 442100.00 3953861.00
10/11/2016 8.96 8.14 8.98 8.25 2045 591100.00 4938513.00
11/11/2016 8.25 7.80 8.25 7.80 4763 955300.00 7569737.00
14/11/2016 7.80 7.51 7.80 7.56 3256 538800.00 4104148.00
16/11/2016 7.63 7.47 7.90 7.90 1623 416800.00 3202260.00
17/11/2016 7.93 7.59 7.93 7.65 1872 1318000.00 10140594.00
18/11/2016 7.65 7.54 7.70 7.68 796 593900.00 4540407.00
21/11/2016 7.75 7.61 7.78 7.68 1331 691900.00 5315219.00
22/11/2016 7.69 7.51 8.10 7.61 4903 1316800.00 10209261.00
23/11/2016 7.60 7.50 7.84 7.80 2466 2401300.00 18501742.00
24/11/2016 7.83 7.61 7.83 7.70 1490 338800.00 2617983.00
25/11/2016 7.70 7.60 7.74 7.72 658 680200.00 5210729.00
28/11/2016 7.68 7.61 7.85 7.80 570 195100.00 1513427.00
29/11/2016 7.74 7.68 7.86 7.72 872 186500.00 1447525.00
30/11/2016 7.75 7.71 8.13 7.90 2202 874500.00 6870401.00
01/12/2016 7.90 7.65 7.90 7.68 1706 642200.00 4963766.00
02/12/2016 7.69 7.47 7.69 7.60 1379 795800.00 6036573.00
05/12/2016 7.66 7.51 7.71 7.64 1048 395100.00 3003591.00
06/12/2016 7.60 7.55 7.78 7.68 638 154200.00 1184239.00
07/12/2016 7.79 7.71 7.97 7.86 1047 261200.00 2045089.00
08/12/2016 7.93 7.65 8.22 7.75 1316 839900.00 6530628.00
09/12/2016 7.80 7.67 8.00 7.73 1880 365500.00 2846477.00
12/12/2016 7.74 7.60 7.83 7.60 1019 538100.00 4102843.00
13/12/2016 7.60 7.53 7.87 7.60 2165 695200.00 5345909.00
14/12/2016 7.64 7.45 7.70 7.53 1915 636700.00 4807671.00
15/12/2016 7.50 7.40 7.51 7.40 1170 215600.00 1601655.00
16/12/2016 7.46 7.41 7.80 7.55 2192 768500.00 5808214.00
19/12/2016 7.59 7.48 7.69 7.61 1452 403300.00 3058113.00
20/12/2016 7.67 7.45 7.68 7.51 1325 463900.00 3485824.00
21/12/2016 7.55 7.47 7.60 7.53 962 306800.00 2313501.00
22/12/2016 7.54 7.44 7.57 7.52 798 237200.00 1773921.00
23/12/2016 7.56 7.48 7.62 7.62 498 159100.00 1202762.00
26/12/2016 7.67 7.58 7.72 7.72 244 139700.00 1070630.00
27/12/2016 7.73 7.55 7.73 7.55 713 239200.00 1815363.00
28/12/2016 7.56 7.45 7.60 7.46 391 160200.00 1202716.00
29/12/2016 7.48 7.40 7.51 7.50 2210 638800.00 4770565.00
02/01/2017 7.51 7.47 7.65 7.47 367 138100.00 1040434.00
03/01/2017 7.55 7.50 7.77 7.67 1623 1176700.00 8960628.00
04/01/2017 7.70 7.63 8.11 8.00 3888 1500800.00 11958596.00
05/01/2017 8.02 8.01 8.18 8.05 2543 606100.00 4882337.00
06/01/2017 8.06 7.90 8.11 7.97 1051 260700.00 2083070.00
09/01/2017 8.00 7.62 8.00 7.91 1059 451400.00 3540038.00
10/01/2017 7.91 7.78 7.93 7.79 892 272100.00 2128053.00
11/01/2017 7.89 7.69 7.89 7.80 940 195400.00 1520720.00
12/01/2017 7.93 7.93 8.05 8.04 1561 841900.00 6746271.00
13/01/2017 8.04 7.87 8.05 7.99 865 214800.00 1707405.00
16/01/2017 7.99 7.81 8.00 7.91 1316 267700.00 2113892.00
17/01/2017 7.92 7.80 8.10 7.90 2077 488200.00 3884390.00
18/01/2017 7.95 7.62 7.99 7.75 1234 464200.00 3628921.00
19/01/2017 7.65 7.50 7.68 7.52 3501 1138500.00 8597007.00
20/01/2017 7.54 7.45 7.69 7.65 2271 3717000.00 27896701.00
23/01/2017 7.65 7.55 7.80 7.71 1612 1016700.00 7775601.00
24/01/2017 7.73 7.66 7.99 7.79 2631 2088600.00 16226456.00
26/01/2017 7.85 7.79 8.00 7.86 2534 2265900.00 17968694.00
27/01/2017 7.85 7.84 7.98 7.90 1481 749300.00 5936249.00
30/01/2017 7.92 7.88 8.07 7.95 1359 413000.00 3285910.00
31/01/2017 8.02 7.87 8.03 7.97 988 547300.00 4350154.00
01/02/2017 8.04 7.97 8.40 8.35 3652 1543600.00 12793441.00
02/02/2017 8.31 8.26 8.50 8.36 1809 1044700.00 8744241.00
03/02/2017 8.29 8.29 8.67 8.65 2632 1173100.00 10016683.00
06/02/2017 8.68 8.51 8.75 8.59 1433 714700.00 6161442.00
07/02/2017 8.59 8.38 8.72 8.65 2764 2221000.00 18957555.00
08/02/2017 8.67 8.51 8.67 8.61 2081 1935600.00 16647378.00
09/02/2017 8.61 8.61 9.08 8.95 7087 3866500.00 34267577.00
10/02/2017 9.00 8.87 9.19 9.11 4615 2207300.00 19964398.00
13/02/2017 9.12 9.10 9.25 9.25 3490 1634200.00 15050249.00
14/02/2017 9.20 9.04 9.35 9.35 5146 3969700.00 36354415.00
15/02/2017 9.37 9.18 9.45 9.25 3172 2272600.00 21051988.00
16/02/2017 9.30 9.05 9.49 9.24 5496 2236900.00 20821414.00
17/02/2017 9.24 9.16 9.45 9.45 2824 827500.00 7723166.00
20/02/2017 9.45 9.29 9.48 9.43 1684 670400.00 6311404.00
21/02/2017 9.40 9.38 9.70 9.65 2222 681200.00 6541657.00
22/02/2017 9.65 9.33 9.65 9.52 2602 832600.00 7877813.00
23/02/2017 9.65 9.36 9.65 9.48 3612 841300.00 7947837.00
24/02/2017 9.45 9.39 9.59 9.45 3782 691900.00 6553817.00
01/03/2017 9.46 9.25 9.61 9.34 3497 665400.00 6213772.00
02/03/2017 9.35 9.20 9.44 9.39 2998 671900.00 6294617.00
03/03/2017 9.33 9.32 9.44 9.44 1113 467600.00 4396888.00
06/03/2017 9.47 9.32 9.52 9.52 2010 543200.00 5132680.00
07/03/2017 9.52 9.35 9.52 9.44 1194 381200.00 3594953.00
08/03/2017 9.41 9.14 9.41 9.28 2251 1289200.00 11959844.00
09/03/2017 9.21 9.08 9.27 9.27 1202 284300.00 2615703.00
10/03/2017 9.26 9.10 9.30 9.15 3062 812400.00 7442594.00
13/03/2017 9.23 9.03 9.23 9.12 1941 410600.00 3739680.00
14/03/2017 9.11 9.05 9.21 9.10 1897 308900.00 2810103.00
15/03/2017 9.11 8.92 9.11 9.00 2491 808900.00 7268985.00
16/03/2017 9.08 8.90 9.09 8.95 3846 1804300.00 16205132.00
17/03/2017 8.99 8.83 9.06 8.91 2076 595500.00 5308185.00
20/03/2017 8.93 8.82 9.10 9.01 1604 333700.00 2999653.00
21/03/2017 9.12 8.85 9.15 8.99 1685 632100.00 5665922.00
22/03/2017 8.99 8.71 8.99 8.79 4743 942200.00 8277618.00
23/03/2017 8.75 8.71 9.00 9.00 2957 560400.00 4970003.00
24/03/2017 9.00 8.68 9.00 8.78 2810 853500.00 7504806.00
27/03/2017 8.75 8.61 8.83 8.78 2557 460800.00 4012970.00
28/03/2017 8.73 8.72 8.93 8.84 2315 468300.00 4134643.00
29/03/2017 8.89 8.89 9.21 9.17 1692 518500.00 4695151.00
30/03/2017 9.21 8.97 9.23 8.98 1724 354200.00 3206331.00
31/03/2017 8.89 8.89 9.19 9.16 1762 311000.00 2831702.00
03/04/2017 9.16 9.04 9.30 9.20 1265 611500.00 5605176.00
04/04/2017 9.20 9.07 9.29 9.15 1479 271200.00 2480039.00
05/04/2017 9.19 9.11 9.35 9.24 1756 365200.00 3381514.00
06/04/2017 9.24 8.98 9.24 9.11 1459 321000.00 2916526.00
07/04/2017 9.10 9.00 9.22 9.22 3416 574900.00 5238176.00
10/04/2017 9.26 9.10 9.40 9.35 2742 481800.00 4473094.00
11/04/2017 9.32 9.32 9.62 9.40 1914 537100.00 5090414.00
12/04/2017 9.31 9.09 9.39 9.22 2398 526300.00 4846904.00
13/04/2017 9.16 9.16 9.34 9.28 1215 593400.00 5500543.00
17/04/2017 9.25 9.14 9.38 9.20 2314 904000.00 8351023.00
18/04/2017 9.15 9.15 9.38 9.34 1015 388000.00 3584708.00
19/04/2017 9.42 9.30 9.48 9.33 1356 496800.00 4665068.00
20/04/2017 9.46 9.28 9.48 9.39 1414 338200.00 3163900.00
24/04/2017 9.37 9.31 9.53 9.38 1125 299900.00 2816087.00
25/04/2017 9.36 9.31 9.40 9.40 1224 255300.00 2392914.00
26/04/2017 9.43 9.35 9.45 9.42 2305 621300.00 5835398.00
27/04/2017 9.47 9.25 9.50 9.30 1585 363600.00 3396024.00
28/04/2017 9.35 9.30 9.60 9.44 664 690500.00 6546067.00
02/05/2017 9.44 9.42 9.59 9.44 1543 495700.00 4702649.00
03/05/2017 9.45 9.34 9.53 9.53 2014 382600.00 3600012.00
04/05/2017 9.45 9.38 9.56 9.49 1213 312500.00 2957229.00
05/05/2017 9.49 9.34 9.70 9.60 3040 2997400.00 28731315.00
08/05/2017 9.68 9.54 9.90 9.68 3213 725700.00 7054157.00
09/05/2017 9.71 9.62 9.82 9.67 1970 668200.00 6500014.00
10/05/2017 9.85 9.75 9.90 9.77 967 396900.00 3895552.00
11/05/2017 9.80 9.50 9.85 9.73 3193 982100.00 9541005.00
12/05/2017 9.85 9.73 9.98 9.83 2987 808600.00 7971025.00
15/05/2017 9.93 9.78 9.93 9.80 1572 461900.00 4537229.00
16/05/2017 9.80 9.80 10.20 9.91 1727 764600.00 7564128.00
17/05/2017 9.91 9.73 9.98 9.87 1244 217800.00 2148749.00
18/05/2017 8.40 8.40 8.79 8.71 4173 1272900.00 10965811.00
19/05/2017 8.70 8.65 8.91 8.88 1716 551500.00 4878406.00
22/05/2017 8.85 8.14 8.85 8.30 4007 1015200.00 8490168.00
23/05/2017 8.24 8.24 8.59 8.50 1707 392400.00 3344301.00
24/05/2017 8.53 8.50 8.93 8.83 2097 548600.00 4795348.00
25/05/2017 8.81 8.79 8.92 8.80 1536 585600.00 5177555.00
26/05/2017 8.88 8.75 8.95 8.84 1673 401200.00 3558941.00
29/05/2017 8.77 8.75 8.97 8.97 344 165500.00 1476724.00
30/05/2017 8.94 8.77 8.96 8.84 2724 551900.00 4873064.00
31/05/2017 8.85 8.58 8.93 8.74 2409 1046400.00 9134346.00
01/06/2017 8.72 8.68 8.80 8.75 1833 321800.00 2808489.00
02/06/2017 8.75 8.73 8.96 8.90 2583 944000.00 8336889.00
05/06/2017 8.92 8.82 8.99 8.94 1140 440400.00 3912515.00
06/06/2017 8.94 8.85 8.99 8.92 1122 205900.00 1839581.00
07/06/2017 8.89 8.86 9.08 9.02 1531 319300.00 2860286.00
08/06/2017 9.00 8.85 9.00 8.90 1275 326500.00 2905039.00
09/06/2017 8.95 8.73 8.97 8.90 2256 455900.00 4038879.00
12/06/2017 8.89 8.71 8.90 8.77 2973 501700.00 4411008.00
13/06/2017 8.80 8.71 8.85 8.77 1058 228100.00 1999144.00
14/06/2017 8.77 8.76 8.85 8.77 835 202900.00 1784220.00
16/06/2017 8.80 8.78 8.97 8.92 2397 601000.00 5360960.00
