20/06/2016 7.21 7.14 7.46 7.23 6927 1422968.02 10411095.00
21/06/2016 7.26 7.09 7.36 7.32 1690 438179.20 3172601.00
22/06/2016 7.39 7.24 7.46 7.30 2684 541944.85 3984009.00
23/06/2016 7.33 7.33 7.65 7.65 1978 532096.95 3984360.00
24/06/2016 7.28 7.18 7.47 7.39 2278 647369.08 4771342.00
27/06/2016 7.44 7.13 7.44 7.13 2903 951202.34 6857685.00
28/06/2016 7.24 7.24 7.92 7.84 3056 1755619.31 13237776.00
29/06/2016 7.86 7.86 8.20 8.20 5224 1217820.96 9853644.00
30/06/2016 8.15 7.95 8.25 8.24 3720 1213363.50 9867532.00
01/07/2016 8.26 8.13 8.39 8.35 3002 833442.34 6896450.00
04/07/2016 8.34 8.23 8.49 8.30 2288 672869.92 5611188.00
05/07/2016 8.30 8.18 8.46 8.44 3338 800892.47 6652435.00
06/07/2016 8.41 8.22 8.41 8.28 2881 676290.76 5620982.00
07/07/2016 8.28 8.28 8.55 8.52 3875 922487.98 7793841.00
08/07/2016 8.51 8.39 8.73 8.69 3493 814990.50 6977598.00
11/07/2016 8.67 8.67 8.84 8.82 1863 389147.08 3417249.00
12/07/2016 8.78 8.54 8.91 8.66 3428 814783.18 7070608.00
13/07/2016 8.67 8.57 9.10 9.10 2866 1983261.03 17925332.00
14/07/2016 9.10 9.10 9.60 9.48 4702 1008631.08 9504953.00
15/07/2016 9.48 9.18 9.53 9.36 4066 865266.56 8066708.00
18/07/2016 9.47 9.32 9.59 9.59 2846 724182.61 6855621.00
19/07/2016 9.60 9.52 10.16 10.16 4785 1223004.07 12152073.00
20/07/2016 10.13 9.94 10.33 10.08 4189 2895590.14 29173162.00
21/07/2016 9.99 9.74 10.39 10.12 3557 974733.61 9898165.00
22/07/2016 10.22 9.97 10.40 10.18 4467 1329361.26 13401652.00
25/07/2016 10.17 10.15 10.50 10.42 4212 838210.79 8686439.00
26/07/2016 10.43 10.26 10.62 10.29 4048 1507141.56 15815351.00
27/07/2016 10.42 10.02 10.42 10.11 3468 1747119.04 17866876.00
28/07/2016 10.08 9.79 10.12 10.05 2715 686449.64 6852252.00
29/07/2016 10.08 9.99 10.51 10.40 2597 646436.12 6675086.00
01/08/2016 10.40 10.38 10.57 10.55 5418 823283.46 8632474.00
02/08/2016 10.54 10.24 10.54 10.43 1203 301552.70 3128020.00
03/08/2016 10.42 10.26 10.49 10.38 2040 557597.79 5799235.00
04/08/2016 10.38 10.38 10.76 10.47 2791 582165.68 6148677.00
05/08/2016 10.48 10.34 10.68 10.54 1275 398062.01 4169271.00
08/08/2016 10.43 10.33 10.52 10.47 947 250861.99 2610653.00
09/08/2016 10.51 10.25 10.56 10.35 1707 439630.47 4566922.00
10/08/2016 10.44 10.30 10.69 10.51 3545 856351.63 9042306.00
11/08/2016 10.52 10.52 10.69 10.60 2000 503797.23 5343179.00
12/08/2016 10.65 10.52 10.98 10.87 3461 768446.27 8313061.00
15/08/2016 10.96 10.88 11.14 11.06 2318 3171434.66 35159668.00
16/08/2016 11.00 11.00 11.65 11.53 3626 1065748.83 12170676.00
17/08/2016 11.38 11.20 11.61 11.24 3548 1343148.30 15240208.00
18/08/2016 11.26 11.04 11.34 11.15 3667 796538.67 8890289.00
19/08/2016 11.15 11.02 11.33 11.28 1633 387384.82 4345421.00
22/08/2016 11.20 10.78 11.23 10.84 2497 489284.55 5363298.00
23/08/2016 10.82 10.51 10.95 10.51 5060 1307592.24 13869525.00
24/08/2016 10.46 10.38 10.76 10.53 3291 701895.27 7435797.00
25/08/2016 10.61 10.14 10.61 10.27 3219 668827.11 6889976.00
26/08/2016 10.23 9.89 10.43 10.03 3971 864126.28 8726806.00
29/08/2016 10.10 9.93 10.40 10.38 3878 1755722.98 17992792.00
30/08/2016 10.35 10.11 10.52 10.41 2118 1085237.29 11134011.00
31/08/2016 10.46 10.22 10.61 10.42 2145 610361.75 6384718.00
01/09/2016 10.47 10.19 10.73 10.73 3106 1302927.44 13728516.00
02/09/2016 10.71 10.55 11.14 11.14 3481 896157.83 9718792.00
05/09/2016 11.09 10.84 11.09 11.00 1404 419001.74 4587825.00
06/09/2016 10.96 10.96 11.34 11.34 2023 496437.23 5538588.00
08/09/2016 11.34 11.18 11.39 11.37 3838 1046299.55 11835541.00
09/09/2016 11.25 10.82 11.25 10.83 2831 796805.99 8774775.00
12/09/2016 10.77 10.52 11.12 11.04 2040 457915.68 4982396.00
13/09/2016 11.04 10.46 11.04 10.90 2974 763601.49 8149681.00
14/09/2016 10.89 10.55 11.01 10.75 3657 950364.06 10148220.00
15/09/2016 10.78 10.78 11.08 11.01 2334 467723.79 5140558.00
16/09/2016 10.92 10.78 11.05 11.01 1878 524222.54 5740828.00
19/09/2016 11.02 10.91 11.20 10.99 2827 808657.45 8925755.00
20/09/2016 11.00 10.83 11.32 11.27 2788 671446.21 7484758.00
21/09/2016 11.26 11.06 11.45 11.35 2401 436460.47 4930899.00
22/09/2016 11.42 11.26 11.50 11.37 3658 928704.51 10556147.00
23/09/2016 11.31 10.92 11.35 11.08 4682 991435.49 11000683.00
26/09/2016 10.98 10.63 10.98 10.70 1616 511451.57 5501628.00
27/09/2016 10.77 10.54 10.86 10.74 1508 524324.70 5630198.00
28/09/2016 10.77 10.70 10.97 10.83 2551 618829.84 6720730.00
29/09/2016 10.96 10.69 11.08 10.70 2247 797827.67 8737236.00
30/09/2016 10.67 10.20 10.87 10.24 4618 1480512.32 15320599.00
03/10/2016 10.33 10.25 10.68 10.62 5136 1207520.19 12748612.00
04/10/2016 10.62 10.51 10.86 10.81 4234 681049.98 7282719.00
05/10/2016 10.76 10.53 11.04 10.96 6024 1307440.22 14179365.00
06/10/2016 10.96 10.83 11.23 11.06 2850 962317.69 10627597.00
07/10/2016 11.09 11.09 11.33 11.25 2778 756960.59 8491993.00
10/10/2016 11.21 11.21 11.47 11.26 1561 365249.57 4129145.00
11/10/2016 11.35 11.06 11.35 11.12 1229 320193.61 3577141.00
13/10/2016 11.11 11.11 11.44 11.40 3238 805694.59 9156784.00
14/10/2016 11.42 11.42 12.04 11.90 2639 1282000.46 15166263.00
17/10/2016 11.95 11.83 12.24 12.22 2233 837162.24 10136685.00
18/10/2016 12.22 12.14 12.67 12.58 3435 1082875.58 13527964.00
19/10/2016 12.58 12.40 12.61 12.58 2959 784852.38 9814464.00
20/10/2016 12.48 12.31 12.68 12.43 2928 695659.96 8674750.00
21/10/2016 12.47 12.41 12.78 12.53 2497 451785.63 5706525.00
24/10/2016 12.70 12.45 12.72 12.63 1223 331636.40 4174516.00
25/10/2016 12.53 12.38 12.71 12.49 1124 322952.14 4048307.00
26/10/2016 12.48 12.44 12.84 12.65 2137 584910.16 7413531.00
27/10/2016 12.70 12.70 13.03 12.92 2296 687384.37 8878623.00
28/10/2016 12.95 12.84 13.26 13.15 3770 976723.34 12842781.00
31/10/2016 13.10 13.10 13.65 13.31 4250 1676265.66 22411132.00
01/11/2016 13.31 12.38 13.55 12.65 6090 1539871.77 19818621.00
03/11/2016 12.58 12.33 12.78 12.33 3568 946686.03 11876913.00
04/11/2016 12.34 12.33 12.72 12.34 2202 431045.58 5403838.00
07/11/2016 12.71 12.63 13.02 12.82 1885 420726.64 5438899.00
08/11/2016 12.88 12.65 13.04 12.72 4221 854530.75 10911223.00
09/11/2016 11.94 11.76 12.32 11.86 5885 2253921.92 27235896.00
10/11/2016 12.05 11.26 12.18 11.26 9237 2863863.16 33386500.00
11/11/2016 11.26 10.93 11.56 11.05 7849 1958861.56 21775971.00
14/11/2016 10.87 10.81 11.39 11.19 2877 678189.28 7551925.00
16/11/2016 11.27 11.18 11.96 11.64 5733 1285678.50 14935585.00
17/11/2016 11.67 11.23 12.04 11.23 4100 950466.24 11030638.00
18/11/2016 11.23 10.88 11.51 10.88 3392 1293749.75 14345640.00
21/11/2016 11.04 11.01 11.36 11.30 2846 690653.74 7756328.00
22/11/2016 11.40 11.28 11.94 11.50 4993 1216817.46 14172058.00
23/11/2016 11.53 11.42 11.94 11.75 5199 932076.04 10990655.00
24/11/2016 11.89 11.50 11.91 11.51 1173 262775.35 3043620.00
25/11/2016 11.47 11.21 11.60 11.31 1309 408466.51 4639792.00
28/11/2016 11.31 11.26 11.47 11.45 3621 678700.12 7710691.00
29/11/2016 11.37 11.03 11.60 11.03 1416 263694.86 2964989.00
30/11/2016 11.27 10.82 11.45 11.02 2865 691981.91 7656174.00
01/12/2016 11.00 10.38 11.00 10.47 2344 776168.12 8193182.00
02/12/2016 10.39 10.32 10.95 10.93 3203 945153.51 10187305.00
05/12/2016 10.96 10.71 11.16 10.80 3171 698214.15 7568372.00
06/12/2016 10.78 10.54 11.18 10.98 2642 638241.70 6999772.00
07/12/2016 11.04 10.93 11.27 11.01 2114 353500.29 3918756.00
08/12/2016 11.15 10.96 11.28 11.05 1452 329695.21 3649628.00
09/12/2016 11.01 10.92 11.30 11.25 1041 272276.96 3042786.00
12/12/2016 11.26 10.46 11.26 10.46 1698 461900.23 4895590.00
13/12/2016 10.55 10.52 10.90 10.63 1671 483559.78 5195861.00
14/12/2016 10.53 10.43 10.72 10.44 2325 439934.17 4639976.00
15/12/2016 10.43 10.35 10.50 10.45 2713 689938.56 7209434.00
16/12/2016 10.47 10.24 10.69 10.40 4390 962930.69 10047094.00
19/12/2016 10.43 10.26 10.52 10.28 1940 569789.33 5902439.00
20/12/2016 10.35 10.24 10.45 10.35 1859 383435.43 3956312.00
21/12/2016 10.29 10.10 10.45 10.15 1115 343896.52 3502266.00
22/12/2016 10.25 9.59 10.25 9.61 3445 1112095.55 10838929.00
23/12/2016 9.77 9.65 10.15 10.12 2112 930747.87 9283583.00
26/12/2016 10.18 9.91 10.23 10.08 295 107378.27 1082874.00
27/12/2016 10.08 9.96 10.33 10.01 776 194425.16 1960688.00
28/12/2016 10.03 10.00 10.31 10.18 1776 418989.79 4268906.00
29/12/2016 10.18 9.97 10.23 10.10 2744 502256.48 5048447.00
02/01/2017 10.09 9.99 10.49 10.44 1048 287499.95 2990612.00
03/01/2017 10.45 10.45 11.01 11.01 1990 636198.35 6925652.00
04/01/2017 10.98 10.87 11.35 11.34 1846 509919.06 5730908.00
05/01/2017 11.35 11.07 11.60 11.50 1242 369847.12 4218447.00
06/01/2017 11.50 11.41 11.74 11.70 1821 558653.06 6505131.00
09/01/2017 11.70 11.37 11.73 11.58 2299 780050.49 8971260.00
10/01/2017 11.58 11.29 11.69 11.50 2600 765849.18 8802684.00
11/01/2017 11.50 11.50 11.94 11.93 1738 548947.12 6436146.00
12/01/2017 12.05 12.05 12.79 12.52 4421 1228975.41 15359520.00
13/01/2017 12.47 12.28 12.61 12.51 4129 1044358.36 13000296.00
16/01/2017 12.62 12.41 12.76 12.55 1074 252865.09 3190370.00
17/01/2017 12.42 12.42 13.13 13.05 2565 687077.87 8858266.00
18/01/2017 13.05 12.75 13.17 12.82 3144 1580432.35 20413340.00
19/01/2017 13.01 12.39 13.03 12.53 3245 2270881.76 28645708.00
20/01/2017 12.58 12.24 12.62 12.38 2886 1039658.64 12938854.00
23/01/2017 12.33 12.33 12.84 12.59 3102 721610.56 9129366.00
24/01/2017 12.59 12.49 12.96 12.74 2626 987961.78 12517297.00
26/01/2017 13.46 13.46 14.67 14.55 8790 4862774.46 69595788.00
27/01/2017 14.98 14.98 16.15 15.51 6122 2572991.68 39825049.00
30/01/2017 15.68 14.89 15.87 15.18 4785 1202309.64 18455432.00
31/01/2017 15.04 15.04 15.48 15.42 3612 1116284.43 17106889.00
01/02/2017 15.41 15.26 15.81 15.42 4801 1307542.38 20342715.00
02/02/2017 15.42 14.40 15.50 15.00 5165 1201083.64 18063418.00
03/02/2017 15.10 14.77 15.58 15.57 2299 1199857.62 18476490.00
06/02/2017 15.71 15.16 15.71 15.44 2110 612188.94 9401436.00
07/02/2017 15.47 15.27 15.55 15.54 2169 550581.81 8479437.00
08/02/2017 15.60 15.18 15.60 15.32 3231 1157458.02 17795626.00
09/02/2017 15.41 15.17 16.27 16.27 7325 4257430.77 67327770.00
10/02/2017 16.16 16.06 17.33 17.09 4631 2972569.61 50299142.00
13/02/2017 16.64 16.41 17.08 16.73 5359 2569926.65 42720123.00
14/02/2017 16.64 16.15 16.82 16.48 4207 2529876.91 41551914.00
15/02/2017 16.63 16.09 16.64 16.24 5591 1584825.57 25750316.00
16/02/2017 16.25 16.00 16.33 16.15 3584 829090.99 13412600.00
17/02/2017 16.05 15.97 16.59 16.49 2992 826434.63 13496697.00
20/02/2017 16.60 16.38 16.88 16.87 1233 359221.67 5999982.00
21/02/2017 17.23 17.23 19.08 18.61 8886 2958674.79 54765250.00
22/02/2017 18.67 17.24 18.89 17.42 12043 2757302.23 48826796.00
23/02/2017 17.71 16.46 17.71 16.91 6236 1370069.03 23122292.00
24/02/2017 16.93 16.25 17.01 16.27 5691 1170535.48 19363356.00
01/03/2017 16.25 15.50 16.82 16.54 5407 1148978.10 18865163.00
02/03/2017 16.81 15.95 16.99 16.38 4083 861375.99 14041897.00
03/03/2017 16.37 16.23 16.62 16.57 4918 1622934.12 26730549.00
06/03/2017 16.71 16.31 16.93 16.81 3396 653464.69 10947170.00
07/03/2017 16.93 16.57 17.13 16.82 4799 1107906.68 18696043.00
08/03/2017 16.98 16.04 17.00 16.39 4898 979788.37 16033102.00
09/03/2017 16.40 15.70 16.40 15.94 2528 677576.27 10874041.00
10/03/2017 15.90 15.57 16.24 16.00 2580 1118736.46 17746625.00
13/03/2017 16.14 15.81 16.14 16.00 4043 880277.01 14044188.00
14/03/2017 16.09 15.38 16.12 15.38 4030 1629655.57 25600535.00
15/03/2017 15.36 14.78 15.79 14.98 6783 1571522.19 23847763.00
16/03/2017 15.05 14.84 15.43 15.16 5124 1317858.45 19980833.00
17/03/2017 15.58 14.71 15.86 15.15 7305 2172469.69 33253777.00
20/03/2017 14.98 14.79 15.31 14.86 2412 522998.22 7823960.00
21/03/2017 14.84 14.34 15.02 14.63 3157 758362.58 11055699.00
22/03/2017 14.63 14.27 14.70 14.45 3255 822865.36 11927468.00
23/03/2017 14.44 14.27 14.60 14.32 5430 1148614.49 16507647.00
24/03/2017 14.35 14.33 14.70 14.37 2460 481243.29 6969965.00
27/03/2017 14.30 13.94 14.38 14.30 3481 614292.90 8739578.00
28/03/2017 14.24 14.22 14.87 14.80 3915 838738.30 12241735.00
29/03/2017 14.81 14.62 15.08 15.04 2763 1172272.25 17536659.00
30/03/2017 15.18 14.68 15.18 14.84 4099 4478595.60 66077243.00
31/03/2017 14.88 14.44 15.03 14.96 3255 4124942.45 61356648.00
03/04/2017 14.95 14.94 15.89 15.83 3490 2989471.16 46473285.00
04/04/2017 15.76 15.36 16.12 15.73 3268 998579.82 15648684.00
05/04/2017 15.82 14.95 15.94 15.11 4592 844298.88 12900860.00
06/04/2017 15.11 14.34 15.11 14.49 4550 1034369.76 15216928.00
07/04/2017 14.49 14.37 15.21 14.98 2414 617022.64 9197933.00
10/04/2017 14.86 14.45 15.12 14.54 2002 450912.83 6568747.00
11/04/2017 14.59 14.39 14.87 14.64 2597 631884.57 9248321.00
12/04/2017 14.64 14.07 14.67 14.07 2251 658575.37 9345570.00
13/04/2017 14.09 14.02 14.53 14.14 1891 369424.99 5265012.00
17/04/2017 14.14 14.07 14.86 14.62 1698 372862.44 5428716.00
18/04/2017 14.63 14.09 14.74 14.39 2026 376603.20 5403715.00
19/04/2017 14.59 14.07 14.83 14.42 2405 620156.79 8926252.00
20/04/2017 14.42 14.15 14.64 14.15 2497 778380.68 11123939.00
24/04/2017 14.22 14.00 14.70 14.14 3302 680008.89 9724387.00
25/04/2017 14.16 14.05 14.36 14.31 845 214638.55 3057137.00
26/04/2017 14.44 14.09 14.44 14.11 1457 298350.62 4230372.00
27/04/2017 14.26 13.78 14.26 14.03 1411 495296.40 6945507.00
28/04/2017 14.05 13.80 14.23 14.06 2108 786772.11 11020182.00
02/05/2017 14.06 14.05 14.75 14.69 5723 1247289.58 18162025.00
03/05/2017 14.74 14.60 15.23 15.08 2417 1212510.66 18248009.00
04/05/2017 15.09 14.54 15.09 14.79 3115 924674.60 13596260.00
05/05/2017 14.69 14.69 15.14 14.98 3451 808610.04 12125627.00
08/05/2017 14.98 14.76 15.02 14.94 1483 336567.00 5005215.00
09/05/2017 14.93 14.85 15.47 15.43 2844 742792.95 11346128.00
10/05/2017 15.44 15.33 15.78 15.69 3711 960262.34 14940181.00
11/05/2017 15.67 15.53 16.22 16.18 4628 1234752.99 19755240.00
12/05/2017 16.27 15.99 16.39 16.20 3442 584063.54 9421842.00
15/05/2017 16.20 15.14 16.20 15.43 4075 1439281.39 22278135.00
16/05/2017 15.68 15.46 15.75 15.68 4238 834400.00 13046035.00
17/05/2017 15.68 15.40 15.68 15.68 2171 2308100.00 35908622.00
18/05/2017 13.40 12.36 13.49 12.52 13870 4036500.00 51568098.00
19/05/2017 12.98 12.70 13.25 12.90 4749 1523400.00 19656339.00
22/05/2017 12.70 12.01 12.70 12.20 5794 1421500.00 17532117.00
23/05/2017 12.12 12.08 12.55 12.55 3792 2110400.00 25977413.00
24/05/2017 12.78 12.75 13.14 12.98 3206 1203000.00 15518445.00
25/05/2017 12.97 12.80 13.25 13.25 3117 1247400.00 16238603.00
26/05/2017 13.28 13.27 14.03 13.88 5760 1993900.00 27243739.00
29/05/2017 13.74 13.63 14.15 14.15 1500 537500.00 7507299.00
30/05/2017 14.15 13.94 14.28 14.05 5826 1285700.00 18113543.00
31/05/2017 14.00 13.67 14.09 13.85 5893 1355000.00 18705723.00
01/06/2017 13.78 13.09 13.85 13.20 4197 1995800.00 26728736.00
02/06/2017 13.23 12.99 13.46 13.20 4164 748700.00 9868124.00
05/06/2017 13.05 12.83 13.14 12.90 2777 877700.00 11376443.00
06/06/2017 12.85 12.65 13.37 13.09 3629 1824800.00 23571914.00
07/06/2017 13.15 12.82 13.42 13.05 6017 1900100.00 24629151.00
08/06/2017 12.87 12.70 13.04 12.71 3491 1086500.00 13863499.00
09/06/2017 12.72 12.15 12.87 12.36 6780 1930800.00 24025304.00
12/06/2017 12.46 12.17 12.51 12.35 2019 538800.00 6639994.00
13/06/2017 12.34 12.16 12.50 12.43 1766 682800.00 8432144.00
14/06/2017 12.60 12.27 12.63 12.50 3228 1117800.00 13992010.00
16/06/2017 12.50 12.15 12.53 12.35 2408 677700.00 8325680.00
