28/06/2016 12.68 12.48 12.68 12.48 4 820.25 10340.00
29/06/2016 12.48 11.68 12.48 11.68 6 1537.97 18724.00
01/07/2016 12.18 12.18 12.18 12.18 2 205.06 2498.00
04/07/2016 12.18 12.18 12.18 12.18 1 102.53 1249.00
05/07/2016 11.70 11.32 11.70 11.32 7 1640.50 18750.00
06/07/2016 11.54 11.54 11.54 11.54 2 205.06 2368.00
13/07/2016 11.60 11.60 11.60 11.60 2 410.13 4760.00
15/07/2016 11.60 11.60 12.29 12.29 5 1948.09 23630.00
25/07/2016 12.57 12.57 12.57 12.57 2 1127.84 14179.00
26/07/2016 12.57 12.57 12.57 12.57 2 205.06 2578.00
27/07/2016 12.55 12.55 12.55 12.55 1 1011.72 12700.00
29/07/2016 11.97 11.97 12.36 12.36 4 404.69 4912.00
02/08/2016 12.36 12.36 12.36 12.36 1 101.17 1250.00
09/08/2016 12.85 12.85 12.85 12.85 3 5260.93 67600.00
16/08/2016 12.85 12.85 12.85 12.85 1 101.17 1300.00
17/08/2016 11.96 11.81 11.96 11.81 4 505.86 5996.00
23/08/2016 12.26 12.26 12.26 12.26 3 70213.17 860560.00
25/08/2016 13.34 13.34 13.34 13.34 1 3035.15 40500.00
01/09/2016 13.34 13.34 13.34 13.34 2 1112.89 14850.00
02/09/2016 13.34 13.34 13.34 13.34 3 404.69 5400.00
12/09/2016 13.85 13.85 14.63 14.63 3 7689.05 112191.00
10/10/2016 13.11 13.11 13.11 13.11 2 202.34 2652.00
14/10/2016 12.36 11.86 12.36 11.86 2 202.34 2450.00
18/10/2016 11.88 11.88 11.88 11.88 1 100.00 1188.00
19/10/2016 13.00 13.00 13.00 13.00 1 100.00 1300.00
20/10/2016 11.90 11.90 11.90 11.90 3 500.00 5950.00
24/10/2016 12.06 12.06 12.06 12.06 1 100.00 1206.00
27/10/2016 13.00 13.00 13.00 13.00 3 500.00 6500.00
28/10/2016 14.00 14.00 14.30 14.30 3 600.00 8520.00
10/11/2016 17.00 17.00 18.00 17.00 3 400.00 6900.00
16/11/2016 16.59 15.90 16.59 15.90 2 300.00 4839.00
24/11/2016 17.00 17.00 17.00 17.00 1 100.00 1700.00
01/12/2016 14.00 14.00 14.00 14.00 1 100.00 1400.00
02/12/2016 16.00 16.00 16.00 16.00 2 200.00 3200.00
05/12/2016 15.55 15.55 15.55 15.55 4 752800.00 11706040.00
06/12/2016 15.55 15.55 15.55 15.55 1 300.00 4665.00
07/12/2016 16.40 16.40 16.40 16.40 20 78600.00 1289040.00
08/12/2016 16.40 16.40 16.40 16.40 1 100.00 1640.00
09/12/2016 16.40 16.40 16.50 16.50 2 400.00 6570.00
12/12/2016 16.00 16.00 16.00 16.00 1 100.00 1600.00
13/12/2016 16.00 16.00 16.00 16.00 4 1300.00 20800.00
14/12/2016 16.00 16.00 16.00 16.00 2 700.00 11200.00
15/12/2016 16.00 16.00 16.00 16.00 1 200.00 3200.00
03/01/2017 16.00 16.00 16.00 16.00 3 300.00 4800.00
09/01/2017 17.50 17.50 17.50 17.50 1 200.00 3500.00
19/01/2017 16.01 16.01 16.01 16.01 2 200.00 3202.00
20/01/2017 15.50 15.50 15.50 15.50 1 100.00 1550.00
24/01/2017 16.50 16.50 16.50 16.50 2 200.00 3300.00
26/01/2017 17.00 17.00 17.00 17.00 2 400.00 6800.00
09/02/2017 15.25 15.25 15.25 15.25 8 1000.00 15250.00
14/02/2017 15.25 15.25 15.25 15.25 1 100.00 1525.00
16/02/2017 15.30 15.30 15.30 15.30 5 1600.00 24480.00
21/02/2017 15.31 15.31 15.31 15.31 1 1800.00 27558.00
22/02/2017 15.36 15.36 15.36 15.36 1 100.00 1536.00
24/02/2017 16.01 15.40 16.01 15.40 5 11200.00 179129.00
03/03/2017 15.36 15.36 15.36 15.36 1 100.00 1536.00
06/03/2017 15.88 15.88 15.90 15.90 2 400.00 6358.00
07/03/2017 15.36 15.30 15.36 15.30 6 1000.00 15353.00
08/03/2017 15.90 15.90 16.20 16.20 2 1000.00 15930.00
10/03/2017 16.99 16.99 16.99 16.99 1 100.00 1699.00
13/03/2017 15.75 15.75 15.75 15.75 1 600.00 9450.00
15/03/2017 15.72 15.72 15.72 15.72 1 100.00 1572.00
16/03/2017 15.72 15.72 15.72 15.72 2 200.00 3144.00
29/03/2017 15.80 15.80 15.80 15.80 1 100.00 1580.00
03/04/2017 16.69 16.69 17.50 17.50 5 1000.00 17176.00
04/04/2017 17.99 17.99 17.99 17.99 1 100.00 1799.00
07/04/2017 17.99 17.00 17.99 17.00 2 1300.00 23090.00
20/04/2017 17.99 17.99 18.00 18.00 7 8400.00 151130.00
25/04/2017 16.26 16.26 16.26 16.26 3 300.00 4878.00
02/05/2017 17.50 17.50 17.50 17.50 3 1100.00 19250.00
04/05/2017 17.50 17.50 17.50 17.50 1 100.00 1750.00
09/05/2017 19.50 19.50 20.00 20.00 7 1300.00 25700.00
10/05/2017 20.00 20.00 20.00 20.00 3 1600.00 32000.00
12/05/2017 19.00 19.00 19.00 19.00 3 300.00 5700.00
15/05/2017 19.00 19.00 19.00 19.00 2 1200.00 22800.00
16/05/2017 19.01 19.00 19.01 19.00 2 200.00 3801.00
18/05/2017 18.00 18.00 18.99 18.99 3 300.00 5499.00
24/05/2017 18.99 18.99 18.99 18.99 2 700.00 13293.00
25/05/2017 18.99 18.99 19.51 19.51 23 80700.00 1533055.00
26/05/2017 20.00 20.00 20.00 20.00 3 1100.00 22000.00
31/05/2017 20.18 20.00 20.18 20.00 2 10200.00 204018.00
02/06/2017 20.00 20.00 20.00 20.00 1 1000.00 20000.00
05/06/2017 20.00 20.00 20.00 20.00 6 5800.00 116000.00
06/06/2017 20.50 20.50 21.49 21.49 3 66400.00 1361299.00
07/06/2017 20.01 20.01 20.01 20.01 1 100.00 2001.00
12/06/2017 20.00 20.00 20.00 20.00 1 100.00 2000.00
