22/06/2016 10.40 9.96 10.40 10.17 22 5200.00 52947.00
23/06/2016 10.05 10.05 10.80 10.16 16 5500.00 56481.00
24/06/2016 9.80 9.80 9.80 9.80 3 800.00 7840.00
28/06/2016 9.85 9.85 10.14 10.00 4 4200.00 41723.00
29/06/2016 10.18 10.00 10.18 10.18 3 300.00 3036.00
30/06/2016 10.19 10.19 10.80 10.80 3 2100.00 21460.00
01/07/2016 10.80 10.39 10.80 10.80 9 3900.00 41086.00
04/07/2016 10.80 10.80 10.80 10.80 1 100.00 1080.00
05/07/2016 10.80 10.80 10.80 10.80 1 100.00 1080.00
06/07/2016 10.80 10.59 10.80 10.80 4 2000.00 21453.00
07/07/2016 10.79 10.59 10.79 10.79 3 600.00 6394.00
08/07/2016 10.75 10.75 10.75 10.75 3 300.00 3225.00
11/07/2016 10.75 10.38 11.00 11.00 37 6500.00 69533.00
12/07/2016 10.90 10.90 12.67 11.84 22 9100.00 105240.00
13/07/2016 11.83 11.83 12.10 11.89 8 5400.00 64480.00
14/07/2016 11.79 11.74 11.92 11.92 3 400.00 4737.00
18/07/2016 11.92 11.82 12.10 12.10 3 1300.00 15404.00
19/07/2016 12.10 12.10 12.10 12.10 1 100.00 1210.00
22/07/2016 11.95 11.95 11.95 11.95 1 100.00 1195.00
25/07/2016 11.95 11.77 12.10 12.05 12 3300.00 39586.00
26/07/2016 12.10 11.98 12.13 11.98 16 6300.00 76112.00
27/07/2016 11.97 11.97 11.98 11.98 3 600.00 7187.00
28/07/2016 11.97 11.97 12.00 12.00 3 2200.00 26373.00
29/07/2016 12.00 12.00 12.00 12.00 3 300.00 3600.00
01/08/2016 11.87 11.87 12.00 12.00 2 1100.00 13070.00
02/08/2016 11.77 11.50 11.77 11.50 3 4300.00 49990.00
03/08/2016 11.30 11.08 11.53 11.31 8 6900.00 77967.00
04/08/2016 11.30 11.30 11.30 11.30 1 100.00 1130.00
08/08/2016 11.10 11.10 11.10 11.10 1 300.00 3330.00
09/08/2016 11.21 11.21 11.47 11.47 3 2300.00 25827.00
10/08/2016 11.70 11.43 11.70 11.43 2 2100.00 24030.00
11/08/2016 11.21 10.80 11.21 10.90 9 2300.00 25315.00
12/08/2016 11.01 10.90 11.01 10.90 4 1400.00 15382.00
15/08/2016 10.80 10.70 10.80 10.70 2 400.00 4290.00
16/08/2016 10.70 10.70 10.70 10.70 2 300.00 3210.00
17/08/2016 10.70 10.70 10.75 10.75 9 4000.00 42910.00
18/08/2016 10.73 10.32 10.73 10.32 9 4000.00 42146.00
19/08/2016 10.35 10.12 10.35 10.32 6 4300.00 44208.00
22/08/2016 10.20 9.88 10.20 10.19 5 4400.00 44566.00
23/08/2016 10.10 10.00 10.10 10.00 3 3500.00 35200.00
24/08/2016 10.00 10.00 10.01 10.00 51 20100.00 201037.00
25/08/2016 10.00 9.95 10.20 9.95 21 12800.00 128398.00
26/08/2016 10.00 9.50 10.00 9.70 17 8200.00 80124.00
29/08/2016 9.77 9.77 9.77 9.77 1 100.00 977.00
30/08/2016 9.92 9.81 10.04 9.81 5 1500.00 14907.00
31/08/2016 9.81 9.44 9.94 9.69 13 10500.00 102465.00
01/09/2016 11.50 9.96 11.50 9.98 10 3000.00 30823.00
02/09/2016 10.00 9.90 10.00 9.96 4 1200.00 11938.00
05/09/2016 10.00 9.96 10.00 9.96 2 600.00 5980.00
06/09/2016 9.81 9.71 9.81 9.71 2 800.00 7828.00
08/09/2016 9.60 9.34 9.60 9.34 5 3400.00 32197.00
09/09/2016 9.34 9.17 9.34 9.19 6 2800.00 25848.00
12/09/2016 9.20 9.05 9.20 9.05 3 1400.00 12701.00
13/09/2016 8.88 8.63 8.88 8.63 4 2200.00 19252.00
14/09/2016 8.47 8.47 8.63 8.63 5 800.00 6839.00
19/09/2016 8.64 8.64 9.00 8.87 4 3300.00 28941.00
20/09/2016 8.87 8.87 9.00 9.00 10 1000.00 8913.00
21/09/2016 8.81 8.70 9.00 9.00 10 7500.00 65866.00
22/09/2016 8.83 8.83 9.00 9.00 2 2100.00 18560.00
23/09/2016 8.83 8.31 8.83 8.33 15 6500.00 55329.00
26/09/2016 8.22 7.90 8.22 8.10 17 2700.00 21758.00
27/09/2016 8.01 7.91 8.03 7.92 18 3200.00 25565.00
28/09/2016 7.93 7.91 7.93 7.91 4 500.00 3959.00
29/09/2016 7.91 7.91 7.91 7.91 1 500.00 3955.00
30/09/2016 7.91 7.91 8.69 8.50 14 4200.00 34090.00
03/10/2016 8.69 8.01 8.69 8.55 25 11200.00 92357.00
04/10/2016 8.10 7.87 8.10 7.87 25 15900.00 127256.00
05/10/2016 7.88 7.85 8.00 7.85 20 11300.00 89694.00
06/10/2016 7.82 7.80 7.92 7.85 10 4200.00 32945.00
07/10/2016 7.79 7.79 7.85 7.85 5 4500.00 35287.00
10/10/2016 7.85 7.83 7.99 7.83 6 4500.00 35342.00
11/10/2016 7.60 7.48 7.60 7.48 33 5000.00 37545.00
13/10/2016 7.55 7.55 7.60 7.60 8 4500.00 33980.00
14/10/2016 7.72 7.46 7.72 7.46 12 12500.00 94098.00
17/10/2016 7.46 7.30 7.46 7.30 14 16500.00 121904.00
18/10/2016 7.31 7.00 7.31 7.05 28 44000.00 313485.00
19/10/2016 7.06 7.05 7.31 7.15 20 21100.00 150801.00
20/10/2016 7.16 7.16 7.19 7.19 2 300.00 2151.00
21/10/2016 7.18 7.15 7.19 7.19 5 3300.00 23693.00
24/10/2016 7.16 7.08 7.19 7.15 11 12300.00 87981.00
25/10/2016 7.10 7.10 7.20 7.10 13 24000.00 170832.00
26/10/2016 7.10 7.08 7.49 7.20 23 30600.00 217778.00
27/10/2016 8.06 7.96 8.34 8.17 350 265600.00 2148528.00
28/10/2016 8.23 8.15 8.29 8.20 118 94800.00 779195.00
31/10/2016 8.40 8.23 8.45 8.23 72 33600.00 280352.00
01/11/2016 8.40 8.10 8.41 8.22 149 55900.00 462665.00
03/11/2016 8.30 8.20 8.58 8.20 377 205500.00 1700867.00
04/11/2016 8.25 7.75 8.30 7.90 352 249800.00 1978957.00
07/11/2016 7.99 7.80 7.99 7.81 184 112400.00 880537.00
08/11/2016 7.81 7.79 7.98 7.80 121 66800.00 522897.00
09/11/2016 7.77 7.48 7.80 7.60 239 156700.00 1188650.00
10/11/2016 8.04 7.30 8.12 7.39 272 164500.00 1254593.00
11/11/2016 7.30 6.90 7.30 6.99 284 221700.00 1555345.00
14/11/2016 7.03 7.03 7.41 7.30 84 55300.00 402916.00
16/11/2016 7.35 7.30 7.50 7.30 166 81800.00 603694.00
17/11/2016 7.40 7.28 7.55 7.30 119 57300.00 422574.00
18/11/2016 7.40 7.27 8.62 7.69 648 417000.00 3230963.00
21/11/2016 8.00 7.80 8.25 7.80 601 553100.00 4432074.00
22/11/2016 7.86 7.68 8.07 7.80 287 155200.00 1217246.00
23/11/2016 7.89 7.54 7.89 7.69 198 81200.00 622716.00
24/11/2016 7.74 7.60 7.94 7.60 177 55100.00 423466.00
25/11/2016 7.60 7.33 7.60 7.47 197 66100.00 492605.00
28/11/2016 7.65 7.26 7.65 7.30 206 94400.00 692048.00
29/11/2016 7.32 7.26 7.50 7.33 143 41100.00 301070.00
30/11/2016 7.40 7.34 7.60 7.50 136 52100.00 388344.00
01/12/2016 7.51 7.13 7.51 7.18 111 50400.00 370208.00
02/12/2016 7.33 7.17 7.49 7.34 107 35300.00 259039.00
05/12/2016 7.50 7.29 7.50 7.39 49 12700.00 93443.00
06/12/2016 7.18 7.18 7.49 7.40 169 46400.00 340616.00
07/12/2016 7.40 7.22 7.40 7.36 176 50400.00 369199.00
08/12/2016 7.36 7.21 7.48 7.47 132 35000.00 256598.00
09/12/2016 7.47 7.24 7.50 7.40 97 24900.00 182225.00
12/12/2016 7.46 7.17 7.46 7.20 82 30500.00 220716.00
13/12/2016 7.30 7.18 7.30 7.19 68 21100.00 152125.00
14/12/2016 7.19 7.18 7.36 7.20 186 38100.00 275117.00
15/12/2016 7.20 7.11 7.35 7.20 90 18100.00 130836.00
16/12/2016 7.30 7.22 7.35 7.32 74 35700.00 261233.00
19/12/2016 7.39 7.21 7.39 7.22 51 12700.00 92334.00
20/12/2016 7.22 7.19 7.35 7.25 83 42100.00 305178.00
21/12/2016 7.29 7.19 7.34 7.32 75 23400.00 170369.00
22/12/2016 7.34 7.29 7.35 7.30 67 18300.00 133834.00
23/12/2016 7.34 7.33 7.60 7.57 112 161200.00 1196182.00
26/12/2016 7.59 7.41 7.65 7.44 42 14200.00 107062.00
27/12/2016 7.55 7.24 7.55 7.24 116 37700.00 275575.00
28/12/2016 7.33 7.26 7.45 7.41 104 33300.00 245529.00
29/12/2016 7.53 7.41 7.55 7.44 64 24500.00 182837.00
02/01/2017 7.50 7.39 7.55 7.47 39 7400.00 55146.00
03/01/2017 7.50 7.43 7.60 7.50 82 37900.00 284932.00
04/01/2017 7.50 7.41 7.71 7.70 146 68700.00 524305.00
05/01/2017 7.75 7.68 7.88 7.82 146 47000.00 365261.00
06/01/2017 7.82 7.56 7.82 7.70 79 29200.00 224725.00
09/01/2017 7.82 7.64 7.82 7.72 160 54500.00 419974.00
10/01/2017 7.72 7.55 7.73 7.57 69 24000.00 182956.00
11/01/2017 7.59 7.55 7.74 7.55 78 36200.00 276424.00
12/01/2017 7.64 7.55 7.73 7.64 75 47700.00 364524.00
13/01/2017 7.79 7.43 7.79 7.45 136 72700.00 550393.00
16/01/2017 7.45 7.34 7.49 7.49 181 68000.00 502943.00
17/01/2017 7.40 7.20 7.40 7.28 177 99400.00 723245.00
18/01/2017 7.40 7.22 7.43 7.34 185 66000.00 482135.00
19/01/2017 7.40 7.33 7.41 7.39 152 57200.00 422238.00
20/01/2017 7.43 7.36 7.44 7.43 73 21500.00 159426.00
23/01/2017 7.45 7.36 7.62 7.45 224 82100.00 613572.00
24/01/2017 7.50 7.30 7.50 7.49 216 100700.00 742468.00
26/01/2017 7.50 7.42 7.50 7.43 267 165400.00 1237536.00
27/01/2017 7.53 7.31 7.56 7.56 154 72800.00 544838.00
30/01/2017 7.59 7.52 7.60 7.58 167 116900.00 885522.00
31/01/2017 7.55 7.41 7.59 7.58 181 78900.00 592691.00
01/02/2017 7.56 7.45 7.57 7.53 93 25900.00 194892.00
02/02/2017 7.52 7.43 7.52 7.48 104 42900.00 319562.00
03/02/2017 7.50 7.48 7.59 7.56 104 38300.00 288723.00
06/02/2017 7.56 7.42 7.56 7.43 164 68400.00 512199.00
07/02/2017 7.54 7.35 7.54 7.49 150 62800.00 467461.00
08/02/2017 7.49 7.39 7.49 7.44 150 42600.00 315658.00
09/02/2017 7.45 7.41 7.66 7.66 367 129700.00 974945.00
10/02/2017 7.66 7.19 7.70 7.35 427 252200.00 1861169.00
13/02/2017 7.39 7.20 7.40 7.28 363 140200.00 1024878.00
14/02/2017 7.29 7.25 7.35 7.35 262 80100.00 585577.00
15/02/2017 7.38 7.25 7.40 7.25 185 100300.00 730896.00
16/02/2017 7.30 7.25 7.38 7.27 206 60500.00 441997.00
17/02/2017 7.34 7.22 7.35 7.22 147 47200.00 344602.00
20/02/2017 7.26 7.22 7.33 7.26 153 63100.00 457926.00
21/02/2017 7.25 7.19 7.31 7.20 139 73700.00 532868.00
22/02/2017 7.22 7.06 7.22 7.09 183 117300.00 832602.00
23/02/2017 7.20 6.96 7.20 7.02 136 76000.00 535448.00
24/02/2017 7.08 6.71 7.08 6.87 110 40600.00 280737.00
01/03/2017 6.87 6.57 6.87 6.79 124 51700.00 346470.00
02/03/2017 6.79 6.58 6.80 6.60 194 76300.00 505728.00
03/03/2017 6.65 6.59 6.74 6.61 140 38900.00 258313.00
06/03/2017 6.85 6.61 6.94 6.67 101 68400.00 462263.00
07/03/2017 6.65 6.44 6.65 6.48 165 69500.00 454757.00
08/03/2017 6.50 6.00 6.50 6.20 221 87100.00 544243.00
09/03/2017 6.20 5.85 6.20 5.85 249 104800.00 623557.00
10/03/2017 5.88 5.80 5.99 5.90 127 49600.00 292742.00
13/03/2017 6.00 5.87 6.00 5.87 78 23800.00 140086.00
14/03/2017 5.90 5.81 6.09 5.81 154 45600.00 270893.00
15/03/2017 5.82 5.56 5.83 5.75 153 47400.00 269848.00
16/03/2017 5.75 5.51 5.75 5.54 151 46800.00 259599.00
17/03/2017 5.55 5.46 5.60 5.47 113 27100.00 149708.00
20/03/2017 5.50 5.34 5.50 5.42 100 49600.00 267509.00
21/03/2017 5.59 5.12 5.59 5.20 141 52500.00 279316.00
22/03/2017 5.19 5.03 5.20 5.10 70 20000.00 102413.00
23/03/2017 5.07 4.95 5.07 5.05 133 67100.00 335981.00
24/03/2017 5.00 4.98 5.26 5.06 127 36800.00 188172.00
27/03/2017 5.10 5.06 5.14 5.06 71 26400.00 134305.00
28/03/2017 5.19 5.06 5.25 5.20 132 58300.00 300705.00
29/03/2017 5.31 5.30 5.68 5.60 327 151000.00 831491.00
30/03/2017 5.65 5.45 5.67 5.45 167 56300.00 311217.00
31/03/2017 5.59 5.31 5.59 5.35 110 44200.00 238833.00
03/04/2017 5.35 5.05 5.45 5.15 208 74500.00 385478.00
04/04/2017 5.15 5.10 5.15 5.10 187 64300.00 329544.00
05/04/2017 5.12 5.10 5.40 5.12 275 125900.00 653136.00
06/04/2017 5.23 5.05 5.23 5.06 216 82700.00 422508.00
07/04/2017 5.11 5.01 5.21 5.08 168 62600.00 317767.00
10/04/2017 5.22 4.97 5.22 4.98 233 155000.00 774976.00
11/04/2017 5.00 4.97 5.11 5.01 154 71300.00 358832.00
12/04/2017 5.01 4.97 5.11 5.00 116 39900.00 199339.00
13/04/2017 5.07 4.95 5.08 5.08 139 55300.00 276091.00
17/04/2017 5.10 4.97 5.11 4.98 93 43300.00 216855.00
18/04/2017 5.00 4.96 5.08 5.01 59 26200.00 131501.00
19/04/2017 5.10 5.10 5.50 5.20 208 113700.00 598497.00
20/04/2017 5.38 5.38 5.74 5.74 211 148100.00 819136.00
24/04/2017 6.00 5.74 6.20 5.90 356 223200.00 1332483.00
25/04/2017 6.00 5.55 6.26 6.26 459 278900.00 1679427.00
26/04/2017 6.29 6.12 6.50 6.29 212 129300.00 821664.00
27/04/2017 6.42 6.10 6.42 6.21 125 82800.00 514188.00
28/04/2017 6.21 6.13 6.35 6.13 111 46500.00 289655.00
02/05/2017 6.20 6.15 6.30 6.20 119 52800.00 326989.00
03/05/2017 6.19 6.05 6.26 6.19 109 55800.00 342260.00
04/05/2017 6.21 6.05 6.21 6.05 69 37400.00 228385.00
05/05/2017 6.10 6.07 6.30 6.23 76 33300.00 207142.00
08/05/2017 6.28 6.13 6.29 6.21 88 51300.00 319874.00
09/05/2017 6.20 6.07 6.29 6.15 77 27200.00 168247.00
10/05/2017 6.19 6.07 6.30 6.07 97 34200.00 212235.00
11/05/2017 6.20 6.05 6.20 6.13 96 50600.00 308585.00
12/05/2017 6.12 6.11 6.27 6.20 56 25200.00 155471.00
15/05/2017 6.11 6.00 6.19 6.06 87 50900.00 308178.00
16/05/2017 6.10 6.02 6.13 6.04 105 47600.00 289005.00
17/05/2017 6.10 6.01 6.11 6.03 71 27100.00 163539.00
18/05/2017 5.40 5.30 5.65 5.42 207 124400.00 675361.00
19/05/2017 5.40 5.40 5.97 5.81 139 55700.00 325746.00
22/05/2017 5.89 5.52 5.91 5.60 123 44200.00 251074.00
23/05/2017 5.65 5.53 5.65 5.60 59 38200.00 213272.00
24/05/2017 5.74 5.57 5.74 5.67 45 15900.00 90439.00
25/05/2017 5.67 5.57 5.68 5.63 71 47300.00 265111.00
26/05/2017 5.66 5.63 5.80 5.75 57 30800.00 177264.00
29/05/2017 5.81 5.80 5.95 5.95 68 30100.00 178288.00
30/05/2017 5.99 5.99 6.24 6.03 77 24800.00 150808.00
31/05/2017 6.03 5.89 6.09 5.89 102 35400.00 210572.00
01/06/2017 5.89 5.89 5.99 5.97 49 16200.00 96485.00
02/06/2017 5.97 5.66 5.97 5.78 94 62000.00 356316.00
05/06/2017 5.89 5.75 5.90 5.87 67 31200.00 183088.00
06/06/2017 5.90 5.85 5.90 5.86 34 12200.00 71763.00
07/06/2017 5.85 5.75 5.85 5.77 38 10400.00 60198.00
08/06/2017 5.71 5.71 5.90 5.78 25 5900.00 33912.00
09/06/2017 5.78 5.74 5.80 5.75 35 16700.00 96369.00
12/06/2017 5.75 5.41 5.76 5.42 90 32500.00 180176.00
13/06/2017 5.52 5.18 5.52 5.33 84 24200.00 128455.00
14/06/2017 5.45 5.42 5.50 5.48 135 24000.00 131226.00
16/06/2017 5.51 5.45 5.51 5.48 31 15200.00 83346.00
