28/06/2016 12.94 12.94 12.94 12.94 1 200.00 2588.00
29/06/2016 12.95 12.95 12.95 12.95 1 100.00 1295.00
06/07/2016 10.70 10.70 10.90 10.90 9 1400.00 15040.00
18/07/2016 11.89 11.89 12.70 12.70 5 500.00 6072.00
04/08/2016 11.00 11.00 11.00 11.00 1 200.00 2200.00
09/08/2016 12.30 12.30 12.30 12.30 1 100.00 1230.00
15/08/2016 12.50 12.50 12.50 12.50 2 200.00 2500.00
17/08/2016 12.59 12.59 12.60 12.60 3 1000.00 12599.00
18/08/2016 12.60 12.60 12.60 12.60 5 1000.00 12600.00
19/08/2016 12.60 12.60 12.70 12.70 3 1300.00 16390.00
22/08/2016 12.70 12.70 12.70 12.70 2 600.00 7620.00
23/08/2016 12.69 12.69 12.69 12.69 1 500.00 6345.00
24/08/2016 12.70 12.70 12.80 12.80 3 600.00 7630.00
25/08/2016 12.70 12.05 12.80 12.80 4 800.00 10080.00
29/08/2016 11.79 11.79 12.73 11.80 6 900.00 10854.00
30/08/2016 12.79 12.79 12.79 12.79 1 100.00 1279.00
01/09/2016 12.00 12.00 12.00 12.00 5 500.00 6000.00
02/09/2016 11.94 11.94 11.94 11.94 1 100.00 1194.00
05/09/2016 12.00 12.00 12.00 12.00 1 100.00 1200.00
26/09/2016 12.74 12.74 12.74 12.74 1 100.00 1274.00
11/10/2016 11.00 11.00 11.00 11.00 3 400.00 4400.00
24/10/2016 11.98 11.98 11.98 11.98 2 200.00 2396.00
28/10/2016 12.33 12.11 12.79 12.79 8 1300.00 16409.00
01/11/2016 11.01 11.00 11.32 11.01 9 1700.00 18737.00
07/11/2016 12.00 12.00 12.00 12.00 1 100.00 1200.00
08/11/2016 12.30 12.30 12.30 12.30 1 100.00 1230.00
17/11/2016 12.30 12.30 12.30 12.30 1 4100.00 50430.00
18/11/2016 12.30 12.30 12.30 12.30 1 4100.00 50430.00
09/12/2016 12.30 12.30 12.30 12.30 2 400.00 4920.00
28/12/2016 12.29 12.29 12.29 12.29 1 100.00 1229.00
29/12/2016 10.31 10.31 10.31 10.31 6 1700.00 17527.00
02/01/2017 9.96 9.90 9.96 9.90 7 2500.00 24870.00
03/01/2017 9.40 9.00 9.40 9.30 7 3000.00 27429.00
04/01/2017 9.00 8.40 9.00 8.60 33 8200.00 71363.00
05/01/2017 9.00 8.90 9.19 9.19 7 2200.00 19679.00
06/01/2017 9.28 9.28 9.80 9.80 2 600.00 5620.00
09/01/2017 9.01 9.01 9.63 9.01 10 1000.00 9129.00
10/01/2017 9.10 9.00 9.10 9.00 4 1200.00 10845.00
11/01/2017 9.09 9.09 9.10 9.10 2 400.00 3639.00
12/01/2017 9.10 9.10 9.10 9.10 1 1000.00 9100.00
13/01/2017 9.10 9.10 9.10 9.10 1 600.00 5460.00
18/01/2017 9.05 9.00 9.10 9.00 4 2000.00 18091.00
20/01/2017 9.10 9.10 9.10 9.10 2 1000.00 9100.00
26/01/2017 8.65 8.65 8.70 8.65 4 800.00 6925.00
03/02/2017 8.77 8.77 8.77 8.77 6 1600.00 14032.00
06/02/2017 8.01 7.98 8.01 7.98 10 2100.00 16788.00
07/02/2017 7.51 7.50 8.49 8.49 6 800.00 6199.00
16/02/2017 8.50 8.09 8.50 8.30 7 2700.00 22520.00
01/03/2017 8.31 8.31 8.50 8.50 4 700.00 5931.00
02/03/2017 8.50 8.50 8.50 8.50 1 100.00 850.00
06/03/2017 8.50 8.50 8.50 8.50 1 1000.00 8500.00
07/03/2017 8.60 8.50 8.60 8.50 6 1800.00 15401.00
08/03/2017 8.50 8.50 8.50 8.50 7 2300.00 19550.00
10/03/2017 8.01 8.01 8.01 8.01 1 100.00 801.00
21/03/2017 8.02 8.02 8.02 8.02 5 700.00 5614.00
27/03/2017 8.65 8.65 8.65 8.65 2 600.00 5190.00
03/04/2017 8.60 8.60 8.60 8.60 1 1000.00 8600.00
04/04/2017 9.00 8.95 9.00 8.99 7 1600.00 14377.00
05/04/2017 8.60 8.50 8.60 8.50 3 400.00 3420.00
07/04/2017 8.70 8.70 8.70 8.70 1 1000.00 8700.00
11/04/2017 8.70 8.60 8.70 8.60 2 1800.00 15530.00
17/04/2017 8.60 8.60 8.60 8.60 1 500.00 4300.00
08/05/2017 8.60 8.60 8.60 8.60 1 500.00 4300.00
12/05/2017 8.99 8.99 9.20 9.11 7 3800.00 34593.00
15/05/2017 9.10 9.10 9.10 9.10 1 100.00 910.00
16/05/2017 9.00 9.00 9.00 9.00 1 1300.00 11700.00
17/05/2017 9.00 9.00 9.40 9.40 5 3100.00 28980.00
25/05/2017 10.79 10.79 10.79 10.79 2 400.00 4316.00
31/05/2017 10.79 10.79 11.90 11.90 2 200.00 2269.00
01/06/2017 11.85 11.85 11.90 11.90 3 900.00 10700.00
02/06/2017 11.01 11.00 11.01 11.00 3 900.00 9901.00
05/06/2017 11.00 11.00 11.00 11.00 1 200.00 2200.00
