20/06/2016 16.22 16.14 16.64 16.46 11797 10066537.87 165662413.00
21/06/2016 16.45 16.32 16.85 16.73 17997 8439792.31 140144482.00
22/06/2016 16.70 16.43 17.15 16.77 16685 7675794.57 129229461.00
23/06/2016 16.83 16.60 17.18 17.01 12839 5046877.42 85713639.00
24/06/2016 16.31 16.16 16.88 16.71 17966 8525085.66 141279642.00
27/06/2016 16.51 16.25 16.79 16.53 12649 4620613.02 76280153.00
28/06/2016 16.74 16.72 17.04 16.95 18122 7671949.79 129708118.00
29/06/2016 17.15 17.00 17.41 17.00 13553 8910271.65 152670682.00
30/06/2016 17.06 17.06 17.79 17.79 17970 16861271.34 297097593.00
01/07/2016 17.79 17.50 17.79 17.69 14731 7270271.73 128229989.00
04/07/2016 17.79 17.60 17.96 17.79 11766 3946158.12 70166305.00
05/07/2016 17.69 17.27 17.69 17.44 11304 6485633.60 113049801.00
06/07/2016 17.21 17.04 17.54 17.30 14162 5698263.66 98507214.00
07/07/2016 17.32 17.21 17.60 17.42 14471 5538300.68 96723581.00
08/07/2016 17.69 17.59 18.01 17.94 20539 6211844.98 110921793.00
11/07/2016 18.04 18.01 18.27 18.21 15115 7000024.35 127285199.00
12/07/2016 18.28 18.24 18.68 18.48 16362 5936336.32 109738314.00
13/07/2016 18.53 18.46 19.07 18.90 19203 7049399.38 132316713.00
14/07/2016 19.17 19.01 19.77 19.59 39455 12052061.87 235550610.00
15/07/2016 19.52 19.50 20.11 19.87 14639 6894292.97 136436520.00
18/07/2016 19.86 19.75 20.19 20.13 14590 12651037.72 254005823.00
19/07/2016 20.06 19.57 20.52 19.96 20036 9317210.99 185442344.00
20/07/2016 20.01 19.08 20.06 19.12 29820 15068390.93 292878102.00
21/07/2016 19.17 18.98 19.47 19.12 25832 10404473.57 199312235.00
22/07/2016 19.31 19.07 19.42 19.09 19929 10379887.23 198935995.00
25/07/2016 19.12 18.74 19.29 18.98 13305 5426903.32 102745450.00
26/07/2016 18.90 18.85 18.98 18.86 16047 17710258.90 335110975.00
27/07/2016 18.94 18.65 19.20 18.65 19652 20951912.15 395092734.00
28/07/2016 18.59 18.51 19.07 18.98 15310 6695275.15 126388193.00
29/07/2016 19.03 18.78 19.19 18.87 24696 28235640.60 535881967.00
01/08/2016 19.03 18.38 19.05 18.55 34189 9418996.41 175428285.00
02/08/2016 18.35 17.94 18.44 18.06 39346 12431379.51 224855257.00
03/08/2016 17.93 17.60 18.25 17.99 21871 15021848.88 269649156.00
04/08/2016 18.16 18.00 19.01 18.78 22373 12320589.22 229941959.00
05/08/2016 18.91 18.63 19.04 18.90 14215 6924140.58 130560199.00
08/08/2016 18.96 18.37 18.96 18.52 12150 5185795.30 96262644.00
09/08/2016 18.55 18.39 19.09 18.81 12919 5405352.33 101729240.00
10/08/2016 18.98 18.39 18.98 18.45 13134 8448392.47 157234171.00
11/08/2016 18.40 18.40 19.02 18.93 15196 9768162.91 184248138.00
12/08/2016 18.93 18.80 19.16 19.12 14153 9885428.62 188242378.00
15/08/2016 19.26 18.49 19.27 18.54 19166 14132794.70 263991589.00
16/08/2016 18.53 18.05 18.53 18.27 13634 7409391.96 135300364.00
17/08/2016 18.36 18.15 18.65 18.54 26204 17598355.64 323064631.00
18/08/2016 18.36 17.92 18.50 18.14 18117 8892363.08 161002829.00
19/08/2016 18.04 17.79 18.12 18.09 12168 3797628.30 68192633.00
22/08/2016 18.07 17.62 18.19 17.74 14521 6133128.22 109428426.00
23/08/2016 17.69 17.65 17.94 17.79 14814 6128474.02 109205537.00
24/08/2016 17.59 17.39 17.93 17.77 12858 6721986.23 119275119.00
25/08/2016 17.82 17.66 18.18 17.84 19839 6719861.49 119970404.00
26/08/2016 17.98 17.56 18.26 17.76 17370 8327079.63 148887474.00
29/08/2016 17.74 17.61 17.89 17.65 15001 7236882.87 128515994.00
30/08/2016 17.68 17.20 17.91 17.89 19667 6730586.39 118207979.00
31/08/2016 17.93 17.35 18.02 17.70 22202 11214811.00 197779352.00
01/09/2016 17.65 17.01 17.75 17.16 23733 14363582.52 248160781.00
02/09/2016 17.20 17.18 17.78 17.77 21165 9951801.62 175110567.00
05/09/2016 17.88 17.51 17.89 17.69 6951 2649253.99 46952525.00
06/09/2016 17.78 17.54 17.82 17.76 11623 4876594.26 86320022.00
08/09/2016 17.51 17.38 17.68 17.53 15428 6205066.03 108577274.00
09/09/2016 17.19 16.55 17.20 16.73 33243 19687587.45 329529066.00
12/09/2016 16.66 16.48 16.85 16.77 24553 11444890.57 191057106.00
13/09/2016 16.48 16.01 16.50 16.21 31418 19991830.76 324257634.00
14/09/2016 16.21 16.01 16.39 16.38 16335 16136126.08 261781290.00
15/09/2016 16.38 16.29 17.08 16.95 29144 10322417.92 174289345.00
16/09/2016 16.91 16.48 17.03 16.82 19234 10371590.60 173831960.00
19/09/2016 16.84 16.72 17.03 16.91 11682 5832830.87 98641285.00
20/09/2016 16.95 16.73 17.00 16.85 13857 4591372.48 77513836.00
21/09/2016 16.91 16.43 17.16 16.99 15370 7052333.56 118664905.00
22/09/2016 17.15 16.97 17.38 17.07 21478 7974877.78 136926766.00
23/09/2016 17.20 16.58 17.20 16.79 16112 5800959.69 97494381.00
26/09/2016 16.65 16.42 16.71 16.53 13488 4007876.92 66232430.00
27/09/2016 16.53 16.18 16.84 16.64 19963 11156532.27 184401197.00
28/09/2016 16.71 16.53 16.94 16.79 15108 6117647.93 102426816.00
29/09/2016 16.85 16.43 16.88 16.43 19477 10885981.35 181307316.00
30/09/2016 16.57 16.43 16.79 16.61 19148 10972084.13 182260093.00
03/10/2016 16.61 16.61 17.24 17.20 20885 15352398.56 261574543.00
04/10/2016 17.22 16.97 17.27 17.05 22304 10913603.04 186492204.00
05/10/2016 17.15 17.10 17.34 17.24 16000 33125185.68 570734236.00
06/10/2016 17.24 17.18 17.44 17.30 17095 9636833.40 166768263.00
07/10/2016 17.49 17.26 17.71 17.60 26157 24173127.37 424298960.00
10/10/2016 17.64 17.49 17.75 17.71 18432 7587870.58 133897229.00
11/10/2016 17.59 17.24 17.63 17.29 22625 10778024.05 187860301.00
13/10/2016 17.29 16.45 17.41 17.39 31894 15220259.63 261718249.00
14/10/2016 17.45 17.40 17.76 17.49 21994 12538932.10 221100345.00
17/10/2016 17.48 17.40 17.65 17.59 20288 7986715.65 140318260.00
18/10/2016 17.78 17.32 17.78 17.62 23281 27157787.60 475327311.00
19/10/2016 17.62 17.54 18.07 18.02 18823 10668953.78 190844363.00
20/10/2016 17.97 17.76 18.38 18.38 14090 8931721.46 162257996.00
21/10/2016 18.32 18.23 18.48 18.38 18194 12698288.01 233091076.00
24/10/2016 18.43 18.19 18.52 18.44 15843 9286958.66 170692233.00
25/10/2016 18.42 18.09 18.42 18.19 16549 9055867.30 164908655.00
26/10/2016 18.04 17.96 18.26 18.24 13954 10327679.20 187331187.00
27/10/2016 18.11 18.08 18.44 18.28 17427 8622115.70 157983208.00
28/10/2016 18.25 17.97 18.33 18.09 22328 11570857.62 209568181.00
31/10/2016 18.09 18.05 18.79 18.58 16911 11997324.38 221551162.00
01/11/2016 18.58 17.80 18.74 18.04 29660 16207052.11 295207425.00
03/11/2016 17.99 17.49 18.12 17.51 18405 9864484.70 174930483.00
04/11/2016 17.48 17.32 17.94 17.39 23074 8228127.20 145057455.00
07/11/2016 17.73 17.64 18.38 18.34 17378 9595856.17 173934718.00
08/11/2016 18.10 18.06 18.47 18.19 17030 6081628.44 110732910.00
09/11/2016 17.40 17.35 18.29 17.76 20678 10972185.31 195087709.00
10/11/2016 17.99 16.56 18.01 17.16 35977 16561075.17 283454179.00
11/11/2016 16.80 16.02 17.30 16.80 56410 28214190.79 466949104.00
14/11/2016 16.31 16.01 16.62 16.55 50043 25555122.49 418651455.00
16/11/2016 16.75 16.23 16.85 16.56 39097 21295817.37 350188962.00
17/11/2016 16.74 16.12 16.75 16.27 29099 10176822.27 167146201.00
18/11/2016 16.27 16.08 16.48 16.37 20080 13013863.29 212437690.00
21/11/2016 16.51 16.09 16.53 16.26 22125 11235249.02 182952280.00
22/11/2016 16.44 16.05 16.55 16.30 20233 10236821.04 167265811.00
23/11/2016 16.31 15.96 16.31 16.11 14881 6914022.75 110989485.00
24/11/2016 16.06 15.81 16.33 16.15 10139 6943465.65 111886638.00
25/11/2016 15.87 15.87 16.32 16.23 14346 4202544.07 68055988.00
28/11/2016 16.21 16.21 16.50 16.47 18874 7061540.79 115709051.00
29/11/2016 16.31 16.28 16.46 16.30 14252 5670338.43 92832233.00
30/11/2016 16.39 16.21 16.68 16.42 19235 11592307.43 191076245.00
01/12/2016 16.06 15.13 16.19 15.54 35051 17536636.85 272889626.00
02/12/2016 15.27 15.13 15.98 15.81 32452 13566398.28 212793287.00
05/12/2016 15.90 15.38 15.93 15.46 15934 9786982.08 152052684.00
06/12/2016 15.33 15.21 15.96 15.85 26387 12690396.10 199872515.00
07/12/2016 15.95 15.77 16.17 16.05 22158 8711860.90 139284397.00
08/12/2016 16.16 15.82 16.24 15.94 20853 8525389.20 136459589.00
09/12/2016 16.05 15.49 16.05 15.56 16657 10763150.83 169119370.00
12/12/2016 15.23 15.15 15.50 15.29 14111 7557921.79 115602716.00
13/12/2016 15.29 15.29 15.56 15.54 20205 9066288.67 140125794.00
14/12/2016 15.52 14.96 15.52 15.02 22179 13301412.17 202521617.00
15/12/2016 14.88 14.77 15.10 14.83 22172 19265572.54 286259662.00
16/12/2016 14.87 14.85 15.40 15.20 23751 11233630.17 170878544.00
19/12/2016 15.32 15.21 15.62 15.33 25219 11761578.82 181621549.00
20/12/2016 15.52 15.24 15.70 15.47 17505 6413291.08 99101948.00
21/12/2016 15.56 15.17 15.56 15.40 12609 4951466.24 76009568.00
22/12/2016 15.31 15.07 15.45 15.30 12199 9561600.00 145977613.00
23/12/2016 15.40 15.26 15.97 15.74 14309 8632400.00 135635351.00
26/12/2016 15.87 15.81 15.96 15.88 5832 1717300.00 27294168.00
27/12/2016 15.99 15.89 16.19 16.10 16836 6142500.00 98564828.00
28/12/2016 16.02 16.02 16.70 16.50 19660 8965500.00 147817451.00
29/12/2016 16.50 16.42 16.74 16.50 15228 15651500.00 258201564.00
02/01/2017 16.26 16.15 16.35 16.28 7662 2806500.00 45588216.00
03/01/2017 16.35 16.35 17.04 16.95 21429 14568200.00 245403428.00
04/01/2017 16.90 16.75 17.27 17.27 17208 9410800.00 160949475.00
05/01/2017 17.28 16.97 17.29 17.06 22820 11765900.00 201034058.00
06/01/2017 17.06 16.67 17.10 17.05 17937 12561100.00 212164498.00
09/01/2017 17.08 16.92 17.25 17.05 22473 13022300.00 222745451.00
10/01/2017 17.24 17.03 17.58 17.37 19771 11583400.00 201491767.00
11/01/2017 17.50 17.38 17.67 17.45 20753 9140200.00 159934444.00
12/01/2017 18.16 17.84 18.33 17.91 34347 22120800.00 399338913.00
13/01/2017 17.82 17.74 17.98 17.88 31846 10647300.00 190216482.00
16/01/2017 17.88 17.58 17.93 17.77 13936 5364500.00 95439140.00
17/01/2017 17.81 17.60 18.08 17.88 18293 9827000.00 175311794.00
18/01/2017 17.97 17.58 17.97 17.75 19230 10604800.00 187907231.00
19/01/2017 17.71 17.63 17.89 17.85 18416 8303800.00 147684019.00
20/01/2017 17.90 17.72 18.43 18.22 17304 12215200.00 221031464.00
23/01/2017 18.10 18.00 18.64 18.54 27468 12733800.00 235236178.00
24/01/2017 18.51 17.85 18.55 18.11 28678 51401900.00 922472234.00
26/01/2017 18.28 18.04 18.52 18.30 24996 11428000.00 208984539.00
27/01/2017 18.33 18.19 18.56 18.37 17528 6262700.00 114819439.00
30/01/2017 18.19 17.94 18.27 18.19 14768 6925700.00 125096295.00
31/01/2017 18.23 18.08 18.68 18.49 15372 8089300.00 149705069.00
01/02/2017 18.60 18.37 18.78 18.54 12698 7162800.00 133172754.00
02/02/2017 18.37 18.28 18.67 18.55 11504 4923400.00 91300331.00
03/02/2017 18.56 18.47 18.92 18.71 21314 7596100.00 142845472.00
06/02/2017 18.90 18.60 18.97 18.66 11848 6078400.00 113826533.00
07/02/2017 18.81 18.63 18.96 18.76 10996 5460300.00 102620346.00
08/02/2017 18.83 18.58 18.95 18.84 18925 10358400.00 194745786.00
09/02/2017 18.94 18.61 18.95 18.78 10614 5627600.00 105779470.00
10/02/2017 18.76 18.61 18.90 18.80 19363 7441800.00 139810776.00
13/02/2017 18.80 18.65 19.00 18.90 19175 7101000.00 134166589.00
14/02/2017 18.90 18.77 18.95 18.81 20076 7489300.00 141178097.00
15/02/2017 18.98 18.84 19.59 19.56 49018 31928000.00 612643379.00
16/02/2017 19.57 19.48 20.26 19.58 25130 14519500.00 288038220.00
17/02/2017 19.47 19.21 19.84 19.70 19396 9403900.00 184288161.00
20/02/2017 19.84 19.41 19.88 19.50 11964 5851900.00 114234515.00
21/02/2017 19.60 19.52 20.00 20.00 13796 6140600.00 121776027.00
22/02/2017 19.79 19.73 20.19 20.03 16068 6915400.00 138111577.00
23/02/2017 20.10 19.22 20.43 19.51 31390 11167600.00 220276209.00
24/02/2017 19.30 18.70 19.45 19.02 17522 6388700.00 122082463.00
01/03/2017 19.15 19.10 19.57 19.10 14618 8607100.00 165335799.00
02/03/2017 19.02 18.46 19.13 18.70 26231 7607500.00 142585950.00
03/03/2017 18.75 18.68 18.93 18.80 23442 8139600.00 153044632.00
06/03/2017 18.72 18.56 18.99 18.68 16463 8871100.00 166144666.00
07/03/2017 18.62 18.42 18.89 18.47 12343 4912900.00 91735381.00
08/03/2017 18.48 18.00 18.55 18.33 16820 6200500.00 113522515.00
09/03/2017 18.06 18.02 18.48 18.20 19559 8824800.00 160676317.00
10/03/2017 18.31 18.31 18.75 18.69 23278 7500800.00 139577991.00
13/03/2017 18.79 18.61 18.98 18.91 15712 5099400.00 96150688.00
14/03/2017 18.79 18.68 19.09 18.80 17010 7434900.00 140337997.00
15/03/2017 18.88 18.31 19.30 19.28 28621 14803400.00 279447222.00
16/03/2017 19.14 18.32 19.28 18.32 28551 19059700.00 355029393.00
17/03/2017 18.45 17.96 18.62 18.21 37125 20474600.00 374755781.00
20/03/2017 18.10 17.99 18.65 18.41 18153 7780800.00 143580479.00
21/03/2017 18.42 17.82 18.46 18.37 35070 11231100.00 204196636.00
22/03/2017 18.30 18.03 19.67 18.94 53875 24859000.00 472647760.00
23/03/2017 18.74 18.30 18.96 18.70 52973 38759400.00 725420724.00
24/03/2017 18.69 18.55 18.80 18.71 20992 16550500.00 309006407.00
27/03/2017 18.52 18.19 18.71 18.68 28195 11891000.00 220472571.00
28/03/2017 18.68 18.53 18.97 18.67 33897 21992200.00 411973694.00
29/03/2017 18.51 18.51 19.48 19.35 75702 56814100.00 1093372091.00
30/03/2017 19.50 19.23 19.74 19.39 25436 12017900.00 234023182.00
31/03/2017 19.40 18.94 19.48 19.29 23136 9987300.00 192449063.00
03/04/2017 19.38 19.26 19.65 19.45 24984 10478900.00 203760693.00
04/04/2017 19.45 19.41 19.75 19.69 15063 7144300.00 139826674.00
05/04/2017 19.71 19.30 19.95 19.48 31956 12035900.00 235426710.00
06/04/2017 19.39 18.93 19.50 19.15 24574 10371000.00 199136607.00
07/04/2017 18.98 18.97 19.67 19.46 19721 7769800.00 150846492.00
10/04/2017 19.47 19.13 19.58 19.31 18025 14200700.00 274047881.00
11/04/2017 19.55 18.90 19.55 19.14 23891 13818900.00 265199872.00
12/04/2017 19.09 18.98 19.39 19.06 22268 12135900.00 231624261.00
13/04/2017 19.03 18.51 19.16 18.51 18368 13664400.00 255937765.00
17/04/2017 18.67 18.59 19.55 19.55 33598 21393100.00 409335517.00
18/04/2017 19.39 19.23 19.82 19.70 21269 14133200.00 277550266.00
19/04/2017 19.80 19.13 19.83 19.31 14159 13013500.00 251866559.00
20/04/2017 19.41 18.95 19.54 19.15 14576 6532100.00 125324544.00
24/04/2017 19.57 18.95 19.57 19.02 17612 40775900.00 779725085.00
25/04/2017 19.02 18.72 19.20 19.16 21589 10019600.00 190329615.00
26/04/2017 19.18 18.92 19.19 19.09 12081 7526500.00 143651247.00
27/04/2017 19.17 18.82 19.20 18.95 19734 10526900.00 200453426.00
28/04/2017 18.96 18.79 19.05 19.01 16412 9074200.00 171920518.00
02/05/2017 19.09 19.04 19.61 19.55 32945 11613700.00 226223635.00
03/05/2017 19.55 19.43 19.67 19.51 12995 5123300.00 100088557.00
04/05/2017 19.51 19.13 19.57 19.30 20053 10076700.00 194655709.00
05/05/2017 19.32 19.32 19.49 19.45 15715 4487400.00 87084432.00
08/05/2017 19.45 19.25 19.55 19.40 13173 3755100.00 72783804.00
09/05/2017 19.46 19.41 19.69 19.48 18034 7030800.00 137212549.00
10/05/2017 19.75 19.73 20.08 19.91 21172 10395600.00 207075970.00
11/05/2017 19.94 19.84 20.17 20.01 15589 5970000.00 119426185.00
12/05/2017 20.10 19.80 20.28 20.14 19787 11450000.00 229255982.00
15/05/2017 20.29 20.03 20.43 20.38 20458 7069000.00 143112955.00
16/05/2017 20.47 20.25 20.79 20.64 36640 11376100.00 233010562.00
17/05/2017 20.48 20.25 20.72 20.50 22603 9192200.00 188068064.00
18/05/2017 16.40 16.16 19.68 18.77 85708 50830800.00 939507615.00
19/05/2017 19.10 18.58 19.36 19.15 52238 21489200.00 408003918.00
22/05/2017 18.70 17.98 18.79 18.51 40472 21534100.00 394475759.00
23/05/2017 18.52 18.28 18.73 18.59 29224 12378800.00 229456119.00
24/05/2017 18.94 18.68 19.42 18.80 23895 8147200.00 155044378.00
25/05/2017 18.79 18.42 19.00 18.53 21692 12227600.00 227371454.00
26/05/2017 18.72 18.60 19.17 19.12 23359 9315300.00 176535108.00
29/05/2017 18.89 18.82 19.04 19.02 8090 2405700.00 45576430.00
30/05/2017 19.00 18.85 19.19 18.94 8469 3115100.00 59079876.00
31/05/2017 18.99 18.42 19.14 18.42 28405 14909000.00 277187987.00
01/06/2017 18.55 18.45 18.86 18.54 23763 7209700.00 134454437.00
02/06/2017 18.62 18.56 18.92 18.65 13177 4615400.00 86351370.00
05/06/2017 18.59 18.51 18.84 18.65 13042 4551900.00 85094860.00
06/06/2017 18.58 18.42 18.73 18.55 15522 8852000.00 164447446.00
07/06/2017 18.65 18.53 18.82 18.76 15308 7413700.00 138476235.00
08/06/2017 18.73 18.43 18.74 18.59 13361 4157200.00 77307299.00
09/06/2017 18.70 18.44 18.87 18.55 18603 6522500.00 121809208.00
12/06/2017 18.56 18.24 18.64 18.43 16054 5977000.00 109824194.00
13/06/2017 18.50 18.44 18.70 18.55 16380 5607900.00 104141387.00
14/06/2017 18.82 18.43 18.97 18.78 22645 10344200.00 194041506.00
16/06/2017 18.60 18.58 18.95 18.93 11891 8800400.00 165971544.00
