22/11/2016 2538.10 2538.10 2538.10 2538.10 2 15.00 2284290.00
25/11/2016 2548.80 2548.80 2548.80 2548.80 3 35.00 5352480.00
28/11/2016 2550.80 2550.80 2564.30 2554.30 7 244.00 37397502.00
29/11/2016 2553.40 2552.90 2556.90 2552.90 4 224.00 34361424.00
30/11/2016 2555.40 2555.40 2555.40 2555.40 2 15.00 2299860.00
01/12/2016 2588.00 2588.00 2629.90 2629.90 3 16.00 2497110.00
02/12/2016 2638.10 2632.90 2638.10 2632.90 3 385.00 60877710.00
05/12/2016 2629.00 2610.00 2629.00 2610.00 3 12.00 1881480.00
06/12/2016 2606.50 2582.30 2606.50 2589.10 5 65.00 10152870.00
07/12/2016 2578.40 2578.40 2578.40 2578.40 2 23.00 3558192.00
08/12/2016 2576.20 2576.20 2576.20 2576.20 2 15.00 2318580.00
09/12/2016 2563.00 2561.00 2573.00 2571.00 5 134.00 20656260.00
14/12/2016 2550.00 2549.00 2550.00 2549.00 4 21.00 3212940.00
16/12/2016 2533.00 2533.00 2552.70 2550.00 5 33.00 5035320.00
19/12/2016 2527.90 2522.80 2527.90 2522.80 2 55.00 8326770.00
20/12/2016 2513.00 2513.00 2513.00 2513.00 2 10.00 1507800.00
21/12/2016 2495.00 2495.00 2495.00 2495.00 2 66.00 9880200.00
22/12/2016 2483.00 2454.50 2483.00 2454.50 4 11.00 1623660.00
23/12/2016 2434.60 2417.00 2440.00 2417.80 5 173.00 25119534.00
27/12/2016 2427.20 2423.00 2427.20 2423.00 6 103.00 14992848.00
28/12/2016 2410.00 2410.00 2420.00 2420.00 4 321.00 46553400.00
