29/03/2017 2351.50 2350.80 2359.00 2355.10 7 987.00 139353324.00
30/03/2017 2368.80 2366.00 2368.90 2366.00 3 809.00 114982638.00
31/03/2017 2374.20 2369.00 2374.20 2369.00 3 65.00 9256944.00
03/04/2017 2335.00 2335.00 2335.00 2335.00 1 1.00 140100.00
05/04/2017 2317.10 2317.10 2335.10 2335.00 3 90.00 12577038.00
06/04/2017 2335.50 2335.50 2339.80 2339.80 2 176.00 24663138.00
07/04/2017 2355.00 2355.00 2363.00 2360.60 5 352.00 49747416.00
10/04/2017 2363.00 2363.00 2364.00 2364.00 2 57.00 8084700.00
11/04/2017 2361.70 2361.70 2361.70 2361.70 1 1.00 141702.00
12/04/2017 2370.50 2370.50 2378.50 2378.40 3 26.00 3709950.00
13/04/2017 2378.00 2378.00 2378.00 2378.00 1 1.00 142680.00
17/04/2017 2339.00 2339.00 2339.00 2339.00 1 1.00 140340.00
18/04/2017 2327.00 2327.00 2335.40 2335.40 2 4.00 559488.00
19/04/2017 2331.30 2331.30 2343.00 2343.00 3 26.00 3637614.00
24/04/2017 2327.00 2314.30 2327.00 2314.30 2 4.00 557718.00
25/04/2017 2327.20 2326.20 2327.20 2326.30 4 976.00 136227024.00
26/04/2017 2339.50 2339.50 2352.00 2352.00 2 62.00 8708190.00
27/04/2017 2350.00 2332.00 2350.00 2332.00 4 249.00 35093880.00
