29/05/2017 2450.00 2450.00 2450.40 2450.40 2 9.00 1323168.00
30/05/2017 2441.70 2441.70 2441.70 2441.70 1 16.00 2344032.00
01/06/2017 2420.00 2420.00 2420.00 2420.00 1 1.00 145200.00
02/06/2017 2412.30 2412.30 2412.30 2412.30 1 30.00 4342140.00
07/06/2017 2439.00 2439.00 2439.00 2439.00 1 30.00 4390200.00
08/06/2017 2442.50 2442.50 2442.50 2442.50 1 1.00 146550.00
09/06/2017 2452.00 2452.00 2452.00 2452.00 2 2.00 294240.00
12/06/2017 2503.80 2503.70 2504.00 2504.00 4 80.00 12018042.00
13/06/2017 2500.00 2500.00 2500.00 2500.00 1 2.00 300000.00
14/06/2017 2498.00 2498.00 2498.00 2498.00 1 1.00 149880.00
16/06/2017 2498.00 2498.00 2498.00 2498.00 1 1.00 149880.00
