01/06/2016 2771.50 2771.50 2771.50 2771.50 2 10.00 1662900.00
02/06/2016 2758.00 2758.00 2758.00 2758.00 2 25.00 4137000.00
03/06/2016 2764.30 2764.30 2764.30 2764.30 3 110.00 18244380.00
06/06/2016 2746.00 2746.00 2746.00 2746.00 1 1.00 164760.00
09/06/2016 2659.80 2659.80 2659.80 2659.80 2 10.00 1595880.00
13/06/2016 2734.70 2734.70 2734.70 2734.70 2 30.00 4922460.00
14/06/2016 2725.00 2725.00 2725.00 2725.00 1 2.00 327000.00
15/06/2016 2702.00 2695.40 2702.00 2695.40 5 22.00 3560610.00
23/06/2016 2624.60 2624.60 2624.60 2624.60 3 6.00 944856.00
24/06/2016 2607.00 2607.00 2607.00 2607.00 1 1.00 156420.00
28/06/2016 2537.90 2537.90 2537.90 2537.90 2 10.00 1522740.00
29/06/2016 2516.60 2516.60 2516.60 2516.60 2 20.00 3019920.00
