17/05/2017 2336.30 2336.30 2336.30 2336.30 1 10.00 1401780.00
19/05/2017 2473.50 2450.90 2473.50 2452.80 4 685.00 100747260.00
22/05/2017 2450.90 2449.70 2470.50 2470.50 5 1325.00 194804910.00
23/05/2017 2457.50 2457.50 2457.50 2457.50 1 5.00 737250.00
26/05/2017 2463.30 2463.30 2463.30 2463.30 1 5.00 738990.00
31/05/2017 2428.50 2428.50 2428.50 2428.50 1 10.00 1457100.00
01/06/2017 2435.40 2435.40 2435.50 2435.50 3 125.00 18265980.00
02/06/2017 2442.90 2442.90 2442.90 2442.90 2 65.00 9527310.00
05/06/2017 2475.30 2475.30 2475.30 2475.30 1 10.00 1485180.00
07/06/2017 2455.50 2455.50 2455.50 2455.50 2 5.00 736650.00
08/06/2017 2448.90 2448.90 2448.90 2448.90 1 5.00 734670.00
09/06/2017 2472.10 2472.10 2472.10 2472.10 1 15.00 2224890.00
12/06/2017 2515.00 2515.00 2515.00 2515.00 3 20.00 3018000.00
13/06/2017 2522.40 2522.40 2522.40 2522.40 3 10.00 1513440.00
14/06/2017 2504.80 2504.80 2504.80 2504.80 2 10.00 1502880.00
16/06/2017 2515.10 2515.10 2515.10 2515.10 1 5.00 754530.00
