02/06/2016 2779.00 2779.00 2779.00 2779.00 1 2.00 333480.00
07/06/2016 2740.00 2740.00 2740.00 2740.00 2 4.00 657600.00
14/06/2016 2736.00 2736.00 2736.00 2736.00 2 88.00 14446080.00
16/06/2016 2707.00 2707.00 2707.00 2707.00 2 5.00 812100.00
20/06/2016 2678.00 2678.00 2678.00 2678.00 2 5.00 803400.00
24/06/2016 2670.00 2627.00 2670.00 2627.00 4 175.00 28022100.00
27/06/2016 2629.00 2629.00 2629.60 2629.60 3 105.00 16564500.00
28/06/2016 2555.00 2550.50 2555.00 2550.50 4 25.00 3828900.00
29/06/2016 2534.80 2517.00 2534.80 2517.00 6 29.00 4401900.00
30/06/2016 2480.00 2480.00 2495.00 2495.00 3 8.00 1194900.00
01/07/2016 2533.00 2516.00 2533.00 2516.00 4 7.00 1058460.00
04/07/2016 2554.00 2554.00 2554.00 2554.00 1 1.00 153240.00
05/07/2016 2558.00 2558.00 2559.00 2559.00 2 7.00 1074420.00
08/07/2016 2542.50 2542.50 2542.50 2542.50 2 47.00 7169850.00
11/07/2016 2536.00 2536.00 2536.00 2536.00 1 1.00 152160.00
12/07/2016 2543.00 2543.00 2543.00 2543.00 2 2.00 305160.00
14/07/2016 2518.20 2518.20 2518.20 2518.20 2 20.00 3021840.00
18/07/2016 2525.00 2521.00 2525.00 2521.00 2 4.00 605280.00
19/07/2016 2514.00 2514.00 2514.00 2514.00 1 5.00 754200.00
20/07/2016 2497.00 2497.00 2497.00 2497.00 1 1.00 149820.00
22/07/2016 2496.50 2496.50 2496.50 2496.50 2 2.00 299580.00
26/07/2016 2485.00 2485.00 2485.00 2485.00 1 1.00 149100.00
27/07/2016 2485.20 2478.00 2490.00 2478.00 6 483.00 72072648.00
28/07/2016 2489.00 2486.00 2490.00 2490.00 3 11.00 1641180.00
