14/07/2016 2543.50 2543.50 2543.50 2543.50 2 20.00 3052200.00
20/07/2016 2544.80 2544.80 2544.80 2544.80 1 24.00 3664512.00
21/07/2016 2547.10 2547.10 2547.10 2547.10 1 24.00 3667824.00
26/07/2016 2510.20 2505.60 2510.20 2505.60 4 205.00 30873096.00
27/07/2016 2514.00 2514.00 2514.00 2514.00 1 14.00 2111760.00
28/07/2016 2510.00 2510.00 2514.00 2514.00 4 16.00 2410020.00
29/07/2016 2509.70 2509.70 2511.00 2511.00 3 10.00 1506210.00
02/08/2016 2519.00 2519.00 2519.00 2519.00 1 40.00 6045600.00
03/08/2016 2525.00 2501.00 2525.00 2501.00 3 106.00 15907800.00
08/08/2016 2434.00 2434.00 2434.00 2434.00 1 1.00 146040.00
10/08/2016 2421.90 2421.90 2422.10 2422.10 2 6.00 871944.00
11/08/2016 2426.80 2423.00 2442.00 2437.50 6 131.00 19118478.00
12/08/2016 2454.80 2454.80 2454.80 2454.80 2 38.00 5596944.00
15/08/2016 2479.00 2479.00 2479.00 2479.00 1 1.00 148740.00
16/08/2016 2480.80 2479.40 2487.60 2483.80 7 226.00 33630090.00
17/08/2016 2512.00 2512.00 2512.00 2512.00 1 5.00 753600.00
19/08/2016 2511.00 2509.10 2511.00 2509.10 2 10.00 1506030.00
22/08/2016 2498.00 2498.00 2498.00 2498.00 1 65.00 9742200.00
23/08/2016 2502.30 2502.30 2510.00 2510.00 2 70.00 10539690.00
26/08/2016 2494.00 2480.00 2513.00 2513.00 7 283.00 42411570.00
29/08/2016 2510.00 2490.00 2510.00 2490.00 6 257.00 38522280.00
30/08/2016 2486.40 2486.40 2489.90 2489.90 3 21.00 3133074.00
