27/07/2016 2532.80 2532.80 2538.00 2538.00 4 459.00 69809472.00
28/07/2016 2550.00 2550.00 2555.00 2555.00 4 8.00 1224900.00
04/08/2016 2505.00 2505.00 2507.70 2507.70 4 10.00 1503972.00
05/08/2016 2450.00 2449.30 2450.00 2449.30 4 10.00 1469748.00
08/08/2016 2449.40 2449.40 2449.70 2449.70 4 28.00 4115244.00
10/08/2016 2427.00 2427.00 2427.00 2427.00 2 2.00 291240.00
12/08/2016 2499.50 2494.20 2499.50 2494.20 4 9.00 1348140.00
18/08/2016 2568.70 2568.70 2571.00 2571.00 4 10.00 1541772.00
19/08/2016 2531.50 2531.50 2531.50 2531.50 2 3.00 455670.00
26/08/2016 2545.00 2545.00 2545.00 2545.00 1 2.00 305400.00
29/08/2016 2532.00 2509.80 2536.00 2509.80 9 263.00 39791748.00
30/08/2016 2510.10 2494.00 2510.10 2494.00 4 72.00 10796280.00
01/09/2016 2510.50 2502.30 2510.50 2508.00 6 103.00 15490452.00
02/09/2016 2504.10 2504.10 2504.10 2504.10 1 10.00 1502460.00
06/09/2016 2539.00 2514.00 2539.00 2514.00 3 68.00 10281660.00
08/09/2016 2495.90 2491.00 2495.90 2494.50 3 205.00 30661014.00
12/09/2016 2507.40 2507.40 2507.80 2507.80 3 145.00 21817500.00
13/09/2016 2525.00 2525.00 2535.10 2535.10 3 30.00 4548030.00
14/09/2016 2530.10 2528.80 2539.60 2539.60 4 250.00 37954104.00
15/09/2016 2549.40 2549.40 2549.40 2549.40 1 48.00 7342272.00
16/09/2016 2504.00 2489.00 2504.00 2489.00 4 18.00 2698920.00
19/09/2016 2485.00 2485.00 2485.00 2485.00 1 4.00 596400.00
21/09/2016 2451.70 2451.70 2457.10 2456.80 3 21.00 3094218.00
22/09/2016 2458.60 2458.60 2476.00 2476.00 5 31.00 4591530.00
23/09/2016 2451.70 2446.50 2461.50 2461.50 4 49.00 7199430.00
26/09/2016 2466.70 2466.70 2466.70 2466.70 1 5.00 740010.00
27/09/2016 2444.00 2444.00 2444.00 2444.00 3 336.00 49271040.00
28/09/2016 2449.00 2449.00 2457.00 2457.00 4 309.00 45530340.00
