30/08/2016 2530.30 2530.30 2530.30 2530.30 1 5.00 759090.00
02/09/2016 2532.80 2532.80 2532.80 2532.80 1 5.00 759840.00
05/09/2016 2498.90 2498.90 2573.90 2573.90 5 21.00 3193614.00
13/09/2016 2549.90 2549.90 2550.40 2550.40 2 10.00 1530090.00
20/09/2016 2493.40 2493.40 2493.40 2493.40 1 5.00 748020.00
23/09/2016 2484.20 2484.20 2484.20 2484.20 2 60.00 8943120.00
26/09/2016 2472.80 2472.80 2472.80 2472.80 2 10.00 1483680.00
27/09/2016 2464.00 2464.00 2473.70 2473.70 5 406.00 60064650.00
28/09/2016 2476.50 2476.50 2483.40 2483.00 7 327.00 48602250.00
29/09/2016 2501.10 2501.10 2501.10 2501.10 2 10.00 1500660.00
30/09/2016 2496.30 2496.30 2502.10 2502.10 2 25.00 3749670.00
04/10/2016 2478.00 2478.00 2478.00 2478.00 2 20.00 2973600.00
06/10/2016 2456.00 2454.90 2457.00 2454.90 5 63.00 9282780.00
07/10/2016 2445.00 2439.70 2445.00 2439.70 3 75.00 10989780.00
10/10/2016 2443.00 2443.00 2451.00 2448.50 5 34.00 4985490.00
11/10/2016 2445.00 2439.50 2445.00 2439.50 3 40.00 5863050.00
14/10/2016 2443.70 2443.70 2443.70 2443.70 2 65.00 9530430.00
18/10/2016 2432.00 2432.00 2432.00 2432.00 1 1.00 145920.00
19/10/2016 2435.00 2425.80 2444.10 2426.30 6 56.00 8176614.00
20/10/2016 2382.50 2382.50 2386.40 2386.40 3 41.00 5869140.00
24/10/2016 2337.70 2337.70 2337.70 2337.70 1 5.00 701310.00
25/10/2016 2336.00 2336.00 2336.00 2336.00 1 1.00 140160.00
26/10/2016 2336.00 2336.00 2350.00 2350.00 6 409.00 57381840.00
27/10/2016 2345.00 2345.00 2352.00 2352.00 3 257.00 36204000.00
28/10/2016 2387.00 2387.00 2387.00 2387.00 2 55.00 7877100.00
