01/06/2016 144.75 143.80 145.45 145.25 40 90.00 4672968.00
02/06/2016 145.05 144.70 147.00 145.85 133 243.00 12707979.00
03/06/2016 145.50 145.50 152.00 151.50 308 1166.00 61689023.00
06/06/2016 151.90 151.50 158.40 156.00 209 418.00 22797180.00
07/06/2016 156.45 155.90 159.50 157.30 233 630.00 34347780.00
08/06/2016 157.60 157.10 168.00 166.60 516 815.00 44929338.00
09/06/2016 166.50 160.15 172.40 162.80 364 787.00 44832159.00
10/06/2016 161.30 159.00 166.00 166.00 364 1064.00 59598597.00
13/06/2016 165.50 159.85 168.00 164.50 269 623.00 35599867.00
14/06/2016 164.25 161.00 164.25 161.55 271 401.00 22809428.00
15/06/2016 161.65 161.25 167.50 166.85 253 445.00 25306089.00
16/06/2016 167.10 163.80 170.00 168.60 219 594.00 34384558.00
17/06/2016 169.00 167.40 171.50 170.50 239 1115.00 64485891.00
20/06/2016 170.50 165.90 171.50 168.95 125 229.00 13015234.00
21/06/2016 169.00 164.10 169.00 166.30 208 466.00 26272292.00
22/06/2016 166.60 164.15 168.10 165.00 188 315.00 17670181.00
23/06/2016 165.00 165.00 169.95 169.80 181 285.00 16014085.00
24/06/2016 169.90 162.00 171.00 164.00 340 826.00 46122613.00
27/06/2016 163.50 160.30 164.00 161.80 153 352.00 19375720.00
28/06/2016 162.00 162.00 167.70 167.25 167 343.00 18858426.00
29/06/2016 167.00 167.00 172.00 171.30 208 457.00 25294608.00
30/06/2016 171.00 169.00 174.80 173.00 190 396.00 21770846.00
01/07/2016 173.00 173.00 176.15 174.30 180 303.00 17035569.00
04/07/2016 174.35 173.50 174.95 173.90 45 106.00 6005204.00
05/07/2016 173.75 171.00 175.55 173.35 245 496.00 28437102.00
06/07/2016 173.60 166.50 173.60 170.15 275 454.00 25435194.00
07/07/2016 170.00 168.00 173.00 168.55 217 460.00 26193114.00
08/07/2016 168.60 168.00 171.60 171.55 153 358.00 19995890.00
11/07/2016 171.40 170.00 178.95 178.50 299 567.00 33081626.00
12/07/2016 178.00 175.10 179.95 176.00 132 210.00 12193362.00
13/07/2016 176.15 175.50 178.25 176.25 112 198.00 11456461.00
14/07/2016 176.25 176.00 182.50 182.00 290 526.00 30735465.00
15/07/2016 181.50 175.60 185.40 175.80 356 663.00 39099897.00
18/07/2016 176.10 172.90 179.00 179.00 175 406.00 23171182.00
19/07/2016 178.30 174.70 181.00 175.35 129 222.00 12889996.00
20/07/2016 175.35 174.60 177.20 175.70 156 327.00 18718029.00
21/07/2016 175.70 174.50 178.50 175.55 169 360.00 20847175.00
22/07/2016 175.70 167.00 176.00 169.55 322 900.00 50421324.00
25/07/2016 169.45 165.65 170.85 168.00 220 484.00 26744567.00
26/07/2016 168.20 168.20 170.25 169.00 111 160.00 8866064.00
27/07/2016 168.90 168.00 170.50 170.50 91 183.00 10127458.00
28/07/2016 170.40 169.50 172.50 172.50 103 208.00 11626350.00
29/07/2016 172.00 171.40 178.00 174.70 91 202.00 11440952.00
01/08/2016 173.95 172.65 174.75 174.75 109 249.00 14124015.00
02/08/2016 174.50 171.40 177.60 172.30 263 435.00 24706778.00
03/08/2016 171.30 169.00 173.00 170.00 84 142.00 7877634.00
04/08/2016 171.35 167.05 175.10 173.00 219 445.00 24243671.00
05/08/2016 172.70 172.70 176.00 174.85 141 284.00 15700007.00
08/08/2016 174.15 171.95 175.65 172.90 116 254.00 13966670.00
09/08/2016 172.05 169.80 174.50 172.80 169 463.00 25001107.00
10/08/2016 172.80 170.00 173.60 170.75 88 206.00 11067145.00
11/08/2016 170.05 168.50 171.95 170.20 134 350.00 18682606.00
12/08/2016 170.40 168.50 170.50 169.90 92 204.00 11001880.00
15/08/2016 170.00 168.90 173.40 170.00 136 251.00 13645303.00
16/08/2016 170.00 169.00 170.25 170.00 75 144.00 7757604.00
17/08/2016 169.80 166.65 170.00 166.65 113 149.00 8016032.00
18/08/2016 166.75 166.75 171.35 171.20 163 277.00 15188667.00
19/08/2016 171.00 169.50 172.25 171.25 168 332.00 18278150.00
22/08/2016 171.00 170.50 177.30 176.50 251 668.00 37670243.00
23/08/2016 176.00 175.85 178.80 178.25 212 665.00 38025531.00
24/08/2016 177.80 171.90 178.25 173.50 229 661.00 37445588.00
25/08/2016 173.10 172.60 174.50 174.00 119 332.00 18606026.00
26/08/2016 174.00 173.00 178.20 174.70 210 371.00 21311206.00
29/08/2016 174.70 173.40 176.95 175.15 97 271.00 15379598.00
30/08/2016 175.40 171.55 176.50 176.00 156 317.00 17948021.00
31/08/2016 175.50 174.70 177.40 176.50 136 274.00 15560053.00
01/09/2016 176.15 175.50 183.90 181.55 424 723.00 42438793.00
02/09/2016 181.50 180.35 183.00 182.20 217 430.00 25367119.00
05/09/2016 182.50 181.10 182.50 182.00 23 124.00 7377648.00
06/09/2016 182.00 181.05 184.40 184.30 136 216.00 12663068.00
08/09/2016 184.00 184.00 185.70 185.10 87 239.00 14089201.00
09/09/2016 185.50 180.25 185.50 181.35 185 350.00 20821699.00
12/09/2016 181.00 178.00 182.00 180.60 111 192.00 11231402.00
13/09/2016 180.00 177.95 183.00 178.50 226 423.00 25180669.00
14/09/2016 178.60 176.60 179.55 178.50 227 469.00 27812850.00
15/09/2016 178.10 177.20 180.20 177.50 194 387.00 22891871.00
16/09/2016 178.00 176.10 178.90 177.60 213 576.00 33537309.00
19/09/2016 178.00 177.70 183.60 182.05 289 526.00 31246506.00
20/09/2016 182.65 180.10 187.00 186.85 358 584.00 35063482.00
21/09/2016 186.35 185.10 188.50 185.30 223 323.00 19498869.00
22/09/2016 185.25 184.10 190.20 184.50 220 371.00 22306872.00
23/09/2016 185.00 180.40 185.50 181.00 224 413.00 24317391.00
26/09/2016 181.00 178.25 182.50 182.50 238 399.00 23229590.00
27/09/2016 183.00 180.50 183.60 182.35 93 193.00 11380327.00
28/09/2016 182.40 180.25 183.25 182.50 145 264.00 15495067.00
29/09/2016 182.90 179.00 184.00 180.25 203 325.00 19082716.00
30/09/2016 180.75 178.15 182.10 180.45 196 372.00 21767128.00
03/10/2016 180.30 176.00 180.30 177.00 230 356.00 20363250.00
04/10/2016 177.50 175.50 177.50 177.00 155 263.00 15094841.00
05/10/2016 177.00 176.50 180.80 178.40 257 410.00 23660347.00
06/10/2016 178.50 175.70 178.70 175.80 389 574.00 32631983.00
07/10/2016 176.00 174.75 178.45 177.40 275 564.00 32091117.00
10/10/2016 177.50 177.00 182.90 182.25 343 745.00 43028965.00
11/10/2016 181.90 179.60 182.50 180.50 244 470.00 27294148.00
13/10/2016 180.60 180.20 183.05 182.35 326 552.00 32092526.00
14/10/2016 182.30 181.70 185.50 184.10 291 573.00 33738873.00
17/10/2016 184.15 184.00 187.20 186.75 275 528.00 31393222.00
18/10/2016 186.55 186.50 189.85 188.30 278 454.00 27206377.00
19/10/2016 188.80 187.00 188.90 188.15 328 488.00 29088731.00
20/10/2016 188.10 186.50 188.90 186.90 289 493.00 29132241.00
21/10/2016 186.10 185.90 188.40 187.55 170 316.00 18702076.00
24/10/2016 187.50 186.50 190.20 189.60 157 259.00 15238434.00
25/10/2016 191.00 190.10 197.95 197.50 572 846.00 50900298.00
26/10/2016 198.00 195.45 199.85 195.70 378 577.00 35935897.00
27/10/2016 195.80 195.00 198.40 197.45 575 803.00 49733578.00
28/10/2016 196.95 195.60 199.30 198.50 250 397.00 25145409.00
31/10/2016 198.00 195.20 198.60 197.10 198 372.00 23385536.00
01/11/2016 196.90 194.25 197.95 194.25 307 336.00 21305842.00
03/11/2016 195.00 194.30 198.60 198.30 311 378.00 24179749.00
04/11/2016 198.00 197.00 205.90 205.60 348 402.00 26140551.00
07/11/2016 204.75 204.15 211.25 211.05 254 467.00 31213825.00
08/11/2016 209.70 201.90 209.80 203.00 468 547.00 35560714.00
09/11/2016 199.80 198.15 204.50 204.50 255 306.00 19793169.00
10/11/2016 203.85 195.00 205.50 197.50 527 966.00 64309734.00
11/11/2016 197.00 190.10 198.00 191.65 292 331.00 21610645.00
14/11/2016 192.00 189.70 193.90 193.00 132 143.00 9404552.00
16/11/2016 198.00 196.00 199.30 197.15 93 256.00 17227657.00
17/11/2016 197.15 194.30 197.15 195.00 91 164.00 10992287.00
18/11/2016 194.15 193.00 196.25 193.95 172 228.00 15011201.00
21/11/2016 193.50 191.00 195.50 194.30 260 451.00 29207211.00
22/11/2016 194.90 192.45 195.75 192.45 150 204.00 13353740.00
23/11/2016 192.55 188.20 192.55 188.20 246 433.00 27834434.00
24/11/2016 188.50 188.05 189.30 189.00 26 39.00 2497446.00
25/11/2016 188.00 184.50 188.40 186.30 117 181.00 11547420.00
28/11/2016 192.95 192.95 194.05 193.20 222 231.00 15147867.00
29/11/2016 186.25 181.00 187.00 181.50 292 491.00 30664400.00
30/11/2016 181.70 179.60 182.25 179.65 344 422.00 25763593.00
01/12/2016 180.50 171.75 180.50 172.00 269 406.00 24888249.00
02/12/2016 174.00 171.85 176.50 173.85 404 553.00 33257460.00
05/12/2016 174.80 171.40 175.20 171.50 159 243.00 14384109.00
06/12/2016 171.50 168.65 172.75 169.00 225 305.00 17731529.00
07/12/2016 169.05 167.30 172.10 168.50 110 125.00 7195449.00
08/12/2016 168.20 167.50 170.00 168.00 187 413.00 23494364.00
09/12/2016 168.05 165.00 169.00 165.30 183 378.00 21336748.00
12/12/2016 166.05 165.20 170.95 170.95 178 296.00 16541412.00
13/12/2016 171.10 168.60 172.20 170.45 198 291.00 16506050.00
14/12/2016 170.00 167.65 172.40 171.90 264 450.00 25573222.00
15/12/2016 171.95 166.00 171.95 170.00 197 314.00 17902086.00
16/12/2016 170.00 168.00 171.10 169.00 62 91.00 5236008.00
19/12/2016 169.00 169.00 172.75 171.90 152 271.00 15647220.00
20/12/2016 172.00 170.00 172.00 171.50 109 207.00 11837762.00
21/12/2016 171.10 170.50 172.50 172.00 116 174.00 9924336.00
22/12/2016 171.50 165.40 171.50 166.10 181 281.00 15634905.00
23/12/2016 166.10 161.95 166.80 162.00 158 227.00 12226434.00
26/12/2016 161.30 161.30 163.65 163.50 26 32.00 1706159.00
27/12/2016 163.50 159.85 163.50 161.00 85 129.00 6818714.00
28/12/2016 161.00 158.00 161.05 158.40 196 425.00 22256478.00
29/12/2016 158.40 158.30 162.50 161.15 129 197.00 10243821.00
02/01/2017 160.15 160.15 162.00 162.00 3 3.00 158487.00
03/01/2017 163.70 160.50 165.35 163.45 266 546.00 29083597.00
04/01/2017 163.70 163.55 170.00 169.00 243 405.00 21904815.00
05/01/2017 170.90 169.00 172.95 171.25 140 210.00 11483804.00
06/01/2017 170.95 170.00 173.10 171.00 249 471.00 26038342.00
09/01/2017 170.85 169.60 175.30 174.50 317 767.00 42197498.00
10/01/2017 174.00 174.00 178.45 178.25 245 381.00 21502292.00
11/01/2017 178.00 177.25 180.60 178.00 266 490.00 28048870.00
12/01/2017 178.50 178.50 182.20 181.90 219 495.00 28436671.00
13/01/2017 181.75 176.95 181.75 178.70 249 431.00 24685395.00
16/01/2017 179.00 177.65 179.00 178.50 16 20.00 1150099.00
17/01/2017 178.20 178.20 182.00 181.25 238 473.00 27416963.00
18/01/2017 181.25 177.75 182.00 180.00 201 352.00 20396825.00
19/01/2017 179.85 179.00 182.00 181.10 195 348.00 20098320.00
20/01/2017 181.20 181.05 184.45 183.90 196 284.00 16594233.00
23/01/2017 184.80 184.65 188.50 186.50 228 390.00 23094274.00
24/01/2017 186.90 182.80 188.40 182.80 245 392.00 23082159.00
26/01/2017 183.00 180.50 184.95 182.00 188 292.00 16995827.00
27/01/2017 182.00 180.25 183.65 183.10 81 126.00 7256617.00
30/01/2017 183.00 180.10 183.00 181.15 109 218.00 12320380.00
31/01/2017 181.15 175.00 182.80 179.55 267 459.00 25776234.00
01/02/2017 179.50 177.05 181.25 180.00 107 176.00 9952656.00
02/02/2017 180.50 175.95 181.45 176.90 168 268.00 14928487.00
03/02/2017 176.00 173.80 177.00 176.25 138 201.00 10966012.00
06/02/2017 175.50 172.30 175.50 173.00 62 101.00 5464561.00
07/02/2017 172.60 171.25 173.00 171.35 86 113.00 6065035.00
08/02/2017 171.35 169.55 172.50 170.70 51 67.00 3570334.00
09/02/2017 172.30 171.40 174.40 173.75 70 104.00 5636284.00
10/02/2017 173.50 173.00 175.75 174.05 151 225.00 12202292.00
13/02/2017 173.15 170.50 173.50 170.50 47 52.00 2781654.00
14/02/2017 182.00 180.05 183.60 181.50 105 321.00 18198423.00
15/02/2017 181.50 179.50 182.75 182.00 211 296.00 16438368.00
16/02/2017 181.50 181.00 184.20 183.50 209 334.00 18771493.00
17/02/2017 183.50 182.25 185.60 184.00 111 167.00 9514257.00
20/02/2017 185.10 183.75 185.10 184.00 13 88.00 5003448.00
21/02/2017 184.50 183.10 188.10 187.50 174 292.00 16788658.00
22/02/2017 187.00 185.50 189.25 186.25 139 215.00 12400207.00
23/02/2017 185.60 185.50 188.25 185.50 91 130.00 7429858.00
24/02/2017 185.40 180.45 185.85 181.50 213 313.00 17844121.00
01/03/2017 180.90 174.50 180.90 179.00 84 125.00 6815025.00
02/03/2017 179.50 176.50 180.65 178.90 110 170.00 9548837.00
03/03/2017 177.60 176.70 178.65 178.00 55 74.00 4114782.00
06/03/2017 178.00 175.00 178.45 175.40 160 303.00 16702836.00
07/03/2017 175.00 173.20 175.50 173.60 222 453.00 24618281.00
08/03/2017 173.90 172.15 176.00 173.90 264 362.00 19896270.00
09/03/2017 174.25 172.55 175.85 172.55 220 287.00 15958631.00
10/03/2017 172.70 172.70 175.00 174.50 210 277.00 15174478.00
13/03/2017 174.50 171.10 176.50 175.95 173 250.00 13706383.00
14/03/2017 175.75 173.55 176.75 173.60 234 379.00 21110088.00
15/03/2017 174.00 172.45 175.10 173.35 108 160.00 8699198.00
16/03/2017 174.00 173.65 177.35 174.50 138 229.00 12487969.00
17/03/2017 174.25 173.60 174.80 174.40 39 101.00 5447974.00
20/03/2017 174.30 173.80 179.00 178.50 135 186.00 10147346.00
21/03/2017 179.20 177.75 180.00 178.20 134 217.00 11969791.00
22/03/2017 178.00 174.20 178.30 174.90 174 344.00 18626410.00
23/03/2017 174.85 172.30 175.00 173.80 98 134.00 7281630.00
24/03/2017 174.00 169.00 174.00 169.05 295 422.00 22405294.00
27/03/2017 169.00 168.00 171.55 171.55 301 355.00 18869681.00
28/03/2017 171.50 169.60 172.00 171.80 186 319.00 17073701.00
29/03/2017 171.50 169.95 172.80 171.80 99 155.00 8306785.00
30/03/2017 171.50 170.60 172.20 171.75 78 125.00 6726962.00
31/03/2017 171.50 170.25 172.00 171.15 130 214.00 11488505.00
03/04/2017 170.50 169.05 175.85 169.05 194 618.00 33025673.00
04/04/2017 169.45 167.50 170.25 169.30 149 248.00 13018825.00
05/04/2017 170.00 168.80 170.60 168.80 105 194.00 10169252.00
06/04/2017 168.80 168.50 169.90 169.25 83 128.00 6791600.00
07/04/2017 169.00 168.00 172.25 172.10 192 298.00 16029102.00
10/04/2017 172.00 171.00 173.25 172.30 87 188.00 10133370.00
11/04/2017 172.05 171.50 172.50 172.15 46 80.00 4315990.00
12/04/2017 172.50 169.80 174.50 169.95 259 449.00 24434522.00
13/04/2017 170.00 170.00 172.75 172.00 114 350.00 18837080.00
17/04/2017 172.00 171.50 174.70 174.70 124 239.00 12866836.00
18/04/2017 174.25 174.00 177.25 176.10 68 117.00 6378443.00
19/04/2017 176.65 170.60 177.70 171.50 177 255.00 13920058.00
20/04/2017 171.85 162.80 171.85 163.45 313 740.00 39340802.00
24/04/2017 163.00 159.70 165.45 160.30 165 244.00 12374127.00
25/04/2017 160.55 158.50 161.15 160.90 108 187.00 9460652.00
26/04/2017 161.35 157.15 161.95 157.50 138 174.00 8840911.00
27/04/2017 157.60 156.50 159.45 157.40 170 279.00 13956722.00
28/04/2017 158.00 156.80 163.50 162.15 251 482.00 24384266.00
02/05/2017 162.45 162.35 165.40 164.85 123 194.00 10020111.00
03/05/2017 165.00 164.45 167.50 166.80 192 312.00 16292432.00
04/05/2017 166.80 161.40 166.80 163.70 244 384.00 20026496.00
05/05/2017 164.00 163.15 165.65 165.65 142 210.00 10964843.00
08/05/2017 165.65 164.25 167.10 166.60 74 130.00 6898673.00
09/05/2017 167.00 164.30 167.50 165.00 140 292.00 15403998.00
10/05/2017 164.75 164.50 166.85 166.00 103 199.00 10439695.00
11/05/2017 166.00 163.00 166.70 163.70 143 279.00 14397682.00
12/05/2017 164.00 163.70 165.00 164.20 38 92.00 4726049.00
15/05/2017 164.20 162.60 165.00 163.00 105 197.00 10013326.00
16/05/2017 162.70 160.00 163.50 160.50 81 101.00 5058986.00
17/05/2017 159.80 158.30 164.60 163.30 205 290.00 14608635.00
18/05/2017 163.30 156.85 163.30 158.20 254 539.00 28324427.00
19/05/2017 158.00 157.50 161.95 159.50 297 424.00 22066985.00
22/05/2017 159.55 157.00 159.55 158.80 93 127.00 6572803.00
23/05/2017 158.75 157.80 159.50 158.30 67 119.00 6171267.00
24/05/2017 158.00 155.30 158.50 155.80 119 199.00 10177257.00
25/05/2017 156.00 154.45 157.30 156.20 122 186.00 9514114.00
26/05/2017 156.20 156.20 160.20 159.40 145 216.00 11171589.00
29/05/2017 159.25 159.00 160.00 159.30 15 21.00 1093515.00
30/05/2017 160.00 159.10 161.00 160.05 112 176.00 9202301.00
31/05/2017 160.30 155.80 161.50 156.50 178 297.00 15215510.00
01/06/2017 157.25 154.60 157.50 155.00 129 254.00 12872079.00
02/06/2017 154.85 151.60 155.40 152.25 343 507.00 25306022.00
05/06/2017 152.50 152.15 156.70 155.20 141 235.00 11926603.00
06/06/2017 155.50 151.65 155.75 152.30 82 129.00 6493549.00
07/06/2017 152.00 151.80 153.20 152.50 130 194.00 9682413.00
08/06/2017 152.65 152.00 154.00 153.85 65 129.00 6454611.00
09/06/2017 153.70 153.35 155.70 153.50 59 117.00 5930700.00
12/06/2017 153.85 152.80 156.10 154.10 158 245.00 12576732.00
13/06/2017 154.10 151.65 155.00 153.00 158 279.00 14102166.00
14/06/2017 152.70 152.00 154.50 152.50 94 327.00 16341433.00
16/06/2017 152.70 148.85 153.80 150.60 221 644.00 32232358.00
