20/06/2016 5.50 4.90 5.70 5.10 45 4869.99 24781.00
21/06/2016 5.10 3.90 5.10 4.20 59 11929.98 52264.00
22/06/2016 4.40 4.10 4.40 4.10 10 530.00 2225.00
23/06/2016 4.30 4.00 4.40 4.20 22 6219.99 25205.00
24/06/2016 4.20 3.90 4.20 3.90 13 2150.00 8675.00
27/06/2016 3.90 3.50 4.00 3.50 52 7169.99 26033.00
28/06/2016 3.80 3.80 4.40 4.20 60 10359.98 43875.00
29/06/2016 4.20 4.20 5.00 4.70 103 15079.97 70570.00
30/06/2016 4.45 4.45 5.00 4.99 9 1900.00 8947.00
01/07/2016 5.00 5.00 5.00 5.00 1 100.00 500.00
04/07/2016 4.98 4.97 6.00 5.50 7 1100.00 5839.00
05/07/2016 5.49 4.89 5.49 5.00 16 4900.00 25215.00
06/07/2016 4.92 4.40 4.94 4.94 7 1200.00 5654.00
07/07/2016 4.35 4.20 4.35 4.20 8 1300.00 5556.00
08/07/2016 4.25 4.25 4.35 4.35 19 4800.00 20573.00
11/07/2016 4.35 4.35 4.35 4.35 3 1400.00 6090.00
12/07/2016 4.20 4.15 4.20 4.18 7 1400.00 5849.00
13/07/2016 4.21 4.21 4.37 4.37 6 1200.00 5092.00
14/07/2016 4.22 4.21 4.22 4.21 7 1100.00 4632.00
15/07/2016 4.31 4.31 4.35 4.35 11 4100.00 17731.00
18/07/2016 4.40 4.40 4.40 4.40 1 100.00 440.00
19/07/2016 4.45 4.45 5.19 5.10 10 1800.00 8688.00
20/07/2016 4.99 4.99 5.10 5.10 5 1000.00 5063.00
21/07/2016 5.10 5.00 5.15 5.15 8 2800.00 14294.00
22/07/2016 5.00 4.90 5.20 5.20 7 1300.00 6490.00
25/07/2016 5.39 5.39 5.39 5.39 1 100.00 539.00
26/07/2016 4.75 4.75 4.90 4.80 9 2100.00 10050.00
27/07/2016 5.38 5.38 5.38 5.38 1 100.00 538.00
01/08/2016 5.30 5.30 5.30 5.30 4 700.00 3710.00
02/08/2016 5.30 5.30 5.30 5.30 2 300.00 1590.00
03/08/2016 5.30 4.65 5.30 4.70 26 12200.00 58220.00
04/08/2016 4.70 3.80 4.80 4.12 96 44100.00 182273.00
05/08/2016 4.38 4.35 4.80 4.78 31 14300.00 64165.00
08/08/2016 4.90 4.60 4.90 4.85 18 5300.00 25521.00
09/08/2016 4.99 4.90 5.19 5.00 16 6900.00 34258.00
10/08/2016 5.00 5.00 5.13 5.02 22 6000.00 30099.00
11/08/2016 5.11 5.11 5.50 5.50 12 3600.00 19328.00
12/08/2016 5.45 5.05 5.45 5.39 9 1600.00 8298.00
15/08/2016 5.38 5.38 5.38 5.38 1 100.00 538.00
17/08/2016 4.80 4.80 5.24 5.06 14 3000.00 15087.00
18/08/2016 5.10 5.10 5.39 5.39 2 300.00 1559.00
23/08/2016 4.90 4.80 5.08 5.08 8 2800.00 14010.00
24/08/2016 4.98 4.70 4.98 4.70 3 500.00 2434.00
25/08/2016 4.69 4.69 4.69 4.69 1 100.00 469.00
26/08/2016 4.46 4.46 4.46 4.46 2 200.00 892.00
29/08/2016 4.70 4.60 4.70 4.60 2 200.00 930.00
30/08/2016 4.71 4.71 4.99 4.99 5 2200.00 10949.00
01/09/2016 5.00 5.00 5.00 5.00 4 1600.00 8000.00
02/09/2016 5.35 5.35 5.35 5.35 1 100.00 535.00
09/09/2016 4.71 4.71 5.20 5.00 6 700.00 3423.00
12/09/2016 4.95 4.75 5.20 5.00 8 3300.00 16223.00
14/09/2016 4.70 4.70 5.00 5.00 3 500.00 2380.00
15/09/2016 4.71 4.70 4.71 4.70 3 900.00 4234.00
16/09/2016 4.60 4.50 4.99 4.99 4 3000.00 13619.00
20/09/2016 4.00 4.00 4.00 4.00 7 7000.00 28000.00
21/09/2016 4.11 4.11 4.36 4.36 6 3000.00 12759.00
22/09/2016 4.38 4.38 4.38 4.38 2 600.00 2628.00
26/09/2016 4.38 4.10 4.39 4.20 7 3800.00 15793.00
28/09/2016 4.39 4.39 4.39 4.39 1 100.00 439.00
30/09/2016 4.13 4.10 4.18 4.18 10 4900.00 20319.00
05/10/2016 4.18 4.18 4.18 4.18 2 900.00 3762.00
10/10/2016 4.18 4.18 4.18 4.18 1 200.00 836.00
14/10/2016 4.18 4.18 4.18 4.18 1 200.00 836.00
17/10/2016 4.00 4.00 4.18 4.18 3 600.00 2490.00
18/10/2016 4.05 4.05 4.18 4.05 8 1800.00 7408.00
21/10/2016 4.05 4.05 4.05 4.05 1 100.00 405.00
25/10/2016 4.05 4.05 4.05 4.05 1 500.00 2025.00
26/10/2016 4.05 4.05 4.05 4.05 2 400.00 1620.00
27/10/2016 3.95 3.95 4.05 4.05 4 800.00 3200.00
31/10/2016 4.35 4.05 4.39 4.39 9 1300.00 5595.00
03/11/2016 4.30 4.30 4.30 4.30 3 500.00 2150.00
04/11/2016 4.10 4.10 4.38 4.38 7 3500.00 14514.00
09/11/2016 4.33 4.33 4.33 4.33 2 300.00 1299.00
14/11/2016 4.34 4.34 4.35 4.35 3 1500.00 6520.00
16/11/2016 4.15 4.15 4.35 4.35 4 1100.00 4585.00
17/11/2016 4.15 4.15 4.37 4.37 3 700.00 2927.00
18/11/2016 4.37 4.20 4.40 4.30 9 4900.00 21248.00
22/11/2016 4.70 4.70 4.70 4.70 2 1700.00 7990.00
23/11/2016 4.90 4.90 4.90 4.90 1 100.00 490.00
29/11/2016 4.71 4.71 5.40 5.40 6 800.00 4011.00
05/12/2016 4.71 4.60 5.00 4.60 20 4000.00 19083.00
06/12/2016 5.19 4.60 5.20 4.80 11 3900.00 18259.00
14/12/2016 4.51 4.50 4.90 4.90 6 4200.00 19309.00
15/12/2016 4.51 4.30 4.51 4.30 10 2400.00 10688.00
16/12/2016 4.69 4.69 4.78 4.78 4 700.00 3293.00
19/12/2016 4.70 4.70 4.70 4.70 1 300.00 1410.00
27/12/2016 4.40 4.40 4.53 4.44 9 3500.00 15488.00
29/12/2016 4.70 4.70 5.00 5.00 2 500.00 2440.00
09/01/2017 4.71 4.70 4.71 4.70 5 1000.00 4705.00
10/01/2017 4.90 4.70 4.90 4.70 2 500.00 2370.00
11/01/2017 4.72 4.72 4.72 4.72 1 100.00 472.00
12/01/2017 4.95 4.95 4.95 4.95 1 600.00 2970.00
16/01/2017 4.98 4.98 5.00 5.00 5 2000.00 9984.00
17/01/2017 5.15 5.15 5.15 5.15 1 200.00 1030.00
18/01/2017 4.80 4.50 4.81 4.61 26 9500.00 44502.00
20/01/2017 4.80 4.62 4.80 4.75 5 700.00 3317.00
23/01/2017 4.85 4.80 4.85 4.80 2 1100.00 5295.00
24/01/2017 4.95 4.95 4.95 4.95 1 100.00 495.00
26/01/2017 4.77 4.77 4.95 4.88 6 2800.00 13704.00
27/01/2017 4.88 4.75 4.98 4.96 7 3100.00 15171.00
30/01/2017 4.88 4.88 5.10 5.00 5 1300.00 6464.00
31/01/2017 5.05 5.00 5.10 5.10 9 3600.00 18254.00
06/02/2017 4.91 4.90 4.91 4.90 4 1200.00 5889.00
09/02/2017 5.00 4.82 5.00 5.00 5 1000.00 4982.00
13/02/2017 5.10 5.10 5.20 5.20 3 500.00 2575.00
14/02/2017 4.90 4.90 5.20 5.20 5 2600.00 13009.00
15/02/2017 5.01 5.00 5.12 5.01 9 3200.00 16040.00
16/02/2017 5.10 5.10 5.50 5.35 9 5200.00 28260.00
17/02/2017 5.35 5.35 6.00 5.60 5 900.00 5124.00
20/02/2017 5.80 5.31 5.80 5.80 11 1800.00 10252.00
21/02/2017 5.47 5.47 5.80 5.80 3 500.00 2867.00
22/02/2017 5.50 5.50 5.50 5.50 2 200.00 1100.00
23/02/2017 5.50 5.45 5.75 5.75 4 700.00 3860.00
24/02/2017 5.46 5.46 5.46 5.46 3 300.00 1638.00
01/03/2017 5.41 5.15 5.41 5.35 3 300.00 1591.00
02/03/2017 5.02 5.02 5.39 5.15 3 300.00 1556.00
03/03/2017 5.35 5.30 5.39 5.39 6 2100.00 11182.00
07/03/2017 5.40 5.40 5.58 5.58 5 1100.00 5958.00
08/03/2017 5.11 5.11 5.50 5.50 3 800.00 4127.00
09/03/2017 5.55 5.55 5.55 5.55 1 500.00 2775.00
22/03/2017 5.10 5.10 5.10 5.10 2 200.00 1020.00
24/03/2017 5.00 4.95 5.00 4.95 4 1800.00 8940.00
27/03/2017 5.30 5.30 5.30 5.30 1 100.00 530.00
29/03/2017 4.90 4.90 5.15 5.10 10 2300.00 11700.00
30/03/2017 5.15 5.15 5.15 5.15 1 200.00 1030.00
10/04/2017 5.14 5.14 5.14 5.14 1 100.00 514.00
19/04/2017 5.00 5.00 5.00 5.00 1 1000.00 5000.00
24/04/2017 5.15 5.15 5.16 5.15 25 28200.00 145316.00
25/04/2017 5.15 5.00 5.15 5.00 28 44900.00 231155.00
26/04/2017 5.15 5.15 5.16 5.15 16 24000.00 123609.00
27/04/2017 5.15 5.15 5.15 5.15 4 6900.00 35535.00
28/04/2017 5.15 5.15 6.50 6.00 19 4900.00 27977.00
02/05/2017 5.50 5.50 6.00 5.90 7 1500.00 8700.00
03/05/2017 6.00 5.90 6.00 5.90 5 1800.00 10641.00
04/05/2017 5.80 5.80 5.80 5.80 4 1000.00 5800.00
05/05/2017 5.80 5.79 5.80 5.79 3 300.00 1739.00
09/05/2017 5.79 5.79 5.79 5.79 1 200.00 1158.00
10/05/2017 5.90 5.70 6.00 5.70 6 2400.00 14350.00
12/05/2017 5.70 5.70 5.70 5.70 1 500.00 2850.00
16/05/2017 5.99 5.99 6.21 6.21 13 5200.00 31455.00
17/05/2017 7.01 6.80 7.20 6.80 15 4800.00 33967.00
18/05/2017 5.61 5.61 6.80 6.79 3 300.00 1920.00
23/05/2017 6.11 5.81 6.11 5.81 2 200.00 1192.00
01/06/2017 7.00 7.00 7.00 7.00 1 800.00 5600.00
