20/06/2016 259.45 259.45 259.45 259.45 1 300.00 77835.00
21/06/2016 261.78 261.78 261.78 261.78 1 200.00 52356.00
23/06/2016 260.60 260.60 260.60 260.60 1 300.00 78180.00
24/06/2016 253.10 253.10 253.10 253.10 1 300.00 75930.00
28/06/2016 238.37 238.37 238.37 238.37 1 300.00 71511.00
29/06/2016 238.57 238.57 238.57 238.57 1 200.00 47714.00
30/06/2016 242.74 242.74 242.74 242.74 1 200.00 48548.00
06/07/2016 247.02 247.02 247.02 247.02 1 200.00 49404.00
08/07/2016 252.57 252.57 254.20 254.20 2 600.00 152357.00
12/07/2016 256.78 256.78 256.78 256.78 1 200.00 51356.00
13/07/2016 259.78 259.78 259.78 259.78 1 200.00 51956.00
14/07/2016 259.65 259.65 259.65 259.65 1 200.00 51930.00
21/07/2016 262.60 262.60 262.60 262.60 1 900.00 236340.00
22/07/2016 259.50 259.50 259.50 259.50 1 100.00 25950.00
25/07/2016 259.48 259.48 259.48 259.48 1 3000.00 778440.00
27/07/2016 273.65 273.65 273.65 273.65 1 400.00 109460.00
01/08/2016 267.85 267.85 267.85 267.85 1 200.00 53570.00
02/08/2016 264.35 264.35 264.35 264.35 1 100.00 26435.00
03/08/2016 265.70 265.70 265.70 265.70 1 400.00 106280.00
05/08/2016 260.95 260.95 260.95 260.95 1 200.00 52190.00
11/08/2016 260.50 260.50 260.50 260.50 1 500.00 130250.00
15/08/2016 268.01 268.01 268.01 268.01 1 3300.00 884433.00
17/08/2016 269.80 269.80 269.80 269.80 1 8000.00 2158400.00
18/08/2016 269.00 269.00 269.00 269.00 1 200.00 53800.00
22/08/2016 267.85 267.85 267.85 267.85 1 100.00 26785.00
30/08/2016 266.93 266.93 266.93 266.93 1 100.00 26693.00
31/08/2016 263.39 263.39 263.39 263.39 1 100.00 26339.00
13/09/2016 265.75 265.75 265.75 265.75 1 100.00 26575.00
14/09/2016 269.22 269.22 269.22 269.22 1 100.00 26922.00
22/09/2016 269.45 269.45 269.45 269.45 1 100.00 26945.00
10/10/2016 282.47 282.47 282.47 282.47 1 400.00 112988.00
11/10/2016 281.80 281.80 281.80 281.80 1 100.00 28180.00
19/10/2016 277.59 277.59 277.59 277.59 1 100.00 27759.00
24/10/2016 267.43 267.43 267.43 267.43 1 100.00 26743.00
25/10/2016 261.70 261.70 261.70 261.70 1 500.00 130850.00
31/10/2016 265.75 265.75 265.75 265.75 1 100.00 26575.00
03/11/2016 260.96 260.96 260.96 260.96 1 100.00 26096.00
14/11/2016 320.26 320.26 324.46 324.46 2 1000.00 323620.00
16/11/2016 318.20 318.20 318.20 318.20 1 100.00 31820.00
17/11/2016 316.42 316.42 316.42 316.42 1 1100.00 348062.00
21/11/2016 311.08 311.08 311.08 311.08 1 700.00 217756.00
28/11/2016 320.93 320.93 320.93 320.93 1 100.00 32093.00
01/12/2016 334.83 334.83 334.83 334.83 1 1000.00 334830.00
27/12/2016 307.74 307.74 307.74 307.74 1 100.00 30774.00
09/01/2017 296.19 296.19 296.19 296.19 1 100.00 29619.00
30/01/2017 303.90 303.90 303.90 303.90 1 100.00 30390.00
06/02/2017 289.32 289.32 289.32 289.32 1 100.00 28932.00
07/02/2017 290.33 290.33 290.33 290.33 1 100.00 29033.00
14/02/2017 302.37 302.37 302.37 302.37 1 100.00 30237.00
02/03/2017 299.67 299.67 299.67 299.67 1 1000.00 299670.00
10/04/2017 304.87 304.87 304.87 304.87 1 100.00 30487.00
08/05/2017 316.84 316.84 316.84 316.84 1 100.00 31684.00
18/05/2017 333.39 333.39 334.46 334.46 2 300.00 100231.00
29/05/2017 345.61 345.61 345.61 345.61 1 100.00 34561.00
08/06/2017 343.75 343.75 343.75 343.75 1 100.00 34375.00
