01/06/2016 45.00 45.00 45.15 45.15 8 23.00 466605.00
02/06/2016 45.05 45.00 45.40 45.00 18 108.00 2193961.00
03/06/2016 44.80 44.80 44.90 44.80 10 31.00 625410.00
06/06/2016 45.00 44.90 45.00 44.90 5 8.00 161685.00
07/06/2016 44.60 44.60 44.60 44.60 8 34.00 682380.00
08/06/2016 44.80 44.80 45.10 44.85 10 42.00 849015.00
09/06/2016 45.40 45.40 45.40 45.40 1 1.00 20430.00
10/06/2016 45.50 45.34 45.60 45.34 21 322.00 6599425.00
13/06/2016 45.70 45.70 46.00 45.80 21 63.00 1301152.00
14/06/2016 45.50 45.40 45.60 45.60 12 22.00 451305.00
15/06/2016 45.45 45.40 45.55 45.40 8 159.00 3258382.00
16/06/2016 45.10 45.10 45.20 45.10 9 233.00 4738230.00
17/06/2016 45.30 45.30 45.51 45.51 6 6.00 122782.00
20/06/2016 45.05 44.50 45.05 45.00 30 75.00 1513575.00
21/06/2016 44.50 43.51 44.60 43.60 63 348.00 6857046.00
22/06/2016 43.70 43.30 44.35 44.30 21 57.00 1133662.00
23/06/2016 43.99 43.99 44.75 44.70 21 44.00 880830.00
24/06/2016 44.00 44.00 44.75 44.66 26 91.00 1827652.00
27/06/2016 44.76 44.76 45.40 45.30 5 14.00 284922.00
28/06/2016 45.30 45.30 46.00 45.90 19 87.00 1794784.00
29/06/2016 45.90 45.40 45.90 45.50 33 85.00 1745820.00
30/06/2016 44.71 44.50 45.00 44.50 31 201.00 4031073.00
01/07/2016 44.50 44.35 44.70 44.35 6 88.00 1762290.00
04/07/2016 44.45 43.81 44.48 44.10 7 26.00 519246.00
05/07/2016 44.00 44.00 44.60 44.60 24 101.00 2017170.00
06/07/2016 44.60 44.60 44.90 44.90 8 52.00 1046745.00
07/07/2016 45.50 45.50 46.30 46.30 19 96.00 1992942.00
08/07/2016 46.50 46.50 46.94 46.94 16 64.00 1347480.00
11/07/2016 46.94 46.00 47.00 46.40 12 125.00 2635947.00
12/07/2016 45.81 45.81 46.40 46.25 17 131.00 2731860.00
13/07/2016 47.00 46.60 47.50 47.20 24 183.00 3890664.00
14/07/2016 47.99 47.30 47.99 47.32 82 396.00 8455639.00
15/07/2016 47.30 46.50 47.71 47.51 68 201.00 4276818.00
18/07/2016 47.94 47.75 48.15 47.91 118 1122.00 24174900.00
19/07/2016 48.00 47.50 48.15 47.70 106 1012.00 21701115.00
20/07/2016 47.69 47.00 47.69 47.30 57 151.00 3216996.00
21/07/2016 47.10 47.00 48.00 48.00 28 164.00 3527226.00
22/07/2016 48.00 47.85 48.15 47.99 44 104.00 2247066.00
25/07/2016 48.00 47.80 48.50 48.50 21 122.00 2656426.00
26/07/2016 48.50 48.45 50.00 49.50 58 203.00 4488813.00
27/07/2016 49.50 49.50 50.10 49.80 53 286.00 6413539.00
28/07/2016 49.70 48.60 49.75 48.60 52 335.00 7351056.00
29/07/2016 48.40 48.00 48.70 48.50 156 493.00 10696923.00
01/08/2016 48.60 48.50 49.00 48.74 37 144.00 3163770.00
02/08/2016 48.78 46.59 48.78 46.59 155 621.00 13273677.00
03/08/2016 46.69 46.30 47.19 46.64 50 193.00 4050706.00
04/08/2016 46.55 45.71 46.65 45.80 45 160.00 3310042.00
05/08/2016 45.80 45.70 46.08 45.70 46 242.00 4984879.00
08/08/2016 45.50 45.12 46.00 45.80 50 134.00 2768314.00
09/08/2016 46.00 45.90 46.60 45.90 44 419.00 8694297.00
10/08/2016 46.15 44.80 46.15 44.90 144 367.00 7465864.00
11/08/2016 44.55 43.55 44.80 43.89 115 666.00 13264159.00
12/08/2016 44.00 43.76 44.28 44.00 73 674.00 13337743.00
15/08/2016 44.00 44.00 45.08 44.71 59 164.00 3295408.00
16/08/2016 44.65 44.40 45.16 44.40 97 185.00 3719781.00
17/08/2016 44.39 43.90 44.40 43.90 37 314.00 6218563.00
18/08/2016 44.11 44.10 44.40 44.13 103 457.00 9086976.00
19/08/2016 44.10 43.80 44.10 43.90 27 75.00 1480230.00
22/08/2016 44.00 43.76 44.25 43.76 85 119.00 2359773.00
23/08/2016 43.61 43.40 43.96 43.96 76 299.00 5875915.00
24/08/2016 44.20 43.70 44.20 43.80 42 144.00 2848779.00
25/08/2016 43.55 42.20 43.55 42.20 155 372.00 7150414.00
26/08/2016 42.19 40.60 42.70 41.45 136 578.00 10795419.00
29/08/2016 41.74 41.25 41.80 41.70 26 88.00 1639737.00
30/08/2016 41.85 41.02 41.90 41.11 69 456.00 8504586.00
31/08/2016 41.11 40.40 41.11 40.65 66 192.00 3517137.00
01/09/2016 40.15 39.96 40.85 40.25 75 422.00 7636599.00
02/09/2016 40.34 40.34 42.00 42.00 53 254.00 4764955.00
05/09/2016 43.00 41.81 43.75 41.81 193 410.00 7967466.00
06/09/2016 42.00 41.90 42.33 42.29 37 71.00 1346287.00
08/09/2016 42.26 41.85 42.69 42.10 85 224.00 4250245.00
09/09/2016 41.65 41.65 42.12 42.00 31 100.00 1888767.00
12/09/2016 42.74 42.46 42.85 42.85 50 111.00 2133958.00
13/09/2016 42.80 42.60 43.00 43.00 37 59.00 1138261.00
14/09/2016 43.00 42.90 43.20 43.11 44 87.00 1687653.00
15/09/2016 43.38 42.80 43.40 42.80 36 64.00 1236510.00
16/09/2016 42.81 42.10 42.81 42.35 124 450.00 8586400.00
19/09/2016 42.25 42.20 42.50 42.40 33 190.00 3619300.00
20/09/2016 42.45 42.00 42.48 42.10 84 413.00 7859502.00
21/09/2016 42.20 41.42 42.20 41.42 106 364.00 6853315.00
22/09/2016 41.39 41.10 41.80 41.20 81 272.00 5077188.00
23/09/2016 41.39 40.50 41.40 40.54 97 370.00 6784600.00
26/09/2016 40.60 40.20 40.60 40.40 72 194.00 3521290.00
27/09/2016 40.30 40.15 40.60 40.60 71 254.00 4617486.00
28/09/2016 40.60 40.46 41.10 40.85 148 497.00 9151713.00
29/09/2016 40.80 40.80 42.25 41.91 429 1073.00 20171421.00
30/09/2016 42.20 41.50 43.20 42.87 198 626.00 11928424.00
03/10/2016 42.80 42.80 43.99 43.89 174 758.00 14882710.00
04/10/2016 43.89 43.60 44.30 44.21 295 1120.00 22185801.00
05/10/2016 44.29 43.60 44.33 43.76 205 485.00 9586503.00
06/10/2016 43.70 43.06 44.20 43.20 496 1633.00 32046021.00
07/10/2016 43.01 43.00 43.80 43.14 146 298.00 5828769.00
10/10/2016 43.50 42.97 43.65 43.10 87 198.00 3848422.00
11/10/2016 43.06 43.06 43.80 43.59 163 416.00 8151520.00
13/10/2016 43.51 43.15 43.59 43.28 126 409.00 7980565.00
14/10/2016 43.44 43.31 43.70 43.31 108 338.00 6622497.00
17/10/2016 43.36 42.31 43.39 42.31 316 885.00 17076780.00
18/10/2016 42.49 41.21 42.80 41.51 305 1095.00 20574045.00
19/10/2016 41.40 40.95 41.59 41.16 271 741.00 13734904.00
20/10/2016 41.16 40.82 41.45 40.95 153 371.00 6846480.00
21/10/2016 40.96 40.41 40.97 40.50 214 878.00 16071534.00
24/10/2016 40.41 40.05 40.70 40.20 176 794.00 14358883.00
25/10/2016 40.15 39.75 40.24 39.79 345 1040.00 18650524.00
26/10/2016 39.80 39.70 40.30 40.04 228 851.00 15327603.00
27/10/2016 40.04 40.04 40.89 40.66 337 1241.00 22645053.00
28/10/2016 40.68 40.60 41.89 41.69 321 1175.00 21928261.00
31/10/2016 41.75 41.50 42.00 41.94 247 680.00 12811108.00
01/11/2016 41.90 40.80 42.35 41.00 408 1830.00 34295611.00
03/11/2016 41.00 40.15 41.50 40.65 481 1910.00 34902432.00
04/11/2016 40.65 39.82 40.79 39.83 383 1515.00 27400378.00
07/11/2016 39.77 39.00 39.99 39.05 522 2049.00 36177016.00
08/11/2016 38.95 38.60 39.35 38.65 349 1355.00 23702157.00
09/11/2016 38.63 38.30 38.80 38.44 452 1409.00 24443617.00
10/11/2016 38.43 38.05 38.99 38.50 809 2480.00 43109518.00
11/11/2016 38.50 38.16 39.30 38.90 453 1799.00 31605727.00
14/11/2016 38.90 38.90 39.80 39.55 323 1012.00 17985366.00
16/11/2016 39.55 39.36 40.09 39.46 328 1190.00 21186256.00
17/11/2016 39.50 38.00 39.79 38.00 851 2145.00 37243908.00
18/11/2016 37.90 37.55 38.20 37.80 522 1482.00 25196382.00
21/11/2016 37.75 37.32 37.85 37.44 353 1582.00 26658387.00
22/11/2016 37.43 37.20 37.99 37.78 614 1872.00 31619349.00
23/11/2016 37.89 37.35 37.89 37.65 328 789.00 13326007.00
24/11/2016 37.65 37.41 38.15 37.88 299 558.00 9495211.00
25/11/2016 37.88 37.30 37.88 37.60 387 870.00 14686596.00
28/11/2016 37.50 37.01 37.70 37.40 379 1276.00 21472074.00
29/11/2016 37.32 37.23 37.86 37.35 592 1442.00 24364192.00
30/11/2016 37.39 36.91 37.58 37.56 400 1018.00 17093029.00
01/12/2016 37.59 37.59 38.45 38.45 846 2523.00 43268274.00
02/12/2016 38.40 38.00 38.95 38.40 575 1308.00 22640899.00
05/12/2016 38.55 37.79 38.65 38.25 469 1180.00 20205261.00
06/12/2016 38.44 38.27 38.85 38.75 430 2144.00 37299168.00
07/12/2016 38.70 38.64 39.20 38.65 417 1558.00 27202563.00
08/12/2016 38.66 37.75 38.74 38.30 501 1520.00 26140387.00
09/12/2016 38.30 38.30 38.94 38.46 404 1260.00 21921925.00
12/12/2016 38.45 38.02 38.57 38.50 369 1428.00 24625800.00
13/12/2016 38.55 38.51 39.09 38.85 498 1531.00 26804043.00
14/12/2016 38.85 38.75 39.41 39.30 459 1818.00 32037408.00
15/12/2016 39.40 39.20 39.48 39.30 191 659.00 11658973.00
16/12/2016 39.30 38.81 39.30 38.87 326 845.00 14792728.00
19/12/2016 38.86 38.76 39.19 39.19 231 644.00 11297497.00
20/12/2016 39.20 39.08 39.55 39.35 275 987.00 17483260.00
21/12/2016 39.40 38.90 39.44 38.95 247 891.00 15677352.00
22/12/2016 38.85 38.10 39.00 38.14 471 1548.00 26774725.00
23/12/2016 38.00 37.85 38.17 38.02 213 579.00 9905467.00
26/12/2016 38.08 37.87 38.59 38.10 244 817.00 14070730.00
27/12/2016 38.10 38.00 38.40 38.30 163 444.00 7645837.00
28/12/2016 38.40 38.05 38.45 38.06 165 317.00 5468913.00
29/12/2016 38.06 37.72 38.11 37.92 192 633.00 10814769.00
02/01/2017 37.92 37.82 38.39 38.00 74 287.00 4911039.00
03/01/2017 38.00 37.89 38.25 38.00 198 774.00 13236349.00
04/01/2017 38.00 37.30 38.00 37.33 286 1306.00 22142556.00
05/01/2017 37.40 36.75 37.45 36.82 449 1991.00 33112485.00
06/01/2017 36.80 36.50 36.89 36.50 257 1449.00 23960218.00
09/01/2017 36.55 35.81 36.55 35.85 333 1460.00 23725629.00
10/01/2017 35.80 34.50 35.85 34.61 625 2304.00 36392328.00
11/01/2017 34.58 34.16 34.77 34.60 181 673.00 10463148.00
12/01/2017 34.75 34.42 34.94 34.45 246 721.00 11218644.00
13/01/2017 34.53 34.46 34.66 34.50 136 274.00 4260307.00
16/01/2017 34.45 34.28 34.50 34.35 109 429.00 6635322.00
