03/01/2017 31.80 31.80 31.80 31.80 1 10.00 143100.00
09/01/2017 31.61 31.60 31.61 31.60 3 26.00 369832.00
11/01/2017 31.74 31.74 31.74 31.74 25 25.00 357075.00
13/01/2017 32.00 32.00 32.00 32.00 6 26.00 374400.00
19/01/2017 31.92 31.92 31.95 31.95 2 2.00 28741.00
23/01/2017 32.01 32.01 32.01 32.01 25 25.00 360112.00
07/02/2017 31.50 31.50 31.50 31.50 1 1.00 14175.00
08/02/2017 31.29 31.29 31.29 31.29 1 1.00 14080.00
14/02/2017 31.40 31.40 31.50 31.50 4 11.00 155700.00
16/02/2017 31.30 31.30 31.30 31.30 3 50.00 704250.00
22/02/2017 31.03 31.03 31.03 31.03 1 5.00 69817.00
01/03/2017 31.10 31.10 31.40 31.40 3 42.00 591165.00
03/03/2017 31.57 31.57 31.62 31.62 2 2.00 28435.00
06/03/2017 31.56 31.56 31.56 31.56 1 1.00 14202.00
13/03/2017 31.20 31.20 31.20 31.20 1 5.00 70200.00
22/03/2017 29.10 29.00 29.50 29.00 4 52.00 686520.00
23/03/2017 28.85 28.80 28.85 28.80 3 4.00 51885.00
24/03/2017 28.80 28.80 28.80 28.80 2 2.00 25920.00
27/03/2017 29.00 28.80 29.00 28.80 2 2.00 26010.00
28/03/2017 29.00 29.00 29.00 29.00 1 3.00 39150.00
29/03/2017 28.90 28.90 28.90 28.90 1 5.00 65025.00
30/03/2017 29.50 29.50 29.50 29.50 2 2.00 26550.00
31/03/2017 29.50 29.50 29.50 29.50 1 1.00 13275.00
03/04/2017 29.50 29.27 29.50 29.27 7 15.00 198400.00
04/04/2017 29.38 28.70 29.38 28.90 6 33.00 430722.00
07/04/2017 29.00 28.90 29.20 28.90 18 94.00 1229265.00
10/04/2017 29.56 29.56 29.60 29.60 3 21.00 279445.00
11/04/2017 29.20 29.20 29.30 29.30 3 21.00 275985.00
12/04/2017 29.60 29.35 29.60 29.35 6 62.00 821947.00
13/04/2017 29.50 29.50 29.50 29.50 1 5.00 66375.00
17/04/2017 29.60 29.51 29.60 29.51 4 89.00 1185439.00
18/04/2017 29.99 29.99 30.00 30.00 2 10.00 134995.00
19/04/2017 30.34 29.75 30.34 29.75 2 2.00 27040.00
20/04/2017 30.05 29.50 30.05 29.50 5 12.00 159570.00
24/04/2017 29.91 29.91 29.91 29.91 2 20.00 269190.00
25/04/2017 29.00 29.00 29.70 29.70 2 2.00 26415.00
26/04/2017 29.60 29.51 29.60 29.51 2 2.00 26599.00
27/04/2017 29.50 29.50 29.50 29.50 2 11.00 146025.00
28/04/2017 29.10 28.82 29.49 29.05 47 161.00 2107129.00
02/05/2017 29.06 29.06 29.06 29.06 1 5.00 65385.00
03/05/2017 29.20 29.20 29.20 29.20 1 1.00 13140.00
04/05/2017 29.20 29.10 29.20 29.16 10 28.00 367834.00
05/05/2017 29.00 29.00 29.00 29.00 1 1.00 13050.00
08/05/2017 29.15 28.90 29.15 28.90 9 14.00 183010.00
09/05/2017 28.90 28.80 28.90 28.80 5 14.00 181530.00
10/05/2017 28.65 28.41 28.65 28.50 21 79.00 1013814.00
11/05/2017 28.75 28.58 28.80 28.58 12 27.00 349272.00
12/05/2017 28.75 28.55 28.75 28.55 7 16.00 206208.00
15/05/2017 28.75 28.66 28.80 28.66 10 14.00 181134.00
16/05/2017 28.75 28.61 28.75 28.61 3 3.00 38749.00
17/05/2017 28.70 28.70 28.70 28.70 3 4.00 51660.00
18/05/2017 29.11 29.11 30.04 30.00 13 92.00 1240659.00
19/05/2017 30.30 29.65 30.30 29.80 20 252.00 3380013.00
22/05/2017 29.80 29.80 30.00 29.85 25 130.00 1749933.00
23/05/2017 29.80 29.60 29.85 29.66 36 87.00 1165509.00
24/05/2017 29.60 29.29 29.60 29.29 11 36.00 476064.00
25/05/2017 29.11 29.11 29.49 29.30 13 313.00 4116357.00
26/05/2017 29.20 29.20 29.28 29.23 5 5.00 65776.00
29/05/2017 29.30 29.20 29.30 29.20 5 13.00 170865.00
30/05/2017 29.20 28.90 29.20 28.90 12 28.00 364455.00
31/05/2017 28.95 28.92 29.00 28.92 16 40.00 521172.00
01/06/2017 28.89 28.60 28.90 28.60 19 65.00 840352.00
02/06/2017 28.63 28.50 28.77 28.50 43 70.00 901687.00
05/06/2017 28.50 28.40 28.80 28.79 25 65.00 837063.00
06/06/2017 28.78 28.70 28.80 28.70 29 29.00 375133.00
07/06/2017 28.82 28.80 29.20 29.10 30 89.00 1165153.00
08/06/2017 29.00 29.00 29.60 29.15 99 327.00 4331655.00
09/06/2017 29.15 29.07 29.20 29.07 14 31.00 406651.00
12/06/2017 29.30 29.30 29.30 29.30 1 1.00 13185.00
13/06/2017 28.81 28.69 28.89 28.78 44 167.00 2160391.00
14/06/2017 28.85 28.50 28.85 28.56 36 84.00 1082272.00
16/06/2017 28.60 28.60 28.60 28.60 16 60.00 772200.00
