17/02/2017 31.00 31.00 31.00 31.00 1 1.00 13950.00
21/02/2017 30.60 30.60 30.60 30.60 1 1.00 13770.00
22/02/2017 30.40 30.40 30.40 30.40 1 1.00 13680.00
01/03/2017 31.10 31.10 31.10 31.10 1 6.00 83970.00
03/03/2017 31.61 31.61 31.61 31.61 1 25.00 355612.00
08/03/2017 31.20 31.20 31.20 31.20 1 3.00 42120.00
13/03/2017 30.88 30.88 30.88 30.88 1 5.00 69480.00
20/03/2017 30.29 30.29 30.29 30.29 1 1.00 13630.00
21/03/2017 29.40 29.40 29.97 29.97 2 26.00 350392.00
22/03/2017 29.00 29.00 29.60 29.40 3 9.00 119340.00
23/03/2017 29.00 29.00 29.00 29.00 1 25.00 326250.00
27/03/2017 28.91 28.91 28.91 28.91 1 1.00 13009.00
30/03/2017 29.46 29.46 29.46 29.46 1 25.00 331425.00
31/03/2017 29.81 29.81 29.81 29.81 1 1.00 13414.00
03/04/2017 29.75 29.50 29.75 29.50 2 2.00 26662.00
07/04/2017 29.57 29.57 29.57 29.57 1 23.00 306049.00
10/04/2017 29.87 29.87 29.87 29.87 1 1.00 13441.00
12/04/2017 29.87 29.80 29.87 29.87 3 36.00 483862.00
13/04/2017 30.00 30.00 30.00 30.00 1 1.00 13500.00
18/04/2017 30.20 30.20 30.28 30.28 6 34.00 462964.00
19/04/2017 30.25 30.25 30.25 30.25 1 1.00 13612.00
25/04/2017 30.00 30.00 30.00 30.00 1 1.00 13500.00
26/04/2017 30.29 30.17 30.30 30.30 8 47.00 640296.00
28/04/2017 30.10 30.10 30.10 30.10 1 1.00 13545.00
09/05/2017 29.99 29.80 29.99 29.80 3 3.00 40356.00
10/05/2017 29.84 29.84 29.85 29.85 2 2.00 26860.00
11/05/2017 29.99 29.90 30.00 29.90 4 4.00 53950.00
12/05/2017 29.73 29.73 29.73 29.73 3 6.00 80271.00
15/05/2017 29.70 29.70 29.70 29.70 5 26.00 347490.00
16/05/2017 29.70 29.70 29.71 29.71 5 29.00 387697.00
17/05/2017 29.80 29.80 29.80 29.80 3 4.00 53640.00
18/05/2017 29.99 29.99 31.33 31.15 9 70.00 983236.00
19/05/2017 31.05 31.05 31.05 31.05 1 2.00 27945.00
22/05/2017 31.00 31.00 31.00 31.00 1 1.00 13950.00
25/05/2017 30.00 30.00 30.00 30.00 2 4.00 54000.00
29/05/2017 30.40 30.40 30.40 30.40 1 1.00 13680.00
01/06/2017 30.10 30.10 30.10 30.10 1 1.00 13545.00
05/06/2017 30.00 30.00 30.39 30.39 3 3.00 40765.00
07/06/2017 30.15 30.15 30.15 30.15 3 42.00 569835.00
08/06/2017 29.73 29.68 30.10 30.10 72 286.00 3842419.00
09/06/2017 30.10 30.10 30.10 30.10 2 31.00 419895.00
12/06/2017 30.09 30.09 30.09 30.09 1 1.00 13540.00
13/06/2017 29.90 29.90 29.90 29.90 2 40.00 538200.00
14/06/2017 29.90 29.90 29.90 29.90 3 3.00 40365.00
