01/06/2016 45.00 45.00 45.05 45.05 12 88.00 1783012.00
02/06/2016 45.05 44.70 45.05 44.90 15 145.00 2934022.00
03/06/2016 44.60 44.40 44.70 44.70 11 26.00 522184.00
06/06/2016 44.65 44.65 44.80 44.80 8 140.00 2820780.00
07/06/2016 44.60 44.60 44.60 44.60 7 63.00 1264410.00
08/06/2016 44.70 44.70 44.90 44.77 9 68.00 1370835.00
09/06/2016 44.90 44.50 44.90 44.50 6 12.00 240840.00
10/06/2016 45.00 44.50 45.00 44.80 10 31.00 625446.00
13/06/2016 45.39 45.25 45.39 45.25 6 9.00 183388.00
14/06/2016 44.95 44.95 44.98 44.98 4 14.00 283347.00
15/06/2016 44.70 44.70 44.85 44.85 6 36.00 725895.00
16/06/2016 44.60 44.50 44.60 44.55 20 163.00 3269448.00
17/06/2016 44.51 44.50 44.96 44.96 5 15.00 302656.00
20/06/2016 44.50 44.40 44.50 44.45 6 23.00 460084.00
21/06/2016 44.20 42.50 44.20 42.50 40 333.00 6502653.00
22/06/2016 42.70 42.50 43.05 42.50 12 23.00 442350.00
23/06/2016 42.50 42.50 44.50 43.50 21 47.00 915826.00
24/06/2016 43.00 42.50 43.00 43.00 20 127.00 2442712.00
27/06/2016 43.02 43.02 43.02 43.02 6 10.00 193590.00
28/06/2016 43.12 43.00 44.00 44.00 14 38.00 743184.00
29/06/2016 43.80 43.00 43.80 43.00 18 91.00 1769656.00
30/06/2016 42.50 42.50 43.30 43.30 8 61.00 1184625.00
01/07/2016 43.20 43.20 43.20 43.20 7 36.00 699840.00
04/07/2016 42.80 42.80 42.80 42.80 3 4.00 77040.00
05/07/2016 42.84 42.64 43.75 43.75 7 19.00 372726.00
06/07/2016 43.61 43.61 43.90 43.88 6 26.00 513364.00
07/07/2016 44.60 44.60 45.00 45.00 18 89.00 1801251.00
08/07/2016 45.00 44.10 45.70 45.50 19 79.00 1613407.00
11/07/2016 45.20 45.00 45.70 45.00 15 69.00 1400400.00
12/07/2016 45.48 45.48 45.48 45.48 3 15.00 306990.00
13/07/2016 45.45 45.45 46.40 46.00 22 156.00 3221685.00
14/07/2016 46.00 45.90 46.20 45.90 19 129.00 2679795.00
15/07/2016 45.90 45.90 45.90 45.90 7 41.00 846855.00
18/07/2016 45.90 45.90 46.30 46.30 2 9.00 186795.00
19/07/2016 45.50 45.50 45.50 45.50 4 6.00 122850.00
20/07/2016 45.00 45.00 45.00 45.00 9 74.00 1498500.00
21/07/2016 45.50 45.30 45.50 45.40 19 109.00 2222640.00
22/07/2016 45.50 45.39 45.60 45.39 8 265.00 5434155.00
25/07/2016 46.00 45.00 46.00 45.83 44 272.00 5559021.00
26/07/2016 45.50 45.50 46.50 46.45 42 209.00 4354843.00
27/07/2016 46.45 46.35 47.39 46.50 20 111.00 2339298.00
28/07/2016 46.35 44.70 46.35 45.35 8 16.00 329332.00
29/07/2016 45.00 44.90 45.70 45.40 13 58.00 1179990.00
01/08/2016 45.50 45.49 45.50 45.49 2 10.00 204727.00
02/08/2016 45.50 44.00 45.50 44.48 10 145.00 2915775.00
03/08/2016 44.00 43.80 44.30 44.09 33 232.00 4594374.00
04/08/2016 43.45 43.45 43.50 43.50 3 29.00 567067.00
05/08/2016 43.45 43.45 43.60 43.60 5 25.00 489825.00
08/08/2016 43.55 43.50 43.59 43.59 5 26.00 509508.00
09/08/2016 44.00 43.49 44.00 43.49 13 63.00 1235970.00
10/08/2016 42.90 42.05 42.90 42.05 40 194.00 3694500.00
11/08/2016 41.80 41.40 42.00 41.40 19 164.00 3078360.00
12/08/2016 41.50 41.00 41.60 41.50 23 198.00 3690562.00
15/08/2016 42.00 42.00 42.00 42.00 7 42.00 793800.00
16/08/2016 42.05 41.70 42.05 41.90 14 36.00 678937.00
17/08/2016 41.50 41.48 41.50 41.48 7 51.00 952335.00
18/08/2016 41.30 41.30 41.80 41.80 4 31.00 578385.00
19/08/2016 41.60 41.56 41.60 41.56 8 29.00 542520.00
22/08/2016 41.46 41.15 41.46 41.20 15 63.00 1170279.00
23/08/2016 41.00 40.80 41.09 41.09 22 111.00 2039985.00
24/08/2016 41.03 40.99 41.03 40.99 5 45.00 830335.00
25/08/2016 40.40 40.20 40.50 40.21 12 92.00 1666971.00
26/08/2016 40.00 39.10 40.00 39.50 10 50.00 886590.00
29/08/2016 39.20 39.20 39.20 39.20 6 8.00 141120.00
30/08/2016 39.02 39.00 39.02 39.00 7 31.00 544095.00
31/08/2016 38.95 38.95 38.95 38.95 5 40.00 701100.00
01/09/2016 38.79 38.79 38.79 38.79 3 26.00 453843.00
02/09/2016 39.20 39.20 40.72 40.72 26 125.00 2279425.00
05/09/2016 41.05 41.00 41.75 41.01 26 85.00 1581759.00
06/09/2016 41.20 41.20 41.28 41.28 9 87.00 1613592.00
08/09/2016 41.89 41.26 41.90 41.26 9 60.00 1118961.00
09/09/2016 40.80 40.80 41.00 40.80 24 44.00 809550.00
12/09/2016 41.20 41.05 41.20 41.20 8 34.00 630090.00
13/09/2016 41.40 41.20 41.43 41.43 7 30.00 558423.00
14/09/2016 41.50 41.50 41.80 41.80 36 95.00 1784380.00
15/09/2016 41.59 41.59 41.59 41.59 1 1.00 18715.00
16/09/2016 41.25 41.10 41.41 41.41 25 102.00 1891395.00
19/09/2016 41.40 41.40 41.40 41.40 1 2.00 37260.00
20/09/2016 41.00 41.00 41.04 41.00 5 15.00 276840.00
21/09/2016 40.75 40.75 40.75 40.75 3 20.00 366750.00
22/09/2016 40.41 40.39 40.74 40.39 12 31.00 563818.00
23/09/2016 39.60 39.60 39.99 39.88 15 37.00 663205.00
26/09/2016 39.80 39.49 39.80 39.49 7 12.00 213786.00
27/09/2016 39.30 39.00 39.30 39.10 37 165.00 2897505.00
28/09/2016 39.50 39.20 39.50 39.20 13 99.00 1749555.00
29/09/2016 39.50 39.50 39.75 39.74 22 65.00 1158543.00
30/09/2016 39.75 39.70 40.20 40.10 55 102.00 1831500.00
03/10/2016 40.15 40.15 40.85 40.85 48 453.00 8257360.00
04/10/2016 40.80 40.45 40.89 40.85 32 135.00 2478226.00
05/10/2016 40.70 40.31 40.70 40.70 15 53.00 968818.00
06/10/2016 40.41 40.16 41.00 40.49 43 245.00 4481419.00
07/10/2016 40.30 40.25 40.45 40.40 24 162.00 2939953.00
10/10/2016 40.30 40.28 40.40 40.40 11 32.00 581427.00
11/10/2016 40.20 40.20 40.57 40.50 9 32.00 583785.00
13/10/2016 40.15 40.15 40.35 40.35 6 18.00 326272.00
14/10/2016 40.35 40.35 40.50 40.50 8 22.00 400878.00
17/10/2016 39.90 39.80 39.90 39.90 14 42.00 753412.00
18/10/2016 39.11 39.11 39.75 39.50 36 88.00 1564389.00
19/10/2016 39.40 38.90 39.40 39.18 16 43.00 757282.00
20/10/2016 39.05 38.90 39.09 39.09 11 30.00 527125.00
21/10/2016 38.80 38.69 38.80 38.69 5 15.00 261405.00
24/10/2016 38.20 37.80 38.20 38.00 50 501.00 8555485.00
25/10/2016 37.50 37.40 37.80 37.70 18 50.00 846405.00
26/10/2016 37.60 37.60 38.08 38.08 23 122.00 2085799.00
27/10/2016 38.00 38.00 38.60 38.60 69 134.00 2315259.00
28/10/2016 39.00 38.80 39.34 39.34 25 53.00 931275.00
31/10/2016 39.40 39.30 39.41 39.41 30 61.00 1080576.00
01/11/2016 39.40 38.60 39.40 38.70 20 104.00 1825875.00
03/11/2016 38.40 38.40 38.48 38.48 9 33.00 571378.00
04/11/2016 38.35 37.50 38.35 37.50 27 84.00 1424911.00
07/11/2016 36.51 36.51 37.10 37.00 61 221.00 3679515.00
08/11/2016 37.00 36.71 37.10 36.85 57 334.00 5544117.00
09/11/2016 36.80 36.50 37.00 36.50 26 82.00 1352560.00
10/11/2016 36.50 36.30 37.20 36.80 87 353.00 5865237.00
11/11/2016 37.00 37.00 37.90 37.50 87 933.00 15763603.00
14/11/2016 37.55 37.55 37.90 37.81 38 212.00 3606304.00
16/11/2016 37.79 37.79 38.00 38.00 42 236.00 4029111.00
17/11/2016 38.05 37.51 38.05 37.60 146 809.00 13711212.00
18/11/2016 37.55 37.30 37.65 37.50 70 225.00 3801919.00
21/11/2016 37.50 37.20 37.50 37.45 55 278.00 4680256.00
22/11/2016 37.55 37.30 38.00 37.70 63 325.00 5494482.00
23/11/2016 37.43 37.31 37.82 37.72 69 114.00 1932637.00
24/11/2016 37.65 37.46 37.90 37.90 58 204.00 3471156.00
25/11/2016 37.90 37.59 37.90 37.70 87 234.00 3973144.00
28/11/2016 37.70 37.37 37.77 37.37 69 136.00 2292156.00
29/11/2016 37.40 37.30 37.70 37.39 92 256.00 4310023.00
30/11/2016 37.30 37.03 38.00 38.00 101 253.00 4283307.00
01/12/2016 37.74 37.64 38.40 38.40 171 459.00 7862170.00
02/12/2016 38.47 38.30 38.65 38.40 193 561.00 9703377.00
05/12/2016 37.99 37.91 38.50 38.50 95 311.00 5343601.00
06/12/2016 38.50 38.49 38.90 38.66 83 259.00 4509976.00
07/12/2016 38.74 38.30 38.80 38.30 135 425.00 7354624.00
08/12/2016 38.20 37.76 38.20 38.01 81 245.00 4184734.00
09/12/2016 38.00 37.52 38.50 37.65 89 335.00 5727919.00
12/12/2016 37.56 37.25 37.65 37.53 39 146.00 2463097.00
13/12/2016 37.60 37.33 38.20 37.59 131 476.00 8088678.00
14/12/2016 37.60 37.45 37.80 37.54 77 248.00 4192240.00
15/12/2016 37.60 37.50 37.70 37.51 90 203.00 3433315.00
16/12/2016 37.55 37.11 37.55 37.11 100 321.00 5382189.00
19/12/2016 37.10 36.81 37.20 36.91 83 429.00 7139169.00
20/12/2016 36.90 36.83 37.00 36.99 51 210.00 3489957.00
21/12/2016 36.90 36.50 36.90 36.58 91 752.00 12428973.00
22/12/2016 36.50 35.80 36.50 35.80 170 772.00 12566376.00
23/12/2016 35.70 35.50 35.90 35.70 70 352.00 5665653.00
26/12/2016 35.70 35.30 35.70 35.70 89 164.00 2626992.00
27/12/2016 35.70 35.40 35.98 35.81 96 235.00 3785463.00
28/12/2016 35.66 35.66 35.98 35.85 57 165.00 2662825.00
29/12/2016 35.85 35.00 35.85 35.80 127 417.00 6676389.00
02/01/2017 35.75 35.55 35.95 35.67 51 87.00 1397709.00
03/01/2017 35.65 35.46 35.90 35.50 95 281.00 4500562.00
04/01/2017 35.40 35.25 35.65 35.30 225 813.00 12978967.00
05/01/2017 35.31 34.92 35.36 35.14 221 821.00 12965598.00
06/01/2017 35.20 35.05 35.45 35.06 196 821.00 13006440.00
09/01/2017 35.00 34.34 35.01 34.45 248 1111.00 17343742.00
10/01/2017 34.45 33.80 34.68 33.85 374 1184.00 18168237.00
11/01/2017 33.90 33.41 34.25 34.00 316 934.00 14261359.00
12/01/2017 34.00 33.70 34.60 34.25 419 1512.00 23322699.00
13/01/2017 34.20 34.15 34.85 34.70 542 1823.00 28435734.00
16/01/2017 34.80 34.30 34.80 34.30 440 1771.00 27544851.00
17/01/2017 34.29 34.25 34.99 34.94 519 1943.00 30271342.00
18/01/2017 35.00 34.96 35.87 35.78 891 2950.00 47067484.00
19/01/2017 35.80 35.07 36.12 35.20 779 2122.00 33920145.00
20/01/2017 35.00 34.50 35.24 34.55 657 1760.00 27543640.00
23/01/2017 34.50 34.50 35.55 35.45 619 1759.00 27782595.00
24/01/2017 35.44 35.07 36.05 35.28 600 1635.00 26098056.00
26/01/2017 35.30 34.75 35.55 34.95 487 1358.00 21406185.00
27/01/2017 34.95 34.39 35.25 35.16 666 2156.00 33811614.00
30/01/2017 35.22 34.10 35.40 34.14 779 2464.00 38446335.00
31/01/2017 34.11 33.85 34.48 34.39 605 1644.00 25292745.00
01/02/2017 34.39 34.24 34.79 34.58 449 1407.00 21846582.00
02/02/2017 34.59 34.05 34.60 34.20 562 2678.00 41206504.00
03/02/2017 34.18 34.07 34.65 34.36 431 1489.00 23066919.00
06/02/2017 34.30 34.30 34.97 34.38 631 1782.00 27750492.00
07/02/2017 34.40 33.80 34.40 34.00 471 1875.00 28748974.00
08/02/2017 34.05 33.88 34.23 34.16 218 705.00 10801008.00
09/02/2017 34.18 34.10 34.60 34.26 488 1423.00 21998745.00
10/02/2017 34.34 34.27 35.30 35.05 902 2926.00 45895374.00
13/02/2017 35.05 34.80 35.46 35.10 642 2203.00 34850245.00
14/02/2017 35.15 34.56 35.25 34.79 465 1410.00 22090099.00
15/02/2017 34.73 34.00 34.85 34.25 638 3220.00 49930285.00
16/02/2017 34.22 34.03 34.50 34.20 386 1609.00 24786252.00
17/02/2017 34.22 34.05 34.48 34.12 398 2164.00 33405669.00
20/02/2017 34.07 33.85 34.44 34.01 407 1595.00 24460461.00
21/02/2017 34.12 33.66 34.30 34.20 461 1438.00 22030245.00
22/02/2017 34.20 34.08 34.50 34.27 518 2030.00 31352800.00
23/02/2017 34.25 34.10 34.79 34.78 665 2559.00 39923887.00
24/02/2017 34.80 34.41 34.89 34.55 303 860.00 13402615.00
01/03/2017 34.51 34.45 35.00 34.81 225 461.00 7230897.00
02/03/2017 34.81 34.81 35.37 35.27 453 1838.00 29080417.00
03/03/2017 35.25 35.19 35.68 35.52 539 2970.00 47376945.00
06/03/2017 35.46 35.40 35.95 35.82 383 1506.00 24251080.00
07/03/2017 35.81 35.21 35.90 35.35 386 1324.00 21145900.00
08/03/2017 35.30 35.11 35.48 35.25 223 549.00 8720221.00
09/03/2017 35.16 34.80 35.22 34.86 531 1451.00 22795834.00
10/03/2017 34.75 34.75 35.15 35.14 159 651.00 10275439.00
13/03/2017 35.10 34.95 35.22 35.04 148 468.00 7391205.00
14/03/2017 34.89 34.54 35.10 34.54 326 2062.00 32146375.00
15/03/2017 34.53 34.52 35.09 35.05 204 755.00 11888883.00
