01/06/2016 45.89 45.50 46.28 46.15 178 797.00 16488931.00
02/06/2016 46.20 45.51 46.35 45.70 139 339.00 7014379.00
03/06/2016 45.65 45.20 46.05 45.35 130 501.00 10261147.00
06/06/2016 45.15 45.15 46.00 45.69 110 437.00 9001674.00
07/06/2016 45.55 45.30 45.74 45.50 108 382.00 7815910.00
08/06/2016 45.55 45.47 46.09 45.65 93 402.00 8303512.00
09/06/2016 45.79 45.79 46.50 46.25 132 399.00 8289801.00
10/06/2016 46.27 46.27 47.66 46.75 218 736.00 15543657.00
13/06/2016 46.75 46.60 48.00 47.60 312 1617.00 34686571.00
14/06/2016 47.60 46.90 47.75 47.54 144 553.00 11837583.00
15/06/2016 47.55 46.55 47.55 46.60 191 947.00 19965069.00
16/06/2016 46.58 45.50 46.58 45.73 193 817.00 16869361.00
17/06/2016 45.30 45.30 46.30 45.95 272 930.00 19265121.00
20/06/2016 46.00 44.75 46.15 45.00 159 602.00 12227656.00
21/06/2016 44.86 42.74 44.86 42.74 199 1141.00 22304889.00
22/06/2016 42.49 41.20 42.50 42.42 186 807.00 15291693.00
23/06/2016 42.40 41.55 42.55 41.83 200 911.00 17181486.00
24/06/2016 41.65 40.31 41.85 40.70 222 1344.00 24681505.00
27/06/2016 40.80 40.28 41.35 41.12 144 484.00 8947980.00
28/06/2016 41.12 41.00 41.75 41.37 103 325.00 6047244.00
29/06/2016 41.37 40.12 41.40 40.31 169 649.00 11873520.00
30/06/2016 40.17 38.76 40.25 38.93 128 998.00 17624322.00
01/07/2016 38.90 38.90 39.49 39.44 99 388.00 6861555.00
04/07/2016 39.45 39.40 40.50 39.88 77 217.00 3893566.00
05/07/2016 40.90 39.80 40.90 40.41 272 716.00 12983274.00
06/07/2016 40.41 40.32 40.85 40.60 119 270.00 4918531.00
07/07/2016 40.55 40.45 41.70 41.45 415 1431.00 26570394.00
08/07/2016 41.50 41.50 42.90 42.85 166 1102.00 21070980.00
11/07/2016 43.00 42.35 43.00 42.50 29 114.00 2181667.00
12/07/2016 42.50 41.81 42.50 42.37 171 711.00 13478175.00
13/07/2016 42.31 42.31 42.89 42.80 87 770.00 14797512.00
14/07/2016 42.89 42.81 43.17 43.04 98 1115.00 21557956.00
15/07/2016 43.05 43.01 43.15 43.15 51 819.00 15876315.00
