31/05/2017 26.82 26.60 26.82 26.60 3 501.00 6046470.00
01/06/2017 26.00 26.00 26.50 26.20 6 304.00 3610980.00
05/06/2017 26.01 26.01 26.02 26.02 4 30.00 351265.00
06/06/2017 26.11 26.11 26.11 26.11 2 2.00 23499.00
07/06/2017 26.20 26.20 26.60 26.60 3 26.00 311040.00
08/06/2017 26.40 26.40 26.65 26.65 4 28.00 335677.00
09/06/2017 26.80 26.80 26.85 26.85 6 13.00 157027.00
12/06/2017 26.52 26.20 26.52 26.20 5 54.00 636804.00
13/06/2017 26.41 26.31 26.50 26.31 8 39.00 462186.00
14/06/2017 26.56 26.45 26.60 26.45 8 42.00 502465.00
16/06/2017 26.40 26.40 26.40 26.40 4 30.00 356400.00
