01/06/2016 39.69 39.69 39.69 39.69 1 1.00 17860.00
13/06/2016 39.75 39.75 39.75 39.75 1 25.00 447187.00
15/06/2016 39.21 39.21 39.21 39.21 1 25.00 441112.00
16/06/2016 39.14 39.00 39.14 39.00 2 50.00 879075.00
17/06/2016 39.10 39.10 39.50 39.50 2 35.00 620325.00
22/06/2016 39.10 39.10 39.10 39.10 1 1.00 17595.00
23/06/2016 38.25 38.00 38.50 38.50 4 37.00 635962.00
24/06/2016 39.00 39.00 39.00 39.00 1 1.00 17550.00
27/06/2016 39.50 39.00 39.50 39.00 2 2.00 35325.00
28/06/2016 39.00 39.00 39.00 39.00 1 10.00 175500.00
29/06/2016 38.90 38.90 38.90 38.90 1 10.00 175050.00
30/06/2016 38.50 38.50 38.50 38.50 2 35.00 606375.00
01/07/2016 38.50 38.50 38.50 38.50 3 45.00 779625.00
04/07/2016 38.75 38.75 38.75 38.75 1 1.00 17437.00
05/07/2016 38.50 38.50 38.50 38.50 4 21.00 363825.00
06/07/2016 38.25 38.25 38.25 38.25 2 31.00 533587.00
07/07/2016 38.50 38.50 38.50 38.50 2 17.00 294525.00
08/07/2016 38.50 38.40 38.50 38.50 5 48.00 830115.00
11/07/2016 38.39 38.39 38.39 38.39 1 1.00 17275.00
12/07/2016 38.40 38.00 38.40 38.00 3 6.00 102780.00
13/07/2016 38.20 38.20 38.44 38.44 8 100.00 1720080.00
14/07/2016 38.42 38.10 38.80 38.70 30 780.00 13459275.00
15/07/2016 38.80 38.80 39.50 39.50 17 201.00 3541275.00
18/07/2016 39.45 39.30 39.70 39.70 14 171.00 3038152.00
19/07/2016 39.35 39.35 39.70 39.70 10 67.00 1187190.00
20/07/2016 39.50 39.50 39.70 39.60 19 151.00 2686972.00
21/07/2016 39.50 39.50 39.90 39.90 8 53.00 950760.00
22/07/2016 40.00 39.50 40.00 40.00 30 238.00 4247572.00
25/07/2016 39.86 39.50 40.00 40.00 6 77.00 1377954.00
26/07/2016 40.00 40.00 40.00 40.00 12 107.00 1926000.00
27/07/2016 39.40 39.40 39.40 39.40 2 4.00 70920.00
28/07/2016 39.60 39.40 39.60 39.40 4 18.00 320670.00
29/07/2016 39.70 38.65 39.70 39.50 19 220.00 3908925.00
01/08/2016 39.70 39.50 39.70 39.70 6 36.00 642690.00
02/08/2016 39.70 38.05 39.70 39.10 3 3.00 52582.00
03/08/2016 39.50 39.50 39.50 39.50 1 1.00 17775.00
04/08/2016 37.50 37.50 38.14 38.00 31 81.00 1371298.00
05/08/2016 37.93 37.80 38.20 38.20 8 83.00 1413783.00
08/08/2016 38.45 38.45 38.45 38.45 1 1.00 17302.00
09/08/2016 38.30 38.30 38.30 38.30 1 1.00 17235.00
10/08/2016 37.80 37.50 37.80 37.79 6 80.00 1353105.00
11/08/2016 37.60 37.50 37.87 37.87 4 23.00 388336.00
12/08/2016 38.20 38.20 38.20 38.20 2 7.00 120330.00
15/08/2016 38.30 38.20 38.30 38.30 4 15.00 258435.00
16/08/2016 38.00 38.00 38.00 38.00 3 22.00 376200.00
17/08/2016 37.85 37.85 37.85 37.85 1 8.00 136260.00
19/08/2016 37.99 37.00 37.99 37.86 21 128.00 2145100.00
22/08/2016 37.80 37.80 37.80 37.80 4 11.00 187110.00
23/08/2016 37.70 37.30 37.70 37.30 8 42.00 705150.00
24/08/2016 37.30 37.30 37.30 37.30 1 1.00 16785.00
25/08/2016 36.70 36.50 36.70 36.50 6 43.00 707175.00
26/08/2016 35.80 34.90 35.80 35.30 9 218.00 3463965.00
29/08/2016 35.40 35.40 35.40 35.40 3 16.00 254880.00
30/08/2016 35.40 35.40 35.40 35.40 1 7.00 111510.00
31/08/2016 35.00 34.25 35.00 34.50 18 160.00 2489737.00
01/09/2016 33.80 33.80 34.05 34.05 7 101.00 1540327.00
02/09/2016 34.50 34.50 35.40 35.20 26 256.00 4057740.00
05/09/2016 35.00 35.00 35.43 35.15 10 106.00 1676047.00
06/09/2016 34.65 34.45 34.70 34.70 8 145.00 2257942.00
08/09/2016 35.19 35.19 35.19 35.19 3 10.00 158355.00
09/09/2016 35.00 35.00 35.00 35.00 1 5.00 78750.00
12/09/2016 34.00 33.28 34.42 34.30 49 397.00 6073056.00
13/09/2016 34.16 34.16 35.14 35.01 8 31.00 488065.00
14/09/2016 34.67 34.30 35.00 35.00 20 61.00 948856.00
15/09/2016 34.97 34.97 35.00 34.99 3 47.00 739813.00
16/09/2016 34.70 34.70 34.75 34.75 8 55.00 859500.00
19/09/2016 33.90 33.90 34.59 34.50 11 87.00 1346175.00
20/09/2016 34.46 34.23 34.46 34.25 12 43.00 662760.00
21/09/2016 34.00 33.71 34.00 34.00 12 71.00 1086169.00
22/09/2016 34.00 33.90 34.00 33.95 14 31.00 473692.00
23/09/2016 33.90 33.70 33.90 33.75 13 30.00 455760.00
26/09/2016 33.50 33.40 33.70 33.60 21 130.00 1963152.00
27/09/2016 33.00 33.00 33.79 33.79 19 73.00 1096173.00
28/09/2016 33.55 33.50 33.85 33.70 26 54.00 817425.00
29/09/2016 33.50 33.27 34.48 34.48 29 114.00 1727973.00
30/09/2016 34.20 34.10 34.80 34.54 21 40.00 618939.00
03/10/2016 34.20 33.75 34.50 34.25 26 184.00 2828848.00
04/10/2016 34.25 33.80 34.35 34.24 24 182.00 2793681.00
05/10/2016 34.10 33.80 34.10 33.90 17 80.00 1221250.00
06/10/2016 34.00 33.50 34.00 33.80 24 179.00 2719782.00
07/10/2016 33.70 33.70 34.00 34.00 18 72.00 1098792.00
10/10/2016 33.80 33.60 33.90 33.90 31 134.00 2035327.00
11/10/2016 33.82 33.70 33.82 33.80 22 72.00 1094814.00
13/10/2016 33.79 33.30 33.79 33.64 29 51.00 768712.00
14/10/2016 33.54 33.40 33.54 33.50 29 207.00 3116448.00
17/10/2016 33.44 32.80 33.44 33.14 24 194.00 2884378.00
18/10/2016 33.15 32.70 33.15 33.00 20 61.00 906201.00
19/10/2016 33.49 32.90 33.50 33.28 15 131.00 1950093.00
20/10/2016 33.00 33.00 33.30 33.25 34 80.00 1194808.00
21/10/2016 33.15 33.15 33.50 33.50 10 32.00 481401.00
24/10/2016 33.35 33.20 33.35 33.20 19 196.00 2931250.00
25/10/2016 33.40 33.00 33.40 33.00 18 46.00 683797.00
26/10/2016 32.99 32.70 33.00 33.00 24 181.00 2677873.00
27/10/2016 33.00 32.90 33.40 33.40 14 132.00 1960776.00
28/10/2016 33.40 33.21 33.50 33.31 23 172.00 2575494.00
31/10/2016 33.31 33.23 33.31 33.28 15 68.00 1018575.00
03/11/2016 32.80 32.80 32.90 32.80 10 91.00 1343610.00
04/11/2016 33.00 32.80 33.00 32.85 16 256.00 3780832.00
07/11/2016 32.70 32.70 33.30 33.12 8 35.00 520659.00
08/11/2016 33.12 32.70 33.12 32.88 54 310.00 4583191.00
09/11/2016 32.82 32.44 33.09 32.89 47 422.00 6235821.00
10/11/2016 32.90 32.90 33.48 33.30 50 137.00 2044926.00
11/11/2016 33.30 33.30 33.50 33.40 12 57.00 856480.00
14/11/2016 33.50 33.20 33.50 33.30 4 11.00 164700.00
16/11/2016 33.45 33.42 33.65 33.55 19 154.00 2321518.00
17/11/2016 33.55 33.20 33.55 33.40 24 84.00 1260999.00
18/11/2016 33.35 33.11 33.41 33.41 23 154.00 2304396.00
21/11/2016 33.20 33.20 33.41 33.41 16 330.00 4931595.00
22/11/2016 33.40 33.30 33.80 33.57 13 86.00 1291311.00
23/11/2016 33.36 33.00 33.53 33.53 33 203.00 3036465.00
24/11/2016 33.21 33.20 33.49 33.49 16 193.00 2894908.00
25/11/2016 33.40 33.20 33.40 33.30 10 70.00 1047334.00
28/11/2016 33.30 33.30 33.30 33.30 9 78.00 1168830.00
29/11/2016 33.30 33.27 33.50 33.34 127 364.00 5454738.00
30/11/2016 33.35 33.30 33.50 33.30 15 106.00 1588675.00
01/12/2016 33.35 33.30 33.79 33.79 56 233.00 3517069.00
02/12/2016 33.79 33.30 33.80 33.65 40 136.00 2055343.00
05/12/2016 33.59 33.58 33.70 33.70 22 73.00 1105798.00
06/12/2016 34.09 33.70 34.10 33.79 37 149.00 2269368.00
07/12/2016 33.80 33.50 33.88 33.59 37 219.00 3312918.00
08/12/2016 33.31 33.31 33.60 33.60 18 140.00 2110747.00
09/12/2016 33.55 33.35 33.65 33.57 26 78.00 1176862.00
12/12/2016 33.65 33.65 33.65 33.65 4 4.00 60570.00
13/12/2016 33.50 33.45 33.85 33.50 38 108.00 1630323.00
14/12/2016 33.60 33.41 33.65 33.50 15 308.00 4654237.00
15/12/2016 33.59 33.40 33.59 33.50 12 152.00 2285995.00
16/12/2016 33.45 33.40 33.55 33.42 28 339.00 5106168.00
19/12/2016 33.45 33.09 33.45 33.18 56 453.00 6770443.00
20/12/2016 33.18 33.00 33.29 33.10 14 65.00 969745.00
21/12/2016 33.01 32.79 33.01 32.97 46 395.00 5852731.00
22/12/2016 32.81 32.28 32.89 32.28 49 285.00 4184910.00
23/12/2016 32.25 31.75 32.49 32.10 77 408.00 5887300.00
26/12/2016 32.00 31.80 32.29 31.80 36 161.00 2311650.00
27/12/2016 32.16 31.80 32.16 31.99 29 125.00 1792917.00
28/12/2016 31.92 31.90 32.15 32.00 54 250.00 3604981.00
29/12/2016 31.40 31.40 32.10 31.70 63 320.00 4577584.00
02/01/2017 32.04 31.89 32.04 31.89 10 61.00 875457.00
03/01/2017 31.89 31.60 32.09 31.69 41 155.00 2214855.00
04/01/2017 31.70 31.60 31.80 31.68 88 432.00 6160810.00
05/01/2017 31.50 31.50 31.70 31.60 25 343.00 4866322.00
06/01/2017 31.60 31.19 31.65 31.22 54 296.00 4181782.00
09/01/2017 31.22 31.05 31.39 31.05 46 157.00 2200491.00
10/01/2017 31.00 30.70 31.10 31.00 60 265.00 3689482.00
11/01/2017 30.98 30.60 31.23 31.20 123 639.00 8920075.00
12/01/2017 31.20 30.80 31.60 31.30 149 593.00 8325306.00
13/01/2017 31.20 31.05 31.49 31.47 114 368.00 5194471.00
16/01/2017 31.40 31.32 31.50 31.40 67 262.00 3700786.00
17/01/2017 31.30 31.24 31.69 31.50 165 715.00 10105488.00
18/01/2017 31.58 31.30 31.85 31.48 153 624.00 8828905.00
19/01/2017 31.55 30.92 31.55 31.25 172 845.00 11837380.00
20/01/2017 31.18 30.50 31.18 30.84 134 215.00 2973501.00
23/01/2017 30.88 30.88 31.20 31.15 195 306.00 4279225.00
24/01/2017 31.10 31.00 31.70 31.15 80 119.00 1671651.00
26/01/2017 31.30 30.71 31.30 30.99 64 176.00 2449129.00
27/01/2017 30.99 30.61 31.00 31.00 95 330.00 4579893.00
30/01/2017 31.25 30.30 31.25 30.47 100 324.00 4455513.00
31/01/2017 30.50 30.45 30.77 30.54 181 628.00 8640333.00
01/02/2017 30.59 30.50 30.79 30.67 122 493.00 6784524.00
02/02/2017 30.60 30.45 30.67 30.67 52 164.00 2256601.00
03/02/2017 30.70 30.50 31.00 30.69 134 496.00 6843960.00
06/02/2017 30.70 30.61 30.84 30.70 88 449.00 6202980.00
07/02/2017 30.59 30.25 30.70 30.58 152 1011.00 13847332.00
08/02/2017 30.55 30.47 30.65 30.58 70 298.00 4094347.00
09/02/2017 30.60 30.50 30.68 30.67 151 744.00 10235884.00
10/02/2017 30.55 30.55 30.95 30.75 254 987.00 13620051.00
13/02/2017 30.74 30.50 30.74 30.60 70 284.00 3906895.00
14/02/2017 30.40 30.35 30.50 30.40 107 693.00 9485482.00
15/02/2017 30.44 30.11 30.50 30.35 155 1404.00 19187433.00
16/02/2017 30.25 30.25 30.69 30.40 163 1097.00 14999098.00
17/02/2017 30.35 30.20 30.59 30.25 254 1372.00 18737073.00
20/02/2017 30.39 29.50 30.40 29.85 249 618.00 8288365.00
21/02/2017 29.85 29.69 29.93 29.80 140 564.00 7567267.00
22/02/2017 29.70 29.65 29.90 29.83 128 517.00 6930391.00
23/02/2017 29.75 29.50 29.95 29.62 352 1352.00 18072139.00
24/02/2017 29.56 29.35 29.85 29.70 198 1310.00 17429485.00
01/03/2017 29.70 29.69 30.30 30.30 100 583.00 7883595.00
02/03/2017 30.27 30.20 30.50 30.49 261 1113.00 15234079.00
03/03/2017 30.69 30.28 30.69 30.38 144 560.00 7647759.00
06/03/2017 30.30 30.30 30.44 30.43 61 258.00 3526434.00
07/03/2017 30.38 30.05 30.40 30.08 93 490.00 6650050.00
08/03/2017 30.08 29.80 30.15 30.00 169 933.00 12585204.00
09/03/2017 29.90 29.60 29.99 29.70 184 423.00 5668389.00
10/03/2017 29.60 29.60 29.79 29.78 103 738.00 9864796.00
13/03/2017 29.63 29.60 29.90 29.75 88 291.00 3893400.00
14/03/2017 29.50 29.48 29.68 29.57 126 389.00 5170153.00
15/03/2017 29.51 29.26 29.70 29.55 164 423.00 5611329.00
16/03/2017 29.50 29.33 29.79 29.50 175 553.00 7350916.00
17/03/2017 29.50 29.21 29.50 29.30 193 782.00 10314027.00
20/03/2017 29.21 28.40 29.30 28.50 489 2020.00 26027437.00
21/03/2017 28.54 28.40 28.65 28.50 253 1791.00 23001093.00
22/03/2017 28.50 27.47 28.50 27.58 620 3563.00 44530560.00
23/03/2017 27.69 27.20 27.85 27.43 476 2015.00 24833353.00
24/03/2017 27.36 26.99 27.50 27.29 439 2104.00 25807999.00
27/03/2017 27.28 27.15 28.39 27.76 393 1306.00 16259494.00
28/03/2017 27.75 27.20 27.75 27.64 396 2117.00 26148721.00
29/03/2017 27.64 27.58 27.90 27.84 277 1215.00 15165828.00
30/03/2017 27.75 27.65 27.99 27.68 259 889.00 11115054.00
31/03/2017 27.60 27.57 28.00 27.79 284 1138.00 14203116.00
03/04/2017 27.75 27.31 27.80 27.31 261 1003.00 12398976.00
04/04/2017 27.25 26.83 27.25 26.90 470 1577.00 19176520.00
05/04/2017 26.89 26.66 27.19 27.01 499 2365.00 28610208.00
06/04/2017 26.96 26.96 27.45 27.13 488 2843.00 34803720.00
07/04/2017 27.12 26.96 27.35 27.25 417 2021.00 24697921.00
10/04/2017 27.16 27.10 27.55 27.46 385 1665.00 20552710.00
11/04/2017 27.49 27.14 27.50 27.40 364 1881.00 23092609.00
12/04/2017 27.40 27.17 27.50 27.45 370 1211.00 14925375.00
13/04/2017 27.38 27.15 27.87 27.55 346 1203.00 14930986.00
17/04/2017 27.65 27.51 28.00 27.60 384 3154.00 39230995.00
18/04/2017 27.64 27.60 27.85 27.80 557 2152.00 26882608.00
19/04/2017 27.85 27.72 28.00 27.89 357 1384.00 17398656.00
20/04/2017 27.89 27.27 27.89 27.40 486 2172.00 26855100.00
24/04/2017 27.48 27.29 27.54 27.30 242 910.00 11208114.00
25/04/2017 27.26 27.11 27.38 27.25 214 2220.00 27261040.00
26/04/2017 27.25 27.00 27.25 27.09 266 2735.00 33435994.00
27/04/2017 27.00 26.79 27.20 27.19 242 1581.00 19195501.00
28/04/2017 27.20 27.07 27.34 27.25 135 624.00 7637634.00
02/05/2017 27.25 27.20 27.58 27.50 297 915.00 11282035.00
03/05/2017 27.48 27.40 27.60 27.60 270 1565.00 19382638.00
04/05/2017 27.59 27.31 27.84 27.50 460 2285.00 28349091.00
05/05/2017 27.53 27.26 27.79 27.26 548 2969.00 36594693.00
08/05/2017 27.25 27.01 27.35 27.01 143 1056.00 12956922.00
09/05/2017 27.00 26.80 27.00 26.89 240 912.00 11034711.00
10/05/2017 26.89 26.60 26.92 26.65 325 1487.00 17871772.00
11/05/2017 26.65 26.60 26.99 26.90 454 1907.00 23062176.00
12/05/2017 26.90 26.62 26.95 26.74 292 1754.00 21081114.00
15/05/2017 26.74 26.41 26.95 26.81 427 2803.00 33872400.00
16/05/2017 26.85 26.71 26.96 26.80 259 1419.00 17098929.00
17/05/2017 26.80 26.55 26.85 26.75 343 2548.00 30652438.00
18/05/2017 26.70 26.70 28.15 28.00 1265 6751.00 84900132.00
19/05/2017 28.10 27.55 28.30 27.66 655 2951.00 36874089.00
22/05/2017 27.60 27.60 27.95 27.70 371 1544.00 19338880.00
23/05/2017 27.63 27.10 27.63 27.21 571 2298.00 28193854.00
24/05/2017 27.10 26.91 27.32 26.91 523 2552.00 31042021.00
25/05/2017 26.91 26.81 27.10 26.93 454 2135.00 25902319.00
26/05/2017 26.90 26.75 27.03 26.95 345 1365.00 16501297.00
29/05/2017 26.93 26.93 27.20 27.09 472 1937.00 23632281.00
30/05/2017 27.08 26.75 27.10 26.78 346 1835.00 22205632.00
31/05/2017 26.78 26.71 27.05 26.90 290 1389.00 16786755.00
01/06/2017 26.87 26.44 26.88 26.77 673 2982.00 35697807.00
02/06/2017 26.73 26.60 26.89 26.76 300 1139.00 13728064.00
05/06/2017 26.71 26.70 27.11 26.95 548 2338.00 28389667.00
06/06/2017 27.00 26.90 27.10 26.97 390 1542.00 18759726.00
07/06/2017 26.95 26.81 27.50 27.40 694 3150.00 38726991.00
08/06/2017 27.39 27.26 27.69 27.50 566 3414.00 42328269.00
09/06/2017 27.48 27.26 27.68 27.37 630 2764.00 34138647.00
12/06/2017 27.37 27.04 27.45 27.08 441 1658.00 20318899.00
13/06/2017 27.06 26.88 27.20 27.19 464 1927.00 23497483.00
14/06/2017 27.18 26.94 27.33 26.94 458 1930.00 23508670.00
16/06/2017 26.99 26.84 27.10 27.05 312 1607.00 19497847.00
