01/06/2016 42.86 42.50 43.26 43.15 552 2068.00 40025124.00
02/06/2016 43.00 42.58 43.47 42.65 659 2616.00 50591911.00
03/06/2016 42.65 41.86 43.10 42.40 604 2651.00 50716710.00
06/06/2016 42.20 42.10 43.19 42.71 412 1611.00 31077324.00
07/06/2016 42.69 41.80 42.80 42.45 418 2167.00 41279161.00
08/06/2016 42.40 42.40 43.90 42.78 717 4674.00 90280629.00
09/06/2016 42.84 42.75 43.55 43.25 474 2721.00 52983099.00
10/06/2016 43.30 43.12 43.77 43.28 562 4185.00 81784143.00
13/06/2016 43.20 43.06 43.99 43.70 611 3743.00 73566513.00
14/06/2016 43.66 43.40 43.85 43.55 267 2126.00 41644611.00
15/06/2016 43.55 42.81 43.60 42.95 681 4054.00 78559339.00
16/06/2016 42.90 42.01 42.91 42.17 406 2781.00 53019126.00
17/06/2016 42.13 41.87 42.75 42.70 365 1539.00 29441947.00
20/06/2016 42.70 42.06 43.10 42.19 362 2081.00 39642790.00
21/06/2016 42.15 40.09 42.15 40.09 1151 5303.00 97657528.00
22/06/2016 40.13 39.60 40.38 40.06 776 4579.00 82431967.00
23/06/2016 40.20 39.85 40.95 40.40 854 3028.00 54740344.00
24/06/2016 40.42 39.80 40.50 40.35 803 3489.00 62911242.00
27/06/2016 40.70 40.31 41.60 41.10 651 5201.00 95272681.00
28/06/2016 41.07 41.05 41.96 41.70 626 4074.00 76382694.00
29/06/2016 41.72 40.50 41.78 40.76 662 3645.00 67536670.00
30/06/2016 40.80 39.55 41.00 39.75 708 3362.00 60546429.00
01/07/2016 39.71 39.56 40.20 39.75 381 2091.00 37485319.00
04/07/2016 39.80 39.27 39.95 39.75 147 412.00 7372849.00
05/07/2016 39.75 39.60 40.60 40.50 862 4539.00 81908887.00
06/07/2016 40.47 40.26 40.73 40.63 338 1412.00 25717590.00
07/07/2016 40.60 40.55 42.60 42.30 672 3509.00 65926363.00
08/07/2016 42.36 42.35 44.30 44.10 763 3182.00 62485857.00
11/07/2016 44.15 43.55 44.18 43.75 391 1961.00 38676735.00
12/07/2016 43.74 43.00 43.95 43.70 645 3020.00 58981635.00
13/07/2016 43.76 43.76 45.04 44.95 1081 5687.00 113911884.00
14/07/2016 44.80 44.80 45.87 45.49 755 4708.00 96479536.00
15/07/2016 45.40 45.01 45.89 45.80 627 2627.00 53764249.00
18/07/2016 45.75 45.75 47.15 46.90 751 4462.00 93879414.00
19/07/2016 46.86 46.00 47.58 46.45 1192 5831.00 122527467.00
20/07/2016 46.52 45.60 47.00 45.95 1118 4692.00 97327498.00
21/07/2016 45.87 45.87 46.86 46.70 673 2391.00 50095183.00
22/07/2016 46.95 46.40 47.20 46.80 740 4146.00 87360394.00
25/07/2016 46.80 46.50 47.45 47.40 533 2589.00 54683455.00
26/07/2016 47.54 47.45 48.59 48.31 852 3827.00 82975347.00
27/07/2016 48.40 48.32 48.99 48.80 742 3281.00 71974899.00
28/07/2016 48.85 47.20 48.85 47.30 1092 4052.00 87146113.00
29/07/2016 47.30 46.51 47.38 47.38 694 2656.00 56193538.00
01/08/2016 47.40 47.13 47.99 47.73 501 1824.00 39148119.00
02/08/2016 47.66 45.51 47.70 45.80 1357 4942.00 103548978.00
03/08/2016 45.79 45.41 46.40 45.90 717 2056.00 42622929.00
04/08/2016 45.90 44.80 45.90 44.87 740 2625.00 53254273.00
05/08/2016 44.91 44.81 45.39 44.96 369 1441.00 29246215.00
08/08/2016 44.92 44.20 45.55 45.10 495 1433.00 29063583.00
09/08/2016 45.15 45.01 46.00 45.49 454 1845.00 37839168.00
10/08/2016 45.49 44.51 45.55 44.60 788 2885.00 58290205.00
11/08/2016 44.40 43.31 44.70 43.40 871 4135.00 81503554.00
12/08/2016 43.05 42.91 43.80 43.45 320 1298.00 25357729.00
15/08/2016 43.44 43.44 44.70 44.45 606 1670.00 33308775.00
16/08/2016 44.38 44.05 45.05 44.10 706 1571.00 31496571.00
17/08/2016 44.10 43.21 44.10 43.75 458 1465.00 28816938.00
18/08/2016 43.75 43.72 44.45 44.14 476 1536.00 30528283.00
19/08/2016 44.12 43.50 44.12 43.93 228 665.00 13095873.00
22/08/2016 44.01 43.50 44.40 43.65 299 665.00 13149666.00
23/08/2016 43.62 43.00 43.70 43.55 375 1150.00 22398993.00
24/08/2016 43.79 43.01 44.00 43.01 214 601.00 11791665.00
25/08/2016 43.27 41.82 43.27 42.00 522 2302.00 43886911.00
26/08/2016 42.00 40.95 42.49 41.40 517 2414.00 45002511.00
29/08/2016 41.50 40.70 41.90 41.90 210 480.00 8983012.00
30/08/2016 41.84 40.80 42.05 40.90 470 1293.00 24204334.00
31/08/2016 40.86 40.41 41.00 40.45 299 1233.00 22523800.00
01/09/2016 40.36 39.80 40.69 39.95 437 2240.00 40353763.00
02/09/2016 40.20 40.05 42.05 42.05 353 997.00 18402133.00
05/09/2016 43.38 41.50 43.89 41.59 663 2374.00 45882355.00
06/09/2016 41.60 41.41 42.50 41.90 318 574.00 10833277.00
08/09/2016 42.10 41.42 42.39 41.90 588 825.00 15532056.00
09/09/2016 41.92 41.10 41.97 41.62 208 558.00 10467643.00
12/09/2016 41.85 41.55 42.45 42.25 290 890.00 16905028.00
13/09/2016 42.25 41.90 42.50 42.19 128 413.00 7842937.00
14/09/2016 42.20 42.00 42.35 42.10 180 971.00 18407947.00
15/09/2016 42.15 42.15 42.29 42.19 33 155.00 2941479.00
