01/06/2016 44.46 44.45 44.90 44.60 25 113.00 2272909.00
02/06/2016 44.75 44.10 44.80 44.10 21 39.00 779562.00
03/06/2016 43.99 43.65 44.10 43.80 25 85.00 1679913.00
06/06/2016 44.00 43.80 44.30 43.80 10 30.00 596542.00
07/06/2016 43.50 43.30 43.50 43.42 7 30.00 586179.00
08/06/2016 43.66 43.65 44.20 43.91 17 30.00 593532.00
09/06/2016 44.25 44.25 44.25 44.25 1 1.00 19912.00
10/06/2016 44.60 44.40 44.70 44.40 7 267.00 5368504.00
13/06/2016 44.81 44.80 45.25 44.87 14 35.00 707787.00
14/06/2016 44.87 44.70 44.90 44.70 15 314.00 6341625.00
15/06/2016 44.50 44.30 44.50 44.30 8 28.00 558562.00
16/06/2016 44.30 44.00 44.30 44.15 25 136.00 2703159.00
17/06/2016 44.35 44.35 44.46 44.46 11 12.00 239985.00
20/06/2016 44.46 43.99 44.50 44.39 47 208.00 4156888.00
21/06/2016 44.40 43.11 44.40 43.13 128 582.00 11388276.00
22/06/2016 43.17 42.35 43.75 43.45 115 306.00 5965861.00
23/06/2016 43.45 43.11 44.01 44.01 286 497.00 9805252.00
24/06/2016 44.00 43.50 44.14 44.10 269 473.00 9330804.00
27/06/2016 44.52 43.80 45.00 44.61 30 44.00 884970.00
28/06/2016 45.10 44.98 45.25 45.25 234 786.00 15957859.00
29/06/2016 45.32 44.50 45.32 44.55 54 338.00 6823111.00
30/06/2016 44.50 43.32 44.50 43.81 122 748.00 14773288.00
01/07/2016 43.70 43.60 44.50 43.60 52 202.00 3982599.00
04/07/2016 43.53 43.31 43.85 43.51 16 24.00 469867.00
05/07/2016 43.31 43.30 44.15 43.94 56 105.00 2065752.00
06/07/2016 43.80 43.75 44.09 44.09 37 161.00 3180271.00
07/07/2016 45.45 45.30 45.65 45.40 51 127.00 2596144.00
08/07/2016 45.56 45.50 46.50 46.49 87 407.00 8464900.00
11/07/2016 46.45 46.00 46.70 46.00 49 548.00 11400318.00
12/07/2016 46.15 45.40 46.15 45.85 78 402.00 8295556.00
13/07/2016 46.20 46.20 47.39 47.20 83 377.00 7961796.00
14/07/2016 47.40 47.30 47.95 47.50 124 625.00 13408407.00
15/07/2016 47.49 46.80 47.70 47.70 81 261.00 5581903.00
18/07/2016 47.70 47.60 48.25 48.14 121 654.00 14107693.00
19/07/2016 48.14 47.60 48.35 47.80 94 537.00 11539624.00
20/07/2016 47.72 46.62 47.85 47.10 256 1103.00 23426793.00
21/07/2016 47.15 47.10 48.10 47.75 117 1181.00 25388725.00
22/07/2016 48.00 47.70 48.14 47.77 154 758.00 16335000.00
25/07/2016 47.77 47.40 48.30 48.30 178 912.00 19625305.00
26/07/2016 48.35 48.30 49.65 49.40 165 780.00 17269641.00
27/07/2016 49.80 49.60 50.10 49.89 284 1342.00 30101904.00
28/07/2016 49.81 48.50 49.81 48.65 280 1374.00 30304683.00
29/07/2016 48.65 47.75 48.65 48.60 300 1684.00 36571225.00
01/08/2016 48.85 48.40 49.00 48.96 78 666.00 14556348.00
02/08/2016 48.99 46.50 48.99 46.80 533 3012.00 64463040.00
03/08/2016 46.78 46.15 47.27 46.80 231 1032.00 21730158.00
04/08/2016 46.80 45.61 46.80 45.93 261 1050.00 21701551.00
05/08/2016 45.85 45.62 46.20 46.02 180 655.00 13567639.00
08/08/2016 45.80 45.40 46.40 45.98 136 417.00 8633655.00
09/08/2016 46.12 46.08 47.00 46.30 218 810.00 16949574.00
10/08/2016 46.01 45.30 46.30 45.35 268 1252.00 25582603.00
11/08/2016 45.05 43.85 45.18 43.85 312 1797.00 35756685.00
12/08/2016 43.81 43.80 44.37 44.25 220 2567.00 50942700.00
15/08/2016 44.13 44.13 45.24 44.82 170 603.00 12129511.00
16/08/2016 44.69 44.31 45.30 44.46 276 815.00 16454358.00
17/08/2016 44.20 43.01 44.30 43.99 261 841.00 16605171.00
18/08/2016 44.00 43.95 44.60 44.16 205 941.00 18784183.00
19/08/2016 44.10 43.50 44.15 43.90 128 348.00 6859773.00
22/08/2016 43.95 43.71 44.25 43.71 90 273.00 5409999.00
23/08/2016 43.65 43.20 44.20 44.18 238 938.00 18427518.00
24/08/2016 44.14 43.70 44.70 43.80 183 451.00 8959441.00
25/08/2016 43.66 42.14 43.75 42.20 404 1412.00 27191196.00
26/08/2016 42.15 40.15 42.21 41.05 332 1243.00 23228491.00
29/08/2016 41.35 41.00 41.70 41.70 99 339.00 6323107.00
30/08/2016 41.88 40.81 42.00 40.90 302 827.00 15410731.00
31/08/2016 40.81 40.35 40.99 40.50 128 368.00 6708735.00
01/09/2016 40.11 39.60 40.60 39.74 428 1235.00 22254759.00
02/09/2016 40.10 39.81 41.70 41.70 321 1093.00 20224273.00
05/09/2016 43.15 41.47 43.78 41.47 699 2584.00 49837023.00
06/09/2016 41.58 41.12 42.50 42.11 419 859.00 16252636.00
08/09/2016 42.16 41.56 42.60 41.95 723 1104.00 20899633.00
09/09/2016 42.00 40.80 42.10 41.88 408 1107.00 20757694.00
12/09/2016 41.98 41.75 43.00 42.73 524 1424.00 27200970.00
13/09/2016 42.75 42.10 42.87 42.87 294 920.00 17679708.00
14/09/2016 42.90 42.80 43.33 43.17 280 1189.00 23070771.00
15/09/2016 43.20 42.61 43.49 42.70 353 1148.00 22172656.00
16/09/2016 42.70 41.80 42.70 41.95 478 1424.00 26971312.00
19/09/2016 41.81 41.61 42.38 42.05 250 716.00 13529839.00
20/09/2016 42.05 41.50 42.10 41.65 285 1160.00 21783118.00
21/09/2016 41.65 41.07 41.69 41.10 260 957.00 17774613.00
22/09/2016 41.00 40.53 41.39 40.86 361 1480.00 27222165.00
23/09/2016 40.78 40.00 40.92 40.30 318 1395.00 25425477.00
26/09/2016 40.30 39.93 40.35 40.25 206 1085.00 19558858.00
27/09/2016 40.26 39.90 40.45 40.44 309 887.00 16034373.00
28/09/2016 40.50 40.20 40.94 40.50 704 2562.00 46834308.00
29/09/2016 40.50 40.42 41.98 41.75 839 3072.00 57126190.00
30/09/2016 41.75 41.65 43.32 42.90 777 3009.00 57561781.00
03/10/2016 42.80 42.80 43.75 43.51 407 1467.00 28655280.00
04/10/2016 43.45 43.11 43.91 43.80 480 1523.00 29925229.00
05/10/2016 43.90 43.42 44.40 43.67 436 1311.00 25876813.00
06/10/2016 43.70 42.72 44.05 43.10 815 2652.00 51638953.00
07/10/2016 43.10 42.80 43.70 42.80 588 1139.00 22186791.00
10/10/2016 42.85 42.30 43.21 43.08 286 742.00 14308060.00
11/10/2016 43.01 42.95 43.75 43.47 443 1082.00 21185626.00
13/10/2016 43.41 42.91 43.50 43.10 302 896.00 17377056.00
14/10/2016 43.10 43.01 43.51 43.25 302 973.00 18986395.00
17/10/2016 43.25 42.01 43.33 42.11 653 1606.00 30745620.00
18/10/2016 42.04 41.02 42.22 41.07 659 1886.00 35222674.00
19/10/2016 41.00 40.41 41.27 40.59 547 2062.00 37708096.00
20/10/2016 40.65 40.40 41.10 40.68 372 969.00 17713377.00
21/10/2016 40.70 40.01 40.70 40.20 359 2286.00 41453370.00
24/10/2016 40.20 39.66 40.34 39.75 437 1344.00 24096735.00
25/10/2016 39.71 39.02 39.75 39.03 532 1888.00 33311344.00
26/10/2016 39.00 38.75 39.30 39.10 479 1440.00 25286904.00
27/10/2016 39.09 39.09 39.79 39.78 616 1957.00 34764961.00
28/10/2016 39.78 39.60 41.21 41.05 566 2260.00 41314774.00
31/10/2016 40.96 40.93 41.57 41.30 492 1102.00 20434315.00
01/11/2016 41.45 40.80 41.78 41.00 493 1826.00 33829483.00
03/11/2016 40.95 39.98 41.06 40.58 391 1012.00 18429547.00
04/11/2016 40.60 40.11 40.75 40.15 302 1091.00 19819116.00
07/11/2016 40.15 39.20 40.28 39.50 381 1505.00 26887558.00
08/11/2016 39.44 39.35 39.80 39.40 154 587.00 10430055.00
09/11/2016 39.48 39.19 39.50 39.29 158 400.00 7070179.00
10/11/2016 39.21 38.93 39.68 39.25 208 630.00 11128500.00
11/11/2016 39.26 38.85 39.40 39.20 122 1042.00 18382729.00
14/11/2016 39.25 39.20 39.80 39.53 77 135.00 2396992.00
16/11/2016 39.59 39.45 39.60 39.59 35 473.00 8402796.00
