20/06/2016 15.30 15.13 15.76 15.68 11287 3306857.18 51639989.00
21/06/2016 15.72 15.38 15.94 15.85 13977 2861665.39 44967637.00
22/06/2016 15.79 15.49 15.85 15.54 10429 2624119.03 41108654.00
23/06/2016 15.58 15.53 16.16 16.09 10613 3003591.04 48030191.00
24/06/2016 15.60 15.32 15.88 15.76 17540 4418486.95 69380660.00
27/06/2016 15.67 15.24 15.69 15.49 12358 2798541.18 43203169.00
28/06/2016 15.77 15.55 15.83 15.60 8079 2627649.00 41145237.00
29/06/2016 15.79 15.78 16.55 16.26 12286 5066133.02 82701255.00
30/06/2016 16.14 15.94 16.46 16.19 22846 7700738.14 124772966.00
01/07/2016 16.32 16.13 16.44 16.26 13140 3646565.08 59338853.00
04/07/2016 16.41 16.16 16.43 16.25 5652 1292488.93 21047822.00
05/07/2016 16.09 15.54 16.20 15.70 11031 3475361.44 54705999.00
06/07/2016 15.66 15.05 15.69 15.35 18843 10994306.01 167449662.00
07/07/2016 15.32 15.21 15.64 15.55 16811 8489167.81 130779541.00
08/07/2016 15.64 15.60 16.18 15.99 15886 9767744.50 156180665.00
11/07/2016 16.13 15.89 16.33 16.06 15183 6956329.30 112118896.00
12/07/2016 16.25 15.75 16.25 15.80 14698 3953672.67 62911070.00
13/07/2016 15.72 15.48 15.85 15.51 14237 4195060.47 65471374.00
14/07/2016 15.75 15.43 15.75 15.55 15829 4871880.72 75961963.00
15/07/2016 15.60 15.51 16.22 16.20 17771 9728603.33 153666090.00
18/07/2016 16.19 15.98 16.35 16.18 13050 3702837.00 59859721.00
19/07/2016 16.22 16.11 16.60 16.59 14938 3724639.77 60945206.00
20/07/2016 16.73 16.61 17.07 17.07 14520 5947068.73 99994031.00
21/07/2016 17.11 16.93 17.43 17.39 21958 7970988.66 137577134.00
22/07/2016 17.39 17.12 17.47 17.22 12968 4786019.34 82888152.00
25/07/2016 17.08 16.92 17.33 17.20 12044 3884215.28 66734144.00
26/07/2016 17.07 17.06 17.39 17.14 12476 5125104.32 88385792.00
27/07/2016 17.14 17.10 17.40 17.14 10219 2242051.45 38648412.00
28/07/2016 17.28 17.09 17.51 17.51 7509 2698559.92 46700331.00
29/07/2016 17.56 17.46 18.07 18.04 15580 3512841.43 62824025.00
01/08/2016 18.06 17.97 18.25 17.97 15147 3305092.19 59776168.00
02/08/2016 17.83 17.44 17.96 17.73 20098 4428973.04 78306992.00
03/08/2016 17.63 17.36 18.39 18.16 12028 3147489.31 56397320.00
04/08/2016 18.30 17.70 18.42 18.30 12459 4619280.07 83421543.00
05/08/2016 18.29 17.84 18.55 18.45 13956 3901449.85 71306588.00
08/08/2016 18.34 17.64 18.40 17.64 10416 4450464.34 79583309.00
09/08/2016 17.68 17.25 17.83 17.32 18020 7979190.66 138838484.00
10/08/2016 17.35 16.87 17.38 16.90 15865 8671999.60 148026757.00
11/08/2016 16.90 16.78 17.47 17.34 20830 11614750.54 197963509.00
12/08/2016 17.29 16.78 17.29 16.98 19754 5699243.91 96896489.00
15/08/2016 17.05 16.64 17.19 16.88 14183 3957306.46 66827055.00
16/08/2016 16.68 16.67 17.15 16.98 14307 5599885.58 95147651.00
17/08/2016 16.86 16.71 17.14 17.14 15549 3533709.80 59883744.00
18/08/2016 17.17 17.07 17.42 17.34 13942 4606406.06 79664708.00
19/08/2016 17.19 16.94 17.53 17.26 21044 8696605.59 150243748.00
22/08/2016 17.29 16.58 17.29 16.78 13016 9105874.72 153476235.00
23/08/2016 16.78 16.69 17.16 16.90 11732 4793598.40 81084691.00
24/08/2016 16.77 16.76 17.29 17.14 14801 5076930.58 86625952.00
25/08/2016 17.10 16.91 17.23 17.00 10931 2989159.68 50876660.00
26/08/2016 17.00 16.73 17.38 16.87 18863 5447162.38 92588619.00
29/08/2016 16.81 16.59 17.17 16.91 22264 5402207.13 91195588.00
30/08/2016 16.91 16.70 17.03 16.86 10282 3565064.26 59886386.00
31/08/2016 16.77 16.36 16.94 16.43 16215 6379905.61 105524757.00
01/09/2016 16.56 16.51 17.16 17.14 14613 4493239.30 76437543.00
02/09/2016 17.19 17.13 17.83 17.82 14081 5214599.49 91756383.00
05/09/2016 17.82 17.57 18.00 17.77 12082 3239580.06 57584555.00
06/09/2016 17.81 17.63 17.88 17.87 10283 4780101.45 85060629.00
08/09/2016 17.71 17.45 17.84 17.56 11252 5301291.46 92997968.00
09/09/2016 17.24 16.74 17.35 16.79 15083 5204943.98 88162317.00
12/09/2016 16.84 16.74 17.14 17.13 12523 4755391.64 80322896.00
13/09/2016 17.14 16.15 17.15 16.23 26579 9793284.89 160248870.00
14/09/2016 16.50 16.15 16.51 16.21 9939 5446435.61 88477170.00
15/09/2016 16.37 16.07 16.42 16.22 12281 10966170.06 177731040.00
16/09/2016 16.22 16.00 16.33 16.14 10971 6625238.68 106875068.00
19/09/2016 16.31 16.09 16.43 16.17 8335 2907347.38 47262096.00
20/09/2016 16.22 15.66 16.22 15.96 14153 5413835.28 85812647.00
21/09/2016 15.96 15.68 16.12 15.86 15692 5288521.27 83957601.00
22/09/2016 15.99 15.99 16.38 16.37 11384 4598827.00 74580052.00
23/09/2016 16.44 16.18 16.48 16.27 12819 4778024.99 77642448.00
26/09/2016 16.18 15.85 16.20 15.99 6147 1872546.42 30003651.00
27/09/2016 16.02 15.94 16.20 16.09 9050 2718493.87 43668432.00
28/09/2016 16.14 16.08 16.60 16.60 12926 3576588.58 58721812.00
29/09/2016 16.48 16.12 16.76 16.18 10526 2844534.64 46754065.00
30/09/2016 16.15 16.15 16.54 16.31 7783 3044704.83 49938936.00
03/10/2016 16.37 16.31 16.81 16.56 10904 2467139.09 41090548.00
04/10/2016 16.65 16.49 16.70 16.65 8135 2518116.04 41814306.00
05/10/2016 16.78 16.68 17.08 16.73 12133 2830414.75 47737094.00
06/10/2016 16.75 16.19 16.75 16.45 14257 5725822.53 93683861.00
07/10/2016 16.47 16.32 16.73 16.70 13258 4580969.49 75828801.00
10/10/2016 16.70 16.44 16.84 16.57 8397 3384516.57 56136605.00
11/10/2016 16.57 16.47 16.76 16.63 11818 2898314.80 48210865.00
13/10/2016 16.57 16.08 16.58 16.24 23386 8022380.90 130519200.00
14/10/2016 16.33 16.20 16.60 16.22 22215 5006123.50 82003158.00
17/10/2016 16.38 16.23 16.95 16.86 17567 4749162.28 79713547.00
18/10/2016 17.05 16.70 17.24 17.24 16713 4148547.90 70903227.00
19/10/2016 17.16 16.90 17.23 17.03 11681 3556446.97 60510811.00
20/10/2016 16.87 16.54 16.99 16.86 11807 3121845.11 52519268.00
21/10/2016 16.75 16.61 17.03 16.99 11759 3561326.64 60088530.00
24/10/2016 16.93 16.72 16.98 16.82 11991 2921778.74 49142386.00
25/10/2016 16.71 16.63 16.91 16.81 11940 3584271.46 60194312.00
26/10/2016 16.69 16.63 16.87 16.80 10969 3671794.01 61536199.00
27/10/2016 16.86 16.51 16.86 16.63 13504 5042253.80 84412434.00
28/10/2016 16.59 16.49 16.86 16.77 12184 3532256.29 59189104.00
31/10/2016 16.82 16.55 16.85 16.71 13644 3480967.86 58006032.00
01/11/2016 16.66 16.00 16.76 16.03 16518 3794927.75 61613456.00
03/11/2016 15.74 15.50 15.97 15.56 16495 4460950.43 69822138.00
04/11/2016 15.85 15.71 16.42 16.04 19240 4934797.30 79431933.00
07/11/2016 16.24 16.22 16.61 16.52 13008 3510972.63 57555009.00
08/11/2016 16.57 16.45 16.66 16.57 14123 4937704.32 81840082.00
09/11/2016 16.04 15.93 16.45 16.10 13518 4698704.45 76153530.00
10/11/2016 16.12 14.43 16.35 15.28 34287 9937424.14 152302093.00
11/11/2016 14.90 13.87 15.38 14.02 35704 10876529.53 157124035.00
14/11/2016 13.95 13.95 14.59 14.43 33190 7336855.71 105116617.00
16/11/2016 14.48 14.40 15.01 15.01 17784 3919462.81 57932947.00
17/11/2016 15.23 14.63 15.23 14.81 18172 5504462.34 82038726.00
18/11/2016 14.68 14.48 14.75 14.63 12570 4223192.86 61728099.00
21/11/2016 14.69 14.49 14.93 14.83 15079 3819129.74 56371311.00
22/11/2016 15.08 14.92 15.55 15.23 15999 4360847.40 66431284.00
23/11/2016 15.15 14.60 15.18 14.68 15798 3962953.96 58574794.00
24/11/2016 14.79 14.68 14.85 14.83 6726 2806392.82 41542952.00
25/11/2016 14.54 14.54 14.97 14.79 12300 4529350.32 66972761.00
28/11/2016 14.78 14.55 14.80 14.80 11261 3778571.72 55470312.00
29/11/2016 14.68 14.18 14.74 14.18 14097 3912484.00 56659423.00
30/11/2016 14.39 14.26 14.79 14.54 15923 7024427.43 101936831.00
01/12/2016 14.19 13.22 14.39 13.39 30383 8183415.98 111492814.00
02/12/2016 13.21 13.07 13.70 13.52 23254 7803930.42 105468399.00
05/12/2016 13.55 13.54 14.03 13.67 19902 8372248.48 116192274.00
06/12/2016 13.59 13.44 14.07 13.91 13262 9149324.06 126129622.00
07/12/2016 14.09 14.07 14.81 14.74 26823 8900918.80 129128998.00
08/12/2016 14.83 14.29 14.96 14.37 16681 8055875.66 116785911.00
09/12/2016 14.44 14.37 14.70 14.65 13178 4933615.72 71739846.00
12/12/2016 14.39 14.13 14.61 14.45 16093 7433851.08 107367825.00
13/12/2016 14.45 14.35 14.78 14.76 19732 8516072.70 125122899.00
14/12/2016 14.82 14.53 14.83 14.54 13910 6082793.48 89124758.00
15/12/2016 14.44 14.35 14.59 14.53 15883 5770365.20 83342850.00
16/12/2016 14.48 14.26 14.73 14.45 8515 5158960.56 74960705.00
19/12/2016 14.47 14.31 14.60 14.31 9734 7344542.51 105890002.00
20/12/2016 14.64 14.02 14.64 14.33 11299 5872417.69 83378280.00
21/12/2016 14.34 14.29 15.02 14.95 10451 5818812.32 85313655.00
22/12/2016 14.95 14.72 15.44 15.16 18127 6586886.24 99201414.00
23/12/2016 15.22 14.93 15.23 15.12 7856 2823081.29 42564397.00
26/12/2016 15.19 15.14 15.34 15.25 2535 601593.85 9175711.00
27/12/2016 15.35 15.06 15.41 15.13 7449 2124087.49 32260911.00
28/12/2016 15.14 15.13 15.50 15.26 9488 2049444.54 31441911.00
29/12/2016 15.27 15.27 15.93 15.78 12338 3767951.78 59318989.00
02/01/2017 15.78 15.31 15.79 15.61 6552 1914318.55 29743544.00
03/01/2017 15.68 15.68 16.30 16.20 16994 6158852.42 98567761.00
04/01/2017 16.21 16.11 16.49 16.31 13497 8741518.68 142593498.00
05/01/2017 16.32 16.21 16.46 16.28 12776 6148839.34 100204208.00
06/01/2017 16.29 15.95 16.29 16.05 11960 4049835.12 65146657.00
09/01/2017 16.06 15.96 16.34 16.21 11854 2873753.53 46636120.00
10/01/2017 16.40 16.15 16.51 16.24 9952 3917237.68 64078681.00
11/01/2017 16.21 15.53 16.29 15.67 20666 5423447.43 85363112.00
12/01/2017 16.29 15.73 16.47 15.98 37091 10370312.78 166255003.00
13/01/2017 15.96 15.82 16.44 15.96 20661 9361924.98 151493469.00
16/01/2017 16.05 15.69 16.12 15.72 12719 3157255.14 50040720.00
17/01/2017 15.82 15.55 16.02 15.57 18196 5592961.77 88353472.00
18/01/2017 15.65 15.00 15.77 15.03 19557 5653040.24 86187811.00
19/01/2017 14.98 14.87 15.31 15.31 17463 4856949.93 73722000.00
20/01/2017 15.33 15.07 15.51 15.37 13715 3418100.89 52467372.00
23/01/2017 15.46 15.24 15.96 15.76 12782 4712822.28 73373335.00
24/01/2017 15.76 15.24 15.76 15.27 22576 5149655.48 79487017.00
26/01/2017 15.32 14.98 15.67 15.64 28234 8452858.82 129736488.00
27/01/2017 15.48 15.27 15.53 15.32 13318 3767850.64 57995560.00
30/01/2017 15.31 14.98 15.42 15.11 10778 3567892.50 53921986.00
31/01/2017 15.13 15.05 15.82 15.33 22857 8584040.26 133355063.00
01/02/2017 15.46 15.24 15.70 15.33 15606 4637269.05 71706710.00
02/02/2017 15.32 15.26 15.97 15.92 13479 3916023.98 61768791.00
03/02/2017 15.94 15.76 16.17 15.96 17246 4003006.27 64094766.00
06/02/2017 15.96 15.70 16.26 15.87 21342 4859073.91 77501074.00
07/02/2017 16.12 15.77 16.12 16.04 14924 4545533.07 72290653.00
08/02/2017 16.11 15.72 16.32 16.32 16384 4187995.37 67100001.00
09/02/2017 16.29 16.03 16.56 16.43 13968 3827221.12 62216956.00
10/02/2017 17.30 16.72 17.40 17.08 42632 21098668.98 359595159.00
13/02/2017 16.96 16.72 17.81 17.75 39546 17579425.88 304907368.00
14/02/2017 17.71 17.14 17.90 17.90 50864 42480232.71 751821129.00
15/02/2017 17.85 17.72 18.09 18.09 32173 8782582.41 157209155.00
16/02/2017 17.95 17.95 18.31 18.24 29131 12576932.31 228309146.00
17/02/2017 18.24 17.85 18.34 18.34 24881 11356348.16 204533410.00
20/02/2017 18.30 18.20 18.68 18.29 10824 2888014.58 53061158.00
21/02/2017 18.19 18.19 18.52 18.34 24621 7537218.42 138162180.00
22/02/2017 18.20 18.05 18.90 18.72 23305 9865613.17 182034154.00
23/02/2017 18.67 17.57 18.78 17.80 52672 19398165.05 347775558.00
24/02/2017 17.70 17.46 17.89 17.89 26695 8808373.68 156625221.00
01/03/2017 18.47 17.95 18.47 18.42 29246 6439117.47 117936433.00
02/03/2017 18.42 17.65 18.47 17.91 30104 8578679.72 153405413.00
03/03/2017 18.07 17.78 18.12 17.99 22976 6163606.10 110501373.00
06/03/2017 18.15 17.75 18.16 17.80 26098 9473990.54 169578879.00
07/03/2017 17.25 17.02 17.83 17.63 28845 14949323.92 260852682.00
08/03/2017 17.71 17.20 17.76 17.30 25074 8319856.82 144737407.00
09/03/2017 17.30 17.05 17.46 17.16 25922 10898275.10 187903996.00
10/03/2017 17.35 17.25 17.90 17.87 15363 5892241.56 104297777.00
13/03/2017 17.85 17.47 17.99 17.78 16281 5373584.32 95504886.00
14/03/2017 17.56 17.17 17.78 17.35 13233 4533800.58 79054116.00
15/03/2017 17.38 17.20 17.85 17.55 17409 6224291.43 108921311.00
16/03/2017 17.51 17.45 17.98 17.76 18524 4716058.83 83703314.00
17/03/2017 17.82 17.15 17.95 17.55 17166 7265550.45 127634193.00
20/03/2017 17.71 17.45 18.08 17.55 22281 6097054.53 108168611.00
21/03/2017 17.55 16.84 17.71 17.20 20993 5774714.32 99725382.00
22/03/2017 17.19 16.78 17.19 17.12 17275 6872714.12 116558945.00
23/03/2017 16.90 16.89 17.44 17.24 17552 4467249.00 77068506.00
24/03/2017 17.10 17.10 17.83 17.62 21889 5111626.01 90048378.00
27/03/2017 17.37 17.21 17.87 17.80 17056 3874049.96 68593972.00
28/03/2017 17.53 17.43 17.76 17.62 14869 5414445.77 95253064.00
29/03/2017 17.50 17.34 17.89 17.89 16644 7843274.74 138417375.00
30/03/2017 17.94 17.76 18.12 18.02 14129 4345473.79 77793472.00
31/03/2017 17.94 17.70 18.01 17.85 17923 5875553.10 104965504.00
03/04/2017 17.81 17.75 18.02 17.88 11206 3381790.84 60431186.00
04/04/2017 17.94 17.42 18.02 17.70 14454 3992386.34 70368546.00
05/04/2017 17.71 17.63 17.86 17.65 13815 3798395.59 67262312.00
06/04/2017 17.56 17.16 17.79 17.40 14918 4831664.38 84596506.00
07/04/2017 17.43 17.42 17.79 17.64 13955 3519849.95 61995079.00
10/04/2017 17.73 17.50 17.93 17.65 9083 3261633.90 57684412.00
11/04/2017 17.64 17.17 17.99 17.38 17923 4697954.38 82108498.00
12/04/2017 17.48 17.20 17.77 17.67 22148 6050400.00 105768588.00
13/04/2017 17.48 17.13 17.70 17.15 13951 4015700.00 69461730.00
17/04/2017 17.17 17.15 17.58 17.50 13564 4882500.00 85108834.00
18/04/2017 17.49 17.12 17.63 17.28 16509 5048200.00 87447119.00
19/04/2017 17.37 16.96 17.37 17.01 19184 5128000.00 87518014.00
20/04/2017 17.02 16.88 17.27 17.12 13139 3705100.00 63271132.00
24/04/2017 17.15 17.06 17.54 17.24 13307 3457100.00 59668734.00
25/04/2017 17.11 16.95 17.28 17.15 11563 3836200.00 65667905.00
26/04/2017 17.10 16.84 17.20 17.19 15359 4176200.00 71379644.00
27/04/2017 17.14 17.05 17.26 17.20 9057 3758300.00 64545432.00
28/04/2017 17.24 16.95 17.78 17.70 16441 6298000.00 109994303.00
02/05/2017 17.61 17.52 18.08 18.02 21609 6154000.00 110029787.00
03/05/2017 18.00 17.71 18.11 17.71 13138 3191100.00 57053625.00
04/05/2017 17.83 17.15 17.83 17.44 15773 4376500.00 76190389.00
05/05/2017 17.53 17.19 17.59 17.36 9972 2693900.00 46835119.00
08/05/2017 17.27 17.27 17.58 17.50 12620 2784100.00 48586235.00
09/05/2017 17.61 17.48 18.07 18.00 15197 3887200.00 69697665.00
10/05/2017 18.09 17.92 18.30 18.20 12060 2891600.00 52470701.00
11/05/2017 18.21 17.87 18.38 18.15 12598 4217600.00 76073073.00
12/05/2017 18.35 18.16 18.54 18.54 19107 5890800.00 108399561.00
15/05/2017 18.61 18.52 19.15 19.00 21764 5297700.00 100240981.00
16/05/2017 19.10 18.78 19.19 19.03 21294 4422600.00 83886505.00
17/05/2017 18.86 18.41 19.05 18.55 18387 4639900.00 86051499.00
18/05/2017 15.90 15.77 17.13 15.90 49006 17484700.00 285269436.00
19/05/2017 16.13 16.08 16.78 16.60 32166 12787200.00 211067749.00
22/05/2017 16.26 15.96 16.47 15.96 29139 11559500.00 187412698.00
23/05/2017 16.04 16.04 16.55 16.32 17187 9098700.00 149011012.00
24/05/2017 16.55 16.55 17.28 16.91 20136 4491900.00 76476469.00
25/05/2017 17.02 16.55 17.08 16.60 10247 2852400.00 47671871.00
26/05/2017 16.80 16.72 17.09 17.01 10634 3488800.00 59338872.00
29/05/2017 16.78 16.62 16.96 16.78 7399 1751900.00 29345751.00
30/05/2017 16.63 16.63 17.00 16.90 9849 2655500.00 44952571.00
31/05/2017 17.03 16.46 17.03 16.58 15144 5533300.00 91996605.00
01/06/2017 16.58 16.15 16.77 16.29 15394 3727400.00 61335335.00
02/06/2017 16.29 16.23 16.91 16.57 15593 3961400.00 65956249.00
05/06/2017 16.45 16.20 16.72 16.25 11751 2654300.00 43457443.00
06/06/2017 16.25 16.25 16.60 16.39 12616 2930800.00 48150726.00
07/06/2017 16.52 16.47 16.81 16.75 16974 3797000.00 63253237.00
08/06/2017 16.75 16.22 16.75 16.45 16919 3775100.00 62108530.00
09/06/2017 16.37 16.37 16.96 16.63 14844 4137900.00 69184075.00
12/06/2017 16.61 16.13 16.78 16.24 15380 4718900.00 77088001.00
13/06/2017 16.30 16.23 16.45 16.42 9594 5145000.00 84295099.00
14/06/2017 16.31 16.31 16.95 16.75 19049 6140800.00 102549747.00
16/06/2017 16.58 16.54 16.99 16.54 16864 10211900.00 169974092.00
