20/06/2016 2.75 2.66 3.13 2.89 43 27500.00 78684.00
21/06/2016 2.90 2.84 2.90 2.85 3 300.00 859.00
22/06/2016 2.88 2.65 2.88 2.65 28 44200.00 125099.00
23/06/2016 2.66 2.66 2.80 2.80 6 4700.00 12718.00
24/06/2016 2.80 2.64 2.80 2.66 17 10700.00 28826.00
27/06/2016 2.61 2.59 2.70 2.68 16 6000.00 15851.00
28/06/2016 2.68 2.68 2.78 2.77 6 1300.00 3539.00
29/06/2016 2.76 2.57 2.76 2.59 22 36200.00 96809.00
30/06/2016 2.74 2.59 2.75 2.75 49 45400.00 120469.00
01/07/2016 2.64 2.55 2.64 2.55 64 47200.00 122449.00
04/07/2016 2.56 2.53 2.74 2.60 75 95900.00 249438.00
05/07/2016 2.61 2.53 2.69 2.57 63 92100.00 238309.00
06/07/2016 2.61 2.52 2.61 2.60 17 34500.00 89593.00
07/07/2016 2.57 2.54 2.60 2.60 18 22200.00 56924.00
08/07/2016 2.62 2.60 2.80 2.80 14 20500.00 54780.00
11/07/2016 2.90 2.65 2.90 2.71 41 49700.00 135379.00
12/07/2016 2.75 2.75 2.88 2.75 30 89800.00 251272.00
13/07/2016 2.75 2.74 2.88 2.80 21 27200.00 75398.00
14/07/2016 2.74 2.74 2.88 2.74 32 48700.00 134938.00
15/07/2016 2.80 2.76 2.86 2.81 9 13900.00 38955.00
18/07/2016 2.76 2.75 2.81 2.75 11 6400.00 17790.00
19/07/2016 2.86 2.80 2.86 2.80 3 400.00 1138.00
20/07/2016 2.80 2.68 2.81 2.68 18 24100.00 66472.00
21/07/2016 2.75 2.67 2.75 2.67 14 9600.00 25924.00
22/07/2016 2.68 2.57 2.68 2.60 29 23900.00 62538.00
25/07/2016 2.70 2.61 2.70 2.63 12 5800.00 15259.00
26/07/2016 2.61 2.59 2.61 2.59 7 2100.00 5455.00
27/07/2016 2.59 2.59 2.78 2.68 25 18700.00 49461.00
28/07/2016 2.83 2.57 2.90 2.75 92 125200.00 345345.00
29/07/2016 2.70 2.65 2.71 2.71 18 21200.00 56733.00
01/08/2016 2.67 2.64 2.70 2.64 24 29100.00 77386.00
02/08/2016 2.63 2.60 2.67 2.67 17 39300.00 103386.00
03/08/2016 2.74 2.63 2.90 2.75 64 94000.00 266114.00
04/08/2016 2.75 2.67 2.88 2.76 112 97100.00 269119.00
05/08/2016 2.86 2.75 2.87 2.85 33 29000.00 82276.00
08/08/2016 2.80 2.80 3.90 3.12 340 426400.00 1433059.00
09/08/2016 3.27 2.81 3.27 2.82 80 118100.00 348225.00
10/08/2016 2.88 2.79 2.88 2.79 36 240500.00 686832.00
11/08/2016 2.75 2.75 2.87 2.78 21 15400.00 43437.00
12/08/2016 2.89 2.75 2.98 2.87 92 78100.00 221538.00
15/08/2016 3.40 2.96 3.40 3.12 157 115400.00 365026.00
16/08/2016 3.15 3.01 3.16 3.05 18 14100.00 44090.00
17/08/2016 3.11 2.95 3.11 2.95 25 59300.00 179945.00
18/08/2016 2.75 1.65 2.86 1.90 1528 2938800.00 5615624.00
19/08/2016 1.80 1.68 1.89 1.73 1582 2274800.00 4019759.00
22/08/2016 1.74 1.59 1.77 1.61 725 1630200.00 2693606.00
23/08/2016 1.62 1.60 1.68 1.62 205 290700.00 472599.00
24/08/2016 1.64 1.64 1.90 1.73 1044 1551800.00 2712432.00
25/08/2016 1.74 1.64 1.78 1.64 204 381600.00 641965.00
26/08/2016 1.64 1.60 1.68 1.60 186 345800.00 561303.00
29/08/2016 1.61 1.60 1.69 1.64 118 241400.00 395924.00
30/08/2016 1.68 1.60 1.68 1.61 79 78000.00 126387.00
31/08/2016 1.61 1.58 1.63 1.59 79 128200.00 204237.00
01/09/2016 1.61 1.58 1.67 1.58 119 275800.00 441817.00
02/09/2016 1.60 1.55 1.61 1.58 88 152800.00 241986.00
05/09/2016 1.60 1.57 1.60 1.57 47 77300.00 122110.00
06/09/2016 1.60 1.55 1.60 1.58 54 73200.00 115614.00
08/09/2016 1.60 1.58 1.64 1.61 65 104200.00 167695.00
09/09/2016 1.64 1.58 1.64 1.58 48 37400.00 59678.00
12/09/2016 1.58 1.57 1.60 1.58 34 25400.00 40135.00
13/09/2016 1.60 1.51 1.60 1.53 59 47500.00 73396.00
14/09/2016 1.53 1.48 1.53 1.48 37 66300.00 99944.00
15/09/2016 1.47 1.45 1.48 1.46 53 71300.00 104126.00
16/09/2016 1.44 1.39 1.45 1.41 43 60300.00 85196.00
19/09/2016 1.41 1.33 1.42 1.35 38 42700.00 58567.00
20/09/2016 1.35 1.35 1.55 1.39 148 254000.00 367301.00
21/09/2016 1.42 1.37 1.50 1.40 67 70100.00 99630.00
22/09/2016 1.41 1.37 1.41 1.37 53 74300.00 102594.00
23/09/2016 1.37 1.34 1.37 1.37 35 89200.00 120851.00
26/09/2016 1.36 1.36 1.40 1.39 33 51600.00 71157.00
27/09/2016 1.41 1.39 1.45 1.44 34 25600.00 36437.00
28/09/2016 1.41 1.41 1.47 1.45 38 53700.00 77284.00
29/09/2016 1.41 1.41 1.47 1.44 33 27600.00 39869.00
30/09/2016 1.44 1.41 1.46 1.45 28 37500.00 53340.00
03/10/2016 1.48 1.42 1.48 1.42 22 9700.00 13854.00
04/10/2016 1.45 1.41 1.45 1.41 20 10200.00 14510.00
05/10/2016 1.42 1.39 1.42 1.39 38 37300.00 52081.00
06/10/2016 1.39 1.39 1.42 1.42 9 7100.00 10017.00
07/10/2016 1.42 1.39 1.47 1.46 34 35700.00 50809.00
10/10/2016 1.47 1.43 1.53 1.50 83 92000.00 138173.00
11/10/2016 1.50 1.45 1.50 1.46 20 37000.00 54390.00
13/10/2016 1.47 1.45 1.49 1.49 14 9500.00 13901.00
14/10/2016 1.49 1.46 1.54 1.54 46 79100.00 120030.00
17/10/2016 1.52 1.52 1.57 1.54 23 18300.00 28282.00
18/10/2016 1.56 1.47 1.56 1.48 33 40000.00 60011.00
19/10/2016 1.50 1.43 1.52 1.44 53 38600.00 56493.00
20/10/2016 1.44 1.42 1.44 1.43 18 9600.00 13686.00
21/10/2016 1.44 1.40 1.48 1.45 46 44900.00 63972.00
24/10/2016 1.41 1.41 1.46 1.41 27 32000.00 45586.00
25/10/2016 1.45 1.41 1.46 1.42 34 70500.00 101833.00
26/10/2016 1.43 1.39 1.45 1.39 39 81700.00 115287.00
27/10/2016 1.41 1.38 1.43 1.43 27 18100.00 25520.00
28/10/2016 1.43 1.43 1.81 1.67 718 1045400.00 1757552.00
31/10/2016 1.68 1.56 1.76 1.56 194 261800.00 430668.00
01/11/2016 1.62 1.51 1.65 1.58 167 294300.00 463185.00
03/11/2016 1.64 1.64 3.04 3.00 1852 3204400.00 7218356.00
04/11/2016 3.26 1.80 3.29 1.80 2171 3019100.00 6983764.00
07/11/2016 2.05 1.85 2.19 1.95 936 1546400.00 3080964.00
08/11/2016 1.98 1.69 2.02 1.71 842 1434700.00 2677739.00
09/11/2016 1.60 1.55 1.78 1.70 366 705900.00 1186751.00
10/11/2016 1.75 1.58 1.83 1.59 348 501600.00 841225.00
11/11/2016 1.59 1.50 1.61 1.54 210 353300.00 541810.00
14/11/2016 1.54 1.47 1.55 1.52 191 177200.00 267600.00
16/11/2016 1.54 1.44 1.55 1.45 71 123400.00 182481.00
17/11/2016 1.50 1.50 1.80 1.75 914 967800.00 1661156.00
18/11/2016 1.88 1.58 1.90 1.61 590 860800.00 1466320.00
21/11/2016 1.65 1.60 1.72 1.63 181 234500.00 388609.00
22/11/2016 1.66 1.62 1.73 1.62 84 113000.00 188264.00
23/11/2016 1.62 1.62 1.71 1.62 243 247000.00 407316.00
24/11/2016 1.63 1.61 1.66 1.61 89 115600.00 187637.00
25/11/2016 1.64 1.61 1.65 1.62 86 155200.00 252246.00
28/11/2016 1.61 1.61 1.88 1.66 676 1119700.00 1963247.00
29/11/2016 1.70 1.64 1.80 1.65 397 920100.00 1551686.00
30/11/2016 1.68 1.65 1.74 1.65 373 1281500.00 2130198.00
01/12/2016 1.69 1.59 1.69 1.63 188 417700.00 683444.00
02/12/2016 1.63 1.60 1.65 1.65 77 80100.00 130023.00
05/12/2016 1.68 1.56 1.77 1.56 283 690100.00 1142144.00
06/12/2016 1.59 1.55 1.62 1.56 102 131000.00 205645.00
07/12/2016 1.60 1.55 1.60 1.55 58 61800.00 97368.00
08/12/2016 1.56 1.51 1.67 1.53 168 278700.00 435426.00
09/12/2016 1.58 1.52 1.58 1.53 67 110300.00 170442.00
12/12/2016 1.53 1.48 1.53 1.49 73 89100.00 133512.00
13/12/2016 1.48 1.47 1.52 1.47 41 68000.00 101533.00
14/12/2016 1.48 1.45 1.54 1.46 60 92000.00 136540.00
15/12/2016 1.47 1.43 1.49 1.47 74 115000.00 167752.00
16/12/2016 1.49 1.42 1.50 1.42 48 71600.00 104125.00
19/12/2016 1.44 1.42 1.47 1.43 49 99200.00 142379.00
20/12/2016 1.44 1.41 1.46 1.41 39 88800.00 126853.00
21/12/2016 1.47 1.47 1.67 1.60 580 980500.00 1583926.00
22/12/2016 1.62 1.43 1.63 1.49 164 372300.00 575081.00
23/12/2016 1.51 1.45 1.53 1.45 109 228300.00 342452.00
26/12/2016 1.49 1.44 1.50 1.45 71 93300.00 136342.00
27/12/2016 1.48 1.45 1.49 1.45 34 42900.00 62720.00
28/12/2016 1.49 1.46 1.54 1.49 86 109400.00 162434.00
29/12/2016 1.49 1.45 1.49 1.45 25 35200.00 51286.00
02/01/2017 1.46 1.46 1.50 1.47 79 64800.00 96224.00
03/01/2017 1.50 1.47 1.54 1.48 55 52900.00 79078.00
04/01/2017 1.49 1.47 1.49 1.47 32 33100.00 48850.00
05/01/2017 1.47 1.47 1.50 1.48 44 27900.00 41410.00
06/01/2017 1.49 1.47 1.50 1.50 24 14100.00 20991.00
09/01/2017 1.50 1.48 1.50 1.50 47 70900.00 105627.00
10/01/2017 1.48 1.47 1.53 1.51 93 117500.00 176495.00
11/01/2017 1.58 1.48 1.58 1.49 161 184800.00 282764.00
12/01/2017 1.50 1.48 1.53 1.51 111 119900.00 179401.00
13/01/2017 1.50 1.47 1.51 1.48 52 103100.00 153491.00
16/01/2017 1.50 1.47 1.52 1.50 100 165100.00 245276.00
17/01/2017 1.48 1.47 1.58 1.58 166 309500.00 473739.00
18/01/2017 1.64 1.53 1.74 1.56 580 799300.00 1313321.00
19/01/2017 1.53 1.49 1.55 1.50 162 185100.00 280296.00
20/01/2017 1.51 1.50 1.55 1.55 83 103900.00 158334.00
23/01/2017 1.55 1.53 1.68 1.68 248 314900.00 510919.00
24/01/2017 1.70 1.56 1.72 1.60 186 261200.00 426709.00
26/01/2017 1.61 1.53 1.62 1.53 186 295600.00 458092.00
27/01/2017 1.54 1.52 1.57 1.54 122 175100.00 269179.00
30/01/2017 1.53 1.46 1.53 1.50 158 261300.00 386510.00
31/01/2017 1.50 1.47 1.51 1.49 58 57100.00 85714.00
01/02/2017 1.51 1.50 1.65 1.54 158 350300.00 552854.00
02/02/2017 1.55 1.55 1.63 1.55 95 83100.00 131370.00
03/02/2017 1.60 1.56 1.60 1.59 74 51800.00 81945.00
06/02/2017 1.62 1.53 1.71 1.54 197 214500.00 348401.00
07/02/2017 1.57 1.54 1.59 1.54 73 57600.00 89557.00
08/02/2017 1.56 1.50 1.56 1.51 26 26100.00 39733.00
09/02/2017 1.52 1.52 1.58 1.54 47 59900.00 92313.00
10/02/2017 1.54 1.54 1.56 1.54 33 40800.00 63197.00
13/02/2017 1.57 1.55 1.64 1.55 130 171300.00 272226.00
14/02/2017 1.55 1.53 1.58 1.53 25 20400.00 31552.00
15/02/2017 1.54 1.52 1.55 1.52 46 68200.00 104597.00
16/02/2017 1.52 1.50 1.53 1.50 59 103600.00 156956.00
17/02/2017 1.50 1.50 1.53 1.50 41 60300.00 90865.00
20/02/2017 1.50 1.50 1.54 1.51 55 83600.00 126745.00
21/02/2017 1.51 1.51 1.62 1.53 105 174800.00 274143.00
22/02/2017 1.53 1.50 1.53 1.50 46 71200.00 107563.00
23/02/2017 1.51 1.48 1.55 1.48 87 144800.00 216809.00
24/02/2017 1.48 1.37 1.48 1.44 183 267900.00 380395.00
01/03/2017 1.44 1.44 1.50 1.46 23 24300.00 35818.00
02/03/2017 1.46 1.44 1.46 1.44 30 38900.00 56198.00
03/03/2017 1.45 1.43 1.46 1.46 29 26400.00 38150.00
06/03/2017 1.48 1.41 1.48 1.42 37 53600.00 77093.00
07/03/2017 1.42 1.38 1.43 1.40 73 124100.00 174062.00
08/03/2017 1.40 1.39 1.41 1.41 19 18900.00 26422.00
09/03/2017 1.40 1.39 1.42 1.39 25 32100.00 44978.00
10/03/2017 1.40 1.38 1.44 1.39 33 30600.00 42911.00
13/03/2017 1.41 1.39 1.41 1.40 9 13300.00 18511.00
14/03/2017 1.40 1.39 1.40 1.39 21 17800.00 24804.00
15/03/2017 1.38 1.38 1.39 1.38 13 17400.00 24020.00
16/03/2017 1.38 1.28 1.38 1.31 141 178700.00 236148.00
17/03/2017 1.33 1.29 1.38 1.30 54 68700.00 91632.00
20/03/2017 1.31 1.28 1.34 1.32 39 74100.00 96311.00
21/03/2017 1.32 1.29 1.32 1.29 17 9900.00 12846.00
22/03/2017 1.28 1.20 1.30 1.20 96 89300.00 110722.00
23/03/2017 1.20 1.20 1.40 1.24 186 176800.00 226075.00
24/03/2017 1.33 1.26 1.39 1.26 120 137800.00 181104.00
27/03/2017 1.26 1.21 1.29 1.22 66 64500.00 80289.00
28/03/2017 1.23 1.22 1.29 1.22 35 41000.00 50905.00
29/03/2017 1.26 1.25 1.28 1.25 34 36100.00 45370.00
30/03/2017 1.25 1.24 1.29 1.29 14 9500.00 12040.00
31/03/2017 1.28 1.25 1.34 1.25 20 14000.00 17663.00
03/04/2017 1.26 1.24 1.28 1.25 27 25900.00 32323.00
04/04/2017 1.25 1.23 1.29 1.26 23 37300.00 46222.00
05/04/2017 1.25 1.21 1.27 1.21 30 30100.00 36863.00
06/04/2017 1.23 1.18 1.24 1.18 47 90600.00 110465.00
07/04/2017 1.20 1.19 1.25 1.24 33 21300.00 25919.00
10/04/2017 1.21 1.20 1.23 1.20 21 24900.00 30058.00
11/04/2017 1.19 1.17 1.26 1.26 50 60900.00 74220.00
12/04/2017 1.26 1.21 1.26 1.21 17 9200.00 11165.00
13/04/2017 1.21 1.20 1.22 1.20 20 29100.00 34945.00
17/04/2017 1.21 1.18 1.21 1.20 33 45200.00 54081.00
18/04/2017 1.20 1.17 1.20 1.17 20 16800.00 19948.00
19/04/2017 1.17 1.17 1.21 1.17 15 12200.00 14492.00
20/04/2017 1.17 1.12 1.18 1.15 63 83300.00 96874.00
24/04/2017 1.15 1.10 1.15 1.15 98 83400.00 93815.00
25/04/2017 1.12 1.10 1.19 1.14 54 34700.00 39824.00
26/04/2017 1.16 1.15 1.17 1.15 10 16300.00 18942.00
27/04/2017 1.15 1.07 1.17 1.07 48 80100.00 88089.00
28/04/2017 1.09 1.06 1.11 1.10 49 65100.00 70445.00
02/05/2017 1.10 1.08 1.18 1.15 44 29500.00 33203.00
03/05/2017 1.13 1.13 1.18 1.18 35 29700.00 34323.00
04/05/2017 1.18 1.12 1.18 1.16 19 17400.00 19794.00
05/05/2017 1.14 1.13 1.17 1.16 15 10600.00 12114.00
08/05/2017 1.15 1.11 1.15 1.11 24 27400.00 30581.00
09/05/2017 1.12 1.12 1.18 1.12 20 28800.00 32999.00
10/05/2017 1.13 1.12 1.17 1.13 25 54700.00 61642.00
11/05/2017 1.15 1.12 1.15 1.13 12 10300.00 11781.00
12/05/2017 1.14 1.10 1.14 1.11 18 12300.00 13629.00
15/05/2017 1.09 1.09 1.19 1.09 78 84700.00 95212.00
16/05/2017 1.12 1.10 1.14 1.10 60 114700.00 128878.00
17/05/2017 1.10 1.10 1.10 1.10 2 200.00 220.00
18/05/2017 1.06 0.95 1.06 0.96 146 313700.00 315326.00
19/05/2017 1.00 0.99 1.08 1.06 46 84700.00 88946.00
22/05/2017 1.05 1.00 1.05 1.00 15 19700.00 20045.00
23/05/2017 1.02 0.99 1.04 0.99 26 35100.00 35176.00
24/05/2017 1.00 1.00 1.07 1.00 40 37700.00 38352.00
25/05/2017 1.00 0.99 1.02 1.00 48 54000.00 54244.00
26/05/2017 1.00 0.99 1.04 1.00 73 168600.00 169627.00
29/05/2017 1.01 1.01 1.01 1.01 8 2500.00 2525.00
30/05/2017 1.04 1.00 1.04 1.00 30 33500.00 33709.00
31/05/2017 1.01 1.00 1.05 1.04 61 99000.00 101278.00
01/06/2017 1.02 1.02 1.04 1.02 12 17900.00 18370.00
02/06/2017 1.19 1.08 1.20 1.08 335 585400.00 672709.00
05/06/2017 1.09 1.04 1.09 1.04 53 40900.00 43651.00
06/06/2017 1.04 1.02 1.08 1.07 65 80600.00 84180.00
07/06/2017 1.07 1.02 1.07 1.02 38 60000.00 62189.00
08/06/2017 1.02 1.02 1.04 1.02 20 15900.00 16257.00
09/06/2017 1.04 1.02 1.07 1.07 22 53300.00 56175.00
12/06/2017 1.07 1.05 1.16 1.07 191 237600.00 264250.00
13/06/2017 1.07 1.07 1.07 1.07 12 9500.00 10165.00
14/06/2017 1.09 1.04 1.09 1.04 25 26200.00 27714.00
16/06/2017 1.04 1.04 1.04 1.04 5 2400.00 2496.00
