02/09/2016 29.00 28.99 29.00 28.99 3 4300.00 124698.00
14/09/2016 28.99 28.99 28.99 28.99 1 500.00 14495.00
20/10/2016 28.90 28.90 28.90 28.90 1 400.00 11560.00
01/11/2016 28.00 28.00 28.00 28.00 1 100.00 2800.00
25/11/2016 26.00 26.00 26.00 26.00 1 100.00 2600.00
13/12/2016 29.98 29.98 29.98 29.98 1 2000.00 59960.00
06/01/2017 27.64 27.64 27.64 27.64 1 1000.00 27640.00
19/01/2017 27.01 27.01 27.01 27.01 9 71500.00 1931215.00
27/01/2017 27.02 26.50 27.02 26.50 8 26400.00 700876.00
07/03/2017 27.10 27.10 27.10 27.10 2 1200.00 32520.00
08/03/2017 27.10 27.10 27.10 27.10 1 500.00 13550.00
15/03/2017 27.21 27.21 27.21 27.21 2 3800.00 103398.00
04/05/2017 27.20 27.19 27.20 27.20 5 1500.00 40795.00
18/05/2017 27.21 27.21 27.21 27.21 1 300.00 8163.00
