30/06/2016 22.20 22.20 22.20 22.20 3 900.00 19980.00
06/07/2016 22.20 22.20 22.20 22.20 1 500.00 11100.00
17/08/2016 25.01 25.01 25.01 25.01 2 2700.00 67527.00
04/10/2016 30.00 30.00 30.00 30.00 1 100.00 3000.00
11/10/2016 24.99 24.99 24.99 24.99 1 2500.00 62475.00
24/10/2016 35.00 35.00 35.00 35.00 1 100.00 3500.00
07/12/2016 28.99 28.99 28.99 28.99 1 2500.00 72475.00
27/12/2016 28.00 28.00 28.90 28.90 3 700.00 19690.00
24/01/2017 27.60 27.23 27.60 27.23 5 700.00 19246.00
27/01/2017 27.40 27.40 30.01 30.01 4 1200.00 33402.00
01/02/2017 27.00 23.10 27.00 23.10 8 2700.00 70169.00
03/02/2017 22.00 22.00 22.01 22.01 2 500.00 11001.00
07/02/2017 22.01 22.01 22.01 22.01 1 100.00 2201.00
17/02/2017 22.48 22.48 22.48 22.48 1 100.00 2248.00
21/02/2017 22.53 22.53 22.53 22.53 1 100.00 2253.00
24/02/2017 22.51 22.51 22.51 22.51 1 100.00 2251.00
15/03/2017 24.00 24.00 24.00 24.00 1 100.00 2400.00
23/03/2017 27.06 27.06 27.06 27.06 3 1000.00 27060.00
28/03/2017 29.50 29.50 32.80 32.80 4 2100.00 62280.00
17/05/2017 32.80 32.80 32.80 32.80 2 800.00 26240.00
22/05/2017 32.80 32.80 32.80 32.80 1 500.00 16400.00
24/05/2017 30.00 30.00 30.00 30.00 3 2000.00 60000.00
