05/08/2016 6.98 6.98 6.98 6.98 1 400.00 2792.00
24/10/2016 6.00 6.00 6.00 6.00 1 100.00 600.00
10/11/2016 6.00 6.00 6.00 6.00 2 300.00 1800.00
10/01/2017 4.50 4.50 5.05 5.05 26 6700.00 32064.00
24/01/2017 5.70 5.70 5.70 5.70 1 500.00 2850.00
21/02/2017 5.40 5.40 5.40 5.40 1 100.00 540.00
01/03/2017 6.97 6.97 6.97 6.97 2 200.00 1394.00
03/03/2017 5.81 5.81 5.90 5.82 22 4600.00 26925.00
06/03/2017 5.11 5.11 5.11 5.11 1 200.00 1022.00
21/03/2017 5.00 5.00 5.00 5.00 4 800.00 4000.00
17/05/2017 4.90 4.90 4.90 4.90 1 100.00 490.00
19/05/2017 4.90 4.90 4.90 4.90 1 100.00 490.00
22/05/2017 4.90 4.90 4.90 4.90 1 100.00 490.00
25/05/2017 5.00 5.00 5.00 5.00 1 100.00 500.00
29/05/2017 6.00 6.00 6.00 6.00 1 100.00 600.00
02/06/2017 6.00 6.00 6.00 6.00 1 1000.00 6000.00
13/06/2017 6.00 6.00 6.00 6.00 3 1200.00 7200.00
