25/07/2016 22.95 22.95 23.42 22.95 6 1463.91 33649.00
27/07/2016 23.43 23.43 23.43 23.43 1 104.57 2450.00
02/08/2016 23.09 23.09 23.31 23.31 5 2195.87 51045.00
03/08/2016 23.34 22.95 23.34 22.95 4 3136.95 72200.00
04/08/2016 22.64 22.64 22.93 22.93 3 313.70 7163.00
09/08/2016 22.87 22.87 22.87 22.87 1 102.29 2339.00
12/08/2016 19.70 19.70 22.88 22.88 3 306.87 6655.00
01/09/2016 22.74 22.74 22.88 22.88 2 204.58 4666.00
16/12/2016 22.19 22.19 22.29 22.29 10 2659.52 59070.00
19/12/2016 20.53 20.53 22.19 22.19 5 1432.05 30270.00
20/12/2016 20.63 20.63 22.68 22.68 2 613.73 12870.00
21/12/2016 23.30 23.30 23.30 23.30 1 100.00 2330.00
13/01/2017 23.80 23.80 23.90 23.90 2 200.00 4770.00
18/01/2017 22.20 22.20 23.50 23.38 9 1500.00 33864.00
27/01/2017 23.00 23.00 23.90 23.90 2 200.00 4690.00
31/01/2017 21.05 21.05 23.81 23.81 3 300.00 6591.00
01/02/2017 22.00 22.00 23.50 23.00 5 600.00 13600.00
03/02/2017 23.00 23.00 23.00 23.00 1 200.00 4600.00
09/02/2017 23.00 23.00 23.00 23.00 2 200.00 4600.00
15/02/2017 22.70 22.70 22.70 22.70 1 300.00 6810.00
17/02/2017 22.75 22.75 22.75 22.75 1 100.00 2275.00
20/02/2017 22.75 22.75 22.75 22.75 1 100.00 2275.00
01/03/2017 23.20 23.20 23.20 23.20 1 100.00 2320.00
03/03/2017 23.48 23.48 23.48 23.48 2 200.00 4696.00
07/03/2017 23.90 23.90 23.90 23.90 1 100.00 2390.00
13/03/2017 23.00 23.00 23.00 23.00 1 100.00 2300.00
10/04/2017 22.50 22.00 23.00 22.50 6 1000.00 22250.00
17/04/2017 23.00 23.00 23.00 23.00 1 100.00 2300.00
24/04/2017 21.11 21.11 23.00 23.00 2 200.00 4411.00
28/04/2017 23.00 23.00 23.00 23.00 2 400.00 9200.00
04/05/2017 23.95 23.95 23.95 23.95 1 100.00 2395.00
25/05/2017 23.95 23.95 23.95 23.95 1 100.00 2395.00
26/05/2017 23.95 23.95 23.95 23.95 1 100.00 2395.00
06/06/2017 23.00 23.00 23.00 23.00 3 500.00 11500.00
08/06/2017 23.00 23.00 23.50 23.50 3 2100.00 48350.00
