24/06/2016 35.99 35.99 35.99 35.99 1 100.00 3599.00
11/07/2016 29.02 29.02 29.02 29.02 2 400.00 11608.00
13/07/2016 31.99 31.99 31.99 31.99 1 100.00 3199.00
18/07/2016 31.99 31.99 31.99 31.99 1 100.00 3199.00
25/07/2016 30.20 30.00 30.20 30.00 2 200.00 6020.00
27/07/2016 30.00 30.00 30.00 30.00 1 100.00 3000.00
03/08/2016 29.00 29.00 29.00 29.00 1 100.00 2900.00
12/08/2016 30.00 30.00 30.00 30.00 1 100.00 3000.00
05/10/2016 30.00 30.00 30.00 30.00 1 1000.00 30000.00
16/11/2016 29.50 29.50 29.50 29.50 1 200.00 5900.00
20/12/2016 22.01 21.99 22.01 21.99 9 1000.00 22008.00
21/12/2016 20.00 20.00 29.49 29.49 2 500.00 10949.00
27/01/2017 29.50 29.50 30.00 30.00 9 2800.00 82858.00
13/02/2017 33.00 33.00 33.00 33.00 11 6900.00 227700.00
16/02/2017 33.00 33.00 33.00 33.00 2 700.00 23100.00
21/02/2017 33.00 33.00 33.00 33.00 7 4300.00 141900.00
22/02/2017 33.00 33.00 33.00 33.00 1 200.00 6600.00
23/02/2017 32.06 32.06 33.00 33.00 3 1300.00 41772.00
24/02/2017 29.00 29.00 29.01 29.00 8 2300.00 66702.00
01/03/2017 29.00 29.00 30.01 30.01 4 1100.00 32507.00
02/03/2017 31.00 31.00 32.99 32.99 9 2000.00 63250.00
03/03/2017 32.50 32.50 33.00 33.00 11 4300.00 141749.00
06/03/2017 35.00 35.00 35.00 35.00 1 100.00 3500.00
07/03/2017 35.00 35.00 36.00 36.00 2 200.00 7100.00
08/03/2017 38.00 38.00 38.00 38.00 1 100.00 3800.00
13/03/2017 40.00 40.00 40.00 40.00 1 100.00 4000.00
14/03/2017 45.00 45.00 49.90 49.90 2 200.00 9490.00
05/05/2017 40.10 40.10 40.50 40.50 7 800.00 32280.00
08/05/2017 42.00 42.00 42.70 42.70 2 200.00 8470.00
11/05/2017 43.20 43.20 43.20 43.20 1 100.00 4320.00
07/06/2017 35.00 35.00 35.00 35.00 5 900.00 31500.00
14/06/2017 35.00 35.00 35.00 35.00 1 100.00 3500.00
