20/06/2016 1.68 1.63 1.68 1.63 5 2143.82 3584.00
21/06/2016 1.63 1.63 1.63 1.63 5 10514.91 17098.00
22/06/2016 1.64 1.57 1.64 1.57 5 3981.37 6402.00
23/06/2016 1.70 1.62 1.70 1.62 4 14802.54 25095.00
29/06/2016 1.69 1.69 1.69 1.69 5 1633.38 2768.00
30/06/2016 1.72 1.70 1.75 1.75 18 18681.83 32164.00
01/07/2016 1.75 1.75 1.86 1.86 6 4287.63 7731.00
04/07/2016 1.86 1.86 1.86 1.86 1 714.61 1330.00
05/07/2016 1.86 1.86 1.93 1.93 2 612.52 1147.00
07/07/2016 1.93 1.91 1.95 1.91 4 1225.04 2364.00
08/07/2016 1.93 1.81 1.93 1.87 6 2245.90 4088.00
11/07/2016 1.86 1.86 1.86 1.86 2 1020.86 1900.00
12/07/2016 1.86 1.78 1.93 1.93 9 7860.66 14702.00
13/07/2016 1.93 1.86 1.93 1.93 12 9698.22 18404.00
14/07/2016 1.86 1.86 1.91 1.91 5 3164.68 5915.00
15/07/2016 1.94 1.94 1.94 1.94 2 510.43 990.00
18/07/2016 1.81 1.81 1.91 1.91 4 1020.86 1900.00
20/07/2016 1.79 1.78 1.85 1.78 3 612.52 1109.00
21/07/2016 1.86 1.86 1.86 1.86 1 408.35 760.00
22/07/2016 1.86 1.86 1.86 1.86 1 4695.98 8740.00
25/07/2016 1.88 1.86 1.88 1.86 3 2245.90 4188.00
28/07/2016 1.85 1.84 1.86 1.84 9 28788.39 53230.00
29/07/2016 1.88 1.80 1.88 1.80 8 21233.99 38518.00
01/08/2016 1.83 1.83 1.83 1.83 1 408.35 748.00
02/08/2016 1.80 1.80 1.81 1.81 4 7962.75 14413.00
03/08/2016 1.85 1.81 1.85 1.81 5 6839.79 12611.00
04/08/2016 1.85 1.76 1.85 1.76 6 28584.21 50632.00
05/08/2016 1.81 1.81 1.95 1.95 4 6431.45 11669.00
08/08/2016 1.95 1.95 2.06 2.05 6 7350.23 14704.00
09/08/2016 2.05 2.05 2.05 2.05 2 204.17 418.00
10/08/2016 2.05 2.00 2.05 2.04 3 612.52 1242.00
11/08/2016 2.06 1.67 2.06 1.71 151 2184242.32 3638603.00
12/08/2016 1.77 1.77 1.86 1.79 81 175792.92 318609.00
15/08/2016 1.86 1.68 1.86 1.68 26 22459.03 40281.00
16/08/2016 1.71 1.71 1.74 1.71 16 10310.73 17888.00
17/08/2016 1.78 1.71 1.78 1.75 64 16333.84 28199.00
18/08/2016 1.76 1.69 1.76 1.69 13 6227.28 10768.00
19/08/2016 1.70 1.70 1.71 1.70 6 8983.61 15342.00
22/08/2016 1.71 1.68 1.74 1.71 11 6839.79 11731.00
23/08/2016 1.75 1.69 1.75 1.70 23 17967.22 30986.00
24/08/2016 1.71 1.69 1.75 1.73 20 19600.60 33471.00
25/08/2016 1.73 1.70 1.73 1.70 19 19396.43 33274.00
26/08/2016 1.75 1.71 1.75 1.75 6 918.78 1602.00
29/08/2016 1.75 1.72 1.79 1.72 10 9902.39 17226.00
30/08/2016 1.79 1.76 1.79 1.79 6 1837.56 3255.00
31/08/2016 1.79 1.74 1.79 1.74 2 1327.12 2329.00
02/09/2016 1.76 1.76 1.76 1.76 1 408.35 720.00
05/09/2016 1.76 1.71 1.76 1.75 4 1633.38 2825.00
06/09/2016 1.75 1.75 1.75 1.75 3 714.61 1253.00
08/09/2016 1.76 1.71 1.76 1.71 3 1122.95 1935.00
09/09/2016 1.71 1.68 1.71 1.68 7 5921.02 10043.00
12/09/2016 1.68 1.68 1.70 1.70 9 6023.10 10194.00
13/09/2016 1.70 1.68 1.70 1.69 6 11127.43 18761.00
14/09/2016 1.68 1.68 1.68 1.68 2 204.17 344.00
16/09/2016 1.69 1.68 1.75 1.68 9 21131.90 36469.00
19/09/2016 1.68 1.68 1.68 1.68 10 12760.81 21500.00
20/09/2016 1.68 1.68 1.68 1.68 1 408.35 688.00
21/09/2016 1.75 1.75 1.75 1.75 1 204.17 358.00
22/09/2016 1.70 1.70 1.75 1.75 3 612.52 1056.00
23/09/2016 1.78 1.71 1.78 1.71 4 1122.95 1932.00
26/09/2016 1.75 1.75 1.75 1.75 4 816.69 1432.00
27/09/2016 1.75 1.75 1.77 1.75 14 27665.44 48629.00
28/09/2016 1.80 1.79 1.82 1.82 15 31136.38 56368.00
29/09/2016 1.84 1.80 1.84 1.83 7 3164.68 5779.00
30/09/2016 1.84 1.76 1.84 1.83 16 14496.28 26483.00
03/10/2016 1.83 1.83 1.83 1.83 1 204.17 374.00
04/10/2016 1.84 1.84 1.84 1.84 1 102.09 188.00
05/10/2016 1.83 1.79 1.83 1.79 3 306.26 557.00
06/10/2016 1.84 1.81 1.84 1.82 3 7860.66 14298.00
07/10/2016 1.84 1.81 1.86 1.86 7 5921.02 10932.00
10/10/2016 1.85 1.84 1.87 1.87 4 1531.30 2849.00
13/10/2016 1.87 1.86 1.87 1.87 6 16742.18 31294.00
14/10/2016 1.90 1.90 1.90 1.90 1 408.35 776.00
17/10/2016 1.91 1.90 2.01 1.94 14 26746.66 51403.00
18/10/2016 1.96 1.94 1.96 1.96 7 1633.38 3196.00
19/10/2016 1.96 1.96 1.99 1.96 7 16844.27 33040.00
20/10/2016 1.96 1.95 1.96 1.96 3 1837.56 3588.00
21/10/2016 1.96 1.96 1.96 1.96 1 204.17 400.00
24/10/2016 1.96 1.92 1.96 1.92 8 155783.97 303604.00
25/10/2016 1.94 1.94 1.95 1.95 2 510.43 991.00
28/10/2016 1.95 1.86 2.01 2.01 11 22254.85 43547.00
31/10/2016 2.06 2.05 2.06 2.06 3 408.35 839.00
01/11/2016 2.06 2.06 2.19 2.09 14 39507.47 82547.00
03/11/2016 2.16 2.11 2.16 2.16 7 12352.46 26295.00
04/11/2016 2.06 1.96 2.06 1.96 6 8166.92 16191.00
07/11/2016 2.14 2.14 2.15 2.15 4 510.43 1092.00
08/11/2016 2.12 2.06 2.12 2.11 9 4389.72 9263.00
09/11/2016 2.14 2.14 2.15 2.15 2 204.17 437.00
14/11/2016 2.13 2.13 2.13 2.13 1 408.35 868.00
18/11/2016 2.13 2.13 2.13 2.13 1 102.09 217.00
21/11/2016 1.91 1.91 2.13 2.11 8 5206.41 10039.00
12/12/2016 2.09 1.96 2.10 2.08 7 23275.72 47364.00
13/12/2016 2.09 2.09 2.11 2.11 6 2143.82 4481.00
14/12/2016 2.06 2.05 2.11 2.11 5 2347.99 4845.00
15/12/2016 2.11 2.11 2.14 2.14 6 9494.04 20070.00
19/12/2016 2.13 2.13 2.13 2.13 1 102.09 217.00
20/12/2016 2.14 2.14 2.23 2.23 9 11025.34 24097.00
21/12/2016 2.25 2.25 2.34 2.34 11 25929.97 59799.00
22/12/2016 2.33 2.33 2.33 2.33 1 918.78 2142.00
26/12/2016 2.32 2.30 2.39 2.33 16 62476.93 145648.00
27/12/2016 2.39 2.35 2.39 2.39 3 918.78 2192.00
28/12/2016 2.30 2.30 2.36 2.30 26 112499.30 259042.00
29/12/2016 2.39 2.08 2.39 2.25 75 700517.42 1477669.00
02/01/2017 2.24 2.24 2.24 2.24 2 204.17 458.00
03/01/2017 2.24 2.06 2.30 2.06 41 183653.58 387508.00
04/01/2017 2.20 1.93 2.20 1.93 123 467760.25 922266.00
05/01/2017 2.01 1.96 2.04 2.01 45 83506.74 166252.00
06/01/2017 1.96 1.96 1.97 1.96 18 432438.33 847212.00
09/01/2017 1.96 1.90 1.98 1.90 9 8881.52 17426.00
10/01/2017 1.91 1.91 1.91 1.91 1 408.35 780.00
11/01/2017 1.96 1.94 1.96 1.94 3 408.35 797.00
12/01/2017 1.95 1.93 2.00 1.93 23 20621.47 40111.00
13/01/2017 1.98 1.87 1.99 1.87 18 4593.89 8830.00
16/01/2017 1.98 1.86 1.98 1.91 24 38690.78 73177.00
17/01/2017 1.91 1.88 1.98 1.96 52 72583.49 140009.00
18/01/2017 2.01 1.81 2.01 1.81 82 387622.36 717536.00
19/01/2017 1.95 1.86 1.95 1.87 11 8269.00 15488.00
20/01/2017 1.90 1.90 1.90 1.90 4 2552.16 4850.00
23/01/2017 1.91 1.91 1.91 1.91 10 5921.02 11310.00
24/01/2017 1.94 1.92 1.95 1.95 42 19804.78 38246.00
26/01/2017 1.98 1.91 1.98 1.97 25 36853.22 71191.00
27/01/2017 1.96 1.90 1.96 1.94 30 51247.41 98875.00
30/01/2017 1.96 1.92 1.96 1.96 12 16231.75 31644.00
31/01/2017 1.94 1.94 1.97 1.96 9 3981.37 7750.00
01/02/2017 1.96 1.93 1.97 1.93 17 14190.02 27498.00
02/02/2017 1.91 1.90 1.96 1.90 22 10310.73 19712.00
03/02/2017 1.91 1.89 1.91 1.91 5 6533.53 12373.00
06/02/2017 1.95 1.91 1.95 1.94 7 2552.16 4897.00
07/02/2017 1.94 1.90 1.94 1.91 8 2756.33 5287.00
08/02/2017 1.95 1.92 1.97 1.96 28 15312.97 29983.00
09/02/2017 1.96 1.89 1.96 1.95 15 5512.67 10691.00
10/02/2017 1.95 1.90 1.96 1.93 10 2960.51 5749.00
13/02/2017 1.96 1.94 1.96 1.96 7 3164.68 6168.00
14/02/2017 1.95 1.92 1.97 1.97 13 4185.55 8185.00
15/02/2017 1.97 1.97 1.99 1.99 12 14190.02 27971.00
16/02/2017 2.01 1.99 2.03 2.03 13 9085.70 18152.00
17/02/2017 2.04 2.00 2.04 2.00 7 3368.85 6824.00
20/02/2017 2.03 2.02 2.04 2.04 5 1122.95 2284.00
21/02/2017 2.04 2.04 2.06 2.06 9 1837.56 3763.00
22/02/2017 2.06 1.99 2.06 2.06 10 27155.00 54245.00
23/02/2017 2.12 2.11 2.12 2.11 4 2143.82 4521.00
24/02/2017 2.11 2.06 2.11 2.11 5 5614.76 11651.00
01/03/2017 2.10 2.10 2.10 2.10 2 510.43 1070.00
02/03/2017 2.10 2.04 2.10 2.10 7 81158.75 165849.00
03/03/2017 2.10 2.08 2.15 2.10 16 9187.78 19495.00
06/03/2017 2.13 2.04 2.15 2.11 11 9494.04 19960.00
07/03/2017 2.11 2.11 2.11 2.11 1 204.17 430.00
08/03/2017 2.11 2.08 2.11 2.11 5 3368.85 7033.00
09/03/2017 2.19 1.86 2.19 1.91 72 112703.47 219352.00
10/03/2017 2.06 1.89 2.06 1.89 10 13373.33 25692.00
13/03/2017 1.96 1.90 1.96 1.95 16 13679.59 26492.00
14/03/2017 1.97 1.91 1.97 1.91 9 6839.79 13184.00
15/03/2017 1.98 1.98 1.98 1.98 1 102.09 202.00
16/03/2017 1.99 1.89 1.99 1.91 8 3777.20 7242.00
17/03/2017 1.91 1.86 1.96 1.96 13 15006.71 28186.00
20/03/2017 1.94 1.86 1.96 1.96 17 46857.69 89405.00
21/03/2017 1.96 1.89 1.97 1.91 12 14802.54 28340.00
22/03/2017 1.96 1.86 1.96 1.95 19 32871.85 63178.00
23/03/2017 1.94 1.91 1.96 1.94 8 10821.17 20712.00
24/03/2017 1.93 1.91 1.95 1.91 6 6533.53 12565.00
27/03/2017 1.91 1.90 1.93 1.90 6 10106.56 19296.00
28/03/2017 1.95 1.95 1.95 1.95 1 102.09 199.00
29/03/2017 1.93 1.88 1.94 1.88 9 8371.09 16053.00
30/03/2017 1.93 1.93 1.93 1.93 1 102.09 197.00
31/03/2017 1.91 1.91 1.91 1.91 1 102.09 195.00
04/04/2017 1.91 1.91 1.91 1.91 1 1020.86 1950.00
05/04/2017 1.93 1.88 1.93 1.91 9 7656.49 14544.00
06/04/2017 1.92 1.92 1.92 1.92 2 204.17 392.00
07/04/2017 1.92 1.92 1.92 1.92 1 204.17 392.00
11/04/2017 1.91 1.91 1.91 1.91 1 204.17 390.00
12/04/2017 1.87 1.86 1.90 1.87 10 11127.43 20782.00
13/04/2017 1.89 1.86 1.89 1.86 2 204.17 383.00
17/04/2017 1.89 1.86 1.89 1.86 7 6023.10 11223.00
18/04/2017 1.86 1.81 1.86 1.81 8 5921.02 10831.00
19/04/2017 1.86 1.86 1.88 1.86 14 9187.78 17147.00
20/04/2017 1.86 1.86 1.88 1.88 3 8371.09 15584.00
24/04/2017 1.89 1.89 1.91 1.91 3 2143.82 4055.00
26/04/2017 1.95 1.90 1.96 1.96 6 2800.00 5367.00
28/04/2017 1.96 1.96 1.96 1.96 2 2000.00 3920.00
02/05/2017 1.96 1.96 2.00 1.96 8 19100.00 37556.00
03/05/2017 2.04 2.04 2.04 2.04 1 1300.00 2652.00
04/05/2017 2.00 2.00 2.05 2.05 7 5200.00 10440.00
09/05/2017 2.03 2.03 2.05 2.05 5 11000.00 22350.00
10/05/2017 2.05 1.85 2.05 1.93 46 85700.00 165255.00
11/05/2017 2.00 1.92 2.00 1.92 4 3400.00 6606.00
12/05/2017 2.01 1.96 2.01 1.97 7 4300.00 8559.00
15/05/2017 1.97 1.90 1.97 1.96 13 13400.00 25790.00
16/05/2017 1.97 1.92 2.00 1.92 9 7600.00 14745.00
17/05/2017 1.95 1.91 1.96 1.96 4 400.00 775.00
18/05/2017 1.80 1.80 1.81 1.81 5 8400.00 15121.00
19/05/2017 1.86 1.85 1.86 1.85 3 2500.00 4645.00
22/05/2017 1.90 1.90 1.91 1.90 3 600.00 1141.00
23/05/2017 1.90 1.90 1.90 1.90 2 1800.00 3420.00
24/05/2017 1.95 1.95 1.95 1.95 1 200.00 390.00
25/05/2017 1.98 1.98 1.98 1.98 1 200.00 396.00
26/05/2017 1.95 1.95 1.99 1.99 5 1900.00 3737.00
31/05/2017 1.87 1.87 1.99 1.99 2 600.00 1134.00
01/06/2017 1.99 1.83 1.99 1.99 4 800.00 1518.00
05/06/2017 1.98 1.98 1.98 1.98 1 200.00 396.00
