12/07/2016 1.90 1.90 1.91 1.90 3 300.00 571.00
13/07/2016 2.10 2.10 2.10 2.10 1 300.00 630.00
13/10/2016 1.97 1.97 1.97 1.97 1 300.00 591.00
23/11/2016 1.97 1.97 1.97 1.97 2 400.00 788.00
02/01/2017 2.29 2.29 2.35 2.35 4 2900.00 6729.00
03/01/2017 2.35 2.35 2.35 2.35 1 400.00 940.00
10/01/2017 2.12 2.12 2.12 2.12 2 400.00 848.00
23/01/2017 2.34 2.34 2.35 2.35 2 200.00 469.00
26/01/2017 1.76 1.76 2.01 2.01 3 300.00 553.00
09/02/2017 1.91 1.91 1.91 1.91 1 100.00 191.00
13/02/2017 1.91 1.91 1.91 1.91 3 1000.00 1910.00
16/02/2017 2.00 2.00 2.00 2.00 1 100.00 200.00
17/02/2017 2.00 2.00 2.00 2.00 1 100.00 200.00
20/02/2017 2.00 2.00 2.00 2.00 1 100.00 200.00
21/02/2017 2.00 2.00 2.00 2.00 1 100.00 200.00
01/03/2017 1.95 1.95 1.95 1.95 1 200.00 390.00
03/03/2017 2.00 2.00 2.00 2.00 1 1000.00 2000.00
06/03/2017 2.00 2.00 2.00 2.00 2 4600.00 9200.00
