27/06/2016 15.83 15.83 15.83 15.83 1 107.38 1700.00
07/07/2016 15.81 15.81 15.81 15.81 1 107.38 1698.00
21/07/2016 16.76 16.76 16.76 16.76 1 107.38 1800.00
12/08/2016 18.76 18.76 18.76 18.76 1 536.92 10075.00
31/08/2016 18.72 18.72 18.72 18.72 1 107.38 2010.00
02/09/2016 18.62 18.62 18.62 18.62 2 644.30 12000.00
05/09/2016 18.62 18.62 18.62 18.62 2 644.30 12000.00
21/09/2016 18.62 18.62 18.62 18.62 1 107.38 2000.00
27/09/2016 18.72 18.72 18.72 18.72 1 429.54 8040.00
11/11/2016 17.69 17.69 17.69 17.69 1 107.38 1900.00
14/11/2016 18.53 18.53 18.53 18.53 12 4187.98 77610.00
16/11/2016 18.53 17.71 18.53 18.53 12 3436.29 62306.00
17/11/2016 18.53 18.53 18.53 18.53 13 12241.79 226860.00
18/11/2016 18.53 18.44 18.62 18.53 13 10738.41 199000.00
21/11/2016 18.44 18.44 19.93 19.56 4 1288.61 25320.00
22/11/2016 19.93 19.56 21.13 21.13 19 7839.04 156767.00
23/11/2016 20.00 18.70 20.00 19.90 10 1700.00 33588.00
24/11/2016 19.00 19.00 19.10 19.10 2 300.00 5710.00
25/11/2016 18.50 18.50 18.50 18.50 1 200.00 3700.00
28/11/2016 19.90 16.31 19.90 16.38 6 600.00 10290.00
29/11/2016 17.20 17.20 17.20 17.20 1 100.00 1720.00
30/11/2016 17.00 17.00 17.01 17.01 2 200.00 3401.00
01/12/2016 17.00 17.00 17.00 17.00 1 100.00 1700.00
02/12/2016 17.60 17.60 17.70 17.70 2 200.00 3530.00
05/12/2016 18.00 18.00 18.00 18.00 1 200.00 3600.00
07/12/2016 16.40 16.40 17.90 16.42 6 1000.00 16912.00
08/12/2016 16.42 16.30 17.80 17.80 12 4300.00 70906.00
09/12/2016 17.70 16.80 17.80 16.80 4 1400.00 23893.00
13/12/2016 16.90 16.90 16.90 16.90 2 200.00 3380.00
14/12/2016 17.60 17.60 17.70 17.70 2 400.00 7050.00
15/12/2016 17.80 17.80 17.80 17.80 1 100.00 1780.00
16/12/2016 17.93 17.93 17.93 17.93 1 100.00 1793.00
20/12/2016 18.57 18.57 18.57 18.57 2 700.00 12999.00
21/12/2016 18.57 18.57 18.57 18.57 1 100.00 1857.00
26/12/2016 18.69 18.69 18.69 18.69 1 100.00 1869.00
28/12/2016 19.00 19.00 19.00 19.00 1 400.00 7600.00
29/12/2016 19.20 19.20 19.30 19.30 2 300.00 5770.00
03/01/2017 20.50 20.50 20.99 20.99 3 1700.00 35193.00
05/01/2017 20.50 20.00 21.00 21.00 10 3700.00 77540.00
06/01/2017 20.50 20.00 20.99 20.99 5 500.00 10149.00
09/01/2017 19.70 19.70 19.70 19.70 1 100.00 1970.00
10/01/2017 20.89 20.89 21.10 20.90 4 900.00 18829.00
16/01/2017 20.50 20.50 20.50 20.50 1 200.00 4100.00
17/01/2017 20.50 20.50 20.50 20.50 3 1500.00 30750.00
19/01/2017 20.30 20.30 20.30 20.30 1 100.00 2030.00
23/01/2017 19.90 19.90 20.00 19.90 3 1100.00 21900.00
24/01/2017 19.90 19.90 19.90 19.90 3 1000.00 19900.00
26/01/2017 19.90 19.90 19.90 19.90 1 100.00 1990.00
30/01/2017 19.80 19.80 19.80 19.80 1 500.00 9900.00
03/02/2017 19.70 19.70 19.70 19.70 1 500.00 9850.00
06/02/2017 19.70 19.70 19.70 19.70 2 500.00 9850.00
07/02/2017 19.70 19.70 19.70 19.70 1 400.00 7880.00
10/02/2017 19.60 19.60 19.70 19.70 2 300.00 5890.00
13/02/2017 19.65 19.65 19.65 19.65 1 200.00 3930.00
16/02/2017 19.70 19.00 19.98 19.98 8 1500.00 28708.00
20/02/2017 19.95 19.95 20.00 20.00 5 1100.00 21973.00
21/02/2017 20.23 20.23 20.23 20.23 1 100.00 2023.00
22/02/2017 20.23 20.23 20.23 20.23 1 800.00 16184.00
24/02/2017 19.30 19.30 20.30 20.30 2 400.00 8020.00
02/03/2017 20.00 20.00 20.00 20.00 1 100.00 2000.00
03/03/2017 19.50 19.50 19.50 19.50 1 1000.00 19500.00
07/03/2017 19.52 19.52 21.40 21.40 3 400.00 8371.00
09/03/2017 21.00 21.00 21.00 21.00 1 700.00 14700.00
10/03/2017 21.00 21.00 21.00 21.00 1 100.00 2100.00
14/03/2017 21.00 21.00 21.00 21.00 1 500.00 10500.00
15/03/2017 21.00 21.00 21.00 21.00 1 100.00 2100.00
20/03/2017 22.00 22.00 22.00 22.00 3 600.00 13200.00
22/03/2017 22.00 22.00 22.00 22.00 1 100.00 2200.00
23/03/2017 22.00 22.00 22.00 22.00 1 100.00 2200.00
13/04/2017 23.00 23.00 23.00 23.00 1 100.00 2300.00
17/04/2017 22.00 22.00 22.00 22.00 1 100.00 2200.00
18/04/2017 23.00 23.00 23.00 23.00 2 300.00 6900.00
27/04/2017 22.00 20.01 22.00 20.01 4 400.00 8501.00
03/05/2017 20.02 20.02 20.02 20.02 1 100.00 2002.00
09/05/2017 21.99 21.99 22.00 22.00 3 300.00 6598.00
10/05/2017 21.00 21.00 21.00 21.00 2 200.00 4200.00
11/05/2017 21.00 21.00 21.00 21.00 4 4800.00 100800.00
15/05/2017 21.00 21.00 21.00 21.00 1 100.00 2100.00
26/05/2017 19.20 19.20 19.20 19.20 2 300.00 5760.00
29/05/2017 19.20 18.00 19.20 18.90 7 6000.00 113142.00
30/05/2017 18.95 18.95 18.95 18.95 1 100.00 1895.00
01/06/2017 19.00 19.00 19.00 19.00 1 300.00 5700.00
08/06/2017 19.50 19.50 19.50 19.50 1 100.00 1950.00
12/06/2017 19.39 19.39 19.39 19.39 1 100.00 1939.00
13/06/2017 19.35 19.35 19.35 19.35 1 200.00 3870.00
