20/06/2016 11.21 10.96 11.30 11.04 3419 677569.63 7535753.00
21/06/2016 11.02 10.75 11.40 11.40 4959 1408127.05 15541270.00
22/06/2016 11.34 11.04 11.56 11.06 6401 1453424.77 16456955.00
23/06/2016 11.20 10.80 11.29 10.97 4776 2889994.58 31714750.00
24/06/2016 10.72 10.34 10.77 10.64 4713 1643253.83 17287907.00
27/06/2016 10.54 10.34 10.77 10.77 4498 1420557.59 14984892.00
28/06/2016 10.87 10.74 11.18 11.18 6581 1552131.67 17045691.00
29/06/2016 11.30 11.25 11.66 11.36 6541 2072950.11 23695413.00
30/06/2016 11.30 10.98 11.35 11.30 3466 1140343.78 12779141.00
01/07/2016 11.36 11.12 11.39 11.21 3098 1099891.86 12341546.00
04/07/2016 11.21 11.21 11.86 11.69 2620 925864.34 10687300.00
05/07/2016 11.70 11.54 12.15 11.92 7426 2382133.39 28266186.00
06/07/2016 11.91 11.44 12.15 11.89 4570 1524531.66 17858908.00
07/07/2016 11.86 11.59 11.97 11.75 3465 1304574.36 15400654.00
08/07/2016 11.88 11.79 11.98 11.94 2025 624581.83 7429613.00
11/07/2016 12.01 12.01 12.45 12.43 5480 2233493.66 27490527.00
12/07/2016 12.44 11.95 12.61 12.06 6321 2370124.22 28780388.00
13/07/2016 12.04 11.99 12.29 12.20 4139 1170577.38 14230519.00
14/07/2016 12.32 11.87 12.32 12.06 5901 2064838.66 25019078.00
15/07/2016 12.10 12.10 14.65 14.32 17295 6869873.39 93399068.00
18/07/2016 14.95 13.64 14.99 13.95 8449 3018092.32 42270039.00
19/07/2016 13.86 13.57 14.04 14.01 3562 1168259.82 16216114.00
20/07/2016 14.03 13.73 14.43 13.77 3211 1084090.34 15211327.00
21/07/2016 13.81 13.77 14.28 14.17 4955 1597534.73 22396788.00
22/07/2016 14.05 14.05 14.65 14.60 6184 1780200.42 25807623.00
25/07/2016 14.59 14.19 14.63 14.33 3532 1258960.60 18093725.00
26/07/2016 14.23 13.93 14.46 14.19 3882 1139501.04 16210281.00
27/07/2016 14.21 13.82 14.31 13.83 4389 1513049.21 21277417.00
28/07/2016 13.83 13.41 13.93 13.55 6183 1278975.88 17368458.00
29/07/2016 13.59 13.02 13.65 13.22 9238 2914961.00 38547593.00
01/08/2016 13.14 12.78 13.34 13.05 6804 2427325.76 31666931.00
02/08/2016 13.02 12.52 13.08 12.71 5519 1104316.30 14038268.00
03/08/2016 12.57 12.48 13.08 12.71 6609 1571936.25 20121498.00
04/08/2016 12.91 12.62 13.15 12.99 6655 1560769.83 20150372.00
05/08/2016 13.05 12.51 13.20 12.86 4771 1239156.02 15893392.00
08/08/2016 12.87 12.34 12.92 12.49 4659 1530641.59 19165034.00
09/08/2016 12.55 12.34 12.60 12.48 5612 1468278.21 18284618.00
10/08/2016 12.51 12.28 12.70 12.51 4424 1483974.40 18532826.00
11/08/2016 12.41 12.40 12.92 12.92 5071 1528745.40 19434003.00
12/08/2016 12.95 12.85 13.28 12.87 4675 1273498.02 16640693.00
15/08/2016 12.92 12.67 13.16 12.95 4854 1397382.02 18058487.00
16/08/2016 12.87 12.45 13.08 12.59 3072 861815.48 11024368.00
17/08/2016 12.60 12.34 12.73 12.69 7151 1726369.88 21637332.00
18/08/2016 12.65 12.20 12.78 12.24 6537 1862579.07 23028409.00
19/08/2016 12.15 12.08 12.44 12.39 4889 1440783.55 17742552.00
22/08/2016 12.39 12.11 12.39 12.18 5084 1249058.32 15231374.00
23/08/2016 12.32 12.15 12.39 12.21 5486 2837744.19 34710819.00
24/08/2016 13.39 13.10 13.94 13.52 11554 6008373.95 80277098.00
25/08/2016 13.61 12.95 13.61 13.22 10183 3377524.47 44290045.00
26/08/2016 13.17 12.55 13.36 12.62 7798 2228437.17 28680218.00
29/08/2016 12.77 12.73 13.36 13.23 6152 1851201.97 24364188.00
30/08/2016 13.15 12.85 13.21 12.90 4572 1299096.49 16843849.00
31/08/2016 12.92 12.49 13.07 12.81 6224 2025018.80 25795603.00
01/09/2016 12.81 12.51 12.92 12.74 6312 1746595.84 22097782.00
02/09/2016 12.73 12.56 12.95 12.95 8745 5013930.96 64489112.00
05/09/2016 12.95 12.73 13.20 12.98 2758 918806.32 11957329.00
06/09/2016 12.99 12.82 13.18 13.10 4036 1045218.57 13630547.00
08/09/2016 13.19 12.83 13.19 12.93 5330 1430354.54 18504297.00
09/09/2016 12.88 12.49 12.88 12.68 5498 1485238.52 18816401.00
12/09/2016 12.63 12.34 12.70 12.63 7244 1825287.46 22724305.00
13/09/2016 12.82 12.51 12.95 12.90 8523 3101629.74 39680589.00
14/09/2016 12.91 12.87 13.46 13.12 7126 2624423.52 34788102.00
15/09/2016 13.11 13.11 13.58 13.41 6251 1551394.26 20777434.00
16/09/2016 13.18 13.12 13.58 13.43 8139 5578466.98 74602339.00
19/09/2016 13.61 13.39 13.62 13.42 3920 2510231.13 34021847.00
20/09/2016 13.48 13.48 14.30 14.30 8488 3543019.16 49825145.00
21/09/2016 14.33 13.79 14.49 14.33 8128 2380974.61 33915062.00
22/09/2016 14.33 14.33 14.81 14.81 11079 3254799.24 47861128.00
23/09/2016 14.69 14.42 14.96 14.74 6350 1554027.85 22837617.00
26/09/2016 14.69 14.45 14.91 14.74 5733 1136340.73 16738535.00
27/09/2016 14.76 14.18 14.79 14.52 8026 1532011.05 22174800.00
28/09/2016 14.52 14.24 14.69 14.49 5187 1824760.73 26331568.00
29/09/2016 14.50 13.88 14.60 13.92 6076 1718258.43 24325477.00
30/09/2016 13.83 13.67 14.16 13.96 3682 1113797.21 15596628.00
03/10/2016 14.02 13.85 14.18 13.94 5822 1224407.92 17126374.00
04/10/2016 13.96 13.76 14.01 13.86 4186 1099681.18 15216895.00
05/10/2016 13.86 13.76 13.99 13.99 3634 1083458.27 15031726.00
06/10/2016 13.97 13.94 14.24 14.21 4360 1757024.85 24784555.00
07/10/2016 14.24 14.10 14.38 14.26 5047 1187643.03 16914644.00
10/10/2016 14.28 14.22 14.50 14.41 3606 1553185.10 22248144.00
11/10/2016 14.27 14.02 14.30 14.28 5442 3472755.03 49140316.00
13/10/2016 14.20 13.73 14.25 13.77 9583 2156276.85 29844381.00
14/10/2016 13.79 13.69 14.07 13.82 4359 1030997.19 14286928.00
17/10/2016 13.78 13.46 13.79 13.61 11672 2236337.94 30395276.00
18/10/2016 13.62 13.40 13.69 13.53 9984 3313896.97 44638045.00
19/10/2016 13.58 13.20 13.59 13.43 5785 1835611.12 24568350.00
20/10/2016 13.34 13.34 14.07 13.91 7290 1609122.52 22264475.00
21/10/2016 13.96 13.73 14.20 13.93 4921 958310.15 13406750.00
24/10/2016 14.06 13.73 14.22 13.91 5597 1180268.98 16633346.00
25/10/2016 13.96 13.64 14.07 13.99 6503 1287824.74 17902215.00
26/10/2016 13.95 13.86 14.32 14.16 11646 2830475.48 39969642.00
27/10/2016 14.23 13.97 14.33 14.31 8042 1645255.35 23374336.00
28/10/2016 14.31 14.24 14.48 14.25 6906 1179320.89 16887520.00
31/10/2016 14.25 13.97 14.44 14.08 8806 1605330.15 22682493.00
01/11/2016 14.14 13.79 14.46 14.09 8184 1870901.21 26211034.00
03/11/2016 13.91 13.60 14.08 13.72 9677 1888388.23 25965623.00
04/11/2016 13.60 13.57 13.88 13.57 7099 1515577.46 20701631.00
07/11/2016 14.29 13.83 14.71 14.43 6719 2279739.47 32820257.00
08/11/2016 14.52 14.09 14.61 14.09 4073 1416659.88 20131000.00
09/11/2016 13.62 13.46 13.94 13.84 7988 1714992.77 23581595.00
10/11/2016 14.10 12.79 14.12 13.05 12609 3081509.13 41471118.00
11/11/2016 13.10 12.11 13.13 12.68 13108 3060335.08 38307396.00
14/11/2016 12.54 12.54 13.30 13.20 13705 3204445.04 41725530.00
16/11/2016 12.98 12.59 13.14 13.01 19895 5596375.37 71738021.00
17/11/2016 13.22 13.18 13.76 13.21 12918 3041899.96 40798388.00
18/11/2016 13.21 13.15 13.56 13.41 7295 1643885.89 22033138.00
21/11/2016 13.57 13.50 13.77 13.67 5913 1469331.64 20044454.00
22/11/2016 13.76 13.13 13.96 13.15 10405 5513680.70 73931555.00
23/11/2016 12.93 12.82 13.38 13.20 8669 2773427.20 36150996.00
24/11/2016 13.06 12.92 13.31 12.94 4117 991918.96 12934397.00
25/11/2016 12.94 12.68 12.95 12.87 5408 1605998.28 20599132.00
28/11/2016 12.78 12.66 12.91 12.66 9082 2647857.43 33767748.00
29/11/2016 12.73 12.65 12.94 12.65 6680 1850664.09 23667504.00
30/11/2016 12.70 12.66 13.04 12.74 17959 25011607.04 319126104.00
01/12/2016 12.80 12.00 12.84 12.19 8592 2135610.87 26397516.00
02/12/2016 12.16 12.05 12.73 12.55 9350 2317697.31 29015573.00
05/12/2016 12.65 12.39 12.70 12.42 4767 961091.69 12045899.00
06/12/2016 12.42 12.21 12.49 12.47 4511 1198050.68 14800150.00
07/12/2016 12.49 12.40 12.64 12.56 11130 2865189.72 36057848.00
08/12/2016 12.58 12.28 12.81 12.32 5018 1169484.07 14619451.00
09/12/2016 12.32 12.32 12.59 12.51 7892 1533656.95 19188623.00
12/12/2016 12.46 12.18 12.46 12.31 4179 1830215.33 22464203.00
13/12/2016 12.30 12.18 12.55 12.51 5345 1317866.02 16378184.00
14/12/2016 12.65 12.44 12.69 12.57 7403 2412131.53 30311902.00
15/12/2016 12.52 12.48 12.99 12.89 5646 1288066.32 16338126.00
16/12/2016 13.00 12.71 13.00 12.71 4508 1210381.59 15564521.00
19/12/2016 12.75 12.51 12.86 12.55 3715 1036310.24 13081161.00
20/12/2016 12.55 12.35 12.70 12.65 4401 2238368.46 28126028.00
21/12/2016 12.65 12.46 12.84 12.60 4551 1611136.16 20253469.00
22/12/2016 12.59 12.46 12.74 12.65 5462 1523278.43 19157916.00
23/12/2016 12.74 12.52 12.80 12.75 2077 476075.89 6039783.00
26/12/2016 12.76 12.70 12.85 12.80 407 132249.01 1691470.00
27/12/2016 12.85 12.65 12.87 12.75 1648 391711.91 4983484.00
28/12/2016 12.77 12.70 13.00 13.00 2198 557973.68 7210938.00
29/12/2016 13.00 12.78 13.14 13.13 2666 1418157.42 18477545.00
02/01/2017 13.04 12.85 13.10 12.99 1677 444837.58 5753444.00
03/01/2017 13.11 12.99 13.33 13.31 4696 1753969.21 23209626.00
04/01/2017 13.27 13.02 13.28 13.24 4221 1254978.38 16452367.00
05/01/2017 13.13 13.01 13.31 13.07 2920 960475.14 12590782.00
06/01/2017 13.14 12.90 13.29 13.25 3211 2650529.13 34819773.00
09/01/2017 13.31 13.23 13.53 13.39 4116 1213361.56 16255838.00
10/01/2017 13.47 13.16 13.48 13.41 2957 1102177.85 14758030.00
11/01/2017 13.41 13.19 13.52 13.28 2856 583868.59 7763002.00
12/01/2017 13.56 13.40 13.76 13.56 4703 3319994.79 44973739.00
13/01/2017 13.57 13.46 14.71 14.69 10486 3760311.04 54032377.00
16/01/2017 14.58 14.56 14.78 14.71 4693 1177088.13 17303356.00
17/01/2017 14.70 14.61 16.14 15.67 14495 5815359.97 90190720.00
18/01/2017 15.70 15.37 15.92 15.72 8530 2732632.44 42836944.00
19/01/2017 15.66 15.09 15.74 15.57 7603 4624091.29 70912341.00
20/01/2017 15.48 15.48 16.04 16.00 6606 1121290.76 17790600.00
23/01/2017 16.16 15.84 16.72 16.56 5070 1720470.23 28205776.00
24/01/2017 16.59 16.24 16.81 16.64 4356 1347460.20 22252212.00
26/01/2017 16.64 16.31 16.67 16.50 4099 1037235.06 17107059.00
27/01/2017 16.45 16.34 16.62 16.54 3977 844359.07 13939608.00
30/01/2017 16.38 16.30 16.84 16.64 5962 1733828.72 28737101.00
31/01/2017 16.62 16.42 16.93 16.93 3026 1264226.56 21068236.00
01/02/2017 16.92 16.84 17.64 17.37 4867 1313139.17 22598864.00
02/02/2017 17.34 17.15 18.10 17.71 8660 2260666.85 40118786.00
03/02/2017 17.77 17.29 17.78 17.34 3243 1186747.34 20727417.00
06/02/2017 17.34 16.99 17.59 17.23 5067 1315913.62 22611554.00
07/02/2017 17.25 16.97 17.43 17.03 3872 1143383.64 19559088.00
08/02/2017 16.96 16.94 17.50 17.26 2911 2650015.34 45323564.00
09/02/2017 17.13 16.55 17.38 17.15 4922 1911291.07 32572131.00
10/02/2017 17.08 16.92 17.47 17.44 3878 1482072.64 25662414.00
13/02/2017 17.46 17.10 17.60 17.57 6959 3298929.49 57635627.00
14/02/2017 17.46 17.35 17.73 17.52 4295 2252343.49 39523808.00
15/02/2017 17.58 17.52 17.97 17.74 4157 1314269.50 23218840.00
16/02/2017 17.55 17.55 17.98 17.98 5508 1193529.34 21304679.00
17/02/2017 18.02 17.80 18.47 17.97 6443 2147530.75 39038076.00
20/02/2017 18.06 17.95 18.28 17.98 3315 1870393.55 33784452.00
21/02/2017 17.97 17.91 18.35 18.23 4702 1393803.87 25277249.00
22/02/2017 18.28 17.59 18.28 17.81 3605 1461726.64 26134296.00
23/02/2017 17.86 17.39 17.97 17.64 4794 1220246.31 21602848.00
24/02/2017 17.52 17.23 17.64 17.39 4989 2651145.67 45913709.00
01/03/2017 17.51 17.31 17.59 17.52 4472 974347.41 16998187.00
02/03/2017 17.53 17.32 17.74 17.42 3392 933655.41 16330902.00
03/03/2017 17.41 17.21 17.62 17.60 1891 805516.70 14060154.00
06/03/2017 17.66 17.27 17.66 17.43 2690 771914.97 13431267.00
07/03/2017 17.69 17.45 17.88 17.69 4135 1889506.46 33318097.00
08/03/2017 17.75 17.34 17.95 17.42 2707 813326.28 14190840.00
09/03/2017 17.42 16.83 17.42 17.03 5886 1999662.59 34011130.00
10/03/2017 17.24 16.97 17.58 17.37 6518 3358528.88 58434461.00
13/03/2017 17.38 17.04 17.52 17.52 3971 965921.29 16798895.00
14/03/2017 17.51 17.21 17.51 17.39 3318 799556.76 13874648.00
15/03/2017 17.42 17.23 17.48 17.47 2035 679330.39 11791306.00
16/03/2017 17.51 17.39 17.55 17.44 2130 507108.68 8852056.00
17/03/2017 17.47 17.29 17.80 17.80 4492 1600757.65 28277951.00
20/03/2017 17.77 17.22 17.77 17.37 2864 808085.64 14044853.00
21/03/2017 17.46 16.45 17.53 17.34 3528 938279.50 16006929.00
22/03/2017 17.34 17.12 17.41 17.36 2604 562803.29 9726010.00
23/03/2017 17.38 17.25 17.82 17.61 2657 640385.27 11254010.00
24/03/2017 17.65 17.42 17.90 17.79 3132 1279229.17 22540566.00
27/03/2017 17.65 17.29 18.47 18.20 4962 1030453.06 18535955.00
28/03/2017 18.20 18.03 18.44 18.30 3734 1085222.85 19760551.00
29/03/2017 18.40 17.95 18.72 18.19 6452 1315091.56 24009713.00
30/03/2017 18.20 18.05 18.78 18.70 5657 1113275.67 20536028.00
31/03/2017 18.72 18.49 18.99 18.78 3834 1187569.40 22241350.00
03/04/2017 18.93 18.68 18.98 18.84 3546 765544.00 14419199.00
04/04/2017 18.73 18.56 18.88 18.85 2696 625896.45 11766392.00
05/04/2017 18.85 18.12 18.85 18.25 6296 1771129.72 32503803.00
06/04/2017 18.19 17.52 18.24 17.68 5995 1843471.06 32641745.00
07/04/2017 17.64 17.18 17.64 17.34 5748 1405415.48 24365417.00
10/04/2017 17.26 16.83 17.42 17.12 3981 1126531.40 19215176.00
11/04/2017 17.19 16.87 17.27 16.98 4301 1058711.39 18044161.00
12/04/2017 16.91 16.48 16.98 16.74 4266 3274267.67 54374563.00
13/04/2017 16.74 16.52 16.91 16.88 2797 614490.35 10320231.00
17/04/2017 16.88 16.80 17.22 17.22 1449 487173.71 8298261.00
18/04/2017 17.18 16.72 17.23 16.97 4132 1113686.70 18851844.00
19/04/2017 16.97 16.53 17.01 16.74 2646 816100.73 13645901.00
20/04/2017 16.89 16.73 17.27 17.27 3924 1296184.17 22127551.00
24/04/2017 17.24 17.11 17.41 17.17 2460 822163.43 14172463.00
25/04/2017 17.13 16.94 17.16 17.04 2769 648811.39 11053102.00
26/04/2017 17.03 16.86 17.20 17.08 2168 10458358.65 178078909.00
27/04/2017 17.08 16.98 17.27 17.26 1698 731325.73 12540046.00
28/04/2017 17.23 17.22 17.61 17.61 3970 1187877.67 20746565.00
02/05/2017 17.66 17.60 18.07 17.81 5996 3771408.86 67322492.00
03/05/2017 18.05 17.77 18.05 17.80 3641 5557700.00 99533935.00
04/05/2017 17.78 17.19 17.78 17.50 4958 1151400.00 20086728.00
05/05/2017 17.52 17.45 17.90 17.71 2784 1055300.00 18603109.00
08/05/2017 17.87 17.46 17.87 17.51 2412 695400.00 12196974.00
09/05/2017 17.60 17.52 17.93 17.82 2524 559400.00 9932569.00
10/05/2017 17.82 17.60 18.06 17.60 4860 1039600.00 18472780.00
11/05/2017 17.70 17.22 17.80 17.40 3475 845000.00 14679870.00
12/05/2017 17.47 17.40 17.58 17.50 2051 425200.00 7428456.00
15/05/2017 17.61 17.44 18.18 17.80 3511 1527300.00 27025060.00
16/05/2017 18.20 17.62 18.30 17.90 2865 781300.00 13995869.00
17/05/2017 17.85 17.55 17.95 17.80 2710 1511800.00 26830983.00
18/05/2017 14.51 14.30 15.93 14.80 12129 9103800.00 137070387.00
19/05/2017 15.10 14.80 15.60 14.95 6251 1903000.00 28835174.00
22/05/2017 15.00 14.02 15.00 14.61 9896 1867200.00 27017491.00
23/05/2017 14.72 14.55 15.68 15.00 11437 2559300.00 39170089.00
24/05/2017 15.30 15.20 16.10 15.66 7004 3096800.00 48837110.00
25/05/2017 15.87 15.46 15.99 15.90 3925 1094400.00 17127107.00
26/05/2017 15.96 15.95 16.48 16.38 3933 1235300.00 20160972.00
29/05/2017 16.43 16.11 16.91 16.89 2649 808500.00 13513999.00
30/05/2017 16.69 16.51 16.88 16.61 3025 769600.00 12838923.00
31/05/2017 16.66 16.30 16.68 16.39 5250 1505300.00 24707553.00
01/06/2017 16.45 16.09 16.70 16.23 3680 899700.00 14688698.00
02/06/2017 16.31 16.23 16.51 16.51 2710 727300.00 11883342.00
05/06/2017 16.30 16.19 16.65 16.36 2247 1752600.00 28783416.00
06/06/2017 16.29 16.29 17.00 16.80 2144 1272600.00 21141758.00
07/06/2017 16.89 16.45 16.89 16.55 1772 698800.00 11584120.00
08/06/2017 16.49 16.13 16.50 16.50 2976 1094100.00 17873521.00
09/06/2017 16.96 16.64 17.02 16.83 2032 781700.00 13171398.00
12/06/2017 16.68 16.50 16.92 16.65 1474 1521100.00 25318332.00
13/06/2017 16.68 16.54 16.88 16.86 1564 840500.00 14107518.00
14/06/2017 15.96 15.73 16.22 16.05 5880 4185600.00 66975390.00
16/06/2017 15.88 15.50 15.98 15.98 4129 1394400.00 21931897.00
