20/06/2016 38.60 38.60 39.63 39.63 2 219.47 8585.00
21/06/2016 38.46 37.72 38.46 38.01 31 8120.17 308883.00
22/06/2016 38.73 37.56 38.73 37.66 12 1975.18 74783.00
23/06/2016 38.28 37.82 38.45 38.01 29 5047.68 192322.00
24/06/2016 38.01 38.01 39.16 39.14 11 3072.50 119020.00
27/06/2016 38.73 38.73 38.73 38.73 5 658.39 25500.00
28/06/2016 38.30 38.28 38.73 38.28 16 3182.23 121978.00
29/06/2016 38.68 38.68 38.73 38.73 5 548.66 21238.00
30/06/2016 38.90 38.28 39.13 39.10 23 34126.67 1332879.00
01/07/2016 38.37 38.28 39.18 39.18 14 5706.07 221612.00
04/07/2016 39.18 39.18 39.64 39.18 10 24909.18 986364.00
05/07/2016 39.20 39.18 39.46 39.46 7 6254.73 245253.00
06/07/2016 39.46 39.46 39.64 39.64 9 2304.37 91268.00
07/07/2016 40.90 40.90 40.90 40.90 2 219.47 8976.00
08/07/2016 40.74 40.13 41.01 41.01 8 987.59 40343.00
11/07/2016 40.15 40.15 40.74 40.74 2 219.47 8875.00
12/07/2016 41.00 41.00 41.27 41.27 6 768.12 31615.00
13/07/2016 41.26 41.03 41.92 41.92 12 6913.12 289114.00
14/07/2016 41.69 41.01 42.83 42.83 24 7022.85 294630.00
15/07/2016 42.65 42.39 42.83 42.83 8 1207.05 51505.00
18/07/2016 44.20 42.83 44.20 43.74 23 4828.21 209940.00
19/07/2016 43.78 43.75 43.78 43.75 2 219.47 9604.00
20/07/2016 43.21 42.83 43.21 42.83 8 1755.72 75395.00
21/07/2016 42.42 41.93 42.68 42.56 17 3401.70 144355.00
22/07/2016 42.97 42.87 43.81 43.51 15 4060.09 176299.00
25/07/2016 42.38 42.37 43.28 42.83 9 2084.91 89054.00
26/07/2016 43.28 42.12 43.29 43.28 4 438.92 18870.00
27/07/2016 42.83 42.83 45.56 44.65 26 5047.68 221515.00
28/07/2016 43.41 42.84 44.64 44.64 10 1097.32 48086.00
29/07/2016 45.52 45.52 46.48 46.47 17 3401.70 156648.00
01/08/2016 46.38 46.38 46.38 46.38 1 109.73 5090.00
02/08/2016 46.02 46.02 47.39 47.39 11 2633.57 123720.00
03/08/2016 46.15 46.15 47.39 46.24 27 5596.34 262108.00
04/08/2016 47.38 45.66 47.38 46.02 11 1536.25 70728.00
05/08/2016 46.75 44.75 46.75 44.75 20 2633.57 119833.00
08/08/2016 43.75 42.10 43.75 42.10 36 6035.26 257450.00
09/08/2016 43.23 42.55 43.23 42.55 6 877.86 37445.00
10/08/2016 42.83 42.69 43.71 43.24 8 1536.25 66295.00
11/08/2016 42.83 42.38 43.29 43.29 20 3950.35 170241.00
12/08/2016 43.59 43.59 43.74 43.74 6 2523.84 110361.00
15/08/2016 43.75 43.75 44.20 44.20 2 1426.51 63000.00
16/08/2016 45.11 43.75 45.11 44.17 8 987.59 43514.00
17/08/2016 43.75 43.75 44.02 44.02 11 1865.45 81900.00
18/08/2016 43.75 43.75 44.20 44.20 9 1645.98 72530.00
19/08/2016 44.20 43.75 44.20 44.02 16 2304.37 101242.00
22/08/2016 44.15 44.15 44.15 44.15 1 1097.32 48450.00
23/08/2016 44.65 44.65 45.11 44.65 8 987.59 44165.00
24/08/2016 43.84 41.65 43.84 41.92 112 1463606.35 61361073.00
25/08/2016 41.93 41.92 42.74 42.72 29 6254.73 265867.00
26/08/2016 43.24 43.02 43.24 43.02 8 1316.78 56700.00
29/08/2016 43.38 43.10 43.38 43.10 6 768.12 33140.00
30/08/2016 42.84 42.83 43.47 42.84 11 1865.45 80040.00
31/08/2016 43.64 42.38 43.64 43.06 7 1426.51 61884.00
02/09/2016 44.14 43.75 44.20 44.15 4 1426.51 62539.00
05/09/2016 44.65 44.65 44.65 44.65 2 219.47 9800.00
06/09/2016 44.65 44.65 44.65 44.65 5 658.39 29400.00
08/09/2016 45.08 44.93 45.11 44.93 5 1207.05 54422.00
09/09/2016 44.22 43.75 44.46 44.20 25 7352.05 322978.00
13/09/2016 43.62 43.61 44.08 44.07 8 3291.96 144353.00
14/09/2016 44.65 44.65 44.65 44.65 1 109.73 4899.00
15/09/2016 44.43 44.43 44.65 44.65 8 877.86 39175.00
16/09/2016 44.61 44.61 44.65 44.65 3 1207.05 53890.00
19/09/2016 44.21 43.93 44.21 43.93 12 1645.98 72372.00
20/09/2016 43.22 42.98 43.93 43.93 35 9107.77 395439.00
21/09/2016 43.93 43.93 44.20 44.20 12 5706.07 251540.00
22/09/2016 44.20 44.20 44.56 44.56 9 4608.74 204700.00
23/09/2016 43.77 43.76 43.98 43.98 6 1097.32 48144.00
26/09/2016 43.63 42.83 43.63 43.02 26 5376.87 232161.00
27/09/2016 43.02 43.02 43.47 43.47 8 1207.05 52350.00
28/09/2016 43.29 43.29 43.75 43.75 8 1755.72 76570.00
29/09/2016 43.03 43.03 43.73 43.73 3 1755.72 76691.00
03/10/2016 44.19 42.88 44.20 43.75 15 7022.85 307312.00
04/10/2016 44.18 43.75 44.64 43.75 15 1865.45 81979.00
05/10/2016 44.17 43.74 44.17 43.74 11 1426.51 62567.00
06/10/2016 43.75 43.75 43.75 43.75 4 658.39 28800.00
07/10/2016 44.15 42.96 44.15 43.90 7 877.86 38436.00
10/10/2016 43.75 43.10 44.15 43.75 31 10095.35 439387.00
11/10/2016 43.30 42.83 43.53 43.47 18 3621.15 156136.00
13/10/2016 42.83 42.83 43.23 43.23 14 3511.43 151280.00
14/10/2016 42.84 42.22 43.55 42.83 27 4499.01 192178.00
17/10/2016 42.84 42.83 43.73 43.73 10 4718.48 204064.00
18/10/2016 43.28 42.83 43.29 43.29 5 987.59 42699.00
19/10/2016 42.84 42.48 43.26 43.15 12 2414.11 103875.00
20/10/2016 43.28 43.27 43.29 43.29 7 768.12 33245.00
21/10/2016 43.28 43.28 43.29 43.29 7 2962.76 128240.00
24/10/2016 42.83 42.83 43.29 43.29 29 4937.94 212785.00
25/10/2016 44.06 44.06 44.06 44.06 2 219.47 9668.00
26/10/2016 44.65 44.65 44.65 44.65 4 1207.05 53900.00
28/10/2016 44.65 43.20 45.10 45.10 15 2853.03 126069.00
31/10/2016 44.20 42.83 45.46 43.06 95 102928.68 4435431.00
01/11/2016 43.65 42.83 43.65 42.83 12 1426.51 61219.00
03/11/2016 42.38 42.38 43.01 43.01 7 987.59 42403.00
04/11/2016 42.40 42.40 43.28 43.28 8 1097.32 47394.00
07/11/2016 42.86 42.83 43.47 43.47 20 4060.09 175243.00
08/11/2016 44.10 43.30 44.47 43.56 13 1755.72 76702.00
09/11/2016 42.82 42.82 43.38 42.83 16 3621.15 155253.00
10/11/2016 43.47 42.38 43.47 43.29 27 4389.29 189014.00
11/11/2016 42.66 42.38 43.28 42.85 12 1755.72 75236.00
14/11/2016 42.29 42.11 42.83 42.82 6 877.86 37328.00
16/11/2016 41.96 41.96 43.29 43.29 3 329.20 14104.00
17/11/2016 42.84 42.49 42.84 42.83 5 768.12 32864.00
18/11/2016 41.93 39.57 41.93 40.09 33 20410.16 827850.00
21/11/2016 39.67 38.73 39.95 38.78 32 4279.55 167467.00
22/11/2016 39.64 38.32 40.08 38.81 19 2962.76 115269.00
23/11/2016 38.28 36.92 38.28 38.28 19 181606.58 6946914.00
24/11/2016 37.37 37.00 38.00 37.45 25 3291.96 123257.00
25/11/2016 36.64 36.45 37.28 36.45 33 7242.32 265120.00
28/11/2016 37.36 36.45 37.36 36.63 10 2743.31 101068.00
29/11/2016 36.63 36.63 37.80 37.79 6 2853.03 105139.00
30/11/2016 37.36 37.36 37.81 37.55 12 3291.96 123549.00
01/12/2016 37.64 36.46 37.64 36.82 27 5596.34 207077.00
02/12/2016 37.35 37.35 37.36 37.36 4 438.92 16399.00
05/12/2016 36.64 36.64 37.36 37.36 14 4718.48 174851.00
06/12/2016 38.28 38.28 38.28 38.28 2 1426.51 54600.00
07/12/2016 38.27 38.27 39.00 38.28 5 548.66 21123.00
08/12/2016 37.58 37.58 38.16 38.16 7 987.59 37499.00
09/12/2016 37.87 37.72 38.27 37.72 27 5815.80 220084.00
12/12/2016 38.21 38.21 39.09 39.09 11 2304.37 88735.00
13/12/2016 39.17 37.83 39.18 39.18 13 2304.37 89164.00
14/12/2016 39.18 39.18 39.18 39.18 4 1316.78 51600.00
16/12/2016 39.64 39.64 40.10 40.10 7 877.86 35050.00
19/12/2016 40.10 39.19 40.47 39.37 26 3291.96 130489.00
20/12/2016 39.64 38.84 39.64 38.90 8 1536.25 59897.00
21/12/2016 39.28 39.25 39.46 39.28 22 3742.62 147034.00
22/12/2016 39.74 39.74 39.74 39.74 2 213.86 8498.00
23/12/2016 39.74 38.91 39.74 38.91 8 1176.25 46572.00
26/12/2016 39.46 38.62 39.46 38.62 9 1176.25 45790.00
27/12/2016 39.22 39.22 39.46 39.46 4 427.73 16826.00
28/12/2016 39.74 39.74 40.21 40.12 7 1603.98 64079.00
29/12/2016 40.17 37.90 40.17 37.90 37 15077.40 579815.00
02/01/2017 39.18 37.97 39.28 38.62 16 3849.55 149528.00
03/01/2017 39.27 39.27 40.21 39.96 25 6950.57 279039.00
04/01/2017 39.96 39.74 40.41 40.40 10 4170.34 168141.00
05/01/2017 40.68 40.68 40.96 40.96 3 320.80 13110.00
06/01/2017 40.63 39.28 40.95 39.28 20 4598.07 184165.00
09/01/2017 40.68 40.68 40.68 40.68 1 213.86 8700.00
10/01/2017 40.45 40.45 40.49 40.49 9 2031.71 82265.00
11/01/2017 40.64 40.54 40.68 40.67 14 2138.64 86926.00
12/01/2017 39.75 39.44 40.91 39.44 11 1710.91 69492.00
13/01/2017 40.86 39.74 40.89 39.74 9 1390.11 55961.00
16/01/2017 40.39 40.39 40.49 40.49 5 534.66 21618.00
17/01/2017 40.68 40.68 40.68 40.68 2 320.80 13050.00
18/01/2017 40.67 40.59 40.67 40.59 21 2245.57 91311.00
19/01/2017 39.87 39.87 40.58 40.35 13 1390.11 56154.00
20/01/2017 40.31 40.03 40.35 40.15 26 9730.80 391599.00
23/01/2017 40.77 40.76 40.77 40.77 8 2459.43 100278.00
24/01/2017 40.77 40.32 40.96 40.32 6 5988.19 243564.00
26/01/2017 40.96 40.37 40.96 40.57 12 1603.98 65438.00
27/01/2017 40.87 40.68 40.91 40.68 6 6415.92 261065.00
30/01/2017 40.40 40.17 40.77 40.17 8 5667.39 229882.00
31/01/2017 40.15 39.74 40.67 40.67 6 1176.25 47036.00
01/02/2017 40.59 40.20 40.59 40.35 10 4277.28 172096.00
02/02/2017 40.31 40.03 40.49 40.03 5 962.39 38700.00
03/02/2017 40.48 40.40 40.76 40.68 6 1069.32 43327.00
06/02/2017 40.22 39.87 40.39 40.39 4 534.66 21502.00
07/02/2017 40.31 40.08 40.31 40.31 9 1710.91 68911.00
08/02/2017 40.68 40.12 40.68 40.12 25 5239.66 211351.00
09/02/2017 40.67 40.21 41.15 40.21 8 31865.71 1282796.00
10/02/2017 41.13 40.20 41.13 40.62 37 14435.81 581471.00
13/02/2017 41.14 41.14 42.04 42.04 6 1817.84 75190.00
14/02/2017 42.08 41.99 42.08 41.99 10 1817.84 76371.00
15/02/2017 43.79 41.15 43.79 43.14 16 2031.71 87423.00
16/02/2017 44.89 43.21 45.36 43.49 136 39244.01 1732502.00
17/02/2017 44.42 43.59 44.84 43.69 113 45339.13 1997113.00
20/02/2017 44.79 44.21 44.79 44.50 136 46301.52 2060566.00
21/02/2017 44.41 43.00 44.41 43.49 41 10400.00 448831.00
22/02/2017 43.00 42.80 43.75 43.69 16 3000.00 129421.00
23/02/2017 43.73 43.15 43.73 43.15 10 4100.00 177507.00
24/02/2017 43.70 43.40 43.72 43.72 8 2400.00 104864.00
01/03/2017 43.50 43.00 43.98 43.03 22 5900.00 254085.00
02/03/2017 43.15 43.00 43.49 43.02 19 4500.00 193817.00
03/03/2017 43.05 43.02 43.85 43.79 15 4400.00 192250.00
06/03/2017 43.99 43.30 43.99 43.74 14 2300.00 100112.00
07/03/2017 43.30 42.58 43.69 42.58 27 13600.00 584879.00
08/03/2017 43.50 42.15 43.50 43.10 16 2200.00 93718.00
09/03/2017 42.65 42.00 42.70 42.50 6 1300.00 55285.00
10/03/2017 42.45 42.44 42.45 42.45 4 1700.00 72150.00
13/03/2017 43.00 41.90 43.90 42.00 55 11300.00 476218.00
14/03/2017 42.00 41.51 42.20 42.00 25 4900.00 205397.00
15/03/2017 42.25 41.55 43.47 43.47 14 3000.00 128061.00
16/03/2017 43.00 42.50 43.00 43.00 41 8400.00 360417.00
17/03/2017 42.84 42.31 42.85 42.50 46 8200.00 348651.00
20/03/2017 42.99 41.85 42.99 42.12 24 12200.00 513725.00
21/03/2017 43.49 42.00 43.49 42.45 24 2900.00 123093.00
22/03/2017 42.43 42.00 42.80 42.79 22 3400.00 144442.00
23/03/2017 42.99 42.51 43.19 42.98 21 6300.00 270140.00
24/03/2017 43.15 43.07 43.49 43.10 11 2800.00 120849.00
27/03/2017 42.51 40.01 42.51 41.99 31 3900.00 162668.00
28/03/2017 41.99 41.99 42.00 42.00 4 700.00 29399.00
29/03/2017 41.88 41.85 41.90 41.90 7 700.00 29317.00
30/03/2017 42.78 41.57 42.78 42.45 9 4100.00 173687.00
31/03/2017 42.52 42.20 42.52 42.20 14 15300.00 649251.00
03/04/2017 42.20 42.20 42.20 42.20 3 300.00 12660.00
04/04/2017 42.79 42.02 42.90 42.77 14 3500.00 149000.00
05/04/2017 42.05 42.05 42.89 42.48 10 1000.00 42413.00
06/04/2017 42.30 42.11 42.48 42.48 9 1000.00 42389.00
07/04/2017 42.29 42.02 42.69 42.69 18 4400.00 186312.00
10/04/2017 42.99 42.11 42.99 42.75 4 400.00 17061.00
11/04/2017 42.49 41.90 42.49 42.26 20 37400.00 1580396.00
12/04/2017 41.91 41.90 42.28 42.28 20 2200.00 92319.00
13/04/2017 42.74 42.00 42.80 42.80 13 2100.00 89103.00
17/04/2017 42.49 42.49 43.39 42.50 16 4100.00 175505.00
18/04/2017 42.97 42.97 43.00 43.00 7 1500.00 64486.00
19/04/2017 42.16 42.16 43.00 42.79 20 5900.00 251646.00
20/04/2017 42.79 42.50 43.32 43.00 17 2800.00 120031.00
24/04/2017 43.31 42.50 43.31 43.00 25 32700.00 1405765.00
25/04/2017 42.88 42.71 42.88 42.85 10 1400.00 59965.00
26/04/2017 42.99 42.60 42.99 42.82 8 1500.00 64013.00
27/04/2017 43.44 42.21 43.95 42.80 20 4500.00 191776.00
28/04/2017 43.35 42.51 43.35 42.70 13 5500.00 235295.00
02/05/2017 42.99 42.79 42.99 42.90 14 7900.00 338765.00
03/05/2017 42.85 42.66 43.00 43.00 14 3000.00 128762.00
04/05/2017 42.63 42.51 42.90 42.80 19 5200.00 222334.00
05/05/2017 43.05 43.05 44.09 43.76 18 3700.00 161647.00
08/05/2017 43.75 43.50 43.75 43.75 7 900.00 39325.00
09/05/2017 43.33 43.20 43.74 43.50 42 24100.00 1042610.00
10/05/2017 43.50 43.02 43.90 43.02 13 2500.00 108775.00
11/05/2017 43.69 43.62 43.89 43.85 22 2300.00 100788.00
12/05/2017 43.80 43.73 43.89 43.85 14 2900.00 127051.00
15/05/2017 43.79 43.79 43.99 43.80 37 14100.00 618058.00
16/05/2017 43.85 43.85 44.21 44.21 16 10800.00 474626.00
17/05/2017 44.89 44.51 44.90 44.90 3 300.00 13430.00
18/05/2017 40.99 40.99 43.50 43.50 53 9200.00 389086.00
19/05/2017 43.50 42.80 43.99 43.99 23 4000.00 173514.00
22/05/2017 43.00 41.90 43.99 43.00 24 6900.00 295599.00
23/05/2017 42.95 42.05 43.60 43.43 13 1800.00 77283.00
24/05/2017 43.63 43.25 43.85 43.85 12 1800.00 78490.00
25/05/2017 43.50 43.50 44.99 44.95 22 3500.00 155425.00
26/05/2017 44.02 44.00 44.89 44.89 13 3300.00 146966.00
29/05/2017 44.90 41.41 44.99 44.99 10 1200.00 53093.00
30/05/2017 44.50 44.11 44.99 44.70 13 3300.00 146562.00
31/05/2017 44.50 43.66 44.90 44.89 36 5700.00 253049.00
01/06/2017 44.21 44.20 44.79 44.70 7 1200.00 53331.00
02/06/2017 44.89 44.80 44.89 44.82 12 2800.00 125532.00
05/06/2017 44.33 44.32 44.80 44.80 12 1900.00 84856.00
06/06/2017 44.90 44.90 45.00 45.00 2 600.00 26950.00
07/06/2017 44.55 44.55 44.90 44.90 3 900.00 40340.00
08/06/2017 44.90 44.50 44.90 44.90 4 800.00 35837.00
09/06/2017 44.90 44.58 44.90 44.89 3 600.00 26843.00
12/06/2017 44.11 42.60 44.74 43.80 23 10100.00 439863.00
13/06/2017 43.06 43.00 43.49 43.49 12 2900.00 125674.00
14/06/2017 44.69 43.00 44.69 43.39 13 2600.00 112954.00
16/06/2017 43.69 43.06 43.69 43.50 10 1900.00 82621.00
