21/06/2016 11.85 11.85 11.85 11.85 2 319.10 3780.00
23/06/2016 12.97 12.97 12.97 12.97 2 212.73 2760.00
24/06/2016 11.80 11.80 11.89 11.86 9 17763.17 209619.00
27/06/2016 11.85 11.66 11.85 11.66 5 1808.23 21320.00
28/06/2016 11.71 11.71 11.71 11.71 1 2127.33 24920.00
29/06/2016 13.14 13.14 13.14 13.14 2 425.47 5592.00
30/06/2016 13.16 13.16 13.16 13.16 1 212.73 2800.00
01/07/2016 13.44 13.44 14.09 14.09 5 1063.66 14651.00
04/07/2016 13.16 12.03 13.16 12.03 38 10104.80 122239.00
05/07/2016 12.03 12.03 12.05 12.05 2 425.47 5126.00
07/07/2016 12.93 11.75 12.93 11.75 5 850.93 10239.00
08/07/2016 12.67 12.67 12.67 12.67 3 2659.16 33700.00
11/07/2016 12.67 12.67 13.75 13.15 3 319.10 4210.00
12/07/2016 13.35 12.80 13.63 12.80 8 2446.43 32458.00
14/07/2016 12.50 12.22 12.80 12.80 4 957.30 12164.00
15/07/2016 12.50 12.22 12.50 12.22 8 3935.55 48440.00
18/07/2016 12.23 12.22 12.90 12.22 9 1489.13 18479.00
19/07/2016 12.22 12.22 12.22 12.22 5 1276.40 15600.00
20/07/2016 12.60 12.60 12.60 12.60 3 531.83 6700.00
21/07/2016 12.79 12.55 12.93 12.92 6 1489.13 18967.00
25/07/2016 12.93 12.93 13.54 13.54 3 638.20 8355.00
27/07/2016 13.73 13.73 13.73 13.73 3 319.10 4380.00
29/07/2016 13.70 13.27 13.73 13.27 6 1808.23 24657.00
01/08/2016 13.82 13.82 14.29 13.87 12 3403.72 47375.00
02/08/2016 13.91 13.91 13.91 13.91 2 1276.40 17760.00
03/08/2016 13.73 13.64 14.10 14.06 9 3190.99 44741.00
04/08/2016 14.10 13.91 14.10 13.92 6 1382.76 19401.00
05/08/2016 14.29 14.29 14.29 14.29 3 531.83 7600.00
09/08/2016 13.51 13.16 14.37 13.54 15 4573.75 62147.00
10/08/2016 13.55 13.17 13.55 13.17 11 3084.62 41096.00
11/08/2016 13.63 12.84 13.63 13.16 15 7658.37 100705.00
12/08/2016 13.63 13.29 13.63 13.30 19 6062.88 81879.00
15/08/2016 13.30 13.30 14.38 14.38 23 8722.04 120148.00
16/08/2016 14.38 14.38 14.81 14.81 4 531.83 7740.00
17/08/2016 14.71 14.71 14.95 14.71 7 2978.26 43920.00
18/08/2016 14.71 14.71 15.00 15.00 5 2978.26 43895.00
19/08/2016 15.04 15.00 16.17 15.04 5 3084.62 46450.00
22/08/2016 15.14 15.04 16.17 15.98 7 850.93 13390.00
23/08/2016 15.98 15.98 15.98 15.98 1 106.37 1700.00
24/08/2016 15.97 15.97 15.98 15.98 2 319.10 5099.00
25/08/2016 16.12 15.51 16.12 15.51 4 744.56 11615.00
26/08/2016 15.97 15.14 16.03 15.14 8 3616.45 57704.00
30/08/2016 15.04 15.04 16.10 16.10 5 1701.86 26342.00
01/09/2016 16.03 15.04 16.03 15.04 10 2340.06 36272.00
02/09/2016 15.20 15.04 15.21 15.04 7 850.93 12846.00
05/09/2016 15.04 15.04 15.22 15.22 7 2340.06 35255.00
08/09/2016 15.05 14.85 15.23 14.85 5 531.83 8011.00
09/09/2016 14.93 14.93 15.97 15.97 7 1276.40 19637.00
16/09/2016 15.79 15.79 15.79 15.79 1 531.83 8400.00
19/09/2016 15.79 15.79 15.79 15.79 2 1063.66 16800.00
21/09/2016 15.09 15.09 15.09 15.09 2 531.83 8025.00
22/09/2016 15.14 14.48 15.14 14.48 9 1063.66 15622.00
23/09/2016 15.02 14.49 15.02 14.49 5 744.56 10844.00
26/09/2016 14.49 14.48 14.49 14.48 4 531.83 7701.00
27/09/2016 14.48 14.48 14.48 14.48 1 106.37 1540.00
28/09/2016 15.45 15.45 15.45 15.45 1 106.37 1643.00
30/09/2016 15.51 15.51 15.51 15.51 1 106.37 1650.00
03/10/2016 15.42 15.42 15.42 15.42 1 106.37 1640.00
04/10/2016 15.28 15.28 15.51 15.51 7 2340.06 35939.00
05/10/2016 15.42 15.42 15.69 15.69 6 1170.03 18187.00
07/10/2016 15.41 14.50 15.65 14.54 12 2127.33 32388.00
10/10/2016 14.57 14.57 16.01 14.85 6 638.20 9673.00
13/10/2016 16.03 16.03 16.78 16.03 9 2765.52 44735.00
17/10/2016 15.16 15.16 15.16 15.16 1 106.37 1612.00
18/10/2016 15.45 15.42 15.45 15.42 3 638.20 9855.00
19/10/2016 16.54 16.54 16.54 16.54 1 106.37 1759.00
20/10/2016 16.17 16.00 16.91 16.91 11 1808.23 30150.00
24/10/2016 16.45 15.89 16.64 16.26 16 5424.68 88266.00
26/10/2016 15.89 15.89 15.89 15.89 1 212.73 3380.00
27/10/2016 16.17 16.17 16.22 16.21 3 1489.13 24109.00
28/10/2016 16.45 16.45 16.46 16.45 3 957.30 15752.00
31/10/2016 16.45 16.45 16.45 16.45 2 5211.95 85750.00
01/11/2016 15.94 15.89 15.94 15.89 2 319.10 5080.00
03/11/2016 15.89 15.51 16.17 15.51 14 10211.17 160094.00
04/11/2016 15.07 15.06 15.51 15.42 13 8509.31 129674.00
07/11/2016 15.09 15.09 16.78 16.67 9 4148.29 65550.00
08/11/2016 15.98 15.98 16.36 16.36 5 2978.26 48160.00
09/11/2016 15.88 15.88 16.16 16.16 3 1701.86 27264.00
10/11/2016 15.14 14.80 15.25 15.24 11 8190.21 123104.00
14/11/2016 14.85 14.85 15.29 15.29 2 1914.59 28854.00
16/11/2016 15.29 14.76 15.29 15.29 6 1595.49 24240.00
17/11/2016 15.24 15.23 15.98 15.98 6 1914.59 29640.00
18/11/2016 15.98 15.98 16.36 15.98 6 1595.49 25860.00
21/11/2016 16.73 16.27 16.82 16.82 10 1382.76 23029.00
22/11/2016 16.81 16.81 16.81 16.81 1 744.56 12516.00
23/11/2016 16.27 16.27 16.72 16.72 8 2765.52 45617.00
24/11/2016 16.26 15.99 16.89 16.89 15 4786.48 78906.00
25/11/2016 16.89 16.70 17.08 17.08 4 1489.13 25132.00
28/11/2016 16.64 16.16 16.91 16.16 16 2871.89 47677.00
30/11/2016 15.75 15.75 16.90 16.90 8 1595.49 26359.00
01/12/2016 16.36 16.08 17.00 16.92 49 8828.40 147309.00
02/12/2016 16.82 16.45 16.92 16.91 24 5318.32 89232.00
05/12/2016 16.91 16.57 16.91 16.91 4 1382.76 23260.00
06/12/2016 16.91 16.89 17.11 17.11 5 4786.48 80954.00
07/12/2016 16.75 16.74 17.06 16.97 6 1914.59 32351.00
08/12/2016 17.02 17.02 17.02 17.02 1 212.73 3620.00
09/12/2016 17.02 17.02 17.02 17.02 1 106.37 1810.00
12/12/2016 16.74 16.64 16.88 16.88 17 2233.69 37506.00
13/12/2016 16.97 16.50 16.97 16.89 15 3084.62 51822.00
14/12/2016 16.91 16.84 16.91 16.84 2 212.73 3590.00
15/12/2016 16.88 16.88 17.28 16.93 10 1808.23 30829.00
16/12/2016 17.11 16.91 18.76 18.76 13 19358.67 331442.00
19/12/2016 17.69 17.56 18.33 17.56 33 4573.75 81890.00
20/12/2016 17.53 17.20 18.01 17.20 9 1489.13 26233.00
21/12/2016 17.20 16.26 17.20 16.26 28 38291.87 657906.00
22/12/2016 15.99 15.43 16.64 15.43 43 7126.54 114692.00
23/12/2016 15.61 15.47 15.97 15.70 17 4999.22 78171.00
26/12/2016 16.70 16.00 16.70 16.06 13 2600.00 42619.00
27/12/2016 16.25 16.00 16.25 16.00 13 184800.00 2998123.00
28/12/2016 16.00 16.00 16.24 16.01 7 20300.00 324977.00
29/12/2016 16.50 16.50 17.59 17.00 6 82600.00 1404208.00
02/01/2017 17.50 17.00 17.94 17.00 6 900.00 15917.00
03/01/2017 17.30 16.98 17.30 17.00 7 2200.00 37419.00
06/01/2017 17.00 17.00 17.00 17.00 1 100.00 1700.00
09/01/2017 17.00 17.00 17.00 17.00 1 300.00 5100.00
10/01/2017 17.80 17.80 17.99 17.99 6 1300.00 23178.00
11/01/2017 17.99 17.10 18.00 17.10 8 1700.00 30192.00
12/01/2017 18.00 17.21 18.00 18.00 11 5500.00 97197.00
16/01/2017 17.58 17.58 17.74 17.74 13 2100.00 37082.00
17/01/2017 17.75 17.75 18.00 17.80 20 14600.00 261457.00
19/01/2017 17.80 17.80 18.00 18.00 3 300.00 5379.00
23/01/2017 18.00 17.61 18.00 17.70 11 2100.00 37470.00
24/01/2017 17.99 17.99 18.00 18.00 5 700.00 12598.00
26/01/2017 17.50 17.50 18.00 17.99 7 1700.00 30340.00
27/01/2017 17.98 17.30 17.98 17.30 7 800.00 13982.00
30/01/2017 17.30 17.30 17.96 17.96 7 1300.00 22766.00
31/01/2017 17.98 17.95 17.98 17.98 3 600.00 10782.00
01/02/2017 17.89 17.89 17.89 17.89 1 300.00 5367.00
02/02/2017 17.79 17.79 17.80 17.80 2 200.00 3559.00
03/02/2017 17.32 17.21 17.32 17.23 8 1700.00 29292.00
06/02/2017 18.00 18.00 18.00 18.00 8 4100.00 73800.00
07/02/2017 17.51 17.51 17.51 17.51 2 200.00 3502.00
08/02/2017 17.97 17.97 17.99 17.99 3 300.00 5395.00
09/02/2017 17.98 17.70 17.98 17.70 3 300.00 5338.00
10/02/2017 17.50 17.50 17.52 17.52 3 400.00 7003.00
13/02/2017 17.55 17.55 17.96 17.96 6 900.00 16038.00
14/02/2017 17.51 17.51 17.96 17.95 11 3500.00 62314.00
15/02/2017 17.62 17.62 17.92 17.92 2 800.00 14216.00
16/02/2017 17.92 17.60 17.92 17.60 2 300.00 5344.00
17/02/2017 17.91 17.91 18.00 18.00 7 2300.00 41373.00
20/02/2017 17.95 17.95 17.95 17.95 1 200.00 3590.00
21/02/2017 17.95 17.81 17.95 17.81 6 1800.00 32200.00
22/02/2017 18.00 17.87 18.00 17.87 3 2100.00 37640.00
23/02/2017 17.88 17.85 17.90 17.90 6 2900.00 51902.00
01/03/2017 18.00 17.80 18.99 17.90 25 10100.00 182065.00
02/03/2017 19.85 19.00 19.85 19.01 23 3300.00 64507.00
03/03/2017 19.02 19.02 19.84 19.84 11 2300.00 45337.00
06/03/2017 19.84 19.84 20.27 20.20 9 3200.00 64171.00
07/03/2017 19.50 19.40 19.50 19.40 12 4700.00 91640.00
08/03/2017 20.23 20.15 20.23 20.15 2 200.00 4038.00
09/03/2017 19.33 19.33 19.50 19.50 16 9700.00 188976.00
10/03/2017 19.50 19.40 19.50 19.50 7 1900.00 36920.00
13/03/2017 19.50 19.50 19.50 19.50 1 100.00 1950.00
14/03/2017 19.50 19.43 19.50 19.50 4 500.00 9738.00
15/03/2017 19.40 19.40 19.50 19.50 7 6200.00 120890.00
16/03/2017 19.40 19.40 19.40 19.40 1 300.00 5820.00
17/03/2017 19.03 18.90 19.15 19.15 12 4700.00 89582.00
20/03/2017 19.39 19.00 19.39 19.00 7 1300.00 25076.00
21/03/2017 19.38 19.34 19.38 19.38 7 1300.00 25184.00
22/03/2017 19.39 19.01 19.50 19.02 18 169000.00 3294485.00
23/03/2017 19.03 19.02 19.10 19.10 6 800.00 15234.00
24/03/2017 19.39 19.39 19.39 19.39 2 200.00 3878.00
27/03/2017 19.01 19.00 19.27 19.27 6 7400.00 141113.00
28/03/2017 19.27 19.10 19.50 19.50 18 5100.00 97905.00
29/03/2017 19.09 19.08 19.39 19.08 3 300.00 5756.00
30/03/2017 19.11 18.90 19.11 18.90 11 1300.00 24711.00
31/03/2017 19.37 19.20 19.38 19.20 4 400.00 7715.00
03/04/2017 19.38 19.38 19.39 19.39 7 1000.00 19387.00
04/04/2017 19.38 19.38 19.49 19.45 6 1000.00 19435.00
05/04/2017 19.06 19.06 19.45 19.45 5 600.00 11627.00
07/04/2017 19.48 19.48 19.49 19.49 2 200.00 3897.00
10/04/2017 19.06 18.50 19.40 19.05 20 10900.00 204536.00
11/04/2017 19.34 19.25 19.43 19.25 6 900.00 17414.00
12/04/2017 19.39 19.31 19.40 19.40 6 700.00 13568.00
13/04/2017 19.27 19.10 19.27 19.20 19 3300.00 63384.00
17/04/2017 19.20 19.10 19.20 19.10 2 400.00 7660.00
18/04/2017 19.10 18.97 19.36 19.36 6 1300.00 24937.00
19/04/2017 19.21 19.00 19.21 19.00 6 600.00 11442.00
20/04/2017 19.39 18.98 19.39 18.98 3 300.00 5736.00
24/04/2017 19.39 19.39 19.40 19.40 2 200.00 3879.00
25/04/2017 19.34 19.34 19.40 19.40 3 1000.00 19379.00
26/04/2017 19.40 19.34 19.40 19.35 4 1900.00 36834.00
27/04/2017 19.35 19.35 20.00 19.49 28 26200.00 510378.00
28/04/2017 19.30 19.30 19.50 19.50 6 2200.00 42825.00
02/05/2017 19.50 19.10 19.50 19.50 45 26100.00 508701.00
03/05/2017 19.50 19.35 19.50 19.50 8 1200.00 23343.00
04/05/2017 19.50 19.36 19.50 19.36 4 700.00 13620.00
05/05/2017 19.50 19.30 19.50 19.30 8 1700.00 33065.00
08/05/2017 19.39 19.35 19.50 19.50 7 3700.00 72086.00
09/05/2017 19.50 19.45 19.50 19.45 3 300.00 5845.00
10/05/2017 19.45 19.30 19.50 19.50 29 21900.00 426913.00
11/05/2017 19.50 19.47 19.50 19.50 19 11800.00 230097.00
12/05/2017 19.50 19.49 19.50 19.50 17 7000.00 136499.00
15/05/2017 19.50 19.41 19.50 19.41 33 20200.00 393864.00
16/05/2017 19.50 19.48 19.50 19.50 17 12200.00 237895.00
17/05/2017 19.50 19.50 20.37 20.00 19 12200.00 241877.00
18/05/2017 18.00 18.00 19.00 18.53 33 16800.00 309646.00
19/05/2017 19.00 19.00 19.50 19.10 6 3100.00 59450.00
22/05/2017 19.10 18.70 19.10 19.00 10 5600.00 106542.00
23/05/2017 19.89 19.70 19.95 19.90 8 1900.00 37641.00
24/05/2017 19.80 19.80 19.80 19.80 1 200.00 3960.00
25/05/2017 19.26 19.02 19.30 19.02 20 3700.00 70886.00
26/05/2017 19.88 19.88 19.88 19.88 2 300.00 5964.00
30/05/2017 19.85 19.50 19.85 19.50 2 300.00 5920.00
31/05/2017 19.75 19.75 19.94 19.94 4 1400.00 27688.00
01/06/2017 19.89 19.89 19.89 19.89 1 100.00 1989.00
02/06/2017 19.80 19.80 19.95 19.95 6 1000.00 19891.00
05/06/2017 19.94 19.71 19.95 19.90 5 1100.00 21885.00
06/06/2017 19.80 19.72 19.96 19.89 7 2200.00 43807.00
07/06/2017 19.96 19.96 19.96 19.96 1 1000.00 19960.00
08/06/2017 19.96 19.80 20.00 20.00 11 5500.00 109860.00
09/06/2017 20.10 20.10 21.00 21.00 13 2100.00 43575.00
12/06/2017 21.00 20.99 21.00 20.99 5 1500.00 31495.00
13/06/2017 21.00 20.99 21.00 21.00 5 1200.00 25199.00
14/06/2017 21.00 21.00 21.00 21.00 22 59500.00 1249500.00
16/06/2017 21.00 21.00 21.70 21.70 39 20600.00 435380.00
