20/06/2016 11.66 11.29 11.67 11.29 21 12749.37 144659.00
21/06/2016 11.29 11.26 11.30 11.26 10 5418.48 61182.00
22/06/2016 11.29 11.27 11.39 11.27 14 5099.75 57653.00
23/06/2016 11.29 11.29 11.68 11.57 7 28898.56 328880.00
24/06/2016 11.71 11.29 11.72 11.29 16 12855.61 146495.00
27/06/2016 11.58 10.97 11.58 11.52 34 10411.98 116870.00
28/06/2016 11.62 11.46 11.62 11.50 6 2231.14 25709.00
29/06/2016 11.72 11.67 12.22 12.17 17 4993.50 58968.00
30/06/2016 12.33 12.24 13.54 13.25 48 21567.68 277473.00
01/07/2016 13.17 12.31 13.17 12.31 28 8499.58 107348.00
04/07/2016 12.91 11.62 12.91 11.62 42 13705.57 163758.00
05/07/2016 11.67 11.43 11.81 11.54 21 10730.72 123918.00
06/07/2016 11.58 11.48 11.62 11.58 10 5949.70 68489.00
07/07/2016 11.76 11.48 11.81 11.81 17 6162.19 72216.00
08/07/2016 11.75 11.58 11.81 11.59 15 5630.97 65778.00
11/07/2016 11.66 11.59 12.09 12.09 25 8287.09 97005.00
12/07/2016 11.89 11.81 12.22 11.81 22 9880.76 117600.00
13/07/2016 11.85 11.72 12.00 11.77 11 2231.14 26369.00
14/07/2016 11.95 11.85 11.95 11.95 34 28473.59 339126.00
15/07/2016 11.95 11.93 12.24 12.24 13 3081.10 37075.00
18/07/2016 12.24 11.95 12.24 12.23 22 9243.29 111806.00
19/07/2016 12.14 12.09 12.19 12.09 11 10305.74 125152.00
20/07/2016 12.19 12.14 12.61 12.61 31 41966.66 526748.00
21/07/2016 12.71 12.25 13.32 12.61 42 19336.54 251933.00
22/07/2016 12.60 12.60 12.80 12.72 8 3399.83 43447.00
25/07/2016 13.18 13.12 13.18 13.13 18 6587.17 86706.00
26/07/2016 12.85 12.85 13.12 13.12 7 4037.30 52065.00
27/07/2016 13.18 12.99 14.05 13.93 30 12218.14 164974.00
28/07/2016 13.74 12.99 13.74 13.08 25 10199.49 132837.00
29/07/2016 13.08 13.08 13.74 13.60 32 21461.43 290456.00
01/08/2016 13.93 13.60 14.01 13.93 29 11155.70 154584.00
02/08/2016 14.01 13.93 14.11 14.07 34 16786.67 235964.00
03/08/2016 14.07 13.93 14.26 14.26 26 12749.37 180188.00
04/08/2016 14.34 14.02 14.35 14.12 21 35485.74 503112.00
05/08/2016 14.20 14.12 14.31 14.12 7 1381.18 19609.00
08/08/2016 14.12 14.02 14.12 14.02 7 2124.89 29840.00
09/08/2016 14.07 13.66 14.17 14.17 6 2018.65 28429.00
10/08/2016 14.12 13.60 14.17 13.61 27 6374.68 87528.00
11/08/2016 13.72 12.99 14.06 13.78 93 104969.78 1391780.00
12/08/2016 14.12 13.46 14.21 13.46 30 8924.56 122632.00
15/08/2016 14.08 13.88 15.05 14.57 29 13599.32 193830.00
16/08/2016 14.57 14.57 14.92 14.92 8 1912.40 28073.00
17/08/2016 14.82 14.27 14.82 14.77 7 1806.16 26551.00
18/08/2016 14.82 14.31 14.91 14.87 25 15830.46 233395.00
19/08/2016 14.86 14.59 14.97 14.96 25 9668.27 143616.00
22/08/2016 14.22 14.22 14.59 14.59 8 1168.69 16916.00
23/08/2016 14.92 14.68 15.05 14.68 20 7755.86 115474.00
24/08/2016 15.03 14.87 15.06 14.97 6 1062.45 15941.00
25/08/2016 14.68 14.41 14.87 14.47 14 2656.12 38660.00
26/08/2016 14.68 14.54 15.05 14.99 16 11580.67 172366.00
29/08/2016 14.92 14.78 15.00 14.97 14 3824.81 57004.00
30/08/2016 15.00 15.00 15.00 15.00 1 531.22 7970.00
31/08/2016 14.68 14.59 15.00 15.00 10 6799.66 100122.00
01/09/2016 15.00 14.63 15.05 14.78 12 4356.03 65353.00
02/09/2016 14.86 14.49 14.86 14.77 23 8924.56 130964.00
05/09/2016 14.63 14.21 14.67 14.21 55 24755.02 356370.00
06/09/2016 14.30 13.84 14.36 14.21 21 9880.76 139934.00
08/09/2016 14.21 13.98 15.13 15.03 66 46535.19 692085.00
09/09/2016 14.62 14.55 15.01 14.78 24 7755.86 114231.00
12/09/2016 14.55 14.54 14.78 14.78 6 956.20 14066.00
13/09/2016 14.60 14.34 14.86 14.64 35 19336.54 281385.00
14/09/2016 14.82 14.56 14.96 14.84 19 7118.40 104404.00
15/09/2016 14.69 14.57 14.81 14.78 25 12324.39 181194.00
16/09/2016 14.68 14.31 14.87 14.31 30 10199.49 147501.00
19/09/2016 14.31 13.88 14.57 14.12 30 25923.71 367248.00
20/09/2016 14.12 14.12 14.59 14.57 21 22630.13 324933.00
21/09/2016 14.61 14.38 14.64 14.63 12 1912.40 27825.00
22/09/2016 14.67 14.40 14.81 14.65 16 5312.24 77813.00
23/09/2016 14.59 14.12 14.59 14.12 30 12536.88 177835.00
26/09/2016 14.12 13.98 14.13 14.12 35 10411.98 146091.00
27/09/2016 14.12 14.12 14.32 14.12 7 7224.64 102042.00
28/09/2016 14.15 14.15 14.59 14.59 10 5418.48 77815.00
29/09/2016 14.55 14.55 14.55 14.55 4 6374.68 92760.00
30/09/2016 14.12 14.12 14.97 14.77 30 54184.81 801428.00
03/10/2016 14.40 14.40 14.68 14.49 15 3293.59 47851.00
04/10/2016 14.49 14.49 14.49 14.49 1 318.73 4620.00
05/10/2016 14.49 14.49 14.68 14.49 3 1062.45 15420.00
06/10/2016 14.17 14.17 14.67 14.59 26 8287.09 120508.00
07/10/2016 14.68 14.64 14.82 14.64 9 1593.67 23445.00
10/10/2016 14.78 14.67 15.06 15.01 26 28048.61 418643.00
11/10/2016 14.47 14.47 14.90 14.61 3 531.22 7776.00
13/10/2016 14.82 14.61 15.01 14.87 14 5418.48 80065.00
14/10/2016 15.25 14.78 15.34 15.06 42 12324.39 186419.00
17/10/2016 15.06 15.06 15.67 15.67 48 27942.36 431263.00
18/10/2016 15.08 15.08 15.67 15.67 26 4249.79 65886.00
19/10/2016 15.67 15.53 15.67 15.63 10 4143.54 64783.00
20/10/2016 15.63 15.53 16.24 16.24 62 86483.20 1376044.00
21/10/2016 16.24 15.86 16.24 16.09 15 2443.63 39083.00
24/10/2016 16.05 15.77 16.28 16.09 18 18699.07 301751.00
25/10/2016 16.09 16.09 16.27 16.27 3 2337.38 37639.00
26/10/2016 16.28 16.00 16.28 16.24 7 2337.38 37941.00
27/10/2016 16.23 16.22 16.24 16.24 7 1806.16 29310.00
28/10/2016 16.28 16.27 17.41 16.38 158 51316.20 843304.00
31/10/2016 16.29 16.00 16.51 16.00 18 18380.34 295405.00
01/11/2016 16.19 15.55 16.19 15.55 25 7330.89 115566.00
03/11/2016 15.99 14.87 15.99 14.87 17 3718.57 56923.00
04/11/2016 14.92 14.62 15.15 15.15 36 15830.46 237556.00
07/11/2016 15.43 15.06 15.48 15.45 14 5418.48 82282.00
08/11/2016 15.06 14.97 15.62 15.62 14 3931.05 59659.00
09/11/2016 14.82 14.82 15.62 15.62 23 9668.27 146438.00
10/11/2016 15.34 15.06 15.67 15.67 36 31554.68 492057.00
11/11/2016 15.09 13.93 15.48 15.34 75 26029.96 377034.00
14/11/2016 15.66 15.58 15.88 15.87 42 19974.01 313186.00
16/11/2016 15.67 15.35 16.28 16.28 72 11474.43 180916.00
17/11/2016 16.27 15.99 16.38 16.28 35 11899.41 193137.00
18/11/2016 16.38 16.38 16.79 16.73 33 11793.16 194445.00
21/11/2016 16.78 16.47 16.78 16.75 22 7330.89 121354.00
22/11/2016 16.30 16.28 16.70 16.65 11 3824.81 62693.00
23/11/2016 16.57 16.28 16.74 16.66 13 6055.95 99670.00
24/11/2016 16.30 16.30 16.93 16.92 23 18805.32 315127.00
25/11/2016 16.71 16.71 16.94 16.94 12 9243.29 155713.00
28/11/2016 16.89 16.89 16.94 16.93 5 1381.18 23383.00
29/11/2016 16.88 16.88 16.94 16.91 7 1062.45 17966.00
30/11/2016 16.88 16.52 16.94 16.75 46 27942.36 471484.00
01/12/2016 16.94 16.48 17.04 16.94 76 99657.55 1683201.00
02/12/2016 16.47 16.47 17.13 17.09 43 12324.39 208219.00
05/12/2016 16.94 16.57 17.08 17.08 29 18061.60 305281.00
06/12/2016 16.94 16.58 17.07 17.07 33 17424.13 295540.00
07/12/2016 16.85 16.76 17.04 17.04 40 22630.13 383194.00
08/12/2016 16.90 16.87 17.04 16.89 38 65765.48 1111760.00
09/12/2016 16.85 16.77 17.07 16.93 13 3399.83 57373.00
12/12/2016 16.85 16.75 16.97 16.93 40 60134.51 1017731.00
13/12/2016 16.94 16.86 17.04 16.99 20 26667.42 451583.00
14/12/2016 16.94 16.93 17.03 17.03 16 14980.51 253700.00
15/12/2016 16.94 16.89 17.04 17.00 10 2868.61 48635.00
16/12/2016 17.04 16.89 17.04 17.04 43 353051.21 5978311.00
19/12/2016 17.09 16.00 17.09 16.26 124 21355.19 352362.00
20/12/2016 16.29 16.11 16.63 16.26 47 8393.33 137028.00
21/12/2016 16.28 15.87 16.41 15.91 44 8818.31 142234.00
22/12/2016 15.91 15.53 16.00 15.68 59 19655.27 310315.00
23/12/2016 16.00 15.73 16.00 16.00 47 10730.72 171462.00
26/12/2016 17.00 16.10 17.00 16.10 20 7200.00 118072.00
27/12/2016 16.11 16.00 16.21 16.18 23 43500.00 696386.00
28/12/2016 16.10 16.00 16.48 16.00 11 32700.00 529660.00
29/12/2016 16.38 16.38 16.55 16.55 14 4500.00 74106.00
02/01/2017 16.60 16.34 16.60 16.59 17 4400.00 72514.00
03/01/2017 16.59 16.59 16.70 16.68 8 2500.00 41674.00
04/01/2017 16.68 16.33 16.69 16.69 5 800.00 13260.00
05/01/2017 16.68 16.25 16.68 16.32 21 7300.00 119418.00
06/01/2017 16.31 16.31 16.65 16.58 4 1600.00 26364.00
09/01/2017 16.60 16.60 17.00 17.00 10 4100.00 68680.00
10/01/2017 16.75 16.75 17.34 17.33 19 3400.00 58540.00
11/01/2017 17.49 17.09 17.49 17.45 14 6400.00 109839.00
12/01/2017 17.45 17.40 17.58 17.40 24 6400.00 111807.00
13/01/2017 17.60 17.40 17.98 17.65 15 6900.00 120566.00
16/01/2017 17.20 17.10 17.65 17.65 15 9000.00 157007.00
17/01/2017 17.65 17.65 18.00 18.00 15 5700.00 101747.00
18/01/2017 17.99 17.90 17.99 17.90 5 1200.00 21541.00
19/01/2017 17.90 17.85 17.90 17.89 4 600.00 10732.00
23/01/2017 17.53 17.40 17.87 17.40 8 3400.00 59583.00
24/01/2017 17.87 16.90 17.87 16.90 41 70000.00 1194125.00
26/01/2017 17.45 17.00 17.45 17.15 9 1700.00 29271.00
27/01/2017 17.56 17.10 17.64 17.63 24 8000.00 138677.00
30/01/2017 17.30 17.10 17.49 17.49 16 3800.00 65529.00
31/01/2017 17.45 17.12 17.45 17.35 21 7800.00 134687.00
01/02/2017 17.60 17.01 17.60 17.01 23 5300.00 91746.00
02/02/2017 17.35 16.90 17.35 16.90 17 3500.00 59687.00
03/02/2017 17.11 16.90 17.11 16.90 16 4900.00 83394.00
06/02/2017 17.35 16.90 17.49 16.95 21 13200.00 224058.00
07/02/2017 17.19 16.95 17.19 17.12 13 3400.00 57920.00
08/02/2017 17.00 17.00 17.00 17.00 3 1200.00 20400.00
09/02/2017 16.96 16.95 17.42 17.41 14 4200.00 71960.00
10/02/2017 17.45 17.44 17.50 17.45 6 1700.00 29731.00
13/02/2017 17.40 17.30 17.45 17.30 15 5200.00 90484.00
14/02/2017 17.40 17.18 17.50 17.20 12 6100.00 105786.00
15/02/2017 17.45 17.18 17.45 17.18 22 11900.00 205061.00
16/02/2017 17.18 17.06 17.40 17.40 35 12000.00 206119.00
17/02/2017 17.20 17.00 17.39 17.00 10 2200.00 37660.00
20/02/2017 17.39 17.37 17.40 17.40 19 7900.00 137391.00
21/02/2017 17.17 17.15 17.40 17.40 26 6400.00 110932.00
22/02/2017 17.40 17.21 17.50 17.46 14 3700.00 64218.00
23/02/2017 17.50 17.28 17.68 17.45 29 25400.00 444148.00
24/02/2017 17.20 17.20 17.49 17.40 30 26000.00 452612.00
01/03/2017 17.99 17.90 18.00 17.99 113 79600.00 1430937.00
02/03/2017 17.99 17.70 18.39 18.39 89 54100.00 972752.00
03/03/2017 18.50 18.50 19.80 19.69 87 60500.00 1164181.00
06/03/2017 19.40 19.40 20.84 19.80 119 42400.00 842615.00
07/03/2017 20.30 19.23 20.60 19.23 106 81300.00 1592319.00
08/03/2017 19.47 19.47 20.29 20.00 25 5400.00 106337.00
09/03/2017 19.00 19.00 19.50 19.49 30 12400.00 240955.00
10/03/2017 19.40 19.40 19.50 19.50 20 9500.00 185197.00
13/03/2017 19.45 19.20 19.45 19.44 14 6800.00 131465.00
14/03/2017 19.50 19.30 19.50 19.30 8 1300.00 25192.00
15/03/2017 19.30 19.00 19.30 19.23 17 2500.00 47867.00
16/03/2017 19.50 18.85 19.50 18.85 37 8800.00 168719.00
17/03/2017 18.86 18.51 19.19 18.85 39 26100.00 489482.00
20/03/2017 18.85 18.06 19.40 19.10 39 10400.00 194894.00
21/03/2017 18.71 18.71 19.07 19.07 3 300.00 5649.00
22/03/2017 19.07 19.00 19.45 19.17 30 16100.00 310584.00
23/03/2017 19.50 19.39 19.50 19.50 11 4600.00 89323.00
24/03/2017 19.48 19.06 19.50 19.49 40 9300.00 180411.00
27/03/2017 19.29 19.00 19.29 19.23 10 1200.00 22964.00
28/03/2017 19.22 19.13 19.23 19.20 4 1700.00 32668.00
29/03/2017 19.25 19.03 19.25 19.10 12 4200.00 80104.00
30/03/2017 19.18 19.05 19.25 19.09 19 6900.00 132300.00
31/03/2017 19.13 19.01 19.20 19.20 25 8900.00 170757.00
03/04/2017 19.48 19.20 19.48 19.20 25 6500.00 125338.00
04/04/2017 19.30 19.22 19.30 19.30 16 2400.00 46231.00
05/04/2017 19.25 19.20 19.49 19.49 27 7100.00 137853.00
06/04/2017 19.45 19.21 19.45 19.21 21 7100.00 136829.00
07/04/2017 19.40 19.39 19.49 19.40 11 2600.00 50590.00
10/04/2017 19.47 19.30 19.50 19.49 937 146300.00 2850441.00
11/04/2017 19.50 19.40 19.50 19.50 16 6100.00 118853.00
12/04/2017 19.49 19.30 19.49 19.35 17 3600.00 69736.00
13/04/2017 19.46 19.26 19.49 19.26 24 26800.00 516594.00
17/04/2017 19.25 19.25 19.50 19.50 5 900.00 17413.00
18/04/2017 19.50 19.36 19.50 19.50 12 3400.00 66226.00
19/04/2017 19.50 19.45 19.50 19.50 33 14700.00 286554.00
20/04/2017 19.47 19.40 19.50 19.50 45 12400.00 241601.00
24/04/2017 19.50 19.40 19.50 19.40 23 10900.00 212478.00
25/04/2017 19.50 19.40 19.50 19.45 17 10200.00 198817.00
26/04/2017 19.31 19.30 19.50 19.40 12 2000.00 38703.00
27/04/2017 19.50 19.40 19.50 19.40 28 20600.00 401573.00
28/04/2017 19.50 19.49 19.50 19.50 90 64400.00 1255793.00
02/05/2017 19.56 19.46 20.59 19.47 186 91000.00 1784090.00
03/05/2017 19.50 19.37 19.50 19.37 94 30500.00 594334.00
04/05/2017 19.48 19.37 19.50 19.47 23 4900.00 95260.00
05/05/2017 19.41 19.41 19.49 19.48 13 2700.00 52538.00
08/05/2017 19.49 19.38 19.49 19.49 13 3600.00 69863.00
09/05/2017 19.50 19.41 19.50 19.49 41 18600.00 362424.00
10/05/2017 19.49 19.49 21.10 19.92 152 60300.00 1196602.00
11/05/2017 19.99 19.74 20.00 19.99 56 17500.00 349130.00
12/05/2017 20.00 19.78 20.00 19.95 59 12100.00 241243.00
15/05/2017 19.97 19.82 20.00 19.82 57 18800.00 375084.00
16/05/2017 19.99 19.85 20.00 19.90 26 12100.00 241474.00
17/05/2017 20.00 20.00 20.50 20.50 44 19200.00 390820.00
18/05/2017 18.95 18.01 19.72 19.50 156 78000.00 1495324.00
19/05/2017 19.50 19.50 20.30 20.29 37 14600.00 291325.00
22/05/2017 20.00 19.74 20.20 20.00 59 32100.00 641346.00
23/05/2017 20.00 20.00 20.20 20.01 28 14300.00 286741.00
24/05/2017 20.01 20.00 20.29 20.29 13 6400.00 128974.00
25/05/2017 20.29 20.00 20.48 20.48 23 6300.00 127765.00
26/05/2017 20.45 20.40 20.96 20.65 26 13400.00 275205.00
29/05/2017 20.63 20.00 20.63 20.06 26 6200.00 124682.00
30/05/2017 20.45 20.00 20.64 20.64 24 8800.00 177850.00
31/05/2017 20.20 20.05 20.65 20.65 41 17000.00 348374.00
01/06/2017 20.25 20.11 20.65 20.11 37 10000.00 202702.00
02/06/2017 20.45 20.44 20.65 20.65 125 38900.00 802824.00
05/06/2017 20.64 20.31 20.64 20.55 44 8000.00 163288.00
06/06/2017 20.28 20.28 20.61 20.61 17 4000.00 81833.00
07/06/2017 20.60 20.41 20.65 20.65 38 12500.00 257637.00
08/06/2017 20.65 20.65 21.71 21.00 43 23100.00 484106.00
09/06/2017 21.00 20.99 21.20 21.05 77 37100.00 783531.00
12/06/2017 21.20 21.10 21.72 21.72 103 48700.00 1045115.00
13/06/2017 21.74 21.52 21.75 21.74 57 27400.00 594926.00
14/06/2017 21.74 21.59 21.75 21.75 37 11300.00 245597.00
16/06/2017 21.76 21.76 22.50 22.40 114 50800.00 1129199.00
