28/03/2017 3238.70 3238.60 3238.70 3238.60 2 210.00 34005425.00
06/04/2017 3163.80 3163.80 3163.90 3163.90 2 210.00 33220815.00
25/04/2017 3210.20 3210.20 3210.20 3210.20 2 110.00 17656100.00
26/04/2017 3237.00 3237.00 3237.00 3237.00 1 4.00 647400.00
27/04/2017 3237.00 3230.00 3237.00 3230.00 4 85.00 13729250.00
09/05/2017 3176.20 3176.20 3176.20 3176.20 2 80.00 12704800.00
18/05/2017 3346.40 3346.40 3446.50 3446.50 3 245.00 41793775.00
23/05/2017 3366.50 3350.00 3366.50 3350.00 3 31.00 5217250.00
24/05/2017 3287.00 3287.00 3382.00 3382.00 2 2.00 333450.00
29/05/2017 3293.00 3293.00 3355.50 3355.50 3 145.00 24314750.00
30/05/2017 3350.00 3350.00 3350.00 3350.00 4 165.00 27637500.00
