30/06/2016 3361.60 3361.60 3361.60 3361.60 2 35.00 5882800.00
05/07/2016 3436.40 3436.40 3446.10 3446.10 4 90.00 15490475.00
11/07/2016 3427.20 3427.20 3427.20 3427.20 2 40.00 6854400.00
12/07/2016 3388.30 3388.30 3388.30 3388.30 1 90.00 15247350.00
27/07/2016 3339.10 3339.10 3343.50 3343.50 5 162.00 27047550.00
28/07/2016 3374.10 3374.10 3374.20 3374.20 2 517.00 87222320.00
29/07/2016 3393.90 3393.90 3394.10 3394.10 2 46.00 7806420.00
01/08/2016 3415.00 3415.00 3421.50 3421.50 4 161.00 27542275.00
16/08/2016 3317.30 3317.30 3317.30 3317.30 1 40.00 6634600.00
19/08/2016 3393.20 3393.10 3393.20 3393.10 3 220.00 37324265.00
26/08/2016 3345.00 3339.10 3345.00 3339.20 4 221.00 36897880.00
29/08/2016 3327.00 3327.00 3327.00 3327.00 3 47.00 7818450.00
30/08/2016 3305.00 3305.00 3305.00 3305.00 2 516.00 85269000.00
