22/06/2016 172.67 172.67 172.67 172.67 1 100.00 17267.00
28/06/2016 167.81 167.29 167.81 167.29 3 1600.00 268350.00
29/06/2016 170.16 166.06 170.16 166.06 2 700.00 118292.00
30/06/2016 169.00 169.00 169.00 169.00 1 700.00 118300.00
01/07/2016 166.86 166.86 167.98 167.98 3 700.00 116975.00
05/07/2016 169.61 169.61 169.61 169.61 1 100.00 16961.00
06/07/2016 172.89 172.89 172.89 172.89 2 500.00 86445.00
08/07/2016 172.81 172.08 172.81 172.08 2 900.00 155456.00
11/07/2016 174.49 174.49 174.49 174.49 1 300.00 52347.00
13/07/2016 174.23 174.11 174.23 174.11 2 300.00 52257.00
15/07/2016 173.91 173.83 173.91 173.83 5 500.00 86947.00
18/07/2016 171.58 171.58 171.58 171.58 4 400.00 68632.00
19/07/2016 172.26 172.26 172.26 172.26 1 600.00 103356.00
20/07/2016 171.02 171.02 171.02 171.02 1 100.00 17102.00
21/07/2016 172.26 172.26 172.26 172.26 1 100.00 17226.00
25/07/2016 168.75 168.75 168.94 168.94 4 2000.00 337557.00
26/07/2016 167.40 167.40 167.40 167.40 1 100.00 16740.00
27/07/2016 166.95 166.95 166.95 166.95 1 200.00 33390.00
28/07/2016 166.83 166.83 166.83 166.83 1 1600.00 266928.00
01/08/2016 161.52 161.35 161.52 161.35 2 9100.00 1469798.00
02/08/2016 160.55 160.55 162.12 162.12 2 6600.00 1059787.00
03/08/2016 162.12 162.12 162.12 162.12 1 100.00 16212.00
09/08/2016 159.23 158.54 159.23 158.54 4 500.00 79477.00
11/08/2016 158.95 158.34 158.95 158.34 2 200.00 31729.00
12/08/2016 162.29 162.29 162.29 162.29 1 100.00 16229.00
15/08/2016 162.98 162.98 163.45 163.45 2 200.00 32643.00
17/08/2016 163.40 163.40 163.40 163.40 1 100.00 16340.00
19/08/2016 163.87 163.87 163.87 163.87 1 200.00 32774.00
22/08/2016 163.32 162.82 163.32 162.82 2 200.00 32614.00
25/08/2016 162.88 162.88 162.88 162.88 1 100.00 16288.00
26/08/2016 165.13 165.13 165.13 165.13 1 100.00 16513.00
29/08/2016 165.09 164.40 165.09 164.40 2 400.00 65898.00
30/08/2016 164.31 164.31 164.31 164.31 1 200.00 32862.00
01/09/2016 163.42 163.42 163.42 163.42 1 100.00 16342.00
06/09/2016 163.73 163.71 164.03 163.71 3 600.00 98266.00
13/09/2016 163.71 163.71 163.71 163.71 1 100.00 16371.00
14/09/2016 163.71 163.71 163.71 163.71 1 100.00 16371.00
16/09/2016 161.05 161.05 161.05 161.05 1 4900.00 789145.00
19/09/2016 160.50 160.50 160.50 160.50 1 600.00 96300.00
21/09/2016 159.55 159.55 159.55 159.55 1 100.00 15955.00
23/09/2016 160.73 160.73 160.73 160.73 1 100.00 16073.00
26/09/2016 160.41 160.41 160.41 160.41 1 2800.00 449148.00
27/09/2016 159.96 159.96 159.96 159.96 1 100.00 15996.00
28/09/2016 167.40 163.97 167.40 163.97 3 11100.00 1857454.00
30/09/2016 166.83 166.83 166.83 166.83 1 200.00 33366.00
03/10/2016 165.20 163.95 165.20 163.95 3 300.00 49359.00
04/10/2016 167.77 167.77 167.77 167.77 1 200.00 33554.00
05/10/2016 165.00 164.24 165.00 164.24 3 600.00 98884.00
07/10/2016 164.26 164.26 164.26 164.26 1 100.00 16426.00
10/10/2016 166.90 166.44 166.90 166.44 2 300.00 50024.00
13/10/2016 159.72 159.72 159.72 159.72 1 300.00 47916.00
19/10/2016 163.55 161.86 163.55 161.86 2 400.00 65251.00
21/10/2016 159.71 159.71 159.71 159.71 1 200.00 31942.00
24/10/2016 156.88 156.58 157.34 157.34 3 1700.00 266682.00
25/10/2016 156.45 156.45 156.49 156.49 2 2000.00 312904.00
26/10/2016 158.57 158.43 158.57 158.43 2 400.00 63386.00
27/10/2016 159.45 158.32 159.45 158.32 3 1400.00 223013.00
28/10/2016 165.75 165.75 165.75 165.75 1 300.00 49725.00
31/10/2016 167.11 167.11 167.11 167.11 1 100.00 16711.00
03/11/2016 169.80 169.80 169.80 169.80 1 200.00 33960.00
10/11/2016 182.18 182.18 183.20 183.20 2 200.00 36538.00
11/11/2016 180.46 180.46 180.46 180.46 1 100.00 18046.00
14/11/2016 183.19 182.66 183.19 182.66 2 6400.00 1172363.00
16/11/2016 184.40 184.40 184.50 184.50 3 300.00 55330.00
18/11/2016 184.92 184.92 184.92 184.92 1 100.00 18492.00
21/11/2016 185.05 184.40 185.05 184.40 2 700.00 129470.00
23/11/2016 188.23 188.23 188.23 188.23 1 900.00 169407.00
30/11/2016 189.80 189.80 189.80 189.80 1 200.00 37960.00
01/12/2016 198.90 198.90 198.90 198.90 1 200.00 39780.00
06/12/2016 192.62 192.62 192.86 192.86 2 900.00 173382.00
07/12/2016 193.27 192.74 193.56 193.56 3 3600.00 695324.00
08/12/2016 194.81 193.87 194.81 193.87 2 200.00 38868.00
12/12/2016 197.23 197.23 197.23 197.23 1 1800.00 355014.00
13/12/2016 195.29 195.29 195.29 195.29 1 400.00 78116.00
16/12/2016 199.19 199.19 199.68 199.68 2 1000.00 199239.00
19/12/2016 198.23 198.23 198.23 198.23 1 400.00 79292.00
20/12/2016 197.87 197.87 197.87 197.87 1 100.00 19787.00
21/12/2016 197.36 197.36 197.36 197.36 1 200.00 39472.00
22/12/2016 196.87 194.96 196.87 194.96 2 200.00 39183.00
23/12/2016 194.03 194.03 194.03 194.03 1 100.00 19403.00
29/12/2016 191.50 191.50 191.50 191.50 1 1300.00 248950.00
04/01/2017 189.58 189.58 189.58 189.58 1 100.00 18958.00
06/01/2017 188.75 188.75 188.75 188.75 1 100.00 18875.00
11/01/2017 184.87 184.87 184.87 184.87 1 100.00 18487.00
13/01/2017 186.20 186.20 186.20 186.20 1 100.00 18620.00
17/01/2017 187.41 187.41 187.41 187.41 1 100.00 18741.00
19/01/2017 184.45 184.45 184.45 184.45 1 100.00 18445.00
20/01/2017 183.82 183.82 183.82 183.82 1 100.00 18382.00
24/01/2017 184.91 184.91 184.91 184.91 1 200.00 36982.00
01/02/2017 173.40 173.40 173.40 173.40 1 100.00 17340.00
02/02/2017 174.42 174.42 174.42 174.42 1 100.00 17442.00
08/02/2017 173.49 173.49 173.49 173.49 1 100.00 17349.00
13/02/2017 176.75 176.75 176.75 176.75 1 100.00 17675.00
14/02/2017 173.88 173.14 173.88 173.14 3 1600.00 277838.00
21/02/2017 172.35 172.35 172.35 172.35 1 100.00 17235.00
24/02/2017 170.58 170.58 170.58 170.58 1 100.00 17058.00
03/03/2017 176.83 176.83 176.83 176.83 1 100.00 17683.00
17/03/2017 167.52 167.52 167.52 167.52 1 4300.00 720336.00
21/03/2017 167.10 166.47 167.10 166.47 3 5700.00 951669.00
22/03/2017 168.80 168.80 168.80 168.80 1 5500.00 928400.00
23/03/2017 169.98 169.98 169.98 169.98 1 5500.00 934890.00
24/03/2017 168.28 168.28 168.28 168.28 1 7800.00 1312584.00
27/03/2017 166.66 166.66 166.66 166.66 1 900.00 149994.00
29/03/2017 168.41 168.41 168.41 168.41 1 7300.00 1229393.00
05/04/2017 168.63 168.63 168.63 168.63 1 300.00 50589.00
10/04/2017 171.66 171.66 171.66 171.66 1 400.00 68664.00
12/04/2017 171.56 171.56 171.56 171.56 1 300.00 51468.00
13/04/2017 167.69 167.69 167.69 167.69 1 400.00 67076.00
17/04/2017 164.35 164.35 164.35 164.35 1 400.00 65740.00
18/04/2017 164.48 164.48 164.48 164.48 1 300.00 49344.00
19/04/2017 163.64 163.64 163.64 163.64 1 400.00 65456.00
20/04/2017 165.52 165.52 165.52 165.52 1 200.00 33104.00
02/05/2017 166.08 166.08 166.08 166.08 1 400.00 66432.00
03/05/2017 168.48 168.34 168.48 168.34 2 600.00 101074.00
04/05/2017 166.69 166.69 166.69 166.69 1 500.00 83345.00
08/05/2017 169.64 169.64 169.64 169.64 1 500.00 84820.00
09/05/2017 167.67 166.97 167.67 166.97 2 400.00 66998.00
16/05/2017 167.07 167.07 167.07 167.07 1 100.00 16707.00
17/05/2017 163.64 163.64 163.64 163.64 1 100.00 16364.00
18/05/2017 177.32 177.32 177.32 177.32 1 100.00 17732.00
22/05/2017 174.30 174.30 174.30 174.30 1 100.00 17430.00
23/05/2017 173.28 173.28 173.28 173.28 1 5900.00 1022352.00
24/05/2017 172.40 172.40 172.40 172.40 1 11000.00 1896400.00
25/05/2017 173.55 172.31 173.55 172.31 2 16100.00 2774315.00
31/05/2017 167.16 167.16 167.16 167.16 2 3000.00 501480.00
01/06/2017 169.34 169.34 169.34 169.34 1 100.00 16934.00
02/06/2017 167.26 167.26 167.26 167.26 1 100.00 16726.00
08/06/2017 170.12 170.12 170.12 170.12 1 100.00 17012.00
12/06/2017 178.92 178.92 178.92 178.92 1 5700.00 1019844.00
