20/06/2016 27.81 27.64 28.32 27.76 10342 5105823.71 142275305.00
21/06/2016 27.71 27.71 28.57 28.57 9085 4255413.08 120639499.00
22/06/2016 28.33 27.62 28.53 27.70 10001 4750036.00 132666026.00
23/06/2016 27.79 27.73 28.33 28.11 8370 3399362.63 95686380.00
24/06/2016 27.71 27.28 27.91 27.91 15001 5210820.09 144118729.00
27/06/2016 27.92 27.19 28.04 27.57 10113 2494833.86 68712171.00
28/06/2016 27.87 27.39 28.25 27.58 9354 3410042.26 94159554.00
29/06/2016 27.90 27.76 28.31 28.21 8787 4465765.81 125692034.00
30/06/2016 27.93 27.58 28.45 28.22 9864 5550288.37 156224558.00
01/07/2016 28.42 28.04 28.48 28.26 9755 3802908.70 107489780.00
04/07/2016 28.32 28.02 28.54 28.17 5486 3304205.92 93204301.00
05/07/2016 28.13 27.73 28.33 28.28 11310 3115212.44 87369099.00
06/07/2016 28.17 27.71 28.21 28.08 6765 2471434.67 69083735.00
07/07/2016 28.33 28.33 29.24 28.78 18566 8669820.66 250863477.00
08/07/2016 29.08 29.01 29.66 29.17 16507 4647919.52 136440486.00
11/07/2016 29.42 29.29 29.86 29.71 10461 4547003.01 134964485.00
12/07/2016 29.91 29.33 29.99 29.67 12266 3326645.14 98631982.00
13/07/2016 29.62 28.93 29.66 29.32 13026 4439006.74 129695188.00
14/07/2016 29.77 29.20 29.83 29.46 11965 3740870.84 110561963.00
15/07/2016 29.48 29.07 29.96 29.87 18070 5320136.31 157935255.00
18/07/2016 29.97 29.47 29.99 29.81 12338 5312576.58 157876033.00
19/07/2016 29.83 29.75 30.71 30.63 20419 11835191.37 356758831.00
20/07/2016 30.83 30.17 30.88 30.42 12098 4931349.74 150612687.00
21/07/2016 30.58 29.83 30.58 30.13 8170 4844232.75 145607753.00
22/07/2016 30.06 29.96 30.54 30.36 7807 3602635.61 109301754.00
25/07/2016 30.53 29.88 30.53 30.25 6544 3261127.40 98355170.00
26/07/2016 30.37 29.94 30.48 30.08 10722 3240968.10 97956813.00
27/07/2016 30.20 29.46 30.22 29.88 8452 2661268.12 79568299.00
28/07/2016 29.95 29.49 30.14 30.14 10068 4256973.02 126656947.00
29/07/2016 30.05 29.94 30.88 30.63 13561 4675758.56 143057152.00
01/08/2016 30.83 30.71 31.48 31.11 12401 4589121.55 142537950.00
02/08/2016 31.14 29.17 31.14 29.35 21057 7878207.99 233087186.00
03/08/2016 29.37 28.96 29.65 29.29 14871 5014746.86 147136842.00
04/08/2016 29.44 29.20 30.27 29.69 15105 5094304.11 151866747.00
05/08/2016 29.93 29.30 30.13 29.83 15069 5955754.37 177213454.00
08/08/2016 29.58 29.29 29.81 29.33 8359 2964377.65 87415571.00
09/08/2016 29.58 29.26 29.68 29.33 11812 4181015.64 123125044.00
10/08/2016 29.40 28.63 29.60 29.17 11668 4210534.63 122494900.00
11/08/2016 29.17 28.93 29.95 29.73 11520 4224574.14 125272548.00
12/08/2016 29.81 29.05 29.90 29.29 12027 4700357.71 138158801.00
15/08/2016 29.26 29.00 29.49 29.27 13203 2977217.21 87028196.00
16/08/2016 29.12 28.67 29.25 28.98 11092 4423407.28 128206312.00
17/08/2016 28.77 28.20 29.24 29.24 15726 6643690.62 191108019.00
18/08/2016 29.01 28.77 29.31 28.96 8546 3816228.24 110887511.00
19/08/2016 28.83 28.12 28.96 28.27 12047 5533128.96 157018054.00
22/08/2016 28.21 27.91 28.65 28.27 14960 5061545.24 142740593.00
23/08/2016 28.34 28.18 28.58 28.25 9410 2964497.65 84273048.00
24/08/2016 27.89 27.83 28.64 28.41 8076 2563711.48 72643511.00
25/08/2016 28.58 28.09 28.58 28.21 7861 3158650.94 89252412.00
26/08/2016 28.18 27.13 28.18 27.50 25807 10644592.48 293383669.00
29/08/2016 27.66 27.46 28.24 27.93 13257 3983262.47 111259202.00
30/08/2016 28.14 27.67 28.23 27.93 14310 4715957.17 132055137.00
31/08/2016 28.11 27.52 28.11 27.99 12721 4936869.55 137753123.00
01/09/2016 28.11 27.37 28.23 27.52 14408 8593863.28 237458812.00
02/09/2016 27.71 26.98 27.83 27.58 12859 8176997.68 224895110.00
05/09/2016 27.81 27.24 27.83 27.29 9238 2647828.58 72723529.00
06/09/2016 27.49 27.22 27.57 27.50 14684 5215859.91 143051959.00
08/09/2016 27.33 27.23 27.58 27.43 12358 8739898.24 239726913.00
09/09/2016 27.24 26.76 27.28 26.88 15230 6690848.99 180673383.00
12/09/2016 26.74 26.68 27.28 27.19 11816 8000843.76 217073499.00
13/09/2016 26.87 26.18 26.99 26.63 18713 6738727.34 178795975.00
14/09/2016 26.50 26.35 27.36 27.17 13027 4729036.72 128080087.00
15/09/2016 27.17 26.79 27.50 27.44 12076 5835998.50 159642098.00
16/09/2016 27.42 27.18 27.68 27.55 11193 10161729.15 279481244.00
19/09/2016 27.67 27.22 27.77 27.50 11941 4503564.51 124070495.00
20/09/2016 27.54 27.25 27.88 27.86 9083 3091453.26 85364333.00
21/09/2016 27.88 26.80 27.92 27.18 14561 6680169.36 181844905.00
22/09/2016 27.47 27.04 27.50 27.17 8161 2797943.40 76328896.00
23/09/2016 27.38 26.88 27.38 26.96 7731 3021135.69 82043117.00
26/09/2016 26.92 26.39 26.92 26.67 7186 2888660.26 77091798.00
27/09/2016 26.91 26.45 26.99 26.79 10769 2861061.22 76465635.00
28/09/2016 26.79 26.52 27.48 27.18 13521 3679072.97 99662214.00
29/09/2016 27.30 26.85 27.64 27.00 11045 3812388.37 103786906.00
30/09/2016 27.26 27.08 27.71 27.09 8730 4585041.69 125268890.00
03/10/2016 27.07 27.07 28.01 27.93 10931 3511558.76 97456877.00
04/10/2016 27.91 27.48 27.93 27.90 11681 4443686.58 123562132.00
05/10/2016 27.94 27.52 28.19 27.68 13186 4830553.22 134383286.00
06/10/2016 27.68 27.13 27.78 27.33 10717 5297457.10 145069449.00
07/10/2016 27.52 27.18 27.63 27.54 11483 4344210.01 119345731.00
10/10/2016 27.63 27.48 28.11 28.11 5935 2448035.48 68250079.00
11/10/2016 28.04 27.40 28.10 27.53 11779 6605531.93 182608433.00
13/10/2016 27.38 27.35 28.08 27.64 13036 7409624.17 205323950.00
14/10/2016 26.67 26.39 27.44 26.67 31316 30859334.54 827557054.00
17/10/2016 26.99 26.51 26.99 26.59 19570 6833404.07 182343299.00
18/10/2016 26.74 26.43 27.42 27.28 18771 6771486.20 183074481.00
19/10/2016 27.34 27.00 27.69 27.23 10419 3770149.83 102659406.00
20/10/2016 27.12 26.81 27.50 27.50 12370 6023552.03 164799143.00
21/10/2016 27.50 27.05 27.63 27.46 8351 3016935.84 82731075.00
24/10/2016 27.69 27.21 27.69 27.38 9364 4473445.55 122284382.00
25/10/2016 27.40 26.92 27.40 27.33 6502 2121166.76 57603342.00
26/10/2016 27.20 26.88 27.25 27.15 8482 3814068.31 103191926.00
27/10/2016 27.24 27.05 27.50 27.25 9775 3154331.09 86045322.00
28/10/2016 27.14 26.58 27.29 27.11 11399 4422567.30 119372924.00
31/10/2016 27.23 26.68 27.23 27.00 11788 4044580.35 109064960.00
01/11/2016 27.16 26.88 27.33 27.07 11738 4994707.55 135247059.00
03/11/2016 26.77 26.65 27.58 26.88 14651 6473776.48 175579957.00
04/11/2016 26.78 26.47 27.05 26.63 12868 3497519.24 93546961.00
07/11/2016 26.93 26.68 27.07 26.98 7832 3356884.10 90193760.00
08/11/2016 26.96 26.65 27.26 27.26 10436 2634269.05 71249517.00
09/11/2016 26.50 26.18 27.05 26.40 17246 4986667.83 132497703.00
10/11/2016 26.46 25.14 26.58 25.37 23328 10092251.55 260071570.00
11/11/2016 25.00 24.53 25.34 24.86 35035 12232257.66 303911842.00
14/11/2016 24.69 24.39 25.15 24.84 19924 7080835.52 175176655.00
16/11/2016 25.00 24.58 25.42 25.13 14191 4952709.00 123927403.00
17/11/2016 25.49 24.45 25.49 24.72 15166 4492644.88 111514701.00
18/11/2016 24.50 24.14 24.72 24.27 15736 5566247.82 135812760.00
21/11/2016 24.35 23.91 24.47 24.00 16853 7144193.34 172201874.00
22/11/2016 24.40 24.07 25.07 25.00 21270 5647965.00 140687391.00
23/11/2016 25.00 24.76 25.33 25.30 15919 6733567.51 168542139.00
24/11/2016 25.31 24.88 25.63 24.99 9082 3349684.35 84280896.00
25/11/2016 24.59 24.51 25.33 24.92 9744 3852346.99 96326941.00
28/11/2016 24.93 24.62 25.59 25.08 16134 6529814.55 164311728.00
29/11/2016 24.71 24.64 25.38 24.78 11542 6503655.45 162210948.00
30/11/2016 25.01 24.67 25.23 24.77 11188 6496815.69 161457118.00
01/12/2016 24.76 23.93 24.97 24.08 30673 11609239.17 279872217.00
02/12/2016 23.94 23.67 24.25 23.83 23140 9550710.25 227543259.00
05/12/2016 23.71 23.38 24.03 23.72 11931 5622285.88 133716649.00
06/12/2016 23.58 23.30 24.06 23.62 16450 4988947.75 117892662.00
07/12/2016 23.73 23.70 24.66 24.37 15000 7089955.21 170926309.00
08/12/2016 24.67 23.57 24.73 23.73 16961 3978462.64 95146997.00
09/12/2016 24.04 23.28 24.08 23.31 15241 5643045.17 132774164.00
12/12/2016 23.31 22.38 23.31 22.46 21275 9915617.65 224517334.00
13/12/2016 22.33 22.12 23.08 22.23 21022 7429903.47 167912136.00
14/12/2016 22.23 21.56 22.29 21.69 25948 10565995.19 231275485.00
15/12/2016 21.51 20.41 21.98 20.41 17700 8216836.30 174505527.00
16/12/2016 20.68 20.65 22.10 22.08 34594 21094671.68 453099369.00
19/12/2016 22.08 21.47 22.31 21.58 15281 6888842.15 149897710.00
20/12/2016 21.87 21.68 22.71 22.66 21460 15262513.04 341792604.00
21/12/2016 22.68 22.47 23.61 23.42 25229 11644157.97 270062197.00
22/12/2016 23.07 23.07 23.73 23.50 30164 10300564.36 241355439.00
23/12/2016 23.52 23.13 23.82 23.29 10866 14903965.42 348338959.00
26/12/2016 23.33 23.30 23.48 23.33 2991 2566471.39 60046525.00
27/12/2016 23.33 22.69 23.44 22.83 12377 5712882.75 131338230.00
28/12/2016 22.81 21.88 23.08 22.97 16273 8318232.80 187447729.00
29/12/2016 22.97 22.86 23.51 23.24 10654 6289702.84 145485196.00
02/01/2017 23.21 22.64 23.28 22.71 4199 2231082.97 51308061.00
03/01/2017 22.95 22.90 23.66 23.34 11948 4989667.72 116181484.00
04/01/2017 23.19 22.93 23.35 23.01 8781 3612475.27 83261545.00
05/01/2017 23.04 22.76 23.20 22.76 12066 3741590.82 85797532.00
06/01/2017 22.76 22.68 22.98 22.81 10285 3566876.85 81272172.00
09/01/2017 22.80 22.71 23.42 22.92 13369 6349940.76 147567961.00
10/01/2017 22.94 21.83 23.13 22.15 22074 19725158.96 439763655.00
11/01/2017 22.23 21.67 22.33 21.82 24849 12110461.87 265431696.00
12/01/2017 22.25 21.48 22.61 21.48 31468 10139409.92 223340777.00
13/01/2017 21.66 21.33 21.92 21.65 16027 6229944.90 134741895.00
16/01/2017 21.65 21.51 21.84 21.59 5572 2002610.86 43390881.00
17/01/2017 21.32 21.21 21.45 21.22 9088 5053625.52 107486906.00
18/01/2017 21.25 20.81 21.32 20.96 11445 7423663.69 155609560.00
19/01/2017 20.97 20.87 21.21 21.01 13766 7056596.36 148244965.00
20/01/2017 21.08 20.36 21.24 20.45 15137 19020903.28 393723634.00
23/01/2017 20.58 20.46 20.86 20.71 21509 12519407.75 258447647.00
24/01/2017 20.89 20.76 22.01 21.59 27174 11284770.38 239685968.00
26/01/2017 21.79 21.79 22.47 22.47 35772 20181263.21 447545438.00
27/01/2017 22.53 22.30 23.03 23.03 20942 15183315.77 344161090.00
30/01/2017 22.92 22.16 22.97 22.27 27114 8678820.35 194270852.00
31/01/2017 22.63 21.87 22.76 22.08 23641 15120917.93 335148316.00
01/02/2017 22.34 21.88 22.43 21.96 13549 9253960.49 204403491.00
02/02/2017 21.96 21.58 22.48 22.21 10211 3761870.12 83421077.00
03/02/2017 22.20 22.12 22.74 22.48 12109 8710379.26 195231134.00
06/02/2017 22.53 22.17 22.58 22.43 10445 5816439.18 130319061.00
07/02/2017 22.54 22.22 22.93 22.93 14028 11707515.78 264209175.00
08/02/2017 22.88 22.54 23.28 23.28 19526 7915646.70 182118909.00
09/02/2017 23.25 23.03 23.52 23.33 16858 8091800.62 188580064.00
10/02/2017 23.33 22.84 23.45 23.02 18665 7596097.73 176070334.00
13/02/2017 23.21 22.76 23.41 23.33 19619 8668620.70 200368008.00
14/02/2017 23.33 22.98 23.33 23.12 18015 8293153.67 191787951.00
15/02/2017 23.17 23.17 24.12 23.97 35969 11553561.10 274745056.00
16/02/2017 23.95 23.89 24.33 24.23 15892 8402349.90 203297232.00
17/02/2017 23.98 23.84 24.23 24.00 14927 6122068.63 147412000.00
20/02/2017 24.00 23.57 24.15 23.67 6900 3750470.51 88856245.00
21/02/2017 23.67 23.63 24.17 24.02 16792 9170803.36 218535793.00
22/02/2017 23.96 23.29 24.15 23.69 20471 8959610.66 211329936.00
23/02/2017 23.75 23.11 23.94 23.19 14355 6736687.41 158186375.00
24/02/2017 23.07 22.43 23.07 22.73 16998 7701454.10 174233310.00
01/03/2017 23.33 22.97 23.88 23.03 15211 7394504.69 171862074.00
02/03/2017 22.83 22.48 23.03 22.79 16073 7237550.11 164348470.00
03/03/2017 22.93 22.93 23.86 23.63 15496 8843814.65 208007211.00
06/03/2017 23.53 22.93 23.62 23.07 17293 12369532.92 285265953.00
07/03/2017 23.07 22.33 23.07 22.59 24753 13114707.20 296279672.00
08/03/2017 22.72 22.17 22.73 22.58 16367 6635290.91 149276392.00
09/03/2017 22.42 22.40 22.94 22.63 15924 6220945.21 141053020.00
10/03/2017 22.75 22.40 22.88 22.50 17490 8535065.31 192202208.00
13/03/2017 22.65 22.29 22.68 22.34 13072 5356495.06 120257243.00
14/03/2017 22.35 22.00 22.42 22.08 23519 7723893.32 171236136.00
15/03/2017 22.21 21.76 22.83 22.69 16764 6113908.91 138112989.00
16/03/2017 22.57 22.24 22.72 22.54 12164 4988107.78 112189202.00
17/03/2017 22.55 22.39 22.92 22.73 14468 6866762.91 155587182.00
20/03/2017 22.67 22.42 22.90 22.53 16912 8454428.10 190609712.00
21/03/2017 22.50 21.96 22.58 22.25 21101 11481563.58 255313436.00
22/03/2017 22.25 22.02 22.49 22.16 12550 5084344.46 112722315.00
23/03/2017 21.98 21.93 22.86 22.64 10945 4870151.85 109834671.00
24/03/2017 22.44 22.41 23.13 23.08 13803 5175181.32 117994486.00
27/03/2017 22.92 22.73 23.38 23.35 16748 6699848.68 155326582.00
28/03/2017 23.41 23.21 23.54 23.45 8719 3267127.20 76384125.00
29/03/2017 23.45 23.18 23.63 23.43 14463 7307627.69 170166020.00
30/03/2017 23.44 23.31 23.63 23.38 14357 7763971.94 181344811.00
31/03/2017 23.40 23.17 23.88 23.59 12841 8717579.01 204755093.00
03/04/2017 23.73 23.46 24.30 24.25 14980 8202676.79 197452858.00
04/04/2017 24.33 24.08 25.07 25.07 19023 9031488.17 223555603.00
05/04/2017 25.11 24.05 25.17 24.34 21731 11872150.10 293608211.00
06/04/2017 24.13 23.50 24.17 23.74 21258 8910652.35 212536474.00
07/04/2017 23.75 23.66 24.64 24.16 16266 5523889.28 133718234.00
10/04/2017 24.15 23.61 24.37 24.10 8124 5061065.26 121625908.00
11/04/2017 23.95 23.46 24.10 23.92 10793 5646285.05 134742353.00
12/04/2017 23.80 23.68 24.53 24.30 14387 9378276.20 227371126.00
13/04/2017 24.47 23.80 24.50 24.33 17183 7893800.00 190801293.00
17/04/2017 24.45 24.12 24.69 24.51 14779 7521200.00 183896452.00
18/04/2017 24.30 24.25 24.78 24.75 10979 3852000.00 94796937.00
19/04/2017 24.90 24.45 24.90 24.70 12258 3939800.00 97116323.00
20/04/2017 24.79 24.60 24.89 24.74 9872 9357600.00 231949542.00
24/04/2017 24.83 24.70 25.18 24.93 17344 4935800.00 123024221.00
25/04/2017 24.68 24.50 24.98 24.78 11648 4691600.00 115952193.00
26/04/2017 24.68 23.96 24.68 24.36 13090 5499900.00 133502551.00
27/04/2017 24.50 24.10 24.50 24.25 10808 3272600.00 79517035.00
28/04/2017 24.15 23.89 24.38 24.10 15523 6172700.00 148985349.00
02/05/2017 24.24 24.06 24.49 24.30 23011 6694600.00 163019165.00
03/05/2017 23.80 22.83 23.82 22.95 29526 21148700.00 488416309.00
04/05/2017 23.16 23.03 23.40 23.17 22053 12279300.00 285179695.00
05/05/2017 23.42 23.25 23.42 23.34 13987 9055700.00 211056761.00
08/05/2017 23.37 23.32 23.74 23.45 13861 4448200.00 104627772.00
09/05/2017 23.48 23.21 24.00 23.95 19505 7881000.00 187527485.00
10/05/2017 24.03 24.01 24.55 24.33 21137 5421600.00 132288531.00
11/05/2017 24.33 24.10 24.50 24.14 9409 2731800.00 66277916.00
12/05/2017 24.20 23.76 24.33 24.08 12454 4826500.00 115979172.00
15/05/2017 24.14 23.61 24.27 23.70 10846 7559300.00 179790960.00
16/05/2017 23.70 23.25 23.70 23.51 18383 9936900.00 232342992.00
17/05/2017 23.40 22.74 23.40 23.00 22879 7400300.00 170293390.00
18/05/2017 20.36 20.36 22.49 21.90 52030 20591400.00 445233605.00
19/05/2017 22.00 21.71 22.76 22.69 22705 13353200.00 300392355.00
22/05/2017 22.05 21.72 22.60 22.50 28193 8168900.00 181306255.00
23/05/2017 22.65 22.45 22.95 22.94 15932 11781800.00 267414884.00
24/05/2017 22.98 22.82 23.54 23.38 20805 5499800.00 127924204.00
25/05/2017 23.32 23.08 23.63 23.50 22960 5948900.00 138798753.00
26/05/2017 23.57 23.30 23.98 23.78 13174 6522000.00 153793427.00
29/05/2017 23.59 23.01 23.59 23.20 13845 3215600.00 74586053.00
30/05/2017 23.16 23.05 23.64 23.61 9787 3092200.00 72621414.00
31/05/2017 23.47 22.66 23.47 22.81 21388 12495800.00 285583717.00
01/06/2017 22.89 22.44 23.35 22.53 14848 3638400.00 82867515.00
02/06/2017 22.54 22.44 23.30 23.00 22873 6640900.00 152752950.00
05/06/2017 22.72 22.51 22.95 22.78 14091 2705800.00 61478541.00
06/06/2017 22.73 22.27 22.85 22.44 11422 3989000.00 89760241.00
07/06/2017 22.69 22.00 22.71 22.36 16022 3967100.00 88213489.00
08/06/2017 22.30 22.12 23.05 22.88 16957 6786200.00 153923553.00
09/06/2017 22.87 22.52 22.99 22.80 13710 4922300.00 111754148.00
12/06/2017 22.66 22.61 23.10 23.03 15338 6203600.00 141904078.00
13/06/2017 23.03 22.77 23.25 23.25 11555 6250500.00 144100291.00
14/06/2017 23.26 23.14 23.66 23.46 11895 4949300.00 115827521.00
16/06/2017 23.26 23.26 23.81 23.81 12405 9122100.00 216225933.00
