21/06/2016 327.42 327.42 327.42 327.42 1 900.00 294678.00
24/06/2016 331.15 331.15 331.15 331.15 2 3500.00 1159025.00
27/06/2016 320.35 320.35 320.35 320.35 1 500.00 160175.00
07/07/2016 344.90 344.90 344.90 344.90 1 300.00 103470.00
08/07/2016 346.51 346.51 346.51 346.51 1 400.00 138604.00
13/07/2016 335.50 335.50 335.50 335.50 1 200.00 67100.00
21/07/2016 348.10 348.10 348.10 348.10 2 2900.00 1009490.00
25/07/2016 354.64 354.64 356.33 356.33 2 4100.00 1455545.00
28/07/2016 364.22 364.22 366.44 366.44 2 1500.00 547218.00
01/08/2016 374.53 374.53 374.53 374.53 1 100.00 37453.00
05/08/2016 372.58 372.58 372.58 372.58 1 1200.00 447096.00
08/08/2016 359.31 359.31 359.31 359.31 1 100.00 35931.00
23/08/2016 369.35 369.35 369.35 369.35 2 1100.00 406285.00
24/08/2016 367.13 367.13 367.13 367.13 1 2000.00 734260.00
31/08/2016 346.53 346.53 346.53 346.53 2 1400.00 485142.00
06/09/2016 344.76 344.76 344.76 344.76 1 300.00 103428.00
08/09/2016 343.28 343.28 343.28 343.28 1 400.00 137312.00
21/09/2016 350.05 350.05 350.05 350.05 1 1300.00 455065.00
22/09/2016 354.48 354.48 354.48 354.48 1 100.00 35448.00
26/09/2016 342.43 342.43 342.43 342.43 1 300.00 102729.00
29/09/2016 332.82 332.82 332.82 332.82 1 300.00 99846.00
06/10/2016 337.98 337.98 337.98 337.98 1 500.00 168990.00
20/10/2016 317.22 317.22 317.22 317.22 1 100.00 31722.00
03/11/2016 331.53 331.53 331.53 331.53 1 700.00 232071.00
09/11/2016 376.58 376.58 376.58 376.58 1 1000.00 376580.00
10/11/2016 401.81 401.81 401.81 401.81 1 600.00 241086.00
16/11/2016 409.72 409.72 411.69 411.69 2 300.00 123310.00
17/11/2016 410.32 410.32 410.32 410.32 1 700.00 287224.00
28/11/2016 410.85 410.85 410.85 410.85 1 700.00 287595.00
01/12/2016 412.11 412.11 412.11 412.11 1 400.00 164844.00
02/12/2016 411.21 411.21 411.21 411.21 1 1000.00 411210.00
19/12/2016 396.99 396.10 396.99 396.10 2 2700.00 1069915.00
28/12/2016 384.31 384.31 384.31 384.31 1 400.00 153724.00
04/01/2017 378.13 378.13 378.13 378.13 1 900.00 340317.00
11/01/2017 367.28 367.28 367.28 367.28 1 100.00 36728.00
26/01/2017 357.70 357.70 357.70 357.70 1 1800.00 643860.00
31/01/2017 359.74 359.74 359.74 359.74 1 600.00 215844.00
03/02/2017 360.25 360.25 360.25 360.25 1 700.00 252175.00
06/02/2017 364.48 364.48 364.48 364.48 1 700.00 255136.00
07/02/2017 363.75 363.75 363.75 363.75 1 200.00 72750.00
13/02/2017 362.98 362.98 362.98 362.98 1 500.00 181490.00
14/02/2017 359.19 359.19 359.19 359.19 1 200.00 71838.00
21/02/2017 369.86 369.86 369.86 369.86 1 1000.00 369860.00
07/03/2017 381.33 381.33 381.33 381.33 2 200.00 76266.00
22/03/2017 381.08 381.08 381.08 381.08 1 100.00 38108.00
23/03/2017 386.55 386.55 386.55 386.55 1 100.00 38655.00
24/03/2017 387.57 387.57 387.57 387.57 1 400.00 155028.00
29/03/2017 386.68 386.68 386.68 386.68 1 200.00 77336.00
03/04/2017 388.60 388.60 388.60 388.60 1 600.00 233160.00
04/04/2017 387.29 387.29 387.29 387.29 1 1100.00 426019.00
06/04/2017 387.07 387.07 387.07 387.07 1 100.00 38707.00
07/04/2017 389.27 389.27 389.27 389.27 1 200.00 77854.00
11/04/2017 390.16 390.16 390.16 390.16 1 200.00 78032.00
16/05/2017 368.98 368.98 368.98 368.98 1 100.00 36898.00
18/05/2017 391.56 391.53 391.56 391.53 2 300.00 117462.00
22/05/2017 380.27 380.27 380.27 380.27 1 100.00 38027.00
29/05/2017 381.99 381.99 381.99 381.99 1 100.00 38199.00
06/06/2017 384.32 384.32 384.32 384.32 2 700.00 269024.00
08/06/2017 381.28 381.28 381.28 381.28 1 100.00 38128.00
