29/11/2016 5120.00 5120.00 5120.00 5120.00 2 865.00 110720000.00
30/11/2016 5147.00 5147.00 5147.00 5147.00 2 10.00 1286750.00
02/12/2016 5210.00 5210.00 5210.00 5210.00 2 3.00 390750.00
26/12/2016 4916.70 4916.70 4916.70 4916.70 1 9.00 1106257.00
03/01/2017 4915.60 4915.60 4915.60 4915.60 3 90.00 11060100.00
12/01/2017 4838.50 4838.50 4838.50 4838.50 1 90.00 10886625.00
27/01/2017 4883.00 4883.00 4883.00 4883.00 1 2.00 244150.00
30/01/2017 4830.50 4830.50 4830.50 4830.50 2 72.00 8694900.00
01/02/2017 4862.00 4862.00 4862.00 4862.00 2 4.00 486200.00
06/02/2017 4880.00 4880.00 4880.00 4880.00 1 1.00 122000.00
07/02/2017 4871.00 4871.00 4871.00 4871.00 1 16.00 1948400.00
08/02/2017 4836.50 4836.50 4862.00 4862.00 4 12.00 1452862.00
10/02/2017 4862.00 4862.00 4862.00 4862.00 2 90.00 10939500.00
13/02/2017 4859.00 4859.00 4859.00 4859.00 1 5.00 607375.00
23/02/2017 4785.10 4785.10 4795.50 4795.50 4 837.00 100144337.00
