23/02/2017 4858.10 4858.10 4858.10 4858.10 2 775.00 94125687.00
04/04/2017 4781.60 4781.60 4781.60 4781.60 1 1.00 119540.00
17/04/2017 4848.00 4848.00 4848.00 4848.00 2 35.00 4242000.00
18/04/2017 4827.50 4827.50 4827.50 4827.50 2 70.00 8448125.00
26/04/2017 4806.00 4806.00 4806.00 4806.00 2 67.00 8050050.00
27/04/2017 4812.10 4812.10 4812.10 4812.10 2 360.00 43308900.00
28/04/2017 4843.40 4843.40 4843.40 4843.40 2 130.00 15741050.00
02/05/2017 4797.70 4797.70 4797.70 4797.70 2 230.00 27586775.00
04/05/2017 4736.60 4736.50 4736.60 4736.50 3 175.00 20722320.00
08/05/2017 4747.70 4747.70 4747.70 4747.70 2 175.00 20771187.00
09/05/2017 4710.00 4710.00 4710.00 4710.00 1 3.00 353250.00
17/05/2017 4685.00 4685.00 4685.00 4685.00 2 95.00 11126875.00
18/05/2017 5060.00 5060.00 5060.00 5060.00 2 110.00 13915000.00
25/05/2017 4900.00 4900.00 4900.00 4900.00 2 460.00 56350000.00
29/05/2017 4851.00 4851.00 4851.00 4851.00 2 67.00 8125425.00
