24/06/2016 4964.90 4964.90 4964.90 4964.90 2 80.00 9929800.00
28/06/2016 4978.50 4972.70 4978.50 4972.70 4 170.00 21147025.00
29/06/2016 4908.00 4908.00 4908.00 4908.00 2 25.00 3067500.00
01/07/2016 4853.20 4853.20 4924.90 4918.10 8 100.00 12221350.00
04/07/2016 4958.60 4958.60 4972.70 4972.70 4 47.00 5828822.00
06/07/2016 5021.80 5021.80 5021.80 5021.80 2 20.00 2510900.00
08/07/2016 5009.30 5009.30 5016.80 5016.80 4 40.00 5013050.00
13/07/2016 5026.40 5026.40 5026.40 5026.40 2 20.00 2513200.00
15/07/2016 5056.00 5056.00 5063.70 5063.70 4 40.00 5059850.00
18/07/2016 4987.00 4987.00 5025.90 5025.90 3 27.00 3385675.00
21/07/2016 5030.50 5030.50 5060.50 5060.50 2 40.00 5045500.00
26/07/2016 4964.70 4960.00 4964.70 4960.00 4 110.00 13642350.00
27/07/2016 4957.10 4957.10 4957.10 4957.10 2 40.00 4957100.00
