20/09/2016 4856.90 4856.90 4856.90 4856.90 1 15.00 1821337.00
28/09/2016 4928.50 4928.50 4928.50 4928.50 2 50.00 6160625.00
29/09/2016 4912.70 4912.70 4912.70 4912.70 2 90.00 11053575.00
03/10/2016 4947.80 4911.00 4947.80 4911.00 2 20.00 2469300.00
05/10/2016 4889.00 4889.00 4889.00 4889.00 1 15.00 1833375.00
07/10/2016 4817.20 4817.20 4841.00 4841.00 3 53.00 6399450.00
13/10/2016 4803.20 4803.20 4803.20 4803.20 2 25.00 3002000.00
17/10/2016 4774.10 4774.10 4774.10 4774.10 2 25.00 2983812.00
20/10/2016 4760.00 4760.00 4760.00 4760.00 1 15.00 1785000.00
21/10/2016 4727.60 4727.60 4727.60 4727.60 2 40.00 4727600.00
24/10/2016 4752.00 4752.00 4763.30 4763.30 4 40.00 4760475.00
26/10/2016 4779.90 4779.90 4813.50 4813.50 6 182.00 21818925.00
