29/08/2016 4933.00 4933.00 4933.00 4933.00 3 790.00 97426750.00
08/09/2016 4903.00 4903.00 4903.00 4903.00 2 75.00 9193125.00
26/09/2016 4965.50 4965.50 4965.50 4965.50 1 4.00 496550.00
03/10/2016 4894.60 4894.60 4894.60 4894.60 1 25.00 3059125.00
06/10/2016 4908.30 4908.30 4908.30 4908.30 1 32.00 3926640.00
26/10/2016 4808.60 4806.20 4838.00 4806.20 6 197.00 23735125.00
28/10/2016 4908.20 4908.20 4908.20 4908.20 2 30.00 3681150.00
01/11/2016 4922.00 4922.00 4977.90 4977.90 3 62.00 7671025.00
03/11/2016 4977.90 4977.90 4977.90 4977.90 1 30.00 3733425.00
07/11/2016 4955.00 4955.00 4955.00 4955.00 2 5.00 619375.00
09/11/2016 4976.40 4976.40 4976.40 4976.40 2 35.00 4354350.00
10/11/2016 5135.00 5135.00 5135.00 5135.00 2 5.00 641875.00
14/11/2016 5149.00 5149.00 5149.00 5149.00 1 5.00 643625.00
16/11/2016 5110.00 5110.00 5110.00 5110.00 1 5.00 638750.00
17/11/2016 5088.00 5072.50 5088.10 5072.50 5 330.00 41933650.00
18/11/2016 4998.50 4998.50 4998.50 4998.50 3 110.00 13745875.00
21/11/2016 4980.00 4980.00 4980.00 4980.00 2 15.00 1867500.00
23/11/2016 5000.00 5000.00 5000.00 5000.00 1 20.00 2500000.00
28/11/2016 5036.00 5017.60 5036.00 5017.60 3 77.00 9661180.00
29/11/2016 5030.00 5030.00 5037.70 5036.00 5 886.00 111418500.00
