20/06/2016 5.49 5.27 5.53 5.30 11840 6408537.97 34482825.00
21/06/2016 5.29 5.20 5.53 5.49 13884 8515203.52 46211352.00
22/06/2016 5.49 5.44 5.95 5.91 26001 15009299.48 86626520.00
23/06/2016 6.05 5.93 6.18 6.13 18191 9137443.40 55453900.00
24/06/2016 5.79 5.67 6.08 6.04 13458 8379568.02 49853293.00
27/06/2016 6.14 5.85 6.17 6.09 10019 5744105.11 34596611.00
28/06/2016 6.24 6.16 6.39 6.33 16844 8937239.84 56203741.00
29/06/2016 6.39 6.38 6.65 6.55 20277 14422220.41 94492625.00
30/06/2016 6.56 6.53 6.83 6.83 17063 14098314.72 94779582.00
01/07/2016 6.88 6.66 6.94 6.83 15520 12282844.66 83771980.00
04/07/2016 7.04 6.96 7.31 7.16 10699 8862975.95 63708072.00
05/07/2016 7.18 7.02 7.34 7.32 22673 10737899.75 77021572.00
06/07/2016 7.23 6.65 7.29 7.09 20594 12368509.18 86250697.00
07/07/2016 7.13 6.86 7.22 6.87 19627 8381379.33 58919686.00
08/07/2016 7.03 6.94 7.32 7.31 19371 11192113.56 80411461.00
11/07/2016 7.38 7.37 8.10 8.02 28781 15010364.95 117328546.00
12/07/2016 8.23 8.01 8.67 8.02 26930 17392350.33 143343624.00
13/07/2016 7.69 7.62 7.95 7.62 31388 13841427.68 106944224.00
14/07/2016 7.81 7.76 8.29 8.12 16038 13076093.94 104985398.00
15/07/2016 8.12 7.78 8.21 7.95 22876 11344477.09 89986411.00
18/07/2016 8.05 7.87 8.41 8.38 16731 10554637.33 86637891.00
19/07/2016 8.38 8.15 8.47 8.26 12847 7027901.05 58248386.00
20/07/2016 8.25 8.10 8.59 8.34 11422 12850851.63 107583388.00
21/07/2016 8.44 8.37 8.58 8.52 11832 6412586.79 54232609.00
22/07/2016 8.47 8.37 8.67 8.48 14797 7941123.31 67427328.00
25/07/2016 8.48 8.03 8.48 8.21 19807 9233336.52 75829956.00
26/07/2016 8.21 8.16 8.48 8.46 13932 9986523.80 83880058.00
27/07/2016 8.48 8.48 8.69 8.54 11826 7127629.91 61178722.00
28/07/2016 8.49 8.31 8.53 8.51 11099 4642293.04 39059413.00
29/07/2016 8.51 8.29 8.58 8.53 13960 6108179.37 51675481.00
01/08/2016 8.56 8.42 8.91 8.48 16017 7947409.64 68490994.00
02/08/2016 8.51 8.18 8.52 8.28 11250 5756784.33 48135689.00
03/08/2016 8.25 8.10 8.70 8.69 10582 6284729.28 53265438.00
04/08/2016 8.78 8.67 9.16 9.08 20484 10905393.10 97861254.00
05/08/2016 9.15 8.64 9.23 8.77 21035 9439826.40 83819812.00
08/08/2016 8.86 8.72 9.01 8.95 7309 4620450.71 41127071.00
09/08/2016 8.97 8.73 9.08 8.78 11934 10125568.84 89351772.00
10/08/2016 8.87 8.73 8.98 8.75 14463 8064932.00 71423295.00
11/08/2016 8.73 8.69 9.07 9.07 12721 6029227.36 53326536.00
12/08/2016 9.05 8.91 9.23 9.01 14048 8760370.29 79691181.00
15/08/2016 8.92 8.74 9.23 9.20 13023 6792962.88 61466494.00
16/08/2016 9.29 8.92 9.36 8.95 12362 10236165.58 92284524.00
17/08/2016 8.95 8.47 8.99 8.80 15697 8708801.10 75390808.00
18/08/2016 8.77 8.61 8.82 8.67 8875 6098057.32 53092205.00
19/08/2016 8.68 8.55 8.91 8.82 14121 6122350.25 53823962.00
22/08/2016 8.75 8.34 8.76 8.44 10874 9240368.69 78800670.00
23/08/2016 8.61 8.45 8.71 8.45 11845 7949114.40 68266493.00
24/08/2016 8.44 8.22 8.51 8.28 13032 8239883.68 68681721.00
25/08/2016 8.26 8.14 8.40 8.32 8498 5623066.68 46586484.00
26/08/2016 8.38 8.24 8.60 8.28 14744 7269445.20 61018801.00
29/08/2016 8.27 8.26 8.49 8.44 10380 4543949.30 38345097.00
30/08/2016 8.51 8.36 8.52 8.38 9715 4479061.62 37726903.00
31/08/2016 8.38 8.21 8.49 8.21 14476 7700325.00 63929453.00
01/09/2016 8.40 8.22 8.64 8.56 20341 8489525.47 72126938.00
02/09/2016 8.65 8.65 9.00 9.00 15940 7343815.65 65172071.00
05/09/2016 9.10 8.94 9.10 9.05 5529 2884358.84 26066218.00
06/09/2016 9.10 8.86 9.18 9.13 11230 5311094.35 48065465.00
08/09/2016 9.00 8.99 9.15 8.99 18033 10673971.01 96795495.00
09/09/2016 8.92 8.27 8.92 8.33 18276 12759646.61 108083494.00
12/09/2016 8.35 7.80 8.35 8.35 21247 12135808.52 99221118.00
13/09/2016 8.30 7.87 8.33 7.87 12115 6723280.54 53898222.00
14/09/2016 7.96 7.66 8.00 7.91 15048 9686484.84 75930467.00
15/09/2016 8.01 7.89 8.12 8.02 8201 4669462.76 37391620.00
16/09/2016 8.01 7.79 8.02 7.86 7665 5270712.69 41454734.00
19/09/2016 7.96 7.86 8.06 7.97 5327 3084775.49 24609266.00
20/09/2016 8.04 7.99 8.21 8.10 10157 5971691.49 48387480.00
21/09/2016 8.17 8.02 8.34 8.26 15825 6252125.62 51148957.00
22/09/2016 8.41 8.28 8.57 8.53 12039 6101360.31 51646522.00
23/09/2016 8.44 8.26 8.51 8.37 6578 2930707.19 24614087.00
26/09/2016 8.21 8.13 8.41 8.34 4963 2903857.11 24111577.00
27/09/2016 8.36 8.15 8.39 8.34 5373 2563436.50 21241158.00
28/09/2016 8.37 8.21 8.46 8.44 8383 4793697.64 40047689.00
29/09/2016 8.47 8.24 8.63 8.24 7837 4492912.85 37891549.00
30/09/2016 8.32 8.01 8.39 8.05 15712 7182502.09 58507266.00
03/10/2016 7.99 7.98 8.26 8.26 8477 4049886.58 33159842.00
04/10/2016 8.27 8.02 8.30 8.12 10256 4739145.10 38442883.00
05/10/2016 8.18 8.17 8.38 8.38 8737 4210028.11 34848123.00
06/10/2016 8.31 8.12 8.37 8.25 10618 5080524.65 41808505.00
07/10/2016 8.31 8.18 8.42 8.33 7416 5790560.01 48213514.00
10/10/2016 8.34 8.28 8.51 8.32 8787 4261171.12 35645189.00
11/10/2016 8.24 8.08 8.29 8.12 10503 6924123.37 56538721.00
13/10/2016 8.08 8.03 8.44 8.38 14962 10578077.87 87839032.00
14/10/2016 8.40 8.38 8.68 8.44 16073 7500441.09 64153578.00
17/10/2016 8.49 8.28 8.57 8.44 10799 6471933.98 54336303.00
18/10/2016 8.44 8.36 8.53 8.40 11963 6734574.62 56655383.00
19/10/2016 8.41 8.37 8.61 8.39 8571 8258636.12 69901282.00
20/10/2016 8.41 8.12 8.41 8.31 13074 7049423.73 58183743.00
21/10/2016 8.24 8.15 8.30 8.17 9980 6568679.50 53826845.00
24/10/2016 8.27 8.18 8.42 8.30 13297 12142521.03 100754488.00
25/10/2016 8.32 8.18 8.56 8.50 16080 9588886.95 80671300.00
26/10/2016 8.46 8.37 8.72 8.66 21297 11424920.77 98447874.00
27/10/2016 8.69 8.69 8.91 8.90 12930 10079753.24 89158514.00
28/10/2016 8.90 8.82 9.13 9.09 15983 10661078.71 96408496.00
31/10/2016 9.10 8.90 9.24 9.15 12772 8884605.17 81321150.00
01/11/2016 9.16 8.59 9.20 8.63 12127 6377852.17 56022462.00
03/11/2016 8.59 8.46 8.89 8.54 12154 7177707.43 62286743.00
04/11/2016 8.54 8.47 8.79 8.48 11319 5403151.77 46569180.00
07/11/2016 8.73 8.65 8.92 8.91 10271 6750769.90 59296733.00
08/11/2016 8.87 8.66 8.96 8.80 13422 5085425.85 44821991.00
09/11/2016 8.39 8.36 8.73 8.49 20965 9902350.94 84241287.00
10/11/2016 8.59 7.74 8.63 7.74 22342 12212523.02 99141985.00
11/11/2016 7.62 6.92 7.66 7.43 39351 16760308.05 121630047.00
14/11/2016 7.51 7.47 7.95 7.68 26657 12391203.90 95250710.00
16/11/2016 7.91 7.66 8.02 7.67 17429 9191356.64 71936993.00
17/11/2016 7.79 7.52 7.89 7.52 13342 5891993.63 45578235.00
18/11/2016 7.56 7.32 7.64 7.56 13476 5360532.59 40110310.00
21/11/2016 7.60 7.51 7.72 7.63 10454 4475652.08 34032859.00
22/11/2016 7.69 7.61 7.88 7.66 11247 7761163.87 59840313.00
23/11/2016 7.60 7.57 7.76 7.74 8240 3361800.09 25788210.00
24/11/2016 7.81 7.63 7.83 7.66 1905 1375214.05 10592737.00
25/11/2016 7.56 7.44 7.62 7.52 4878 3939076.74 29595541.00
28/11/2016 7.54 7.50 7.73 7.72 6634 3313640.43 25270867.00
29/11/2016 7.69 7.53 7.78 7.53 9010 3710957.64 28353442.00
30/11/2016 7.66 7.41 7.67 7.41 10790 7300024.45 54836583.00
01/12/2016 7.32 6.88 7.36 6.95 17788 7299598.26 51885831.00
02/12/2016 6.90 6.71 7.12 7.11 12445 6116809.75 42533741.00
05/12/2016 7.13 6.99 7.23 7.01 8024 4188931.62 29627459.00
06/12/2016 6.98 6.82 7.05 6.93 15765 7489147.02 51889358.00
07/12/2016 6.99 6.91 7.06 7.03 12563 5652687.00 39541180.00
08/12/2016 7.10 6.86 7.22 6.86 16685 10482291.29 72844191.00
09/12/2016 6.91 6.85 6.96 6.86 8084 6464262.54 44515225.00
12/12/2016 6.83 6.70 6.83 6.77 8924 3816440.08 25763376.00
13/12/2016 6.73 6.67 6.98 6.95 12863 5557326.60 38307754.00
14/12/2016 6.97 6.72 6.99 6.72 10604 5980534.96 41048656.00
15/12/2016 6.67 6.62 6.82 6.79 9812 3939716.03 26518253.00
16/12/2016 6.84 6.73 6.91 6.73 4487 3817825.20 25930398.00
19/12/2016 6.74 6.74 7.18 6.95 8230 5951340.83 41658552.00
20/12/2016 7.03 6.84 7.08 6.97 7721 4510812.90 31335661.00
21/12/2016 7.02 6.78 7.05 6.83 7784 4185095.90 28734181.00
22/12/2016 6.92 6.80 6.97 6.95 5150 5117816.43 35416424.00
23/12/2016 7.04 6.97 7.18 7.06 4782 3158719.74 22262676.00
26/12/2016 7.08 6.95 7.20 6.95 3647 4193300.09 29651100.00
27/12/2016 7.09 7.02 7.18 7.18 5578 4458065.74 31715600.00
28/12/2016 7.18 7.18 7.40 7.31 5779 3945373.79 28843316.00
29/12/2016 7.32 7.31 7.53 7.50 6706 4644966.48 34622216.00
02/01/2017 7.48 7.36 7.59 7.51 2806 1815856.82 13617816.00
03/01/2017 7.59 7.55 7.77 7.67 10873 6092470.53 46806087.00
04/01/2017 7.67 7.41 7.68 7.46 12002 6877700.35 51693456.00
05/01/2017 7.48 7.31 7.53 7.34 11185 5028431.68 37200158.00
06/01/2017 7.35 7.20 7.36 7.25 5753 3193247.39 23196170.00
09/01/2017 7.22 7.22 7.42 7.35 7721 4248856.17 31213629.00
10/01/2017 7.44 7.23 7.46 7.25 5483 4159415.23 30325911.00
11/01/2017 7.30 7.20 7.50 7.50 9810 5971262.62 43958211.00
12/01/2017 7.79 7.77 8.44 8.40 29098 18814571.29 152051805.00
13/01/2017 8.34 8.13 8.50 8.32 15994 8002600.16 66193008.00
16/01/2017 8.35 8.26 8.45 8.35 3132 2192639.66 18337017.00
17/01/2017 8.41 8.34 8.71 8.60 11682 7065731.95 60452700.00
18/01/2017 8.62 8.42 8.80 8.46 12566 7565573.19 65476990.00
19/01/2017 8.46 8.28 8.55 8.39 12936 6910700.98 57955994.00
20/01/2017 8.39 8.32 8.56 8.38 13942 4677041.85 39412603.00
23/01/2017 8.42 8.42 8.80 8.80 11085 7230118.24 62887763.00
24/01/2017 8.81 8.78 8.94 8.88 11261 8408991.04 74490703.00
26/01/2017 8.95 8.76 9.03 8.82 11335 6396261.33 56750825.00
27/01/2017 8.88 8.63 8.88 8.71 9714 4205677.78 36604777.00
30/01/2017 8.68 8.28 8.69 8.32 24560 7722660.28 64695415.00
31/01/2017 8.61 8.56 8.96 8.89 13629 11564508.74 101702789.00
01/02/2017 8.79 8.66 8.96 8.74 19591 9162145.49 80659312.00
02/02/2017 8.70 8.61 8.96 8.88 8782 4783548.54 42355409.00
03/02/2017 8.92 8.82 9.14 9.02 11340 8740744.98 78903149.00
06/02/2017 9.05 8.58 9.11 8.58 10310 6080031.04 53281200.00
07/02/2017 8.67 8.51 8.83 8.58 9589 4556862.01 39472677.00
08/02/2017 8.61 8.46 8.73 8.71 10501 5815923.23 50109755.00
09/02/2017 8.74 8.39 8.75 8.62 13394 8697360.98 74278065.00
10/02/2017 8.63 8.57 9.00 8.79 17553 9126266.30 80578147.00
13/02/2017 8.93 8.87 9.14 9.06 24549 7829886.61 71026950.00
14/02/2017 9.09 8.96 9.19 9.12 10741 6804091.48 62022521.00
15/02/2017 9.14 9.14 9.79 9.76 26870 13626276.76 130468947.00
16/02/2017 9.71 9.66 10.11 10.06 14584 9307409.92 92679284.00
17/02/2017 9.97 9.81 10.20 10.14 14786 7488571.74 75120295.00
20/02/2017 10.16 10.16 10.45 10.35 6367 3187901.50 32984674.00
21/02/2017 10.43 10.43 10.96 10.94 15765 10738773.48 115400526.00
22/02/2017 10.96 10.57 11.42 10.70 30218 15490452.26 171080745.00
23/02/2017 10.89 10.44 11.19 10.48 26119 10869542.31 117291072.00
24/02/2017 10.33 10.16 10.60 10.40 14590 6474188.04 67420408.00
01/03/2017 10.16 9.99 10.44 10.41 17501 5793511.59 59295764.00
02/03/2017 10.46 10.16 10.51 10.39 15652 9741763.94 100561508.00
03/03/2017 10.37 10.30 10.95 10.90 11197 8476431.57 90943677.00
06/03/2017 10.94 10.67 11.16 10.80 12187 4817577.22 52260907.00
07/03/2017 10.99 10.77 11.37 11.33 16882 7373018.15 82371683.00
08/03/2017 11.37 10.75 11.46 10.99 12407 7987693.34 87685153.00
09/03/2017 10.99 10.41 11.02 10.57 17328 9047311.54 96476638.00
10/03/2017 10.51 10.46 10.75 10.65 10342 4981963.51 52780774.00
13/03/2017 11.04 10.94 11.33 11.17 15187 6588507.96 73724733.00
14/03/2017 11.19 10.61 11.19 10.71 12436 7226520.04 78161320.00
15/03/2017 10.76 10.57 11.00 10.91 14192 7990263.48 86441212.00
16/03/2017 11.00 10.97 11.39 11.27 10914 6792166.02 76201145.00
17/03/2017 11.37 11.03 11.71 11.26 17911 12477320.42 141438872.00
20/03/2017 11.28 10.54 11.42 10.62 15946 9401168.71 102336939.00
21/03/2017 10.64 9.77 10.79 9.77 31767 14249176.41 142458010.00
22/03/2017 9.72 8.76 9.74 9.56 43192 24369368.08 227675138.00
23/03/2017 9.53 9.36 9.97 9.56 16386 11037629.61 106529836.00
24/03/2017 9.78 9.73 10.07 9.93 14370 7761829.25 77125853.00
27/03/2017 9.83 9.59 10.27 10.25 19117 8300633.84 83368477.00
28/03/2017 10.43 9.92 10.43 10.09 14141 11478974.41 115696480.00
29/03/2017 9.79 9.66 10.17 10.07 12623 7041469.81 70086036.00
30/03/2017 10.07 9.83 10.16 9.98 6391 2971289.92 29700312.00
31/03/2017 9.81 9.80 10.16 10.04 6629 3268706.77 32905871.00
03/04/2017 10.19 9.83 10.19 9.97 5975 3175976.04 31633141.00
04/04/2017 9.96 9.61 9.99 9.66 9124 6779520.92 66067267.00
05/04/2017 9.69 9.48 9.86 9.56 11874 4033786.68 39115657.00
06/04/2017 9.62 9.33 9.73 9.45 17760 8648939.51 82137506.00
07/04/2017 9.45 9.27 9.63 9.55 14378 8051946.89 76320541.00
10/04/2017 9.55 9.26 9.60 9.34 13807 7311745.96 68650913.00
11/04/2017 9.43 9.27 9.70 9.61 22599 7718445.25 73685287.00
12/04/2017 9.32 9.09 9.51 9.24 23226 15705830.17 144837959.00
13/04/2017 9.22 8.77 9.34 8.77 23289 11260512.33 101091522.00
17/04/2017 8.83 8.83 9.26 9.14 15264 8037554.10 73222201.00
18/04/2017 9.09 9.05 9.28 9.18 16578 6622433.84 60658359.00
19/04/2017 9.24 9.06 9.46 9.09 11748 6621611.39 60809435.00
20/04/2017 9.15 9.09 9.43 9.25 11040 4444495.39 41168543.00
24/04/2017 9.28 9.07 9.44 9.15 16224 6003852.03 55297997.00
25/04/2017 9.20 9.00 9.21 9.11 8742 5873083.20 53513476.00
26/04/2017 9.00 8.61 9.08 8.66 21789 13022087.75 114042466.00
27/04/2017 8.75 8.27 8.76 8.35 22431 13847720.21 115818493.00
28/04/2017 8.38 8.29 8.64 8.64 21379 11044620.39 94148066.00
02/05/2017 8.70 8.55 9.04 9.04 22917 10376177.83 91707230.00
03/05/2017 9.02 8.97 9.62 9.39 28927 17535462.95 162766284.00
04/05/2017 9.41 8.78 9.45 8.87 21254 8973188.64 80055454.00
05/05/2017 8.88 8.65 9.02 8.84 11745 7216445.09 63680169.00
08/05/2017 8.85 8.62 8.89 8.67 14204 7066245.98 61367043.00
09/05/2017 8.72 8.71 8.91 8.75 9830 4694518.82 41337590.00
10/05/2017 8.88 8.65 8.90 8.65 12716 10727362.05 93920395.00
11/05/2017 8.71 8.55 8.77 8.61 14299 8876242.88 76606567.00
12/05/2017 8.71 8.63 8.93 8.93 13126 7938655.03 69858262.00
15/05/2017 9.04 8.87 9.05 8.90 8803 5867400.00 52411298.00
16/05/2017 9.10 8.72 9.10 8.86 14714 8840400.00 78407707.00
17/05/2017 8.80 8.77 8.94 8.81 8930 4160600.00 36783937.00
18/05/2017 5.14 5.14 7.82 7.01 52542 28618800.00 205920799.00
19/05/2017 7.40 7.30 7.65 7.32 35502 17239300.00 128396274.00
22/05/2017 7.22 6.88 7.32 7.10 20142 9212000.00 65072199.00
23/05/2017 7.15 7.11 7.48 7.40 14042 6894800.00 50796549.00
24/05/2017 7.51 7.47 7.74 7.58 15534 7724900.00 58901678.00
25/05/2017 7.61 7.44 7.83 7.51 8936 5584800.00 42312880.00
26/05/2017 7.59 7.58 7.86 7.75 12540 8299900.00 64053174.00
29/05/2017 7.73 7.64 7.82 7.70 7393 2639000.00 20338938.00
30/05/2017 7.72 7.67 7.92 7.76 9416 4238100.00 33070871.00
31/05/2017 7.80 7.54 7.82 7.64 17790 6078100.00 46517766.00
01/06/2017 7.65 7.43 7.76 7.45 7942 3987600.00 30263732.00
02/06/2017 7.71 7.55 7.74 7.65 11527 5376400.00 41041519.00
05/06/2017 7.60 7.58 7.74 7.67 7909 3885300.00 29790273.00
06/06/2017 7.68 7.67 7.87 7.81 7814 3945600.00 30697043.00
07/06/2017 7.84 7.63 7.90 7.67 8943 3712100.00 28695208.00
08/06/2017 7.66 7.34 7.66 7.47 10903 6421600.00 47591263.00
09/06/2017 7.51 7.49 7.74 7.65 13195 7472000.00 56954693.00
12/06/2017 7.70 7.45 7.71 7.45 8216 3346300.00 25265015.00
13/06/2017 7.51 7.39 7.57 7.53 8286 5364900.00 40120694.00
14/06/2017 7.57 7.51 7.80 7.73 13365 7221300.00 55515765.00
16/06/2017 7.63 7.58 7.74 7.65 9850 7438800.00 56936188.00
