20/06/2016 35.25 35.25 35.25 35.25 1 2100.00 74020.00
22/06/2016 35.38 35.38 35.38 35.38 1 105.00 3715.00
23/06/2016 38.10 35.40 38.10 35.40 2 210.00 7717.00
12/07/2016 35.39 35.39 35.39 35.39 3 525.00 18580.00
13/07/2016 35.40 35.39 35.40 35.39 4 840.00 29731.00
11/08/2016 38.10 38.10 38.10 38.10 1 105.00 4000.00
19/10/2016 44.76 44.76 44.76 44.76 4 420.00 18800.00
21/10/2016 44.76 44.76 44.76 44.76 1 105.00 4700.00
26/10/2016 40.10 40.10 40.10 40.10 1 105.00 4210.00
03/01/2017 39.99 39.99 40.00 40.00 2 210.00 8399.00
03/02/2017 40.00 40.00 40.00 40.00 2 210.00 8400.00
06/02/2017 38.10 38.10 38.10 38.10 1 105.00 4001.00
07/02/2017 38.10 38.10 38.10 38.10 1 105.00 4001.00
09/02/2017 40.00 40.00 40.00 40.00 1 105.00 4200.00
02/03/2017 40.00 40.00 40.00 40.00 2 210.00 8400.00
08/03/2017 39.52 39.52 39.52 39.52 1 105.00 4150.00
21/03/2017 40.00 40.00 40.00 40.00 3 315.00 12600.00
29/03/2017 40.00 40.00 40.00 40.00 2 315.00 12600.00
03/05/2017 42.00 42.00 42.00 42.00 2 300.00 12600.00
05/05/2017 41.98 41.98 41.98 41.98 1 100.00 4198.00
09/05/2017 41.98 41.98 41.98 41.98 1 100.00 4198.00
01/06/2017 42.09 42.09 42.09 42.09 1 100.00 4209.00
