28/09/2016 38.48 38.48 38.48 38.48 1 120900.00 4652232.00
29/09/2016 37.99 37.85 37.99 37.85 2 188200.00 7136544.00
30/09/2016 38.18 38.18 38.18 38.18 1 36500.00 1393570.00
03/10/2016 38.35 38.35 38.35 38.35 1 3700.00 141895.00
04/10/2016 38.98 38.98 38.98 38.98 1 6300.00 245574.00
07/10/2016 38.63 38.18 38.64 38.18 3 17400.00 670484.00
10/10/2016 37.10 36.90 37.10 37.00 3 224100.00 8291700.00
17/10/2016 37.66 37.66 37.67 37.67 2 27500.00 1035915.00
20/10/2016 36.50 36.50 36.50 36.50 1 200.00 7300.00
24/10/2016 35.27 35.27 35.27 35.27 1 600.00 21162.00
26/10/2016 35.66 35.66 35.66 35.66 1 500.00 17830.00
27/10/2016 35.71 35.71 35.71 35.71 1 400.00 14284.00
28/10/2016 36.50 36.42 36.50 36.42 2 24600.00 897100.00
31/10/2016 36.41 36.41 36.41 36.41 1 200.00 7282.00
07/11/2016 35.62 35.62 35.62 35.62 1 200.00 7124.00
08/11/2016 34.70 34.70 34.70 34.70 1 800.00 27760.00
09/11/2016 30.20 30.20 32.05 32.00 5 9400.00 292545.00
10/11/2016 31.94 31.94 31.94 31.94 1 400.00 12776.00
14/11/2016 31.72 31.72 31.72 31.72 1 6200.00 196664.00
17/11/2016 31.70 31.70 31.70 31.70 2 800.00 25360.00
18/11/2016 31.50 31.50 31.50 31.50 1 500.00 15750.00
21/11/2016 33.00 33.00 33.00 33.00 1 100.00 3300.00
25/11/2016 34.22 34.22 34.22 34.22 1 2600.00 88972.00
28/11/2016 33.38 33.38 33.38 33.38 1 1600.00 53408.00
30/11/2016 32.15 32.15 32.15 32.15 1 12100.00 389015.00
01/12/2016 32.36 32.15 32.36 32.15 2 1000.00 32255.00
05/12/2016 31.68 31.68 31.68 31.68 2 4200.00 133056.00
06/12/2016 32.20 32.20 32.20 32.20 2 4400.00 141680.00
07/12/2016 32.05 31.70 32.10 31.70 4 46500.00 1492040.00
12/12/2016 31.06 31.06 31.06 31.06 1 200.00 6212.00
19/12/2016 32.05 32.05 32.05 32.05 1 700.00 22435.00
22/12/2016 30.74 30.74 30.74 30.74 1 200.00 6148.00
27/12/2016 30.64 30.64 30.64 30.64 1 800.00 24512.00
28/12/2016 30.13 30.13 30.13 30.13 1 100.00 3013.00
03/01/2017 30.64 30.64 30.64 30.64 1 100.00 3064.00
17/01/2017 31.04 31.04 31.04 31.04 1 100.00 3104.00
19/01/2017 30.20 30.00 30.20 30.00 11 2000.00 60200.00
23/01/2017 29.68 29.68 29.68 29.68 1 500.00 14840.00
24/01/2017 30.20 30.20 30.20 30.20 1 100.00 3020.00
26/01/2017 30.86 30.86 30.86 30.86 1 300.00 9258.00
30/01/2017 29.17 29.17 29.17 29.17 1 600.00 17502.00
31/01/2017 30.20 30.20 30.20 30.20 1 100.00 3020.00
03/02/2017 30.11 30.11 30.11 30.11 1 400.00 12044.00
06/02/2017 30.02 30.02 30.02 30.02 2 500.00 15010.00
07/02/2017 30.23 30.23 30.23 30.23 1 700.00 21161.00
13/02/2017 28.70 28.70 28.70 28.70 1 1400.00 40180.00
21/02/2017 29.48 29.48 29.48 29.48 1 300.00 8844.00
23/02/2017 28.82 28.82 28.82 28.82 1 100.00 2882.00
01/03/2017 29.81 29.81 29.81 29.81 1 400.00 11924.00
07/03/2017 29.17 29.17 29.17 29.17 1 300.00 8751.00
13/03/2017 29.97 29.97 29.97 29.97 1 1400.00 41958.00
20/03/2017 29.25 29.25 29.25 29.25 2 3200.00 93600.00
03/04/2017 27.46 27.46 27.46 27.46 1 500.00 13730.00
05/04/2017 26.62 26.62 26.62 26.62 1 5700.00 151734.00
10/04/2017 27.25 27.25 27.25 27.25 1 300.00 8175.00
24/04/2017 27.83 27.83 27.83 27.83 1 23600.00 656788.00
