20/06/2016 25.45 25.34 26.15 25.72 3669 712702.85 18353045.00
21/06/2016 25.76 25.72 27.08 26.87 4778 899560.97 23926328.00
22/06/2016 26.81 26.78 27.66 26.78 4256 695870.71 18876726.00
23/06/2016 26.91 26.78 28.38 28.02 4866 897004.19 25113554.00
24/06/2016 27.17 26.68 27.70 27.34 3781 623641.63 17028742.00
27/06/2016 27.38 27.00 27.78 27.27 3822 608087.87 16562766.00
28/06/2016 27.48 27.48 28.66 28.09 6369 1054778.91 29666457.00
29/06/2016 28.61 28.57 29.16 28.78 7234 1250053.10 35980300.00
30/06/2016 28.54 26.58 28.77 27.43 9080 1720607.44 47185966.00
01/07/2016 27.87 26.84 27.87 27.53 4609 1206694.35 32958307.00
04/07/2016 27.68 27.68 28.61 28.03 2906 499424.66 14074408.00
05/07/2016 28.01 27.51 28.77 28.70 3892 744023.43 21024267.00
06/07/2016 28.54 27.85 28.83 28.27 3650 645800.40 18229198.00
07/07/2016 28.17 27.55 28.29 27.67 2442 409724.24 11421069.00
08/07/2016 27.96 27.43 28.74 28.55 4544 1020155.83 28961465.00
11/07/2016 28.68 28.68 30.46 30.43 4037 831167.06 24833496.00
12/07/2016 30.84 29.71 31.02 30.32 6301 1162802.93 35140799.00
13/07/2016 30.08 29.97 30.86 30.57 4514 826905.76 25206489.00
14/07/2016 30.97 30.61 32.12 31.27 6170 1106660.27 34656692.00
15/07/2016 31.46 30.92 31.88 31.14 2766 547044.72 17086952.00
18/07/2016 31.45 31.15 32.32 31.94 3232 588485.88 18780951.00
19/07/2016 31.92 31.57 32.19 32.19 3346 575701.97 18377032.00
20/07/2016 31.93 31.65 32.49 31.73 3734 632164.23 20221602.00
21/07/2016 31.92 31.72 32.24 31.81 1883 309370.57 9881314.00
22/07/2016 31.96 31.83 32.26 32.07 1939 516576.40 16591196.00
25/07/2016 31.84 30.81 32.09 31.66 1453 258448.00 8091691.00
26/07/2016 31.90 31.00 31.91 31.19 2028 419312.17 13106812.00
27/07/2016 31.07 30.20 31.68 30.52 2877 448608.63 13718236.00
28/07/2016 30.49 29.54 30.49 30.38 3490 740933.98 22259070.00
29/07/2016 30.40 29.62 30.44 30.18 3071 609259.73 18338544.00
01/08/2016 30.28 30.02 30.80 30.46 1956 434013.67 13181294.00
02/08/2016 30.13 29.16 30.37 29.56 2739 501555.31 14836890.00
03/08/2016 29.76 28.96 30.01 29.74 2781 464695.04 13807566.00
04/08/2016 29.93 29.48 30.59 30.34 3148 718881.74 21688338.00
05/08/2016 30.39 29.20 30.51 30.19 4225 789193.23 23591595.00
08/08/2016 29.98 29.18 30.48 29.35 2039 402693.09 11939566.00
09/08/2016 29.31 28.82 29.60 29.16 3078 1177291.36 34261687.00
10/08/2016 29.19 29.09 29.84 29.31 3887 772574.15 22778501.00
11/08/2016 29.25 29.00 30.28 29.94 2842 472791.52 14153950.00
12/08/2016 29.86 29.45 30.16 29.71 3663 566540.17 16916001.00
15/08/2016 29.72 29.72 31.94 31.00 4146 724527.97 22671267.00
16/08/2016 30.69 30.69 31.68 31.34 2361 546192.45 17162806.00
17/08/2016 31.34 30.31 31.89 31.89 3337 572825.60 17843007.00
18/08/2016 31.61 31.51 32.25 31.91 3530 626198.41 19997572.00
19/08/2016 31.57 31.28 32.12 32.07 2842 399284.05 12717088.00
22/08/2016 31.94 31.19 31.94 31.30 2698 555886.92 17587447.00
23/08/2016 31.70 30.97 31.71 31.17 1926 323539.40 10124778.00
24/08/2016 31.15 30.87 32.02 31.76 6298 1212766.71 38448096.00
25/08/2016 31.61 31.52 32.48 32.34 2708 478757.34 15413039.00
26/08/2016 32.36 31.07 33.38 31.28 3735 810819.34 25910058.00
29/08/2016 31.57 31.33 32.71 32.11 2927 435611.65 13996760.00
30/08/2016 32.15 31.28 32.27 31.39 2062 279434.91 8812753.00
31/08/2016 31.47 30.22 32.30 30.94 4556 1031874.41 32095484.00
01/09/2016 31.15 30.58 31.51 31.35 1837 311288.15 9724611.00
02/09/2016 31.52 31.39 32.73 32.62 3040 507201.54 16416718.00
05/09/2016 32.99 32.70 33.20 32.87 1198 278156.52 9167597.00
06/09/2016 32.68 32.38 33.21 32.90 1658 347935.35 11420102.00
08/09/2016 32.99 32.89 33.32 33.20 3769 765862.60 25372061.00
09/09/2016 32.56 31.33 32.71 31.44 3531 1027400.05 32549218.00
12/09/2016 31.44 30.90 32.03 31.61 2309 408871.98 12923223.00
13/09/2016 31.18 29.96 31.49 30.10 3985 544168.34 16546328.00
14/09/2016 30.07 29.78 30.52 30.35 3498 542250.75 16346753.00
15/09/2016 30.53 30.33 31.56 31.33 1882 306281.12 9573966.00
16/09/2016 31.27 30.53 31.36 30.69 2633 823177.12 25371806.00
19/09/2016 31.00 31.00 31.76 31.24 2124 327054.97 10239348.00
20/09/2016 31.45 31.25 32.27 32.10 3997 584544.18 18706129.00
21/09/2016 32.10 31.45 32.53 31.92 2835 425597.59 13621307.00
22/09/2016 32.31 31.78 32.73 32.67 3367 498252.80 16123290.00
23/09/2016 32.76 32.44 33.04 32.59 2034 481953.32 15749120.00
26/09/2016 32.47 32.26 32.77 32.68 1088 175033.00 5707662.00
27/09/2016 32.84 32.01 32.89 32.34 3116 455639.78 14736174.00
28/09/2016 32.68 31.81 32.76 32.36 2176 329505.22 10679800.00
29/09/2016 32.36 32.29 33.38 32.29 2589 601482.86 19757712.00
30/09/2016 32.29 31.57 32.59 31.57 3378 1408680.09 45136819.00
03/10/2016 31.60 31.16 32.19 31.70 2911 425064.93 13493587.00
04/10/2016 31.70 31.17 32.07 31.46 3577 688413.43 21665181.00
05/10/2016 31.56 31.53 32.45 31.92 3318 1234073.22 39706104.00
06/10/2016 31.92 31.55 32.20 32.01 2010 393957.42 12569672.00
07/10/2016 32.19 31.41 32.30 31.65 2781 468530.22 14893607.00
10/10/2016 31.98 31.90 32.81 32.21 2441 448395.56 14516264.00
11/10/2016 32.21 32.18 32.76 32.45 3430 612455.71 19924536.00
13/10/2016 32.77 32.29 33.11 32.85 5392 1064899.51 34833149.00
14/10/2016 33.18 33.07 34.10 33.16 4639 756274.67 25435446.00
17/10/2016 33.36 33.28 34.01 33.93 4018 694272.72 23448392.00
18/10/2016 34.02 33.97 35.21 34.92 5730 1147036.11 39848227.00
19/10/2016 34.74 34.66 35.31 34.73 4696 693633.52 24221534.00
20/10/2016 34.65 33.83 35.50 34.90 3436 575595.44 20039673.00
21/10/2016 34.67 34.31 34.98 34.64 2831 617569.27 21450056.00
24/10/2016 34.46 34.12 34.81 34.32 5497 844164.04 29016520.00
25/10/2016 34.13 33.66 34.67 33.97 2756 631951.17 21562750.00
26/10/2016 33.72 33.24 34.37 34.04 3110 568990.42 19309386.00
27/10/2016 33.75 33.75 34.60 33.90 2105 383410.70 13141165.00
28/10/2016 33.68 33.68 34.41 34.19 2606 449460.89 15344374.00
31/10/2016 33.98 33.98 34.57 34.31 2286 504964.35 17355806.00
01/11/2016 34.70 33.23 35.28 33.61 5144 898069.51 30517211.00
03/11/2016 33.22 33.14 33.99 33.19 2928 644841.61 21547436.00
04/11/2016 33.14 32.48 33.89 32.59 2373 327374.57 10853252.00
07/11/2016 33.07 32.76 34.31 34.25 2517 350066.00 11880906.00
08/11/2016 33.98 33.98 35.25 34.25 3349 533408.55 18424693.00
09/11/2016 32.85 32.67 33.56 32.99 4217 663165.21 21946077.00
10/11/2016 33.00 30.24 33.37 30.54 6912 1147142.65 35849503.00
11/11/2016 30.04 25.90 30.22 26.76 11407 1911407.26 51874173.00
14/11/2016 26.75 25.92 27.67 26.07 4969 919056.43 24242195.00
16/11/2016 26.08 26.00 27.35 27.35 7462 1422955.46 37983531.00
17/11/2016 27.42 26.04 27.87 26.14 4394 787275.65 20942583.00
18/11/2016 26.16 26.08 26.68 26.52 3298 557058.78 14700464.00
21/11/2016 26.58 26.52 27.78 27.42 3935 703967.18 19279952.00
22/11/2016 27.88 27.23 28.53 27.23 4379 772254.56 21396275.00
23/11/2016 27.04 26.96 27.72 27.63 2661 383836.83 10530739.00
24/11/2016 27.65 26.95 28.04 26.95 888 157455.13 4329836.00
25/11/2016 26.57 26.27 27.56 27.56 1282 205075.19 5564881.00
28/11/2016 27.38 27.37 28.33 28.09 2818 425064.93 11889057.00
29/11/2016 27.68 27.20 28.03 27.20 2749 412494.09 11372793.00
30/11/2016 27.86 27.12 28.02 27.17 3569 990859.38 27128605.00
01/12/2016 26.94 25.58 27.33 25.93 5798 793774.13 20614873.00
02/12/2016 25.64 25.49 26.56 26.07 4205 718775.21 18728586.00
05/12/2016 26.35 25.59 26.35 25.64 1701 282950.49 7306529.00
06/12/2016 25.61 24.95 26.13 26.04 1979 318745.43 8183798.00
07/12/2016 26.41 26.20 27.00 26.67 4008 832445.45 22170873.00
08/12/2016 26.77 26.37 27.67 26.84 3121 715579.23 19300289.00
09/12/2016 26.98 26.60 27.40 26.87 3152 509225.66 13721985.00
12/12/2016 26.38 26.30 27.11 26.56 3381 552477.88 14718249.00
13/12/2016 26.30 26.11 27.40 26.82 3208 604998.43 16179002.00
14/12/2016 27.03 26.10 27.07 26.10 4390 865257.48 22990576.00
15/12/2016 26.23 25.26 26.64 26.11 4996 779072.64 20337778.00
16/12/2016 26.45 26.21 27.33 26.79 2658 545446.73 14613117.00
19/12/2016 26.57 25.39 27.06 25.39 3200 812523.86 21024605.00
20/12/2016 25.81 25.12 25.81 25.55 2874 456811.63 11598679.00
21/12/2016 25.74 24.92 25.85 25.05 1920 385754.41 9712648.00
22/12/2016 24.88 24.56 25.23 25.15 2324 445306.12 11128006.00
23/12/2016 25.16 24.46 25.43 24.74 2672 519133.18 12832826.00
26/12/2016 24.83 24.83 25.29 25.17 609 104188.85 2618871.00
27/12/2016 25.41 25.13 25.63 25.40 2264 352196.66 8924034.00
28/12/2016 25.44 25.17 25.78 25.39 3351 601163.26 15316113.00
29/12/2016 25.52 25.12 25.94 25.68 2948 672753.14 17284047.00
02/01/2017 25.70 25.40 25.80 25.53 557 109408.94 2800529.00
03/01/2017 25.85 25.71 27.48 27.44 5136 1194975.77 32109940.00
04/01/2017 27.27 26.98 27.68 27.17 3960 723462.64 19687614.00
05/01/2017 27.46 26.71 27.88 26.79 5915 952294.59 25714430.00
06/01/2017 26.73 26.60 27.40 27.18 3031 574636.65 15551402.00
09/01/2017 27.21 26.66 27.32 26.89 3384 593919.04 15988716.00
10/01/2017 27.20 26.78 27.32 26.94 2762 558763.30 15118416.00
11/01/2017 27.17 26.73 28.19 28.19 2300 822111.80 22757261.00
12/01/2017 28.63 28.63 30.43 29.52 7080 1292772.66 38357187.00
13/01/2017 29.68 28.92 30.05 29.37 2784 457237.76 13446169.00
16/01/2017 29.38 29.15 29.75 29.38 1265 263241.97 7732808.00
17/01/2017 29.16 29.12 30.20 29.82 2488 623108.97 18580282.00
18/01/2017 29.82 29.51 30.23 29.56 2042 509651.79 15191975.00
19/01/2017 29.77 28.91 29.82 29.21 2305 452230.73 13218309.00
20/01/2017 29.55 28.90 29.86 29.16 2021 352090.12 10313721.00
23/01/2017 29.41 29.11 29.84 29.84 2280 349000.68 10301650.00
24/01/2017 29.85 29.48 30.26 30.16 2244 392359.43 11768053.00
26/01/2017 30.33 30.02 30.74 30.27 2168 421016.69 12763539.00
27/01/2017 30.51 30.14 30.51 30.35 1843 275280.14 8345285.00
30/01/2017 30.38 29.07 30.48 29.07 2760 458090.02 13556196.00
31/01/2017 29.12 28.58 30.59 30.18 2545 614373.30 18401412.00
01/02/2017 30.53 29.62 30.69 29.90 3585 626944.14 18800418.00
02/02/2017 29.85 29.49 30.59 30.50 2510 412920.22 12453662.00
03/02/2017 30.40 30.23 31.08 30.74 2256 436996.58 13432320.00
06/02/2017 30.89 30.12 30.96 30.26 2723 385647.88 11783902.00
07/02/2017 30.18 30.18 30.98 30.64 5742 917245.37 28169092.00
08/02/2017 30.83 30.14 30.91 30.84 1490 258554.53 7923962.00
09/02/2017 30.94 29.69 31.28 30.44 2092 426769.45 12982880.00
10/02/2017 30.32 30.07 31.08 30.57 2435 402480.03 12331232.00
13/02/2017 30.58 30.34 31.32 31.23 2579 413452.88 12772245.00
14/02/2017 31.01 30.18 31.30 30.37 4428 677653.64 20649886.00
15/02/2017 30.55 30.39 31.66 31.38 6392 962308.65 30013508.00
16/02/2017 31.39 31.30 32.72 32.72 4869 832871.58 27063422.00
17/02/2017 32.70 32.01 32.79 32.30 3858 738057.60 23869230.00
20/02/2017 32.41 31.99 33.32 32.57 2038 297119.32 9709305.00
21/02/2017 32.84 32.44 33.12 32.71 4804 965185.03 31510664.00
22/02/2017 32.72 32.22 33.14 32.35 4571 793880.67 25928799.00
23/02/2017 32.74 31.70 33.28 32.08 3263 567818.57 18400238.00
24/02/2017 32.02 31.21 32.13 31.63 4894 816039.44 25813843.00
01/03/2017 31.71 31.27 32.02 31.63 1985 379255.93 11981813.00
02/03/2017 31.63 30.85 31.91 31.33 3510 628009.46 19637055.00
03/03/2017 31.63 31.35 32.43 32.30 4234 901904.69 28948009.00
06/03/2017 32.33 32.09 32.84 32.83 3615 646226.53 21103927.00
07/03/2017 32.82 32.70 33.60 33.20 3234 652725.02 21644077.00
08/03/2017 33.05 32.38 33.40 32.38 4831 750734.98 24635670.00
09/03/2017 32.10 30.91 32.53 30.91 4900 1114224.09 35237469.00
10/03/2017 30.70 30.61 31.92 31.82 4969 956236.29 30092120.00
13/03/2017 31.82 31.67 32.85 32.67 3385 485042.76 15690434.00
14/03/2017 32.28 31.17 32.68 31.34 2961 607874.81 19296812.00
15/03/2017 31.67 31.23 32.61 32.51 2635 523820.62 16827873.00
16/03/2017 32.53 32.00 33.16 32.84 2215 376486.08 12327372.00
17/03/2017 32.84 31.92 33.42 32.44 3153 762560.09 24846893.00
20/03/2017 32.01 31.61 32.54 31.91 2331 349746.41 11191569.00
21/03/2017 31.91 30.48 31.96 30.73 3885 599884.87 18493643.00
22/03/2017 30.73 29.89 30.89 30.39 3543 530319.10 16115507.00
23/03/2017 30.39 30.11 31.29 30.86 2451 442003.61 13616439.00
24/03/2017 31.04 30.24 31.54 31.02 3494 545233.66 16785519.00
27/03/2017 30.95 30.27 31.00 30.79 2584 396301.14 12134657.00
28/03/2017 30.54 30.19 30.85 30.49 3188 535432.67 16309776.00
29/03/2017 30.23 30.11 31.04 30.79 2205 411002.63 12613415.00
30/03/2017 30.87 29.60 30.98 30.23 2954 559828.62 16844861.00
31/03/2017 29.83 29.83 30.84 30.73 3214 525631.67 16093864.00
03/04/2017 30.59 29.76 30.70 30.29 2203 395768.47 11944146.00
04/04/2017 30.23 29.93 30.29 30.19 1505 257382.67 7759638.00
05/04/2017 30.32 29.24 30.48 29.39 4236 621084.85 18412408.00
06/04/2017 29.39 28.66 29.62 28.87 3181 483444.77 14076810.00
07/04/2017 29.01 28.59 29.31 29.13 4235 813695.72 23578273.00
10/04/2017 29.03 28.24 29.31 28.55 1904 303937.40 8672615.00
11/04/2017 28.62 27.97 29.01 28.70 3632 654962.20 18723021.00
12/04/2017 28.74 28.25 28.99 28.33 3348 591575.33 16794253.00
13/04/2017 28.06 27.71 28.81 27.71 2690 403012.69 11392498.00
17/04/2017 27.99 27.82 28.52 28.32 1788 352729.32 9988782.00
18/04/2017 28.45 28.04 28.47 28.35 2429 416861.92 11804384.00
19/04/2017 28.33 28.00 28.60 28.22 3783 560467.82 15833658.00
20/04/2017 28.17 28.17 29.08 28.53 4261 795478.65 22727293.00
24/04/2017 28.97 27.80 29.06 28.03 3714 581135.14 16393009.00
25/04/2017 27.97 27.86 28.33 28.18 3353 854071.56 24056418.00
26/04/2017 28.17 27.87 28.50 27.94 4172 1191140.60 33504887.00
27/04/2017 27.99 26.78 28.16 26.95 3544 989154.86 26947706.00
28/04/2017 26.95 26.77 27.63 27.38 3911 1109749.72 30328129.00
02/05/2017 27.86 27.72 28.62 28.20 7996 1352000.00 38074110.00
03/05/2017 28.25 27.39 28.26 27.42 7208 1172900.00 32426838.00
04/05/2017 27.43 26.29 27.70 26.81 6396 1065100.00 28459917.00
05/05/2017 26.80 26.41 27.41 26.55 11105 1680900.00 45305684.00
08/05/2017 26.62 25.41 26.63 25.50 6315 1046400.00 27008065.00
09/05/2017 26.44 26.03 27.27 27.16 7907 1353200.00 36458032.00
10/05/2017 27.03 27.03 28.10 28.10 7883 1170100.00 32508143.00
11/05/2017 28.17 28.00 28.51 28.25 5633 1072400.00 30261244.00
12/05/2017 28.50 28.50 29.23 29.20 5546 818800.00 23761577.00
15/05/2017 29.45 28.85 29.59 29.30 6466 959200.00 27965054.00
16/05/2017 29.71 29.43 30.65 30.50 7702 1498700.00 45308324.00
17/05/2017 30.65 29.04 30.70 29.98 5965 1077900.00 32201571.00
18/05/2017 25.80 25.80 27.55 26.20 14522 2109500.00 56843801.00
19/05/2017 26.21 26.21 28.35 27.60 6649 1613700.00 44507600.00
22/05/2017 26.89 26.13 27.43 26.60 5527 898200.00 23898478.00
23/05/2017 26.80 26.60 27.61 27.20 3734 658100.00 17946606.00
24/05/2017 27.76 27.60 28.58 28.29 5275 860100.00 24314558.00
25/05/2017 28.65 27.50 28.76 27.96 3835 795500.00 22286787.00
26/05/2017 28.27 27.90 28.39 28.00 4899 831100.00 23339517.00
29/05/2017 28.00 27.33 28.00 27.48 1084 164500.00 4532114.00
30/05/2017 27.63 27.54 28.45 28.20 3917 623800.00 17603698.00
31/05/2017 28.30 27.82 28.31 27.85 5743 1262400.00 35332729.00
01/06/2017 27.87 27.55 28.15 27.57 3476 805700.00 22431545.00
02/06/2017 27.91 27.27 27.91 27.88 4632 740900.00 20427404.00
05/06/2017 27.61 26.81 28.14 27.20 4514 850200.00 23150217.00
06/06/2017 27.20 27.13 27.95 27.60 2518 433200.00 11954652.00
07/06/2017 28.00 27.54 28.28 27.84 5175 1087600.00 30476100.00
08/06/2017 26.15 24.70 26.28 25.70 12698 3399100.00 85856528.00
09/06/2017 25.73 25.02 26.42 25.02 8470 2077700.00 53144445.00
12/06/2017 25.22 25.06 25.60 25.15 3183 581100.00 14713527.00
13/06/2017 25.49 25.05 25.49 25.05 1893 363400.00 9168968.00
14/06/2017 25.35 25.00 25.48 25.48 4166 960300.00 24310027.00
16/06/2017 25.45 25.31 25.69 25.66 3514 813200.00 20758496.00
