20/06/2016 11.60 11.45 11.60 11.50 8 2700.00 31258.00
21/06/2016 11.50 11.50 11.50 11.50 1 100.00 1150.00
22/06/2016 11.50 11.50 11.64 11.60 3 300.00 3474.00
23/06/2016 11.60 11.59 11.74 11.60 5 500.00 5813.00
24/06/2016 11.60 11.25 11.60 11.25 13 3800.00 42947.00
27/06/2016 11.00 10.75 11.15 10.75 10 2100.00 23239.00
28/06/2016 10.76 10.75 10.76 10.75 2 200.00 2151.00
29/06/2016 10.76 10.76 10.76 10.76 1 100.00 1076.00
30/06/2016 10.62 10.52 11.50 11.50 28 17600.00 192598.00
01/07/2016 11.42 10.80 11.42 10.90 13 11700.00 126603.00
04/07/2016 11.15 11.00 11.54 11.20 16 18800.00 215497.00
05/07/2016 11.20 11.20 11.20 11.20 1 100.00 1120.00
06/07/2016 11.00 10.95 11.00 10.95 8 2200.00 24175.00
07/07/2016 10.85 10.85 11.02 11.02 2 300.00 3289.00
08/07/2016 11.03 11.03 11.20 11.20 7 3600.00 40151.00
11/07/2016 11.20 11.20 11.20 11.20 1 1000.00 11200.00
12/07/2016 11.60 11.20 11.60 11.20 3 300.00 3401.00
13/07/2016 11.21 11.20 11.32 11.20 7 700.00 7865.00
14/07/2016 11.20 11.20 11.20 11.20 1 100.00 1120.00
15/07/2016 11.19 11.19 11.19 11.19 1 100.00 1119.00
18/07/2016 11.04 11.04 11.30 11.30 3 1500.00 16664.00
19/07/2016 12.00 11.36 12.00 11.36 5 1000.00 11488.00
20/07/2016 11.25 11.25 11.25 11.25 2 800.00 9000.00
22/07/2016 11.36 11.36 11.36 11.36 1 100.00 1136.00
25/07/2016 11.36 11.04 11.36 11.34 5 1300.00 14446.00
26/07/2016 11.33 11.29 11.33 11.29 2 200.00 2262.00
27/07/2016 11.00 11.00 11.00 11.00 1 100.00 1100.00
28/07/2016 11.00 10.87 11.00 10.90 12 6900.00 75652.00
29/07/2016 10.95 10.94 10.95 10.95 7 7400.00 80982.00
01/08/2016 11.61 10.98 11.61 10.98 5 500.00 5609.00
02/08/2016 10.90 10.80 10.90 10.80 4 1600.00 17330.00
03/08/2016 10.90 10.70 10.90 10.70 2 200.00 2160.00
04/08/2016 10.60 10.60 10.75 10.75 4 500.00 5360.00
05/08/2016 10.70 10.55 10.85 10.75 9 1300.00 13861.00
08/08/2016 10.80 10.75 10.80 10.77 5 500.00 5392.00
09/08/2016 10.80 10.75 10.80 10.75 2 200.00 2155.00
10/08/2016 10.79 10.70 10.79 10.70 4 800.00 8609.00
11/08/2016 10.70 10.70 10.79 10.71 10 3600.00 38722.00
12/08/2016 11.00 10.65 11.00 10.78 6 900.00 9657.00
15/08/2016 11.61 10.99 11.61 10.99 4 3000.00 34764.00
16/08/2016 10.99 10.91 11.06 10.95 18 8200.00 90580.00
17/08/2016 10.95 10.95 11.06 11.06 4 2000.00 22109.00
18/08/2016 10.93 10.93 11.09 11.09 3 600.00 6602.00
19/08/2016 10.94 10.93 10.97 10.97 7 2800.00 30661.00
22/08/2016 10.93 10.85 10.97 10.97 12 5400.00 59201.00
23/08/2016 10.97 10.96 10.97 10.96 3 3100.00 34001.00
24/08/2016 10.98 10.98 11.14 10.98 10 1100.00 12122.00
25/08/2016 10.98 10.98 11.14 10.98 5 2800.00 30761.00
26/08/2016 10.89 10.50 10.98 10.50 14 15900.00 174300.00
29/08/2016 10.99 10.99 11.90 11.00 44 20400.00 235778.00
30/08/2016 11.08 11.01 11.08 11.01 5 2300.00 25393.00
31/08/2016 10.99 10.99 11.00 11.00 2 300.00 3299.00
01/09/2016 10.90 10.80 11.10 11.00 9 6100.00 67316.00
02/09/2016 11.13 11.11 11.24 11.24 5 800.00 8920.00
05/09/2016 11.24 11.24 11.40 11.40 10 2700.00 30551.00
06/09/2016 11.10 11.10 11.40 11.24 3 1200.00 13490.00
08/09/2016 11.31 11.15 11.31 11.27 10 4200.00 46889.00
09/09/2016 11.30 11.00 11.30 11.00 5 5800.00 64600.00
12/09/2016 11.00 11.00 11.00 11.00 2 400.00 4400.00
13/09/2016 11.00 10.81 11.00 10.81 4 2400.00 26152.00
14/09/2016 10.81 10.67 10.85 10.85 10 4000.00 43177.00
15/09/2016 10.85 10.32 10.85 10.84 26 17800.00 191229.00
16/09/2016 10.85 10.55 10.88 10.55 23 15400.00 165171.00
19/09/2016 10.52 10.52 10.90 10.90 13 1900.00 20092.00
20/09/2016 10.90 10.90 10.90 10.90 1 100.00 1090.00
21/09/2016 10.89 10.89 10.89 10.89 1 100.00 1089.00
22/09/2016 10.90 10.89 10.90 10.89 3 300.00 3269.00
23/09/2016 10.76 10.76 10.76 10.76 2 200.00 2152.00
26/09/2016 10.77 10.77 11.31 11.30 10 9000.00 99446.00
27/09/2016 11.46 11.30 11.46 11.30 20 14400.00 162772.00
28/09/2016 11.30 11.29 11.30 11.29 2 200.00 2259.00
29/09/2016 11.45 11.20 11.45 11.20 4 400.00 4535.00
30/09/2016 11.25 11.25 11.55 11.55 7 1100.00 12628.00
03/10/2016 11.52 10.60 11.52 11.25 8 1400.00 15620.00
04/10/2016 11.25 11.25 11.25 11.25 4 600.00 6750.00
05/10/2016 11.25 11.25 11.30 11.30 2 2500.00 28215.00
06/10/2016 11.30 11.30 11.31 11.30 5 500.00 5651.00
07/10/2016 11.31 11.02 11.31 11.02 4 400.00 4494.00
10/10/2016 11.11 11.10 11.11 11.10 3 300.00 3331.00
11/10/2016 11.10 11.09 11.12 11.10 25 13800.00 153181.00
13/10/2016 11.05 11.05 11.05 11.05 1 100.00 1105.00
14/10/2016 11.05 11.05 11.50 11.50 4 2000.00 22915.00
17/10/2016 11.49 11.25 11.49 11.32 3 300.00 3406.00
18/10/2016 11.25 11.05 11.25 11.05 4 500.00 5603.00
19/10/2016 11.06 11.06 11.24 11.24 2 200.00 2230.00
20/10/2016 11.25 11.05 11.55 11.05 9 6100.00 68305.00
21/10/2016 11.06 11.06 11.24 11.24 2 200.00 2230.00
24/10/2016 11.50 11.35 11.50 11.49 3 300.00 3434.00
25/10/2016 11.51 11.18 11.51 11.18 3 300.00 3394.00
26/10/2016 11.09 11.09 11.24 11.24 2 200.00 2233.00
27/10/2016 11.09 11.09 11.48 11.48 5 1800.00 20257.00
28/10/2016 11.48 11.48 11.48 11.48 2 1600.00 18368.00
31/10/2016 11.75 11.27 11.75 11.27 2 200.00 2302.00
01/11/2016 11.10 11.09 11.53 11.53 5 800.00 8979.00
03/11/2016 11.36 11.20 11.36 11.20 2 200.00 2256.00
04/11/2016 11.10 11.10 11.75 11.75 5 6100.00 69274.00
07/11/2016 11.75 11.58 11.75 11.60 5 7700.00 89593.00
08/11/2016 11.74 11.57 11.74 11.60 3 5200.00 60184.00
09/11/2016 11.75 11.29 11.75 11.29 6 1600.00 18536.00
10/11/2016 11.29 11.29 11.30 11.29 5 5400.00 60967.00
11/11/2016 11.59 11.09 11.59 11.09 5 900.00 10036.00
14/11/2016 11.09 11.09 11.15 11.09 12 11300.00 125323.00
16/11/2016 11.09 11.00 11.09 11.00 3 3800.00 41809.00
17/11/2016 11.44 11.00 11.44 11.01 6 4200.00 46254.00
18/11/2016 11.01 11.01 11.01 11.01 1 100.00 1101.00
21/11/2016 11.42 11.01 11.50 11.01 13 2100.00 23827.00
22/11/2016 10.91 10.91 11.12 11.12 2 200.00 2203.00
23/11/2016 11.02 10.90 11.10 10.90 7 1500.00 16493.00
24/11/2016 10.91 10.90 11.18 11.18 6 6600.00 72763.00
25/11/2016 11.00 10.96 11.00 10.96 2 200.00 2196.00
28/11/2016 10.95 10.95 11.20 11.20 9 7900.00 86935.00
29/11/2016 11.41 11.25 11.53 11.53 8 2800.00 32070.00
30/11/2016 11.54 11.01 11.60 11.01 15 18100.00 200603.00
01/12/2016 11.34 11.15 11.34 11.31 14 3300.00 37306.00
02/12/2016 11.05 11.05 11.05 11.05 1 100.00 1105.00
05/12/2016 11.06 11.05 11.07 11.06 6 1300.00 14376.00
06/12/2016 11.06 11.05 11.06 11.05 3 4000.00 44204.00
07/12/2016 11.06 11.06 11.20 11.20 2 200.00 2226.00
08/12/2016 11.07 11.07 11.20 11.20 3 300.00 3347.00
09/12/2016 11.09 11.09 11.32 11.32 18 24300.00 274555.00
12/12/2016 11.65 11.21 11.65 11.21 16 10200.00 115486.00
13/12/2016 11.21 11.21 11.70 11.70 30 126400.00 1451086.00
14/12/2016 11.66 11.64 11.69 11.69 4 600.00 6998.00
15/12/2016 11.70 11.55 11.70 11.55 3 600.00 7001.00
16/12/2016 11.50 11.50 11.60 11.60 2 200.00 2310.00
19/12/2016 11.69 11.53 11.69 11.53 6 2900.00 33455.00
20/12/2016 11.50 11.50 11.63 11.63 2 200.00 2313.00
21/12/2016 11.66 11.50 11.66 11.50 6 1700.00 19574.00
22/12/2016 11.69 11.50 11.69 11.51 3 300.00 3470.00
23/12/2016 11.69 11.23 11.69 11.59 8 2200.00 25002.00
26/12/2016 11.60 11.60 11.60 11.60 1 100.00 1160.00
27/12/2016 11.61 11.60 11.61 11.60 4 500.00 5801.00
28/12/2016 11.46 11.46 11.68 11.68 2 200.00 2314.00
29/12/2016 11.69 11.54 11.69 11.69 7 700.00 8153.00
02/01/2017 11.69 11.69 11.69 11.69 1 100.00 1169.00
03/01/2017 11.50 11.50 11.50 11.50 1 100.00 1150.00
04/01/2017 11.51 11.34 11.57 11.34 9 10700.00 123645.00
05/01/2017 11.41 11.40 11.41 11.40 2 200.00 2281.00
06/01/2017 11.35 11.35 11.65 11.65 3 300.00 3465.00
09/01/2017 11.63 11.51 11.69 11.51 10 5200.00 60582.00
10/01/2017 11.69 11.52 11.69 11.52 11 1100.00 12769.00
11/01/2017 11.51 11.51 11.60 11.60 3 300.00 3470.00
12/01/2017 11.68 11.45 11.68 11.51 12 10400.00 119600.00
13/01/2017 11.71 11.51 11.71 11.51 4 400.00 4651.00
16/01/2017 11.73 11.58 11.73 11.58 2 300.00 3504.00
17/01/2017 11.60 11.59 11.60 11.59 5 500.00 5797.00
18/01/2017 11.73 11.15 11.73 11.70 143 21500.00 242853.00
19/01/2017 11.69 11.37 11.69 11.68 4 400.00 4639.00
20/01/2017 11.69 11.55 11.75 11.75 7 4100.00 48042.00
23/01/2017 11.74 11.74 11.98 11.98 8 10100.00 119620.00
24/01/2017 12.00 12.00 12.10 12.01 30 42400.00 509120.00
26/01/2017 12.05 11.91 12.05 11.95 5 600.00 7168.00
27/01/2017 11.97 11.97 12.04 12.04 2 200.00 2401.00
30/01/2017 12.03 12.00 12.05 12.05 14 2529000.00 30448969.00
31/01/2017 12.05 12.05 12.07 12.07 9 9200.00 110862.00
01/02/2017 12.10 12.07 12.10 12.07 4 700.00 8467.00
02/02/2017 12.07 12.07 12.09 12.08 7 10900.00 131574.00
03/02/2017 12.10 12.10 12.19 12.13 9 1100.00 13346.00
06/02/2017 12.19 12.19 12.20 12.20 3 300.00 3658.00
07/02/2017 12.19 12.11 12.20 12.20 6 2800.00 34150.00
08/02/2017 12.20 12.12 12.20 12.12 2 200.00 2432.00
09/02/2017 12.10 12.10 12.19 12.19 2 200.00 2429.00
10/02/2017 12.19 12.11 12.19 12.11 2 200.00 2430.00
13/02/2017 12.09 12.09 12.25 12.25 3 300.00 3649.00
14/02/2017 12.28 12.14 12.28 12.14 4 1600.00 19634.00
15/02/2017 12.14 12.14 12.24 12.24 2 200.00 2438.00
16/02/2017 12.30 12.15 12.30 12.15 4 800.00 9736.00
17/02/2017 12.15 12.10 12.20 12.11 32 62900.00 761297.00
20/02/2017 12.01 12.01 12.12 12.12 4 400.00 4835.00
21/02/2017 12.12 12.12 12.24 12.24 3 300.00 3648.00
22/02/2017 12.23 12.15 12.23 12.15 5 500.00 6086.00
23/02/2017 12.15 12.12 12.22 12.18 15 71800.00 871409.00
24/02/2017 12.10 12.10 12.26 12.26 3 400.00 4880.00
01/03/2017 12.29 12.14 12.29 12.14 2 200.00 2443.00
02/03/2017 12.27 12.14 12.27 12.14 2 200.00 2441.00
03/03/2017 12.13 12.13 12.30 12.30 14 1500.00 18400.00
06/03/2017 12.30 12.14 12.32 12.14 6 1300.00 15990.00
07/03/2017 12.14 12.14 12.30 12.30 2 200.00 2444.00
08/03/2017 12.31 12.20 12.31 12.20 2 200.00 2451.00
09/03/2017 12.17 12.16 12.19 12.17 6 9000.00 109448.00
10/03/2017 12.17 12.17 12.32 12.18 4 400.00 4884.00
13/03/2017 12.29 12.16 12.32 12.31 18 75700.00 921264.00
14/03/2017 12.31 12.17 12.32 12.17 3 2200.00 27088.00
15/03/2017 12.15 12.15 12.31 12.31 2 200.00 2446.00
16/03/2017 12.31 12.10 12.31 12.11 17 154100.00 1864671.00
17/03/2017 12.11 12.10 12.14 12.14 10 75400.00 912350.00
20/03/2017 12.32 12.20 12.32 12.20 5 500.00 6114.00
21/03/2017 12.31 12.01 12.31 12.01 6 800.00 9720.00
22/03/2017 12.30 12.11 12.30 12.11 3 400.00 4865.00
23/03/2017 11.62 11.62 12.30 12.30 12 16300.00 197191.00
24/03/2017 12.31 12.13 12.31 12.13 2 200.00 2444.00
27/03/2017 12.31 12.15 12.31 12.31 16 1600.00 19664.00
28/03/2017 12.30 12.16 12.30 12.16 2 200.00 2446.00
29/03/2017 12.16 12.10 12.19 12.10 3 800.00 9719.00
30/03/2017 12.29 12.02 12.30 12.04 9 8200.00 99124.00
31/03/2017 12.26 12.02 12.26 12.02 3 300.00 3631.00
03/04/2017 12.01 12.01 12.30 12.30 5 7900.00 96636.00
04/04/2017 12.36 12.36 12.40 12.40 3 800.00 9915.00
05/04/2017 12.40 12.16 12.40 12.16 5 7800.00 95193.00
06/04/2017 12.16 12.15 12.34 12.34 11 1700.00 20938.00
07/04/2017 12.39 12.17 12.39 12.17 2 200.00 2456.00
10/04/2017 12.16 12.16 12.33 12.32 13 2900.00 35704.00
11/04/2017 12.16 12.16 12.32 12.20 7 700.00 8544.00
12/04/2017 12.20 12.20 12.39 12.39 2 200.00 2459.00
13/04/2017 12.39 12.23 12.39 12.23 2 200.00 2462.00
17/04/2017 12.20 12.20 12.35 12.35 6 5100.00 62878.00
18/04/2017 12.37 12.21 12.37 12.21 2 200.00 2458.00
19/04/2017 12.21 12.21 12.34 12.21 12 2300.00 28117.00
20/04/2017 12.21 12.21 12.38 12.21 8 800.00 9805.00
24/04/2017 12.39 12.23 12.39 12.23 2 200.00 2462.00
25/04/2017 12.44 12.27 12.44 12.27 2 200.00 2471.00
26/04/2017 12.18 12.18 12.45 12.45 3 300.00 3691.00
27/04/2017 12.40 12.23 12.40 12.23 5 2400.00 29370.00
28/04/2017 12.17 12.17 12.50 12.50 8 10300.00 127690.00
02/05/2017 12.49 12.31 12.50 12.31 5 1600.00 19791.00
03/05/2017 12.27 12.27 12.49 12.49 2 200.00 2476.00
04/05/2017 12.49 12.33 12.49 12.33 2 200.00 2482.00
05/05/2017 12.27 12.27 12.49 12.49 2 200.00 2476.00
08/05/2017 12.49 12.27 12.61 12.61 13 29000.00 359660.00
09/05/2017 12.76 12.49 12.76 12.49 2 200.00 2525.00
10/05/2017 12.55 12.17 12.55 12.17 9 2800.00 34657.00
11/05/2017 12.20 12.20 12.60 12.60 11 10800.00 135138.00
12/05/2017 12.62 12.33 12.62 12.40 6 700.00 8698.00
15/05/2017 12.45 12.45 12.45 12.45 1 300.00 3735.00
16/05/2017 12.50 12.40 12.50 12.40 4 700.00 8715.00
17/05/2017 12.41 12.41 12.59 12.59 4 600.00 7534.00
18/05/2017 12.30 12.30 12.50 12.45 4 1200.00 14950.00
19/05/2017 12.45 12.31 12.45 12.31 2 200.00 2476.00
22/05/2017 12.50 12.32 12.71 12.71 8 2200.00 27788.00
23/05/2017 12.71 12.51 12.71 12.51 3 3000.00 37942.00
24/05/2017 12.47 12.47 12.63 12.63 4 400.00 5029.00
25/05/2017 12.79 12.30 12.79 12.55 17 12600.00 157007.00
26/05/2017 12.78 12.34 12.78 12.40 23 52100.00 645571.00
29/05/2017 12.54 12.36 12.64 12.64 6 1200.00 15130.00
30/05/2017 12.51 12.51 12.51 12.51 1 100.00 1251.00
31/05/2017 12.69 12.43 12.69 12.43 2 200.00 2512.00
01/06/2017 12.50 12.45 12.50 12.50 4 1200.00 14995.00
02/06/2017 12.65 12.41 12.65 12.41 2 200.00 2506.00
05/06/2017 12.65 12.41 12.65 12.41 4 400.00 4995.00
06/06/2017 12.66 12.50 12.66 12.50 3 300.00 3772.00
07/06/2017 12.67 12.35 12.67 12.67 4 2500.00 31643.00
08/06/2017 12.65 12.51 12.65 12.51 2 200.00 2516.00
09/06/2017 12.67 12.48 12.67 12.48 4 400.00 5014.00
12/06/2017 12.68 12.45 12.68 12.46 3 300.00 3759.00
13/06/2017 12.69 12.46 12.69 12.48 5 600.00 7512.00
14/06/2017 12.48 12.48 12.73 12.73 7 10200.00 129450.00
16/06/2017 12.74 12.74 12.74 12.74 1 100.00 1274.00
