20/06/2016 12.52 12.51 12.52 12.51 4 400.00 5006.00
27/06/2016 12.53 12.51 12.53 12.51 2 500.00 6257.00
30/06/2016 12.51 12.00 12.51 12.00 2 500.00 6153.00
01/07/2016 11.22 11.22 11.90 11.90 2 200.00 2312.00
05/07/2016 12.00 12.00 12.00 12.00 4 1200.00 14400.00
12/07/2016 12.00 12.00 12.00 12.00 1 500.00 6000.00
14/07/2016 12.00 12.00 12.00 12.00 1 400.00 4800.00
22/07/2016 14.20 14.20 14.20 14.20 2 200.00 2840.00
01/08/2016 14.20 12.01 14.20 12.01 2 200.00 2621.00
02/08/2016 12.00 12.00 12.00 12.00 5 1100.00 13200.00
11/08/2016 12.00 12.00 12.00 12.00 1 300.00 3600.00
12/08/2016 11.99 11.99 11.99 11.99 2 300.00 3597.00
15/08/2016 11.99 11.99 12.00 12.00 2 700.00 8397.00
16/08/2016 12.00 12.00 12.00 12.00 1 600.00 7200.00
22/08/2016 11.20 10.51 11.20 11.10 8 1000.00 10947.00
23/08/2016 10.10 10.10 10.10 10.10 1 100.00 1010.00
25/08/2016 10.50 10.50 10.50 10.50 3 300.00 3150.00
29/08/2016 10.75 10.75 10.75 10.75 1 200.00 2150.00
31/08/2016 10.40 10.40 10.40 10.40 1 200.00 2080.00
01/09/2016 10.75 10.40 10.75 10.40 2 400.00 4230.00
02/09/2016 10.50 10.50 10.50 10.50 2 1000.00 10500.00
09/09/2016 10.50 9.77 10.50 9.77 3 600.00 6009.00
19/09/2016 9.85 9.85 9.85 9.85 1 200.00 1970.00
20/09/2016 9.85 9.85 9.85 9.85 1 200.00 1970.00
22/09/2016 9.85 9.84 9.85 9.84 2 900.00 8862.00
26/09/2016 9.84 9.50 9.84 9.50 11 15900.00 155038.00
27/09/2016 9.40 9.40 10.00 9.77 5 1200.00 11673.00
30/09/2016 9.50 9.50 9.50 9.50 1 500.00 4750.00
04/10/2016 9.20 9.12 9.20 9.12 3 3100.00 28512.00
06/10/2016 9.69 9.21 9.70 9.21 8 8400.00 79783.00
07/10/2016 9.70 9.11 9.70 9.11 3 300.00 2802.00
10/10/2016 9.11 9.11 9.11 9.11 3 900.00 8199.00
31/10/2016 10.00 9.12 10.00 9.12 2 300.00 2912.00
01/11/2016 9.10 9.10 9.10 9.10 1 300.00 2730.00
03/11/2016 9.10 9.10 9.10 9.10 1 100.00 910.00
04/11/2016 9.00 8.77 9.00 8.77 4 400.00 3577.00
10/11/2016 9.39 9.39 9.39 9.39 1 100.00 939.00
14/11/2016 9.39 9.39 9.39 9.39 1 100.00 939.00
21/11/2016 9.00 8.78 9.00 8.78 3 500.00 4478.00
22/11/2016 9.69 9.69 9.69 9.69 1 100.00 969.00
23/11/2016 9.50 9.50 9.50 9.50 1 200.00 1900.00
28/11/2016 9.00 9.00 9.00 9.00 1 200.00 1800.00
06/12/2016 9.30 9.30 9.30 9.30 2 1100.00 10230.00
07/12/2016 9.30 9.30 9.30 9.30 1 100.00 930.00
09/12/2016 9.30 9.30 9.30 9.30 1 100.00 930.00
19/12/2016 9.00 9.00 9.00 9.00 1 100.00 900.00
20/12/2016 9.18 9.18 9.18 9.18 1 600.00 5508.00
21/12/2016 9.18 9.18 9.18 9.18 1 100.00 918.00
27/12/2016 8.77 8.77 8.77 8.77 1 400.00 3508.00
29/12/2016 8.60 8.60 8.60 8.60 1 100.00 860.00
02/01/2017 8.60 8.60 8.60 8.60 1 100.00 860.00
03/01/2017 9.10 9.10 9.10 9.10 1 100.00 910.00
04/01/2017 9.10 9.10 9.10 9.10 1 200.00 1820.00
06/01/2017 9.10 9.05 9.10 9.05 2 200.00 1815.00
12/01/2017 8.55 8.55 8.55 8.55 1 100.00 855.00
19/01/2017 8.47 8.46 8.75 8.46 5 1000.00 8494.00
23/01/2017 8.20 8.00 8.40 8.00 23 4500.00 36220.00
26/01/2017 8.00 8.00 8.00 8.00 1 300.00 2400.00
30/01/2017 8.20 8.20 8.20 8.20 1 100.00 820.00
31/01/2017 8.19 8.00 8.19 8.00 5 800.00 6457.00
01/02/2017 8.00 8.00 8.20 8.20 2 400.00 3220.00
02/02/2017 7.01 7.01 8.19 8.19 3 500.00 3950.00
03/02/2017 8.19 8.01 8.19 8.19 4 700.00 5661.00
06/02/2017 8.19 8.10 8.19 8.10 2 200.00 1629.00
10/02/2017 8.60 8.60 8.60 8.60 1 100.00 860.00
15/02/2017 10.00 10.00 10.04 10.02 6 1300.00 13016.00
16/02/2017 10.01 8.30 10.01 9.27 10 1600.00 14359.00
17/02/2017 9.10 9.10 9.27 9.27 2 700.00 6421.00
20/02/2017 9.25 9.25 9.25 9.25 2 400.00 3700.00
22/02/2017 9.23 8.10 9.23 8.10 8 2200.00 18046.00
23/02/2017 8.31 8.11 8.35 8.11 4 1200.00 9962.00
24/02/2017 8.11 8.11 8.11 8.11 1 100.00 811.00
01/03/2017 8.11 8.11 8.11 8.11 4 1300.00 10543.00
02/03/2017 8.11 8.01 8.15 8.08 9 2000.00 16176.00
03/03/2017 8.20 8.20 8.20 8.20 2 300.00 2460.00
06/03/2017 8.07 8.07 8.20 8.20 4 900.00 7313.00
07/03/2017 8.19 8.19 8.19 8.19 1 100.00 819.00
08/03/2017 8.17 8.17 8.17 8.17 3 400.00 3268.00
09/03/2017 8.05 8.05 8.05 8.05 1 100.00 805.00
10/03/2017 8.05 8.05 8.20 8.20 5 700.00 5694.00
13/03/2017 8.18 8.18 8.18 8.18 1 100.00 818.00
14/03/2017 8.05 8.05 8.05 8.05 3 300.00 2415.00
15/03/2017 8.17 8.05 8.17 8.05 3 1200.00 9682.00
17/03/2017 8.05 8.05 8.05 8.05 1 200.00 1610.00
20/03/2017 8.02 8.01 8.02 8.01 2 900.00 7210.00
27/03/2017 8.02 8.02 8.02 8.02 1 200.00 1604.00
28/03/2017 8.05 8.05 8.05 8.05 1 100.00 805.00
29/03/2017 8.05 8.00 8.05 8.00 4 1100.00 8814.00
30/03/2017 8.02 8.00 8.02 8.00 2 1600.00 12808.00
03/04/2017 8.00 8.00 8.50 8.50 3 2200.00 17700.00
04/04/2017 8.50 8.50 8.50 8.50 2 400.00 3400.00
07/04/2017 8.20 7.95 8.20 7.96 18 13900.00 111154.00
13/04/2017 7.77 7.75 7.77 7.75 2 500.00 3881.00
19/04/2017 7.80 7.80 7.80 7.80 2 300.00 2340.00
24/04/2017 7.23 7.21 7.50 7.50 10 1900.00 13843.00
25/04/2017 7.50 7.50 7.50 7.50 1 200.00 1500.00
26/04/2017 7.30 7.00 7.30 7.13 18 5800.00 41283.00
27/04/2017 7.13 7.13 7.25 7.14 7 2100.00 15039.00
02/05/2017 7.13 7.13 7.13 7.13 3 300.00 2139.00
03/05/2017 7.02 7.02 7.02 7.02 3 1200.00 8424.00
04/05/2017 7.02 7.02 7.02 7.02 1 300.00 2106.00
05/05/2017 7.20 7.20 7.20 7.20 1 100.00 720.00
08/05/2017 7.30 7.30 7.30 7.30 3 1400.00 10220.00
10/05/2017 7.50 7.50 7.50 7.50 3 500.00 3750.00
11/05/2017 7.45 7.45 7.48 7.45 3 600.00 4482.00
12/05/2017 7.48 7.48 7.65 7.65 9 3600.00 27127.00
15/05/2017 8.05 8.05 9.00 9.00 10 2400.00 21235.00
16/05/2017 9.00 8.57 9.00 8.65 11 2400.00 21345.00
17/05/2017 9.00 9.00 9.00 9.00 1 100.00 900.00
18/05/2017 7.70 7.55 7.70 7.55 4 900.00 6885.00
19/05/2017 8.00 8.00 9.00 8.80 4 1600.00 13880.00
22/05/2017 8.90 8.70 9.00 8.70 8 2900.00 26058.00
23/05/2017 8.75 8.69 9.10 9.10 13 15500.00 138923.00
24/05/2017 9.15 9.15 9.20 9.20 3 800.00 7350.00
25/05/2017 9.20 9.00 9.20 9.00 2 700.00 6320.00
26/05/2017 9.50 9.00 9.50 9.48 5 1200.00 11335.00
30/05/2017 9.00 8.70 9.00 8.70 6 1000.00 8940.00
31/05/2017 8.50 8.50 8.50 8.50 2 400.00 3400.00
01/06/2017 9.40 9.15 9.40 9.15 6 1200.00 11230.00
02/06/2017 9.15 9.15 9.40 9.40 3 2300.00 21095.00
05/06/2017 9.00 9.00 9.40 9.40 6 8600.00 80730.00
06/06/2017 9.49 9.49 9.49 9.49 1 100.00 949.00
13/06/2017 9.48 9.48 9.50 9.50 4 1000.00 9492.00
14/06/2017 9.49 9.49 9.50 9.50 2 800.00 7593.00
