20/06/2016 2.79 2.79 2.84 2.84 4 721.43 2021.00
21/06/2016 2.81 2.81 2.88 2.88 17 9996.99 28229.00
22/06/2016 2.82 2.82 2.86 2.86 6 3607.16 10189.00
23/06/2016 2.81 2.79 2.86 2.86 9 11852.11 33263.00
29/06/2016 2.85 2.85 2.86 2.86 2 5256.15 14995.00
30/06/2016 2.86 2.81 2.88 2.87 10 3297.98 9446.00
01/07/2016 2.88 2.88 3.30 3.30 30 11027.61 34082.00
05/07/2016 3.37 3.37 3.78 3.49 12 7317.39 25119.00
06/07/2016 3.59 3.59 3.59 3.59 1 103.06 370.00
07/07/2016 3.43 3.43 3.77 3.77 10 3194.92 11626.00
08/07/2016 3.64 3.49 3.64 3.63 7 1339.80 4846.00
11/07/2016 3.68 3.68 3.68 3.68 1 103.06 379.00
12/07/2016 3.69 3.52 3.77 3.52 5 515.31 1879.00
13/07/2016 3.68 3.62 3.68 3.62 2 206.12 752.00
14/07/2016 3.77 3.69 3.77 3.69 2 206.12 769.00
15/07/2016 3.68 3.67 3.76 3.76 12 2370.42 8761.00
18/07/2016 3.77 3.77 3.83 3.83 3 824.49 3118.00
20/07/2016 3.82 3.82 3.82 3.82 1 5153.09 19700.00
21/07/2016 3.80 3.80 3.80 3.80 1 137381.37 522536.00
22/07/2016 3.80 3.79 3.80 3.80 11 5256.15 19987.00
25/07/2016 3.81 3.69 3.87 3.78 13 3710.22 14094.00
26/07/2016 3.60 3.60 3.60 3.60 1 103.06 371.00
27/07/2016 3.74 3.74 3.82 3.82 5 1030.62 3902.00
29/07/2016 3.82 3.78 3.82 3.78 5 1236.74 4688.00
01/08/2016 3.78 3.77 3.78 3.77 2 1133.68 4280.00
02/08/2016 3.85 3.82 4.08 3.98 25 11542.92 44674.00
03/08/2016 4.08 4.08 4.85 4.27 35 10409.24 47720.00
04/08/2016 4.85 4.27 5.55 4.37 56 25353.20 119882.00
05/08/2016 4.85 4.46 4.85 4.46 9 1030.62 4699.00
08/08/2016 4.43 4.43 4.43 4.43 3 515.31 2285.00
09/08/2016 4.49 4.41 4.71 4.41 19 17520.50 77515.00
11/08/2016 3.93 3.88 4.37 4.37 17 3194.92 13554.00
12/08/2016 4.37 4.27 4.71 4.27 26 4946.97 21711.00
15/08/2016 4.37 4.37 4.46 4.46 2 206.12 910.00
16/08/2016 4.45 4.45 4.45 4.45 1 3091.85 13770.00
17/08/2016 4.37 4.37 4.37 4.37 6 5668.40 24750.00
18/08/2016 4.17 4.17 5.05 4.75 49 15253.15 68150.00
19/08/2016 4.74 4.74 4.75 4.75 11 6080.65 28903.00
22/08/2016 4.85 4.66 4.95 4.75 17 7729.63 36290.00
23/08/2016 4.84 4.75 4.85 4.85 34 20612.36 98877.00
24/08/2016 4.95 4.75 4.95 4.84 13 10821.49 51849.00
25/08/2016 4.85 4.85 4.85 4.85 5 4122.47 20000.00
29/08/2016 4.95 4.95 4.95 4.95 5 515.31 2550.00
30/08/2016 4.85 4.85 4.85 4.85 1 103.06 500.00
01/09/2016 4.85 4.75 4.85 4.84 13 2267.36 10908.00
02/09/2016 4.85 4.75 5.34 5.34 42 13191.91 65166.00
05/09/2016 5.82 5.43 5.82 5.43 2 618.37 3400.00
06/09/2016 5.78 5.78 5.92 5.92 6 1545.93 9003.00
08/09/2016 5.82 5.63 6.20 6.11 26 6389.83 36381.00
12/09/2016 5.96 5.82 6.11 5.82 5 3710.22 22105.00
14/09/2016 5.24 5.07 5.43 5.07 15 2061.24 10700.00
15/09/2016 5.60 5.60 6.30 6.10 43 9275.56 55094.00
16/09/2016 5.87 5.82 6.01 5.82 18 2370.42 13904.00
19/09/2016 5.72 5.38 5.72 5.38 17 2885.73 15885.00
20/09/2016 5.39 5.38 5.61 5.61 4 412.25 2256.00
21/09/2016 5.36 5.36 5.79 5.78 21 7317.39 41255.00
22/09/2016 5.82 5.78 5.82 5.82 10 2164.30 12557.00
23/09/2016 5.72 5.24 5.81 5.81 70 16283.76 89266.00
26/09/2016 5.68 5.18 5.68 5.18 33 5462.27 29190.00
27/09/2016 5.05 4.87 5.32 5.23 44 14634.77 72403.00
28/09/2016 5.04 4.85 5.04 4.86 26 4740.84 23185.00
29/09/2016 4.85 4.74 4.85 4.85 14 6492.89 31011.00
30/09/2016 4.94 4.94 5.05 5.03 14 1442.87 7221.00
03/10/2016 4.90 4.61 5.00 4.75 30 5977.58 28731.00
04/10/2016 4.74 4.74 4.75 4.75 10 2061.24 9795.00
05/10/2016 4.74 4.56 4.84 4.84 16 3194.92 14853.00
06/10/2016 4.66 4.66 4.66 4.66 4 515.31 2400.00
13/10/2016 4.66 4.66 4.70 4.70 2 5153.09 24196.00
14/10/2016 4.84 4.84 5.13 5.05 8 1030.62 5143.00
17/10/2016 4.75 4.75 4.75 4.75 2 206.12 980.00
19/10/2016 4.85 4.85 4.85 4.85 4 412.25 2000.00
20/10/2016 4.66 4.66 4.66 4.66 1 103.06 480.00
21/10/2016 4.85 4.85 5.22 5.22 8 1030.62 5288.00
24/10/2016 5.13 5.13 5.14 5.14 8 4225.53 21700.00
25/10/2016 5.13 5.01 5.13 5.08 6 618.37 3137.00
26/10/2016 4.77 4.56 4.92 4.92 52 9893.93 46476.00
27/10/2016 4.75 4.75 4.92 4.88 14 3194.92 15374.00
31/10/2016 4.86 4.75 4.95 4.75 11 2164.30 10429.00
03/11/2016 4.85 4.81 4.95 4.90 11 2679.61 13041.00
07/11/2016 4.88 4.88 4.88 4.88 4 515.31 2515.00
08/11/2016 4.92 4.92 4.93 4.93 3 515.31 2539.00
09/11/2016 4.85 4.85 5.14 5.05 7 721.43 3598.00
10/11/2016 4.90 4.85 4.90 4.85 6 3401.04 16650.00
11/11/2016 4.95 4.95 5.00 5.00 8 9378.62 46785.00
14/11/2016 5.00 5.00 5.00 5.00 1 927.56 4635.00
16/11/2016 4.95 4.95 5.22 5.22 23 15871.52 78740.00
17/11/2016 5.19 5.19 5.19 5.19 1 103.06 535.00
23/11/2016 4.98 4.97 5.24 5.13 25 17211.32 85901.00
24/11/2016 5.05 5.05 5.31 5.09 13 2164.30 11147.00
25/11/2016 5.09 5.09 5.31 5.28 8 1545.93 8032.00
28/11/2016 5.31 5.31 5.31 5.31 2 721.43 3829.00
29/11/2016 5.31 5.31 5.31 5.31 8 1236.74 6564.00
30/11/2016 5.32 5.32 5.39 5.36 9 5462.27 29083.00
01/12/2016 5.53 5.53 5.82 5.81 17 3401.04 19669.00
05/12/2016 5.63 5.24 5.63 5.26 15 24013.40 127931.00
06/12/2016 5.42 5.34 5.42 5.39 5 1030.62 5549.00
07/12/2016 5.43 5.34 5.43 5.36 12 3607.16 19350.00
08/12/2016 5.43 5.29 5.47 5.43 26 30403.23 161154.00
09/12/2016 5.48 5.43 5.48 5.48 8 1133.68 6200.00
12/12/2016 5.34 5.09 5.34 5.09 4 1339.80 7035.00
14/12/2016 5.05 5.05 5.05 5.05 3 1030.62 5200.00
16/12/2016 5.00 4.96 5.24 5.13 40 35556.32 177409.00
19/12/2016 5.29 5.29 5.29 5.29 1 103.06 545.00
20/12/2016 5.28 5.05 5.28 5.24 10 4328.60 22746.00
21/12/2016 5.34 5.34 5.43 5.43 3 515.31 2790.00
22/12/2016 5.51 5.34 5.51 5.43 8 1030.62 5553.00
23/12/2016 5.51 5.51 5.53 5.53 7 1030.62 5693.00
26/12/2016 5.58 5.43 5.58 5.58 6 1030.62 5734.00
27/12/2016 5.34 5.34 5.81 5.81 11 4740.84 27301.00
28/12/2016 5.82 5.62 5.82 5.81 16 4431.66 25741.00
29/12/2016 5.82 5.72 5.82 5.81 11 2061.24 11955.00
02/01/2017 5.72 5.68 5.72 5.68 3 1648.99 9405.00
03/01/2017 5.68 5.68 5.68 5.68 1 206.12 1170.00
04/01/2017 5.82 5.82 5.82 5.82 1 1030.62 6000.00
05/01/2017 5.34 5.34 5.87 5.87 14 6595.95 37412.00
06/01/2017 5.92 5.91 5.92 5.91 4 5462.27 32280.00
10/01/2017 5.44 5.33 5.44 5.33 43 21127.67 113227.00
11/01/2017 5.47 5.43 5.48 5.43 8 3710.22 20209.00
12/01/2017 5.35 5.35 5.59 5.43 18 6905.14 37954.00
13/01/2017 5.43 5.43 5.43 5.43 4 4122.47 22400.00
16/01/2017 5.52 5.52 5.52 5.52 1 206.12 1138.00
17/01/2017 5.38 5.34 5.47 5.47 12 2782.67 14925.00
18/01/2017 5.50 5.39 5.53 5.44 10 3194.92 17446.00
19/01/2017 5.36 5.29 5.37 5.37 13 4328.60 23096.00
20/01/2017 5.29 5.29 5.29 5.29 2 309.19 1635.00
23/01/2017 5.34 5.34 5.34 5.34 4 618.37 3300.00
24/01/2017 5.27 5.25 5.27 5.25 2 1236.74 6512.00
26/01/2017 5.34 5.34 5.37 5.37 2 206.12 1103.00
27/01/2017 5.37 5.34 5.42 5.34 7 1339.80 7187.00
30/01/2017 5.29 5.24 5.29 5.24 6 1752.05 9202.00
31/01/2017 5.14 5.14 5.14 5.14 3 412.25 2120.00
01/02/2017 5.05 4.86 5.06 4.87 33 9996.99 49280.00
02/02/2017 4.95 4.80 4.95 4.80 22 5668.40 27485.00
03/02/2017 4.80 4.71 5.03 4.71 8 1236.74 5956.00
06/02/2017 4.67 4.56 4.67 4.56 6 11027.61 50323.00
07/02/2017 4.56 4.47 4.56 4.47 7 5359.21 24050.00
08/02/2017 4.40 4.37 4.41 4.37 20 34834.89 152234.00
09/02/2017 4.37 4.17 4.37 4.17 16 33804.27 142773.00
13/02/2017 4.22 4.22 5.13 4.85 45 84304.55 372329.00
14/02/2017 4.66 4.56 4.85 4.83 60 95538.28 447883.00
15/02/2017 4.85 4.84 5.05 5.05 35 47099.24 228567.00
16/02/2017 5.14 4.71 5.24 4.75 35 8244.94 40710.00
17/02/2017 4.85 4.80 4.85 4.84 17 9275.56 44928.00
20/02/2017 4.84 4.71 4.84 4.71 17 4534.72 21602.00
22/02/2017 6.70 6.70 9.31 7.91 208 66577.92 536296.00
23/02/2017 8.34 6.38 8.44 6.50 140 36896.12 271310.00
24/02/2017 6.50 6.50 7.42 7.19 51 30300.17 206875.00
01/03/2017 7.27 7.08 7.27 7.17 5 721.43 5195.00
02/03/2017 7.23 6.78 7.28 6.78 44 26486.88 181121.00
03/03/2017 7.28 7.08 7.57 7.47 175 41430.84 301912.00
06/03/2017 7.47 7.14 8.14 7.17 65 24013.40 181193.00
07/03/2017 7.36 6.90 7.47 6.90 33 4328.60 30907.00
08/03/2017 6.89 6.57 7.07 7.03 46 8554.13 58616.00
09/03/2017 7.03 6.89 7.12 6.99 11 1133.68 7924.00
10/03/2017 7.13 6.50 7.47 6.72 87 25559.32 174536.00
13/03/2017 6.79 6.79 6.79 6.79 1 103.06 700.00
14/03/2017 6.78 6.78 6.78 6.78 6 1236.74 8388.00
15/03/2017 6.78 6.65 6.79 6.79 14 5874.52 39625.00
16/03/2017 6.84 6.74 6.84 6.74 11 5256.15 35694.00
17/03/2017 6.79 6.78 6.79 6.78 7 1442.87 9793.00
20/03/2017 6.79 6.74 6.79 6.74 8 3194.92 21625.00
21/03/2017 6.74 6.66 6.74 6.66 5 515.31 3451.00
22/03/2017 6.77 6.74 7.27 6.79 56 9481.68 64409.00
23/03/2017 7.17 6.89 7.57 7.52 102 49778.85 364083.00
24/03/2017 7.27 7.27 7.96 7.68 125 26589.94 198995.00
27/03/2017 7.67 7.28 7.67 7.28 11 6080.65 44512.00
28/03/2017 7.18 7.02 7.25 7.08 18 6492.89 45922.00
29/03/2017 7.03 6.99 7.03 6.99 12 9481.68 66475.00
30/03/2017 7.08 7.08 7.37 7.37 77 12779.66 93245.00
31/03/2017 7.47 7.28 7.57 7.56 22 5565.34 41087.00
03/04/2017 7.57 7.28 7.57 7.37 15 10203.12 75898.00
04/04/2017 7.57 7.27 7.86 7.46 43 11542.92 85888.00
05/04/2017 7.47 7.28 7.66 7.28 19 14634.77 108363.00
06/04/2017 7.37 7.37 7.42 7.37 7 1545.93 11425.00
07/04/2017 7.47 7.42 7.67 7.42 14 3504.10 26171.00
10/04/2017 7.71 7.47 7.71 7.47 23 9378.62 70258.00
11/04/2017 7.46 7.37 7.66 7.66 76 21952.16 164882.00
12/04/2017 7.82 7.67 8.04 7.96 92 19787.86 154672.00
13/04/2017 7.96 7.88 8.73 8.09 151 22467.47 185217.00
17/04/2017 8.05 7.76 8.05 7.76 56 16902.13 131382.00
18/04/2017 7.69 7.68 7.96 7.72 130 23704.21 184350.00
19/04/2017 7.70 7.63 7.86 7.74 30 4740.84 36525.00
20/04/2017 7.74 7.67 7.86 7.86 122 15253.15 117990.00
24/04/2017 7.96 7.76 8.14 7.96 149 24425.64 192764.00
25/04/2017 8.14 7.99 8.23 8.20 119 14325.59 116025.00
26/04/2017 8.26 8.22 8.93 8.55 160 22261.35 188461.00
27/04/2017 8.56 8.56 9.12 9.12 178 31846.09 279129.00
28/04/2017 13.20 11.65 13.58 12.76 747 367930.60 4640565.00
02/05/2017 13.20 12.71 13.49 12.81 404 137381.37 1788658.00
03/05/2017 13.20 12.76 13.20 12.81 143 55241.12 715962.00
04/05/2017 13.13 12.81 13.29 13.19 405 137793.62 1802347.00
05/05/2017 13.78 13.78 14.73 14.36 375 114089.40 1635895.00
08/05/2017 14.56 14.46 15.33 15.03 288 71937.13 1073429.00
09/05/2017 15.30 14.55 15.32 14.84 205 70288.14 1048374.00
10/05/2017 14.99 14.55 15.14 14.94 88 33392.02 497676.00
11/05/2017 14.94 14.37 14.94 14.65 62 17932.75 262325.00
12/05/2017 14.64 14.07 14.85 14.55 92 26486.88 385494.00
15/05/2017 14.55 14.29 14.76 14.55 66 20303.17 295150.00
16/05/2017 14.55 14.37 14.55 14.53 40 8966.38 129932.00
17/05/2017 14.53 14.53 14.57 14.57 19 5359.21 77998.00
18/05/2017 13.61 13.20 13.74 13.74 126 46377.81 623387.00
19/05/2017 13.78 13.78 14.21 13.78 51 21333.79 299859.00
22/05/2017 14.07 12.45 14.07 12.77 76 24940.95 320309.00
23/05/2017 12.77 12.77 13.78 13.10 30 8760.25 116637.00
24/05/2017 13.72 13.68 14.02 13.68 15 5565.34 76714.00
25/05/2017 14.06 13.83 14.06 14.05 35 11027.61 153571.00
26/05/2017 14.04 13.74 14.05 13.88 30 10615.36 148350.00
29/05/2017 13.88 13.68 13.88 13.68 26 14531.71 201007.00
30/05/2017 13.78 13.68 13.88 13.88 34 19066.43 262371.00
31/05/2017 13.88 13.68 13.88 13.69 31 12264.35 168591.00
01/06/2017 14.11 13.95 14.40 14.40 49 18600.00 262827.00
02/06/2017 14.40 14.40 14.69 14.40 38 42700.00 616069.00
05/06/2017 14.60 13.95 14.68 13.95 35 15400.00 218564.00
06/06/2017 13.95 13.52 14.00 13.86 23 3700.00 51360.00
07/06/2017 13.95 13.80 13.99 13.85 25 11400.00 157874.00
08/06/2017 13.85 13.75 13.89 13.79 35 7200.00 99376.00
09/06/2017 13.89 13.50 13.99 13.85 32 11400.00 156503.00
12/06/2017 13.85 13.78 13.85 13.80 16 2400.00 33171.00
13/06/2017 13.70 13.70 14.68 14.00 7 900.00 12776.00
14/06/2017 14.00 13.50 14.00 13.60 27 6900.00 94516.00
16/06/2017 13.62 13.60 13.95 13.95 17 8100.00 111715.00
