30/06/2016 36.16 36.16 39.17 39.17 2 237.94 8962.00
05/09/2016 39.94 39.94 39.94 39.94 1 118.97 4752.00
21/09/2016 38.67 38.67 38.67 38.67 4 475.87 18404.00
03/10/2016 40.35 40.35 40.35 40.35 2 237.94 9600.00
14/10/2016 40.65 40.65 40.65 40.65 2 237.94 9672.00
07/11/2016 40.77 40.77 40.77 40.77 1 118.97 4850.00
29/11/2016 40.78 40.78 40.78 40.78 2 237.94 9704.00
30/11/2016 41.99 41.99 41.99 41.99 1 118.97 4995.00
22/12/2016 41.99 41.99 41.99 41.99 1 118.97 4995.00
29/12/2016 38.67 38.67 42.05 42.05 3 951.74 38410.00
02/01/2017 41.19 41.19 41.19 41.19 1 118.97 4900.00
17/01/2017 41.20 41.20 41.20 41.20 2 237.94 9802.00
17/02/2017 44.75 44.75 44.75 44.75 2 237.94 10648.00
27/03/2017 44.75 44.75 44.75 44.75 2 237.94 10648.00
19/04/2017 50.01 50.01 50.01 50.01 1 100.00 5001.00
