20/06/2016 31.60 31.45 32.46 31.86 4531 959669.12 30726467.00
21/06/2016 31.99 31.06 32.18 32.15 2659 541043.29 17161308.00
22/06/2016 32.35 31.14 32.37 31.25 3119 679573.80 21347897.00
23/06/2016 31.59 30.93 31.92 31.48 4957 1042222.42 32682887.00
24/06/2016 30.52 30.06 31.15 30.34 6916 1499770.73 45944702.00
27/06/2016 30.12 30.07 31.24 31.03 5166 981746.11 30313290.00
28/06/2016 31.56 31.32 32.27 31.87 5820 1096211.66 35036661.00
29/06/2016 32.20 31.22 32.98 31.59 6996 1590171.31 50815039.00
30/06/2016 31.46 31.35 32.40 31.83 5424 1670632.01 53121062.00
01/07/2016 32.22 31.69 32.56 32.20 4164 806385.73 25903328.00
04/07/2016 32.50 32.13 32.88 32.43 1718 359718.98 11718772.00
05/07/2016 32.30 31.83 32.52 32.22 2125 701650.79 22505410.00
06/07/2016 32.27 32.05 33.07 32.77 3279 788284.68 25728035.00
07/07/2016 32.69 32.51 33.30 32.69 3875 1011670.38 33299893.00
08/07/2016 32.86 32.59 33.05 32.97 2651 734295.45 24152681.00
11/07/2016 32.98 32.92 33.21 33.21 2114 543659.04 18010004.00
12/07/2016 33.26 32.97 33.62 33.08 3370 650486.58 21602702.00
13/07/2016 33.06 32.68 33.29 32.88 5237 1023179.72 33674496.00
14/07/2016 33.23 32.91 33.51 33.35 4360 827730.31 27614977.00
15/07/2016 33.18 32.21 33.62 32.32 6927 1339058.60 43615211.00
18/07/2016 32.26 32.07 33.04 32.82 3070 996917.51 32701473.00
19/07/2016 32.81 32.65 33.41 32.97 3689 1850177.61 61018763.00
20/07/2016 33.05 32.63 33.14 33.12 3012 829927.55 27345664.00
21/07/2016 32.97 32.38 33.24 32.72 4547 789226.37 25857738.00
22/07/2016 32.83 32.55 33.14 32.59 3571 671831.16 22006960.00
25/07/2016 32.69 31.71 32.75 32.07 4249 920014.24 29409141.00
26/07/2016 32.14 31.84 33.13 32.69 5344 1058335.50 34540176.00
27/07/2016 32.84 32.48 32.95 32.51 4709 766626.22 25072642.00
28/07/2016 32.50 31.88 32.68 32.63 2624 538636.79 17499745.00
29/07/2016 32.60 32.31 32.92 32.54 5031 1038246.48 33792494.00
01/08/2016 32.67 32.03 32.71 32.23 5705 1063880.90 34481948.00
02/08/2016 32.22 31.00 32.44 31.54 5715 1017843.57 32035336.00
03/08/2016 31.54 30.74 31.77 31.21 5605 1152607.40 35975078.00
04/08/2016 31.33 30.54 31.54 30.82 9962 1955017.17 60657780.00
05/08/2016 30.99 30.93 32.33 32.33 5646 2246412.56 71627536.00
08/08/2016 32.35 31.58 32.40 32.02 5832 989174.87 31527620.00
09/08/2016 32.14 32.09 32.46 32.41 4137 1222605.07 39504188.00
10/08/2016 32.42 31.99 32.64 32.64 4462 1019413.02 32925386.00
11/08/2016 33.06 32.03 33.13 32.54 5331 1121532.20 36339584.00
12/08/2016 32.53 32.08 33.26 32.55 5347 997649.92 32473746.00
15/08/2016 32.42 32.31 33.29 32.76 6605 1438248.12 47079631.00
16/08/2016 32.55 32.53 33.75 33.45 4386 1223860.63 40669558.00
17/08/2016 33.43 33.31 34.53 34.53 4171 1438875.90 49226282.00
18/08/2016 34.53 33.98 34.81 34.64 4696 926396.68 31899650.00
19/08/2016 34.41 34.04 34.66 34.23 2212 471254.87 16118280.00
22/08/2016 34.21 33.30 34.28 33.59 2722 508084.74 17056768.00
23/08/2016 33.59 33.54 33.95 33.68 3393 544496.09 18376900.00
24/08/2016 33.64 33.39 34.66 34.26 3871 687211.82 23515678.00
25/08/2016 34.26 33.96 34.93 34.51 5377 1009473.14 34848499.00
26/08/2016 34.56 34.27 34.87 34.61 5280 798329.20 27561846.00
29/08/2016 34.68 34.18 35.54 34.98 5613 1579499.02 55093840.00
30/08/2016 35.03 34.81 36.84 36.84 8929 2059438.21 74252441.00
31/08/2016 36.58 35.48 36.77 35.96 9086 1790852.24 64322732.00
01/09/2016 35.94 35.70 36.81 35.97 5748 1278477.64 46127517.00
02/09/2016 35.96 35.81 36.35 36.35 4691 844680.42 30549968.00
05/09/2016 36.31 36.13 36.94 36.57 3064 532358.97 19480951.00
06/09/2016 36.70 35.93 36.70 36.22 3419 673714.51 24401400.00
08/09/2016 36.13 35.51 36.20 36.08 6032 1125089.62 40345108.00
09/09/2016 35.64 34.89 35.87 35.13 7623 1161396.34 40880333.00
12/09/2016 35.13 34.51 35.61 35.28 7580 1215594.84 42637985.00
13/09/2016 35.17 34.02 35.18 34.29 6555 1226894.90 42161457.00
14/09/2016 34.12 33.77 34.50 33.94 2988 535916.40 18205104.00
15/09/2016 33.96 33.96 34.96 34.47 3280 627781.80 21738429.00
16/09/2016 34.30 33.78 34.30 33.78 3977 1237253.31 41967520.00
19/09/2016 33.78 33.78 34.62 34.09 4188 864141.65 29557676.00
20/09/2016 34.36 34.36 35.62 35.41 9786 1945391.18 68360039.00
21/09/2016 35.55 35.14 36.16 36.03 6294 1106883.95 39489464.00
22/09/2016 36.32 35.57 36.65 35.78 6167 1003927.74 36070024.00
23/09/2016 36.09 34.99 36.09 35.61 3309 641279.12 22734281.00
26/09/2016 35.45 34.81 35.46 34.86 3330 659275.53 23064669.00
27/09/2016 34.86 34.67 35.25 35.08 3261 542926.63 19019061.00
28/09/2016 35.08 35.08 36.23 36.22 3592 797492.15 28654355.00
29/09/2016 35.99 35.65 36.32 35.82 3768 648080.08 23249410.00
30/09/2016 35.67 35.32 36.10 36.04 2773 810361.68 29069093.00
03/10/2016 36.08 36.08 36.88 36.62 5733 1406126.61 51427860.00
04/10/2016 36.60 35.95 36.74 36.41 3687 671831.16 24403242.00
05/10/2016 36.56 36.51 37.99 37.92 5160 1320329.77 49500429.00
06/10/2016 37.92 37.63 38.69 38.64 3585 767777.15 29322112.00
07/10/2016 38.65 37.87 39.07 38.62 5100 1408951.63 54093110.00
10/10/2016 38.62 37.86 38.95 38.24 4275 1162965.79 44476006.00
11/10/2016 38.33 37.99 39.33 38.62 4784 1662575.48 64224171.00
13/10/2016 38.42 38.13 39.94 39.64 9942 2449499.98 95942050.00
14/10/2016 39.81 38.53 39.85 39.61 5577 1356741.12 53301068.00
17/10/2016 39.68 39.29 40.20 39.85 5702 989384.12 39370981.00
18/10/2016 39.86 39.57 41.84 41.84 7201 1276594.30 52077767.00
19/10/2016 41.45 40.01 42.41 40.22 7292 1333827.08 54551752.00
20/10/2016 40.22 39.66 41.13 40.60 4311 702069.32 28551454.00
21/10/2016 40.69 40.45 41.45 41.41 4086 758360.42 31232874.00
24/10/2016 41.46 40.37 41.70 40.80 2859 522628.35 21386376.00
25/10/2016 40.61 40.37 41.22 41.08 3233 541775.70 22142741.00
26/10/2016 40.61 39.01 40.83 39.41 7810 1652949.49 65452743.00
27/10/2016 39.41 39.34 41.13 41.03 5560 860061.07 34915085.00
28/10/2016 40.84 40.56 41.42 40.73 4607 962180.25 39379999.00
31/10/2016 40.88 40.62 41.19 41.02 2863 713997.18 29217382.00
01/11/2016 41.19 39.47 41.22 39.86 5220 891345.53 35780999.00
03/11/2016 39.57 38.73 40.16 38.83 4337 794248.61 31276094.00
04/11/2016 38.72 38.53 39.96 38.86 4904 734713.97 28928230.00
07/11/2016 39.37 39.37 40.70 40.65 2882 499818.95 20178851.00
08/11/2016 40.34 40.29 41.38 41.34 2937 544391.46 22319426.00
09/11/2016 39.81 38.96 40.89 40.33 6523 1330688.17 53229385.00
10/11/2016 40.53 36.47 40.62 38.90 8727 1708717.45 65466453.00
11/11/2016 38.22 35.13 38.50 35.36 13554 2723108.22 99459264.00
14/11/2016 35.26 34.39 36.61 36.32 9196 1523103.29 54555679.00
16/11/2016 36.35 34.98 36.87 35.36 10148 2584159.18 91681243.00
17/11/2016 35.88 33.93 35.88 33.93 7541 1443479.63 50257577.00
18/11/2016 33.93 33.62 36.41 35.31 7571 1452582.47 51574736.00
21/11/2016 35.40 34.48 37.11 36.00 7663 1510861.55 54465935.00
22/11/2016 36.72 35.73 36.92 36.37 6982 1621246.51 58792789.00
23/11/2016 36.32 35.00 36.69 35.86 6386 1107930.26 39696646.00
24/11/2016 36.15 35.47 36.56 36.24 3142 559144.33 20183017.00
25/11/2016 35.91 35.61 37.17 36.75 5900 1214862.43 44681847.00
28/11/2016 36.75 35.97 37.12 36.79 4246 823126.58 30005194.00
29/11/2016 36.79 36.13 36.79 36.50 3918 697779.48 25455134.00
30/11/2016 36.95 36.90 38.20 37.73 7035 1367518.03 51515541.00
01/12/2016 37.26 35.96 37.66 36.44 11546 1653577.28 60961208.00
02/12/2016 36.01 34.70 37.06 36.50 6226 976828.49 35239047.00
05/12/2016 36.61 34.94 36.75 35.36 9835 1625013.20 57510412.00
06/12/2016 35.36 35.17 37.38 37.28 5887 982897.05 35960056.00
07/12/2016 37.75 36.24 37.96 37.17 5239 998696.22 37084940.00
08/12/2016 37.70 35.87 38.02 36.61 5360 1099769.09 40505493.00
09/12/2016 36.93 36.15 37.26 37.05 4163 651846.78 23953287.00
12/12/2016 36.42 36.24 36.81 36.49 2778 523570.03 19119047.00
13/12/2016 36.26 35.77 36.74 36.21 5568 907681.33 32905315.00
14/12/2016 36.11 35.54 36.95 35.54 5139 956825.60 34832332.00
15/12/2016 35.53 34.71 36.61 36.29 4564 849303.28 30412143.00
16/12/2016 36.54 35.46 36.80 36.21 3606 814420.08 29382431.00
19/12/2016 36.23 35.23 36.65 35.23 2871 624922.23 22397326.00
20/12/2016 35.75 34.99 35.93 35.43 3571 565107.81 19949910.00
21/12/2016 35.38 35.23 36.34 35.60 2041 359399.54 12823891.00
22/12/2016 35.59 35.25 36.30 36.18 3927 545922.05 19598732.00
23/12/2016 36.27 35.91 36.31 35.96 1185 196782.28 7093475.00
26/12/2016 36.14 35.53 36.14 35.58 1270 316513.72 11300145.00
27/12/2016 35.95 34.74 36.12 34.81 4899 967495.76 34124020.00
28/12/2016 34.77 34.12 37.18 36.80 6043 1190748.23 43176287.00
29/12/2016 36.76 36.10 37.20 37.18 4284 748347.20 27460524.00
02/01/2017 36.67 36.03 36.90 36.21 2757 533712.93 19378117.00
03/01/2017 36.45 36.45 38.29 37.90 4665 901628.07 33899473.00
04/01/2017 37.71 37.41 37.99 37.92 3244 628205.36 23685264.00
05/01/2017 37.88 36.77 38.68 37.85 7136 1342284.94 50589068.00
06/01/2017 37.43 36.88 37.75 36.97 4135 774919.99 28798741.00
09/01/2017 36.99 36.65 37.72 37.53 4145 610353.37 22835702.00
10/01/2017 37.67 36.61 38.04 36.63 3917 864282.53 32078824.00
11/01/2017 36.94 35.92 37.00 37.00 5232 933946.33 34037426.00
12/01/2017 37.82 37.14 38.24 37.56 5476 870951.38 32740603.00
13/01/2017 37.53 37.21 37.82 37.64 4998 1124470.15 42159099.00
16/01/2017 37.53 37.23 37.89 37.39 1631 399412.62 14990115.00
17/01/2017 37.26 37.26 38.83 38.73 5847 1134319.52 43446981.00
18/01/2017 38.85 37.66 38.99 38.23 3949 749475.77 28642276.00
19/01/2017 38.32 37.91 38.61 38.58 3858 686788.61 26318591.00
20/01/2017 38.74 38.51 39.39 39.25 5556 815753.85 31807402.00
23/01/2017 39.36 38.66 39.51 39.30 4519 702793.84 27518674.00
24/01/2017 39.30 39.10 40.03 39.79 3915 1309453.70 51618521.00
26/01/2017 40.05 39.60 40.34 39.74 4544 1180488.46 47138145.00
27/01/2017 39.77 38.94 39.77 39.52 4959 1082918.11 42594840.00
30/01/2017 39.22 38.39 39.47 39.09 3336 579676.67 22558131.00
31/01/2017 39.10 38.68 39.47 39.25 3163 542638.93 21204726.00
01/02/2017 39.58 39.18 40.10 39.59 3693 729571.83 28949433.00
02/02/2017 39.47 39.25 40.45 40.22 4886 873926.71 35052962.00
03/02/2017 40.35 39.96 41.91 41.57 7573 1300322.51 53838235.00
06/02/2017 41.57 41.02 42.15 41.52 7932 1319610.86 54906590.00
07/02/2017 41.77 40.53 41.77 41.12 3879 987091.91 40361110.00
08/02/2017 41.10 40.06 41.14 40.36 4827 980525.66 39564587.00
09/02/2017 40.37 39.68 40.74 40.47 3575 553514.28 22301527.00
10/02/2017 40.50 40.23 41.08 40.89 3233 564081.83 23047529.00
13/02/2017 41.00 40.13 41.17 40.57 4106 554129.86 22475121.00
14/02/2017 40.58 40.50 41.32 41.05 5179 1000327.00 40984088.00
15/02/2017 41.23 40.95 42.40 41.47 7835 1961051.32 81956593.00
16/02/2017 41.53 40.86 41.96 41.33 4226 829296.74 34293570.00
17/02/2017 41.32 40.97 41.80 41.52 2453 514424.57 21336762.00
20/02/2017 41.77 41.36 42.11 41.91 1825 643902.80 26918739.00
21/02/2017 41.87 41.35 42.31 42.31 4684 1293756.26 54071892.00
22/02/2017 42.18 39.90 42.18 40.20 8932 1597445.28 64769553.00
23/02/2017 40.35 38.81 40.40 39.68 8912 1686807.82 66630677.00
24/02/2017 39.09 38.26 39.87 38.89 5589 996633.49 38797996.00
01/03/2017 38.91 37.63 39.24 38.01 8733 1723127.39 65761707.00
02/03/2017 38.18 38.05 38.98 38.31 5893 1288523.78 49564021.00
03/03/2017 38.43 37.11 38.74 37.44 6473 1902365.47 71852690.00
06/03/2017 37.26 37.26 38.43 38.36 5842 1108157.13 42066965.00
07/03/2017 38.35 36.40 38.35 37.19 5890 1504184.02 55819757.00
08/03/2017 37.25 36.86 37.98 37.04 6633 1784891.17 66825896.00
09/03/2017 37.05 37.00 37.99 37.72 6350 1580721.86 59518907.00
10/03/2017 37.99 36.91 38.30 37.10 4632 1096973.98 41070516.00
13/03/2017 37.53 37.20 38.28 38.01 4052 719722.45 27081270.00
14/03/2017 37.83 36.47 37.83 36.47 5891 1432263.07 52854143.00
15/03/2017 36.73 36.07 37.65 37.53 7302 1747237.83 64219127.00
16/03/2017 37.45 37.09 38.41 37.63 6492 1541324.37 58388694.00
17/03/2017 37.70 36.28 38.15 36.89 5702 1714816.98 63446999.00
20/03/2017 36.35 36.35 37.81 37.00 4419 910451.47 33987538.00
21/03/2017 36.80 35.19 36.97 35.54 6220 1345055.08 48032427.00
22/03/2017 35.54 35.02 36.66 36.66 5014 916709.93 32875899.00
23/03/2017 36.32 35.54 36.35 35.88 7280 1408870.81 50542928.00
24/03/2017 36.00 35.64 37.39 36.68 6021 1072658.34 39546207.00
27/03/2017 36.55 36.08 37.15 36.86 3380 652418.40 24041135.00
28/03/2017 36.57 36.55 38.21 38.03 4439 902859.24 34169572.00
29/03/2017 38.02 37.41 38.18 37.92 4485 1635611.60 61840657.00
30/03/2017 38.02 37.01 38.14 37.34 3233 1034081.63 38647877.00
31/03/2017 37.23 37.20 37.88 37.88 5085 1237635.35 46497528.00
03/04/2017 37.85 37.46 38.82 37.92 6136 1199879.42 45758513.00
04/04/2017 37.73 36.84 38.04 37.25 6744 1473302.13 54967786.00
05/04/2017 37.52 36.62 38.05 37.03 6793 1257539.29 46933342.00
06/04/2017 36.81 36.45 37.66 37.01 5865 974267.20 36062157.00
07/04/2017 36.84 36.76 37.72 37.72 3713 670167.79 25098487.00
10/04/2017 37.72 37.30 37.95 37.82 2882 586037.73 22072805.00
11/04/2017 37.53 36.50 37.80 37.52 4174 944103.50 35178379.00
12/04/2017 37.50 37.27 38.75 37.92 6686 1118622.08 42523969.00
13/04/2017 37.62 37.11 37.95 37.23 3143 516373.93 19322792.00
17/04/2017 37.37 37.19 37.68 37.39 3663 604197.51 22581178.00
18/04/2017 37.33 36.36 37.33 36.75 3589 1434828.02 52737896.00
19/04/2017 36.84 35.61 36.99 35.77 3546 960313.92 34639636.00
20/04/2017 35.90 35.24 36.19 35.31 3624 708539.31 25258771.00
24/04/2017 35.90 35.38 36.05 35.66 3289 901320.28 32230820.00
25/04/2017 35.58 35.13 36.06 36.06 3665 1025873.82 36585996.00
26/04/2017 35.90 34.92 35.90 34.92 4986 1393070.78 49047000.00
27/04/2017 35.00 34.39 35.27 34.80 3123 809597.99 28152925.00
28/04/2017 34.89 34.78 36.17 36.17 5591 1107336.34 39613913.00
02/05/2017 36.37 35.86 37.37 36.76 7321 1430400.00 52153447.00
03/05/2017 36.90 35.90 36.98 35.90 4659 958100.00 34685540.00
04/05/2017 35.88 34.41 35.91 34.65 9150 1710200.00 59475961.00
05/05/2017 34.70 34.70 35.75 35.26 6318 1304900.00 46063374.00
08/05/2017 35.31 35.26 36.29 36.29 4657 804500.00 28963633.00
09/05/2017 36.28 36.14 37.15 36.99 6135 1401300.00 51752913.00
10/05/2017 37.08 36.81 38.40 37.65 6120 1850400.00 69951908.00
11/05/2017 37.70 36.91 38.34 37.07 5020 1310900.00 49290694.00
12/05/2017 37.45 37.08 38.10 37.53 4658 740700.00 27737861.00
15/05/2017 37.42 37.30 38.32 38.00 2889 895000.00 34009785.00
16/05/2017 38.25 38.12 39.17 39.17 10570 2594300.00 100366125.00
17/05/2017 38.90 38.11 38.91 38.56 6571 1402900.00 54014792.00
18/05/2017 33.01 33.01 36.30 35.33 11984 2371300.00 83085335.00
19/05/2017 35.11 35.11 36.02 35.79 6500 1201300.00 42849618.00
22/05/2017 34.84 34.31 35.40 34.81 6021 1049500.00 36482323.00
23/05/2017 35.34 34.85 35.92 35.63 5261 1042700.00 37033123.00
24/05/2017 36.25 35.74 36.55 35.94 8746 4260500.00 154270471.00
25/05/2017 35.93 35.93 36.50 36.30 4311 895200.00 32506938.00
26/05/2017 36.55 35.94 36.96 36.56 6072 1364500.00 49667016.00
29/05/2017 36.55 36.05 37.15 36.96 2484 540900.00 19910861.00
30/05/2017 36.99 36.52 37.21 36.60 4404 784800.00 28896095.00
31/05/2017 36.60 36.03 37.03 36.03 8808 5091300.00 184159735.00
01/06/2017 36.40 36.40 37.40 36.55 7912 1555000.00 57412557.00
02/06/2017 36.80 36.01 37.14 36.01 5015 969900.00 35270317.00
05/06/2017 35.60 34.00 35.65 34.53 8859 1854900.00 64593479.00
06/06/2017 34.65 33.46 34.98 34.40 10674 2154600.00 73395942.00
07/06/2017 34.50 33.52 34.95 34.41 14389 2263900.00 77161909.00
08/06/2017 34.10 32.41 34.17 33.27 11106 2380500.00 79180174.00
09/06/2017 33.25 32.00 33.78 32.29 12330 2427200.00 79923582.00
12/06/2017 32.16 31.18 32.61 31.70 15162 2606000.00 82437829.00
13/06/2017 31.70 30.92 32.17 31.30 8453 1634800.00 51241111.00
14/06/2017 31.56 31.01 32.35 31.70 8451 2230900.00 70973544.00
16/06/2017 31.54 31.01 31.88 31.10 6216 2430700.00 75786032.00
