20/06/2016 27.10 27.05 27.42 27.06 1167 179000.00 4870577.00
21/06/2016 27.00 26.90 27.30 27.08 1102 147900.00 4006703.00
22/06/2016 26.89 26.89 27.44 27.03 1375 168800.00 4596827.00
23/06/2016 27.00 26.95 27.26 27.26 1203 145100.00 3937463.00
24/06/2016 26.56 26.24 26.80 26.79 1057 133100.00 3544274.00
27/06/2016 26.77 26.61 27.39 26.85 817 105200.00 2831841.00
28/06/2016 27.00 26.77 27.25 27.16 1280 243800.00 6599255.00
29/06/2016 27.33 27.22 28.53 28.51 1404 270000.00 7615734.00
30/06/2016 28.68 28.59 29.60 29.60 2038 421300.00 12342493.00
01/07/2016 29.60 29.29 29.88 29.55 1020 115700.00 3432639.00
04/07/2016 29.64 29.02 30.00 29.96 575 83500.00 2472516.00
05/07/2016 30.03 29.42 30.36 30.10 1248 151800.00 4519640.00
06/07/2016 29.73 29.73 30.75 30.32 1637 407100.00 12351776.00
07/07/2016 30.67 30.21 31.11 30.54 1501 346200.00 10600460.00
08/07/2016 31.10 30.85 31.70 31.56 1012 144200.00 4526138.00
11/07/2016 31.70 31.70 33.00 32.74 1064 1267400.00 40612101.00
12/07/2016 33.43 32.75 33.76 33.39 1118 148500.00 4956416.00
13/07/2016 33.10 33.10 34.00 33.85 1007 117800.00 3986696.00
14/07/2016 33.96 33.27 34.37 33.33 862 128500.00 4336563.00
15/07/2016 33.49 32.82 33.75 33.14 1164 141800.00 4713256.00
18/07/2016 32.91 32.65 34.21 34.08 828 132500.00 4466626.00
19/07/2016 33.85 33.79 34.73 34.15 1280 174100.00 5965165.00
20/07/2016 33.88 32.53 34.41 32.56 1517 255500.00 8450959.00
21/07/2016 32.58 32.50 33.99 33.00 2211 326000.00 10776599.00
22/07/2016 33.63 32.10 33.63 32.61 1507 222300.00 7314105.00
25/07/2016 32.82 32.31 33.72 33.00 1851 345900.00 11463147.00
26/07/2016 32.97 32.58 33.64 33.08 2182 432400.00 14322553.00
27/07/2016 33.19 32.74 33.85 33.41 1618 291300.00 9669609.00
28/07/2016 33.50 32.82 33.97 33.00 1291 534800.00 17680301.00
29/07/2016 33.01 32.70 33.35 33.00 1167 380600.00 12560256.00
01/08/2016 33.38 32.53 34.15 32.60 1267 247600.00 8224290.00
02/08/2016 32.58 32.20 33.16 32.88 857 153900.00 5054850.00
03/08/2016 32.99 31.91 32.99 32.39 1498 228400.00 7407485.00
04/08/2016 32.62 32.46 33.00 32.55 1310 191800.00 6303773.00
05/08/2016 32.62 32.22 32.88 32.66 445 56600.00 1840225.00
08/08/2016 32.46 32.10 33.00 32.63 830 98700.00 3220011.00
09/08/2016 32.69 32.47 33.00 32.89 414 69400.00 2279208.00
10/08/2016 33.03 31.55 33.03 31.77 1085 139000.00 4439282.00
11/08/2016 31.95 31.67 33.30 33.30 603 71700.00 2330234.00
12/08/2016 33.49 32.07 33.94 32.40 1667 322300.00 10726517.00
15/08/2016 32.74 31.97 32.83 32.10 610 96700.00 3139890.00
16/08/2016 31.95 30.85 32.78 31.70 1699 1238500.00 38497237.00
17/08/2016 31.51 31.14 32.22 32.08 851 113400.00 3610130.00
18/08/2016 32.01 32.00 32.76 32.50 1164 855400.00 27692286.00
19/08/2016 32.64 32.30 32.95 32.83 890 557200.00 18310350.00
22/08/2016 32.98 31.55 33.00 31.74 1068 166700.00 5320680.00
23/08/2016 31.64 30.91 32.04 31.75 834 136800.00 4304299.00
24/08/2016 31.83 31.17 31.93 31.60 1261 251800.00 7915474.00
25/08/2016 31.73 31.18 32.22 31.55 1230 180500.00 5705978.00
26/08/2016 32.00 30.90 32.23 31.25 1244 219400.00 6857581.00
29/08/2016 31.29 31.28 32.50 32.32 747 87900.00 2827361.00
30/08/2016 32.07 32.02 32.77 32.45 1092 129400.00 4197873.00
31/08/2016 32.30 32.30 33.21 33.00 1329 347700.00 11459212.00
01/09/2016 33.22 32.49 33.66 32.80 631 235600.00 7770404.00
02/09/2016 33.01 32.72 33.15 33.00 1049 663100.00 21887887.00
05/09/2016 33.00 32.61 34.19 33.17 1031 739100.00 24463195.00
06/09/2016 33.18 32.90 33.74 33.30 1086 325700.00 10790420.00
08/09/2016 33.48 33.30 34.69 33.60 2000 325600.00 11031059.00
09/09/2016 33.46 32.17 33.47 32.50 1548 229600.00 7476006.00
12/09/2016 32.31 31.50 33.35 32.97 2436 343900.00 11038827.00
13/09/2016 33.12 30.74 33.12 31.07 1074 161700.00 5095142.00
14/09/2016 31.27 30.97 32.11 31.81 760 92900.00 2934795.00
15/09/2016 32.11 31.30 32.11 31.70 873 108400.00 3435198.00
16/09/2016 32.11 30.99 32.11 31.03 839 136400.00 4252693.00
19/09/2016 30.83 30.83 31.71 31.25 1957 267600.00 8393214.00
20/09/2016 30.87 30.83 31.83 31.03 1669 242800.00 7574031.00
21/09/2016 30.82 30.82 32.00 31.49 1309 252400.00 7964364.00
22/09/2016 32.28 31.56 32.72 32.66 1436 223400.00 7239810.00
23/09/2016 32.24 32.00 32.81 32.00 1539 310800.00 10082438.00
26/09/2016 32.09 31.47 32.51 32.31 984 151800.00 4886627.00
27/09/2016 32.67 31.81 32.67 32.47 1188 138300.00 4450682.00
28/09/2016 32.54 32.16 32.85 32.84 1045 128300.00 4167770.00
29/09/2016 32.85 32.06 33.14 32.35 499 58800.00 1907239.00
30/09/2016 32.18 31.96 32.74 32.69 1158 224800.00 7307034.00
03/10/2016 32.69 32.41 33.09 32.88 831 110700.00 3639880.00
04/10/2016 33.09 32.47 33.94 32.95 2532 363200.00 11914755.00
05/10/2016 33.15 32.83 33.70 33.50 909 105200.00 3515560.00
06/10/2016 33.38 33.00 33.62 33.30 1047 150600.00 4995331.00
07/10/2016 33.48 32.80 33.54 33.17 1167 229700.00 7613248.00
10/10/2016 33.54 32.91 33.54 32.95 530 66700.00 2205251.00
11/10/2016 32.95 32.01 33.05 32.95 1012 229100.00 7439937.00
13/10/2016 33.05 32.95 34.62 33.61 1723 477300.00 16084381.00
14/10/2016 33.55 32.82 33.99 33.20 685 143000.00 4752440.00
17/10/2016 33.41 32.89 33.83 33.60 1036 136100.00 4544790.00
18/10/2016 33.82 33.14 33.87 33.87 1158 178100.00 5989511.00
19/10/2016 33.76 33.09 33.78 33.09 861 132400.00 4414531.00
20/10/2016 33.18 32.27 33.25 33.00 942 113100.00 3725111.00
21/10/2016 33.09 32.70 33.54 33.49 606 149500.00 4984825.00
24/10/2016 33.55 32.94 33.59 33.05 1127 165600.00 5510942.00
25/10/2016 32.93 32.81 33.14 32.81 633 433700.00 14242680.00
26/10/2016 33.14 32.43 33.95 33.24 2851 832000.00 27797338.00
27/10/2016 32.97 32.89 33.45 33.44 2280 3493900.00 115473839.00
28/10/2016 33.47 32.99 33.61 33.22 1791 917300.00 30526509.00
31/10/2016 33.20 32.89 33.52 33.32 1673 590100.00 19524517.00
01/11/2016 33.18 32.93 33.59 33.13 2050 1545000.00 51041017.00
03/11/2016 33.45 33.00 33.81 33.50 1882 753100.00 25210027.00
04/11/2016 33.97 33.37 33.97 33.80 2009 716200.00 24109257.00
07/11/2016 34.00 33.42 34.00 33.59 1616 1249600.00 41989506.00
08/11/2016 33.30 33.06 34.56 34.45 3373 6180800.00 205801618.00
09/11/2016 33.50 33.41 34.30 34.00 2321 1371800.00 46392810.00
10/11/2016 34.39 31.69 34.39 33.40 3702 980800.00 32312252.00
11/11/2016 33.40 28.57 33.70 32.00 3307 895800.00 27143494.00
14/11/2016 31.70 29.50 31.70 29.85 3358 811800.00 24439885.00
16/11/2016 30.18 29.39 31.59 31.51 3767 695100.00 21319362.00
17/11/2016 31.50 30.42 31.93 30.60 2146 459800.00 14312837.00
18/11/2016 30.77 30.47 31.80 31.43 1907 310600.00 9698514.00
21/11/2016 31.97 31.03 33.95 33.15 3686 516100.00 16854656.00
22/11/2016 33.91 33.07 34.50 33.70 5206 1257800.00 42590730.00
23/11/2016 34.00 33.18 34.08 33.53 2415 1167700.00 39318380.00
24/11/2016 34.14 33.06 34.20 33.85 697 159000.00 5382471.00
25/11/2016 33.99 33.56 33.99 33.69 839 233500.00 7889876.00
28/11/2016 33.51 33.50 34.50 34.20 2251 822200.00 28106905.00
29/11/2016 34.21 33.09 34.21 33.50 2540 3249200.00 108582999.00
30/11/2016 33.35 33.35 34.14 34.09 2188 556000.00 18895086.00
01/12/2016 34.09 33.02 34.24 33.21 2918 659400.00 22054896.00
02/12/2016 33.00 32.45 33.49 33.49 2560 495700.00 16357931.00
05/12/2016 33.83 32.75 34.05 33.60 3936 714200.00 23982470.00
06/12/2016 33.61 33.21 34.18 33.75 1972 924000.00 30994304.00
07/12/2016 33.59 33.18 33.97 33.54 1853 369400.00 12378101.00
08/12/2016 33.42 32.83 33.69 33.40 1265 302300.00 10044503.00
09/12/2016 33.25 32.85 33.50 33.25 1776 638500.00 21093929.00
12/12/2016 33.25 32.50 33.48 33.05 2182 861100.00 28542944.00
13/12/2016 32.65 32.65 33.30 32.95 2225 427600.00 14092488.00
14/12/2016 32.57 32.57 33.89 33.23 4307 4993700.00 165088836.00
15/12/2016 33.17 32.59 33.40 33.28 1624 246200.00 8154040.00
16/12/2016 33.35 33.32 35.48 35.10 4392 1130200.00 39356945.00
19/12/2016 35.30 35.05 35.88 35.30 4891 1935600.00 68487639.00
20/12/2016 35.30 33.95 35.64 34.49 2068 345500.00 11892688.00
21/12/2016 34.53 34.35 34.85 34.47 1010 208700.00 7203590.00
22/12/2016 34.47 33.88 34.58 34.47 1691 326000.00 11174353.00
23/12/2016 34.71 34.51 35.07 34.65 724 105800.00 3683510.00
26/12/2016 34.88 34.40 34.88 34.85 754 132300.00 4585335.00
27/12/2016 34.95 34.66 35.30 35.15 1118 193100.00 6776735.00
28/12/2016 35.37 34.88 35.80 35.80 1270 197800.00 7034882.00
29/12/2016 35.85 35.00 36.50 36.50 1504 439500.00 15897859.00
02/01/2017 36.10 35.73 36.90 36.80 1477 270200.00 9831847.00
03/01/2017 36.77 35.83 37.02 36.20 2762 521200.00 19056146.00
04/01/2017 36.36 35.86 36.41 36.18 1283 154400.00 5569589.00
05/01/2017 35.94 35.89 36.41 36.15 2288 566700.00 20446877.00
06/01/2017 36.15 35.60 36.22 36.00 2100 381800.00 13744560.00
09/01/2017 36.45 36.23 37.19 37.07 2811 894100.00 32914972.00
10/01/2017 37.05 36.60 37.17 36.95 1671 310800.00 11460226.00
11/01/2017 37.08 36.68 37.64 37.64 1904 408700.00 15243603.00
12/01/2017 37.99 37.68 40.22 39.80 3345 882400.00 34583129.00
13/01/2017 39.51 39.19 39.77 39.70 2554 476200.00 18821177.00
16/01/2017 39.85 39.21 39.88 39.50 1999 311700.00 12287670.00
17/01/2017 39.50 39.37 40.47 40.15 3845 556500.00 22339292.00
18/01/2017 40.00 39.67 40.40 39.76 1616 386500.00 15415176.00
19/01/2017 39.79 38.62 39.93 39.45 1682 295500.00 11608696.00
20/01/2017 39.63 39.00 39.96 39.69 2885 370700.00 14600324.00
23/01/2017 39.88 39.57 40.35 40.21 1595 395300.00 15813682.00
24/01/2017 40.29 40.29 41.59 41.20 1703 423700.00 17385172.00
26/01/2017 41.31 40.76 41.59 41.45 1789 512500.00 21151970.00
27/01/2017 41.58 41.22 41.98 41.98 1841 266100.00 11112731.00
30/01/2017 41.96 40.85 41.96 40.95 2099 316600.00 13062319.00
31/01/2017 41.41 40.94 43.79 43.16 3682 1326700.00 57352364.00
01/02/2017 43.58 43.17 44.93 44.67 4149 1602200.00 71261775.00
02/02/2017 45.38 43.80 45.56 44.98 3730 714200.00 31972683.00
03/02/2017 45.09 44.48 45.42 45.34 2234 1038200.00 46833244.00
06/02/2017 45.45 45.18 46.24 45.41 2975 1010700.00 46151412.00
07/02/2017 45.41 44.26 45.80 44.92 3032 957900.00 43159201.00
08/02/2017 45.42 44.44 45.52 45.08 4631 810300.00 36456476.00
09/02/2017 45.00 44.46 46.86 46.55 3400 543300.00 24915494.00
10/02/2017 47.00 46.83 49.29 48.97 5285 1360300.00 65739667.00
13/02/2017 49.58 48.13 52.00 49.60 4313 548900.00 27314712.00
14/02/2017 49.32 48.49 49.59 48.79 2201 376300.00 18369677.00
15/02/2017 48.53 48.44 49.41 49.16 3955 1808900.00 88395943.00
16/02/2017 49.20 48.52 49.95 49.66 2836 451500.00 22329689.00
17/02/2017 49.79 49.12 49.88 49.80 1645 482600.00 23920269.00
20/02/2017 49.81 49.39 50.80 49.71 1965 397200.00 19819539.00
21/02/2017 50.21 49.95 51.78 51.29 4378 1034600.00 52987016.00
22/02/2017 51.28 49.42 51.61 49.73 4587 852900.00 43018626.00
23/02/2017 49.73 49.50 50.84 50.49 2929 669000.00 33593711.00
24/02/2017 50.26 49.67 51.60 51.59 3605 784900.00 39926866.00
01/03/2017 51.57 51.32 52.49 52.49 3434 714500.00 37118473.00
02/03/2017 52.73 52.30 53.76 53.76 3216 683800.00 36293291.00
03/03/2017 53.88 53.20 54.28 54.00 3247 1171600.00 63205558.00
06/03/2017 54.15 53.60 54.67 54.38 1703 311800.00 16883872.00
07/03/2017 54.42 53.72 55.47 54.31 899 263300.00 14272198.00
08/03/2017 54.32 51.90 54.32 52.62 2676 613600.00 32352590.00
09/03/2017 52.40 45.81 52.40 46.26 10282 2183800.00 105399779.00
10/03/2017 47.40 43.59 47.46 46.27 8189 1575200.00 71792497.00
13/03/2017 46.82 46.56 50.15 49.76 3594 827300.00 40517855.00
14/03/2017 49.98 49.14 50.84 49.54 3746 759000.00 37688102.00
15/03/2017 49.78 47.72 49.78 49.40 4789 1196500.00 58030106.00
16/03/2017 49.68 48.11 51.06 49.13 3378 490800.00 24134945.00
17/03/2017 49.34 44.99 49.34 44.99 5914 1428900.00 65487884.00
20/03/2017 44.99 40.83 44.99 41.90 5093 1029900.00 43359388.00
21/03/2017 42.16 41.38 43.30 42.42 5852 1336600.00 56783916.00
22/03/2017 42.70 41.86 44.40 44.25 3087 621000.00 26759893.00
23/03/2017 44.45 43.76 45.49 45.35 2482 451800.00 20184931.00
24/03/2017 45.12 45.03 46.11 45.80 2684 476300.00 21708386.00
27/03/2017 45.69 43.11 45.70 44.98 3267 576400.00 25722234.00
28/03/2017 44.50 42.76 44.79 43.67 2543 881000.00 38757743.00
29/03/2017 43.99 43.66 44.14 43.66 2524 403100.00 17669220.00
30/03/2017 43.92 42.00 43.98 42.80 1920 273400.00 11703040.00
31/03/2017 42.99 42.69 44.20 44.20 2315 957500.00 41964337.00
03/04/2017 44.20 43.96 44.76 44.55 1536 263900.00 11721166.00
04/04/2017 44.82 44.71 46.01 45.23 3272 842800.00 38127646.00
05/04/2017 45.84 45.25 45.97 45.60 5452 1008200.00 46080952.00
06/04/2017 45.60 44.67 45.76 45.32 4030 862100.00 38868684.00
07/04/2017 44.79 44.71 45.39 45.21 2229 445800.00 20084660.00
10/04/2017 45.52 44.94 46.11 45.50 3149 449100.00 20503589.00
11/04/2017 45.71 45.11 47.43 46.90 4763 689700.00 31930083.00
12/04/2017 46.50 45.47 47.05 45.80 3460 816000.00 37570394.00
13/04/2017 46.00 45.19 46.87 45.63 1560 275700.00 12636733.00
17/04/2017 46.18 45.50 46.48 46.05 1252 455000.00 20984310.00
18/04/2017 46.19 45.85 47.11 46.62 4032 781900.00 36302311.00
19/04/2017 46.80 46.16 47.12 46.70 2553 583900.00 27231618.00
20/04/2017 38.02 35.60 39.00 36.93 15421 5257200.00 197495929.00
24/04/2017 37.36 36.13 38.00 36.18 5826 1472500.00 54396061.00
25/04/2017 36.19 33.88 36.28 35.10 11378 2950600.00 102140133.00
26/04/2017 35.47 34.25 35.47 34.50 5564 1306800.00 45384209.00
27/04/2017 34.35 33.60 34.71 34.10 4106 1179700.00 40106226.00
28/04/2017 34.54 34.44 36.19 36.00 5683 2925600.00 103421882.00
02/05/2017 36.19 35.80 37.20 37.00 5048 953300.00 34794302.00
03/05/2017 37.18 36.76 38.36 38.10 3733 995300.00 37535103.00
04/05/2017 37.99 36.85 38.00 37.00 5428 1099400.00 41058524.00
05/05/2017 37.10 37.10 38.04 37.85 3891 676300.00 25555083.00
08/05/2017 37.94 37.38 38.50 38.13 4375 744700.00 28406892.00
09/05/2017 38.11 37.27 38.50 38.19 2852 423300.00 15986237.00
10/05/2017 38.39 37.84 38.77 38.26 3592 755900.00 28964689.00
11/05/2017 38.63 37.52 38.63 38.35 1609 583900.00 22135074.00
12/05/2017 38.48 37.57 39.31 37.89 6112 1129400.00 43420339.00
15/05/2017 37.90 35.87 38.00 36.10 5329 1675800.00 61609467.00
16/05/2017 36.38 36.35 37.39 37.30 4284 849800.00 31401145.00
17/05/2017 37.10 36.50 37.26 36.55 1896 338800.00 12461212.00
18/05/2017 30.80 30.80 33.37 32.60 6079 1218400.00 39449536.00
19/05/2017 32.31 32.03 33.91 32.91 7465 1741200.00 57139773.00
22/05/2017 32.31 30.79 32.70 31.59 4657 1066500.00 33349221.00
23/05/2017 31.78 31.76 32.86 32.23 4408 1076200.00 34706128.00
24/05/2017 32.67 32.07 32.99 32.55 3307 777800.00 25222719.00
25/05/2017 32.95 32.10 33.19 33.15 3067 912000.00 29831060.00
26/05/2017 33.20 33.20 34.64 34.10 3500 755900.00 25796750.00
29/05/2017 34.00 33.25 34.14 34.14 1874 438000.00 14766519.00
30/05/2017 34.00 33.90 35.14 34.82 1866 475600.00 16558682.00
31/05/2017 34.80 34.45 35.10 34.90 3010 757600.00 26400880.00
01/06/2017 35.01 33.98 35.38 34.59 2044 569000.00 19690947.00
02/06/2017 34.89 33.96 34.90 34.85 2087 306300.00 10593277.00
05/06/2017 34.89 34.14 34.89 34.65 2106 325200.00 11211755.00
06/06/2017 34.31 34.31 36.29 36.27 1940 576100.00 20477454.00
07/06/2017 36.89 35.50 36.89 36.14 3746 690400.00 24969865.00
08/06/2017 36.33 34.95 36.35 36.29 2592 595500.00 21217265.00
09/06/2017 36.54 35.71 38.01 38.00 5323 2181700.00 81499689.00
12/06/2017 37.98 37.42 38.27 37.77 3617 778900.00 29400847.00
13/06/2017 37.77 37.09 37.86 37.70 4247 785300.00 29435642.00
14/06/2017 37.81 37.05 38.36 38.36 3496 566000.00 21347328.00
16/06/2017 38.38 37.49 38.81 38.81 2374 616700.00 23688351.00
