20/06/2016 7.69 7.44 7.85 7.44 10565 8165800.00 62337027.00
21/06/2016 7.44 7.15 7.50 7.48 8914 7973300.00 58849264.00
22/06/2016 7.57 7.41 7.75 7.42 11929 8991600.00 68157902.00
23/06/2016 7.68 7.55 8.08 8.08 11118 7675900.00 60025110.00
24/06/2016 7.60 7.36 7.80 7.37 14316 10543700.00 79427766.00
27/06/2016 7.50 7.07 7.55 7.30 13443 9208400.00 66831575.00
28/06/2016 7.52 7.44 7.68 7.51 8666 6828900.00 51575422.00
29/06/2016 7.70 7.67 7.94 7.82 11177 8273600.00 64679317.00
30/06/2016 7.82 7.61 7.97 7.82 9479 7626600.00 59598649.00
01/07/2016 7.88 7.78 8.76 8.76 11257 10856900.00 90370148.00
04/07/2016 9.15 9.06 9.54 9.30 9431 7466300.00 69487917.00
05/07/2016 9.02 8.58 9.23 8.61 13764 12131000.00 106854406.00
06/07/2016 8.33 8.06 9.15 9.06 13882 15889100.00 136469945.00
07/07/2016 9.20 8.54 9.49 8.54 15356 12831900.00 115659471.00
08/07/2016 8.95 8.77 9.13 9.06 11172 8393700.00 75497535.00
11/07/2016 9.29 9.14 9.45 9.14 8154 7601700.00 70374057.00
12/07/2016 9.39 9.36 9.75 9.57 13561 10404400.00 99875513.00
13/07/2016 9.57 8.95 9.66 9.57 23287 15251300.00 142729239.00
14/07/2016 9.80 9.52 9.95 9.78 16624 11754500.00 114873753.00
15/07/2016 9.86 9.61 10.25 10.25 26057 13382600.00 135036641.00
18/07/2016 10.15 9.97 10.53 10.48 16529 10594700.00 109053118.00
19/07/2016 10.22 10.18 10.65 10.41 16253 12068900.00 126282949.00
20/07/2016 10.41 10.10 10.59 10.25 11219 7999100.00 82982439.00
21/07/2016 10.40 10.34 10.98 10.80 9836 8981400.00 96482626.00
22/07/2016 10.78 10.61 11.01 10.88 7832 5285300.00 57248638.00
25/07/2016 11.00 10.75 11.20 10.98 8346 5913200.00 65016124.00
26/07/2016 11.08 10.99 11.39 11.21 8070 6176200.00 69298327.00
27/07/2016 11.40 11.35 11.75 11.35 8204 6897500.00 79360951.00
28/07/2016 11.49 10.79 11.57 11.35 11515 6824900.00 76615423.00
29/07/2016 11.25 10.87 11.28 11.07 9379 7667100.00 85233753.00
01/08/2016 11.15 10.60 11.35 10.68 9822 6379700.00 70194447.00
02/08/2016 10.47 9.97 10.84 10.04 12938 7461800.00 76734400.00
03/08/2016 9.99 9.81 10.76 10.61 10447 6951000.00 71948825.00
04/08/2016 10.78 10.68 11.20 10.89 12034 8314100.00 91152788.00
05/08/2016 11.11 10.90 11.20 11.02 7336 4379600.00 48392351.00
08/08/2016 11.08 10.65 11.22 10.74 7067 5447500.00 59549498.00
09/08/2016 10.75 10.75 11.15 10.94 8275 4431800.00 48591525.00
10/08/2016 11.00 10.36 11.13 10.50 8802 6634200.00 70408601.00
11/08/2016 10.56 10.37 10.98 10.98 10635 5810200.00 62040906.00
12/08/2016 10.85 10.67 11.13 10.78 9135 5106700.00 55432227.00
15/08/2016 10.97 10.79 11.26 11.15 9684 6085800.00 67601809.00
16/08/2016 11.10 10.46 11.40 10.53 13965 10777100.00 117148836.00
17/08/2016 10.38 9.92 10.46 10.34 17424 11572000.00 117883546.00
18/08/2016 10.25 10.10 10.56 10.18 11038 6240900.00 64143876.00
19/08/2016 10.17 9.84 10.23 10.09 6325 4643700.00 46832420.00
22/08/2016 10.00 9.21 10.00 9.25 17236 9872300.00 93841837.00
23/08/2016 9.47 9.32 9.70 9.39 9829 5957900.00 56847773.00
24/08/2016 9.25 8.65 9.25 8.73 12248 9056700.00 81003100.00
25/08/2016 8.66 8.64 9.03 8.83 11070 6481100.00 57219325.00
26/08/2016 8.92 8.55 9.18 8.80 11975 8277900.00 73471081.00
29/08/2016 8.66 8.66 9.11 9.05 8618 4435000.00 39816097.00
30/08/2016 9.05 8.68 9.16 8.77 8808 5676500.00 50550832.00
31/08/2016 8.80 8.49 8.94 8.60 11449 6245800.00 54169993.00
01/09/2016 8.60 8.37 8.80 8.80 12085 6748400.00 58104638.00
02/09/2016 8.95 8.90 9.73 9.70 17836 8938300.00 83439361.00
05/09/2016 9.79 9.45 9.80 9.71 5089 4050900.00 39207749.00
06/09/2016 9.69 9.11 9.78 9.47 10939 6047500.00 56957213.00
08/09/2016 9.46 9.17 9.60 9.25 11155 6101100.00 56917571.00
09/09/2016 9.12 8.56 9.13 8.65 18979 9098400.00 79637661.00
12/09/2016 8.59 8.30 8.85 8.79 12563 7807000.00 67725520.00
13/09/2016 8.59 7.90 8.66 8.14 16659 10227500.00 84342016.00
14/09/2016 8.23 8.06 8.40 8.26 10834 6504600.00 53723123.00
15/09/2016 8.28 8.24 8.53 8.27 6262 4452200.00 37359554.00
16/09/2016 8.20 7.82 8.20 8.01 9483 8622600.00 68850859.00
19/09/2016 8.30 8.24 8.69 8.50 11301 11255600.00 95639361.00
20/09/2016 8.56 8.41 8.70 8.49 8255 4996000.00 42621961.00
21/09/2016 8.65 8.49 8.90 8.86 8715 6360600.00 55364350.00
22/09/2016 8.98 8.86 9.13 8.90 12292 7486300.00 67396820.00
23/09/2016 8.92 8.65 8.99 8.71 7397 6839300.00 60008525.00
26/09/2016 8.60 8.54 8.88 8.67 6835 5169600.00 45138124.00
27/09/2016 8.75 8.41 8.82 8.61 7880 5687300.00 48788218.00
28/09/2016 8.68 8.67 9.45 9.30 13880 9638200.00 87918076.00
29/09/2016 9.35 8.91 9.48 9.06 11657 7647800.00 70357423.00
30/09/2016 9.12 8.94 9.27 9.09 9481 5903900.00 53676894.00
03/10/2016 9.09 9.09 9.59 9.51 12580 8377500.00 79102003.00
04/10/2016 9.51 9.26 9.70 9.42 15470 10743500.00 102004267.00
05/10/2016 9.54 9.50 9.78 9.66 9372 6607400.00 63829727.00
06/10/2016 9.60 9.57 9.95 9.83 9338 5785000.00 56838012.00
07/10/2016 9.96 9.89 10.14 9.95 10884 7528000.00 75433413.00
10/10/2016 10.04 10.03 10.24 10.20 9070 4565000.00 46340312.00
11/10/2016 10.10 10.07 10.31 10.20 15863 6955400.00 70889655.00
13/10/2016 10.05 9.73 10.05 9.88 14103 8133500.00 80343287.00
14/10/2016 10.02 10.00 10.29 10.22 9212 5103300.00 51956950.00
17/10/2016 10.29 10.17 10.38 10.30 9413 4896300.00 50414994.00
18/10/2016 10.37 10.37 10.68 10.61 9973 5550000.00 58678052.00
19/10/2016 10.65 10.22 10.76 10.32 10059 6973400.00 73073006.00
20/10/2016 10.19 10.00 10.35 10.19 17442 6319700.00 64424326.00
21/10/2016 10.19 9.96 10.40 10.20 16381 16039700.00 163519808.00
24/10/2016 10.40 10.30 10.62 10.42 17635 8071700.00 84382000.00
25/10/2016 10.60 10.20 10.85 10.69 12190 9326800.00 98742418.00
26/10/2016 10.58 10.36 10.72 10.57 11784 7561900.00 79737801.00
27/10/2016 10.65 10.63 10.88 10.82 7447 4588000.00 49374634.00
28/10/2016 10.85 10.77 11.12 10.84 8920 5083300.00 55688840.00
31/10/2016 10.95 10.60 11.07 10.74 13277 7237800.00 77943702.00
01/11/2016 10.90 10.05 10.92 10.24 14947 7624100.00 79105047.00
03/11/2016 10.10 9.67 10.19 9.72 11910 7293400.00 72248033.00
04/11/2016 9.69 9.43 9.99 9.66 12794 5540700.00 53848832.00
07/11/2016 10.03 9.99 10.32 10.31 11256 4634100.00 47116422.00
08/11/2016 10.16 10.06 10.64 10.55 13779 5799800.00 60366666.00
09/11/2016 10.00 9.83 11.09 10.84 19203 11297100.00 121167264.00
10/11/2016 11.10 11.03 11.66 11.25 22137 12942800.00 147789224.00
11/11/2016 11.40 10.27 11.49 10.42 19944 8920900.00 96071189.00
14/11/2016 10.41 9.92 11.05 10.96 20513 11332200.00 120380628.00
16/11/2016 10.71 10.28 10.86 10.50 15450 8248600.00 87305958.00
17/11/2016 10.60 10.39 10.82 10.57 9179 4639100.00 49263018.00
18/11/2016 10.49 10.35 10.98 10.86 9367 5724600.00 60952031.00
21/11/2016 10.90 10.90 11.46 11.46 14115 6928200.00 78385690.00
22/11/2016 11.80 11.72 12.37 11.99 16833 7847100.00 94271792.00
23/11/2016 12.06 11.92 12.80 12.79 13412 9359200.00 116943438.00
24/11/2016 12.73 12.41 12.91 12.57 8355 3813800.00 48240896.00
25/11/2016 12.40 12.38 12.94 12.89 8065 4981500.00 63540051.00
28/11/2016 12.93 12.82 13.42 13.34 8944 4191800.00 55010998.00
29/11/2016 13.16 12.57 13.25 12.73 10662 5571500.00 71654022.00
30/11/2016 12.73 12.28 12.97 12.43 13354 7690400.00 97127629.00
01/12/2016 12.45 11.35 12.59 11.66 26134 9519300.00 113502694.00
02/12/2016 11.35 10.91 12.05 11.91 19243 8190000.00 94421877.00
05/12/2016 12.20 11.67 12.20 11.84 13242 5136600.00 61248904.00
06/12/2016 11.75 11.50 12.15 11.99 12647 4533200.00 53832418.00
07/12/2016 12.22 12.01 12.30 12.03 11043 4399000.00 53307234.00
08/12/2016 12.24 11.53 12.24 11.65 10836 4680800.00 55143047.00
09/12/2016 11.70 11.15 11.81 11.30 12344 5361700.00 60958043.00
12/12/2016 11.14 10.73 11.25 11.04 11811 5229600.00 57132044.00
13/12/2016 11.00 10.66 11.27 10.96 12798 4793500.00 52311801.00
14/12/2016 10.78 10.52 10.94 10.61 13353 7137500.00 76378262.00
15/12/2016 10.61 10.51 11.05 10.93 10772 4802300.00 51799296.00
16/12/2016 10.97 10.72 11.22 10.72 9182 6860700.00 74715414.00
19/12/2016 10.75 10.09 10.84 10.09 12080 4970200.00 51664814.00
20/12/2016 10.30 9.83 10.38 9.88 10339 4643900.00 46418818.00
21/12/2016 9.95 9.69 10.05 9.83 6275 4178300.00 41218739.00
22/12/2016 9.77 9.41 9.82 9.60 6363 3419600.00 32814467.00
23/12/2016 9.65 9.63 9.95 9.95 6138 3518900.00 34550083.00
26/12/2016 9.95 9.95 10.25 10.16 2270 1091500.00 11069719.00
27/12/2016 10.27 10.27 10.75 10.73 8840 3986800.00 42272019.00
28/12/2016 10.90 10.71 11.06 10.82 7178 3868700.00 42222110.00
29/12/2016 10.85 10.52 10.93 10.85 7681 3189900.00 34132141.00
02/01/2017 10.70 10.61 10.94 10.86 2452 1127100.00 12120903.00
03/01/2017 11.07 10.91 11.42 11.42 13693 6602900.00 74081612.00
04/01/2017 11.35 11.14 11.55 11.31 9253 5117300.00 58070016.00
05/01/2017 11.45 11.36 11.88 11.70 8673 4523400.00 52915000.00
06/01/2017 11.71 11.22 11.74 11.28 6813 4090800.00 46520508.00
09/01/2017 11.43 11.40 11.75 11.45 6388 4969600.00 57317473.00
10/01/2017 11.64 11.58 11.85 11.70 6260 3318400.00 38817372.00
11/01/2017 11.80 11.61 12.01 11.85 12936 4993300.00 58956479.00
12/01/2017 12.32 12.12 12.50 12.38 12912 6275800.00 77561791.00
13/01/2017 12.29 12.09 12.48 12.22 6791 3448500.00 42383861.00
16/01/2017 12.23 12.23 12.41 12.35 4248 2094600.00 25769939.00
17/01/2017 12.25 11.70 12.43 12.20 10093 5129600.00 62276979.00
18/01/2017 12.30 11.79 12.67 11.92 9542 4683200.00 57536690.00
19/01/2017 12.04 11.49 12.04 11.72 11391 4945700.00 57898625.00
20/01/2017 11.55 11.53 12.05 11.96 8059 3395400.00 40209228.00
23/01/2017 12.11 12.03 12.47 12.41 7892 3454100.00 42510798.00
24/01/2017 12.49 12.24 12.92 12.39 9862 4853600.00 61239646.00
26/01/2017 12.75 12.13 12.75 12.13 7658 3608900.00 44535990.00
27/01/2017 12.05 11.85 12.11 12.10 6733 3743700.00 44857061.00
30/01/2017 12.00 11.45 12.01 11.47 9367 3971700.00 46111841.00
31/01/2017 11.55 11.36 11.94 11.55 6422 3357400.00 38953469.00
01/02/2017 11.84 11.57 11.89 11.66 6048 3082200.00 36110562.00
02/02/2017 11.57 11.50 12.28 12.13 12678 5817300.00 70079896.00
03/02/2017 12.05 11.55 12.23 11.58 18129 7033500.00 83169080.00
06/02/2017 11.58 11.02 11.73 11.13 13020 5056200.00 57112208.00
07/02/2017 11.45 11.17 11.50 11.37 7568 4508500.00 51118250.00
08/02/2017 11.50 11.12 11.54 11.35 6675 3296200.00 37160356.00
09/02/2017 11.35 11.27 11.59 11.34 9853 3842800.00 43783355.00
10/02/2017 11.60 11.56 12.33 12.29 12158 7589400.00 91431132.00
13/02/2017 12.81 12.50 12.97 12.58 14028 5891300.00 75011810.00
14/02/2017 12.53 12.18 12.71 12.42 8954 3482100.00 43246065.00
15/02/2017 12.60 12.47 12.96 12.65 12712 4652100.00 59340833.00
16/02/2017 12.62 12.41 12.92 12.53 7080 4575600.00 57791344.00
17/02/2017 12.42 12.30 12.59 12.51 5117 2286800.00 28420257.00
20/02/2017 12.72 12.64 12.89 12.70 3223 1573100.00 20051504.00
21/02/2017 12.80 12.31 12.93 12.65 7846 3531400.00 44481974.00
22/02/2017 12.50 12.27 12.62 12.45 8178 2795300.00 34669384.00
23/02/2017 12.55 11.88 12.80 12.00 12438 5403200.00 66084680.00
24/02/2017 11.76 11.60 12.17 11.98 10766 3903600.00 46696580.00
01/03/2017 12.10 11.92 12.23 12.12 6641 1951800.00 23639337.00
02/03/2017 12.19 11.63 12.22 11.74 13361 5321300.00 62914267.00
03/03/2017 11.89 11.60 12.03 11.98 8212 3219400.00 38139997.00
06/03/2017 12.00 11.46 12.10 11.55 13088 5275200.00 61276232.00
07/03/2017 11.67 11.28 11.81 11.30 9331 3712300.00 42698431.00
08/03/2017 11.34 10.61 11.35 10.61 11905 4887300.00 53481663.00
09/03/2017 10.61 10.37 10.90 10.51 12897 5773600.00 61331315.00
10/03/2017 10.71 10.24 10.87 10.77 15549 7303900.00 77460132.00
13/03/2017 10.99 10.67 11.09 11.05 9846 4187400.00 45813106.00
14/03/2017 11.02 10.67 11.02 10.73 7694 3450200.00 37399785.00
15/03/2017 10.93 10.69 11.50 11.42 8912 4718200.00 52565618.00
16/03/2017 11.50 10.97 11.62 11.11 9489 4673600.00 52223875.00
17/03/2017 11.22 10.48 11.26 10.63 10813 7623200.00 81562639.00
20/03/2017 10.60 10.37 10.97 10.95 8091 3741800.00 40013788.00
21/03/2017 10.72 9.93 10.92 9.97 14144 6064400.00 62051079.00
22/03/2017 9.94 9.53 10.05 10.00 13522 8089100.00 79566000.00
23/03/2017 9.91 9.71 10.18 9.88 8338 4426200.00 44047902.00
24/03/2017 9.96 9.75 9.97 9.79 7429 2963100.00 29209843.00
27/03/2017 9.52 9.42 10.19 10.19 7531 3792300.00 37078538.00
28/03/2017 10.06 9.71 10.19 9.73 9973 5886800.00 58071182.00
29/03/2017 9.81 9.56 9.87 9.70 8413 4981900.00 48294572.00
30/03/2017 9.71 9.16 9.75 9.20 9925 7007100.00 65680847.00
31/03/2017 9.20 9.01 9.39 9.11 9734 6593100.00 60715004.00
03/04/2017 9.14 8.92 9.22 8.97 13970 5929000.00 53543411.00
04/04/2017 8.97 8.93 9.29 9.29 9775 4434600.00 40616947.00
05/04/2017 9.44 8.81 9.52 8.84 11498 5336900.00 48985935.00
06/04/2017 8.91 8.57 8.99 8.66 9214 4451200.00 38991113.00
07/04/2017 8.55 8.36 8.98 8.74 17705 7092800.00 61560068.00
10/04/2017 8.87 8.45 8.87 8.45 9851 6048500.00 51777776.00
11/04/2017 8.49 8.10 8.53 8.39 12144 6294200.00 52394080.00
12/04/2017 8.05 7.66 8.26 7.66 17406 11422800.00 90261760.00
13/04/2017 7.75 7.28 7.85 7.40 12514 8809700.00 66712462.00
17/04/2017 7.45 7.36 7.65 7.64 9431 5883900.00 44405531.00
18/04/2017 7.54 7.28 7.59 7.31 9779 6014900.00 44698657.00
19/04/2017 7.46 7.05 7.54 7.10 11638 7846100.00 56980154.00
20/04/2017 7.25 7.16 7.46 7.46 12375 8340000.00 60795811.00
24/04/2017 7.66 7.33 7.68 7.38 15716 6689200.00 49887526.00
25/04/2017 7.29 7.27 7.62 7.62 9687 6024900.00 45261708.00
26/04/2017 7.61 7.57 8.04 7.94 10703 7487900.00 59019750.00
27/04/2017 8.04 7.52 8.13 7.60 10375 7579500.00 58235532.00
28/04/2017 7.70 7.63 7.83 7.75 7934 5086300.00 39470701.00
02/05/2017 7.75 7.75 8.05 7.93 14443 6204500.00 49344075.00
03/05/2017 7.91 7.57 7.95 7.60 10099 6804200.00 52426909.00
04/05/2017 7.47 7.02 7.47 7.08 15271 9172900.00 66021680.00
05/05/2017 7.07 7.01 7.42 7.40 9730 7091400.00 51851635.00
08/05/2017 7.32 7.14 7.48 7.16 10282 5985200.00 43716944.00
09/05/2017 7.30 7.20 7.43 7.40 6921 4406800.00 32404628.00
10/05/2017 7.52 7.41 7.68 7.56 9590 5365600.00 40584585.00
11/05/2017 7.58 7.36 7.59 7.50 6984 3917800.00 29318475.00
12/05/2017 7.60 7.23 7.62 7.26 8388 5789400.00 42645274.00
15/05/2017 7.39 7.28 7.71 7.70 9747 6986200.00 52762187.00
16/05/2017 7.82 7.60 7.84 7.79 11227 7435600.00 57519273.00
17/05/2017 7.72 7.39 7.79 7.48 10588 8219300.00 62052945.00
18/05/2017 6.37 6.37 6.92 6.44 35107 15357500.00 101843802.00
19/05/2017 6.84 6.63 7.00 6.90 12051 8508400.00 58435876.00
22/05/2017 6.80 6.51 6.98 6.92 20666 8490100.00 57483825.00
23/05/2017 6.97 6.80 7.18 6.99 12351 7554900.00 52921020.00
24/05/2017 7.06 6.88 7.13 6.88 10374 6287500.00 43975321.00
25/05/2017 6.91 6.78 7.09 6.95 11188 7483900.00 51823344.00
26/05/2017 6.91 6.90 7.06 6.97 5629 4783400.00 33474806.00
29/05/2017 6.96 6.91 7.23 7.18 9498 4642400.00 33195840.00
30/05/2017 7.15 7.10 7.26 7.18 7694 4570900.00 32857245.00
31/05/2017 7.14 6.86 7.16 6.86 13416 9423700.00 65559243.00
01/06/2017 6.97 6.65 7.04 6.69 8759 6384900.00 43667846.00
02/06/2017 6.81 6.70 6.90 6.75 8613 5209500.00 35214957.00
05/06/2017 6.70 6.60 6.80 6.62 10291 6082900.00 40571423.00
06/06/2017 6.63 6.52 6.73 6.60 7034 5106300.00 33876800.00
07/06/2017 6.69 6.45 6.73 6.47 8445 5029600.00 32972731.00
08/06/2017 6.45 6.24 6.63 6.60 11170 7807700.00 50030330.00
09/06/2017 6.65 6.57 6.87 6.71 12648 10456600.00 70472721.00
12/06/2017 6.73 6.45 6.82 6.51 9643 6978700.00 45936020.00
13/06/2017 6.53 6.40 6.55 6.44 6794 4935200.00 31889106.00
14/06/2017 6.52 6.40 6.57 6.47 8827 5908100.00 38247208.00
16/06/2017 6.42 6.24 6.44 6.24 7966 7849100.00 49282410.00
