05/07/2016 12.36 12.36 12.36 12.36 1 105.13 1300.00
14/07/2016 12.56 12.56 12.56 12.56 7 1681.98 21120.00
18/07/2016 12.65 12.65 12.65 12.65 1 105.13 1330.00
20/07/2016 12.75 12.75 12.75 12.75 1 105.13 1340.00
21/07/2016 12.84 12.84 12.84 12.84 1 105.13 1350.00
03/08/2016 12.84 12.84 12.84 12.84 1 210.26 2700.00
11/08/2016 12.79 12.79 12.79 12.79 1 103.95 1330.00
15/08/2016 12.84 12.84 12.84 12.84 2 207.90 2670.00
16/08/2016 12.80 12.79 12.84 12.84 3 311.85 3996.00
17/08/2016 12.84 12.84 12.84 12.84 3 415.81 5340.00
18/08/2016 12.79 12.79 12.84 12.84 3 311.85 4000.00
05/09/2016 12.86 12.86 12.86 12.86 1 2494.83 32088.00
06/09/2016 13.08 13.08 13.08 13.08 1 207.90 2720.00
19/09/2016 14.75 14.75 14.75 14.75 1 102.42 1511.00
20/09/2016 14.75 14.75 14.75 14.75 1 102.42 1511.00
23/09/2016 13.67 13.67 13.67 13.67 1 102.42 1400.00
26/09/2016 14.16 13.18 14.16 13.57 5 1331.51 17820.00
27/09/2016 13.88 13.88 13.88 13.88 2 204.85 2844.00
05/10/2016 13.67 13.67 13.67 13.67 4 512.12 7000.00
06/10/2016 14.01 14.01 14.01 14.01 1 102.42 1435.00
19/10/2016 13.67 13.67 13.67 13.67 1 102.42 1400.00
21/10/2016 14.45 14.45 14.45 14.45 1 102.42 1480.00
25/10/2016 13.47 13.47 13.47 13.47 4 409.69 5520.00
26/10/2016 13.47 13.47 13.47 13.47 2 512.12 6900.00
27/10/2016 13.86 13.86 13.86 13.86 1 102.42 1420.00
10/11/2016 13.18 13.18 13.18 13.18 2 204.85 2700.00
11/11/2016 13.47 13.47 13.47 13.47 1 102.42 1380.00
16/11/2016 13.47 13.47 13.47 13.47 1 102.42 1380.00
18/11/2016 13.00 12.69 13.00 12.69 3 512.12 6591.00
22/11/2016 13.67 13.67 13.67 13.67 1 102.42 1400.00
28/12/2016 14.06 14.06 14.06 14.06 1 102.42 1440.00
04/01/2017 14.16 14.16 14.16 14.16 1 102.42 1450.00
09/01/2017 14.35 14.35 14.35 14.35 1 102.42 1470.00
12/01/2017 14.45 14.45 14.53 14.53 2 204.85 2968.00
20/01/2017 14.94 14.94 14.94 14.94 1 102.42 1530.00
26/01/2017 14.65 14.65 15.13 15.13 2 204.85 3050.00
15/02/2017 15.62 15.62 15.62 15.62 1 102.42 1600.00
17/03/2017 16.29 16.29 16.29 16.29 1 100.00 1629.00
31/03/2017 15.02 15.02 16.00 16.00 3 300.00 4604.00
03/04/2017 16.50 16.50 16.50 16.50 1 100.00 1650.00
19/04/2017 18.00 18.00 18.00 18.00 1 100.00 1800.00
03/05/2017 18.25 18.25 18.25 18.25 1 100.00 1825.00
09/05/2017 18.35 18.35 18.35 18.35 1 100.00 1835.00
15/05/2017 18.45 18.45 18.45 18.45 1 100.00 1845.00
16/05/2017 18.60 18.60 18.60 18.60 1 100.00 1860.00
18/05/2017 22.50 22.50 22.50 22.50 1 100.00 2250.00
22/05/2017 22.50 22.50 24.76 24.76 3 300.00 7202.00
23/05/2017 29.99 29.99 29.99 29.99 1 100.00 2999.00
24/05/2017 29.99 29.99 29.99 29.99 1 100.00 2999.00
06/06/2017 23.76 21.01 23.76 23.76 4 500.00 11055.00
07/06/2017 23.20 23.00 23.20 23.00 2 200.00 4620.00
08/06/2017 21.00 18.00 21.00 18.20 18 2600.00 47556.00
09/06/2017 18.60 18.40 18.80 18.40 4 400.00 7440.00
13/06/2017 17.61 17.61 18.50 18.50 3 300.00 5456.00
14/06/2017 18.70 18.70 18.71 18.71 2 200.00 3741.00
