04/07/2016 10.25 10.25 10.25 10.25 2 536.43 5500.00
07/07/2016 10.25 10.25 10.25 10.25 1 107.29 1100.00
08/07/2016 10.25 10.25 10.25 10.25 3 1072.86 11000.00
14/07/2016 10.25 10.25 10.25 10.25 4 1072.86 11000.00
18/07/2016 10.28 10.26 10.28 10.26 5 2145.72 22040.00
19/07/2016 10.25 10.25 10.25 10.25 3 1072.86 11000.00
20/07/2016 10.25 10.25 10.25 10.25 6 965.57 9900.00
23/08/2016 10.40 10.40 10.40 10.40 2 317.19 3300.00
05/10/2016 11.60 11.60 11.60 11.60 1 103.62 1202.00
10/11/2016 13.05 13.05 13.05 13.05 1 103.62 1352.00
08/12/2016 13.53 13.53 13.53 13.53 1 103.62 1402.00
06/04/2017 14.02 14.02 14.02 14.02 2 200.00 2804.00
