20/06/2016 148.65 145.16 148.65 145.16 3 5400.00 802127.00
21/06/2016 144.49 144.49 144.49 144.49 1 2600.00 375674.00
22/06/2016 144.20 144.20 144.25 144.25 2 2700.00 389345.00
23/06/2016 147.67 147.67 147.67 147.67 1 100.00 14767.00
28/06/2016 133.30 133.30 133.77 133.32 3 1900.00 253789.00
29/06/2016 134.76 134.76 134.76 134.76 1 400.00 53904.00
30/06/2016 135.49 135.49 136.67 136.67 2 700.00 95433.00
01/07/2016 135.01 135.01 136.19 136.19 2 200.00 27120.00
05/07/2016 134.15 134.15 134.15 134.15 1 1500.00 201225.00
06/07/2016 135.34 135.34 135.34 135.34 1 100.00 13534.00
08/07/2016 137.82 137.82 137.82 137.82 2 2000.00 275640.00
11/07/2016 140.08 140.08 140.08 140.08 1 100.00 14008.00
14/07/2016 144.73 144.73 144.73 144.73 2 2500.00 361825.00
15/07/2016 143.93 143.93 143.93 143.93 3 500.00 71965.00
18/07/2016 144.49 144.49 144.49 144.49 2 500.00 72245.00
19/07/2016 143.94 143.94 143.94 143.94 1 100.00 14394.00
21/07/2016 144.00 144.00 144.71 144.71 2 1000.00 144071.00
22/07/2016 144.92 144.92 144.92 144.92 2 1700.00 246364.00
25/07/2016 144.38 144.38 144.53 144.53 2 1800.00 259899.00
26/07/2016 143.85 143.85 143.85 143.85 1 100.00 14385.00
01/08/2016 141.57 141.50 141.57 141.50 2 600.00 84935.00
02/08/2016 140.11 140.11 140.11 140.11 1 100.00 14011.00
03/08/2016 141.50 141.50 141.50 141.50 1 100.00 14150.00
04/08/2016 139.63 139.63 139.63 139.63 1 100.00 13963.00
05/08/2016 143.20 143.20 143.20 143.20 1 100.00 14320.00
08/08/2016 145.80 145.80 145.80 145.80 1 200.00 29160.00
09/08/2016 143.51 143.51 143.51 143.51 3 500.00 71755.00
11/08/2016 142.87 142.87 142.99 142.99 2 400.00 57160.00
15/08/2016 143.93 143.93 147.14 147.14 3 600.00 87963.00
18/08/2016 150.10 150.10 150.10 150.10 1 100.00 15010.00
19/08/2016 147.80 147.80 147.80 147.80 2 300.00 44340.00
22/08/2016 148.89 148.89 148.89 148.89 2 200.00 29778.00
24/08/2016 148.89 148.89 148.89 148.89 1 100.00 14889.00
29/08/2016 153.21 152.44 153.21 152.44 2 600.00 91772.00
30/08/2016 154.49 154.49 154.49 154.49 1 400.00 61796.00
01/09/2016 154.61 154.61 154.61 154.61 1 100.00 15461.00
06/09/2016 151.40 150.00 152.07 151.06 5 5600.00 850608.00
12/09/2016 155.32 155.32 155.32 155.32 1 12400.00 1925968.00
13/09/2016 155.32 155.32 155.32 155.32 1 100.00 15532.00
15/09/2016 155.51 155.51 155.51 155.51 1 100.00 15551.00
19/09/2016 152.54 152.54 152.54 152.54 1 300.00 45762.00
23/09/2016 152.41 152.41 152.41 152.41 1 100.00 15241.00
26/09/2016 150.10 148.59 150.10 148.59 2 2600.00 390109.00
28/09/2016 149.85 149.85 149.85 149.85 1 500.00 74925.00
29/09/2016 148.70 148.70 148.70 148.70 1 100.00 14870.00
30/09/2016 153.83 153.83 153.83 153.83 1 200.00 30766.00
03/10/2016 150.44 150.44 150.44 150.44 1 15900.00 2391996.00
05/10/2016 156.27 156.27 156.27 156.27 1 100.00 15627.00
06/10/2016 157.53 157.53 157.53 157.53 1 200.00 31506.00
10/10/2016 161.00 159.66 161.00 159.66 2 800.00 128666.00
11/10/2016 157.35 157.35 157.35 157.35 1 600.00 94410.00
13/10/2016 153.90 153.90 153.90 153.90 1 300.00 46170.00
17/10/2016 155.72 155.72 155.72 155.72 1 500.00 77860.00
19/10/2016 156.53 156.53 156.53 156.53 1 100.00 15653.00
20/10/2016 155.53 155.53 155.53 155.53 1 100.00 15553.00
21/10/2016 156.37 156.37 156.37 156.37 2 200.00 31274.00
24/10/2016 154.82 154.82 155.28 155.28 2 300.00 46492.00
25/10/2016 153.65 153.65 153.99 153.99 2 300.00 46129.00
26/10/2016 156.21 156.21 156.60 156.60 2 500.00 78183.00
27/10/2016 158.65 157.68 158.65 157.68 2 300.00 47498.00
31/10/2016 156.78 156.78 156.78 156.78 1 2000.00 313560.00
07/11/2016 159.07 159.07 159.07 159.07 1 100.00 15907.00
09/11/2016 161.70 161.70 163.60 163.60 2 1700.00 277740.00
10/11/2016 179.32 179.32 179.32 179.32 2 400.00 71728.00
11/11/2016 177.72 177.72 178.23 178.23 2 700.00 124455.00
14/11/2016 188.25 186.99 188.25 186.99 3 700.00 131649.00
16/11/2016 186.00 186.00 186.55 186.55 2 300.00 55855.00
17/11/2016 190.25 190.25 190.25 190.25 1 300.00 57075.00
18/11/2016 187.49 187.49 187.49 187.49 1 200.00 37498.00
21/11/2016 185.37 185.37 185.54 185.54 2 500.00 92702.00
22/11/2016 187.00 187.00 187.00 187.00 1 100.00 18700.00
25/11/2016 194.09 194.09 194.09 194.09 1 100.00 19409.00
28/11/2016 188.99 188.99 188.99 188.99 1 200.00 37798.00
29/11/2016 188.94 188.94 188.94 188.94 1 900.00 170046.00
30/11/2016 190.65 190.65 190.65 190.65 1 100.00 19065.00
01/12/2016 197.49 197.49 197.49 197.49 1 900.00 177741.00
02/12/2016 194.66 194.66 194.66 194.66 1 900.00 175194.00
12/12/2016 198.37 198.37 198.37 198.37 1 100.00 19837.00
16/12/2016 202.79 202.79 202.79 202.79 1 100.00 20279.00
19/12/2016 201.28 201.28 201.28 201.28 1 3500.00 704480.00
20/12/2016 203.18 203.18 203.18 203.18 1 100.00 20318.00
21/12/2016 202.73 202.73 202.73 202.73 1 100.00 20273.00
22/12/2016 199.99 199.99 201.42 201.42 2 200.00 40141.00
27/12/2016 199.47 199.47 199.47 199.47 1 400.00 79788.00
28/12/2016 198.62 197.83 198.62 197.83 2 1800.00 357437.00
29/12/2016 192.55 192.55 192.55 192.55 1 1000.00 192550.00
03/01/2017 196.38 196.38 196.38 196.38 1 1300.00 255294.00
09/01/2017 194.05 194.05 194.05 194.05 1 400.00 77620.00
11/01/2017 188.30 188.30 188.30 188.30 1 600.00 112980.00
12/01/2017 187.61 187.61 187.61 187.61 1 400.00 75044.00
17/01/2017 188.21 188.21 188.21 188.21 1 400.00 75284.00
18/01/2017 184.10 184.10 184.10 184.10 1 100.00 18410.00
23/01/2017 176.52 176.52 176.52 176.52 1 300.00 52956.00
24/01/2017 180.12 180.12 180.12 180.12 1 100.00 18012.00
26/01/2017 182.59 182.59 182.59 182.59 1 200.00 36518.00
30/01/2017 176.54 176.54 176.54 176.54 1 3200.00 564928.00
03/02/2017 180.01 180.01 180.01 180.01 2 400.00 72004.00
06/02/2017 180.74 180.74 180.74 180.74 2 900.00 162666.00
07/02/2017 177.93 177.93 177.93 177.93 1 500.00 88965.00
08/02/2017 175.18 175.18 175.18 175.18 1 100.00 17518.00
13/02/2017 183.74 183.74 183.74 183.74 1 7700.00 1414798.00
14/02/2017 185.12 184.99 185.12 184.99 3 1100.00 203593.00
15/02/2017 185.60 185.60 185.60 185.60 1 100.00 18560.00
21/02/2017 187.90 187.90 187.90 187.90 1 900.00 169110.00
02/03/2017 191.08 191.08 191.08 191.08 1 100.00 19108.00
06/03/2017 189.26 189.26 189.26 189.26 1 500.00 94630.00
07/03/2017 188.38 187.76 188.38 187.76 2 300.00 56452.00
13/03/2017 194.68 194.68 194.68 194.68 1 3800.00 739784.00
17/03/2017 187.11 187.11 187.11 187.11 1 4200.00 785862.00
20/03/2017 184.87 184.87 184.87 184.87 1 8300.00 1534421.00
29/03/2017 185.72 185.72 185.72 185.72 2 15000.00 2785800.00
30/03/2017 188.56 188.56 188.56 188.56 6 14600.00 2752976.00
03/04/2017 184.65 184.65 185.56 185.56 2 5600.00 1038954.00
06/04/2017 188.00 188.00 188.00 188.00 1 400.00 75200.00
07/04/2017 187.52 187.52 187.52 187.52 1 2700.00 506304.00
10/04/2017 186.13 186.13 186.13 186.13 1 2900.00 539777.00
11/04/2017 185.07 185.07 185.07 185.07 1 100.00 18507.00
12/04/2017 184.90 184.90 184.90 184.90 1 300.00 55470.00
13/04/2017 183.43 183.43 183.78 183.78 2 300.00 55064.00
17/04/2017 181.40 181.40 181.40 181.40 1 8600.00 1560040.00
18/04/2017 181.44 181.44 181.44 181.44 1 100.00 18144.00
24/04/2017 185.84 185.53 185.84 185.53 2 5500.00 1021996.00
25/04/2017 189.70 189.70 189.70 189.70 1 100.00 18970.00
02/05/2017 186.83 186.83 186.83 186.83 1 100.00 18683.00
03/05/2017 189.38 189.38 189.38 189.38 1 300.00 56814.00
05/05/2017 191.09 191.09 191.09 191.09 1 300.00 57327.00
12/05/2017 190.30 190.30 190.30 190.30 1 100.00 19030.00
15/05/2017 190.76 190.76 190.76 190.76 1 100.00 19076.00
16/05/2017 193.27 193.27 193.27 193.27 1 900.00 173943.00
17/05/2017 187.98 187.98 188.01 188.01 2 800.00 150399.00
18/05/2017 200.89 200.89 201.27 201.27 2 700.00 140851.00
19/05/2017 201.47 201.47 201.47 201.47 1 800.00 161176.00
22/05/2017 200.56 200.56 200.56 200.56 1 200.00 40112.00
24/05/2017 203.22 203.22 203.22 203.22 1 400.00 81288.00
29/05/2017 203.03 203.03 203.03 203.03 1 100.00 20303.00
30/05/2017 201.95 201.81 201.95 201.81 2 500.00 100919.00
31/05/2017 196.68 195.52 196.68 195.52 3 2300.00 450508.00
01/06/2017 196.68 196.68 198.58 198.58 2 200.00 39526.00
02/06/2017 198.97 198.97 198.97 198.97 1 400.00 79588.00
07/06/2017 202.44 202.44 202.44 202.44 1 500.00 101220.00
08/06/2017 207.56 206.63 207.56 206.63 2 1200.00 248235.00
09/06/2017 210.33 209.58 210.33 209.58 9 3800.00 798504.00
12/06/2017 212.74 212.33 212.74 212.33 2 400.00 85014.00
16/06/2017 210.74 210.74 210.74 210.74 1 400.00 84296.00
