01/07/2016 2.70 2.70 2.70 2.70 1 100.00 270.00
20/07/2016 2.98 2.60 2.98 2.60 7 1200.00 3194.00
26/07/2016 2.77 2.77 2.77 2.77 2 5000.00 13850.00
27/07/2016 2.80 2.77 2.80 2.77 5 3500.00 9724.00
28/07/2016 2.90 2.90 3.08 3.08 4 1800.00 5265.00
29/07/2016 3.17 3.17 3.17 3.17 1 100.00 317.00
04/08/2016 3.26 3.26 3.26 3.26 1 800.00 2608.00
05/08/2016 3.35 3.35 3.44 3.44 2 200.00 679.00
08/08/2016 3.21 3.20 3.21 3.20 4 1200.00 3841.00
11/08/2016 3.76 3.76 3.76 3.76 2 200.00 752.00
26/09/2016 3.28 3.28 3.28 3.28 3 16000.00 52480.00
27/09/2016 3.28 3.28 3.28 3.28 3 1000.00 3280.00
24/11/2016 3.41 3.40 3.50 3.41 24 19000.00 64769.00
29/11/2016 3.59 3.59 3.70 3.70 3 3600.00 13009.00
05/12/2016 3.70 3.70 3.70 3.70 1 300.00 1110.00
15/12/2016 3.68 3.68 3.68 3.68 1 100.00 368.00
19/12/2016 3.67 3.67 3.67 3.67 1 100.00 367.00
20/12/2016 3.30 3.30 3.30 3.30 3 2000.00 6600.00
21/12/2016 3.33 3.32 3.33 3.32 3 2300.00 7639.00
04/01/2017 3.39 3.31 3.39 3.31 2 200.00 670.00
11/01/2017 3.30 3.30 3.30 3.30 3 2900.00 9570.00
12/01/2017 3.50 3.50 3.50 3.50 1 400.00 1400.00
16/01/2017 3.69 3.69 4.05 4.05 5 1700.00 6476.00
17/01/2017 4.50 4.00 4.50 4.00 3 500.00 2052.00
18/01/2017 4.00 4.00 4.40 4.40 3 500.00 2040.00
19/01/2017 4.51 4.51 4.80 4.80 13 12200.00 57849.00
20/01/2017 4.99 4.99 4.99 4.99 1 100.00 499.00
23/01/2017 5.00 5.00 5.00 5.00 2 500.00 2500.00
27/01/2017 5.50 5.50 5.50 5.50 1 100.00 550.00
31/01/2017 5.74 5.74 5.74 5.74 1 100.00 574.00
06/02/2017 5.84 5.84 5.84 5.84 2 2000.00 11680.00
13/02/2017 5.78 5.78 5.78 5.78 1 100.00 578.00
06/03/2017 5.77 5.77 5.77 5.77 2 200.00 1154.00
07/03/2017 5.78 5.78 5.78 5.78 1 600.00 3468.00
17/03/2017 5.80 5.70 5.80 5.70 2 1400.00 8100.00
21/03/2017 5.70 5.70 5.70 5.70 2 1800.00 10260.00
06/04/2017 5.70 5.70 5.70 5.70 1 100.00 570.00
03/05/2017 5.70 5.70 5.70 5.70 1 200.00 1140.00
22/05/2017 4.99 4.99 4.99 4.99 5 2700.00 13473.00
05/06/2017 5.01 5.01 5.01 5.01 3 1700.00 8517.00
