20/06/2016 2.40 2.40 2.54 2.54 5 4200.00 10654.00
21/06/2016 2.50 2.50 2.50 2.50 1 100.00 250.00
22/06/2016 2.50 2.41 2.50 2.41 4 800.00 1946.00
23/06/2016 2.50 2.40 2.50 2.40 6 27600.00 66250.00
28/06/2016 2.44 2.42 2.44 2.43 4 4600.00 11139.00
29/06/2016 2.42 2.34 2.44 2.34 3 6100.00 14604.00
30/06/2016 2.37 2.30 2.37 2.30 7 24000.00 55333.00
01/07/2016 2.30 2.12 2.30 2.12 27 66100.00 145332.00
04/07/2016 2.12 2.12 2.22 2.22 6 6900.00 15082.00
05/07/2016 2.24 2.24 2.28 2.28 4 4300.00 9702.00
08/07/2016 2.24 2.20 2.25 2.20 7 6700.00 14996.00
11/07/2016 2.22 2.22 2.24 2.24 3 3900.00 8686.00
12/07/2016 2.29 2.24 2.35 2.30 16 12900.00 29394.00
13/07/2016 2.30 2.30 2.35 2.31 7 5500.00 12764.00
14/07/2016 2.37 2.36 2.37 2.37 6 5700.00 13502.00
15/07/2016 2.35 2.22 2.35 2.30 10 4500.00 10410.00
18/07/2016 2.38 2.36 2.50 2.36 7 4600.00 11046.00
19/07/2016 2.43 2.37 2.50 2.40 12 3200.00 7710.00
20/07/2016 2.44 2.44 2.61 2.51 24 11300.00 28664.00
21/07/2016 2.50 2.50 2.68 2.56 22 18100.00 46819.00
22/07/2016 2.60 2.51 2.60 2.51 10 7800.00 19674.00
25/07/2016 2.53 2.40 2.65 2.54 16 8000.00 20031.00
26/07/2016 2.63 2.63 3.00 2.87 24 19800.00 56135.00
27/07/2016 2.97 2.90 3.20 3.10 22 19600.00 58717.00
28/07/2016 3.19 3.19 3.65 3.65 23 33200.00 115598.00
29/07/2016 3.66 3.55 3.73 3.73 13 10500.00 38594.00
01/08/2016 3.70 3.70 3.70 3.70 1 600.00 2220.00
03/08/2016 3.02 3.02 3.67 3.67 12 5500.00 19203.00
04/08/2016 3.68 3.65 3.73 3.73 8 5300.00 19523.00
05/08/2016 3.73 3.73 3.97 3.97 5 5700.00 22187.00
08/08/2016 3.97 3.97 4.20 4.20 10 10800.00 44434.00
09/08/2016 4.20 4.20 5.25 4.33 8 5200.00 23778.00
10/08/2016 4.34 4.30 4.34 4.30 5 5200.00 22446.00
11/08/2016 4.35 4.35 4.35 4.35 2 1800.00 7830.00
12/08/2016 4.70 4.65 4.70 4.65 2 1600.00 7445.00
15/08/2016 4.21 4.21 4.50 4.30 13 6100.00 26187.00
16/08/2016 4.31 4.30 4.31 4.30 4 2000.00 8610.00
17/08/2016 4.00 4.00 4.22 4.22 7 5900.00 23787.00
18/08/2016 4.25 4.25 4.25 4.25 1 100.00 425.00
24/08/2016 3.99 3.99 3.99 3.99 1 100.00 399.00
25/08/2016 4.30 3.89 4.30 3.89 11 3600.00 14993.00
29/08/2016 3.99 3.99 3.99 3.99 1 1000.00 3990.00
01/09/2016 4.40 4.40 4.60 4.60 3 3000.00 13580.00
02/09/2016 4.20 3.92 4.20 3.92 5 2500.00 10012.00
05/09/2016 3.93 3.92 3.95 3.95 5 2300.00 9048.00
09/09/2016 3.70 3.50 3.70 3.58 41 18300.00 65515.00
12/09/2016 3.90 3.90 3.90 3.90 2 200.00 780.00
13/09/2016 3.87 3.87 3.87 3.87 1 100.00 387.00
16/09/2016 3.50 3.49 3.70 3.60 23 17700.00 62483.00
19/09/2016 3.60 3.60 3.60 3.60 1 2000.00 7200.00
21/09/2016 3.50 3.50 3.50 3.50 3 2600.00 9100.00
22/09/2016 3.50 3.50 3.50 3.50 2 3000.00 10500.00
23/09/2016 3.45 3.01 3.45 3.03 39 45500.00 141084.00
26/09/2016 3.24 3.24 3.24 3.24 1 100.00 324.00
27/09/2016 3.03 3.03 3.18 3.18 7 1700.00 5334.00
29/09/2016 3.19 3.09 3.19 3.15 6 3100.00 9824.00
30/09/2016 3.03 3.03 3.10 3.10 3 800.00 2446.00
03/10/2016 3.10 3.10 3.15 3.15 3 2000.00 6265.00
05/10/2016 3.05 3.00 3.08 3.00 10 4000.00 12108.00
06/10/2016 3.10 3.10 3.10 3.10 1 100.00 310.00
07/10/2016 3.09 3.09 3.10 3.10 2 1000.00 3095.00
10/10/2016 3.05 3.00 3.10 3.10 22 11600.00 35611.00
11/10/2016 3.10 3.10 3.10 3.10 6 10000.00 31000.00
14/10/2016 3.15 3.15 3.15 3.15 2 4000.00 12600.00
17/10/2016 3.16 3.13 3.20 3.13 7 7600.00 24078.00
18/10/2016 3.08 3.08 3.37 3.31 8 1200.00 3849.00
19/10/2016 3.18 3.18 3.18 3.18 2 1000.00 3180.00
20/10/2016 3.11 3.09 3.15 3.15 10 9500.00 29670.00
25/10/2016 3.14 3.14 3.14 3.14 2 200.00 628.00
26/10/2016 3.15 3.08 3.26 3.19 6 3200.00 9962.00
27/10/2016 3.15 3.15 3.15 3.15 1 500.00 1575.00
28/10/2016 3.15 3.15 3.30 3.30 4 1600.00 5235.00
31/10/2016 3.25 3.25 3.25 3.25 1 400.00 1300.00
03/11/2016 3.21 3.21 3.21 3.21 1 2000.00 6420.00
04/11/2016 3.07 3.07 3.20 3.20 7 7300.00 23297.00
10/11/2016 3.15 3.15 3.15 3.15 1 1000.00 3150.00
11/11/2016 3.20 3.00 3.20 3.00 5 4700.00 14730.00
14/11/2016 3.00 3.00 3.00 3.00 1 400.00 1200.00
16/11/2016 2.90 2.90 3.09 3.09 2 300.00 889.00
17/11/2016 2.87 2.87 3.05 3.05 4 2200.00 6674.00
18/11/2016 3.15 3.14 3.45 3.40 38 70400.00 222730.00
21/11/2016 3.42 3.25 3.42 3.31 12 14900.00 48738.00
22/11/2016 3.16 3.16 3.35 3.16 7 2100.00 6655.00
23/11/2016 3.49 3.49 3.78 3.78 13 9200.00 32753.00
24/11/2016 3.79 3.79 4.20 4.20 18 10000.00 41229.00
25/11/2016 4.30 4.27 4.34 4.34 12 5600.00 24100.00
28/11/2016 4.20 4.00 4.40 4.36 9 1800.00 7579.00
29/11/2016 4.20 4.20 4.35 4.35 7 7200.00 30846.00
01/12/2016 3.63 3.63 4.29 4.19 15 4200.00 16248.00
05/12/2016 4.01 4.01 4.13 4.01 3 400.00 1616.00
06/12/2016 3.86 3.63 3.86 3.63 21 7800.00 29387.00
07/12/2016 3.71 3.71 3.81 3.81 2 600.00 2236.00
12/12/2016 3.81 3.81 3.81 3.81 2 200.00 762.00
13/12/2016 3.71 3.71 3.71 3.71 1 100.00 371.00
14/12/2016 3.67 3.63 3.67 3.63 5 2600.00 9488.00
15/12/2016 3.56 3.55 3.56 3.55 2 1300.00 4618.00
16/12/2016 3.70 3.70 3.70 3.70 1 100.00 370.00
23/12/2016 3.65 3.50 3.65 3.65 3 1200.00 4365.00
28/12/2016 3.48 3.48 3.66 3.66 9 2200.00 7813.00
03/01/2017 3.60 3.60 3.60 3.60 3 2200.00 7920.00
04/01/2017 3.51 3.51 3.51 3.51 1 300.00 1053.00
05/01/2017 3.51 3.51 3.53 3.53 2 2500.00 8815.00
06/01/2017 3.59 3.48 3.59 3.48 8 5300.00 18455.00
09/01/2017 3.60 3.60 3.60 3.60 1 100.00 360.00
10/01/2017 3.45 3.45 3.51 3.51 9 10700.00 37350.00
11/01/2017 3.46 3.46 3.46 3.46 1 100.00 346.00
12/01/2017 3.64 3.60 4.10 3.90 26 11700.00 45160.00
13/01/2017 4.13 4.00 4.30 4.30 13 10000.00 41057.00
16/01/2017 4.50 4.45 5.10 5.10 31 21700.00 104701.00
17/01/2017 4.99 4.52 5.29 4.52 23 12000.00 59874.00
18/01/2017 5.00 4.66 5.14 5.14 20 13300.00 66247.00
19/01/2017 5.15 5.09 5.70 5.26 70 112300.00 594448.00
20/01/2017 5.26 5.10 5.39 5.21 30 21400.00 112044.00
23/01/2017 5.11 5.03 5.30 5.03 14 6700.00 34740.00
24/01/2017 5.03 4.95 5.28 5.07 22 7000.00 35760.00
26/01/2017 5.39 5.14 5.50 5.49 18 9700.00 52512.00
27/01/2017 5.59 5.59 6.00 5.98 9 6200.00 36357.00
30/01/2017 5.90 5.50 5.97 5.90 4 4500.00 26517.00
31/01/2017 5.99 5.70 5.99 5.71 11 7700.00 43959.00
01/02/2017 5.90 5.72 5.90 5.88 8 2300.00 13336.00
02/02/2017 5.88 5.76 6.00 6.00 6 2100.00 12448.00
03/02/2017 6.00 5.99 6.00 5.99 2 200.00 1199.00
06/02/2017 5.80 5.76 5.89 5.80 15 10800.00 62571.00
07/02/2017 5.98 5.98 5.98 5.98 3 600.00 3588.00
08/02/2017 5.75 5.74 5.92 5.74 10 5100.00 29354.00
09/02/2017 5.74 5.71 5.74 5.72 9 5500.00 31436.00
10/02/2017 5.85 5.85 6.00 5.95 6 49800.00 296126.00
14/02/2017 5.90 5.51 5.95 5.67 10 7500.00 41789.00
15/02/2017 5.90 5.51 5.90 5.51 12 11500.00 64014.00
16/02/2017 5.78 5.31 5.78 5.46 13 5200.00 28018.00
20/02/2017 5.50 5.50 5.76 5.76 4 1100.00 6076.00
21/02/2017 5.90 5.90 5.90 5.90 4 500.00 2950.00
22/02/2017 5.90 5.80 5.90 5.80 2 200.00 1170.00
23/02/2017 5.94 5.80 5.94 5.80 4 3300.00 19168.00
24/02/2017 5.80 5.80 5.80 5.80 1 2000.00 11600.00
03/03/2017 5.80 5.79 5.85 5.85 21 56700.00 329189.00
06/03/2017 5.92 5.90 6.05 5.96 63 95700.00 569832.00
07/03/2017 6.15 5.97 6.20 6.04 80 32600.00 197613.00
08/03/2017 6.14 5.92 6.15 5.92 12 11100.00 66848.00
09/03/2017 6.00 5.93 6.18 5.93 12 4100.00 24874.00
10/03/2017 5.87 5.86 5.89 5.86 7 6400.00 37537.00
13/03/2017 6.09 6.09 6.09 6.09 1 100.00 609.00
14/03/2017 5.95 5.85 5.95 5.85 5 800.00 4700.00
15/03/2017 5.85 5.85 5.85 5.85 1 100.00 585.00
16/03/2017 5.86 5.85 5.86 5.85 4 1700.00 9955.00
20/03/2017 5.70 5.70 5.99 5.99 3 600.00 3464.00
30/03/2017 5.80 5.80 5.80 5.80 1 300.00 1740.00
31/03/2017 5.80 5.80 5.80 5.80 3 2000.00 11600.00
03/04/2017 5.52 5.52 5.74 5.74 4 3000.00 16780.00
04/04/2017 5.72 5.72 5.72 5.72 1 100.00 572.00
05/04/2017 5.60 5.45 5.60 5.45 2 400.00 2225.00
07/04/2017 5.45 5.34 5.50 5.50 3 20600.00 112284.00
10/04/2017 5.30 5.30 5.50 5.40 4 500.00 2690.00
11/04/2017 5.47 5.47 5.50 5.50 3 5100.00 27930.00
12/04/2017 5.30 5.30 5.50 5.50 11 12700.00 68461.00
13/04/2017 5.40 5.31 5.40 5.31 6 2500.00 13401.00
17/04/2017 5.31 5.31 5.49 5.49 3 20100.00 106749.00
18/04/2017 5.40 5.31 5.47 5.47 6 2100.00 11303.00
20/04/2017 5.47 5.46 5.47 5.46 5 1600.00 8751.00
24/04/2017 5.35 5.35 5.49 5.49 2 200.00 1084.00
02/05/2017 5.33 5.33 5.48 5.34 11 7100.00 37957.00
03/05/2017 5.48 5.48 5.48 5.48 1 100.00 548.00
04/05/2017 5.34 5.32 5.34 5.32 5 2100.00 11183.00
05/05/2017 5.48 5.48 5.50 5.48 9 11300.00 61971.00
08/05/2017 5.49 5.49 5.95 5.88 24 17400.00 101288.00
09/05/2017 5.85 5.85 5.85 5.85 2 2000.00 11700.00
10/05/2017 5.85 5.85 5.85 5.85 1 2000.00 11700.00
11/05/2017 5.75 5.75 5.85 5.85 5 6000.00 35000.00
12/05/2017 5.90 5.88 5.90 5.88 2 600.00 3530.00
15/05/2017 5.90 5.90 5.90 5.90 2 1600.00 9440.00
16/05/2017 5.55 5.55 5.85 5.84 19 13700.00 78516.00
17/05/2017 5.60 5.50 5.60 5.59 9 3600.00 19859.00
18/05/2017 4.95 4.71 4.95 4.75 15 7200.00 34143.00
19/05/2017 4.75 4.75 4.98 4.75 6 2900.00 13802.00
22/05/2017 4.75 4.75 4.75 4.75 4 1600.00 7600.00
23/05/2017 4.75 4.75 4.75 4.75 1 200.00 950.00
24/05/2017 4.97 4.96 4.97 4.97 4 1300.00 6451.00
25/05/2017 4.95 4.95 5.40 5.38 22 24200.00 124842.00
01/06/2017 5.37 5.37 5.38 5.38 2 2500.00 13445.00
02/06/2017 5.23 5.23 5.84 5.84 3 3200.00 17217.00
05/06/2017 5.25 5.11 5.68 5.60 72 50100.00 272566.00
06/06/2017 5.77 5.50 5.80 5.78 28 21100.00 121329.00
07/06/2017 5.69 5.69 5.88 5.70 19 31700.00 183922.00
13/06/2017 5.60 5.60 5.69 5.68 13 19100.00 108350.00
16/06/2017 5.79 5.70 5.84 5.70 14 32900.00 190524.00
