22/06/2016 1.62 1.62 1.62 1.62 2 1000.00 1620.00
30/06/2016 1.80 1.53 1.80 1.53 4 500.00 819.00
15/07/2016 1.78 1.78 1.78 1.78 1 100.00 178.00
18/07/2016 1.75 1.70 1.75 1.70 4 900.00 1540.00
19/07/2016 1.78 1.78 1.79 1.79 2 200.00 357.00
20/07/2016 1.69 1.69 1.69 1.69 1 100.00 169.00
21/07/2016 1.69 1.69 1.69 1.69 4 800.00 1352.00
22/07/2016 1.69 1.69 1.69 1.69 3 2200.00 3718.00
29/07/2016 1.95 1.95 1.95 1.95 2 2000.00 3900.00
01/08/2016 1.98 1.97 2.00 1.99 8 4700.00 9328.00
03/08/2016 1.97 1.75 1.97 1.75 7 900.00 1612.00
04/08/2016 1.78 1.78 1.85 1.85 3 300.00 548.00
05/08/2016 1.85 1.79 1.85 1.80 11 2000.00 3644.00
08/08/2016 1.80 1.80 1.98 1.98 9 2100.00 3798.00
09/08/2016 1.98 1.98 2.00 1.98 5 3700.00 7356.00
11/08/2016 2.00 2.00 2.00 2.00 1 100.00 200.00
15/08/2016 2.00 2.00 2.00 2.00 2 10000.00 20000.00
16/08/2016 2.00 2.00 2.00 2.00 4 1100.00 2200.00
18/08/2016 2.15 2.15 2.15 2.15 1 1000.00 2150.00
25/08/2016 2.05 1.96 2.05 1.96 2 200.00 401.00
26/08/2016 1.79 1.79 1.80 1.79 16 10200.00 18309.00
29/08/2016 1.80 1.80 1.80 1.80 1 100.00 180.00
31/08/2016 1.94 1.94 1.94 1.94 1 100.00 194.00
02/09/2016 1.90 1.90 1.90 1.90 1 100.00 190.00
08/09/2016 1.91 1.91 1.91 1.91 2 200.00 382.00
09/09/2016 1.90 1.90 1.90 1.90 1 100.00 190.00
12/09/2016 1.85 1.85 1.85 1.85 2 200.00 370.00
13/09/2016 1.84 1.84 1.85 1.85 2 200.00 369.00
20/09/2016 1.85 1.73 1.85 1.73 13 4500.00 7914.00
22/09/2016 1.80 1.80 1.80 1.80 1 100.00 180.00
23/09/2016 1.85 1.85 1.85 1.85 1 100.00 185.00
27/09/2016 1.75 1.72 1.75 1.72 3 900.00 1551.00
05/10/2016 1.72 1.72 1.72 1.72 1 100.00 172.00
11/10/2016 1.70 1.70 1.70 1.70 2 2000.00 3400.00
14/10/2016 1.64 1.58 1.64 1.58 2 200.00 322.00
18/10/2016 1.66 1.66 1.76 1.75 8 2100.00 3661.00
25/10/2016 1.77 1.77 1.77 1.77 1 100.00 177.00
26/10/2016 1.77 1.77 1.77 1.77 1 500.00 885.00
28/10/2016 1.85 1.85 1.85 1.85 1 100.00 185.00
11/11/2016 1.89 1.89 1.89 1.89 1 100.00 189.00
16/11/2016 1.90 1.90 1.90 1.90 1 100.00 190.00
18/11/2016 1.89 1.82 1.89 1.82 2 500.00 917.00
21/11/2016 1.90 1.90 1.90 1.90 4 3100.00 5890.00
22/11/2016 1.90 1.90 1.90 1.90 1 100.00 190.00
02/12/2016 1.66 1.66 1.83 1.70 6 600.00 1033.00
15/12/2016 1.80 1.80 1.80 1.80 1 400.00 720.00
19/12/2016 1.80 1.80 1.80 1.80 4 49000.00 88200.00
26/12/2016 1.80 1.80 1.80 1.80 4 600.00 1080.00
27/12/2016 1.80 1.80 1.80 1.80 2 300.00 540.00
28/12/2016 1.80 1.80 1.80 1.80 3 400.00 720.00
12/01/2017 1.90 1.90 1.90 1.90 2 1000.00 1900.00
13/01/2017 1.80 1.70 1.80 1.72 23 15600.00 26849.00
16/01/2017 1.84 1.84 2.13 2.12 14 6100.00 11648.00
17/01/2017 2.12 1.82 2.20 1.85 20 8500.00 16723.00
18/01/2017 1.99 1.98 1.99 1.98 5 1000.00 1982.00
20/01/2017 1.80 1.80 1.87 1.87 3 900.00 1676.00
23/01/2017 2.13 2.12 2.60 2.50 16 10500.00 23140.00
24/01/2017 2.79 2.79 4.00 2.90 131 61700.00 201686.00
26/01/2017 3.16 2.91 3.55 3.30 59 23200.00 74480.00
27/01/2017 3.60 3.10 3.60 3.32 29 10900.00 37920.00
30/01/2017 2.90 2.36 2.90 2.58 15 3800.00 9740.00
31/01/2017 2.90 2.89 2.90 2.89 5 900.00 2602.00
01/02/2017 2.95 2.42 2.95 2.47 21 6000.00 15164.00
02/02/2017 2.42 2.42 2.42 2.42 5 600.00 1452.00
03/02/2017 2.43 2.41 2.43 2.41 3 300.00 725.00
06/02/2017 2.39 2.39 2.39 2.39 3 400.00 956.00
07/02/2017 2.40 2.40 2.40 2.40 2 300.00 720.00
08/02/2017 2.49 2.41 2.49 2.41 2 200.00 490.00
10/02/2017 2.44 2.44 2.44 2.44 4 1300.00 3172.00
13/02/2017 2.31 2.27 2.31 2.27 8 1900.00 4366.00
14/02/2017 2.13 2.10 2.13 2.13 14 4400.00 9281.00
15/02/2017 2.16 2.13 2.20 2.20 7 2700.00 5802.00
16/02/2017 2.12 2.12 2.32 2.32 8 1300.00 2802.00
21/02/2017 2.32 2.32 2.32 2.32 3 800.00 1856.00
22/02/2017 2.39 2.39 2.40 2.40 2 200.00 479.00
23/02/2017 2.39 2.39 2.39 2.39 1 100.00 239.00
02/03/2017 2.15 2.15 2.15 2.15 2 300.00 645.00
03/03/2017 2.22 2.22 2.22 2.22 1 1000.00 2220.00
06/03/2017 2.30 2.30 2.30 2.30 1 100.00 230.00
07/03/2017 2.75 2.75 2.75 2.75 2 200.00 550.00
08/03/2017 2.70 2.70 2.70 2.70 1 200.00 540.00
10/03/2017 2.30 2.30 2.30 2.30 1 200.00 460.00
13/03/2017 2.30 2.30 2.30 2.30 1 100.00 230.00
15/03/2017 2.50 2.50 2.50 2.50 3 300.00 750.00
17/03/2017 2.30 2.14 2.30 2.29 4 400.00 887.00
20/03/2017 2.30 2.30 2.30 2.30 2 200.00 460.00
24/03/2017 2.30 2.30 2.30 2.30 1 100.00 230.00
27/03/2017 2.30 2.30 2.30 2.30 1 100.00 230.00
28/03/2017 2.30 2.30 2.30 2.30 2 600.00 1380.00
29/03/2017 2.31 2.31 2.31 2.31 3 600.00 1386.00
31/03/2017 2.47 2.45 2.47 2.45 2 200.00 492.00
04/04/2017 2.35 2.11 2.35 2.13 7 1800.00 4092.00
05/04/2017 2.21 2.21 2.21 2.21 2 200.00 442.00
06/04/2017 2.22 2.22 2.22 2.22 5 5000.00 11100.00
07/04/2017 2.21 2.21 2.21 2.21 2 300.00 663.00
10/04/2017 2.23 2.23 2.30 2.30 3 300.00 682.00
19/04/2017 2.13 2.13 2.13 2.13 3 500.00 1065.00
20/04/2017 2.11 2.10 2.13 2.10 17 2700.00 5713.00
24/04/2017 2.14 2.14 2.15 2.14 4 400.00 857.00
28/04/2017 2.15 2.15 2.15 2.15 1 200.00 430.00
02/05/2017 2.17 2.17 2.20 2.20 4 500.00 1088.00
04/05/2017 2.28 2.20 2.28 2.20 2 200.00 448.00
05/05/2017 2.20 2.12 2.20 2.12 11 2900.00 6200.00
08/05/2017 2.15 2.15 2.18 2.18 3 1200.00 2613.00
09/05/2017 2.30 2.30 2.45 2.45 11 1400.00 3280.00
10/05/2017 2.45 2.45 2.52 2.52 7 2200.00 5425.00
11/05/2017 2.60 2.52 2.60 2.52 2 200.00 512.00
16/05/2017 2.68 2.68 2.68 2.68 3 500.00 1340.00
19/05/2017 2.35 2.35 2.40 2.40 7 1600.00 3790.00
23/05/2017 2.30 2.30 2.31 2.31 3 1100.00 2531.00
26/05/2017 2.31 2.31 2.31 2.31 2 400.00 924.00
30/05/2017 2.25 2.25 2.25 2.25 2 1000.00 2250.00
01/06/2017 2.23 2.21 2.23 2.21 2 600.00 1330.00
05/06/2017 2.22 2.21 2.22 2.21 2 300.00 665.00
07/06/2017 2.23 2.22 2.23 2.22 2 1000.00 2225.00
09/06/2017 2.22 2.22 2.22 2.22 1 500.00 1110.00
16/06/2017 2.25 2.25 2.30 2.30 3 700.00 1605.00
