28/06/2016 182.47 182.47 182.47 182.47 2 200.00 36494.00
08/07/2016 191.50 191.50 191.50 191.50 1 300.00 57450.00
13/07/2016 193.46 193.46 193.46 193.46 1 700.00 135422.00
25/07/2016 192.21 192.21 192.21 192.21 1 4700.00 903387.00
09/08/2016 183.30 183.30 183.42 183.42 11 1100.00 201678.00
15/08/2016 184.17 184.17 184.17 184.17 1 2200.00 405174.00
29/08/2016 187.69 187.69 187.69 187.69 1 100.00 18769.00
30/08/2016 186.56 186.56 186.56 186.56 1 100.00 18656.00
12/09/2016 182.77 182.77 182.77 182.77 1 100.00 18277.00
28/09/2016 176.25 176.25 176.25 176.25 1 100.00 17625.00
03/10/2016 162.11 162.11 162.11 162.11 2 4800.00 778128.00
06/10/2016 164.84 164.84 164.84 164.84 1 100.00 16484.00
10/10/2016 162.56 162.56 162.56 162.56 1 2200.00 357632.00
17/10/2016 160.91 160.91 160.91 160.91 1 5100.00 820641.00
24/10/2016 157.47 157.47 157.47 157.47 1 100.00 15747.00
26/10/2016 159.93 159.60 159.93 159.60 2 200.00 31953.00
27/10/2016 161.30 161.30 161.30 161.30 1 100.00 16130.00
07/11/2016 174.63 174.63 174.63 174.63 1 100.00 17463.00
10/11/2016 181.49 181.49 181.49 181.49 1 100.00 18149.00
14/11/2016 185.42 185.34 185.42 185.34 3 500.00 92694.00
18/11/2016 187.53 187.53 187.53 187.53 1 100.00 18753.00
21/11/2016 183.67 183.67 183.67 183.67 1 8100.00 1487727.00
07/12/2016 192.93 192.93 192.93 192.93 1 100.00 19293.00
20/12/2016 190.89 190.89 190.89 190.89 1 100.00 19089.00
22/12/2016 185.00 185.00 185.00 185.00 1 100.00 18500.00
31/01/2017 165.46 165.46 167.00 167.00 2 10000.00 1662300.00
06/02/2017 165.50 165.50 165.50 165.50 1 5900.00 976450.00
13/02/2017 179.86 179.86 179.86 179.86 1 100.00 17986.00
14/02/2017 177.94 177.94 177.94 177.94 1 200.00 35588.00
20/03/2017 180.86 180.86 180.86 180.86 1 5500.00 994730.00
22/03/2017 182.88 182.88 182.88 182.88 1 100.00 18288.00
31/05/2017 214.63 214.63 214.63 214.63 2 300.00 64389.00
