20/06/2016 21.14 20.95 21.30 20.95 1040 190000.00 4012432.00
21/06/2016 20.95 20.94 21.20 21.02 1167 185700.00 3911137.00
22/06/2016 20.84 20.70 21.95 21.40 1878 336800.00 7215913.00
23/06/2016 21.66 21.47 21.87 21.55 1003 188200.00 4086384.00
24/06/2016 21.13 20.76 21.49 21.00 1372 277200.00 5883796.00
27/06/2016 20.99 20.81 21.61 21.00 1829 364900.00 7721012.00
28/06/2016 21.15 21.11 22.00 21.45 1333 492100.00 10643407.00
29/06/2016 21.86 21.69 22.45 22.45 1138 222200.00 4914969.00
30/06/2016 22.30 22.22 23.04 22.89 1299 475700.00 10837093.00
01/07/2016 22.90 22.66 23.09 22.76 753 607600.00 13856594.00
04/07/2016 22.76 22.65 23.34 23.15 1237 272700.00 6274038.00
05/07/2016 22.85 22.85 23.68 23.15 2879 515700.00 11993968.00
06/07/2016 23.18 22.64 23.45 23.05 3517 516500.00 11877615.00
07/07/2016 23.10 23.10 24.00 23.91 2276 353100.00 8380898.00
08/07/2016 23.90 23.83 24.19 23.83 1435 491800.00 11799496.00
11/07/2016 24.08 23.87 24.08 24.00 1605 473600.00 11349793.00
12/07/2016 24.08 23.99 24.43 24.10 1334 252900.00 6097606.00
13/07/2016 24.32 24.02 24.80 24.48 3391 1171900.00 28537543.00
14/07/2016 24.55 24.44 25.75 25.50 1643 752400.00 18964176.00
15/07/2016 25.65 25.06 25.65 25.10 2121 447200.00 11326138.00
18/07/2016 25.12 25.12 26.00 25.83 1466 458900.00 11727151.00
19/07/2016 25.61 25.56 26.19 25.81 2223 585300.00 15184026.00
20/07/2016 25.98 25.18 26.00 25.18 2884 689300.00 17542506.00
21/07/2016 25.20 25.07 25.68 25.38 2287 318500.00 8051040.00
22/07/2016 25.38 25.30 26.00 25.68 1438 259100.00 6702885.00
25/07/2016 25.71 24.91 25.95 25.16 1936 281300.00 7140440.00
26/07/2016 25.16 25.16 26.14 25.90 1814 416700.00 10762545.00
27/07/2016 26.00 25.00 26.35 25.00 2812 627900.00 16109401.00
28/07/2016 22.95 21.00 22.95 21.41 6128 1492600.00 32492256.00
29/07/2016 21.70 21.15 22.10 21.60 4235 949500.00 20570986.00
01/08/2016 21.77 21.30 22.19 21.85 2431 1142100.00 24943510.00
02/08/2016 21.90 21.35 22.06 21.57 1797 818600.00 17680301.00
03/08/2016 21.69 20.77 22.59 21.65 3774 983300.00 21330212.00
04/08/2016 21.85 21.70 22.52 22.22 1973 435300.00 9659610.00
05/08/2016 22.40 22.20 22.74 22.68 1121 253300.00 5685830.00
08/08/2016 22.70 21.85 22.70 21.85 2083 499500.00 10980085.00
09/08/2016 21.90 20.55 22.02 21.40 3798 965700.00 20512879.00
10/08/2016 21.42 20.99 22.12 21.30 2867 1527800.00 33150178.00
11/08/2016 21.00 21.00 23.47 22.65 9244 4487600.00 100669640.00
12/08/2016 22.20 22.18 23.45 23.16 9223 3359200.00 77298452.00
15/08/2016 23.15 22.75 23.40 22.82 5932 1753400.00 40288518.00
16/08/2016 22.64 22.12 22.98 22.15 4648 908700.00 20403780.00
17/08/2016 22.28 22.02 22.60 22.60 2783 451700.00 10092801.00
18/08/2016 22.68 21.90 22.69 22.15 4317 2082400.00 46190792.00
19/08/2016 22.31 21.94 22.39 22.39 2343 530100.00 11741237.00
22/08/2016 22.45 22.00 22.45 22.00 2503 409100.00 9038737.00
23/08/2016 22.10 22.01 22.36 22.20 2405 620500.00 13761418.00
24/08/2016 22.22 21.52 22.22 21.63 2447 770000.00 16698054.00
25/08/2016 21.63 21.50 21.81 21.70 1876 407000.00 8787417.00
26/08/2016 21.71 21.52 22.74 21.90 4238 1139500.00 25281942.00
29/08/2016 22.20 21.74 22.31 22.10 3534 949100.00 20815502.00
30/08/2016 22.15 21.99 22.65 22.65 2865 1257800.00 28202793.00
31/08/2016 22.70 22.35 22.79 22.45 2669 1312900.00 29454032.00
01/09/2016 22.65 22.06 22.65 22.41 1862 1144500.00 25628474.00
02/09/2016 22.53 22.50 22.81 22.81 1255 811500.00 18387758.00
05/09/2016 22.90 22.57 23.00 23.00 1632 384500.00 8764521.00
06/09/2016 23.06 22.85 23.80 23.59 3987 1143000.00 26753624.00
08/09/2016 23.69 23.44 23.90 23.75 2932 1655300.00 39204755.00
09/09/2016 23.72 23.17 23.72 23.30 1574 303100.00 7076097.00
12/09/2016 23.00 22.69 24.06 23.55 2277 511900.00 11927685.00
13/09/2016 23.36 22.57 23.42 23.00 2531 399800.00 9154925.00
14/09/2016 23.00 22.69 23.25 22.99 2311 389000.00 8916791.00
15/09/2016 23.23 22.75 23.64 23.45 2915 484200.00 11271182.00
16/09/2016 23.45 22.73 23.65 23.10 1159 491800.00 11458603.00
19/09/2016 23.30 22.67 23.54 23.01 2071 477400.00 10978420.00
20/09/2016 23.07 23.03 23.39 23.21 2777 472800.00 10969955.00
21/09/2016 23.25 23.05 23.85 23.79 3709 603300.00 14186007.00
22/09/2016 23.91 23.91 24.59 24.20 3394 1309400.00 31868335.00
23/09/2016 24.40 23.51 24.50 23.81 3129 688400.00 16492141.00
26/09/2016 23.83 23.11 23.86 23.46 2431 563900.00 13201376.00
27/09/2016 23.45 23.42 23.87 23.72 2926 533700.00 12637587.00
28/09/2016 23.73 23.73 24.13 24.00 3016 749600.00 17991338.00
29/09/2016 24.06 24.06 24.55 24.31 3204 805400.00 19587289.00
30/09/2016 24.29 23.98 24.45 24.05 3492 753000.00 18175892.00
03/10/2016 24.08 24.08 24.99 24.86 3283 825100.00 20302777.00
04/10/2016 25.00 24.52 25.19 24.68 3037 586800.00 14574727.00
05/10/2016 24.69 24.68 25.23 24.90 2876 582000.00 14525806.00
06/10/2016 25.00 24.61 25.15 24.83 1813 289900.00 7202470.00
07/10/2016 24.83 24.49 25.12 24.80 2961 624200.00 15475093.00
10/10/2016 24.95 24.80 25.15 24.88 3257 478400.00 11927632.00
11/10/2016 24.80 24.43 25.08 24.48 2009 524800.00 12959949.00
13/10/2016 24.45 24.10 24.45 24.25 3942 592900.00 14371467.00
14/10/2016 24.25 24.00 24.64 24.13 3105 583300.00 14175908.00
17/10/2016 24.27 23.83 24.33 24.10 2150 810000.00 19483579.00
18/10/2016 24.10 24.10 24.76 24.70 3281 1094500.00 26803735.00
19/10/2016 24.70 24.11 24.75 24.23 2016 552900.00 13471187.00
20/10/2016 24.23 23.65 24.23 23.80 3338 673700.00 16076417.00
21/10/2016 23.75 23.70 24.27 24.00 2817 773500.00 18582879.00
24/10/2016 23.99 23.65 24.23 23.71 2426 935000.00 22291084.00
25/10/2016 23.71 23.70 24.20 23.74 2209 381800.00 9144741.00
26/10/2016 23.74 22.71 23.91 23.65 2788 995300.00 23403630.00
27/10/2016 23.75 23.46 24.25 24.00 3791 899800.00 21625445.00
28/10/2016 24.00 23.74 24.35 24.20 1560 318900.00 7676733.00
31/10/2016 24.18 24.01 24.70 24.50 2440 860600.00 21009662.00
01/11/2016 24.56 23.85 24.86 24.00 3263 809000.00 19756028.00
03/11/2016 24.00 23.76 24.25 23.88 1355 245900.00 5902360.00
04/11/2016 23.79 23.35 24.93 24.30 2868 24176500.00 582787503.00
07/11/2016 24.79 24.63 25.14 25.10 4603 1217000.00 30371584.00
08/11/2016 24.83 24.83 26.00 25.90 6281 2216400.00 57133854.00
09/11/2016 24.80 24.41 26.19 25.55 2979 1701600.00 43513723.00
10/11/2016 25.89 24.00 25.98 24.65 6454 1401700.00 34702047.00
11/11/2016 24.65 23.51 24.88 23.86 6668 1987800.00 47459551.00
14/11/2016 24.00 23.41 24.44 23.64 5688 982600.00 23302483.00
16/11/2016 23.70 23.39 23.87 23.87 2614 515800.00 12239390.00
17/11/2016 24.17 23.54 24.42 24.16 3088 721600.00 17329161.00
18/11/2016 24.49 23.87 24.50 23.97 2465 459400.00 11064080.00
21/11/2016 24.00 23.56 24.40 24.40 1842 340500.00 8183600.00
22/11/2016 24.75 23.43 24.92 23.81 2969 721400.00 17194387.00
23/11/2016 23.81 22.81 23.94 23.25 4711 1024800.00 23714153.00
24/11/2016 23.30 22.86 23.54 23.40 954 231800.00 5410620.00
25/11/2016 23.39 23.22 23.84 23.61 1411 249900.00 5898604.00
28/11/2016 23.61 23.15 23.69 23.50 1890 402100.00 9425152.00
29/11/2016 23.54 23.15 23.64 23.46 2198 288700.00 6744725.00
30/11/2016 23.74 23.15 23.79 23.79 2092 647000.00 15228971.00
01/12/2016 23.91 22.39 23.91 22.69 5376 1264400.00 28959596.00
02/12/2016 22.80 21.75 22.80 22.52 2440 424300.00 9474977.00
05/12/2016 22.50 22.25 22.99 22.66 3030 509100.00 11487615.00
06/12/2016 22.57 22.37 23.30 23.05 3549 680700.00 15494384.00
07/12/2016 23.06 22.82 23.48 23.10 1847 410000.00 9490309.00
08/12/2016 22.95 22.95 23.77 23.44 1615 282200.00 6596408.00
09/12/2016 23.55 22.71 23.55 23.10 2349 407600.00 9343582.00
12/12/2016 23.00 22.43 23.13 22.89 1049 176400.00 4027604.00
13/12/2016 22.78 22.77 23.37 22.91 2387 429100.00 9873175.00
14/12/2016 23.03 22.54 24.09 23.28 4697 1193900.00 27909218.00
15/12/2016 23.20 22.57 23.59 22.80 3129 741000.00 16878156.00
16/12/2016 22.82 22.82 23.45 23.40 2096 1393500.00 32258272.00
19/12/2016 23.38 22.40 23.38 22.69 2518 1644600.00 37363345.00
20/12/2016 22.97 21.92 23.05 22.17 5869 1259900.00 27974544.00
21/12/2016 22.30 22.00 22.58 22.26 5186 818300.00 18214218.00
22/12/2016 22.26 22.00 22.38 22.11 4005 876200.00 19401282.00
23/12/2016 22.28 22.08 22.55 22.30 2116 644700.00 14368881.00
26/12/2016 22.47 22.31 22.58 22.41 978 240500.00 5403488.00
27/12/2016 22.59 22.59 23.00 22.88 2418 584200.00 13291600.00
28/12/2016 23.01 22.75 23.22 23.20 1585 275700.00 6359312.00
29/12/2016 23.23 22.97 23.70 23.70 2531 822900.00 19340033.00
02/01/2017 23.65 23.01 23.65 23.02 1256 236900.00 5483899.00
03/01/2017 23.10 23.05 23.79 23.71 3448 750100.00 17694536.00
04/01/2017 24.35 24.05 24.87 24.46 5878 847000.00 20773675.00
05/01/2017 24.50 24.33 25.42 25.20 3863 593700.00 14814798.00
06/01/2017 25.10 24.52 25.22 24.99 2709 448200.00 11110143.00
09/01/2017 25.00 24.41 25.45 25.20 3253 674900.00 16968606.00
10/01/2017 25.39 24.70 25.46 25.10 4160 848900.00 21270411.00
11/01/2017 25.12 24.99 25.40 25.25 2559 615300.00 15482087.00
12/01/2017 26.00 24.95 26.37 25.39 5989 1309200.00 33413609.00
13/01/2017 25.30 25.25 26.35 26.35 5577 835200.00 21649795.00
16/01/2017 26.35 25.56 26.35 25.83 2788 479200.00 12377133.00
17/01/2017 25.72 25.50 26.00 25.66 3014 412000.00 10601615.00
18/01/2017 25.66 25.25 26.00 25.70 3880 551000.00 14121512.00
19/01/2017 25.72 24.82 25.85 24.90 3772 1615800.00 40676442.00
20/01/2017 25.06 25.05 25.94 25.94 4392 699200.00 17935855.00
23/01/2017 25.94 25.63 26.06 25.84 1710 326000.00 8423127.00
24/01/2017 25.81 25.66 26.66 26.14 3154 613700.00 16065932.00
26/01/2017 26.10 26.06 26.63 26.34 3386 1751900.00 46195768.00
27/01/2017 26.51 25.53 26.52 25.85 4919 723200.00 18689215.00
30/01/2017 25.95 25.17 26.10 25.97 3413 805000.00 20740785.00
31/01/2017 25.95 25.81 26.22 26.00 2482 488500.00 12712517.00
01/02/2017 26.13 25.62 26.41 25.99 3628 682400.00 17678732.00
02/02/2017 25.97 25.60 26.14 26.06 1858 584900.00 15225425.00
03/02/2017 26.06 25.83 26.58 26.53 2409 521700.00 13747321.00
06/02/2017 26.59 25.91 26.72 26.09 2787 452900.00 11880801.00
07/02/2017 26.10 25.83 26.49 26.49 2491 576500.00 15085520.00
08/02/2017 26.40 26.23 26.99 26.57 2543 361800.00 9650375.00
09/02/2017 26.46 26.37 27.92 27.00 3592 734200.00 19757181.00
10/02/2017 27.04 26.75 27.38 27.11 5797 1022300.00 27606571.00
13/02/2017 27.35 27.23 28.21 27.75 3829 853000.00 23691097.00
14/02/2017 27.80 26.91 28.00 27.34 3711 920400.00 25079861.00
15/02/2017 27.41 27.39 28.86 28.10 5073 914700.00 25647041.00
16/02/2017 28.12 27.55 28.25 27.90 5799 806000.00 22374553.00
17/02/2017 27.90 27.25 27.91 27.27 3349 583600.00 16034766.00
20/02/2017 27.40 27.40 28.10 27.98 2003 309100.00 8623652.00
21/02/2017 28.29 27.80 28.30 28.18 2507 337400.00 9458179.00
22/02/2017 28.15 27.85 28.36 28.35 5075 751000.00 21205942.00
23/02/2017 28.27 27.90 28.94 28.80 5494 909600.00 26007222.00
24/02/2017 28.74 28.17 28.74 28.53 6326 1003900.00 28585945.00
01/03/2017 28.71 28.01 28.74 28.27 3646 618100.00 17455565.00
02/03/2017 28.30 28.15 29.50 28.60 5235 2328800.00 67726328.00
03/03/2017 28.93 28.60 29.02 28.86 1830 797200.00 23052655.00
06/03/2017 28.94 28.90 29.54 29.50 3203 971200.00 28549461.00
07/03/2017 29.53 29.11 29.60 29.50 2399 489000.00 14353286.00
08/03/2017 29.50 28.85 29.50 29.00 2561 611600.00 17787972.00
09/03/2017 28.99 28.38 29.13 29.13 5560 1031200.00 29664747.00
10/03/2017 29.31 29.31 29.93 29.89 6369 986600.00 29258619.00
13/03/2017 29.89 29.82 30.20 30.08 3231 680500.00 20473253.00
14/03/2017 30.08 29.70 30.09 30.00 3153 431900.00 12910373.00
15/03/2017 30.02 29.62 30.30 30.15 2401 423700.00 12709942.00
16/03/2017 30.15 29.90 30.40 30.10 2353 421600.00 12707833.00
17/03/2017 30.26 29.67 30.30 29.75 3858 670200.00 19995077.00
20/03/2017 29.77 29.17 29.87 29.40 2660 582200.00 17134488.00
21/03/2017 29.59 28.88 29.67 28.88 2406 413800.00 12013758.00
22/03/2017 28.91 28.32 29.01 28.60 2816 457500.00 13097293.00
23/03/2017 28.63 28.47 29.61 29.33 3511 561800.00 16256247.00
24/03/2017 29.33 28.71 29.47 28.75 2014 299300.00 8662861.00
27/03/2017 28.61 28.11 28.68 28.48 2866 495400.00 14019134.00
28/03/2017 28.47 28.13 28.60 28.60 3320 538600.00 15311198.00
29/03/2017 28.60 28.46 30.10 29.51 4526 935000.00 27393091.00
30/03/2017 29.59 28.71 29.59 28.98 8498 1942600.00 56187116.00
31/03/2017 28.99 28.67 29.36 28.90 4548 1138200.00 32911245.00
03/04/2017 29.00 28.68 29.52 28.74 3647 784400.00 22644687.00
04/04/2017 28.99 28.63 29.20 28.90 3631 1391000.00 40055079.00
05/04/2017 28.99 28.63 29.01 28.85 4903 1025000.00 29526397.00
06/04/2017 28.85 28.35 29.43 28.97 4301 816100.00 23500113.00
07/04/2017 28.97 28.51 29.41 29.08 4543 664400.00 19277647.00
10/04/2017 29.09 28.35 29.19 28.45 3858 684100.00 19529139.00
11/04/2017 28.45 27.92 28.76 28.60 4576 1648400.00 46776570.00
12/04/2017 28.58 28.14 28.98 28.72 4242 1997100.00 57203898.00
13/04/2017 28.74 28.63 29.30 29.26 2479 429500.00 12498706.00
17/04/2017 29.26 29.10 30.60 30.45 4222 1813600.00 54813653.00
18/04/2017 30.43 30.18 30.76 30.55 5240 1159500.00 35393033.00
19/04/2017 30.63 29.76 30.83 30.41 3902 1005700.00 30572587.00
20/04/2017 30.61 30.10 30.76 30.30 2524 431800.00 13100176.00
24/04/2017 30.26 29.63 30.52 29.86 4243 694900.00 20813964.00
25/04/2017 29.93 29.34 29.93 29.65 2832 566400.00 16753130.00
26/04/2017 29.65 29.24 30.24 30.24 4185 744300.00 22178151.00
27/04/2017 30.25 29.77 30.25 30.09 2079 318400.00 9551705.00
28/04/2017 30.07 29.98 30.96 30.96 3375 1005000.00 30808741.00
02/05/2017 30.96 30.96 31.34 31.06 4161 1004300.00 31359479.00
03/05/2017 30.96 30.69 31.45 31.45 4587 763100.00 23783858.00
04/05/2017 31.65 30.86 31.91 30.95 3394 1572900.00 48914973.00
05/05/2017 31.10 30.73 31.26 31.00 3229 551200.00 17043772.00
08/05/2017 31.00 30.81 31.60 31.56 2628 410800.00 12833975.00
09/05/2017 31.86 31.35 32.20 31.90 3418 614300.00 19496836.00
10/05/2017 32.04 31.91 32.36 32.21 5653 1058900.00 34011797.00
11/05/2017 32.30 31.36 32.45 31.50 4693 765100.00 24317735.00
12/05/2017 31.79 30.79 31.99 31.99 3425 895600.00 27977431.00
15/05/2017 31.90 31.10 31.99 31.40 4796 2843600.00 89114929.00
16/05/2017 31.56 31.40 32.69 32.69 4707 944200.00 30290426.00
17/05/2017 32.68 32.14 32.70 32.56 4043 800800.00 25928870.00
18/05/2017 28.30 28.00 30.06 29.51 7349 3600300.00 104581324.00
19/05/2017 29.30 29.01 30.64 29.45 3846 975200.00 28830108.00
22/05/2017 29.47 27.43 29.47 27.95 5607 2667200.00 75230005.00
23/05/2017 27.95 27.95 29.37 28.74 4783 1088600.00 31239522.00
24/05/2017 29.00 28.94 30.11 29.74 4795 785200.00 23307071.00
25/05/2017 29.45 29.45 30.16 29.83 2783 577800.00 17250272.00
26/05/2017 30.17 29.98 31.77 31.10 4494 1012700.00 31288564.00
29/05/2017 31.10 30.28 31.20 31.20 2070 410800.00 12653674.00
30/05/2017 31.20 30.70 31.37 30.85 3131 944700.00 29159358.00
31/05/2017 30.80 29.73 31.11 30.00 4799 2119900.00 63681205.00
01/06/2017 30.27 29.50 30.29 29.85 2340 607000.00 18143310.00
02/06/2017 29.84 29.75 30.74 30.65 3770 729600.00 22091844.00
05/06/2017 30.71 30.19 30.88 30.84 2689 560500.00 17136775.00
06/06/2017 30.80 30.51 31.39 31.30 3447 666800.00 20697381.00
07/06/2017 31.30 31.25 32.02 31.99 2882 1007900.00 32083743.00
08/06/2017 31.95 31.60 33.20 33.20 3723 911400.00 29519192.00
09/06/2017 32.80 32.79 33.80 33.49 4393 909400.00 30473013.00
12/06/2017 33.79 32.51 33.79 32.85 2401 518400.00 17004417.00
13/06/2017 33.19 32.52 33.90 33.80 2459 512500.00 17022238.00
14/06/2017 33.91 33.32 34.00 34.00 2846 542100.00 18276957.00
16/06/2017 33.80 33.73 34.58 34.25 1509 390500.00 13327856.00
