20/06/2016 10.11 10.11 10.50 10.23 7197 1722300.00 17800420.00
21/06/2016 10.26 10.07 10.56 10.56 5096 2297500.00 23852310.00
22/06/2016 10.60 10.42 10.72 10.45 7930 2445300.00 25779044.00
23/06/2016 10.50 10.36 10.79 10.75 5243 2894600.00 30867239.00
24/06/2016 10.43 9.91 10.63 9.92 10302 6456300.00 65611825.00
27/06/2016 10.00 9.66 10.02 9.73 8926 1909900.00 18657517.00
28/06/2016 9.95 9.54 9.97 9.75 8197 3404500.00 33166180.00
29/06/2016 9.80 9.77 10.21 10.10 9378 2670800.00 26893455.00
30/06/2016 10.10 10.10 10.35 10.29 7837 2596400.00 26644269.00
01/07/2016 10.35 10.07 10.36 10.12 5376 2487500.00 25278029.00
04/07/2016 10.15 10.15 10.55 10.28 4187 1798500.00 18711875.00
05/07/2016 10.18 9.96 10.28 10.07 3586 2211100.00 22316369.00
06/07/2016 9.92 9.78 10.15 9.92 5016 2370200.00 23651747.00
07/07/2016 9.98 9.89 10.05 10.00 3542 990500.00 9877197.00
08/07/2016 10.10 10.06 10.30 10.10 5137 4478000.00 45586398.00
11/07/2016 10.19 10.15 10.32 10.18 6184 2008700.00 20546354.00
12/07/2016 10.32 10.00 10.36 10.05 7794 2233900.00 22745089.00
13/07/2016 10.00 9.95 10.17 9.96 8080 2288500.00 22930692.00
14/07/2016 10.10 10.08 10.32 10.29 4717 1462800.00 14948933.00
15/07/2016 10.21 10.21 10.44 10.39 5053 1792000.00 18507336.00
18/07/2016 10.40 10.36 10.78 10.76 6864 1961600.00 20987694.00
19/07/2016 10.80 10.76 11.04 10.93 9882 3599700.00 39340846.00
20/07/2016 10.84 10.74 10.98 10.89 5452 1635500.00 17764321.00
21/07/2016 10.90 10.78 11.16 10.96 8159 2333300.00 25598895.00
22/07/2016 11.04 10.67 11.06 10.85 8517 3327200.00 36064935.00
25/07/2016 10.88 10.72 11.05 10.85 9508 3612000.00 39323433.00
26/07/2016 10.85 10.70 11.03 10.81 6350 2258500.00 24617962.00
27/07/2016 10.80 10.62 10.89 10.79 5927 3614000.00 38807216.00
28/07/2016 10.71 10.71 11.00 10.93 7700 2163100.00 23647407.00
29/07/2016 10.98 10.93 11.27 11.21 6634 2119400.00 23632555.00
01/08/2016 11.20 11.16 11.38 11.24 5409 1313700.00 14847478.00
02/08/2016 11.23 10.90 11.30 11.06 5157 1263600.00 13968452.00
03/08/2016 10.94 10.82 11.26 11.17 4951 1910800.00 21039974.00
04/08/2016 11.13 11.07 11.62 11.50 4257 3043900.00 34878419.00
05/08/2016 11.50 11.38 11.77 11.55 5987 4211900.00 48500892.00
08/08/2016 11.48 11.07 11.55 11.33 4597 1927500.00 21801700.00
09/08/2016 11.39 11.01 11.46 11.08 5899 1948700.00 21781347.00
10/08/2016 10.79 10.50 10.91 10.65 12261 4548400.00 48673130.00
11/08/2016 10.58 10.30 10.67 10.62 10630 3724100.00 39044632.00
12/08/2016 10.67 10.21 10.73 10.31 9315 3303900.00 34379861.00
15/08/2016 10.30 10.00 10.33 10.05 13588 5117400.00 51655641.00
16/08/2016 10.03 9.94 10.12 10.03 7769 1998100.00 20032026.00
17/08/2016 9.98 9.92 10.12 10.05 7835 1465700.00 14663906.00
18/08/2016 10.19 10.05 10.25 10.16 9492 4008800.00 40656714.00
19/08/2016 10.16 10.02 10.36 10.36 11110 3239600.00 33165748.00
22/08/2016 10.40 10.11 10.43 10.21 9068 3592100.00 36630000.00
23/08/2016 10.24 10.05 10.40 10.10 9286 4802400.00 48766024.00
24/08/2016 10.02 9.91 10.27 10.23 7671 4076100.00 40981020.00
25/08/2016 10.10 10.10 10.35 10.26 5367 1795700.00 18423662.00
26/08/2016 10.21 10.02 10.60 10.47 12522 4423600.00 45699212.00
29/08/2016 10.42 10.37 10.87 10.80 8320 2437300.00 26113618.00
30/08/2016 10.85 10.66 10.88 10.81 9250 3530900.00 38128267.00
31/08/2016 10.75 10.39 10.93 10.57 10692 3192200.00 34106974.00
01/09/2016 10.58 10.25 10.63 10.58 8006 2588800.00 27036946.00
02/09/2016 10.51 10.49 10.80 10.80 8407 3093300.00 32980065.00
05/09/2016 10.70 10.52 10.75 10.74 3540 956500.00 10195334.00
06/09/2016 10.80 10.60 10.90 10.68 4387 1086800.00 11623338.00
08/09/2016 10.59 10.40 10.63 10.54 8257 2131800.00 22344029.00
09/09/2016 10.39 9.83 10.44 9.83 12926 4879700.00 49224690.00
12/09/2016 9.81 9.61 10.05 10.05 8030 2151300.00 21187400.00
13/09/2016 10.00 9.78 10.02 9.93 7964 2434600.00 24110019.00
14/09/2016 9.85 9.85 10.19 10.18 6616 5715100.00 57673569.00
15/09/2016 10.17 10.10 10.31 10.26 3640 911000.00 9317051.00
16/09/2016 10.26 10.04 10.29 10.16 4230 2235200.00 22683102.00
19/09/2016 10.19 10.15 10.35 10.18 5526 3908300.00 40078400.00
20/09/2016 10.28 10.13 10.31 10.21 3941 1239400.00 12682520.00
21/09/2016 10.22 10.20 10.48 10.30 5052 1221000.00 12632825.00
22/09/2016 10.46 10.24 10.57 10.27 9671 2839400.00 29560285.00
23/09/2016 10.33 9.88 10.39 10.01 13122 4239400.00 42512059.00
26/09/2016 9.94 9.82 10.11 9.82 11382 2711800.00 26874862.00
27/09/2016 9.89 9.74 9.95 9.82 11534 2130800.00 20909653.00
28/09/2016 9.83 9.83 10.24 10.17 7041 3631000.00 36614606.00
29/09/2016 10.09 10.03 10.34 10.12 7291 1753000.00 17843776.00
30/09/2016 10.20 10.10 10.26 10.23 6877 1640100.00 16724737.00
03/10/2016 10.35 10.16 10.55 10.46 6663 2189100.00 22726828.00
04/10/2016 10.55 10.30 10.56 10.38 5784 1104300.00 11463124.00
05/10/2016 10.35 10.35 10.58 10.51 5978 1844000.00 19349681.00
06/10/2016 10.51 10.45 10.67 10.59 4039 1063700.00 11231777.00
07/10/2016 10.64 10.56 10.77 10.69 7900 1836400.00 19649447.00
10/10/2016 10.74 10.58 10.85 10.85 5007 1129100.00 12106281.00
11/10/2016 10.84 10.72 10.89 10.85 5243 1379800.00 14928178.00
13/10/2016 10.86 10.55 10.86 10.75 9923 2258600.00 24177053.00
14/10/2016 10.77 10.73 10.90 10.81 6807 1483800.00 16055405.00
17/10/2016 10.82 10.54 10.85 10.61 7780 1899000.00 20156516.00
18/10/2016 10.65 10.49 10.86 10.83 8184 1847600.00 19687993.00
19/10/2016 10.77 10.68 11.00 10.80 8645 2236400.00 24097789.00
20/10/2016 10.77 10.56 10.82 10.75 8142 1974600.00 21183867.00
21/10/2016 10.70 10.55 10.81 10.67 7169 3881200.00 41624949.00
24/10/2016 10.67 10.67 11.12 11.06 8879 3862800.00 42491942.00
25/10/2016 11.11 10.74 11.14 10.97 9479 3282200.00 35728754.00
26/10/2016 10.87 10.74 11.03 10.85 10026 2751600.00 29889212.00
27/10/2016 10.88 10.72 11.00 10.92 6250 1631400.00 17728617.00
28/10/2016 10.83 10.78 11.05 10.92 6750 2288100.00 25128587.00
31/10/2016 10.84 10.67 10.94 10.75 8605 5516300.00 59232919.00
01/11/2016 10.76 10.42 10.82 10.64 7901 2144600.00 22836171.00
03/11/2016 10.63 10.29 10.70 10.30 9806 3594700.00 37337854.00
04/11/2016 10.36 10.18 10.42 10.33 9573 2185800.00 22575629.00
07/11/2016 10.35 10.35 10.80 10.80 9829 3376400.00 35905586.00
08/11/2016 10.79 10.59 11.03 10.93 6916 2400300.00 26041030.00
09/11/2016 10.70 10.46 10.88 10.88 7756 2687600.00 28801357.00
10/11/2016 10.85 9.94 10.85 10.00 14785 9625400.00 98801666.00
11/11/2016 9.97 9.03 9.97 9.22 18029 7876200.00 72872449.00
14/11/2016 9.13 8.71 9.36 9.00 17322 4298200.00 38435396.00
16/11/2016 9.09 8.90 9.23 9.15 11203 2751600.00 25060401.00
17/11/2016 9.28 9.09 9.41 9.17 8617 3056800.00 28214334.00
18/11/2016 9.12 8.72 9.19 8.76 13574 4964900.00 44086910.00
21/11/2016 8.78 8.59 9.06 9.06 11698 3769300.00 33091760.00
22/11/2016 9.13 8.80 9.17 8.80 6778 5161800.00 46519004.00
23/11/2016 8.81 8.63 8.85 8.65 8650 5534400.00 48201975.00
24/11/2016 8.68 8.68 9.03 8.92 4265 1016100.00 9045785.00
25/11/2016 8.80 8.77 9.06 9.03 4574 2571200.00 23020090.00
28/11/2016 9.06 8.88 9.07 8.92 8415 1866600.00 16667315.00
29/11/2016 8.92 8.90 9.08 8.92 9913 2705600.00 24318652.00
30/11/2016 9.06 9.00 9.33 9.33 9032 2688800.00 24709859.00
01/12/2016 9.18 8.87 9.18 8.93 12805 2792500.00 25081216.00
02/12/2016 8.78 8.77 9.42 9.42 11911 3803400.00 34804238.00
05/12/2016 9.42 9.22 9.43 9.30 9255 2382300.00 22207466.00
06/12/2016 9.26 8.87 9.73 9.64 12765 3441000.00 32484708.00
07/12/2016 9.68 9.68 10.04 9.89 10623 4573300.00 45155323.00
08/12/2016 10.04 9.34 10.04 9.54 11172 3306500.00 31843686.00
09/12/2016 9.54 9.35 9.63 9.49 8385 3449300.00 32771177.00
12/12/2016 9.33 9.31 9.54 9.41 7994 3318400.00 31231566.00
13/12/2016 9.35 9.32 9.73 9.68 10781 2188000.00 20870179.00
14/12/2016 9.64 9.52 9.82 9.66 6955 1853900.00 17936740.00
15/12/2016 9.60 9.44 9.71 9.58 5464 1259700.00 12022754.00
16/12/2016 9.58 9.55 9.84 9.74 6858 2054900.00 20026265.00
19/12/2016 9.74 9.62 9.88 9.74 9049 3112300.00 30411300.00
20/12/2016 9.77 9.66 9.89 9.72 11622 2883800.00 28086007.00
21/12/2016 9.72 9.54 9.78 9.60 7753 3017200.00 29081291.00
22/12/2016 9.55 9.55 9.85 9.78 4388 915900.00 8854379.00
23/12/2016 9.80 9.69 10.17 9.97 4575 1635300.00 16375215.00
26/12/2016 9.99 9.93 10.11 9.93 1778 358200.00 3589928.00
27/12/2016 10.03 9.92 10.09 10.02 3172 817600.00 8165368.00
28/12/2016 10.00 10.00 10.33 10.32 5586 1490800.00 15244758.00
29/12/2016 10.35 10.25 10.44 10.27 8155 1916900.00 19764155.00
02/01/2017 10.15 10.08 10.46 10.28 3497 1133200.00 11738965.00
03/01/2017 10.29 10.29 11.22 11.15 9060 3294900.00 35807889.00
04/01/2017 11.00 10.97 11.84 11.56 11220 4718600.00 53776240.00
05/01/2017 11.64 11.16 11.65 11.41 9181 3998600.00 45503123.00
06/01/2017 11.36 11.22 11.50 11.34 8133 2099600.00 23766543.00
09/01/2017 11.34 11.31 11.91 11.75 10268 2555700.00 29796140.00
10/01/2017 11.70 11.58 11.87 11.58 4481 1242200.00 14548826.00
11/01/2017 11.67 11.40 11.86 11.70 6552 2262900.00 26454420.00
12/01/2017 12.00 12.00 12.43 12.05 16276 7680300.00 93600655.00
13/01/2017 12.12 11.99 12.20 12.11 6729 2142700.00 25908432.00
16/01/2017 12.11 12.05 12.58 12.36 7505 1881500.00 23310919.00
17/01/2017 12.37 12.37 12.90 12.80 6567 1492300.00 18941289.00
18/01/2017 13.25 11.94 13.39 12.11 21992 5054000.00 64351417.00
19/01/2017 12.02 11.88 12.37 12.01 9441 3097000.00 37321571.00
20/01/2017 12.11 11.91 12.45 12.30 8574 2210900.00 26878727.00
23/01/2017 12.42 12.13 12.58 12.50 6544 1410800.00 17413770.00
24/01/2017 12.55 12.30 12.73 12.45 6600 2664700.00 33355622.00
26/01/2017 12.45 12.45 12.64 12.55 6494 2001700.00 25154159.00
27/01/2017 12.55 12.44 12.85 12.76 5929 2005400.00 25562916.00
30/01/2017 12.66 12.40 12.72 12.51 7960 1627700.00 20478946.00
31/01/2017 12.37 12.33 12.99 12.95 8666 2069500.00 26513755.00
01/02/2017 13.00 12.89 13.18 12.89 5831 1603500.00 20797982.00
02/02/2017 12.88 12.68 13.15 12.88 6452 1480000.00 19132421.00
03/02/2017 13.14 12.99 13.42 13.36 10846 3235800.00 42928299.00
06/02/2017 13.50 13.32 13.95 13.45 13934 4509600.00 61593751.00
07/02/2017 13.71 13.42 13.82 13.65 8084 2968500.00 40492695.00
08/02/2017 13.70 13.45 14.10 13.95 10822 4807000.00 66486700.00
09/02/2017 14.05 13.89 14.09 14.04 7487 3778400.00 52910728.00
10/02/2017 14.04 13.84 14.50 14.14 9017 2188200.00 30992568.00
13/02/2017 14.15 13.86 14.28 13.86 5166 1107000.00 15451611.00
14/02/2017 13.88 13.33 13.95 13.67 10338 2641900.00 35917658.00
15/02/2017 13.68 13.53 13.81 13.67 8356 2084200.00 28477491.00
16/02/2017 13.75 13.26 13.75 13.41 6862 1801900.00 24295754.00
17/02/2017 13.52 13.30 13.64 13.50 5467 1387200.00 18685296.00
20/02/2017 13.64 13.39 13.74 13.39 5377 1292500.00 17474480.00
21/02/2017 13.39 13.34 13.65 13.58 8796 1664400.00 22445395.00
22/02/2017 13.60 13.41 13.64 13.57 4834 775000.00 10460139.00
23/02/2017 13.65 12.86 13.97 13.23 9857 2758300.00 37244288.00
24/02/2017 13.10 12.81 13.24 12.99 8837 2179700.00 28269433.00
01/03/2017 12.95 12.52 13.13 12.90 5295 1289900.00 16609334.00
02/03/2017 12.91 12.82 13.07 12.92 7427 1828500.00 23673143.00
03/03/2017 13.05 12.86 13.20 13.14 5993 3363200.00 43808704.00
06/03/2017 13.17 13.03 13.48 13.19 5791 1480300.00 19640446.00
07/03/2017 13.22 13.11 13.47 13.34 6348 1399800.00 18667931.00
08/03/2017 13.27 12.61 13.30 12.94 8509 1762800.00 22691176.00
09/03/2017 12.89 12.69 13.34 13.10 9877 2571500.00 33648472.00
10/03/2017 13.22 13.01 13.45 13.10 7156 3459000.00 45798106.00
13/03/2017 13.20 13.20 13.66 13.50 8565 2233000.00 30091151.00
14/03/2017 13.55 13.26 13.63 13.44 5918 1615900.00 21715123.00
15/03/2017 13.45 13.17 13.60 13.47 8123 2353500.00 31545703.00
16/03/2017 13.54 13.30 13.60 13.45 5369 2140100.00 28791440.00
17/03/2017 13.51 13.17 13.56 13.19 8216 3250200.00 43187123.00
20/03/2017 13.26 12.95 13.51 13.45 6441 1505400.00 20114827.00
21/03/2017 13.45 13.03 13.70 13.10 7938 3139500.00 41818991.00
22/03/2017 13.03 12.53 13.27 13.15 7854 1952600.00 25392391.00
23/03/2017 13.07 12.88 13.31 13.00 4716 1176900.00 15337427.00
24/03/2017 12.94 12.28 13.04 12.75 5270 1417400.00 17991628.00
27/03/2017 12.72 12.47 13.00 12.95 5859 1360300.00 17371559.00
28/03/2017 12.90 12.74 13.21 13.10 4418 1124200.00 14608631.00
29/03/2017 13.17 12.95 13.17 13.03 4859 917000.00 11972509.00
30/03/2017 13.10 13.06 13.37 13.27 4729 1039000.00 13750012.00
31/03/2017 13.21 13.12 13.48 13.24 3514 653500.00 8701404.00
03/04/2017 13.18 13.11 13.32 13.16 3184 950700.00 12582219.00
04/04/2017 13.21 13.03 13.30 13.30 4300 808000.00 10701741.00
05/04/2017 13.30 12.94 13.40 13.22 7133 2441100.00 32303180.00
06/04/2017 13.15 12.96 13.48 13.10 6518 1798100.00 23750132.00
07/04/2017 13.23 12.85 13.32 13.00 4016 853800.00 11137615.00
10/04/2017 13.01 12.94 13.23 13.21 3431 830800.00 10884874.00
11/04/2017 13.29 12.90 13.36 13.14 4113 723200.00 9530834.00
12/04/2017 13.19 13.03 13.29 13.03 4651 1003100.00 13175555.00
13/04/2017 13.03 12.90 13.20 13.20 4940 1014000.00 13266538.00
17/04/2017 13.33 13.15 13.53 13.52 6244 1892200.00 25285613.00
18/04/2017 13.42 13.06 13.46 13.30 7838 2420200.00 32148494.00
19/04/2017 13.40 12.86 13.40 12.97 8716 2131900.00 27732779.00
20/04/2017 13.04 13.00 13.30 13.20 6435 2513700.00 33089478.00
24/04/2017 13.19 12.90 13.37 12.94 7678 1941800.00 25316205.00
25/04/2017 12.88 12.88 13.32 13.32 7437 1562700.00 20561271.00
26/04/2017 13.28 13.07 13.31 13.12 6164 1710300.00 22496652.00
27/04/2017 13.18 12.95 13.28 12.96 5465 1355300.00 17689510.00
28/04/2017 12.93 12.90 13.20 13.20 4414 1446900.00 18949848.00
02/05/2017 13.02 13.02 13.64 13.50 8128 1867000.00 25100747.00
03/05/2017 13.60 13.20 13.74 13.52 6057 1808700.00 24328903.00
04/05/2017 13.43 13.14 13.55 13.34 8486 1556100.00 20678146.00
05/05/2017 13.41 13.05 13.41 13.05 6386 1046000.00 13745006.00
08/05/2017 13.10 12.66 13.14 12.78 6047 1418700.00 18167387.00
09/05/2017 12.84 12.84 13.19 13.08 3517 978900.00 12809437.00
10/05/2017 13.16 13.13 13.48 13.29 5318 1000700.00 13288858.00
11/05/2017 13.22 13.17 13.60 13.49 3801 816800.00 10975430.00
12/05/2017 13.40 13.19 13.64 13.40 6064 1667500.00 22246958.00
15/05/2017 13.35 13.05 13.42 13.18 6907 1983800.00 26109970.00
16/05/2017 13.25 13.19 13.61 13.51 7442 1577900.00 21173065.00
17/05/2017 13.35 13.10 13.56 13.22 9090 2552500.00 33735717.00
18/05/2017 10.11 10.11 11.57 11.07 20729 6129000.00 68849513.00
19/05/2017 11.20 11.20 11.90 11.40 17289 4396500.00 50739566.00
22/05/2017 11.30 10.08 11.37 10.69 15885 4486900.00 47124457.00
23/05/2017 10.81 10.66 11.10 10.77 8604 1685200.00 18296995.00
24/05/2017 11.07 10.69 11.47 11.26 11692 3021300.00 33696608.00
25/05/2017 11.40 10.73 11.41 10.80 11728 4446700.00 48574141.00
26/05/2017 10.88 10.87 11.15 10.94 7066 1469600.00 16189050.00
29/05/2017 10.82 10.82 11.19 11.18 4521 1119700.00 12354728.00
30/05/2017 11.23 10.99 11.39 11.09 7010 1537200.00 17264499.00
31/05/2017 11.11 10.69 11.30 10.69 6522 1526600.00 16627752.00
01/06/2017 10.69 10.55 10.97 10.69 8363 2728900.00 29154376.00
02/06/2017 10.80 10.68 11.00 10.82 4996 978800.00 10626170.00
05/06/2017 10.71 10.45 10.87 10.49 4403 1181500.00 12509689.00
06/06/2017 10.50 10.46 10.99 10.83 5586 1421100.00 15304829.00
07/06/2017 10.96 10.66 10.98 10.84 3934 748800.00 8084262.00
08/06/2017 10.87 10.48 10.87 10.69 4854 1493300.00 15825045.00
09/06/2017 10.75 10.72 11.05 10.95 5552 2353200.00 25692679.00
12/06/2017 11.02 10.56 11.14 10.72 7360 2596700.00 28346794.00
13/06/2017 10.77 10.57 10.79 10.61 5148 1517700.00 16188206.00
14/06/2017 10.75 10.28 10.75 10.50 5720 1801700.00 18990999.00
16/06/2017 10.50 10.43 10.63 10.43 3838 983800.00 10307055.00
