20/06/2016 21.64 21.61 21.96 21.64 58 15800.00 343969.00
21/06/2016 21.58 20.57 21.68 21.20 223 56200.00 1181841.00
22/06/2016 21.16 20.78 21.74 21.26 100 24800.00 526922.00
23/06/2016 20.92 20.40 21.66 21.66 292 76600.00 1604523.00
24/06/2016 21.19 20.30 21.19 20.30 328 128100.00 2612011.00
27/06/2016 20.42 19.52 20.42 19.70 243 98100.00 1940852.00
28/06/2016 20.14 19.95 20.67 20.64 158 34600.00 708665.00
29/06/2016 20.75 20.65 21.20 21.13 71 16700.00 351057.00
30/06/2016 20.77 20.35 20.90 20.90 244 54400.00 1124533.00
01/07/2016 21.08 20.89 21.90 21.90 256 93700.00 2005278.00
04/07/2016 22.06 21.88 23.72 22.11 381 44400.00 984162.00
05/07/2016 22.03 20.97 22.03 21.30 148 35900.00 762886.00
06/07/2016 20.95 20.35 21.08 20.80 246 65600.00 1365385.00
07/07/2016 21.14 21.14 21.58 21.50 166 18300.00 392110.00
08/07/2016 21.31 21.18 21.79 21.79 222 85300.00 1835416.00
11/07/2016 21.69 21.69 22.26 22.00 54 11800.00 260382.00
12/07/2016 22.11 22.00 22.30 22.10 452 101400.00 2242538.00
13/07/2016 22.15 21.34 22.15 21.40 206 90200.00 1931741.00
14/07/2016 21.70 21.30 21.83 21.55 168 44800.00 963048.00
15/07/2016 21.67 21.60 21.93 21.87 97 16500.00 358843.00
18/07/2016 21.76 21.50 22.19 22.19 117 24500.00 534365.00
19/07/2016 21.97 21.70 22.11 21.70 93 19700.00 429563.00
20/07/2016 21.50 21.40 21.90 21.90 144 603100.00 13201450.00
21/07/2016 22.07 22.00 22.24 22.05 75 12100.00 267336.00
22/07/2016 21.75 21.37 21.85 21.37 231 140400.00 3018278.00
25/07/2016 21.40 21.00 21.46 21.00 185 28700.00 607497.00
26/07/2016 20.81 20.80 21.51 21.19 69 7800.00 166450.00
27/07/2016 21.54 21.03 21.54 21.03 200 70700.00 1498766.00
28/07/2016 21.12 20.89 21.40 21.25 218 36900.00 781578.00
29/07/2016 21.00 20.68 21.82 21.75 422 51200.00 1100513.00
01/08/2016 21.48 20.83 22.09 20.83 472 78400.00 1659054.00
02/08/2016 20.82 20.25 21.55 20.49 254 28100.00 584368.00
03/08/2016 20.57 20.51 21.00 20.83 371 38200.00 794402.00
04/08/2016 21.00 20.57 21.62 20.65 333 38400.00 804949.00
05/08/2016 21.00 20.80 21.32 21.01 255 33500.00 704226.00
08/08/2016 21.00 20.67 21.27 21.00 185 19000.00 397565.00
09/08/2016 20.94 20.64 20.98 20.70 615 110500.00 2298156.00
10/08/2016 20.70 20.30 21.14 20.50 209 27600.00 565790.00
11/08/2016 20.53 20.23 21.01 20.99 410 185200.00 3782090.00
12/08/2016 20.74 20.46 20.81 20.55 115 28600.00 588510.00
15/08/2016 20.77 20.67 20.97 20.88 63 9100.00 189762.00
16/08/2016 20.82 20.70 20.87 20.80 64 10200.00 212212.00
17/08/2016 20.97 20.61 21.13 21.00 198 34900.00 734866.00
18/08/2016 21.18 21.14 22.34 21.90 400 90700.00 1967632.00
19/08/2016 22.34 21.84 22.65 22.65 292 31500.00 700175.00
22/08/2016 22.20 21.80 22.36 22.11 142 28200.00 622815.00
23/08/2016 22.47 21.82 22.54 22.15 67 12600.00 279150.00
24/08/2016 22.30 22.29 22.59 22.49 123 29100.00 650943.00
25/08/2016 22.28 22.28 22.62 22.62 83 11900.00 267364.00
26/08/2016 22.59 22.50 23.09 22.99 34 3900.00 89140.00
29/08/2016 22.99 22.85 23.23 23.05 17 4300.00 98953.00
30/08/2016 23.40 22.97 23.50 23.50 282 266600.00 6205693.00
31/08/2016 24.25 22.56 24.25 22.71 981 196200.00 4478025.00
01/09/2016 23.40 23.07 24.60 23.32 464 76700.00 1790252.00
02/09/2016 24.30 23.56 24.30 23.86 244 39300.00 934544.00
05/09/2016 24.61 23.50 25.80 24.55 297 68900.00 1658653.00
06/09/2016 24.54 23.30 24.54 23.66 285 87800.00 2071437.00
08/09/2016 23.72 23.54 24.15 23.95 314 84700.00 2027943.00
09/09/2016 24.41 22.97 24.41 23.20 346 88300.00 2054587.00
12/09/2016 23.45 22.79 23.45 23.23 228 91900.00 2120502.00
13/09/2016 23.47 22.50 23.47 22.50 402 66200.00 1506596.00
14/09/2016 22.22 22.22 22.80 22.45 108 28300.00 642196.00
15/09/2016 22.70 22.43 23.23 22.70 349 52000.00 1184499.00
16/09/2016 22.70 21.85 22.70 21.85 241 287300.00 6326407.00
19/09/2016 21.86 21.86 22.30 22.17 52 39700.00 878092.00
20/09/2016 22.23 21.80 22.40 21.80 850 500700.00 11008271.00
21/09/2016 22.00 21.60 22.07 21.85 389 134400.00 2923729.00
22/09/2016 22.00 21.90 22.49 22.49 529 453900.00 10017151.00
23/09/2016 22.49 21.99 22.69 22.40 706 200400.00 4473397.00
26/09/2016 22.40 22.21 22.46 22.30 67 16000.00 357672.00
27/09/2016 22.51 22.20 22.55 22.50 373 89900.00 2014524.00
28/09/2016 22.82 22.31 23.31 23.11 106 88600.00 2013019.00
29/09/2016 23.30 22.59 23.30 23.00 174 21100.00 483548.00
30/09/2016 23.90 22.94 23.90 23.30 602 151700.00 3521092.00
03/10/2016 23.31 23.01 23.88 23.88 334 86900.00 2033525.00
04/10/2016 23.80 23.68 24.03 23.95 264 77700.00 1850579.00
05/10/2016 24.01 23.96 24.63 24.40 144 114200.00 2757846.00
06/10/2016 24.49 24.49 25.61 25.42 212 94500.00 2402924.00
07/10/2016 25.81 25.24 25.99 25.70 347 80900.00 2079057.00
10/10/2016 25.99 25.34 26.28 25.70 201 34600.00 889663.00
11/10/2016 25.26 25.26 25.82 25.45 98 18500.00 472296.00
13/10/2016 25.60 25.20 26.35 26.35 376 88800.00 2290251.00
14/10/2016 26.39 26.39 26.85 26.85 132 55000.00 1463834.00
17/10/2016 26.76 26.76 27.84 27.54 971 335800.00 9192927.00
18/10/2016 27.50 27.20 27.60 27.60 175 25400.00 697416.00
19/10/2016 27.62 27.49 27.92 27.75 76 28800.00 798392.00
20/10/2016 27.60 27.43 28.10 28.10 206 137200.00 3813045.00
21/10/2016 28.10 27.85 29.36 29.30 377 284900.00 8267087.00
24/10/2016 29.00 28.51 29.47 28.97 483 80700.00 2347610.00
25/10/2016 28.72 28.20 28.92 28.30 335 158000.00 4521417.00
26/10/2016 27.88 27.87 29.45 28.40 632 330700.00 9347735.00
27/10/2016 28.14 28.14 28.91 28.60 178 36100.00 1035287.00
28/10/2016 28.20 28.20 28.95 28.60 69 15000.00 429011.00
31/10/2016 28.99 27.96 28.99 28.30 410 59000.00 1669539.00
01/11/2016 29.00 27.68 29.00 27.92 189 32400.00 908236.00
03/11/2016 27.91 27.00 27.98 27.20 126 23000.00 629860.00
04/11/2016 27.20 26.73 27.40 27.00 154 45600.00 1229206.00
07/11/2016 27.80 27.06 27.96 27.25 266 63300.00 1726302.00
08/11/2016 27.24 27.20 27.58 27.30 142 132000.00 3607346.00
09/11/2016 26.48 25.50 28.19 27.15 488 79700.00 2133262.00
10/11/2016 27.15 24.19 27.15 24.65 3389 727400.00 17945663.00
11/11/2016 25.04 23.80 25.13 24.00 410 196000.00 4731565.00
14/11/2016 23.99 23.60 24.69 24.32 704 395100.00 9447132.00
16/11/2016 23.97 23.31 25.37 24.17 1078 695500.00 16603302.00
17/11/2016 24.00 23.70 24.00 24.00 587 294900.00 7019534.00
18/11/2016 23.88 23.52 24.25 23.80 1032 151600.00 3622964.00
21/11/2016 23.81 23.70 24.31 23.80 775 110700.00 2639715.00
22/11/2016 24.50 24.07 25.19 24.39 332 45200.00 1104740.00
23/11/2016 24.51 24.00 24.51 24.46 49 45800.00 1106861.00
24/11/2016 24.69 24.28 24.69 24.45 95 19000.00 465124.00
25/11/2016 24.45 24.37 24.56 24.46 244 41800.00 1020339.00
28/11/2016 24.20 24.15 24.76 24.76 113 74000.00 1812564.00
29/11/2016 24.50 23.70 24.69 23.95 463 83500.00 2006338.00
30/11/2016 24.60 24.30 25.25 24.41 312 165100.00 4041097.00
01/12/2016 24.10 23.86 24.93 24.26 183 221500.00 5365467.00
02/12/2016 23.92 23.74 24.62 24.58 1193 175700.00 4282074.00
05/12/2016 24.21 24.21 25.67 24.81 1609 331600.00 8278501.00
06/12/2016 24.51 24.50 25.48 25.48 91 37300.00 940710.00
07/12/2016 25.61 25.15 26.50 26.50 391 89000.00 2312011.00
08/12/2016 26.20 25.37 26.50 25.81 523 104100.00 2681058.00
09/12/2016 25.81 25.31 28.35 26.40 532 159300.00 4203161.00
12/12/2016 26.79 25.50 27.03 25.50 204 149900.00 3890200.00
13/12/2016 25.49 25.35 26.40 25.97 226 164700.00 4280246.00
14/12/2016 25.49 25.41 26.20 25.84 338 130900.00 3382477.00
15/12/2016 25.62 24.93 25.95 25.73 305 115100.00 2943491.00
16/12/2016 25.60 25.60 26.15 26.15 75 320800.00 8271479.00
19/12/2016 26.16 25.83 26.24 25.99 267 100400.00 2615508.00
20/12/2016 26.06 24.80 26.20 25.13 755 170200.00 4259600.00
21/12/2016 25.04 24.25 25.10 24.79 865 139300.00 3422144.00
22/12/2016 24.93 24.17 24.93 24.65 572 130000.00 3175853.00
23/12/2016 24.72 24.42 24.99 24.65 190 48800.00 1198463.00
26/12/2016 24.79 24.70 24.80 24.80 9 4800.00 118829.00
27/12/2016 23.86 23.86 24.92 24.70 159 117600.00 2911871.00
28/12/2016 24.43 24.43 25.40 25.27 265 63600.00 1593979.00
29/12/2016 25.25 24.66 25.29 24.85 524 134600.00 3343721.00
02/01/2017 24.99 24.79 24.99 24.79 36 7500.00 186331.00
03/01/2017 25.10 25.09 26.08 25.80 161 21400.00 547597.00
04/01/2017 25.80 24.97 26.04 25.99 1186 132200.00 3376136.00
05/01/2017 26.23 25.23 26.57 25.50 1099 163500.00 4202928.00
06/01/2017 25.60 24.78 25.64 25.00 842 148800.00 3736738.00
09/01/2017 25.21 24.71 25.25 24.85 765 141400.00 3525813.00
10/01/2017 25.01 24.70 25.20 25.05 186 72000.00 1798559.00
11/01/2017 25.05 24.70 25.15 24.79 153 30100.00 748512.00
12/01/2017 26.77 24.80 26.77 24.85 1315 216600.00 5398569.00
13/01/2017 25.00 24.90 25.79 25.70 324 50200.00 1277783.00
16/01/2017 25.71 25.10 26.00 26.00 141 18000.00 463975.00
17/01/2017 26.36 25.35 26.36 26.08 385 89200.00 2318581.00
18/01/2017 26.11 25.83 26.65 26.65 240 54700.00 1438299.00
19/01/2017 26.59 26.53 26.99 26.66 202 44500.00 1190775.00
20/01/2017 26.80 26.66 27.13 26.82 100 26400.00 709767.00
23/01/2017 27.31 26.95 27.65 26.95 46 19100.00 517005.00
24/01/2017 27.59 26.88 27.88 27.55 68 9000.00 248434.00
26/01/2017 27.61 26.90 27.95 26.90 255 41000.00 1112369.00
27/01/2017 26.70 26.40 26.86 26.40 245 31900.00 845721.00
30/01/2017 26.30 25.15 26.30 25.15 613 95300.00 2419856.00
31/01/2017 25.30 25.26 26.18 25.83 152 23600.00 607984.00
01/02/2017 25.81 25.73 26.95 26.13 494 63600.00 1653484.00
02/02/2017 26.13 25.75 26.68 26.68 357 50100.00 1308289.00
03/02/2017 26.99 26.71 27.60 27.55 1087 157800.00 4320542.00
06/02/2017 27.77 27.01 28.06 27.05 1155 165200.00 4523558.00
07/02/2017 27.15 26.69 27.41 26.85 670 100100.00 2686480.00
08/02/2017 26.50 26.26 27.13 26.75 419 50900.00 1356662.00
09/02/2017 26.90 26.31 27.20 27.15 73 12600.00 338730.00
10/02/2017 27.28 27.00 27.39 27.30 74 7500.00 203928.00
13/02/2017 27.33 27.29 27.97 27.89 86 184400.00 5073875.00
14/02/2017 28.33 27.48 28.39 27.55 131 114400.00 3163737.00
15/02/2017 27.84 27.21 28.07 27.95 361 212300.00 5890139.00
16/02/2017 28.05 27.49 28.32 28.02 274 33700.00 943738.00
17/02/2017 28.25 27.97 28.39 28.14 429 59500.00 1675654.00
20/02/2017 28.15 27.90 28.51 28.38 39 9100.00 257900.00
21/02/2017 28.94 28.18 29.00 28.99 254 41300.00 1182387.00
22/02/2017 28.85 27.70 28.99 28.53 915 156700.00 4465962.00
23/02/2017 28.44 28.21 28.93 28.40 1087 196700.00 5604958.00
24/02/2017 28.20 26.40 28.20 27.05 571 138000.00 3720689.00
01/03/2017 26.82 26.25 26.84 26.25 383 57600.00 1524117.00
02/03/2017 26.30 26.30 26.81 26.73 895 177400.00 4726756.00
03/03/2017 27.03 26.11 27.03 26.25 846 184400.00 4846288.00
06/03/2017 26.39 25.75 26.39 26.03 206 75800.00 1963657.00
07/03/2017 26.47 25.33 26.54 25.60 319 762100.00 19522856.00
08/03/2017 25.50 25.19 25.80 25.20 1342 426600.00 10891152.00
09/03/2017 25.40 25.10 25.72 25.55 1469 270100.00 6893223.00
10/03/2017 25.85 24.98 25.85 25.14 140 25000.00 630916.00
13/03/2017 25.50 25.34 25.74 25.65 194 29000.00 742514.00
14/03/2017 25.69 24.92 25.74 25.00 498 95500.00 2425850.00
15/03/2017 25.03 24.49 26.30 26.30 737 270700.00 6728228.00
16/03/2017 26.01 25.31 26.19 25.90 289 50100.00 1286240.00
17/03/2017 26.17 25.40 26.30 26.06 803 136000.00 3515249.00
20/03/2017 26.10 25.64 26.18 25.90 197 29700.00 768399.00
21/03/2017 25.96 24.75 25.96 24.91 823 260000.00 6513418.00
22/03/2017 25.19 24.77 25.49 25.40 457 73600.00 1839716.00
23/03/2017 25.39 25.03 25.74 25.74 409 58200.00 1480613.00
24/03/2017 25.74 25.51 25.85 25.75 104 14800.00 380314.00
27/03/2017 25.80 25.15 26.48 25.95 268 39000.00 1007466.00
28/03/2017 26.25 26.25 27.60 27.60 887 140300.00 3821162.00
29/03/2017 27.60 27.13 27.60 27.25 140 23700.00 645829.00
30/03/2017 27.18 26.60 27.37 26.70 294 111800.00 3013492.00
31/03/2017 26.86 26.70 27.13 26.90 100 33500.00 902566.00
03/04/2017 26.70 26.66 27.55 27.35 93 14800.00 405115.00
04/04/2017 27.49 26.88 28.29 28.05 1209 175800.00 4868046.00
05/04/2017 28.24 27.64 28.62 27.80 562 110300.00 3101883.00
06/04/2017 27.81 27.37 27.83 27.50 84 58900.00 1620999.00
07/04/2017 27.20 27.04 27.63 27.10 175 24900.00 677431.00
10/04/2017 26.92 26.55 27.65 27.65 230 46900.00 1282181.00
11/04/2017 28.78 27.28 28.78 27.35 299 57100.00 1565398.00
12/04/2017 27.50 26.36 27.50 26.58 1195 140800.00 3751939.00
13/04/2017 26.39 25.75 26.39 25.75 382 72500.00 1883183.00
17/04/2017 25.60 25.46 26.04 25.80 1164 205000.00 5268769.00
18/04/2017 25.77 25.20 25.77 25.20 614 111900.00 2850633.00
19/04/2017 25.40 25.09 25.42 25.25 491 92200.00 2327458.00
20/04/2017 25.50 24.98 25.50 25.30 211 35100.00 881434.00
24/04/2017 25.03 24.95 25.29 24.95 205 29200.00 730193.00
25/04/2017 24.90 24.90 25.35 25.15 255 41300.00 1037090.00
26/04/2017 25.26 24.55 25.55 24.55 836 134300.00 3374232.00
27/04/2017 24.53 23.92 24.54 24.00 993 153300.00 3701105.00
28/04/2017 24.01 24.00 24.71 24.48 1452 240300.00 5879364.00
02/05/2017 25.49 24.64 25.49 25.39 611 127700.00 3175921.00
03/05/2017 25.39 24.15 25.39 24.80 645 132400.00 3247200.00
04/05/2017 24.80 24.01 24.90 24.05 513 83500.00 2016915.00
05/05/2017 24.15 24.10 24.80 24.80 166 125800.00 3103111.00
08/05/2017 24.81 24.27 24.92 24.69 620 194900.00 4783430.00
09/05/2017 24.76 24.49 25.42 25.42 646 137700.00 3420220.00
10/05/2017 25.39 25.04 25.56 25.35 919 307900.00 7823948.00
11/05/2017 25.36 24.93 25.99 25.59 1404 209600.00 5292104.00
12/05/2017 25.61 25.31 25.85 25.60 397 61200.00 1562721.00
15/05/2017 25.60 25.60 25.82 25.80 186 33000.00 849318.00
16/05/2017 25.70 25.56 26.38 26.19 374 44300.00 1156209.00
17/05/2017 25.83 25.37 26.15 25.45 791 148400.00 3806453.00
18/05/2017 23.99 22.61 24.00 23.75 691 195700.00 4535317.00
19/05/2017 23.75 23.00 24.46 24.05 328 59300.00 1420672.00
22/05/2017 23.99 23.28 23.99 23.40 187 65500.00 1535495.00
23/05/2017 23.42 23.18 24.50 23.67 443 113300.00 2669173.00
24/05/2017 23.69 23.42 23.86 23.75 473 89900.00 2122689.00
25/05/2017 24.15 23.30 24.32 23.30 225 118700.00 2787876.00
26/05/2017 23.71 23.27 24.08 24.06 508 78100.00 1841484.00
29/05/2017 23.71 23.70 24.08 24.08 17 2900.00 69409.00
30/05/2017 23.95 23.35 23.97 23.35 885 165900.00 3902669.00
31/05/2017 23.50 22.76 23.50 23.19 559 88300.00 2036825.00
01/06/2017 23.22 23.16 24.12 23.20 817 99600.00 2350016.00
02/06/2017 23.25 22.62 23.26 22.80 1197 214200.00 4896722.00
05/06/2017 22.57 21.81 22.84 22.20 1601 260300.00 5816479.00
06/06/2017 22.41 21.82 22.41 21.85 514 81800.00 1797606.00
07/06/2017 22.07 21.28 22.10 21.31 475 64800.00 1399519.00
08/06/2017 21.33 20.79 21.59 21.30 742 469200.00 9970721.00
09/06/2017 21.52 20.96 21.59 21.40 721 92300.00 1960104.00
12/06/2017 21.20 20.78 21.22 20.86 865 130100.00 2733911.00
13/06/2017 20.65 20.17 20.65 20.35 736 160400.00 3272830.00
14/06/2017 20.39 20.03 20.71 20.20 3238 473100.00 9565901.00
16/06/2017 20.32 20.01 20.36 20.25 327 63500.00 1280430.00
