20/06/2016 446.00 432.01 446.00 442.56 474 6542.00 2885546.96
21/06/2016 451.94 433.28 451.94 444.60 321 1890.00 839908.48
22/06/2016 436.90 436.90 454.95 450.00 456 198525.00 89140375.88
23/06/2016 445.00 444.90 458.00 449.00 235 2011.00 902587.25
24/06/2016 427.98 405.05 431.99 421.00 941 24015.00 10054180.09
27/06/2016 419.10 381.10 419.10 383.02 2090 42622.00 16506722.34
28/06/2016 384.50 376.00 396.90 377.00 1625 36783.00 14033781.57
29/06/2016 370.97 370.97 390.00 377.05 1869 40062.00 15162649.80
30/06/2016 386.00 363.60 389.00 385.00 826 6438.00 2459437.27
01/07/2016 376.20 376.20 399.00 390.00 892 14828.00 5776860.45
04/07/2016 381.35 377.00 407.99 392.00 291 3651.00 1430182.30
05/07/2016 390.00 377.00 390.00 377.00 834 16542.00 6283840.78
06/07/2016 374.99 365.60 382.00 373.98 455 26936.00 10004568.46
07/07/2016 385.00 370.49 390.01 383.90 949 5941.00 2274083.03
08/07/2016 393.00 374.00 393.89 381.50 695 13648.00 5215818.69
11/07/2016 381.00 377.00 403.90 400.50 398 6508.00 2576195.01
12/07/2016 395.00 385.00 404.70 395.50 1823 31231.00 12322805.44
13/07/2016 386.10 386.10 404.99 397.00 648 5651.00 2237773.74
14/07/2016 395.00 391.10 403.95 398.00 410 6617.00 2622390.14
15/07/2016 398.00 375.00 399.61 393.00 607 11590.00 4560902.44
18/07/2016 405.00 385.01 405.00 386.00 2910 11989.00 4628856.57
19/07/2016 386.00 375.01 402.80 382.00 453 6280.00 2410181.21
20/07/2016 400.00 373.00 400.00 378.50 717 11224.00 4266342.88
21/07/2016 372.00 350.00 379.99 374.00 774 12198.00 4538268.33
22/07/2016 383.00 370.60 383.00 375.01 664 8153.00 3072034.51
25/07/2016 375.04 370.22 383.99 375.00 392 8850.00 3306511.97
26/07/2016 380.00 360.00 383.90 373.01 286 15670.00 5880589.89
27/07/2016 367.00 367.00 381.99 379.00 395 8909.00 3361057.36
28/07/2016 369.00 369.00 383.00 375.15 372 10297.00 3857307.30
29/07/2016 384.00 360.10 384.58 373.00 1127 11227.00 4167568.77
01/08/2016 363.00 363.00 381.99 378.00 734 5580.00 2098347.73
02/08/2016 366.43 357.05 381.00 359.00 1212 33352.00 11989910.17
03/08/2016 364.00 345.00 370.53 358.00 1357 8688.00 3120115.93
04/08/2016 356.10 355.13 369.30 359.00 1046 6866.00 2464541.86
05/08/2016 357.99 352.00 366.00 358.00 1202 8127.00 2918422.69
08/08/2016 353.00 346.50 359.41 354.63 1089 8912.00 3163607.65
09/08/2016 350.00 350.00 364.71 361.26 670 4699.00 1683729.78
10/08/2016 362.00 351.01 380.00 367.00 1390 12494.00 4581455.48
11/08/2016 360.00 360.00 375.00 373.00 1414 8436.00 3118141.16
12/08/2016 372.00 353.00 379.00 372.00 978 8668.00 3216684.24
15/08/2016 370.00 356.00 378.99 374.50 1029 5335.00 1975249.97
16/08/2016 379.97 362.00 379.97 376.63 800 7796.00 2899072.67
17/08/2016 370.00 370.00 379.97 372.40 1005 9444.00 3533722.59
18/08/2016 378.96 371.38 388.15 382.80 691 5726.00 2177585.25
19/08/2016 373.51 373.00 387.00 375.00 356 2165.00 817293.90
22/08/2016 375.00 366.20 381.00 375.10 1658 10531.00 3948617.27
23/08/2016 385.00 377.01 390.00 387.50 2877 14494.00 5583590.73
24/08/2016 378.01 378.00 396.39 385.50 1801 9153.00 3530012.95
25/08/2016 376.05 376.05 385.00 378.71 1400 8090.00 3073924.50
26/08/2016 384.90 371.00 384.95 381.00 586 4215.00 1601048.45
29/08/2016 372.02 372.02 388.40 379.23 752 24789.00 9453845.86
30/08/2016 380.21 379.00 395.99 384.98 1049 4478.00 1715659.52
31/08/2016 376.35 376.35 385.00 378.50 517 3768.00 1437072.90
01/09/2016 366.00 366.00 394.50 382.00 738 14224.00 5409542.03
02/09/2016 386.00 382.00 386.00 386.00 1562 6658.00 2555603.50
05/09/2016 392.11 380.00 392.11 388.00 1124 4473.00 1739557.10
06/09/2016 385.00 383.50 394.45 387.50 520 2688.00 1042722.65
08/09/2016 384.01 384.00 393.00 393.00 414 3869.00 1507776.12
09/09/2016 386.40 386.40 402.92 399.50 792 13305.00 5277488.80
12/09/2016 391.65 373.00 399.99 388.51 422 3417.00 1333255.01
13/09/2016 381.50 381.50 400.00 398.00 1268 13764.00 5401114.74
14/09/2016 402.60 392.24 402.60 395.50 909 5115.00 2024563.14
15/09/2016 402.00 380.30 402.00 388.25 551 4520.00 1760109.65
16/09/2016 390.19 370.10 394.10 379.50 2190 5218.00 1988866.34
19/09/2016 370.00 370.00 389.50 387.00 534 4615.00 1762678.67
20/09/2016 393.00 372.20 395.98 378.00 898 7959.00 3022913.83
21/09/2016 380.00 373.01 384.90 376.00 458 21127.00 7957053.49
22/09/2016 371.00 371.00 395.00 388.01 616 28250.00 10947112.74
23/09/2016 394.00 382.11 397.81 392.00 790 26046.00 10160967.27
26/09/2016 387.00 382.77 390.80 388.01 354 5717.00 2218275.77
27/09/2016 380.20 380.20 393.00 392.00 613 18775.00 7294243.30
28/09/2016 400.26 396.05 409.99 399.01 383 12833.00 5104854.51
29/09/2016 396.50 396.50 407.00 403.99 764 6445.00 2607047.16
30/09/2016 402.99 396.21 407.50 406.50 631 9085.00 3680365.09
03/10/2016 410.00 397.04 410.00 397.04 653 28233.00 11217364.94
04/10/2016 400.00 398.76 408.91 407.00 812 3594.00 1449366.56
05/10/2016 408.00 387.00 414.80 408.00 468 10555.00 4301334.21
06/10/2016 403.00 398.00 406.00 406.00 122 1097.00 444594.29
07/10/2016 385.10 385.10 406.99 399.50 178 3876.00 1531523.58
10/10/2016 391.70 391.70 409.64 397.50 219 1973.00 786477.34
11/10/2016 410.00 390.15 410.00 399.00 385 6018.00 2406902.40
13/10/2016 396.99 390.00 403.00 396.00 153 2826.00 1111788.15
14/10/2016 397.00 393.01 400.00 396.50 186 3087.00 1225011.89
17/10/2016 399.00 374.00 399.00 387.90 1994 8767.00 3394696.56
18/10/2016 386.00 382.00 389.95 383.50 855 36945.00 14152473.82
19/10/2016 389.90 384.01 399.00 392.00 2061 33038.00 12911710.15
20/10/2016 395.99 386.00 399.40 396.00 743 12968.00 5117878.11
21/10/2016 391.11 380.30 392.00 389.00 344 7780.00 3023748.16
24/10/2016 389.50 375.52 389.50 381.00 238 1935.00 739346.15
25/10/2016 376.50 375.30 398.00 379.30 302 2169.00 824956.89
26/10/2016 388.00 375.30 397.00 380.00 502 14326.00 5414500.12
27/10/2016 390.00 372.52 390.00 380.00 996 5318.00 2017366.73
28/10/2016 373.60 373.60 398.50 387.00 1763 8070.00 3095326.53
31/10/2016 391.00 376.99 399.00 386.00 1106 13362.00 5154072.66
01/11/2016 374.00 374.00 399.99 398.96 996 5759.00 2283577.23
03/11/2016 412.51 405.55 429.99 421.99 1313 19210.00 8049733.95
04/11/2016 420.00 412.70 428.00 419.00 539 37283.00 15629529.75
07/11/2016 433.50 413.90 433.50 417.50 100 1389.00 579429.72
08/11/2016 414.30 410.00 431.00 417.00 1035 5330.00 2238485.89
09/11/2016 406.72 401.00 425.00 414.00 882 8829.00 3634120.81
10/11/2016 406.22 406.22 431.50 416.00 1349 48511.00 20182721.06
11/11/2016 420.00 409.05 434.60 416.00 889 34107.00 14368933.57
14/11/2016 410.14 409.00 415.99 412.00 939 7449.00 3064423.73
16/11/2016 395.06 395.06 425.00 420.00 410 3640.00 1520331.28
17/11/2016 427.90 410.00 427.90 419.00 245 9653.00 4027353.32
18/11/2016 410.00 404.00 424.00 413.50 154 2037.00 840290.54
21/11/2016 415.00 400.01 415.70 414.96 92 779.00 321307.23
22/11/2016 420.00 408.99 420.00 414.00 114 1340.00 554411.91
23/11/2016 398.02 398.02 430.00 419.00 356 5345.00 2241253.70
24/11/2016 405.00 405.00 429.00 420.00 119 1280.00 534758.97
25/11/2016 421.99 408.01 423.00 423.00 17 309.00 130635.09
28/11/2016 415.15 410.30 421.99 416.05 185 5645.00 2356599.01
29/11/2016 392.01 392.01 419.79 417.00 184 8103.00 3364239.03
30/11/2016 396.06 396.06 422.00 416.99 533 8419.00 3515933.81
01/12/2016 416.99 411.12 433.00 425.00 717 17653.00 7453031.76
02/12/2016 435.00 412.99 435.00 424.99 361 4608.00 1936758.70
05/12/2016 444.00 417.24 444.00 419.16 576 6859.00 2901760.87
06/12/2016 419.20 410.00 427.49 417.01 462 6805.00 2855101.35
07/12/2016 411.01 411.01 429.99 426.00 1091 50206.00 21250244.14
08/12/2016 429.90 417.01 429.90 423.00 346 3406.00 1453780.77
09/12/2016 418.34 418.34 423.68 420.01 210 2415.00 1013939.66
12/12/2016 423.46 415.49 427.29 419.00 323 2423.00 1019353.94
13/12/2016 423.16 411.10 425.00 419.98 258 1518.00 632203.49
14/12/2016 412.34 410.05 428.00 418.99 480 2266.00 943460.51
15/12/2016 420.00 410.13 420.00 416.00 807 7500.00 3115743.70
16/12/2016 419.62 411.06 435.00 416.00 1444 3692.00 1542175.49
19/12/2016 412.00 412.00 425.00 417.20 226 2256.00 941338.14
20/12/2016 414.00 399.00 417.00 410.00 466 2755.00 1128368.10
21/12/2016 413.00 402.11 424.80 403.00 727 5052.00 2061295.71
22/12/2016 409.99 401.72 413.98 404.00 1137 5572.00 2269359.14
23/12/2016 410.00 391.35 413.21 400.00 803 3906.00 1563041.65
26/12/2016 402.95 396.00 413.29 401.00 350 1450.00 583172.82
27/12/2016 406.00 400.20 413.22 406.00 274 2853.00 1156910.65
28/12/2016 405.98 401.70 410.32 405.00 208 2960.00 1200399.32
29/12/2016 410.81 400.10 410.81 405.98 568 9285.00 3769596.14
02/01/2017 409.00 400.99 410.99 410.69 334 1217.00 494518.52
03/01/2017 407.18 403.70 413.45 408.00 1531 6984.00 2844840.51
04/01/2017 409.99 401.31 414.93 402.65 798 17214.00 6957476.14
05/01/2017 409.51 402.00 412.19 402.00 1490 20679.00 8377586.28
06/01/2017 396.01 390.00 407.40 405.00 195 13074.00 5307475.89
09/01/2017 398.99 397.04 408.98 403.50 1445 6961.00 2814910.14
10/01/2017 398.30 398.30 407.41 404.00 158 1568.00 635822.43
11/01/2017 406.89 399.06 422.40 417.00 697 28509.00 11837012.86
12/01/2017 416.05 416.05 425.73 420.00 451 8402.00 3544553.65
13/01/2017 418.00 415.01 437.99 433.34 1077 16414.00 7073843.08
16/01/2017 428.25 428.25 444.99 435.99 885 4642.00 2021744.98
17/01/2017 430.70 430.70 448.49 443.00 589 4750.00 2109461.39
18/01/2017 442.00 437.77 443.97 439.99 551 4087.00 1799097.91
19/01/2017 434.85 420.01 440.99 432.01 667 7686.00 3350139.64
20/01/2017 437.38 427.25 440.99 436.07 1202 7360.00 3200166.75
23/01/2017 434.01 430.00 443.00 433.99 537 7358.00 3196428.15
24/01/2017 435.00 431.13 448.00 439.81 1037 6808.00 3012544.24
26/01/2017 442.30 439.28 458.71 457.00 711 6281.00 2848776.79
27/01/2017 450.00 438.26 450.01 441.00 536 3221.00 1430437.86
30/01/2017 434.50 430.00 446.47 439.99 947 1763.00 774959.88
31/01/2017 441.00 436.05 452.00 449.99 773 2752.00 1226334.20
01/02/2017 439.30 439.30 462.96 454.00 1686 7470.00 3394587.17
02/02/2017 446.50 445.63 465.00 447.50 935 5585.00 2506085.33
03/02/2017 453.37 440.51 455.30 448.18 664 2731.00 1217266.15
06/02/2017 445.00 437.01 450.84 437.01 405 1963.00 865697.82
07/02/2017 437.00 435.01 444.35 442.00 827 2516.00 1112283.95
08/02/2017 443.48 439.00 450.98 440.00 284 2622.00 1157950.39
09/02/2017 440.00 435.00 446.50 442.10 258 2262.00 1000526.07
10/02/2017 437.00 437.00 445.50 445.30 260 6962.00 3088736.46
13/02/2017 444.00 437.01 448.50 439.70 201 2895.00 1276124.79
14/02/2017 444.00 433.81 445.00 442.99 161 1241.00 547352.75
15/02/2017 444.00 435.00 459.99 435.00 186 1400.00 615675.69
16/02/2017 439.50 432.00 451.49 447.00 517 2261.00 1002841.06
17/02/2017 453.80 435.00 453.80 435.00 176 1273.00 558974.02
20/02/2017 440.02 435.20 443.99 443.99 155 2864.00 1257536.94
21/02/2017 446.00 444.00 449.97 449.00 360 3825.00 1709469.68
22/02/2017 452.00 430.78 453.00 437.53 281 1951.00 854485.36
23/02/2017 438.99 431.00 447.69 440.00 235 1141.00 500055.48
24/02/2017 445.00 427.00 445.00 441.99 185 1154.00 507902.39
01/03/2017 442.05 442.01 460.00 450.00 301 1606.00 728052.44
02/03/2017 465.00 445.98 465.00 455.00 183 498.00 225917.03
03/03/2017 455.00 450.01 464.80 450.01 162 2332.00 1060989.14
06/03/2017 455.43 455.34 465.60 465.60 463 1782.00 819365.08
07/03/2017 458.01 443.06 465.00 455.00 362 6535.00 2977514.62
08/03/2017 460.00 458.00 464.98 464.00 445 1626.00 753642.25
09/03/2017 454.50 447.05 465.00 462.00 23 649.00 299265.62
10/03/2017 458.00 452.63 468.00 458.00 315 11551.00 5297026.96
13/03/2017 456.05 456.00 464.00 464.00 60 746.00 343287.90
14/03/2017 465.08 460.04 467.00 467.00 99 1599.00 744930.78
15/03/2017 472.01 455.04 474.77 470.00 283 898.00 420863.46
16/03/2017 460.26 460.26 478.98 471.00 35 232.00 109133.39
17/03/2017 457.03 400.00 475.00 400.00 230 2476.00 1123797.42
20/03/2017 449.01 436.00 469.98 450.00 548 5797.00 2611384.07
21/03/2017 446.77 445.00 464.89 453.00 64 323.00 146018.62
22/03/2017 454.00 432.22 454.00 439.00 478 1691.00 744643.83
23/03/2017 425.01 425.01 450.00 450.00 128 3692.00 1628434.31
24/03/2017 433.00 433.00 452.00 447.00 163 685.00 305991.49
27/03/2017 440.00 433.68 449.99 445.00 156 512.00 226188.52
28/03/2017 445.99 433.03 465.00 463.00 397 1850.00 854746.25
29/03/2017 463.00 451.13 463.00 454.00 36 689.00 313144.66
30/03/2017 469.92 459.32 479.97 465.00 147 334.00 156088.28
31/03/2017 466.00 460.61 484.79 477.00 548 3164.00 1520623.15
03/04/2017 464.78 464.78 474.01 472.00 46 161.00 76037.06
04/04/2017 474.00 463.00 482.00 470.00 105 497.00 234428.97
05/04/2017 464.99 453.33 468.00 465.00 212 468.00 215723.57
06/04/2017 462.45 459.30 469.00 469.00 69 313.00 145490.50
07/04/2017 454.15 454.15 466.00 465.00 26 472.00 219340.63
10/04/2017 455.00 455.00 473.50 466.00 117 1402.00 654588.04
11/04/2017 464.44 460.00 470.00 464.00 76 3378.00 1570549.24
12/04/2017 469.99 469.98 484.00 479.99 218 2121.00 1017567.26
13/04/2017 477.50 466.11 489.89 483.00 99 654.00 311637.41
17/04/2017 510.00 471.01 510.00 477.00 665 1752.00 834378.75
18/04/2017 489.99 465.06 489.99 475.00 156 2030.00 958923.11
19/04/2017 477.00 474.29 484.98 480.00 699 4567.00 2190027.52
20/04/2017 480.00 480.00 500.00 494.30 550 6853.00 3380725.06
24/04/2017 481.00 480.00 486.97 485.00 107 704.00 340235.69
25/04/2017 494.99 494.99 507.00 495.01 655 5756.00 2875580.00
26/04/2017 510.02 506.00 524.50 509.00 379 7162.00 3692384.31
27/04/2017 498.58 498.58 512.00 512.00 45 2436.00 1237982.93
28/04/2017 506.50 506.50 524.00 520.00 168 10449.00 5423884.99
02/05/2017 520.99 501.00 526.99 515.00 145 1056.00 545764.74
03/05/2017 514.99 508.00 527.04 519.99 195 821.00 427499.59
04/05/2017 515.00 500.00 520.00 520.00 331 2203.00 1126347.88
05/05/2017 510.00 496.78 519.76 512.00 75 191.00 97990.14
08/05/2017 512.01 485.01 512.85 510.00 132 619.00 313770.76
09/05/2017 512.00 503.00 514.01 505.00 115 697.00 352581.04
10/05/2017 509.00 496.43 514.55 505.00 681 2201.00 1108735.78
11/05/2017 509.00 504.00 514.98 510.00 398 1465.00 744813.45
12/05/2017 525.00 523.30 532.00 529.99 222 2171.00 1146707.12
15/05/2017 520.00 510.00 533.99 533.99 83 973.00 512333.56
16/05/2017 524.19 522.00 535.00 535.00 345 652.00 347172.09
17/05/2017 520.01 517.01 534.49 528.00 216 3098.00 1636725.26
18/05/2017 550.00 526.80 565.00 545.00 122 1804.00 980735.68
19/05/2017 565.00 545.10 572.00 560.00 619 6635.00 3705485.04
22/05/2017 585.00 555.00 600.00 569.45 202 5077.00 2903168.29
23/05/2017 566.00 548.00 566.00 558.00 336 1038.00 579077.89
24/05/2017 560.00 546.00 579.00 555.00 176 2867.00 1590893.72
25/05/2017 560.01 558.51 570.99 564.99 35 229.00 129390.85
26/05/2017 554.22 540.20 569.57 545.00 664 2227.00 1229317.77
29/05/2017 550.00 546.00 555.00 546.00 13 235.00 128665.00
30/05/2017 553.00 544.69 559.99 547.00 19 62.00 34212.29
31/05/2017 545.00 525.00 545.00 535.00 87 1305.00 703047.08
01/06/2017 530.00 530.00 553.99 550.00 59 584.00 320673.60
02/06/2017 550.00 550.00 554.00 554.00 7 154.00 84869.77
05/06/2017 552.99 548.99 557.00 556.01 29 495.00 275052.99
06/06/2017 550.00 545.00 580.00 558.00 356 2053.00 1146752.73
07/06/2017 550.00 549.99 559.95 553.99 15 587.00 327988.23
08/06/2017 551.00 539.51 559.99 540.00 58 216.00 117332.99
09/06/2017 539.50 531.02 550.00 549.00 464 1168.00 631122.69
12/06/2017 533.00 525.27 560.00 550.00 54 87.00 47044.16
13/06/2017 540.00 540.00 555.00 555.00 27 180.00 99591.02
14/06/2017 540.00 540.00 559.99 550.00 29 441.00 242756.57
16/06/2017 560.00 541.01 560.00 556.00 7 31.00 17193.82
