02/08/2016 8.14 8.14 8.14 8.14 2 20.00 2269057.00
24/08/2016 7.95 7.95 7.95 7.95 1 280.00 32074257.00
25/08/2016 8.00 8.00 8.00 8.00 1 500.00 57300975.00
04/10/2016 7.88 7.88 7.88 7.88 2 350.00 40620342.00
21/10/2016 7.93 7.93 7.93 7.93 2 290.00 33783161.00
25/10/2016 8.27 8.27 8.27 8.27 2 80.00 9320275.00
03/11/2016 7.45 7.45 7.45 7.45 2 85.00 9945451.00
04/11/2016 7.45 7.45 7.45 7.45 2 40.00 4682226.00
11/11/2016 7.85 7.85 7.85 7.85 2 90.00 10547838.00
14/11/2016 7.88 7.88 7.88 7.88 2 190.00 22276162.00
23/11/2016 7.54 7.54 7.54 7.54 2 80.00 9410815.00
25/11/2016 8.30 8.30 8.30 8.30 2 85.00 9995750.00
28/11/2016 8.32 8.32 8.32 8.32 2 50.00 5882428.00
01/12/2016 8.34 8.34 8.34 8.34 2 25.00 2945244.00
06/12/2016 8.11 8.11 8.11 8.11 1 5.00 590016.00
09/12/2016 7.53 7.53 7.53 7.53 2 45.00 5320375.00
13/12/2016 7.76 7.76 7.76 7.76 2 85.00 10044524.00
19/12/2016 7.76 7.50 7.76 7.50 5 465.00 55052621.00
