01/06/2016 6.14 6.12 6.14 6.12 3 65.00 6355174.00
02/06/2016 6.13 6.13 6.13 6.13 2 40.00 3913942.00
03/06/2016 5.94 5.94 6.00 5.94 5 1180.00 116123717.00
09/06/2016 5.88 5.88 5.88 5.88 1 75.00 7412843.00
14/06/2016 5.84 5.84 5.85 5.85 3 825.00 81762021.00
17/06/2016 5.99 5.99 5.99 5.99 1 75.00 7413969.00
20/06/2016 6.04 6.04 6.04 6.04 2 275.00 27158089.00
21/06/2016 6.00 6.00 6.00 6.00 1 5.00 494511.00
22/06/2016 6.07 6.07 6.07 6.07 5 385.00 38021614.00
23/06/2016 6.05 6.05 6.06 6.06 6 2525.00 249536208.00
27/06/2016 5.98 5.96 5.98 5.96 4 1275.00 126400417.00
28/06/2016 6.18 6.18 6.18 6.18 2 550.00 54242105.00
29/06/2016 6.24 6.24 6.34 6.31 5 885.00 87049979.00
30/06/2016 6.42 6.42 6.42 6.42 2 265.00 25988102.00
01/07/2016 6.12 6.12 6.22 6.22 2 335.00 33058585.00
06/07/2016 6.30 6.25 6.30 6.25 3 550.00 54235271.00
12/07/2016 6.17 6.17 6.17 6.17 2 40.00 3961452.00
14/07/2016 6.11 6.11 6.11 6.11 2 275.00 27299912.00
15/07/2016 6.12 6.12 6.14 6.13 6 2190.00 217405682.00
18/07/2016 6.13 6.12 6.13 6.13 8 1090.00 108255279.00
19/07/2016 6.14 6.13 6.15 6.13 8 1625.00 161402079.00
20/07/2016 6.17 6.13 6.17 6.15 7 1755.00 174357433.00
21/07/2016 6.32 6.32 6.32 6.32 2 400.00 39577084.00
22/07/2016 6.30 6.28 6.30 6.28 5 540.00 53493085.00
26/07/2016 6.38 6.38 6.40 6.40 2 400.00 39560229.00
27/07/2016 6.41 6.40 6.45 6.40 4 200.00 19771659.00
01/08/2016 6.33 6.31 6.33 6.31 3 820.00 81377654.00
02/08/2016 6.31 6.29 6.32 6.29 7 1980.00 196657003.00
03/08/2016 6.30 6.24 6.30 6.24 6 290.00 28852439.00
04/08/2016 6.25 6.25 6.25 6.25 2 25.00 2489074.00
05/08/2016 6.13 6.13 6.13 6.13 8 4395.00 439134379.00
08/08/2016 6.18 6.18 6.21 6.21 4 300.00 29941801.00
09/08/2016 6.15 6.13 6.15 6.13 6 305.00 30499137.00
12/08/2016 6.02 6.02 6.02 6.02 2 45.00 4522781.00
15/08/2016 6.02 6.02 6.02 6.02 1 15.00 1508317.00
16/08/2016 6.07 6.05 6.09 6.05 9 2015.00 202370417.00
17/08/2016 6.11 6.11 6.11 6.11 1 80.00 8032423.00
22/08/2016 6.13 6.13 6.13 6.13 2 25.00 2511956.00
23/08/2016 6.11 6.11 6.14 6.13 5 1015.00 102036242.00
24/08/2016 6.15 6.15 6.15 6.15 1 5.00 502551.00
26/08/2016 6.23 6.23 6.25 6.25 4 340.00 34127591.00
30/08/2016 6.28 6.28 6.28 6.28 2 50.00 5018366.00
31/08/2016 6.38 6.37 6.38 6.37 5 425.00 42574073.00
01/09/2016 6.19 6.19 6.19 6.19 1 200.00 20136498.00
02/09/2016 6.16 6.16 6.18 6.18 4 2395.00 241334996.00
05/09/2016 6.18 6.18 6.20 6.20 5 355.00 35770664.00
06/09/2016 6.20 6.16 6.20 6.16 6 685.00 69082143.00
09/09/2016 6.28 6.28 6.28 6.28 1 160.00 16107952.00
12/09/2016 6.26 6.26 6.26 6.26 1 10.00 1007775.00
13/09/2016 6.24 6.24 6.24 6.24 2 700.00 70610400.00
14/09/2016 6.25 6.25 6.25 6.25 2 275.00 27745137.00
15/09/2016 6.24 6.24 6.24 6.24 2 600.00 60576450.00
16/09/2016 6.18 6.18 6.18 6.18 6 600.00 60690090.00
19/09/2016 6.15 6.15 6.15 6.15 2 150.00 15189648.00
22/09/2016 6.14 6.14 6.14 6.14 2 65.00 6591388.00
23/09/2016 6.12 6.12 6.12 6.12 2 540.00 54790003.00
26/09/2016 6.15 6.15 6.15 6.15 2 815.00 82658905.00
27/09/2016 6.07 6.07 6.07 6.07 2 550.00 55910217.00
28/09/2016 6.00 5.99 6.00 5.99 4 280.00 28528384.00
29/09/2016 6.00 6.00 6.00 6.00 1 160.00 16303396.00
30/09/2016 5.95 5.95 5.95 5.95 8 3915.00 399542036.00
03/10/2016 5.90 5.90 5.90 5.90 3 270.00 27597242.00
04/10/2016 5.89 5.89 5.94 5.94 4 380.00 38840128.00
05/10/2016 5.93 5.89 5.93 5.89 6 890.00 90989767.00
06/10/2016 5.89 5.89 5.92 5.92 10 1275.00 130393054.00
07/10/2016 5.91 5.90 5.91 5.91 7 1625.00 166282200.00
10/10/2016 5.89 5.89 5.95 5.95 8 570.00 58268641.00
11/10/2016 5.94 5.94 5.94 5.94 2 160.00 16352958.00
13/10/2016 5.93 5.93 5.94 5.94 5 810.00 82822302.00
14/10/2016 5.92 5.92 5.92 5.92 2 540.00 55247367.00
17/10/2016 5.94 5.92 5.95 5.94 5 560.00 57294151.00
18/10/2016 6.00 5.96 6.00 5.96 2 15.00 1533207.00
19/10/2016 5.93 5.93 5.93 5.93 1 270.00 27646398.00
20/10/2016 5.92 5.92 6.04 6.04 4 130.00 13294705.00
21/10/2016 6.06 6.03 6.07 6.07 11 1220.00 124681730.00
24/10/2016 6.03 6.01 6.03 6.01 11 3015.00 308429316.00
25/10/2016 6.00 6.00 6.00 6.00 2 45.00 4606690.00
26/10/2016 6.06 6.06 6.13 6.11 4 160.00 16347545.00
27/10/2016 6.11 6.11 6.11 6.11 2 200.00 20436086.00
28/10/2016 6.07 6.07 6.09 6.08 17 2990.00 305870552.00
31/10/2016 6.07 6.00 6.07 6.00 17 3195.00 327493859.00
01/11/2016 6.01 6.00 6.01 6.00 3 540.00 55377815.00
03/11/2016 5.97 5.97 5.97 5.97 3 100.00 10267480.00
04/11/2016 5.95 5.95 5.98 5.98 7 1780.00 182878232.00
07/11/2016 5.97 5.97 5.97 5.97 5 540.00 55486031.00
08/11/2016 6.00 6.00 6.00 6.00 8 1000.00 102718000.00
09/11/2016 5.99 5.99 6.10 6.10 5 170.00 17430313.00
10/11/2016 6.29 6.29 6.29 6.29 2 260.00 26539201.00
11/11/2016 6.28 6.28 6.36 6.36 4 325.00 33141739.00
14/11/2016 6.60 6.60 6.60 6.60 2 160.00 16226550.00
16/11/2016 6.62 6.62 6.62 6.62 2 405.00 41070183.00
18/11/2016 6.50 6.50 6.52 6.52 13 250.00 25433470.00
21/11/2016 6.35 6.35 6.35 6.35 1 160.00 16348331.00
22/11/2016 6.24 6.24 6.24 6.24 1 160.00 16397014.00
23/11/2016 6.29 6.25 6.29 6.25 4 85.00 8710715.00
24/11/2016 6.25 6.25 6.25 6.25 2 270.00 27680834.00
25/11/2016 6.32 6.32 6.32 6.32 2 200.00 20479278.00
28/11/2016 6.23 6.23 6.23 6.23 1 160.00 16423724.00
29/11/2016 6.16 6.16 6.16 6.16 3 160.00 16456491.00
30/11/2016 6.15 6.12 6.15 6.13 6 2375.00 244530908.00
01/12/2016 6.15 6.15 6.42 6.42 10 2810.00 287736447.00
02/12/2016 6.45 6.36 6.45 6.38 26 5105.00 522941518.00
05/12/2016 6.13 6.13 6.13 6.13 3 205.00 21131807.00
06/12/2016 6.12 6.12 6.12 6.12 5 330.00 34037840.00
07/12/2016 6.03 6.03 6.09 6.09 5 1200.00 124021934.00
08/12/2016 6.08 6.02 6.08 6.06 7 460.00 47573108.00
09/12/2016 6.05 6.05 6.11 6.11 5 340.00 35123969.00
12/12/2016 6.10 6.10 6.10 6.10 1 5.00 516175.00
13/12/2016 6.11 6.11 6.14 6.14 4 230.00 23732324.00
14/12/2016 6.11 6.11 6.11 6.11 2 60.00 6196680.00
15/12/2016 6.06 6.04 6.06 6.04 2 300.00 31032944.00
16/12/2016 6.05 6.05 6.05 6.05 1 15.00 1552464.00
19/12/2016 6.04 5.97 6.04 5.97 4 610.00 63236638.00
21/12/2016 5.98 5.98 5.99 5.99 7 300.00 31139354.00
22/12/2016 5.99 5.96 5.99 5.97 6 235.00 24399442.00
23/12/2016 6.00 6.00 6.00 6.00 1 10.00 1037988.00
26/12/2016 5.97 5.96 5.97 5.96 6 810.00 84177081.00
27/12/2016 5.98 5.96 5.98 5.96 4 480.00 49891947.00
28/12/2016 5.95 5.94 5.95 5.95 4 835.00 86883886.00
29/12/2016 5.87 5.87 5.87 5.87 7 820.00 85487837.00
03/01/2017 5.80 5.78 5.80 5.79 7 2355.00 246209140.00
04/01/2017 5.78 5.78 5.78 5.78 3 280.00 29291964.00
06/01/2017 5.71 5.71 5.74 5.74 4 250.00 26197657.00
10/01/2017 5.74 5.74 5.74 5.74 2 200.00 20971640.00
11/01/2017 5.77 5.77 5.77 5.77 6 270.00 28303376.00
12/01/2017 5.46 5.46 5.46 5.46 3 285.00 30087207.00
13/01/2017 5.44 5.44 5.45 5.45 3 30.00 3169213.00
17/01/2017 5.42 5.42 5.42 5.42 2 25.00 2644592.00
18/01/2017 5.42 5.42 5.46 5.46 15 2640.00 279329706.00
19/01/2017 5.42 5.42 5.51 5.51 5 1625.00 172019712.00
20/01/2017 5.47 5.47 5.47 5.47 2 270.00 28566756.00
23/01/2017 5.57 5.57 5.57 5.57 3 200.00 21124000.00
24/01/2017 5.57 5.57 5.59 5.59 3 225.00 23765765.00
26/01/2017 5.59 5.59 5.62 5.62 3 140.00 14799511.00
27/01/2017 5.62 5.62 5.63 5.63 3 30.00 3170175.00
30/01/2017 5.63 5.63 5.71 5.71 4 210.00 22164003.00
31/01/2017 5.71 5.71 5.73 5.73 4 810.00 85506726.00
01/02/2017 5.72 5.72 5.72 5.72 8 505.00 53330651.00
02/02/2017 5.67 5.67 5.70 5.70 2 15.00 1586129.00
03/02/2017 5.71 5.69 5.71 5.70 8 4120.00 435756204.00
06/02/2017 5.70 5.67 5.70 5.67 5 1395.00 147604971.00
07/02/2017 5.66 5.66 5.67 5.67 4 2050.00 217120192.00
08/02/2017 5.56 5.56 5.56 5.56 7 730.00 77524583.00
09/02/2017 5.56 5.48 5.56 5.48 10 2585.00 274837805.00
10/02/2017 5.41 5.41 5.41 5.41 6 1025.00 109190359.00
13/02/2017 5.41 5.41 5.45 5.45 11 3735.00 397755170.00
14/02/2017 5.45 5.41 5.45 5.42 4 355.00 37841732.00
15/02/2017 5.47 5.47 5.47 5.47 2 270.00 28759023.00
16/02/2017 5.47 5.47 5.54 5.54 5 310.00 32994824.00
17/02/2017 5.56 5.55 5.57 5.57 11 2400.00 255390313.00
20/02/2017 5.55 5.54 5.55 5.55 13 3180.00 338685579.00
21/02/2017 5.52 5.49 5.52 5.49 16 4440.00 473512172.00
22/02/2017 5.49 5.47 5.50 5.50 11 835.00 89095756.00
23/02/2017 5.39 5.39 5.42 5.39 7 2540.00 271732412.00
24/02/2017 5.37 5.32 5.37 5.33 7 860.00 92172666.00
01/03/2017 5.27 5.27 5.28 5.28 4 290.00 31130471.00
02/03/2017 5.27 5.27 5.29 5.29 6 495.00 53151770.00
03/03/2017 5.24 5.19 5.24 5.19 16 6965.00 748912539.00
06/03/2017 5.16 5.16 5.16 5.16 5 1040.00 112045252.00
07/03/2017 5.16 5.15 5.17 5.17 16 4085.00 440272274.00
08/03/2017 5.21 5.20 5.21 5.20 11 1065.00 114739944.00
09/03/2017 5.23 5.23 5.23 5.23 5 380.00 40935291.00
10/03/2017 5.17 5.14 5.17 5.14 20 6220.00 671309629.00
13/03/2017 5.14 5.13 5.14 5.14 6 2510.00 270870176.00
14/03/2017 5.17 5.17 5.17 5.17 1 270.00 29130070.00
15/03/2017 5.17 5.05 5.17 5.05 6 1110.00 119942929.00
16/03/2017 5.04 5.04 5.08 5.08 11 1970.00 213192364.00
17/03/2017 5.05 5.00 5.07 5.00 8 3220.00 348534212.00
20/03/2017 5.00 5.00 5.02 5.02 2 230.00 24923353.00
21/03/2017 5.01 5.00 5.02 5.02 7 560.00 60699558.00
22/03/2017 5.02 5.02 5.02 5.02 6 450.00 48789189.00
23/03/2017 5.01 5.01 5.06 5.04 7 1135.00 123018036.00
24/03/2017 5.02 4.92 5.02 4.92 6 595.00 64661554.00
27/03/2017 4.91 4.87 4.93 4.88 10 4465.00 485742351.00
28/03/2017 4.93 4.92 4.95 4.95 4 1870.00 203378824.00
29/03/2017 4.93 4.92 4.94 4.94 4 670.00 72893949.00
30/03/2017 4.93 4.93 5.04 5.04 11 1505.00 163415372.00
31/03/2017 4.98 4.98 5.00 5.00 2 285.00 30980131.00
03/04/2017 4.97 4.97 4.97 4.97 13 915.00 99549419.00
04/04/2017 4.96 4.94 4.96 4.94 12 1955.00 212857641.00
05/04/2017 4.93 4.93 4.93 4.93 3 275.00 29961052.00
06/04/2017 4.94 4.94 5.00 5.00 5 1035.00 112641193.00
07/04/2017 4.89 4.89 4.95 4.95 3 320.00 34871863.00
10/04/2017 4.95 4.89 4.95 4.90 15 3360.00 366659562.00
11/04/2017 4.88 4.88 4.91 4.91 7 1055.00 115169792.00
12/04/2017 4.91 4.91 4.94 4.94 10 2465.00 269039109.00
13/04/2017 4.93 4.93 4.96 4.96 7 5130.00 559642143.00
17/04/2017 4.94 4.94 4.94 4.94 6 430.00 46942068.00
18/04/2017 4.83 4.83 4.86 4.86 7 370.00 40472125.00
19/04/2017 4.85 4.85 4.85 4.85 2 15.00 1641422.00
20/04/2017 4.84 4.84 4.88 4.88 13 3385.00 370485456.00
24/04/2017 4.87 4.87 4.87 4.87 2 25.00 2735969.00
25/04/2017 4.89 4.88 4.91 4.89 9 1675.00 183269877.00
26/04/2017 4.85 4.85 4.85 4.85 3 165.00 18074436.00
27/04/2017 4.85 4.84 4.85 4.84 8 3225.00 353394225.00
28/04/2017 4.85 4.80 4.86 4.81 12 4840.00 530673230.00
03/05/2017 4.79 4.76 4.79 4.77 3 150.00 16477147.00
04/05/2017 4.87 4.87 4.87 4.87 10 1520.00 166670401.00
05/05/2017 4.86 4.83 4.89 4.89 9 5135.00 563571071.00
08/05/2017 4.90 4.90 4.90 4.90 4 280.00 30701902.00
09/05/2017 4.86 4.86 4.87 4.87 8 1940.00 212929165.00
10/05/2017 4.82 4.78 4.82 4.79 11 3325.00 365465621.00
11/05/2017 4.78 4.66 4.78 4.66 11 2605.00 286996734.00
12/05/2017 4.64 4.60 4.64 4.60 3 640.00 70610078.00
15/05/2017 4.62 4.55 4.62 4.57 11 1575.00 174014344.00
16/05/2017 4.51 4.51 4.54 4.53 16 8315.00 919707143.00
17/05/2017 4.50 4.50 4.54 4.54 6 440.00 48694443.00
18/05/2017 4.54 4.54 5.57 5.57 3 75.00 8289077.00
19/05/2017 5.43 5.33 5.55 5.33 8 1990.00 216667819.00
22/05/2017 5.49 5.44 5.49 5.46 7 2475.00 269459049.00
23/05/2017 5.35 5.20 5.36 5.20 14 5730.00 626708390.00
24/05/2017 5.12 5.10 5.12 5.12 7 1675.00 183644317.00
25/05/2017 5.18 5.18 5.19 5.18 3 1910.00 209241570.00
26/05/2017 5.09 5.05 5.10 5.09 8 2285.00 250890433.00
29/05/2017 5.13 4.98 5.13 4.98 9 4865.00 534467060.00
30/05/2017 4.98 4.98 5.08 5.06 11 1440.00 158316139.00
31/05/2017 5.02 4.96 5.03 4.97 19 3085.00 339698160.00
01/06/2017 5.10 5.09 5.15 5.14 12 3325.00 365517601.00
02/06/2017 5.19 5.19 5.19 5.19 1 265.00 29099053.00
05/06/2017 5.20 5.20 5.20 5.20 1 5.00 549163.00
06/06/2017 5.19 5.15 5.19 5.15 6 2130.00 234124616.00
07/06/2017 5.15 5.15 5.19 5.19 15 3420.00 376137490.00
08/06/2017 5.20 5.19 5.20 5.19 3 535.00 58832798.00
09/06/2017 5.17 5.10 5.17 5.12 7 3970.00 437406839.00
14/06/2017 5.14 5.07 5.14 5.14 6 4200.00 462474990.00
16/06/2017 5.11 5.11 5.11 5.11 2 60.00 6611095.00
