03/06/2016 6.12 6.12 6.12 6.12 2 105.00 8114071.00
21/06/2016 6.14 6.14 6.14 6.14 2 60.00 4661230.00
27/06/2016 6.07 6.07 6.07 6.07 2 45.00 3517497.00
28/06/2016 5.95 5.95 6.03 6.03 3 155.00 12158080.00
08/07/2016 6.25 6.25 6.25 6.25 1 25.00 1938638.00
15/07/2016 6.03 6.03 6.13 6.13 2 280.00 21952305.00
19/07/2016 6.02 5.98 6.08 6.08 8 350.00 27559526.00
20/07/2016 6.08 6.08 6.08 6.08 2 380.00 29886992.00
28/07/2016 6.11 6.01 6.11 6.11 3 485.00 38262238.00
03/08/2016 6.04 6.04 6.04 6.04 2 200.00 15838910.00
05/08/2016 6.02 6.02 6.02 6.02 2 50.00 3968225.00
11/08/2016 5.90 5.85 5.90 5.85 8 260.00 20866721.00
12/08/2016 5.84 5.84 5.90 5.90 2 215.00 17247392.00
15/08/2016 5.85 5.85 5.90 5.90 7 235.00 18906221.00
17/08/2016 6.00 6.00 6.00 6.00 1 80.00 6384796.00
18/08/2016 5.90 5.90 5.90 5.90 2 50.00 4017442.00
19/08/2016 5.94 5.94 5.94 5.94 2 10.00 801784.00
22/08/2016 5.92 5.92 5.97 5.93 6 185.00 14821064.00
24/08/2016 5.98 5.98 5.98 5.98 3 620.00 49645768.00
25/08/2016 6.00 6.00 6.00 6.00 1 5.00 400085.00
26/08/2016 6.07 6.07 6.08 6.08 3 105.00 8365936.00
29/08/2016 6.08 6.08 6.08 6.08 2 100.00 7968350.00
30/08/2016 6.08 6.08 6.10 6.10 3 920.00 73320241.00
09/09/2016 6.14 6.14 6.14 6.14 2 85.00 6770933.00
13/09/2016 6.15 6.13 6.15 6.13 2 360.00 28721659.00
15/09/2016 6.20 6.20 6.20 6.20 2 305.00 24249137.00
20/09/2016 6.14 6.14 6.14 6.14 3 170.00 13582212.00
23/09/2016 6.03 6.02 6.05 6.05 5 355.00 28578793.00
26/09/2016 6.03 6.03 6.03 6.03 2 20.00 1610758.00
27/09/2016 6.03 6.03 6.03 6.03 1 50.00 4028214.00
03/10/2016 5.94 5.94 5.94 5.94 2 35.00 2839252.00
05/10/2016 5.93 5.87 5.93 5.87 2 310.00 25271918.00
07/10/2016 5.85 5.85 5.85 5.85 2 305.00 24912686.00
10/10/2016 5.88 5.88 5.88 5.88 3 1500.00 122214585.00
11/10/2016 5.88 5.88 5.88 5.88 4 2000.00 162995920.00
14/10/2016 5.85 5.85 5.86 5.86 3 300.00 24500166.00
18/10/2016 5.80 5.80 5.80 5.80 2 100.00 8199906.00
19/10/2016 5.80 5.80 5.80 5.80 1 60.00 4921885.00
20/10/2016 5.82 5.80 5.82 5.80 3 550.00 45109688.00
21/10/2016 5.82 5.82 5.83 5.83 3 160.00 13116896.00
24/10/2016 5.84 5.84 5.84 5.84 1 55.00 4505932.00
27/10/2016 5.96 5.96 5.97 5.97 3 610.00 49641376.00
01/11/2016 5.99 5.99 5.99 5.99 1 50.00 4067311.00
03/11/2016 6.03 6.01 6.04 6.01 5 365.00 29626333.00
08/11/2016 5.96 5.96 5.96 5.96 1 60.00 4897087.00
10/11/2016 6.32 6.30 6.32 6.30 4 300.00 23970465.00
11/11/2016 6.40 6.40 6.40 6.40 1 25.00 1988183.00
14/11/2016 6.57 6.57 6.58 6.58 3 515.00 40548720.00
17/11/2016 6.36 6.36 6.43 6.42 6 2525.00 201287731.00
18/11/2016 6.41 6.41 6.41 6.41 1 120.00 9552916.00
21/11/2016 6.25 6.25 6.25 6.25 1 40.00 3216742.00
22/11/2016 6.20 6.20 6.20 6.20 1 40.00 3227895.00
25/11/2016 6.29 6.29 6.29 6.29 1 30.00 2410189.00
28/11/2016 6.32 6.22 6.32 6.22 6 1295.00 104455222.00
29/11/2016 6.17 6.17 6.17 6.17 3 160.00 12958056.00
30/11/2016 6.18 6.18 6.18 6.18 7 640.00 51820812.00
01/12/2016 6.31 6.31 6.43 6.43 3 170.00 13650919.00
02/12/2016 6.40 6.40 6.43 6.43 5 1020.00 81517011.00
07/12/2016 6.26 6.25 6.28 6.25 5 665.00 53681212.00
08/12/2016 6.15 6.15 6.15 6.15 1 80.00 6504340.00
14/12/2016 6.27 6.27 6.27 6.27 1 30.00 2422339.00
15/12/2016 6.38 6.38 6.38 6.38 2 35.00 2808398.00
19/12/2016 6.10 6.10 6.13 6.13 3 140.00 11422576.00
20/12/2016 6.15 6.15 6.15 6.15 1 20.00 1629323.00
21/12/2016 6.07 6.05 6.07 6.05 4 1245.00 101975063.00
23/12/2016 6.03 6.03 6.03 6.03 1 160.00 13140432.00
26/12/2016 6.01 6.01 6.01 6.01 1 20.00 1645135.00
27/12/2016 6.07 6.07 6.07 6.07 1 30.00 2459775.00
28/12/2016 5.98 5.98 5.98 5.98 1 10.00 824659.00
03/01/2017 5.78 5.78 5.78 5.78 3 110.00 9193938.00
10/01/2017 5.95 5.95 5.95 5.95 2 150.00 12433453.00
12/01/2017 5.69 5.69 5.69 5.69 2 20.00 1684738.00
13/01/2017 5.69 5.69 5.69 5.69 2 20.00 1685337.00
17/01/2017 5.60 5.60 5.65 5.65 3 120.00 10167189.00
18/01/2017 5.65 5.65 5.71 5.71 3 235.00 19830590.00
20/01/2017 5.74 5.74 5.74 5.74 2 260.00 21890915.00
23/01/2017 5.68 5.68 5.68 5.68 1 50.00 4226672.00
30/01/2017 5.72 5.72 5.81 5.81 4 1250.00 105636550.00
01/02/2017 5.82 5.82 5.82 5.82 1 10.00 840971.00
06/02/2017 5.69 5.69 5.69 5.69 1 50.00 4242864.00
13/02/2017 5.46 5.46 5.46 5.46 4 1625.00 139941295.00
17/02/2017 5.59 5.59 5.59 5.59 1 70.00 5992648.00
20/02/2017 5.59 5.59 5.59 5.59 1 50.00 4282503.00
22/02/2017 5.55 5.55 5.55 5.55 3 1525.00 131047474.00
02/03/2017 5.46 5.46 5.46 5.46 1 10.00 865371.00
03/03/2017 5.41 5.41 5.41 5.41 2 60.00 5209806.00
06/03/2017 5.38 5.38 5.42 5.42 3 670.00 58302587.00
07/03/2017 5.42 5.42 5.42 5.42 2 20.00 1737159.00
09/03/2017 5.50 5.50 5.50 5.50 2 260.00 22498426.00
10/03/2017 5.36 5.36 5.36 5.36 3 1525.00 133103387.00
14/03/2017 5.44 5.44 5.44 5.44 2 165.00 14332548.00
20/03/2017 5.27 5.27 5.27 5.27 3 1500.00 131763000.00
23/03/2017 5.30 5.30 5.30 5.30 2 75.00 6583056.00
28/03/2017 5.24 5.24 5.24 5.24 2 40.00 3526499.00
29/03/2017 5.23 5.21 5.23 5.21 3 35.00 3088943.00
03/04/2017 5.26 5.26 5.26 5.26 2 25.00 2204263.00
04/04/2017 5.27 5.26 5.27 5.26 3 120.00 10580706.00
05/04/2017 5.23 5.23 5.23 5.23 1 50.00 4418924.00
07/04/2017 5.31 5.30 5.31 5.30 2 85.00 7486346.00
10/04/2017 5.26 5.26 5.26 5.26 2 60.00 5298936.00
12/04/2017 5.26 5.26 5.26 5.26 3 100.00 8837154.00
18/04/2017 5.26 5.26 5.26 5.26 1 10.00 884562.00
25/04/2017 5.31 5.31 5.32 5.32 4 665.00 58688690.00
26/04/2017 5.36 5.35 5.36 5.35 3 600.00 52861752.00
04/05/2017 5.39 5.36 5.39 5.36 3 185.00 16291408.00
15/05/2017 5.12 5.12 5.12 5.12 2 160.00 14333657.00
19/05/2017 5.90 5.90 5.90 5.90 2 10.00 858686.00
22/05/2017 5.93 5.93 5.97 5.97 2 10.00 856658.00
23/05/2017 5.85 5.85 5.85 5.85 2 10.00 861868.00
24/05/2017 5.69 5.69 5.69 5.69 2 215.00 18704662.00
25/05/2017 5.68 5.68 5.70 5.70 3 65.00 5654631.00
29/05/2017 5.60 5.60 5.60 5.60 2 10.00 875515.00
30/05/2017 5.65 5.65 5.65 5.65 2 35.00 3057013.00
31/05/2017 5.65 5.65 5.65 5.65 2 10.00 873805.00
01/06/2017 5.65 5.65 5.65 5.65 2 10.00 874178.00
02/06/2017 5.73 5.73 5.73 5.73 3 320.00 27860534.00
06/06/2017 5.75 5.71 5.75 5.71 3 40.00 3485562.00
07/06/2017 5.75 5.75 5.75 5.75 2 300.00 26123742.00
14/06/2017 5.71 5.65 5.71 5.65 3 55.00 4804039.00
