03/06/2016 6.11 6.11 6.11 6.11 1 80.00 8185580.00
10/06/2016 5.98 5.98 5.98 5.98 1 80.00 8233786.00
14/06/2016 5.89 5.88 5.89 5.88 4 1620.00 167270111.00
17/06/2016 6.01 6.01 6.01 6.01 2 270.00 27843552.00
20/06/2016 5.98 5.98 5.98 5.98 9 2410.00 248776443.00
22/06/2016 6.01 6.01 6.05 6.05 4 810.00 83608769.00
23/06/2016 6.06 6.06 6.06 6.06 4 2250.00 232166767.00
24/06/2016 6.04 6.04 6.04 6.04 3 1070.00 110496546.00
27/06/2016 6.03 6.03 6.03 6.03 3 1000.00 103329330.00
28/06/2016 6.26 6.26 6.26 6.26 2 270.00 27781895.00
29/06/2016 6.41 6.41 6.43 6.43 4 1120.00 114943327.00
12/07/2016 6.23 6.23 6.30 6.30 5 1125.00 116132107.00
18/07/2016 6.27 6.27 6.27 6.27 2 530.00 54830911.00
19/07/2016 6.30 6.30 6.30 6.30 3 1335.00 138094429.00
20/07/2016 6.36 6.36 6.36 6.36 3 1335.00 137996867.00
21/07/2016 6.50 6.50 6.50 6.50 2 270.00 27846857.00
22/07/2016 6.46 6.46 6.47 6.47 3 265.00 27361099.00
26/07/2016 6.51 6.51 6.55 6.55 8 3570.00 368549259.00
27/07/2016 6.48 6.48 6.48 6.48 2 50.00 5167996.00
01/08/2016 6.50 6.50 6.50 6.50 2 270.00 27934524.00
02/08/2016 6.50 6.46 6.50 6.46 3 535.00 55398138.00
04/08/2016 6.42 6.33 6.42 6.33 3 300.00 31175603.00
05/08/2016 6.32 6.32 6.32 6.32 2 200.00 20800520.00
08/08/2016 6.25 6.25 6.25 6.25 1 5.00 520934.00
12/08/2016 6.16 6.09 6.16 6.11 4 440.00 46086696.00
17/08/2016 6.20 6.20 6.20 6.20 2 80.00 8375792.00
18/08/2016 6.20 6.20 6.20 6.20 2 265.00 27756317.00
22/08/2016 6.18 6.15 6.22 6.22 8 3030.00 317886629.00
23/08/2016 6.22 6.22 6.22 6.22 2 965.00 101163680.00
26/08/2016 6.28 6.28 6.35 6.35 3 320.00 33544986.00
29/08/2016 6.42 6.42 6.44 6.44 5 1005.00 105147616.00
30/08/2016 6.44 6.44 6.44 6.44 2 20.00 2093007.00
01/09/2016 6.37 6.36 6.37 6.36 3 565.00 59260289.00
02/09/2016 6.34 6.34 6.34 6.34 1 200.00 20995968.00
19/09/2016 6.29 6.29 6.29 6.29 1 80.00 8442897.00
20/09/2016 6.29 6.29 6.29 6.29 2 200.00 21115430.00
21/09/2016 6.28 6.28 6.28 6.28 1 30.00 3169110.00
22/09/2016 6.28 6.28 6.28 6.28 2 295.00 31175060.00
26/09/2016 6.28 6.28 6.28 6.28 2 370.00 39117106.00
27/09/2016 6.24 6.24 6.24 6.24 2 595.00 62970004.00
28/09/2016 6.22 6.22 6.22 6.22 2 110.00 11649506.00
30/09/2016 6.15 6.15 6.15 6.15 2 265.00 28117893.00
04/10/2016 6.09 6.09 6.13 6.13 3 290.00 30821676.00
05/10/2016 6.12 6.12 6.12 6.12 1 30.00 3187989.00
06/10/2016 6.06 6.05 6.06 6.05 3 1605.00 170821165.00
07/10/2016 6.05 6.05 6.11 6.09 5 2390.00 254267656.00
10/10/2016 6.10 6.10 6.10 6.10 3 530.00 56341957.00
20/10/2016 6.14 6.14 6.14 6.14 2 125.00 13309798.00
21/10/2016 6.36 6.36 6.36 6.36 1 5.00 530625.00
24/10/2016 6.29 6.29 6.29 6.29 1 200.00 21258946.00
25/10/2016 6.29 6.29 6.29 6.29 2 105.00 11163884.00
28/10/2016 6.37 6.37 6.38 6.37 6 2780.00 295514429.00
31/10/2016 6.37 6.37 6.37 6.37 2 15.00 1595175.00
01/11/2016 6.27 6.27 6.27 6.27 2 345.00 36764655.00
03/11/2016 6.27 6.27 6.27 6.27 2 35.00 3731182.00
04/11/2016 6.29 6.24 6.29 6.24 5 1275.00 136034481.00
07/11/2016 6.24 6.22 6.24 6.22 4 605.00 64586829.00
08/11/2016 6.23 6.23 6.23 6.23 1 40.00 4271982.00
09/11/2016 6.35 6.35 6.35 6.35 1 115.00 12262348.00
11/11/2016 6.47 6.47 6.47 6.47 2 120.00 12776835.00
21/11/2016 6.67 6.67 6.67 6.67 2 45.00 4785665.00
23/11/2016 6.45 6.45 6.45 6.45 2 25.00 2670512.00
25/11/2016 6.43 6.43 6.43 6.43 1 160.00 17107056.00
01/12/2016 6.29 6.29 6.29 6.29 2 35.00 3756445.00
02/12/2016 6.46 6.38 6.46 6.38 3 195.00 20902211.00
05/12/2016 6.18 6.18 6.18 6.18 3 660.00 71015023.00
07/12/2016 6.11 6.11 6.11 6.11 2 20.00 2156013.00
08/12/2016 6.06 6.06 6.06 6.06 2 35.00 3777445.00
09/12/2016 6.07 6.07 6.07 6.07 4 2650.00 286070362.00
12/12/2016 6.11 6.11 6.11 6.11 2 100.00 10780455.00
13/12/2016 6.09 6.09 6.09 6.09 1 30.00 3236190.00
14/12/2016 6.11 6.11 6.11 6.11 1 60.00 6472432.00
15/12/2016 6.05 6.05 6.05 6.05 1 200.00 21601922.00
16/12/2016 6.07 6.07 6.07 6.07 1 15.00 1620371.00
19/12/2016 6.04 6.04 6.04 6.04 2 355.00 38383927.00
20/12/2016 6.03 6.03 6.05 6.05 3 445.00 48135351.00
21/12/2016 6.05 6.05 6.08 6.06 5 1635.00 176892099.00
22/12/2016 6.13 6.13 6.13 6.13 2 40.00 4323132.00
23/12/2016 6.10 6.10 6.11 6.11 7 295.00 31907084.00
26/12/2016 6.10 6.10 6.11 6.11 4 50.00 5410310.00
27/12/2016 6.09 6.09 6.09 6.09 2 65.00 7037338.00
28/12/2016 6.08 6.07 6.08 6.07 5 130.00 14083098.00
29/12/2016 6.06 6.06 6.06 6.06 1 10.00 1083975.00
02/01/2017 5.97 5.97 5.97 5.97 1 5.00 543134.00
04/01/2017 5.92 5.86 5.92 5.86 6 590.00 64219611.00
05/01/2017 5.85 5.72 5.85 5.72 4 645.00 70346160.00
10/01/2017 5.74 5.74 5.74 5.74 2 400.00 43697552.00
11/01/2017 5.80 5.80 5.80 5.80 3 200.00 21837110.00
13/01/2017 5.49 5.49 5.49 5.49 1 10.00 1097597.00
16/01/2017 5.43 5.43 5.43 5.43 3 295.00 32419293.00
17/01/2017 5.43 5.43 5.46 5.46 4 135.00 14839642.00
18/01/2017 5.47 5.47 5.47 5.47 1 10.00 1099329.00
19/01/2017 5.51 5.51 5.51 5.51 1 10.00 1099191.00
24/01/2017 5.63 5.63 5.68 5.68 3 70.00 7686538.00
30/01/2017 5.73 5.73 5.73 5.73 2 15.00 1648403.00
31/01/2017 5.80 5.80 5.80 5.80 3 1590.00 174632244.00
01/02/2017 5.85 5.85 5.89 5.89 3 530.00 58194543.00
02/02/2017 5.81 5.81 5.81 5.81 3 1315.00 144536476.00
03/02/2017 5.85 5.85 5.87 5.87 3 600.00 65927468.00
07/02/2017 5.86 5.86 5.86 5.86 2 200.00 21996580.00
09/02/2017 5.79 5.72 5.79 5.72 5 845.00 93110681.00
13/02/2017 5.74 5.74 5.74 5.74 1 5.00 551282.00
14/02/2017 5.71 5.69 5.71 5.70 5 425.00 46906567.00
16/02/2017 5.69 5.69 5.78 5.78 3 50.00 5522993.00
17/02/2017 5.77 5.77 5.81 5.81 3 25.00 2759786.00
20/02/2017 5.83 5.83 5.83 5.83 1 10.00 1103651.00
21/02/2017 5.76 5.76 5.79 5.79 21 7660.00 846560089.00
22/02/2017 5.78 5.76 5.81 5.81 9 1675.00 185153620.00
23/02/2017 5.67 5.66 5.67 5.66 6 500.00 55383933.00
24/02/2017 5.66 5.60 5.66 5.60 14 5650.00 626400680.00
01/03/2017 5.52 5.52 5.54 5.54 3 400.00 44429718.00
02/03/2017 5.49 5.49 5.49 5.49 5 1200.00 133423140.00
03/03/2017 5.39 5.37 5.42 5.37 26 9095.00 1012936932.00
06/03/2017 5.30 5.30 5.33 5.33 9 2510.00 279941911.00
07/03/2017 5.34 5.31 5.34 5.31 11 2200.00 245504556.00
08/03/2017 5.31 5.31 5.31 5.31 10 2070.00 231138332.00
09/03/2017 5.32 5.32 5.33 5.33 16 9120.00 1018549826.00
10/03/2017 5.32 5.32 5.32 5.32 11 3040.00 339709056.00
13/03/2017 5.30 5.30 5.30 5.30 5 1250.00 139647375.00
14/03/2017 5.34 5.34 5.34 5.34 11 550.00 61435720.00
15/03/2017 5.26 5.26 5.26 5.26 6 2050.00 229322184.00
16/03/2017 5.25 5.23 5.26 5.26 4 290.00 32462410.00
17/03/2017 5.22 5.18 5.23 5.18 17 2270.00 254232168.00
20/03/2017 5.20 5.20 5.20 5.20 12 1340.00 150154356.00
21/03/2017 5.19 5.19 5.22 5.22 8 580.00 64995423.00
22/03/2017 5.20 5.20 5.20 5.20 6 410.00 45970409.00
23/03/2017 5.19 5.19 5.24 5.20 13 4820.00 540454814.00
24/03/2017 5.20 5.11 5.21 5.11 21 6015.00 675452870.00
27/03/2017 5.11 5.06 5.11 5.06 10 1060.00 119178033.00
28/03/2017 5.09 5.09 5.09 5.09 14 1850.00 207993076.00
29/03/2017 5.11 5.10 5.13 5.13 7 1240.00 139409503.00
30/03/2017 5.20 5.20 5.24 5.24 3 205.00 23017424.00
31/03/2017 5.20 5.20 5.20 5.20 35 10020.00 1125964434.00
03/04/2017 5.21 5.21 5.21 5.21 6 745.00 83732181.00
04/04/2017 5.20 5.19 5.20 5.19 13 580.00 65223988.00
05/04/2017 5.17 5.17 5.20 5.20 5 785.00 88295087.00
06/04/2017 5.22 5.22 5.26 5.25 13 3425.00 385183642.00
07/04/2017 5.18 5.18 5.20 5.19 16 5020.00 565034409.00
10/04/2017 5.18 5.13 5.18 5.13 13 1525.00 171852121.00
11/04/2017 5.12 5.12 5.13 5.13 8 1625.00 183186568.00
12/04/2017 5.14 5.14 5.14 5.14 6 615.00 69339165.00
13/04/2017 5.13 5.13 5.19 5.18 17 5625.00 634051838.00
17/04/2017 5.16 5.16 5.16 5.16 6 805.00 90794839.00
18/04/2017 5.11 5.09 5.11 5.09 12 825.00 93159720.00
19/04/2017 5.11 5.08 5.11 5.08 10 760.00 85858244.00
20/04/2017 5.09 5.09 5.14 5.10 25 5375.00 607271430.00
24/04/2017 5.09 5.09 5.09 5.09 9 750.00 84762727.00
25/04/2017 5.12 5.08 5.12 5.08 24 2595.00 293348924.00
26/04/2017 5.06 5.06 5.06 5.06 9 1040.00 117648512.00
27/04/2017 5.06 5.06 5.06 5.06 3 1360.00 153891928.00
28/04/2017 5.05 5.03 5.05 5.04 14 2795.00 316413684.00
02/05/2017 5.02 5.02 5.02 5.02 1 65.00 7362926.00
03/05/2017 5.00 4.95 5.01 5.01 4 210.00 23797997.00
04/05/2017 5.00 5.00 5.02 5.02 13 1135.00 128642720.00
05/05/2017 5.01 5.01 5.09 5.09 6 225.00 25488140.00
08/05/2017 5.09 5.09 5.09 5.09 6 590.00 66851802.00
09/05/2017 5.06 5.06 5.06 5.06 7 1500.00 170072310.00
10/05/2017 5.03 4.96 5.03 4.96 10 1135.00 128848256.00
11/05/2017 4.84 4.82 4.84 4.82 12 4020.00 457258209.00
12/05/2017 4.80 4.80 4.80 4.80 1 45.00 5121458.00
15/05/2017 4.82 4.69 4.82 4.71 21 2310.00 263258749.00
16/05/2017 4.65 4.65 4.68 4.66 15 970.00 110654690.00
17/05/2017 4.66 4.66 4.66 4.66 3 155.00 17688765.00
18/05/2017 4.67 4.67 5.82 5.82 7 1590.00 179202390.00
19/05/2017 5.82 5.30 5.82 5.30 7 1480.00 167732364.00
22/05/2017 5.32 5.32 5.32 5.32 2 30.00 3401317.00
23/05/2017 5.18 5.10 5.18 5.10 13 2110.00 239916967.00
24/05/2017 5.07 5.07 5.12 5.11 3 240.00 27296008.00
25/05/2017 5.12 5.12 5.12 5.12 6 310.00 35270668.00
26/05/2017 5.14 5.10 5.14 5.12 4 2640.00 300423889.00
29/05/2017 5.18 5.08 5.18 5.12 17 2675.00 304546819.00
30/05/2017 5.08 5.08 5.12 5.12 5 405.00 46136919.00
31/05/2017 5.05 5.03 5.05 5.03 7 1685.00 192216121.00
01/06/2017 5.20 5.20 5.20 5.20 2 230.00 26197901.00
02/06/2017 5.24 5.24 5.26 5.26 15 4940.00 562565704.00
05/06/2017 5.31 5.31 5.31 5.31 7 5000.00 569276600.00
06/06/2017 5.23 5.23 5.28 5.28 12 3355.00 382311233.00
07/06/2017 5.28 5.28 5.33 5.33 12 560.00 63798079.00
08/06/2017 5.27 5.27 5.33 5.33 11 430.00 49008777.00
09/06/2017 5.38 5.38 5.38 5.38 7 315.00 35895802.00
12/06/2017 5.38 5.36 5.40 5.40 26 5155.00 586900984.00
13/06/2017 5.47 5.38 5.52 5.39 32 17695.00 2013710302.00
14/06/2017 5.38 5.30 5.38 5.35 17 6860.00 781973856.00
16/06/2017 5.36 5.36 5.36 5.36 6 1500.00 170965080.00
