08/06/2016 9.65 9.55 9.65 9.55 10 8665.00 993265124.00
13/06/2016 9.43 9.40 9.43 9.40 4 700.00 80453871.00
16/06/2016 9.55 9.50 9.55 9.50 4 1410.00 162351981.00
20/06/2016 9.32 9.20 9.32 9.20 13 4060.00 468135438.00
21/06/2016 9.37 9.35 9.38 9.38 5 2690.00 310278272.00
28/06/2016 9.50 9.50 9.50 9.50 2 500.00 57814105.00
29/06/2016 9.48 9.48 9.48 9.48 9 7235.00 837027351.00
01/07/2016 9.50 9.44 9.50 9.44 21 7930.00 918372731.00
05/07/2016 9.15 9.15 9.17 9.17 7 5500.00 637843925.00
07/07/2016 8.79 8.73 8.80 8.73 6 1950.00 226468174.00
11/07/2016 8.85 8.85 8.91 8.91 7 4245.00 493406929.00
12/07/2016 8.91 8.89 8.96 8.89 10 2300.00 267449919.00
13/07/2016 8.97 8.96 8.98 8.97 9 5440.00 632872691.00
14/07/2016 9.06 9.06 9.06 9.06 3 1640.00 190874155.00
15/07/2016 9.05 9.05 9.05 9.05 2 490.00 57058540.00
19/07/2016 9.20 9.20 9.20 9.20 6 1010.00 117729569.00
21/07/2016 8.70 8.70 8.70 8.70 1 500.00 58365615.00
25/07/2016 8.89 8.82 8.89 8.82 6 3780.00 441656104.00
26/07/2016 8.84 8.84 8.84 8.84 7 5070.00 592713572.00
27/07/2016 8.84 8.84 8.84 8.84 2 185.00 21639353.00
28/07/2016 8.87 8.87 8.90 8.90 4 3005.00 351674075.00
02/08/2016 8.98 8.98 8.98 8.98 3 660.00 77363345.00
03/08/2016 9.00 8.99 9.00 8.99 7 3000.00 351842200.00
04/08/2016 9.07 9.07 9.07 9.07 3 115.00 13494377.00
05/08/2016 9.07 9.07 9.07 9.07 3 950.00 111536460.00
