05/10/2016 5.86 5.86 5.86 5.86 2 680.00 46079309.00
11/10/2016 5.87 5.87 5.88 5.88 4 600.00 40612245.00
19/10/2016 5.84 5.84 5.84 5.84 2 85.00 5781217.00
20/10/2016 5.77 5.77 5.77 5.77 2 35.00 2396907.00
25/10/2016 5.80 5.80 5.82 5.82 4 705.00 48136515.00
10/11/2016 6.27 6.27 6.27 6.27 2 610.00 40093567.00
17/11/2016 6.36 6.36 6.36 6.36 1 5.00 326447.00
28/11/2016 6.22 6.22 6.22 6.22 1 5.00 331535.00
15/12/2016 6.13 6.13 6.13 6.13 1 190.00 12749155.00
18/01/2017 5.61 5.61 5.61 5.61 2 80.00 5677398.00
31/01/2017 5.78 5.78 5.78 5.78 2 350.00 24557046.00
01/02/2017 5.75 5.75 5.75 5.75 1 10.00 703835.00
02/02/2017 5.75 5.75 5.75 5.75 2 20.00 1408295.00
09/02/2017 5.46 5.44 5.46 5.44 3 25.00 1809825.00
20/02/2017 5.52 5.52 5.52 5.52 2 15.00 1082875.00
21/02/2017 5.53 5.53 5.53 5.53 1 5.00 360806.00
22/02/2017 5.46 5.46 5.46 5.46 3 25.00 1816229.00
07/03/2017 5.42 5.42 5.42 5.42 2 15.00 1097031.00
09/03/2017 5.44 5.44 5.44 5.44 2 25.00 1826784.00
10/03/2017 5.49 5.49 5.49 5.49 2 20.00 1455588.00
14/03/2017 5.37 5.37 5.37 5.37 2 10.00 735526.00
15/03/2017 5.42 5.32 5.42 5.32 4 60.00 4414932.00
16/03/2017 5.36 5.36 5.36 5.36 2 15.00 1105044.00
17/03/2017 5.25 5.25 5.25 5.25 3 45.00 3348805.00
27/03/2017 5.28 5.25 5.28 5.25 3 45.00 3348189.00
28/03/2017 5.28 5.28 5.28 5.28 2 70.00 5206842.00
13/04/2017 5.26 5.26 5.26 5.26 2 20.00 1496055.00
19/04/2017 5.26 5.26 5.26 5.26 1 5.00 374375.00
20/04/2017 5.32 5.32 5.32 5.32 2 10.00 745040.00
27/04/2017 5.41 5.41 5.44 5.44 8 2020.00 149187979.00
28/04/2017 5.46 5.46 5.46 5.46 2 1005.00 74061796.00
08/05/2017 5.40 5.40 5.40 5.40 2 140.00 10387069.00
12/05/2017 5.23 5.23 5.23 5.23 3 110.00 8292139.00
15/05/2017 5.18 5.18 5.18 5.18 2 15.00 1136034.00
16/05/2017 5.11 5.11 5.14 5.14 3 430.00 32760617.00
18/05/2017 6.06 6.06 6.06 6.06 2 15.00 1053365.00
19/05/2017 6.04 6.04 6.04 6.04 2 335.00 23576700.00
22/05/2017 5.98 5.98 5.98 5.98 2 15.00 1061668.00
25/05/2017 5.77 5.77 5.77 5.77 2 160.00 11547657.00
08/06/2017 5.80 5.80 5.80 5.80 1 5.00 361482.00
