15/07/2016 6.18 6.18 6.18 6.18 2 120.00 9788996.00
03/08/2016 6.13 6.13 6.13 6.13 2 160.00 13164435.00
23/08/2016 6.05 6.05 6.06 6.06 5 2580.00 214636743.00
30/08/2016 6.20 6.20 6.20 6.20 4 1210.00 100080406.00
27/09/2016 6.11 6.11 6.11 6.11 1 100.00 8375181.00
19/10/2016 5.80 5.80 5.80 5.80 2 150.00 12827563.00
25/10/2016 5.85 5.85 5.86 5.86 4 1500.00 128059309.00
26/10/2016 5.94 5.94 5.94 5.94 2 300.00 25505691.00
31/10/2016 5.97 5.97 5.97 5.97 2 300.00 25492674.00
04/01/2017 5.82 5.80 5.83 5.83 4 65.00 5653873.00
06/01/2017 5.89 5.89 5.89 5.89 3 1500.00 130067610.00
09/01/2017 5.97 5.97 5.97 5.97 1 90.00 7774145.00
10/01/2017 6.00 6.00 6.00 6.00 2 150.00 12941299.00
17/01/2017 5.68 5.68 5.68 5.68 1 25.00 2197475.00
18/01/2017 5.70 5.70 5.73 5.73 6 900.00 79008453.00
19/01/2017 5.76 5.72 5.76 5.76 7 1250.00 109572974.00
20/01/2017 5.74 5.71 5.75 5.74 6 750.00 65837040.00
24/01/2017 5.77 5.75 5.77 5.75 4 1700.00 149151679.00
31/01/2017 5.86 5.86 5.86 5.86 1 265.00 23177308.00
01/02/2017 5.84 5.83 5.84 5.83 3 300.00 26284351.00
02/02/2017 5.83 5.80 5.83 5.80 9 1180.00 103510578.00
03/02/2017 5.81 5.77 5.81 5.79 6 845.00 74275329.00
07/02/2017 5.74 5.72 5.76 5.73 10 1385.00 122095155.00
08/02/2017 5.61 5.61 5.61 5.61 3 40.00 3553658.00
09/02/2017 5.50 5.50 5.50 5.50 2 295.00 26346278.00
14/02/2017 5.48 5.48 5.48 5.48 4 660.00 59073550.00
16/02/2017 5.55 5.54 5.61 5.61 8 1275.00 113629778.00
17/02/2017 5.62 5.62 5.62 5.62 2 15.00 1334672.00
21/02/2017 5.67 5.65 5.67 5.65 4 1320.00 117377521.00
23/02/2017 5.50 5.50 5.50 5.50 3 100.00 8969237.00
24/02/2017 5.47 5.47 5.47 5.47 3 3000.00 269616390.00
02/03/2017 5.52 5.52 5.52 5.52 2 25.00 2243070.00
03/03/2017 5.48 5.48 5.48 5.48 1 5.00 449743.00
07/03/2017 5.47 5.47 5.47 5.47 2 15.00 1351154.00
09/03/2017 5.49 5.49 5.49 5.49 2 15.00 1350999.00
10/03/2017 5.40 5.40 5.40 5.40 3 1475.00 133523342.00
14/03/2017 5.36 5.34 5.38 5.38 6 950.00 86192381.00
15/03/2017 5.32 5.32 5.32 5.32 1 5.00 454597.00
17/03/2017 5.22 5.22 5.30 5.27 9 6375.00 580562596.00
20/03/2017 5.28 5.28 5.29 5.29 7 7710.00 703051570.00
21/03/2017 5.30 5.26 5.30 5.26 9 6270.00 572237405.00
22/03/2017 5.25 5.25 5.25 5.25 2 15.00 1370766.00
23/03/2017 5.25 5.25 5.29 5.29 4 1500.00 136985565.00
24/03/2017 5.25 5.24 5.25 5.24 3 20.00 1829146.00
27/03/2017 5.19 5.19 5.19 5.19 2 50.00 4587710.00
30/03/2017 5.21 5.21 5.29 5.29 8 6780.00 620694742.00
31/03/2017 5.27 5.25 5.27 5.25 7 4550.00 416508695.00
03/04/2017 5.25 5.25 5.25 5.25 2 40.00 3664682.00
04/04/2017 5.24 5.23 5.24 5.24 10 5355.00 491257484.00
06/04/2017 5.27 5.27 5.27 5.27 2 590.00 54049876.00
07/04/2017 5.28 5.28 5.30 5.30 3 1575.00 144248722.00
10/04/2017 5.24 5.24 5.26 5.24 4 330.00 30297244.00
11/04/2017 5.24 5.24 5.24 5.24 3 2650.00 243383791.00
13/04/2017 5.28 5.28 5.28 5.28 6 1005.00 92174479.00
17/04/2017 5.27 5.26 5.28 5.28 5 350.00 32123669.00
18/04/2017 5.22 5.22 5.22 5.22 2 490.00 45105808.00
19/04/2017 5.23 5.22 5.23 5.22 3 20.00 1841186.00
20/04/2017 5.22 5.22 5.24 5.24 3 45.00 4142278.00
25/04/2017 5.31 5.31 5.32 5.32 4 1675.00 153657153.00
26/04/2017 5.35 5.33 5.35 5.33 5 1770.00 162185445.00
27/04/2017 5.38 5.38 5.38 5.38 2 100.00 9147380.00
28/04/2017 5.34 5.34 5.34 5.34 1 10.00 916843.00
03/05/2017 5.32 5.32 5.32 5.32 2 15.00 1377452.00
04/05/2017 5.36 5.36 5.36 5.36 2 10.00 916738.00
05/05/2017 5.35 5.35 5.35 5.35 3 215.00 19725566.00
09/05/2017 5.33 5.32 5.33 5.32 2 10.00 919155.00
10/05/2017 5.24 5.24 5.25 5.24 5 320.00 29546310.00
11/05/2017 5.14 5.14 5.16 5.16 8 175.00 16239909.00
12/05/2017 5.14 5.12 5.15 5.15 9 460.00 42700888.00
15/05/2017 5.14 5.08 5.14 5.13 8 205.00 19083889.00
16/05/2017 5.08 5.02 5.09 5.02 11 1260.00 117552041.00
17/05/2017 5.04 5.04 5.07 5.07 2 25.00 2332128.00
18/05/2017 5.06 5.06 6.15 6.15 7 670.00 59529982.00
19/05/2017 6.10 5.89 6.10 6.02 6 520.00 46467405.00
22/05/2017 6.03 6.02 6.06 6.03 7 810.00 72126416.00
23/05/2017 5.85 5.85 5.85 5.85 3 155.00 13931460.00
24/05/2017 5.73 5.69 5.74 5.74 6 330.00 29862515.00
25/05/2017 5.70 5.70 5.73 5.73 3 315.00 28505792.00
26/05/2017 5.64 5.63 5.69 5.69 3 15.00 1363006.00
29/05/2017 5.60 5.60 5.60 5.60 1 5.00 455721.00
30/05/2017 5.63 5.63 5.69 5.69 5 165.00 15007624.00
31/05/2017 5.70 5.61 5.70 5.61 4 75.00 6812377.00
01/06/2017 5.68 5.68 5.70 5.70 8 335.00 30424488.00
02/06/2017 5.70 5.70 5.78 5.78 5 290.00 26276255.00
05/06/2017 5.78 5.78 5.78 5.78 1 10.00 905365.00
06/06/2017 5.78 5.72 5.78 5.72 5 500.00 45332611.00
07/06/2017 5.78 5.76 5.78 5.76 2 265.00 24035936.00
08/06/2017 5.79 5.75 5.79 5.75 2 10.00 906981.00
09/06/2017 5.73 5.73 5.74 5.74 3 345.00 31363483.00
12/06/2017 5.68 5.68 5.75 5.75 5 645.00 58640267.00
13/06/2017 5.68 5.68 5.69 5.68 9 2580.00 234877851.00
14/06/2017 5.64 5.64 5.64 5.64 2 295.00 26928635.00
