28/07/2016 6.01 6.01 6.01 6.01 2 635.00 46747283.00
01/08/2016 5.99 5.99 5.99 5.99 2 640.00 47227731.00
02/08/2016 5.98 5.98 5.98 5.98 2 640.00 47283948.00
10/08/2016 5.87 5.87 5.87 5.87 2 975.00 72823023.00
15/08/2016 5.73 5.73 5.73 5.73 2 100.00 7564692.00
30/08/2016 6.04 6.04 6.04 6.04 1 100.00 7425204.00
05/09/2016 5.90 5.90 5.90 5.90 1 320.00 24051216.00
06/09/2016 5.87 5.87 5.87 5.87 2 320.00 24115289.00
27/09/2016 5.89 5.89 5.89 5.89 2 320.00 24205129.00
05/10/2016 5.85 5.85 5.85 5.85 2 320.00 24323712.00
11/10/2016 5.87 5.86 5.87 5.86 4 640.00 48606144.00
19/10/2016 5.75 5.75 5.75 5.75 2 35.00 2684987.00
04/11/2016 5.94 5.94 5.94 5.94 2 320.00 24306272.00
19/12/2016 6.15 6.15 6.15 6.15 2 415.00 31356296.00
26/12/2016 6.02 6.02 6.02 6.02 1 160.00 12223515.00
12/01/2017 5.67 5.67 5.67 5.67 2 20.00 1574038.00
13/01/2017 5.62 5.62 5.62 5.62 2 20.00 1580232.00
19/01/2017 5.62 5.62 5.62 5.62 2 950.00 75193706.00
31/01/2017 5.74 5.74 5.74 5.74 1 10.00 787488.00
02/02/2017 5.71 5.71 5.71 5.71 2 10.00 789863.00
09/02/2017 5.42 5.42 5.42 5.42 1 5.00 403653.00
10/04/2017 5.30 5.25 5.30 5.25 2 65.00 5385415.00
13/04/2017 5.22 5.22 5.22 5.22 2 15.00 1246893.00
19/04/2017 5.16 5.16 5.19 5.18 13 2265.00 189139784.00
20/04/2017 5.23 5.23 5.25 5.23 10 510.00 42373535.00
28/04/2017 5.31 5.31 5.31 5.31 2 310.00 25677247.00
12/05/2017 5.18 5.18 5.18 5.18 2 10.00 837786.00
24/05/2017 5.60 5.60 5.61 5.61 2 15.00 1224421.00
07/06/2017 5.65 5.65 5.65 5.65 1 10.00 817351.00
08/06/2017 5.69 5.69 5.69 5.69 2 10.00 815488.00
09/06/2017 5.64 5.64 5.64 5.64 2 10.00 818602.00
13/06/2017 5.64 5.64 5.64 5.64 2 315.00 25768045.00
