20/06/2016 8.93 8.66 8.93 8.81 16 299619.25 2654011.00
21/06/2016 8.90 8.72 8.90 8.82 23 4290.49 37794.00
22/06/2016 8.82 8.76 8.87 8.86 25 14505.94 128457.00
23/06/2016 8.86 8.82 8.88 8.85 48 1362639.35 12072807.00
24/06/2016 8.88 8.79 8.88 8.83 17 104606.24 928678.00
27/06/2016 8.79 8.79 8.83 8.83 19 3064.64 26986.00
28/06/2016 8.81 8.81 8.86 8.83 19 2553.86 22530.00
29/06/2016 8.85 8.81 8.87 8.86 28 27377.42 241567.00
30/06/2016 8.86 8.76 8.91 8.86 38 20226.60 179074.00
01/07/2016 8.90 8.77 8.90 8.85 60 99089.90 877503.00
04/07/2016 8.81 8.81 8.86 8.81 35 853194.68 7558372.00
05/07/2016 8.84 8.81 8.89 8.81 45 78658.99 696739.00
06/07/2016 8.92 8.83 8.95 8.93 10 4700.00 41987.00
08/07/2016 8.90 8.81 8.93 8.93 10 902400.00 8031335.00
11/07/2016 8.93 8.82 8.93 8.87 9 2400.00 21358.00
12/07/2016 8.93 8.93 8.93 8.93 1 1000.00 8930.00
13/07/2016 8.93 8.93 8.93 8.93 1 500.00 4465.00
14/07/2016 8.90 8.90 8.93 8.93 9 27000.00 241073.00
15/07/2016 8.80 8.80 8.93 8.93 8 4200.00 37488.00
18/07/2016 8.96 8.94 8.96 8.96 10 16700.00 149618.00
19/07/2016 8.93 8.93 8.96 8.96 5 21900.00 196211.00
20/07/2016 8.97 8.93 8.97 8.97 7 73600.00 660174.00
21/07/2016 8.97 8.95 8.97 8.96 17 122500.00 1097805.00
22/07/2016 8.98 8.98 8.98 8.98 1 17000.00 152660.00
25/07/2016 8.99 8.98 8.99 8.98 5 6200.00 55726.00
26/07/2016 8.99 8.96 8.99 8.98 16 62700.00 563624.00
27/07/2016 8.97 8.97 9.04 8.99 26 62500.00 562486.00
28/07/2016 9.00 9.00 9.00 9.00 5 4100.00 36900.00
29/07/2016 8.98 8.98 9.02 9.02 3 500.00 4500.00
01/08/2016 9.02 8.99 9.02 9.01 5 1600.00 14408.00
02/08/2016 9.00 9.00 9.02 9.02 2 1600.00 14416.00
03/08/2016 9.02 9.02 9.05 9.02 15 24800.00 223741.00
04/08/2016 9.01 9.00 9.01 9.00 5 7300.00 65704.00
05/08/2016 9.04 8.97 9.04 8.97 4 11000.00 98724.00
09/08/2016 8.85 8.65 8.85 8.65 7 3300.00 28975.00
10/08/2016 8.85 8.85 8.85 8.85 2 1000.00 8850.00
11/08/2016 9.00 8.86 9.05 8.86 7 4300.00 38477.00
12/08/2016 8.85 8.85 8.85 8.85 6 7400.00 65490.00
15/08/2016 8.70 8.70 8.70 8.70 2 1400.00 12180.00
16/08/2016 8.82 8.81 8.85 8.81 5 3900.00 34402.00
17/08/2016 9.01 9.00 9.05 9.05 4 800.00 7221.00
18/08/2016 8.85 8.85 8.85 8.85 1 3600.00 31860.00
19/08/2016 9.02 8.99 9.02 8.99 2 1000.00 9005.00
22/08/2016 8.89 8.89 8.90 8.90 3 900.00 8006.00
23/08/2016 8.90 8.90 8.90 8.90 1 100.00 890.00
