17/06/2016 5.09 5.09 5.09 5.09 1 950.00 134247407.00
30/06/2016 4.39 4.39 4.39 4.39 1 500.00 67511795.00
01/07/2016 4.11 4.11 4.11 4.11 2 128.00 17289716.00
04/07/2016 4.10 4.10 4.10 4.10 1 76.00 10336689.00
06/07/2016 3.79 3.79 3.79 3.79 1 2275.00 319089611.00
14/07/2016 4.61 4.60 4.61 4.60 2 1150.00 156422911.00
18/07/2016 4.05 4.05 4.15 4.15 2 1401.00 193288592.00
19/07/2016 3.87 3.87 3.87 3.87 1 700.00 97189043.00
27/07/2016 3.72 3.72 3.72 3.72 1 955.00 134096735.00
28/07/2016 3.57 3.57 3.57 3.57 1 245.00 34636681.00
29/07/2016 3.90 3.90 3.90 3.90 1 700.00 97481916.00
01/08/2016 3.44 3.44 3.44 3.44 1 700.00 98192885.00
02/08/2016 3.88 3.88 3.88 3.88 1 700.00 97359920.00
31/08/2016 3.86 3.86 3.86 3.86 2 1790.00 248767970.00
01/09/2016 3.75 3.75 3.75 3.75 1 400.00 55617520.00
27/09/2016 3.48 3.48 3.48 3.48 1 40.00 5630865.00
28/09/2016 3.32 3.32 3.32 3.32 1 560.00 79213523.00
07/10/2016 3.49 3.49 3.49 3.49 1 992.00 139322451.00
08/11/2016 3.70 3.70 3.70 3.70 1 150.00 20776515.00
16/11/2016 4.31 4.31 4.31 4.31 2 260.00 37923893.00
21/11/2016 4.55 4.55 4.55 4.55 1 560.00 79790267.00
28/11/2016 4.06 4.06 4.06 4.06 1 1110.00 162752806.00
11/01/2017 3.56 3.56 3.56 3.56 2 540.00 75345136.00
17/01/2017 3.76 3.76 3.76 3.76 1 630.00 88198368.00
18/01/2017 3.66 3.66 3.66 3.66 1 250.00 34979155.00
26/01/2017 3.65 3.65 3.65 3.65 1 815.00 112694744.00
13/02/2017 3.54 3.54 3.54 3.54 1 3.00 410030.00
15/02/2017 3.87 3.87 3.87 3.87 1 540.00 72631420.00
21/02/2017 3.46 3.46 3.46 3.46 1 1070.00 145633527.00
15/03/2017 3.67 3.57 3.67 3.67 5 2780.00 385512863.00
16/03/2017 4.05 4.05 4.05 4.05 1 360.00 49233337.00
17/03/2017 3.58 3.58 3.58 3.58 1 1475.00 201396426.00
11/05/2017 3.11 3.11 3.11 3.11 1 4290.00 607893343.00
