02/06/2016 6.97 6.97 6.97 6.97 1 20.00 3468874.00
09/06/2016 2.23 2.23 2.23 2.23 1 510.00 85345552.00
10/06/2016 0.30 0.30 0.30 0.30 1 510.00 86085567.00
17/06/2016 6.33 6.33 6.33 6.33 3 10320.00 1740156748.00
21/06/2016 2.98 2.98 2.98 2.98 1 1000.00 166487600.00
29/06/2016 6.92 6.92 6.92 6.92 1 606.00 97301450.00
01/07/2016 2.42 2.42 2.42 2.42 1 100.00 15851863.00
05/07/2016 0.64 0.64 0.64 0.64 1 600.00 97754550.00
06/07/2016 0.06 0.12 0.06 0.12 2 3120.00 513447641.00
13/07/2016 1.94 1.94 1.94 1.94 1 2410.00 390992350.00
21/07/2016 0.03 0.03 0.03 0.03 1 200.00 32516470.00
29/07/2016 4.00 4.00 4.00 4.00 9 38300.00 6162213007.00
01/08/2016 1.41 1.41 1.41 1.41 8 37080.00 5969102061.00
03/08/2016 2.60 2.60 2.60 2.60 1 1220.00 196036944.00
04/08/2016 6.72 6.72 6.72 6.72 1 5.00 795891.00
13/09/2016 0.59 0.59 0.59 0.59 1 2500.00 411423450.00
14/09/2016 1.88 1.88 1.88 1.88 1 3000.00 497437470.00
19/09/2016 5.00 5.00 5.00 5.00 1 1200.00 195177660.00
21/09/2016 4.56 3.90 4.56 3.90 2 2200.00 353690134.00
27/09/2016 3.65 3.65 3.65 3.65 1 500.00 80211145.00
30/09/2016 1.23 1.23 1.23 1.23 6 16000.00 2587108800.00
03/10/2016 4.82 4.82 4.82 4.82 4 12000.00 1924274880.00
04/10/2016 1.95 1.95 1.95 1.95 1 500.00 80452795.00
11/10/2016 2.25 2.25 2.25 2.25 2 7020.00 1121768341.00
19/10/2016 4.58 4.58 4.58 4.58 1 1000.00 157863710.00
28/10/2016 5.27 5.27 5.27 5.27 3 10540.00 1672467068.00
31/10/2016 1.60 0.60 1.60 0.60 18 76730.00 12181083386.00
01/11/2016 1.26 1.26 1.26 1.26 9 43050.00 6832490899.00
03/11/2016 4.66 4.66 4.66 4.66 1 1000.00 161519470.00
16/11/2016 5.53 5.53 5.57 5.57 3 7020.00 1200334782.00
17/11/2016 2.72 2.72 2.72 2.72 1 3030.00 516078780.00
22/11/2016 0.91 0.09 0.91 0.09 4 13575.00 2274564493.00
28/11/2016 2.14 2.14 2.14 2.14 5 14000.00 2394547960.00
29/11/2016 0.53 0.53 4.30 4.30 2 275.00 46686167.00
30/11/2016 8.25 7.61 8.25 8.25 10 40000.00 6762200145.00
01/12/2016 4.14 4.14 4.14 4.14 3 13500.00 2284365915.00
02/12/2016 4.50 10.61 4.50 10.61 4 8847.00 1529851314.00
05/12/2016 15.73 15.73 15.73 15.73 2 2000.00 342311980.00
06/12/2016 20.46 20.46 20.46 20.46 2 3493.00 595121900.00
07/12/2016 21.45 21.45 21.45 21.45 1 1996.00 337622581.00
08/12/2016 3.70 3.70 3.75 3.75 2 6.00 1014226.00
09/12/2016 12.57 12.57 12.57 12.57 1 4000.00 674507560.00
14/12/2016 16.54 16.54 16.54 16.54 2 10000.00 1652573900.00
20/12/2016 29.07 27.40 29.07 27.40 2 340.00 56852018.00
21/12/2016 28.52 28.52 28.52 28.52 1 1222.00 203277964.00
22/12/2016 7.40 7.40 7.40 7.40 1 7.00 1162765.00
23/12/2016 31.76 31.76 31.76 31.76 1 80.00 13204308.00
26/12/2016 3.42 3.42 3.42 3.42 1 2.00 326742.00
27/12/2016 7.79 7.79 7.79 7.79 1 249.00 40765669.00
28/12/2016 1.30 1.30 4.59 4.59 3 3599.00 589473165.00
