17/06/2016 4.44 4.44 4.44 4.44 1 1690.00 262038927.00
31/08/2016 3.22 3.22 3.22 3.22 1 700.00 104982626.00
01/09/2016 3.05 3.05 3.05 3.05 1 700.00 105028357.00
27/09/2016 2.85 2.85 2.88 2.87 4 4655.00 702873557.00
08/11/2016 2.97 2.97 2.97 2.97 1 1200.00 179221248.00
01/12/2016 2.28 2.28 2.28 2.28 1 50.00 8057478.00
14/12/2016 3.11 3.11 3.11 3.11 1 1.00 155446.00
21/12/2016 3.06 3.06 3.06 3.06 1 400.00 62740332.00
31/01/2017 2.58 2.58 2.58 2.58 1 750.00 111142477.00
01/02/2017 2.49 2.49 2.49 2.49 1 750.00 111194340.00
17/04/2017 2.88 2.88 2.88 2.88 1 1550.00 229240520.00
