14/06/2016 1.94 1.94 2.40 2.40 2 410.00 69243939.00
29/06/2016 5.58 5.58 5.58 5.58 2 800.00 126462232.00
21/09/2016 3.34 3.34 3.34 3.34 1 2000.00 317937140.00
27/09/2016 2.50 2.45 2.50 2.45 2 1625.00 258812827.00
31/10/2016 1.60 1.60 1.60 1.60 3 15000.00 2363748150.00
04/11/2016 1.95 1.95 1.95 1.95 1 4000.00 638966360.00
30/11/2016 3.40 3.40 3.40 3.40 1 690.00 115510588.00
15/12/2016 2.92 2.92 2.92 2.92 1 69.00 11578308.00
21/12/2016 2.29 2.29 2.29 2.29 1 7.00 1163519.00
11/01/2017 0.56 0.56 1.42 1.42 2 4000.00 638529750.00
12/01/2017 5.25 5.25 5.25 5.25 1 1000.00 157553280.00
31/01/2017 0.97 0.97 0.97 0.97 5 13000.00 2028925080.00
30/03/2017 2.46 2.46 2.46 2.46 1 1000.00 155475680.00
31/03/2017 1.18 1.18 2.11 2.11 6 27040.00 4213786855.00
03/04/2017 9.53 9.53 9.53 9.53 4 18040.00 2813946850.00
11/04/2017 2.88 2.88 2.88 2.88 1 3000.00 469220580.00
12/04/2017 7.16 7.16 7.16 7.16 1 3000.00 466718730.00
13/04/2017 2.83 2.83 2.83 2.83 1 3000.00 470134050.00
24/04/2017 6.48 6.48 6.48 6.48 2 6340.00 990286570.00
27/04/2017 1.98 1.60 1.98 1.60 3 8404.00 1336108860.00
28/04/2017 1.00 1.00 1.00 1.00 3 9000.00 1427986260.00
02/05/2017 9.37 9.37 9.37 9.37 1 5000.00 793404850.00
03/05/2017 5.23 5.23 5.23 5.23 1 2000.00 315909040.00
04/05/2017 9.90 11.89 9.90 11.88 4 10100.00 1604532700.00
05/05/2017 2.66 2.66 2.66 2.66 1 3.00 475750.00
11/05/2017 9.49 9.49 9.49 9.49 1 3995.00 627854120.00
15/05/2017 20.10 20.10 20.10 20.10 1 870.00 134831721.00
23/05/2017 21.30 21.30 21.30 21.30 1 50.00 8172232.00
26/05/2017 21.81 21.81 21.81 21.81 1 1.00 163525.00
30/05/2017 26.77 26.77 55.93 55.93 10 33980.00 5548489466.00
