31/08/2016 2.96 2.96 2.96 2.96 1 1000.00 158265650.00
01/09/2016 2.50 2.50 2.50 2.50 1 1000.00 158342330.00
19/09/2016 3.21 3.21 3.21 3.21 1 700.00 112348390.00
21/09/2016 3.98 3.98 3.98 3.98 1 500.00 78620720.00
16/11/2016 3.48 3.48 3.48 3.48 1 1210.00 203327323.00
01/12/2016 0.73 0.73 0.73 0.73 1 50.00 8533800.00
21/12/2016 2.38 2.38 2.38 2.38 1 2674.00 442520821.00
13/01/2017 0.18 0.18 0.18 0.18 1 3000.00 475390380.00
27/04/2017 2.52 2.52 2.52 2.52 1 1000.00 158172090.00
18/05/2017 35.50 35.50 35.50 35.50 2 5000.00 838947100.00
22/05/2017 2.73 2.73 2.73 2.73 1 1400.00 228913496.00
23/05/2017 4.36 4.36 4.36 4.36 1 50.00 8146684.00
31/05/2017 6.83 6.83 6.83 6.83 1 750.00 121047397.00
01/06/2017 2.66 2.66 2.66 2.66 1 750.00 121092952.00
