17/06/2016 18.53 18.53 18.53 18.53 4 14940.00 2548303698.00
21/06/2016 1.96 1.96 1.96 1.96 1 600.00 101278914.00
27/06/2016 1.19 1.19 1.19 1.19 2 4000.00 676222360.00
28/06/2016 19.43 19.43 33.30 33.30 3 9800.00 1618794288.00
29/06/2016 22.97 11.13 25.88 25.88 6 13270.00 2159086517.00
30/06/2016 6.64 6.64 15.16 13.57 12 42280.00 6767867302.00
04/07/2016 5.56 5.56 5.56 5.56 2 240.00 38925931.00
05/07/2016 17.84 17.84 17.84 17.84 1 4.00 658409.00
06/07/2016 13.79 13.79 13.79 13.79 1 1399.00 232478825.00
11/07/2016 0.17 0.17 0.17 0.17 3 5000.00 824118200.00
12/07/2016 16.50 13.85 16.50 13.85 2 899.00 147340394.00
13/07/2016 8.00 8.00 0.93 0.93 3 2390.00 391556187.00
25/07/2016 4.73 4.73 4.73 4.73 1 998.00 163790811.00
26/07/2016 18.84 18.84 24.36 24.36 3 5348.00 874669786.00
27/07/2016 19.05 15.74 19.05 15.74 3 8030.00 1313645530.00
28/07/2016 26.52 26.52 26.52 26.52 8 36025.00 5894333766.00
