21/09/2016 3.79 3.79 3.79 3.79 2 800.00 125598160.00
23/09/2016 1.22 1.22 1.22 1.22 1 400.00 63294276.00
27/09/2016 2.58 2.58 2.58 2.58 1 400.00 63263020.00
03/10/2016 3.00 3.00 3.00 3.00 1 3000.00 473782530.00
19/10/2016 1.95 1.95 1.95 1.95 2 3000.00 470039010.00
21/12/2016 2.34 2.34 2.34 2.34 1 565.00 93339418.00
07/02/2017 1.53 1.53 1.53 1.53 1 400.00 61816792.00
16/05/2017 2.35 2.35 2.35 2.35 1 400.00 61587808.00
31/05/2017 5.10 5.10 5.10 5.10 1 1500.00 241757340.00
01/06/2017 2.30 2.30 2.30 2.30 1 1500.00 241855920.00
09/06/2017 0.60 0.60 0.60 0.60 1 200.00 32792092.00
