17/06/2016 12.24 12.24 12.24 12.24 2 7820.00 1330369601.00
24/06/2016 1.61 1.61 1.61 1.61 1 500.00 83574605.00
11/07/2016 1.41 1.41 1.41 1.41 3 5010.00 824169849.00
12/07/2016 6.80 6.80 6.80 6.80 1 900.00 147221271.00
15/07/2016 6.98 6.98 6.98 6.98 1 600.00 97843596.00
20/07/2016 7.73 7.73 7.73 7.73 1 3.00 487513.00
21/07/2016 5.17 5.17 5.17 5.17 1 300.00 49063938.00
26/07/2016 4.99 4.99 5.72 5.72 6 23300.00 3803746562.00
27/07/2016 4.53 4.53 4.53 4.53 2 5010.00 817685356.00
28/07/2016 5.16 0.74 5.16 0.74 3 1621.00 265873322.00
29/07/2016 10.89 10.89 10.89 10.89 5 23500.00 3807786780.00
01/08/2016 1.21 1.21 1.21 1.21 6 25500.00 4134032205.00
02/08/2016 8.19 8.19 8.19 8.19 1 2000.00 324405940.00
03/08/2016 3.22 3.22 3.22 3.22 1 1.00 162872.00
05/08/2016 16.83 16.83 16.83 16.83 1 3.00 476727.00
09/08/2016 18.05 18.05 18.05 18.05 4 821.00 128933099.00
10/08/2016 17.88 8.71 17.88 8.71 2 2.00 312493.00
15/08/2016 0.68 0.68 0.68 0.68 2 3000.00 474182250.00
17/08/2016 25.10 25.10 25.10 25.10 1 1.00 160422.00
18/08/2016 19.78 19.78 19.78 19.78 1 1.00 160009.00
22/08/2016 13.39 11.44 13.39 11.44 2 4996.00 803476267.00
23/08/2016 17.73 17.73 17.73 17.73 1 268.00 43290302.00
26/08/2016 47.97 64.71 47.97 64.71 2 3275.00 531113044.00
29/08/2016 211.00 211.00 211.00 211.00 1 260.00 42547016.00
30/08/2016 20.55 20.55 40.93 40.93 10 40041.00 6514472681.00
31/08/2016 154.50 154.50 154.50 154.50 2 2500.00 404825125.00
