17/06/2016 4.33 4.33 4.33 4.33 1 230.00 36472236.00
31/08/2016 3.05 3.05 3.05 3.05 1 200.00 30555008.00
01/09/2016 2.84 2.84 2.84 2.84 1 200.00 30570150.00
27/09/2016 2.67 2.67 2.67 2.67 1 10.00 1536362.00
01/12/2016 1.85 1.85 1.85 1.85 1 50.00 8209513.00
21/12/2016 2.80 2.80 2.80 2.80 1 213.00 34050305.00
16/05/2017 2.33 2.33 2.33 2.33 1 300.00 45049890.00
19/05/2017 5.35 5.35 5.35 5.35 1 300.00 47203050.00
30/05/2017 2.42 2.42 2.42 2.42 1 200.00 31668018.00
31/05/2017 2.83 2.83 2.83 2.83 1 700.00 110083456.00
