09/06/2016 2.40 2.40 2.40 2.40 1 100.00 16818933.00
17/06/2016 9.37 9.37 9.37 9.37 2 7730.00 1312154900.00
29/06/2016 2.88 2.88 13.70 13.61 8 26100.00 4250758168.00
30/06/2016 7.48 7.48 7.48 7.48 1 300.00 47710743.00
01/07/2016 2.37 2.37 2.37 2.37 1 370.00 59016084.00
21/07/2016 2.65 5.17 2.65 5.17 2 600.00 98326941.00
28/07/2016 0.62 0.62 0.62 0.62 1 1295.00 212264550.00
29/07/2016 5.51 5.51 6.58 6.58 3 4200.00 679679448.00
01/08/2016 2.82 3.92 0.41 3.92 3 4200.00 680994744.00
02/08/2016 4.02 4.02 4.02 4.02 1 600.00 97312272.00
04/08/2016 9.74 9.74 9.74 9.74 3 10040.00 1616948124.00
22/08/2016 4.16 4.16 4.16 4.16 1 5000.00 802778800.00
26/08/2016 9.15 9.15 9.15 9.15 1 1275.00 204062717.00
29/08/2016 16.40 16.40 7.83 7.83 2 1260.00 204474368.00
30/08/2016 9.37 9.37 9.67 9.67 3 1220.00 197148947.00
31/08/2016 9.24 9.02 13.17 9.02 3 3500.00 564378466.00
01/09/2016 4.45 4.45 4.45 4.45 1 2320.00 374393851.00
13/09/2016 13.17 13.17 13.17 13.17 2 2556.00 422968822.00
14/09/2016 21.30 21.30 21.30 21.30 1 2983.00 497368625.00
19/09/2016 23.27 23.27 23.27 23.27 1 2760.00 451370538.00
21/09/2016 23.75 16.33 45.37 45.37 4 6245.00 1006451975.00
22/09/2016 59.10 29.35 59.10 29.35 2 2925.00 468176810.00
26/09/2016 11.64 27.42 11.64 27.42 3 3748.00 606955354.00
27/09/2016 12.60 12.60 21.89 21.89 14 47351.00 7645266834.00
28/09/2016 6.89 6.89 31.00 31.00 2 2002.00 322516669.00
29/09/2016 14.75 14.75 14.75 14.75 1 10.00 1621143.00
30/09/2016 77.66 77.66 77.66 77.66 1 830.00 134646633.00
