01/06/2016 1.32 1.32 1.32 1.32 1 3600.00 642804732.00
17/06/2016 6.97 6.97 6.97 6.97 3 11490.00 1942430000.00
29/06/2016 9.55 9.55 9.55 9.55 1 1000.00 159765740.00
19/07/2016 1.62 1.62 1.73 1.73 2 300.00 48642123.00
21/07/2016 0.45 0.45 0.45 0.45 1 300.00 48849213.00
29/07/2016 4.46 4.46 4.46 4.46 2 7500.00 1209026925.00
01/08/2016 1.21 1.21 1.21 1.21 2 7500.00 1209664650.00
17/08/2016 1.15 1.15 1.15 1.15 1 1000.00 159284350.00
30/08/2016 3.71 3.71 3.71 3.71 1 1000.00 161516990.00
09/09/2016 9.00 9.00 9.00 9.00 1 2000.00 326106700.00
27/09/2016 3.33 3.33 3.33 3.33 1 30.00 4830953.00
30/09/2016 2.03 2.03 2.03 2.03 5 22035.00 3563951036.00
04/10/2016 0.84 0.84 0.84 0.84 5 22035.00 3567667459.00
07/10/2016 4.21 4.21 4.21 4.21 2 5700.00 914950092.00
25/10/2016 3.37 3.37 3.37 3.37 1 3000.00 468043830.00
27/10/2016 3.59 3.59 3.59 3.59 1 140.00 21929840.00
31/10/2016 1.46 1.46 1.46 1.46 9 43000.00 6831636180.00
01/11/2016 0.73 0.73 0.73 0.73 9 43000.00 6835206470.00
03/11/2016 13.00 13.00 11.08 11.08 3 7001.00 1131768812.00
08/11/2016 4.35 4.35 4.35 4.35 2 8760.00 1398763687.00
11/11/2016 44.12 44.12 44.12 44.12 1 1000.00 169679020.00
16/11/2016 18.29 18.29 19.23 19.23 6 20970.00 3583018968.00
17/11/2016 1.30 1.30 1.30 1.30 2 10000.00 1710014400.00
18/11/2016 14.28 14.28 16.97 16.97 3 10001.00 1692399286.00
21/11/2016 39.24 39.24 39.24 39.24 2 8.00 1342051.00
22/11/2016 2.59 2.59 2.59 2.59 1 3324.00 557413426.00
28/11/2016 95.85 95.85 95.85 95.85 5 16000.00 2720589280.00
29/11/2016 19.53 19.53 19.53 19.53 8 28030.00 4769714578.00
