01/07/2016 119.80 118.42 119.80 118.42 13 21900.00 2595054.00
05/07/2016 115.77 115.77 116.55 116.55 2 10800.00 1258662.00
08/07/2016 122.90 122.90 122.90 122.90 1 200.00 24580.00
11/07/2016 125.68 125.68 125.68 125.68 1 200.00 25136.00
12/07/2016 131.00 129.15 131.00 129.15 8 900.00 117530.00
14/07/2016 130.90 130.90 130.90 130.90 1 100.00 13090.00
15/07/2016 129.91 129.91 129.91 129.91 2 200.00 25982.00
18/07/2016 131.30 131.30 131.43 131.43 33 3300.00 433706.00
19/07/2016 131.50 131.50 131.50 131.50 1 100.00 13150.00
20/07/2016 132.00 132.00 132.00 132.00 1 100.00 13200.00
21/07/2016 126.27 126.27 126.27 126.27 1 100.00 12627.00
25/07/2016 127.80 127.80 127.80 127.80 1 100.00 12780.00
28/07/2016 128.50 128.50 128.50 128.50 1 100.00 12850.00
01/08/2016 128.05 127.95 128.46 128.46 4 19400.00 2482405.00
09/08/2016 116.77 116.77 116.77 116.77 1 100.00 11677.00
11/08/2016 114.87 114.87 114.87 114.87 1 100.00 11487.00
15/08/2016 116.98 116.98 116.98 116.98 3 300.00 35094.00
22/08/2016 117.68 117.68 117.68 117.68 1 100.00 11768.00
23/08/2016 118.80 118.80 118.80 118.80 1 600.00 71280.00
29/08/2016 118.29 118.29 118.29 118.29 1 200.00 23658.00
30/08/2016 120.19 120.19 120.19 120.19 1 200.00 24038.00
19/09/2016 122.94 122.94 122.94 122.94 1 100.00 12294.00
26/09/2016 122.97 122.97 122.97 122.97 1 100.00 12297.00
28/09/2016 126.68 126.68 126.68 126.68 1 100.00 12668.00
29/09/2016 127.25 127.25 127.25 127.25 1 100.00 12725.00
06/10/2016 128.57 128.57 128.57 128.57 1 100.00 12857.00
10/10/2016 127.18 127.18 127.18 127.18 1 300.00 38154.00
17/10/2016 126.69 126.69 126.69 126.69 1 5400.00 684126.00
20/10/2016 128.84 128.84 128.84 128.84 1 100.00 12884.00
24/10/2016 128.21 128.21 128.21 128.21 1 400.00 51284.00
26/10/2016 129.82 129.82 129.82 129.82 1 200.00 25964.00
27/10/2016 131.03 131.03 131.03 131.03 2 200.00 26206.00
31/10/2016 132.31 132.31 132.31 132.31 1 200.00 26462.00
07/11/2016 142.52 142.52 142.52 142.52 1 1100.00 156772.00
10/11/2016 153.57 153.57 153.57 153.57 1 200.00 30714.00
14/11/2016 162.47 162.47 162.47 162.47 2 800.00 129976.00
17/11/2016 164.56 164.56 164.56 164.56 1 100.00 16456.00
18/11/2016 164.15 164.15 165.12 165.12 2 2100.00 344909.00
21/11/2016 162.78 162.78 162.78 162.78 1 200.00 32556.00
28/11/2016 164.68 164.68 164.68 164.68 1 200.00 32936.00
05/12/2016 163.81 163.81 163.81 163.81 1 4900.00 802669.00
06/12/2016 168.03 168.03 168.03 168.03 1 400.00 67212.00
12/12/2016 168.29 168.29 168.29 168.29 1 1000.00 168290.00
19/12/2016 170.44 170.44 170.44 170.44 1 7500.00 1278300.00
22/12/2016 164.55 164.55 164.55 164.55 1 200.00 32910.00
27/12/2016 164.94 164.94 164.94 164.94 1 700.00 115458.00
28/12/2016 162.98 162.98 162.98 162.98 1 1700.00 277066.00
03/01/2017 161.68 161.68 161.68 161.68 1 400.00 64672.00
09/01/2017 159.98 159.98 159.98 159.98 1 400.00 63992.00
17/01/2017 162.08 162.08 162.08 162.08 1 1000.00 162080.00
23/01/2017 155.92 155.92 155.92 155.92 1 1100.00 171512.00
24/01/2017 157.77 157.77 157.77 157.77 1 100.00 15777.00
26/01/2017 162.63 162.63 162.63 162.63 1 400.00 65052.00
30/01/2017 148.97 148.97 148.97 148.97 1 400.00 59588.00
01/02/2017 147.98 147.98 147.98 147.98 1 100.00 14798.00
03/02/2017 148.93 148.93 148.93 148.93 1 400.00 59572.00
06/02/2017 150.60 150.60 150.60 150.60 2 1800.00 271080.00
07/02/2017 149.94 149.94 149.94 149.94 1 800.00 119952.00
13/02/2017 156.30 156.30 156.30 156.30 1 900.00 140670.00
21/02/2017 157.56 157.56 157.56 157.56 1 600.00 94536.00
23/02/2017 154.24 154.24 154.24 154.24 1 100.00 15424.00
01/03/2017 159.74 159.74 159.74 159.74 1 100.00 15974.00
06/03/2017 152.76 152.76 152.76 152.76 1 500.00 76380.00
07/03/2017 148.53 148.53 148.53 148.53 1 400.00 59412.00
13/03/2017 149.76 149.76 149.76 149.76 1 1300.00 194688.00
20/03/2017 145.03 145.03 145.03 145.03 1 500.00 72515.00
22/03/2017 139.20 139.20 139.20 139.20 1 100.00 13920.00
03/04/2017 143.89 143.89 143.89 143.89 1 200.00 28778.00
10/04/2017 140.78 140.78 140.78 140.78 1 20700.00 2914146.00
02/05/2017 150.40 150.40 150.40 150.40 1 100.00 15040.00
08/05/2017 154.77 154.77 154.77 154.77 1 300.00 46431.00
18/05/2017 159.41 159.38 159.41 159.38 2 900.00 143445.00
22/05/2017 159.45 159.45 159.45 159.45 1 300.00 47835.00
29/05/2017 166.17 166.17 166.17 166.17 1 100.00 16617.00
30/05/2017 161.45 161.45 161.45 161.45 1 100.00 16145.00
01/06/2017 162.04 162.04 162.04 162.04 1 300.00 48612.00
08/06/2017 172.66 172.66 172.66 172.66 1 400.00 69064.00
12/06/2017 171.88 171.88 171.88 171.88 1 300.00 51564.00
