28/06/2016 79.79 79.79 79.79 79.79 1 200.00 15958.00
14/07/2016 65.70 65.70 65.70 65.70 1 100.00 6570.00
15/07/2016 66.35 66.35 66.35 66.35 1 32900.00 2182915.00
18/07/2016 66.00 66.00 66.00 66.00 1 2600.00 171600.00
19/07/2016 66.38 66.38 66.38 66.38 1 3000.00 199140.00
20/07/2016 66.50 66.50 66.50 66.50 1 36500.00 2427250.00
22/07/2016 66.53 66.53 66.53 66.53 1 900.00 59877.00
26/07/2016 66.62 66.62 66.62 66.62 1 200.00 13324.00
03/08/2016 65.48 65.48 65.48 65.48 1 1500.00 98220.00
11/08/2016 63.79 63.79 63.79 63.79 1 100.00 6379.00
26/08/2016 65.96 65.96 65.96 65.96 1 100.00 6596.00
26/09/2016 62.01 62.01 62.01 62.01 1 400.00 24804.00
07/10/2016 62.28 62.14 62.28 62.14 3 9000.00 560464.00
19/10/2016 60.97 60.97 60.97 60.97 1 100.00 6097.00
04/11/2016 62.85 62.85 62.85 62.85 1 200.00 12570.00
11/11/2016 69.90 69.90 69.90 69.90 2 7500.00 524250.00
16/11/2016 67.91 67.91 67.91 67.91 1 100.00 6791.00
18/11/2016 66.70 66.70 66.70 66.70 1 1000.00 66700.00
28/11/2016 66.62 66.62 66.62 66.62 2 11700.00 779454.00
29/11/2016 67.08 67.08 67.08 67.08 1 600.00 40248.00
01/12/2016 66.95 66.63 66.95 66.66 3 20600.00 1378981.00
22/12/2016 64.98 64.98 64.98 64.98 1 100.00 6498.00
03/02/2017 64.95 64.95 64.95 64.95 1 100.00 6495.00
14/02/2017 64.87 64.87 64.87 64.87 1 800.00 51896.00
15/02/2017 64.82 64.82 64.82 64.82 1 11100.00 719502.00
06/03/2017 67.25 67.25 67.25 67.25 2 50600.00 3402850.00
07/03/2017 67.05 67.05 67.05 67.05 1 2100.00 140805.00
23/03/2017 67.44 67.44 67.44 67.44 1 2200.00 148368.00
24/03/2017 68.37 68.37 68.37 68.37 1 1600.00 109392.00
03/04/2017 66.28 66.28 66.28 66.28 2 3900.00 258492.00
04/04/2017 66.28 66.28 66.28 66.28 1 3700.00 245236.00
05/04/2017 67.00 67.00 67.14 67.14 7 14300.00 958464.00
06/04/2017 67.18 67.18 67.18 67.18 1 6700.00 450106.00
07/04/2017 67.03 67.03 67.03 67.03 1 1000.00 67030.00
11/04/2017 67.73 67.73 67.73 67.73 1 600.00 40638.00
20/04/2017 66.72 66.72 66.72 66.72 2 5200.00 346944.00
24/04/2017 64.90 64.67 65.05 64.67 3 15300.00 993937.00
25/04/2017 65.68 65.68 65.68 65.68 1 2400.00 157632.00
02/05/2017 66.04 66.04 66.04 66.04 1 200.00 13208.00
03/05/2017 65.55 65.55 65.59 65.59 2 6900.00 452307.00
10/05/2017 65.76 65.72 65.76 65.72 2 6800.00 446900.00
12/05/2017 65.00 65.00 65.00 65.00 1 1000.00 65000.00
16/05/2017 64.00 64.00 64.00 64.00 1 5800.00 371200.00
18/05/2017 68.65 67.85 68.65 67.85 3 11800.00 808470.00
22/05/2017 67.88 67.88 67.88 67.88 1 200.00 13576.00
06/06/2017 70.35 70.35 70.64 70.64 3 8300.00 585050.00
07/06/2017 69.73 69.73 69.98 69.98 2 6500.00 453495.00
