01/06/2016 12.84 12.76 12.93 12.80 7093 91003.00 5239962991.00
02/06/2016 12.76 12.62 12.80 12.66 7593 150796.00 8739443455.00
03/06/2016 12.64 12.39 12.66 12.43 8609 138140.00 8073274290.00
06/06/2016 12.41 12.30 12.47 12.32 5527 85337.00 5010394058.00
07/06/2016 12.39 12.34 12.50 12.43 9059 132315.00 7764233630.00
08/06/2016 12.33 12.25 12.38 12.31 9733 150573.00 8877876443.00
09/06/2016 12.37 12.25 12.40 12.38 5984 86190.00 5079351953.00
10/06/2016 12.43 12.40 12.61 12.61 8180 134405.00 7865771984.00
13/06/2016 12.59 12.52 12.72 12.58 7821 115470.00 6733371251.00
14/06/2016 12.63 12.50 12.69 12.65 8111 116552.00 6803818185.00
15/06/2016 12.61 12.56 12.84 12.72 11920 182680.00 10642236073.00
16/06/2016 12.74 12.68 12.83 12.70 9940 150155.00 8723199482.00
17/06/2016 12.65 12.58 12.67 12.64 6646 111835.00 6530432063.00
20/06/2016 12.50 12.49 12.61 12.59 5145 84530.00 4953179275.00
21/06/2016 12.51 12.43 12.57 12.48 8355 125047.00 7348611499.00
22/06/2016 12.42 12.42 12.55 12.55 6838 110595.00 6510147899.00
23/06/2016 12.47 12.39 12.51 12.40 7072 131070.00 7724852212.00
24/06/2016 12.70 12.43 12.71 12.45 8486 147926.00 8687888818.00
27/06/2016 12.41 12.21 12.46 12.21 8662 153714.00 9123081162.00
28/06/2016 12.28 12.07 12.30 12.09 16248 244872.00 14606502735.00
29/06/2016 12.02 12.00 12.24 12.21 12267 206999.00 12369255763.00
30/06/2016 12.23 12.07 12.30 12.15 15616 271420.00 16197092859.00
01/07/2016 12.17 12.10 12.24 12.19 10592 159098.00 9503030806.00
04/07/2016 12.17 12.07 12.21 12.09 4149 68840.00 4123160888.00
05/07/2016 12.16 12.11 12.26 12.26 6389 126065.00 7534406963.00
06/07/2016 12.26 12.26 12.42 12.30 7335 150094.00 8919140324.00
07/07/2016 12.32 12.21 12.36 12.29 7598 128389.00 7655422847.00
08/07/2016 12.12 12.02 12.18 12.07 8234 143330.00 8612801493.00
11/07/2016 12.02 11.99 12.05 12.02 5216 82280.00 4960495354.00
12/07/2016 11.95 11.92 12.11 12.09 7425 143775.00 8674676376.00
13/07/2016 12.09 11.98 12.11 12.00 7095 146979.00 8864332380.00
14/07/2016 11.93 11.88 11.99 11.96 7551 162803.00 9854926027.00
15/07/2016 11.95 11.93 12.03 12.02 5782 106345.00 6433070965.00
18/07/2016 11.96 11.92 11.98 11.98 3246 69815.00 4229664258.00
19/07/2016 12.00 11.96 12.04 11.96 4083 90650.00 5482385569.00
20/07/2016 11.95 11.86 11.98 11.92 6010 123580.00 7504863239.00
21/07/2016 11.90 11.87 12.00 11.96 7799 146870.00 8911184788.00
22/07/2016 11.99 11.99 12.12 12.06 5514 114605.00 6925484814.00
25/07/2016 12.07 12.07 12.17 12.09 4557 76045.00 4586361143.00
26/07/2016 12.13 12.01 12.16 12.08 4188 83185.00 5033411435.00
27/07/2016 12.08 12.03 12.15 12.05 6173 139959.00 8456289346.00
28/07/2016 12.05 12.03 12.11 12.08 5159 105487.00 6383331025.00
29/07/2016 12.07 11.97 12.11 12.00 4639 89090.00 5402518676.00
01/08/2016 11.95 11.92 11.98 11.94 3309 61486.00 3742961421.00
02/08/2016 11.95 11.95 12.09 12.05 8782 146550.00 8895166753.00
03/08/2016 12.12 12.06 12.20 12.09 7742 154970.00 9371528014.00
04/08/2016 12.04 11.95 12.06 11.99 4440 89802.00 5461713679.00
05/08/2016 11.94 11.84 11.96 11.84 6022 140760.00 8596822938.00
08/08/2016 11.86 11.86 11.98 11.96 4885 107020.00 6530310979.00
09/08/2016 11.94 11.83 11.96 11.85 5559 112430.00 6879204251.00
10/08/2016 11.85 11.84 11.93 11.90 4539 92670.00 5671414349.00
11/08/2016 11.93 11.88 11.95 11.90 2751 88300.00 5398785316.00
12/08/2016 11.89 11.82 11.95 11.91 5321 105391.00 6457247521.00
15/08/2016 11.90 11.84 11.95 11.88 3154 59625.00 3654642948.00
16/08/2016 11.82 11.81 11.90 11.89 4104 97967.00 6012738455.00
17/08/2016 11.92 11.85 11.95 11.86 4934 80130.00 4912900192.00
18/08/2016 11.87 11.87 11.97 11.96 4384 82997.00 5086175768.00
19/08/2016 11.98 11.87 11.99 11.87 3604 69107.00 4237482152.00
22/08/2016 11.90 11.85 11.94 11.90 2681 53895.00 3307409964.00
23/08/2016 11.87 11.86 11.97 11.97 4787 103550.00 6353062327.00
24/08/2016 11.94 11.94 12.05 12.00 4530 107294.00 6565225772.00
25/08/2016 12.00 11.97 12.05 11.99 5275 135180.00 8274264925.00
26/08/2016 11.98 11.92 12.21 12.15 12228 241785.00 14777907078.00
29/08/2016 12.16 12.08 12.22 12.08 5329 92240.00 5620391656.00
30/08/2016 12.08 12.06 12.23 12.15 7694 182810.00 11133357599.00
31/08/2016 12.15 12.03 12.16 12.05 7144 163480.00 9986288824.00
01/09/2016 11.91 11.90 12.00 11.98 8944 163912.00 10069510310.00
02/09/2016 11.97 11.86 12.01 11.91 10028 215052.00 13248088174.00
05/09/2016 11.90 11.89 11.95 11.94 1894 39980.00 2463361982.00
06/09/2016 11.92 11.84 11.97 11.85 6077 131835.00 8131199695.00
08/09/2016 11.85 11.82 11.92 11.92 7020 130870.00 8089160135.00
09/09/2016 11.95 11.94 12.12 12.11 8776 175075.00 10755401229.00
12/09/2016 12.17 11.98 12.17 11.99 9501 192894.00 11834151833.00
13/09/2016 12.03 12.00 12.33 12.25 18314 320557.00 19590918472.00
14/09/2016 12.21 12.14 12.39 12.23 16169 285698.00 17426036434.00
15/09/2016 12.23 12.09 12.30 12.10 16384 268331.00 16406705629.00
16/09/2016 12.09 12.05 12.17 12.07 9206 158560.00 9732646005.00
19/09/2016 12.05 12.01 12.09 12.07 4106 68986.00 4245334262.00
20/09/2016 12.04 11.98 12.10 12.06 7483 201611.00 12424075845.00
21/09/2016 11.99 11.86 12.01 11.86 10268 219130.00 13559828458.00
22/09/2016 11.85 11.68 11.85 11.74 10351 189730.00 11839286851.00
23/09/2016 11.70 11.64 11.74 11.72 5178 110445.00 6905192346.00
26/09/2016 11.73 11.71 11.79 11.71 4825 88975.00 5553094418.00
27/09/2016 11.62 11.57 11.64 11.58 6739 149645.00 9396043763.00
28/09/2016 11.59 11.50 11.60 11.56 11317 224715.00 14141822341.00
29/09/2016 11.56 11.50 11.71 11.65 15374 301597.00 18961910353.00
30/09/2016 11.64 11.51 11.66 11.57 6992 156860.00 9872970394.00
03/10/2016 11.54 11.38 11.56 11.41 9089 178640.00 11294845226.00
04/10/2016 11.37 11.36 11.53 11.49 10543 160661.00 10170286582.00
05/10/2016 11.48 11.32 11.50 11.33 12326 232205.00 14726315823.00
06/10/2016 11.31 11.30 11.39 11.34 7142 157473.00 10009793170.00
07/10/2016 11.31 11.23 11.32 11.25 8267 160245.00 10222104181.00
10/10/2016 11.24 11.19 11.30 11.23 5455 103442.00 6607416024.00
11/10/2016 11.20 11.20 11.31 11.29 7334 141425.00 9027576509.00
13/10/2016 11.28 11.26 11.37 11.27 7406 116405.00 7421713638.00
14/10/2016 11.23 11.18 11.29 11.28 8487 140780.00 9013416595.00
17/10/2016 11.28 11.22 11.29 11.23 4411 122772.00 7853597004.00
18/10/2016 11.20 11.17 11.22 11.17 3826 65395.00 4193587169.00
19/10/2016 11.14 11.05 11.16 11.07 8749 159670.00 10281227115.00
20/10/2016 11.16 11.06 11.18 11.08 12765 232120.00 14936641789.00
21/10/2016 11.07 11.03 11.20 11.18 8613 178790.00 11504168044.00
24/10/2016 11.16 11.08 11.20 11.08 7597 130335.00 8398051929.00
25/10/2016 11.13 11.05 11.22 11.20 7668 159828.00 10290360942.00
26/10/2016 11.24 11.18 11.28 11.28 6362 141875.00 9107894455.00
27/10/2016 11.29 11.22 11.38 11.32 8455 192845.00 12355396963.00
28/10/2016 11.30 11.23 11.39 11.32 8017 151310.00 9695525511.00
31/10/2016 11.29 11.25 11.35 11.29 5771 112670.00 7224603178.00
01/11/2016 11.28 11.26 11.44 11.38 9224 177230.00 11334094484.00
03/11/2016 11.42 11.39 11.50 11.48 7818 143268.00 9141955886.00
04/11/2016 11.49 11.36 11.52 11.39 6685 132771.00 8481760378.00
07/11/2016 11.32 11.22 11.32 11.25 5368 122112.00 7851826290.00
08/11/2016 11.27 11.20 11.30 11.20 4152 93100.00 5996798197.00
09/11/2016 11.39 11.34 11.49 11.44 15740 316935.00 20299248606.00
10/11/2016 11.43 11.41 11.96 11.93 34029 574375.00 36327064869.00
11/11/2016 11.95 11.92 12.45 12.04 27077 329010.00 20520973133.00
14/11/2016 12.18 12.18 12.51 12.39 20927 279570.00 17292529935.00
16/11/2016 12.23 12.06 12.41 12.07 18781 300586.00 18712547337.00
17/11/2016 12.01 11.96 12.20 12.18 15401 298040.00 18642108556.00
18/11/2016 12.27 12.06 12.31 12.18 14552 194050.00 12112344684.00
21/11/2016 12.10 11.83 12.14 11.83 12203 201800.00 12703866373.00
22/11/2016 11.77 11.72 11.90 11.79 11422 216295.00 13683220237.00
23/11/2016 11.79 11.75 12.00 11.84 14500 226925.00 14331058111.00
24/11/2016 11.84 11.82 11.91 11.91 5931 84600.00 5350800337.00
25/11/2016 12.13 11.99 12.18 12.08 15622 214055.00 13445213952.00
28/11/2016 11.99 11.89 12.04 11.92 7655 96770.00 6105698469.00
29/11/2016 11.93 11.83 11.94 11.84 7294 117430.00 7431114723.00
30/11/2016 11.81 11.72 11.87 11.77 8829 156865.00 9961104113.00
01/12/2016 11.77 11.75 12.30 12.28 24348 343728.00 21649439881.00
02/12/2016 12.26 12.24 12.57 12.36 24998 303100.00 18867756791.00
05/12/2016 12.28 12.00 12.29 12.03 11041 153290.00 9636182669.00
06/12/2016 12.10 11.97 12.20 12.08 16587 251960.00 15873265192.00
07/12/2016 11.99 11.84 11.99 11.86 10776 195055.00 12368814639.00
08/12/2016 11.81 11.70 11.89 11.70 11482 196129.00 12486637179.00
09/12/2016 11.68 11.64 11.83 11.79 8786 159845.00 10210841998.00
12/12/2016 11.97 11.77 11.97 11.80 9829 137530.00 8746757926.00
13/12/2016 11.81 11.72 11.90 11.90 7604 127355.00 8118429595.00
14/12/2016 11.91 11.83 12.02 12.01 8042 139065.00 8840296581.00
15/12/2016 12.11 11.89 12.12 11.91 13476 203825.00 12909506579.00
16/12/2016 11.90 11.80 11.92 11.87 7051 140085.00 8925318814.00
19/12/2016 11.90 11.78 11.94 11.79 4337 77470.00 4940597962.00
20/12/2016 11.82 11.68 11.82 11.72 6693 119260.00 7639997426.00
21/12/2016 11.69 11.48 11.69 11.52 8803 161275.00 10396435517.00
22/12/2016 11.49 11.40 11.55 11.42 5048 84166.00 5447347513.00
23/12/2016 11.41 11.39 11.46 11.43 1470 23295.00 1511047036.00
26/12/2016 11.41 11.37 11.43 11.39 203 8273.00 537267242.00
27/12/2016 11.42 11.37 11.43 11.39 1525 37499.00 2435855599.00
28/12/2016 11.37 11.37 11.40 11.38 1135 36670.00 2384924695.00
29/12/2016 11.35 11.32 11.38 11.33 2034 148417.00 9663921610.00
02/01/2017 11.30 11.18 11.33 11.19 2435 107053.00 7007306459.00
03/01/2017 11.22 11.20 11.29 11.24 4232 106140.00 6950252228.00
04/01/2017 11.23 11.19 11.36 11.34 7562 149042.00 9741408002.00
05/01/2017 11.29 11.20 11.31 11.24 8789 199326.00 13053676750.00
06/01/2017 11.26 11.14 11.28 11.21 5783 125360.00 8229975543.00
09/01/2017 11.23 11.16 11.24 11.16 3557 71099.00 4668607958.00
10/01/2017 11.22 11.10 11.22 11.10 4769 117278.00 7722075021.00
11/01/2017 11.10 11.09 11.23 11.11 7573 160257.00 10548933287.00
12/01/2017 10.77 10.75 10.84 10.79 10417 246300.00 16430856020.00
13/01/2017 10.78 10.70 10.81 10.81 10261 192075.00 12831480276.00
16/01/2017 10.80 10.72 10.83 10.75 2856 58745.00 3926096462.00
17/01/2017 10.68 10.67 10.77 10.77 6628 155878.00 10439855853.00
18/01/2017 10.78 10.73 10.82 10.80 4034 103544.00 6924536500.00
19/01/2017 10.78 10.66 10.79 10.68 10359 267247.00 17913285704.00
20/01/2017 10.69 10.58 10.69 10.62 6547 116653.00 7846726200.00
23/01/2017 10.59 10.56 10.65 10.59 5426 98795.00 6655530758.00
24/01/2017 10.61 10.56 10.65 10.63 5561 129205.00 8705876504.00
26/01/2017 10.64 10.62 10.79 10.75 8009 195675.00 13147965114.00
27/01/2017 10.73 10.63 10.74 10.65 8978 138845.00 9344101053.00
30/01/2017 10.69 10.65 10.73 10.70 4557 90490.00 6087827267.00
31/01/2017 10.69 10.65 10.73 10.68 6365 120240.00 8093765543.00
01/02/2017 10.69 10.65 10.74 10.66 6293 120455.00 8110264355.00
02/02/2017 10.64 10.56 10.64 10.59 7396 170050.00 11496384771.00
03/02/2017 10.58 10.46 10.59 10.48 7029 151040.00 10243615725.00
06/02/2017 10.47 10.40 10.47 10.45 4132 90085.00 6128084803.00
07/02/2017 10.47 10.34 10.50 10.34 5329 126515.00 8608076871.00
08/02/2017 10.35 10.29 10.37 10.32 5775 129207.00 8832023817.00
09/02/2017 10.34 10.27 10.36 10.31 6098 129411.00 8852738951.00
10/02/2017 10.31 10.24 10.33 10.28 6973 145440.00 9963470053.00
13/02/2017 10.26 10.23 10.29 10.23 4655 92572.00 6349619699.00
14/02/2017 10.23 10.21 10.37 10.22 8285 198390.00 13599649280.00
15/02/2017 10.22 10.21 10.32 10.25 6763 161731.00 11097726109.00
16/02/2017 10.23 10.23 10.39 10.34 10331 215884.00 14800924981.00
17/02/2017 10.38 10.27 10.39 10.29 8360 144259.00 9890835146.00
20/02/2017 10.28 10.25 10.29 10.27 1526 29105.00 1999604071.00
21/02/2017 10.27 10.19 10.29 10.21 5678 145043.00 9977637175.00
22/02/2017 10.24 10.13 10.24 10.14 6529 129483.00 8924283037.00
23/02/2017 10.03 10.02 10.10 10.04 6356 183130.00 12690503714.00
24/02/2017 10.09 10.06 10.14 10.07 7623 206405.00 14283881617.00
01/03/2017 10.13 10.00 10.15 10.01 3034 73140.00 5068288049.00
02/03/2017 10.02 9.99 10.15 10.14 8279 167000.00 11579433558.00
03/03/2017 10.14 9.99 10.17 10.00 10268 206017.00 14295513665.00
06/03/2017 9.99 9.95 10.01 9.97 5074 96415.00 6712979343.00
07/03/2017 9.95 9.95 10.05 10.02 6086 149840.00 10425699382.00
08/03/2017 10.02 10.02 10.17 10.16 9844 174855.00 12131155572.00
09/03/2017 10.17 10.12 10.22 10.21 9464 197575.00 13675582151.00
10/03/2017 10.18 9.96 10.18 10.00 10603 247021.00 17187438683.00
13/03/2017 9.98 9.91 9.98 9.93 5804 108763.00 7593046835.00
14/03/2017 9.94 9.94 10.08 10.07 14148 254175.00 17707598334.00
15/03/2017 10.04 9.91 10.13 9.99 11481 273065.00 19021599712.00
16/03/2017 10.00 9.93 10.02 9.99 8309 146865.00 10251146379.00
17/03/2017 10.00 9.94 10.05 10.00 7778 137995.00 9634413491.00
20/03/2017 10.00 9.97 10.04 10.00 3802 89700.00 6263732268.00
21/03/2017 10.02 9.92 10.02 9.92 9010 197296.00 13806045310.00
22/03/2017 9.97 9.95 10.05 9.99 7950 178450.00 12470197103.00
23/03/2017 10.03 10.01 10.10 10.04 11605 268770.00 18749642669.00
24/03/2017 10.03 9.87 10.06 9.88 10127 251545.00 17615824082.00
27/03/2017 9.88 9.82 9.92 9.86 5254 118302.00 8313120845.00
28/03/2017 9.87 9.85 9.93 9.92 6137 120708.00 8477018905.00
29/03/2017 9.89 9.85 9.93 9.86 5991 112845.00 7930469065.00
30/03/2017 9.87 9.83 9.92 9.89 8519 193925.00 13637618652.00
31/03/2017 9.90 9.83 9.92 9.90 6895 123710.00 8702263130.00
03/04/2017 9.90 9.82 9.90 9.83 5074 88348.00 6220438762.00
04/04/2017 9.86 9.79 9.89 9.82 6301 125695.00 8863197252.00
05/04/2017 9.79 9.75 9.90 9.89 5330 134551.00 9497925273.00
06/04/2017 9.93 9.87 10.00 9.97 10308 259195.00 18226411731.00
07/04/2017 9.99 9.86 10.00 9.92 10630 283845.00 19973173006.00
10/04/2017 9.87 9.80 9.88 9.81 4836 117150.00 8270339677.00
11/04/2017 9.81 9.76 9.86 9.85 6546 127895.00 9038218438.00
12/04/2017 9.88 9.82 9.89 9.85 5439 117835.00 8319320457.00
13/04/2017 9.85 9.85 9.99 9.95 9853 243575.00 17163016989.00
17/04/2017 9.90 9.89 9.94 9.91 3627 80890.00 5704682309.00
18/04/2017 9.87 9.83 9.89 9.87 6075 153028.00 10814850127.00
19/04/2017 9.86 9.85 9.99 9.97 5926 139843.00 9870290255.00
20/04/2017 9.94 9.90 10.03 9.93 8333 198535.00 13998847094.00
24/04/2017 9.89 9.85 9.92 9.92 5944 144786.00 10236532064.00
25/04/2017 9.99 9.98 10.11 10.04 16367 363637.00 25577591361.00
26/04/2017 10.10 10.06 10.17 10.08 14129 315905.00 22184638851.00
27/04/2017 10.01 10.01 10.14 10.12 9244 231980.00 16317268105.00
28/04/2017 10.14 9.99 10.14 10.00 9169 197616.00 13909374304.00
02/05/2017 9.98 9.92 10.04 9.93 5791 138095.00 9756397446.00
03/05/2017 9.94 9.87 9.99 9.98 7074 212180.00 15015783291.00
04/05/2017 9.98 9.98 10.06 10.01 7355 210725.00 14870880083.00
05/05/2017 10.02 9.94 10.04 9.97 7787 177555.00 12549415729.00
08/05/2017 9.98 9.93 10.01 9.94 5068 110327.00 7805340446.00
09/05/2017 9.93 9.85 9.93 9.85 6020 162780.00 11549212174.00
10/05/2017 9.81 9.80 9.85 9.83 6529 163886.00 11659254830.00
11/05/2017 9.79 9.72 9.79 9.74 7523 215430.00 15361554208.00
12/05/2017 9.72 9.65 9.76 9.66 7632 195835.00 14003180719.00
15/05/2017 9.66 9.59 9.70 9.60 9003 223793.00 16032598311.00
16/05/2017 9.60 9.46 9.62 9.50 7714 183800.00 13222062379.00
17/05/2017 9.55 9.46 9.63 9.60 12042 325375.00 23398035908.00
18/05/2017 10.94 10.94 11.39 11.39 2274 149292.00 10130411574.00
19/05/2017 11.39 11.01 11.81 11.20 56290 752153.00 51122494746.00
22/05/2017 11.23 11.22 11.70 11.49 25741 388735.00 26259485200.00
23/05/2017 11.52 10.95 11.67 10.98 22244 363590.00 24751245561.00
24/05/2017 10.99 10.56 11.02 10.75 22672 371955.00 25783100738.00
25/05/2017 10.70 10.61 10.78 10.64 11755 192419.00 13368213547.00
26/05/2017 10.56 10.39 10.57 10.49 20217 344139.00 24083527277.00
29/05/2017 10.52 10.33 10.63 10.34 5786 90685.00 6351758273.00
30/05/2017 10.35 10.29 10.52 10.42 17394 262435.00 18399935583.00
31/05/2017 10.41 10.30 10.44 10.33 13360 219170.00 15407016995.00
01/06/2017 10.38 10.33 10.50 10.49 16073 274595.00 19274380513.00
02/06/2017 10.47 10.40 10.58 10.56 11408 196885.00 13797546880.00
05/06/2017 10.60 10.55 10.65 10.60 9654 171155.00 11948598152.00
06/06/2017 10.53 10.40 10.59 10.42 8495 188375.00 13208252170.00
07/06/2017 10.40 10.37 10.53 10.46 9387 163575.00 11487471211.00
08/06/2017 10.47 10.46 10.57 10.48 8217 146460.00 10266790094.00
09/06/2017 10.42 10.25 10.43 10.41 13893 278935.00 19673647503.00
12/06/2017 10.35 10.22 10.35 10.27 11586 193080.00 13652151691.00
13/06/2017 10.23 10.19 10.38 10.36 13997 251555.00 17783387058.00
14/06/2017 10.32 10.18 10.38 10.22 13787 269670.00 19096825736.00
16/06/2017 10.21 10.08 10.23 10.08 9107 158895.00 11297968993.00
