01/06/2016 13.02 13.01 13.11 13.01 10 60.00 2378275.00
02/06/2016 13.01 12.89 13.01 12.89 8 150.00 5994444.00
03/06/2016 12.66 12.62 12.66 12.63 16 165.00 6730722.00
06/06/2016 12.48 12.48 12.48 12.48 2 50.00 2060053.00
07/06/2016 12.69 12.54 12.69 12.57 16 105.00 4304063.00
08/06/2016 12.48 12.48 12.54 12.52 11 55.00 2262247.00
09/06/2016 12.57 12.57 12.57 12.57 1 5.00 205055.00
10/06/2016 12.66 12.66 12.79 12.78 19 95.00 3853759.00
13/06/2016 12.83 12.80 12.90 12.84 7 2420.00 97823222.00
14/06/2016 12.78 12.78 12.88 12.88 4 20.00 806725.00
15/06/2016 12.82 12.82 13.05 12.97 41 285.00 11475134.00
16/06/2016 12.96 12.96 12.97 12.97 2 10.00 400405.00
17/06/2016 12.88 12.87 12.92 12.87 20 235.00 9450834.00
20/06/2016 12.82 12.82 12.82 12.82 1 5.00 202336.00
21/06/2016 12.70 12.68 12.75 12.75 5 25.00 1018783.00
22/06/2016 12.70 12.69 12.70 12.69 4 25.00 1021300.00
23/06/2016 12.63 12.63 12.63 12.63 1 10.00 410401.00
28/06/2016 12.39 12.24 12.39 12.25 17 85.00 3570161.00
29/06/2016 12.22 12.20 12.35 12.31 88 2210.00 92832076.00
30/06/2016 12.37 12.19 12.41 12.26 47 420.00 17649635.00
01/07/2016 12.34 12.29 12.39 12.36 30 150.00 6287453.00
04/07/2016 12.36 12.23 12.36 12.23 41 255.00 10745159.00
05/07/2016 12.35 12.26 12.42 12.42 63 480.00 20138542.00
06/07/2016 12.47 12.43 12.57 12.44 58 405.00 16848322.00
07/07/2016 12.40 12.37 12.41 12.39 24 185.00 7750526.00
08/07/2016 12.28 12.15 12.30 12.18 45 505.00 21478696.00
11/07/2016 12.16 12.10 12.16 12.14 30 270.00 11523834.00
12/07/2016 12.06 12.05 12.24 12.24 17 165.00 7022290.00
13/07/2016 12.13 12.13 12.16 12.16 9 115.00 4906683.00
14/07/2016 12.01 12.00 12.11 12.09 37 800.00 34238741.00
15/07/2016 12.03 12.02 12.12 12.10 23 150.00 6441104.00
18/07/2016 12.05 12.04 12.05 12.05 8 275.00 11822440.00
20/07/2016 11.96 11.95 11.99 11.95 21 485.00 20976097.00
21/07/2016 11.95 11.91 12.02 12.00 30 160.00 6925303.00
22/07/2016 12.03 12.03 12.12 12.11 16 120.00 5160048.00
25/07/2016 12.12 12.12 12.20 12.15 26 215.00 9206004.00
26/07/2016 12.14 12.05 12.14 12.08 15 80.00 3437606.00
27/07/2016 12.10 12.08 12.17 12.09 25 160.00 6870963.00
28/07/2016 12.10 12.07 12.10 12.08 24 155.00 6671542.00
29/07/2016 11.99 11.99 12.04 12.02 39 3405.00 147260384.00
01/08/2016 11.98 11.96 11.99 11.96 21 120.00 5210548.00
02/08/2016 11.98 11.98 12.14 12.10 36 210.00 9075880.00
03/08/2016 12.16 12.14 12.24 12.14 41 230.00 9836749.00
04/08/2016 12.07 12.02 12.10 12.03 13 160.00 6911662.00
05/08/2016 11.99 11.92 11.99 11.95 33 290.00 12630073.00
08/08/2016 11.99 11.98 12.03 12.03 6 35.00 1519738.00
09/08/2016 12.00 11.89 12.04 11.93 15 285.00 12435666.00
10/08/2016 11.91 11.91 11.98 11.95 13 110.00 4799928.00
11/08/2016 12.01 12.01 12.01 12.01 1 705.00 30633088.00
12/08/2016 11.98 11.92 11.99 11.98 19 105.00 4576851.00
15/08/2016 11.93 11.93 11.94 11.94 4 120.00 5245853.00
16/08/2016 11.89 11.88 11.95 11.90 11 100.00 4382184.00
17/08/2016 11.96 11.92 11.98 11.92 23 145.00 6333770.00
18/08/2016 11.94 11.94 12.01 12.01 18 95.00 4146582.00
19/08/2016 11.99 11.94 11.99 11.94 7 70.00 3059801.00
22/08/2016 11.95 11.94 11.98 11.96 30 180.00 7869439.00
23/08/2016 11.93 11.92 12.05 12.04 18 120.00 5244246.00
24/08/2016 12.11 12.06 12.12 12.07 15 115.00 4993876.00
25/08/2016 12.08 12.06 12.15 12.09 76 1610.00 69877565.00
26/08/2016 12.08 12.03 12.35 12.29 54 440.00 19048041.00
29/08/2016 12.18 12.15 12.20 12.15 5 25.00 1080276.00
30/08/2016 12.16 12.16 12.31 12.29 14 130.00 5602887.00
31/08/2016 12.23 12.16 12.26 12.16 11 70.00 3016059.00
01/09/2016 12.10 12.10 12.13 12.10 15 85.00 3692847.00
02/09/2016 12.05 12.01 12.07 12.03 18 100.00 4369983.00
06/09/2016 12.01 12.01 12.01 12.01 2 50.00 2190231.00
08/09/2016 12.08 12.08 12.08 12.08 1 5.00 218128.00
09/09/2016 12.20 12.20 12.31 12.31 36 410.00 17691973.00
12/09/2016 12.38 12.20 12.38 12.20 46 295.00 12715381.00
13/09/2016 12.28 12.28 12.61 12.53 130 735.00 31179005.00
14/09/2016 12.52 12.41 12.60 12.50 9 80.00 3401262.00
15/09/2016 12.48 12.37 12.56 12.37 82 620.00 26392275.00
16/09/2016 12.37 12.37 12.41 12.38 6 1415.00 60692122.00
19/09/2016 12.29 12.28 12.34 12.33 21 255.00 10997664.00
20/09/2016 12.25 12.23 12.31 12.31 42 235.00 10168241.00
21/09/2016 12.09 12.07 12.12 12.10 19 195.00 8536495.00
22/09/2016 11.96 11.86 11.96 11.92 52 860.00 38084913.00
23/09/2016 11.86 11.84 11.93 11.93 8 50.00 2220520.00
26/09/2016 11.98 11.93 11.98 11.94 21 120.00 5307059.00
27/09/2016 11.82 11.77 11.83 11.77 21 160.00 7153331.00
28/09/2016 11.77 11.68 11.79 11.69 26 245.00 11013164.00
29/09/2016 11.71 11.62 11.82 11.76 40 235.00 10567807.00
30/09/2016 11.68 11.64 11.68 11.68 8 55.00 2482000.00
03/10/2016 11.62 11.52 11.65 11.52 11 70.00 3184030.00
04/10/2016 11.54 11.53 11.68 11.63 72 1285.00 58204132.00
05/10/2016 11.62 11.47 11.68 11.48 44 315.00 14309137.00
06/10/2016 11.52 11.47 11.54 11.49 82 1915.00 87369666.00
07/10/2016 11.46 11.41 11.49 11.43 55 655.00 29987441.00
10/10/2016 11.44 11.36 11.47 11.41 133 1620.00 74531716.00
11/10/2016 11.38 11.38 11.47 11.45 113 855.00 39264206.00
13/10/2016 11.47 11.44 11.53 11.45 131 700.00 32098578.00
14/10/2016 11.39 11.35 11.45 11.43 186 1270.00 58586495.00
17/10/2016 11.42 11.39 11.43 11.39 125 685.00 31567561.00
18/10/2016 11.35 11.31 11.35 11.31 61 560.00 25948151.00
19/10/2016 11.29 11.17 11.30 11.19 513 2780.00 129809654.00
20/10/2016 11.25 11.13 11.25 11.14 124 1540.00 72227224.00
21/10/2016 11.18 11.16 11.27 11.27 99 645.00 30178382.00
24/10/2016 11.28 11.14 11.28 11.14 133 740.00 34722194.00
25/10/2016 11.12 11.12 11.28 11.25 9 60.00 2809494.00
26/10/2016 11.27 11.27 11.32 11.30 20 180.00 8383394.00
27/10/2016 11.42 11.42 11.45 11.42 8 65.00 3001574.00
28/10/2016 11.41 11.33 11.48 11.42 29 255.00 11811150.00
31/10/2016 11.45 11.37 11.45 11.42 46 4480.00 207223709.00
01/11/2016 11.41 11.38 11.57 11.53 43 400.00 18389772.00
03/11/2016 11.57 11.57 11.64 11.62 95 785.00 35889763.00
04/11/2016 11.65 11.52 11.65 11.52 28 275.00 12572800.00
07/11/2016 11.40 11.33 11.44 11.39 89 1315.00 61028930.00
08/11/2016 11.33 11.30 11.33 11.31 17 160.00 7462292.00
09/11/2016 11.60 11.50 11.60 11.54 5 25.00 1149364.00
10/11/2016 11.65 11.64 12.10 12.04 51 585.00 26327620.00
11/11/2016 12.29 12.12 12.61 12.12 134 955.00 41818148.00
14/11/2016 12.53 12.45 12.59 12.45 21 140.00 6068653.00
16/11/2016 12.38 12.14 12.46 12.17 45 280.00 12331368.00
17/11/2016 12.10 12.10 12.28 12.28 64 1970.00 87101195.00
18/11/2016 12.37 12.20 12.37 12.22 11 160.00 7036132.00
21/11/2016 12.16 12.07 12.17 12.07 35 315.00 13988685.00
22/11/2016 11.98 11.98 12.05 12.00 9 115.00 5143898.00
23/11/2016 12.01 12.01 12.15 12.08 12 110.00 4904993.00
24/11/2016 12.08 12.08 12.08 12.08 1 5.00 223322.00
25/11/2016 12.28 12.28 12.28 12.28 1 5.00 220627.00
28/11/2016 12.22 12.11 12.22 12.12 10 60.00 2671904.00
29/11/2016 12.06 12.04 12.06 12.04 3 30.00 1344008.00
30/11/2016 12.02 12.01 12.04 12.01 3 60.00 2692194.00
01/12/2016 12.11 12.11 12.48 12.48 12 185.00 8151664.00
02/12/2016 12.63 12.52 12.72 12.59 90 2310.00 100204979.00
05/12/2016 12.36 12.29 12.44 12.30 23 140.00 6168235.00
06/12/2016 12.49 12.27 12.49 12.36 39 265.00 11672096.00
07/12/2016 12.15 12.14 12.22 12.18 12 90.00 4012236.00
08/12/2016 12.03 11.96 12.12 12.00 71 530.00 23804264.00
09/12/2016 11.96 11.88 12.06 12.06 34 200.00 9042494.00
12/12/2016 12.20 12.10 12.25 12.13 251 2476.00 110679564.00
13/12/2016 12.10 12.04 12.21 12.21 43 250.00 11207916.00
14/12/2016 12.24 12.15 12.31 12.31 38 275.00 12257446.00
15/12/2016 12.40 12.24 12.40 12.24 45 390.00 17290052.00
16/12/2016 12.20 12.15 12.23 12.19 17 3125.00 139965383.00
19/12/2016 12.21 12.15 12.21 12.15 9 60.00 2685436.00
20/12/2016 12.01 11.98 12.03 11.98 26 160.00 7238021.00
21/12/2016 11.92 11.76 11.92 11.76 9 55.00 2510044.00
22/12/2016 11.81 11.69 11.81 11.69 5 35.00 1613053.00
23/12/2016 11.70 11.67 11.70 11.69 3 15.00 693176.00
26/12/2016 11.65 11.63 11.65 11.63 5 25.00 1159322.00
27/12/2016 11.65 11.65 11.65 11.65 2 10.00 463584.00
28/12/2016 11.62 11.60 11.62 11.60 24 1910.00 88859762.00
29/12/2016 11.64 11.57 11.64 11.57 125 990.00 46086282.00
02/01/2017 11.51 11.41 11.54 11.42 14 100.00 4694959.00
03/01/2017 11.44 11.44 11.51 11.47 22 135.00 6344497.00
04/01/2017 11.56 11.56 11.58 11.58 19 165.00 7704781.00
05/01/2017 11.53 11.46 11.55 11.51 43 215.00 10079468.00
06/01/2017 11.47 11.47 11.54 11.54 4 20.00 939292.00
09/01/2017 11.51 11.48 11.52 11.48 10 1310.00 61613981.00
10/01/2017 11.40 11.40 11.40 11.40 3 100.00 4729122.00
11/01/2017 11.48 11.48 11.48 11.48 1 5.00 235383.00
12/01/2017 11.11 11.09 11.12 11.10 7 40.00 1928826.00
13/01/2017 11.08 11.08 11.14 11.14 9 410.00 19732526.00
16/01/2017 11.11 11.11 11.11 11.11 1 5.00 241173.00
17/01/2017 11.00 11.00 11.09 11.09 16 630.00 30459941.00
18/01/2017 11.11 11.11 11.11 11.11 1 15.00 724125.00
19/01/2017 11.10 10.99 11.11 11.08 197 1365.00 66143153.00
20/01/2017 10.96 10.93 10.96 10.96 8 180.00 8779637.00
23/01/2017 10.93 10.92 10.94 10.94 28 805.00 39332893.00
24/01/2017 10.94 10.91 10.94 10.91 34 1005.00 49169753.00
26/01/2017 11.07 11.01 11.07 11.01 7 305.00 14851793.00
27/01/2017 10.95 10.91 10.95 10.91 8 190.00 9304226.00
30/01/2017 10.96 10.96 11.02 10.99 13 175.00 8544842.00
31/01/2017 11.01 11.00 11.04 11.02 35 2400.00 116926150.00
01/02/2017 11.00 11.00 11.04 11.03 26 320.00 15581411.00
02/02/2017 10.93 10.87 10.93 10.89 13 200.00 9831394.00
03/02/2017 10.87 10.74 10.87 10.74 10 50.00 2477783.00
06/02/2017 10.67 10.66 10.74 10.73 24 275.00 13716361.00
07/02/2017 10.73 10.65 10.73 10.65 12 200.00 9957641.00
08/02/2017 10.59 10.53 10.61 10.53 24 615.00 30908991.00
09/02/2017 10.56 10.52 10.57 10.52 24 145.00 7290169.00
10/02/2017 10.47 10.46 10.52 10.48 26 275.00 13894266.00
14/02/2017 10.51 10.51 10.51 10.51 2 15.00 757428.00
17/02/2017 10.49 10.49 10.49 10.49 1 5.00 253089.00
21/02/2017 10.48 10.40 10.51 10.40 55 465.00 23613092.00
23/02/2017 10.28 10.23 10.30 10.23 20 125.00 6421637.00
24/02/2017 10.37 10.34 10.37 10.34 3 15.00 767364.00
01/03/2017 10.34 10.26 10.34 10.26 4 405.00 20790299.00
02/03/2017 10.28 10.28 10.43 10.43 52 470.00 23974701.00
03/03/2017 10.37 10.27 10.37 10.27 23 245.00 12586723.00
06/03/2017 10.24 10.24 10.26 10.26 2 10.00 515540.00
07/03/2017 10.30 10.27 10.30 10.27 3 15.00 771708.00
08/03/2017 10.34 10.34 10.44 10.40 16 490.00 25051539.00
09/03/2017 10.50 10.50 10.50 10.50 1 5.00 254138.00
10/03/2017 10.41 10.29 10.41 10.31 37 195.00 9998814.00
13/03/2017 10.26 10.26 10.27 10.27 7 230.00 11865989.00
15/03/2017 10.44 10.26 10.50 10.29 110 3475.00 177243177.00
16/03/2017 10.31 10.28 10.31 10.31 6 105.00 5412411.00
17/03/2017 10.33 10.24 10.33 10.27 36 310.00 16003867.00
21/03/2017 10.28 10.27 10.32 10.32 38 585.00 30204833.00
22/03/2017 10.35 10.35 10.35 10.35 1 5.00 257392.00
23/03/2017 10.43 10.35 10.45 10.35 22 210.00 10772224.00
24/03/2017 10.33 10.20 10.33 10.20 8 930.00 48133489.00
27/03/2017 10.21 10.14 10.22 10.16 9 85.00 4420946.00
28/03/2017 10.16 10.16 10.21 10.21 3 15.00 781448.00
29/03/2017 10.18 10.15 10.25 10.18 66 1040.00 54127243.00
30/03/2017 10.17 10.12 10.20 10.20 21 355.00 18532059.00
31/03/2017 10.15 10.15 10.15 10.15 2 30.00 1567564.00
03/04/2017 10.15 10.15 10.15 10.15 1 5.00 261360.00
04/04/2017 10.15 10.15 10.15 10.15 1 5.00 261461.00
05/04/2017 10.05 10.04 10.19 10.19 8 65.00 3414680.00
06/04/2017 10.22 10.22 10.29 10.29 9 230.00 11938895.00
10/04/2017 10.15 10.12 10.15 10.12 9 255.00 13365025.00
11/04/2017 10.07 10.07 10.18 10.16 125 1035.00 54235507.00
12/04/2017 10.15 10.15 10.19 10.18 18 95.00 4970477.00
13/04/2017 10.25 10.25 10.27 10.27 9 780.00 40642948.00
17/04/2017 10.23 10.23 10.25 10.24 3 60.00 3130068.00
18/04/2017 10.24 10.17 10.24 10.21 194 3455.00 180778169.00
19/04/2017 10.28 10.28 10.31 10.31 3 30.00 1560103.00
20/04/2017 10.27 10.27 10.27 10.27 2 20.00 1042675.00
24/04/2017 10.21 10.21 10.23 10.23 6 30.00 1569985.00
25/04/2017 10.37 10.37 10.47 10.46 46 250.00 12937346.00
26/04/2017 10.51 10.46 10.56 10.48 26 825.00 42475817.00
27/04/2017 10.43 10.41 10.53 10.50 211 2680.00 138534535.00
28/04/2017 10.52 10.42 10.52 10.42 14 3840.00 198443588.00
02/05/2017 10.34 10.31 10.34 10.31 10 75.00 3906900.00
03/05/2017 10.25 10.25 10.36 10.36 13 80.00 4170448.00
05/05/2017 10.33 10.33 10.36 10.36 5 25.00 1302727.00
08/05/2017 10.37 10.31 10.37 10.31 9 1115.00 58201043.00
09/05/2017 10.27 10.27 10.27 10.27 1 5.00 261783.00
10/05/2017 10.24 10.23 10.24 10.23 5 110.00 5772171.00
11/05/2017 10.22 10.14 10.22 10.14 36 565.00 29796911.00
12/05/2017 10.13 10.12 10.13 10.12 3 150.00 7932421.00
15/05/2017 10.09 10.08 10.09 10.09 57 1105.00 58578864.00
16/05/2017 9.99 9.93 9.99 9.93 2 240.00 12810732.00
17/05/2017 10.05 10.05 10.06 10.06 2 30.00 1595076.00
22/05/2017 11.94 11.94 12.07 12.07 3 6050.00 285853162.00
23/05/2017 12.07 11.72 12.07 11.72 6 50.00 2393429.00
24/05/2017 11.20 11.11 11.20 11.11 7 65.00 3250055.00
25/05/2017 11.10 11.09 11.13 11.13 6 1670.00 83493429.00
26/05/2017 10.97 10.94 11.01 11.01 12 60.00 3025482.00
29/05/2017 11.13 10.91 11.17 10.95 51 295.00 14866646.00
30/05/2017 10.97 10.97 10.97 10.97 1 5.00 252605.00
31/05/2017 10.96 10.89 10.97 10.89 41 340.00 17206702.00
01/06/2017 10.90 10.86 11.00 10.97 17 820.00 41697509.00
02/06/2017 10.94 10.93 11.08 11.06 251 2670.00 134643578.00
05/06/2017 11.10 11.08 11.16 11.10 30 210.00 10535977.00
06/06/2017 11.03 11.00 11.06 11.05 168 1505.00 75866331.00
07/06/2017 11.04 11.03 11.08 11.03 9 170.00 8571228.00
08/06/2017 11.13 11.04 11.13 11.06 4 20.00 1006222.00
09/06/2017 11.00 10.93 11.04 10.95 28 190.00 9624701.00
12/06/2017 10.88 10.86 10.89 10.89 5 110.00 5609575.00
13/06/2017 10.84 10.83 10.91 10.86 137 805.00 41064052.00
14/06/2017 10.85 10.74 10.85 10.74 5 600.00 30851736.00
16/06/2017 10.64 10.64 10.65 10.65 4 90.00 4658520.00
