01/06/2016 13.11 13.05 13.23 13.09 1221 15065.00 524256124.00
02/06/2016 13.11 12.90 13.13 12.95 1421 33043.00 1163816710.00
03/06/2016 12.94 12.69 12.97 12.73 1643 30980.00 1107474878.00
06/06/2016 12.73 12.57 12.78 12.57 823 13810.00 499206082.00
07/06/2016 12.65 12.62 12.79 12.71 1398 20020.00 721799576.00
08/06/2016 12.59 12.50 12.64 12.57 1643 22762.00 828218174.00
09/06/2016 12.67 12.52 12.67 12.66 691 9090.00 329938428.00
10/06/2016 12.69 12.67 12.88 12.87 1842 22156.00 793095870.00
13/06/2016 12.90 12.81 13.00 12.90 946 9455.00 336013723.00
14/06/2016 12.92 12.82 13.01 12.98 2210 21475.00 762349695.00
15/06/2016 12.93 12.86 13.15 13.04 2107 33230.00 1177170608.00
16/06/2016 13.09 13.00 13.17 13.03 2357 31115.00 1093039403.00
17/06/2016 12.99 12.92 13.02 12.93 1417 14390.00 510054255.00
20/06/2016 12.80 12.79 12.92 12.92 1095 23028.00 823003937.00
21/06/2016 12.86 12.75 12.89 12.82 1767 21335.00 765689569.00
22/06/2016 12.75 12.72 12.84 12.84 2478 33155.00 1195420803.00
23/06/2016 12.73 12.66 12.78 12.68 1632 20245.00 732450529.00
24/06/2016 12.95 12.69 13.00 12.71 2337 32325.00 1164875302.00
27/06/2016 12.65 12.52 12.75 12.52 1278 22790.00 832656037.00
28/06/2016 12.56 12.28 12.56 12.29 2998 42610.00 1584049779.00
29/06/2016 12.22 12.21 12.41 12.37 3861 42147.00 1573338935.00
30/06/2016 12.43 12.23 12.46 12.32 3496 52970.00 1974662544.00
01/07/2016 12.31 12.28 12.44 12.41 1955 25400.00 944071389.00
04/07/2016 12.37 12.26 12.43 12.31 1293 18650.00 697448669.00
05/07/2016 12.37 12.30 12.46 12.45 1391 27773.00 1035350507.00
06/07/2016 12.48 12.46 12.61 12.49 1654 24149.00 890469081.00
07/07/2016 12.53 12.38 12.53 12.44 1035 12621.00 468490334.00
08/07/2016 12.33 12.19 12.38 12.25 1918 25605.00 963186431.00
11/07/2016 12.19 12.14 12.22 12.22 1339 15680.00 593660922.00
12/07/2016 12.16 12.08 12.31 12.30 2370 28730.00 1086820744.00
13/07/2016 12.30 12.15 12.30 12.17 1203 17145.00 648658061.00
14/07/2016 12.09 12.04 12.14 12.13 2185 26031.00 993438146.00
15/07/2016 12.12 12.06 12.17 12.15 985 10325.00 393846397.00
18/07/2016 12.09 12.05 12.12 12.11 658 9774.00 373925021.00
19/07/2016 12.10 12.09 12.18 12.10 1270 19355.00 737589951.00
20/07/2016 12.09 11.96 12.11 11.99 1886 28125.00 1081804575.00
21/07/2016 12.01 11.94 12.06 12.04 1820 20542.00 791138039.00
22/07/2016 12.08 12.05 12.18 12.13 1482 17885.00 682991039.00
25/07/2016 12.15 12.15 12.25 12.16 1483 17615.00 669977572.00
26/07/2016 12.15 12.07 12.17 12.15 1170 19305.00 738673673.00
27/07/2016 12.14 12.11 12.22 12.12 1537 13584.00 517967938.00
28/07/2016 12.13 12.06 12.16 12.11 1282 15179.00 580891665.00
29/07/2016 12.11 12.02 12.15 12.04 1671 33340.00 1283071309.00
01/08/2016 11.99 11.97 12.05 12.00 588 5581.00 215659185.00
02/08/2016 12.02 12.00 12.18 12.13 1454 20030.00 768025679.00
03/08/2016 12.19 12.15 12.30 12.17 1822 23490.00 894073099.00
04/08/2016 12.13 12.03 12.13 12.09 634 9020.00 347374174.00
05/08/2016 12.03 11.96 12.06 11.96 1456 15975.00 618055356.00
08/08/2016 11.98 11.98 12.10 12.09 1376 18605.00 717963181.00
09/08/2016 12.05 11.93 12.08 11.96 1127 14545.00 564322031.00
10/08/2016 11.95 11.94 12.06 12.02 1067 10380.00 402541913.00
11/08/2016 12.05 12.01 12.08 12.04 869 15917.00 615339531.00
12/08/2016 12.07 11.97 12.09 12.06 1182 11412.00 442088261.00
15/08/2016 12.08 11.96 12.09 11.99 753 10875.00 422045150.00
16/08/2016 11.93 11.93 12.01 12.01 732 9226.00 359343849.00
17/08/2016 12.02 11.95 12.05 11.95 1089 15605.00 606414582.00
18/08/2016 11.98 11.96 12.07 12.06 1591 21715.00 843868462.00
19/08/2016 12.08 11.97 12.09 11.98 716 10385.00 403351094.00
22/08/2016 12.00 11.95 12.04 12.00 607 6485.00 252359198.00
23/08/2016 11.96 11.96 12.11 12.11 1100 25375.00 983126563.00
24/08/2016 12.12 12.11 12.19 12.14 1434 17548.00 675990025.00
25/08/2016 12.13 12.11 12.19 12.13 1132 16445.00 633941071.00
26/08/2016 12.12 12.05 12.41 12.32 2800 40420.00 1551945723.00
29/08/2016 12.35 12.20 12.38 12.20 1683 20362.00 777941326.00
30/08/2016 12.18 12.18 12.39 12.30 1511 19605.00 747371126.00
31/08/2016 12.28 12.18 12.34 12.21 1928 43120.00 1649852875.00
01/09/2016 12.08 12.07 12.20 12.17 2107 32995.00 1273364873.00
02/09/2016 12.16 12.06 12.20 12.13 1717 28207.00 1092590388.00
05/09/2016 12.10 12.08 12.16 12.15 356 7700.00 298161971.00
06/09/2016 12.12 12.08 12.19 12.10 1460 24830.00 961473576.00
08/09/2016 12.11 12.06 12.19 12.18 1852 34900.00 1354920255.00
09/09/2016 12.23 12.22 12.40 12.38 2508 30590.00 1170026159.00
12/09/2016 12.44 12.28 12.45 12.29 2506 55476.00 2118870874.00
13/09/2016 12.35 12.29 12.70 12.57 3355 50285.00 1901613322.00
14/09/2016 12.54 12.48 12.70 12.59 2891 44037.00 1653626055.00
15/09/2016 12.55 12.39 12.65 12.42 2908 36314.00 1368737319.00
16/09/2016 12.41 12.35 12.49 12.37 1612 19681.00 748207030.00
19/09/2016 12.33 12.31 12.41 12.39 682 9356.00 357350933.00
20/09/2016 12.34 12.29 12.39 12.35 2061 35220.00 1349484487.00
21/09/2016 12.28 12.11 12.29 12.13 2976 48270.00 1868391679.00
22/09/2016 12.03 11.91 12.04 11.97 2570 38770.00 1526840532.00
23/09/2016 11.95 11.88 12.00 11.98 1380 19505.00 770942532.00
26/09/2016 11.99 11.98 12.05 11.99 1268 16360.00 642751233.00
27/09/2016 11.88 11.81 11.90 11.84 1452 18665.00 742535925.00
28/09/2016 11.84 11.72 11.86 11.77 2633 34750.00 1390227541.00
29/09/2016 11.76 11.65 11.95 11.82 5025 57230.00 2291285438.00
30/09/2016 11.79 11.64 11.84 11.70 1505 26400.00 1061692763.00
03/10/2016 11.67 11.56 11.69 11.60 2927 39605.00 1606604731.00
04/10/2016 11.60 11.55 11.75 11.71 3296 35175.00 1423414136.00
05/10/2016 11.71 11.52 11.75 11.54 4030 61630.00 2500719568.00
06/10/2016 11.54 11.53 11.61 11.59 1825 30965.00 1260988783.00
07/10/2016 11.52 11.46 11.57 11.52 2398 24965.00 1021954938.00
10/10/2016 11.53 11.41 11.56 11.44 1260 27630.00 1134334815.00
11/10/2016 11.43 11.43 11.53 11.52 1240 20305.00 833575023.00
13/10/2016 11.51 11.48 11.58 11.49 1320 16725.00 684372930.00
14/10/2016 11.40 11.39 11.50 11.48 2330 26645.00 1098438359.00
17/10/2016 11.48 11.42 11.49 11.42 1158 16032.00 660878211.00
18/10/2016 11.38 11.35 11.40 11.35 1237 17370.00 720059477.00
19/10/2016 11.33 11.19 11.35 11.21 4161 68804.00 2879898373.00
20/10/2016 11.30 11.14 11.30 11.15 4444 74840.00 3147531725.00
21/10/2016 11.11 11.11 11.30 11.26 2689 36675.00 1539365735.00
24/10/2016 11.24 11.14 11.30 11.15 1966 25506.00 1074236403.00
25/10/2016 11.20 11.09 11.29 11.27 2568 35965.00 1513960728.00
26/10/2016 11.28 11.24 11.36 11.35 2723 35365.00 1476650666.00
27/10/2016 11.38 11.30 11.49 11.43 1950 25540.00 1060601416.00
28/10/2016 11.40 11.35 11.53 11.46 2843 39995.00 1657305496.00
31/10/2016 11.43 11.40 11.49 11.45 1784 22858.00 945939568.00
01/11/2016 11.44 11.42 11.62 11.55 3402 37260.00 1530111059.00
03/11/2016 11.60 11.57 11.70 11.66 4158 52080.00 2127013330.00
04/11/2016 11.69 11.54 11.72 11.57 1939 27611.00 1129880276.00
07/11/2016 11.48 11.36 11.49 11.42 2225 28680.00 1191995965.00
08/11/2016 11.44 11.32 11.46 11.33 1085 18120.00 754354496.00
09/11/2016 11.58 11.49 11.66 11.62 5758 66477.00 2736057057.00
10/11/2016 11.61 11.60 12.23 12.10 12258 138850.00 5553426776.00
11/11/2016 12.19 12.07 12.70 12.18 10885 98565.00 3835721608.00
14/11/2016 12.22 12.22 12.60 12.46 6178 61155.00 2357186418.00
16/11/2016 12.40 12.13 12.49 12.16 4559 38315.00 1498410860.00
17/11/2016 12.08 12.05 12.31 12.28 4883 46590.00 1836583410.00
18/11/2016 12.38 12.20 12.41 12.33 3653 32415.00 1267962338.00
21/11/2016 12.23 12.04 12.25 12.04 3906 46545.00 1844683219.00
22/11/2016 11.95 11.93 12.10 12.00 2503 28610.00 1141920539.00
23/11/2016 11.96 11.94 12.17 12.04 2932 25060.00 998523374.00
24/11/2016 12.05 12.02 12.11 12.10 789 6066.00 241805895.00
25/11/2016 12.33 12.21 12.38 12.33 3693 28605.00 1123534130.00
28/11/2016 12.23 12.13 12.29 12.17 1594 13040.00 515194961.00
29/11/2016 12.19 12.08 12.19 12.08 1248 9528.00 378356196.00
30/11/2016 12.04 11.98 12.11 12.06 1456 19902.00 795631008.00
01/12/2016 12.08 11.99 12.54 12.50 5690 42748.00 1678522478.00
02/12/2016 12.55 12.46 12.80 12.64 6538 54930.00 2111123638.00
05/12/2016 12.56 12.28 12.56 12.31 2341 28175.00 1100741741.00
06/12/2016 12.39 12.26 12.53 12.41 3026 39305.00 1539380077.00
07/12/2016 12.29 12.13 12.29 12.15 2149 32630.00 1293247456.00
08/12/2016 12.09 11.98 12.21 11.98 3110 36555.00 1460672062.00
09/12/2016 12.07 11.92 12.15 12.12 2418 40425.00 1620800202.00
12/12/2016 12.20 12.15 12.31 12.20 3908 37345.00 1480226732.00
13/12/2016 12.15 12.06 12.26 12.26 2301 28385.00 1130428368.00
14/12/2016 12.25 12.19 12.36 12.36 2188 26810.00 1061431572.00
15/12/2016 12.41 12.28 12.49 12.30 3084 29830.00 1169590443.00
16/12/2016 12.23 12.18 12.30 12.25 1518 21550.00 855621799.00
19/12/2016 12.25 12.16 12.32 12.16 1058 15575.00 619385181.00
20/12/2016 12.18 12.01 12.20 12.04 3928 46495.00 1870903492.00
21/12/2016 11.96 11.80 11.98 11.86 2586 32330.00 1315188203.00
22/12/2016 11.83 11.72 11.90 11.73 1606 21147.00 868232734.00
23/12/2016 11.71 11.69 11.74 11.72 526 8134.00 335939097.00
26/12/2016 11.69 11.65 11.70 11.67 92 2157.00 89282909.00
27/12/2016 11.69 11.65 11.71 11.69 494 7375.00 305303275.00
28/12/2016 11.68 11.65 11.68 11.66 453 8495.00 352231287.00
29/12/2016 11.63 11.60 11.67 11.61 715 30205.00 1254937346.00
02/01/2017 11.59 11.44 11.59 11.44 732 14074.00 591357496.00
03/01/2017 11.48 11.45 11.54 11.50 1393 24090.00 1013242998.00
04/01/2017 11.45 11.44 11.64 11.63 1943 21535.00 900847967.00
05/01/2017 11.59 11.50 11.62 11.56 2434 42648.00 1786814972.00
06/01/2017 11.60 11.48 11.60 11.53 1614 20775.00 872275617.00
09/01/2017 11.56 11.48 11.56 11.48 926 13167.00 553475215.00
10/01/2017 11.51 11.40 11.51 11.41 1850 22035.00 932370960.00
11/01/2017 11.41 11.39 11.58 11.46 3339 38935.00 1640885073.00
12/01/2017 11.20 11.15 11.23 11.19 3134 54755.00 2361367847.00
13/01/2017 11.18 11.09 11.22 11.21 2966 33070.00 1429614945.00
16/01/2017 11.24 11.13 11.24 11.15 712 12345.00 533233784.00
17/01/2017 11.10 11.04 11.16 11.15 1863 26060.00 1132476264.00
18/01/2017 11.16 11.12 11.21 11.20 1279 15783.00 682565903.00
19/01/2017 11.16 11.05 11.18 11.08 2661 36665.00 1590777475.00
20/01/2017 11.08 10.99 11.09 11.03 2144 24835.00 1084773822.00
23/01/2017 10.99 10.97 11.03 10.98 1370 18950.00 830317955.00
24/01/2017 10.97 10.91 11.01 10.97 1855 22550.00 990603643.00
26/01/2017 10.98 10.97 11.14 11.09 2860 30127.00 1316044551.00
27/01/2017 11.06 10.93 11.07 10.96 3133 35840.00 1573852570.00
30/01/2017 11.00 10.98 11.07 11.03 1885 22005.00 964380424.00
31/01/2017 11.03 10.98 11.10 11.06 2997 40095.00 1753516972.00
01/02/2017 11.06 11.01 11.11 11.02 1820 27445.00 1201100617.00
02/02/2017 10.96 10.88 10.99 10.91 3134 44097.00 1950230330.00
03/02/2017 10.89 10.76 10.91 10.78 1775 28230.00 1257256723.00
06/02/2017 10.73 10.70 10.77 10.75 1496 20710.00 928481191.00
07/02/2017 10.78 10.64 10.79 10.64 1765 27210.00 1220405754.00
08/02/2017 10.66 10.55 10.66 10.57 2377 47800.00 2167037355.00
09/02/2017 10.59 10.51 10.61 10.55 2879 43034.00 1956029148.00
10/02/2017 10.56 10.49 10.59 10.51 2110 30127.00 1372337708.00
13/02/2017 10.46 10.45 10.54 10.49 1283 14880.00 679773066.00
14/02/2017 10.48 10.47 10.67 10.49 2578 32890.00 1495041690.00
15/02/2017 10.49 10.47 10.58 10.50 1817 25460.00 1162313806.00
16/02/2017 10.50 10.48 10.65 10.59 2781 35910.00 1636955807.00
17/02/2017 10.62 10.51 10.64 10.55 2856 34250.00 1559561967.00
20/02/2017 10.54 10.50 10.56 10.54 333 3205.00 146341926.00
21/02/2017 10.54 10.42 10.55 10.44 2071 24650.00 1130606805.00
22/02/2017 10.43 10.39 10.50 10.41 1479 20656.00 949684888.00
23/02/2017 10.33 10.26 10.36 10.29 2026 54490.00 2531262490.00
24/02/2017 10.34 10.31 10.42 10.34 2412 49297.00 2282868601.00
01/03/2017 10.41 10.29 10.42 10.29 1214 18045.00 835335109.00
02/03/2017 10.27 10.27 10.48 10.47 2519 35965.00 1665323127.00
03/03/2017 10.43 10.32 10.49 10.34 3381 47665.00 2205646962.00
06/03/2017 10.32 10.27 10.34 10.32 1895 24800.00 1153780495.00
07/03/2017 10.31 10.30 10.40 10.35 2195 38935.00 1808319618.00
08/03/2017 10.38 10.35 10.50 10.50 2432 32320.00 1491380830.00
09/03/2017 10.53 10.45 10.58 10.55 3001 43345.00 1989238359.00
10/03/2017 10.47 10.32 10.47 10.35 3752 46390.00 2151132406.00
13/03/2017 10.30 10.28 10.34 10.32 1787 28410.00 1323762139.00
14/03/2017 10.34 10.32 10.49 10.49 3098 34885.00 1614524380.00
15/03/2017 10.44 10.29 10.54 10.37 3483 49755.00 2305068873.00
16/03/2017 10.35 10.30 10.39 10.36 2453 32080.00 1493491369.00
17/03/2017 10.37 10.26 10.42 10.36 3203 42105.00 1962269756.00
20/03/2017 10.35 10.32 10.39 10.36 1007 14280.00 665186948.00
21/03/2017 10.37 10.28 10.37 10.30 2383 34625.00 1616811103.00
22/03/2017 10.38 10.34 10.43 10.38 1960 23105.00 1075264043.00
23/03/2017 10.43 10.35 10.50 10.38 3627 49390.00 2289419373.00
24/03/2017 10.37 10.20 10.40 10.23 3891 58985.00 2763063813.00
27/03/2017 10.25 10.17 10.28 10.20 2656 34895.00 1644250025.00
28/03/2017 10.21 10.20 10.30 10.27 2446 35095.00 1650149679.00
29/03/2017 10.24 10.19 10.29 10.22 3144 37745.00 1777656555.00
30/03/2017 10.22 10.15 10.25 10.23 3267 41990.00 1982059129.00
31/03/2017 10.23 10.15 10.24 10.23 2189 29425.00 1389865874.00
03/04/2017 10.22 10.15 10.23 10.15 1283 13850.00 654658089.00
04/04/2017 10.17 10.09 10.21 10.11 1993 28505.00 1353963625.00
05/04/2017 10.08 10.05 10.24 10.20 1613 22225.00 1058324444.00
06/04/2017 10.25 10.18 10.36 10.30 3953 69405.00 3267315345.00
07/04/2017 10.29 10.16 10.32 10.25 2975 48835.00 2303176216.00
10/04/2017 10.21 10.13 10.21 10.14 1232 21115.00 1002470552.00
11/04/2017 10.12 10.10 10.23 10.20 1892 26690.00 1266327900.00
12/04/2017 10.23 10.18 10.26 10.19 1806 30785.00 1456142814.00
13/04/2017 10.22 10.21 10.36 10.32 2930 47235.00 2225487903.00
17/04/2017 10.26 10.25 10.33 10.27 1936 23175.00 1092221921.00
18/04/2017 10.20 10.20 10.28 10.27 2116 29915.00 1414067970.00
19/04/2017 10.22 10.22 10.38 10.38 2172 39972.00 1881848634.00
20/04/2017 10.33 10.28 10.44 10.34 2055 31310.00 1470247934.00
24/04/2017 10.28 10.25 10.32 10.32 2514 29845.00 1409528363.00
25/04/2017 10.40 10.39 10.56 10.49 4927 67685.00 3154086414.00
26/04/2017 10.52 10.52 10.63 10.55 4023 58868.00 2727795811.00
27/04/2017 10.47 10.46 10.60 10.58 2602 34725.00 1613811586.00
28/04/2017 10.58 10.47 10.61 10.47 3571 47120.00 2190550812.00
02/05/2017 10.45 10.36 10.53 10.39 1865 23510.00 1101605353.00
03/05/2017 10.38 10.30 10.45 10.44 2841 45200.00 2127209375.00
04/05/2017 10.45 10.41 10.51 10.45 2203 29655.00 1387244411.00
05/05/2017 10.46 10.37 10.48 10.41 1665 24610.00 1155864339.00
08/05/2017 10.41 10.36 10.46 10.38 1521 19770.00 929591622.00
09/05/2017 10.35 10.31 10.39 10.32 1683 26635.00 1257337131.00
10/05/2017 10.28 10.26 10.34 10.32 2975 35459.00 1680501757.00
11/05/2017 10.25 10.22 10.30 10.24 1865 31855.00 1514143445.00
12/05/2017 10.20 10.18 10.26 10.19 3025 37350.00 1781703955.00
15/05/2017 10.17 10.16 10.24 10.16 2664 40930.00 1956236485.00
16/05/2017 10.17 9.99 10.17 10.03 3094 54905.00 2648460818.00
17/05/2017 10.03 10.00 10.16 10.15 3396 46655.00 2246516282.00
18/05/2017 11.46 11.46 11.91 11.91 114 12669.00 545765156.00
19/05/2017 11.91 11.56 12.34 11.76 14578 129447.00 5523916973.00
22/05/2017 11.82 11.79 12.45 12.07 8588 82755.00 3486933096.00
23/05/2017 12.14 11.53 12.25 11.57 5194 56010.00 2391788131.00
24/05/2017 11.59 11.08 11.59 11.29 7606 77520.00 3447511681.00
25/05/2017 11.27 11.14 11.33 11.19 4296 41555.00 1858089722.00
26/05/2017 11.12 10.99 11.17 11.14 3904 41965.00 1895895648.00
29/05/2017 11.21 10.98 11.31 11.00 1341 13780.00 620407012.00
30/05/2017 10.97 10.95 11.16 11.06 3229 30640.00 1383813600.00
31/05/2017 11.03 10.94 11.06 10.96 4210 63270.00 2876891995.00
01/06/2017 10.96 10.91 11.09 11.07 3887 40455.00 1839679593.00
02/06/2017 11.09 10.97 11.15 11.13 3890 40110.00 1818098280.00
05/06/2017 11.15 11.12 11.23 11.17 2155 29030.00 1302918750.00
06/06/2017 11.14 11.04 11.16 11.07 2399 33570.00 1514789344.00
07/06/2017 11.03 11.01 11.17 11.09 2496 22545.00 1019627974.00
08/06/2017 11.15 11.11 11.23 11.15 2703 26730.00 1202705811.00
09/06/2017 11.09 10.98 11.16 11.12 4264 47760.00 2166522663.00
12/06/2017 11.10 10.93 11.10 10.96 3555 39645.00 1809534313.00
13/06/2017 10.93 10.88 11.02 11.01 3577 41640.00 1905222511.00
14/06/2017 10.98 10.81 11.02 10.86 2960 37270.00 1712714315.00
16/06/2017 10.84 10.69 10.85 10.69 2723 36410.00 1687147894.00
