01/06/2016 12.84 12.71 12.89 12.75 9082 209069.00 17290995541.00
02/06/2016 12.73 12.66 12.75 12.66 8137 265895.00 22027557768.00
03/06/2016 12.65 12.53 12.68 12.54 9829 340080.00 28225442272.00
06/06/2016 12.54 12.49 12.59 12.51 5410 158875.00 13202833312.00
07/06/2016 12.54 12.52 12.62 12.58 8024 177910.00 14783994680.00
08/06/2016 12.50 12.44 12.58 12.46 7269 187779.00 15624997436.00
09/06/2016 12.55 12.52 12.59 12.59 8124 232540.00 19346690224.00
10/06/2016 12.62 12.58 12.69 12.68 5919 191965.00 15960815104.00
13/06/2016 12.70 12.60 12.74 12.64 5820 190792.00 15863640325.00
14/06/2016 12.68 12.56 12.74 12.72 7100 172205.00 14328311874.00
15/06/2016 12.68 12.66 12.78 12.74 10452 197025.00 16387076746.00
16/06/2016 12.75 12.69 12.82 12.77 7904 202385.00 16827057857.00
17/06/2016 12.75 12.73 12.83 12.82 5714 200100.00 16644453034.00
20/06/2016 12.75 12.73 12.80 12.80 3691 104320.00 8682406149.00
21/06/2016 12.72 12.64 12.75 12.67 6150 151500.00 12631548702.00
22/06/2016 12.66 12.62 12.72 12.72 4047 123780.00 10325192752.00
23/06/2016 12.67 12.63 12.70 12.65 4488 173095.00 14446900040.00
24/06/2016 12.78 12.61 12.79 12.63 11137 288480.00 24081057329.00
27/06/2016 12.63 12.47 12.63 12.54 10719 245835.00 20575645643.00
28/06/2016 12.70 12.64 12.80 12.69 14173 457410.00 38215436493.00
29/06/2016 12.67 12.67 12.84 12.84 7576 350490.00 29275183709.00
30/06/2016 12.88 12.84 12.96 12.92 16526 494950.00 41283722867.00
01/07/2016 12.76 12.71 12.78 12.71 8280 253650.00 21209449529.00
04/07/2016 12.71 12.63 12.72 12.69 2030 82375.00 6897914973.00
05/07/2016 12.72 12.71 12.77 12.77 2601 89905.00 7525100516.00
06/07/2016 12.78 12.77 12.85 12.78 5072 151788.00 12698649653.00
07/07/2016 12.79 12.74 12.84 12.79 6121 196970.00 16491762492.00
08/07/2016 12.75 12.68 12.75 12.69 5165 161029.00 13504029040.00
11/07/2016 12.68 12.67 12.73 12.71 2853 66215.00 5555777206.00
12/07/2016 12.66 12.64 12.72 12.70 4154 169820.00 14259224781.00
13/07/2016 12.69 12.64 12.72 12.64 2544 108392.00 9106247007.00
14/07/2016 12.63 12.59 12.68 12.67 4382 91057.00 7656937299.00
15/07/2016 12.66 12.65 12.73 12.70 3203 79480.00 6681181878.00
18/07/2016 12.69 12.64 12.69 12.69 1982 64630.00 5437979858.00
19/07/2016 12.69 12.66 12.71 12.67 1541 60365.00 5080550537.00
20/07/2016 12.65 12.58 12.66 12.65 3558 132315.00 11149273136.00
21/07/2016 12.73 12.72 12.80 12.77 6624 268469.00 22594539587.00
22/07/2016 12.77 12.77 12.87 12.82 4722 133182.00 11203770290.00
25/07/2016 12.82 12.82 12.87 12.83 2334 77725.00 6540788345.00
26/07/2016 12.89 12.84 12.89 12.87 3595 139740.00 11760662451.00
27/07/2016 12.87 12.84 12.91 12.86 2692 198815.00 16737861261.00
28/07/2016 12.87 12.85 12.92 12.90 3345 87120.00 7337566568.00
29/07/2016 12.89 12.80 12.90 12.83 2960 100720.00 8490097518.00
01/08/2016 12.79 12.78 12.83 12.81 4044 117155.00 9885287860.00
02/08/2016 12.80 12.80 12.88 12.83 3346 113100.00 9545127018.00
03/08/2016 12.85 12.82 12.89 12.83 3138 107320.00 9058514156.00
04/08/2016 12.82 12.77 12.82 12.78 2999 95945.00 8109945665.00
05/08/2016 12.78 12.70 12.78 12.71 2638 92296.00 7810424826.00
08/08/2016 12.73 12.72 12.76 12.73 2321 74655.00 6320023292.00
09/08/2016 12.71 12.65 12.74 12.66 3341 130334.00 11047246836.00
10/08/2016 12.67 12.65 12.72 12.68 2988 173930.00 14749130948.00
11/08/2016 12.70 12.64 12.73 12.64 2365 140380.00 11910986506.00
12/08/2016 12.66 12.61 12.69 12.66 2189 88325.00 7500968552.00
15/08/2016 12.65 12.63 12.70 12.66 1118 47820.00 4062023316.00
16/08/2016 12.64 12.64 12.73 12.72 2563 109235.00 9279134189.00
17/08/2016 12.73 12.70 12.74 12.70 2339 76860.00 6530393205.00
18/08/2016 12.71 12.71 12.76 12.75 2007 68720.00 5840113639.00
19/08/2016 12.74 12.68 12.75 12.69 1728 74317.00 6320969123.00
22/08/2016 12.71 12.69 12.73 12.70 1107 43245.00 3679787439.00
23/08/2016 12.68 12.67 12.71 12.71 1969 48400.00 4121449714.00
24/08/2016 12.69 12.68 12.74 12.74 2068 88505.00 7536446798.00
25/08/2016 12.73 12.72 12.77 12.73 2024 94275.00 8030584789.00
26/08/2016 12.73 12.68 12.79 12.77 5484 164170.00 13991807469.00
29/08/2016 12.77 12.77 12.84 12.78 2915 115850.00 9869525518.00
30/08/2016 12.79 12.75 12.86 12.75 4341 151740.00 12932739888.00
31/08/2016 12.77 12.73 12.81 12.78 4437 192945.00 16461694945.00
01/09/2016 12.58 12.58 12.64 12.60 6586 349365.00 29876772277.00
02/09/2016 12.61 12.52 12.62 12.54 6768 237400.00 20324264169.00
05/09/2016 12.54 12.52 12.55 12.54 1803 71645.00 6137760241.00
06/09/2016 12.52 12.48 12.57 12.48 4036 186730.00 16007806551.00
08/09/2016 12.50 12.46 12.50 12.47 5346 178498.00 15317351334.00
09/09/2016 12.46 12.46 12.61 12.59 4219 143570.00 12313474100.00
12/09/2016 12.61 12.53 12.63 12.53 3736 177127.00 15195270734.00
13/09/2016 12.56 12.53 12.70 12.69 8939 248330.00 21299626335.00
14/09/2016 12.67 12.61 12.72 12.65 6153 153993.00 13211807133.00
15/09/2016 12.64 12.59 12.70 12.62 5162 167809.00 14405672409.00
16/09/2016 12.59 12.53 12.62 12.54 3967 123155.00 10585823514.00
19/09/2016 12.53 12.51 12.55 12.54 1973 92965.00 7998976380.00
20/09/2016 12.52 12.44 12.52 12.47 4060 540525.00 46558521604.00
21/09/2016 12.42 12.34 12.43 12.35 5195 227745.00 19645234579.00
22/09/2016 12.28 12.21 12.29 12.27 4662 186630.00 16131359299.00
23/09/2016 12.22 12.19 12.25 12.23 3788 200012.00 17303098589.00
26/09/2016 12.20 12.20 12.29 12.22 3402 141260.00 12220799342.00
27/09/2016 12.15 12.14 12.18 12.15 4361 210340.00 18223618416.00
28/09/2016 12.16 12.12 12.19 12.18 4919 175575.00 15219598025.00
29/09/2016 12.18 12.16 12.26 12.23 7097 257739.00 22339885857.00
30/09/2016 12.22 12.17 12.22 12.20 2469 119179.00 10335907320.00
03/10/2016 12.20 12.08 12.21 12.12 3338 134940.00 11715034680.00
04/10/2016 12.12 12.09 12.18 12.16 4431 192253.00 16697912194.00
05/10/2016 12.17 12.07 12.17 12.08 2954 150205.00 13055556845.00
06/10/2016 12.11 12.00 12.11 12.01 4076 207303.00 18042637535.00
07/10/2016 11.98 11.92 12.00 11.96 5091 257755.00 22462545780.00
10/10/2016 11.96 11.96 12.02 12.00 3047 123720.00 10781968379.00
11/10/2016 11.98 11.98 12.05 12.00 3620 158055.00 13777607375.00
13/10/2016 12.00 11.96 12.03 11.96 3293 159655.00 13925604359.00
14/10/2016 11.91 11.88 11.99 11.97 7805 204475.00 17857559558.00
17/10/2016 11.95 11.95 12.01 11.97 3021 110615.00 9658280409.00
18/10/2016 11.93 11.93 12.00 11.99 3407 125570.00 10969439028.00
19/10/2016 11.96 11.90 11.97 11.90 4981 269370.00 23552937603.00
20/10/2016 12.16 12.09 12.18 12.11 9286 408490.00 35663599651.00
21/10/2016 12.10 12.07 12.20 12.18 4743 342200.00 29879468341.00
24/10/2016 12.17 12.13 12.20 12.16 4018 144775.00 12645274200.00
25/10/2016 12.23 12.21 12.26 12.26 4095 209535.00 18297060793.00
26/10/2016 12.25 12.22 12.28 12.28 3679 153115.00 13372813841.00
27/10/2016 12.28 12.20 12.28 12.24 5013 225370.00 19694384508.00
28/10/2016 12.23 12.17 12.26 12.23 5793 236645.00 20696781387.00
31/10/2016 12.20 12.18 12.22 12.20 1519 83540.00 7310524544.00
01/11/2016 12.20 12.19 12.25 12.23 3694 172255.00 15076915636.00
03/11/2016 12.24 12.20 12.24 12.22 4365 145065.00 12704790364.00
04/11/2016 12.23 12.19 12.24 12.21 1583 131595.00 11530435536.00
07/11/2016 12.17 12.14 12.20 12.15 2185 96195.00 8437025548.00
08/11/2016 12.15 12.10 12.16 12.10 1764 125990.00 11060097010.00
09/11/2016 12.15 12.13 12.19 12.17 4843 242490.00 21288785288.00
10/11/2016 12.16 12.15 12.33 12.28 21373 697065.00 61166049869.00
11/11/2016 12.28 12.28 12.44 12.36 16712 487625.00 42757368898.00
14/11/2016 12.39 12.39 12.65 12.50 10166 276385.00 24207058777.00
16/11/2016 12.46 12.38 12.54 12.41 6885 221615.00 19433883599.00
17/11/2016 12.40 12.34 12.44 12.44 5275 195855.00 17190999182.00
18/11/2016 12.49 12.38 12.49 12.38 5583 203150.00 17839391799.00
21/11/2016 12.37 12.18 12.37 12.19 5874 231680.00 20386061915.00
22/11/2016 12.17 12.12 12.17 12.13 5042 245675.00 21649142453.00
23/11/2016 12.10 12.08 12.20 12.14 7029 302925.00 26705546565.00
24/11/2016 12.16 12.12 12.17 12.13 1614 58205.00 5134056313.00
25/11/2016 12.18 12.16 12.26 12.17 5757 263525.00 23243648051.00
28/11/2016 12.08 12.08 12.13 12.13 2668 142695.00 12600270479.00
29/11/2016 12.12 12.06 12.13 12.06 3493 338665.00 29926952248.00
30/11/2016 12.07 12.04 12.10 12.08 4112 244360.00 21607876651.00
01/12/2016 12.08 12.08 12.30 12.30 9799 500536.00 44237152647.00
02/12/2016 12.27 12.21 12.45 12.26 12110 366285.00 32345001036.00
05/12/2016 12.22 12.01 12.22 12.01 8595 270060.00 23911183893.00
06/12/2016 12.01 11.93 12.05 11.98 7996 332255.00 29459646469.00
07/12/2016 11.94 11.85 11.94 11.88 8061 345853.00 30701541146.00
08/12/2016 11.87 11.85 11.94 11.89 4508 194917.00 17310066510.00
09/12/2016 11.82 11.82 11.88 11.87 4373 183469.00 16308154281.00
12/12/2016 11.89 11.78 11.90 11.82 5299 187468.00 16676516460.00
13/12/2016 11.80 11.79 11.86 11.86 3016 384620.00 34225945907.00
14/12/2016 11.83 11.77 11.85 11.83 4903 222655.00 19828672835.00
15/12/2016 11.85 11.74 11.86 11.75 5713 217230.00 19351804887.00
16/12/2016 11.74 11.69 11.75 11.70 2767 114375.00 10201275927.00
19/12/2016 11.71 11.64 11.72 11.66 3067 128950.00 11511248008.00
20/12/2016 11.66 11.65 11.72 11.67 3330 193775.00 17304128212.00
21/12/2016 11.66 11.55 11.67 11.62 3524 183990.00 16451592346.00
22/12/2016 11.60 11.57 11.64 11.60 2981 103875.00 9291040324.00
23/12/2016 11.58 11.58 11.61 11.59 576 24800.00 2219470485.00
26/12/2016 11.59 11.55 11.60 11.58 262 15745.00 1409966215.00
27/12/2016 11.58 11.54 11.60 11.56 955 57735.00 5172318190.00
28/12/2016 11.59 11.52 11.59 11.55 993 47835.00 4288597590.00
29/12/2016 11.52 11.52 11.55 11.52 805 68760.00 6167536532.00
02/01/2017 11.51 11.44 11.51 11.44 1999 155945.00 14009385982.00
03/01/2017 11.45 11.45 11.48 11.46 2035 76050.00 6834677300.00
04/01/2017 11.46 11.45 11.50 11.50 3433 151775.00 13643951390.00
05/01/2017 11.47 11.36 11.47 11.37 5722 355770.00 32018595774.00
06/01/2017 11.38 11.33 11.39 11.38 4003 168455.00 15172385817.00
09/01/2017 11.36 11.34 11.37 11.36 2418 94470.00 8512309330.00
10/01/2017 11.38 11.33 11.39 11.34 3296 161300.00 14540895375.00
11/01/2017 11.32 11.31 11.36 11.34 3114 255285.00 23026414238.00
12/01/2017 10.92 10.92 11.02 11.01 6939 356470.00 32267994735.00
13/01/2017 11.01 11.00 11.07 11.06 4618 214246.00 19391218831.00
16/01/2017 11.05 11.01 11.06 11.04 2434 77930.00 7056714178.00
17/01/2017 10.97 10.96 11.06 11.06 2359 136365.00 12354011155.00
18/01/2017 11.04 11.02 11.06 11.05 3575 181445.00 16443946740.00
19/01/2017 11.03 10.97 11.03 10.98 2749 158206.00 14349454804.00
20/01/2017 10.98 10.93 10.98 10.94 2899 79535.00 7219632878.00
23/01/2017 10.93 10.91 10.95 10.94 2702 115995.00 10534419782.00
24/01/2017 10.91 10.90 10.95 10.95 2322 88930.00 8079432498.00
26/01/2017 10.95 10.95 10.98 10.98 3602 106710.00 9700446556.00
27/01/2017 10.96 10.93 10.96 10.94 2293 117180.00 10658570081.00
30/01/2017 10.96 10.94 10.97 10.96 1753 63005.00 5732627684.00
31/01/2017 10.95 10.89 10.95 10.90 3463 120205.00 10945042424.00
01/02/2017 10.88 10.88 10.91 10.89 3857 165470.00 15074768242.00
02/02/2017 10.89 10.86 10.89 10.87 1232 68945.00 6284914693.00
03/02/2017 10.86 10.81 10.87 10.83 3541 138790.00 12661917764.00
06/02/2017 10.83 10.82 10.83 10.82 1533 89340.00 8154296367.00
07/02/2017 10.84 10.77 10.84 10.77 3028 139987.00 12782967208.00
08/02/2017 10.77 10.71 10.78 10.74 2520 167290.00 15291425205.00
09/02/2017 10.75 10.69 10.76 10.72 3744 147958.00 13532217590.00
10/02/2017 10.70 10.65 10.70 10.67 2566 147185.00 13471962495.00
13/02/2017 10.65 10.65 10.67 10.65 961 60000.00 5494506257.00
14/02/2017 10.66 10.63 10.69 10.65 3468 217010.00 19880807164.00
15/02/2017 10.64 10.60 10.65 10.63 2002 119635.00 10967100400.00
16/02/2017 10.63 10.59 10.67 10.65 4798 183681.00 16844848364.00
17/02/2017 10.65 10.57 10.65 10.57 2559 199283.00 18287622713.00
20/02/2017 10.57 10.53 10.57 10.53 1206 94115.00 8643942438.00
21/02/2017 10.53 10.46 10.53 10.49 2773 139045.00 12779864543.00
22/02/2017 10.51 10.44 10.53 10.45 3444 220040.00 20232698859.00
23/02/2017 10.37 10.32 10.39 10.34 4119 413275.00 38054011596.00
24/02/2017 10.35 10.33 10.36 10.35 5122 229290.00 21124033516.00
01/03/2017 10.30 10.27 10.36 10.28 1832 67380.00 6211313286.00
02/03/2017 10.28 10.27 10.33 10.33 2522 172370.00 15897609132.00
03/03/2017 10.31 10.23 10.31 10.24 3427 321946.00 29713988153.00
06/03/2017 10.24 10.20 10.24 10.21 2914 193155.00 17839626187.00
07/03/2017 10.23 10.20 10.25 10.23 4055 164471.00 15194734686.00
08/03/2017 10.24 10.23 10.26 10.25 3646 189665.00 17526632303.00
09/03/2017 10.26 10.24 10.27 10.26 2361 171110.00 15817798388.00
10/03/2017 10.19 10.06 10.22 10.08 5195 276105.00 25558364261.00
13/03/2017 10.06 10.01 10.07 10.03 1926 148580.00 13766857623.00
14/03/2017 10.04 10.00 10.07 10.05 4201 232250.00 21527734645.00
15/03/2017 10.04 9.97 10.07 10.00 5494 267925.00 24845998643.00
16/03/2017 10.00 9.99 10.02 10.01 1814 199043.00 18467820159.00
17/03/2017 10.01 10.00 10.03 10.01 1446 127325.00 11817272821.00
20/03/2017 10.02 10.00 10.03 10.00 1392 127685.00 11855695346.00
21/03/2017 10.01 9.95 10.01 9.96 2070 130035.00 12082245128.00
22/03/2017 10.00 9.96 10.00 9.96 2144 109670.00 10193013627.00
23/03/2017 9.97 9.97 10.01 9.99 3094 176980.00 16453418104.00
24/03/2017 9.98 9.88 9.99 9.88 3208 254455.00 23675095763.00
27/03/2017 9.90 9.83 9.90 9.85 2599 132959.00 12382154638.00
28/03/2017 9.85 9.83 9.87 9.86 2267 221460.00 20631766318.00
29/03/2017 9.83 9.80 9.85 9.81 3347 267855.00 24966940126.00
30/03/2017 9.82 9.82 9.90 9.90 6375 392072.00 36548331908.00
31/03/2017 9.90 9.87 9.90 9.89 2300 210690.00 19646350627.00
03/04/2017 9.89 9.82 9.89 9.82 2575 150735.00 14064618599.00
04/04/2017 9.83 9.80 9.83 9.80 1923 197985.00 18484947583.00
05/04/2017 9.77 9.76 9.80 9.79 2155 226790.00 21186487713.00
06/04/2017 9.79 9.77 9.81 9.80 3128 310415.00 29005261173.00
07/04/2017 9.78 9.75 9.81 9.76 2653 198265.00 18535540797.00
10/04/2017 9.71 9.66 9.73 9.67 3372 167140.00 15639478660.00
11/04/2017 9.66 9.61 9.66 9.63 3874 310927.00 29117078124.00
12/04/2017 9.62 9.62 9.65 9.63 2242 199275.00 18667393469.00
13/04/2017 9.64 9.64 9.68 9.65 4633 423395.00 39671091189.00
17/04/2017 9.60 9.60 9.65 9.64 2615 114735.00 10755790736.00
18/04/2017 9.54 9.52 9.55 9.54 4824 355255.00 33336048025.00
19/04/2017 9.53 9.52 9.57 9.56 2043 140675.00 13204426812.00
20/04/2017 9.57 9.52 9.59 9.54 5182 393790.00 36974075401.00
24/04/2017 9.51 9.48 9.52 9.50 2667 242600.00 22794811877.00
25/04/2017 9.53 9.51 9.56 9.52 3434 303610.00 28532043256.00
26/04/2017 9.54 9.50 9.56 9.52 3064 265740.00 24982547941.00
27/04/2017 9.50 9.49 9.52 9.52 2551 132915.00 12501574429.00
28/04/2017 9.50 9.48 9.51 9.49 2897 159744.00 15032190544.00
02/05/2017 9.52 9.44 9.52 9.45 2320 179270.00 16878302508.00
03/05/2017 9.42 9.38 9.43 9.42 3143 254292.00 23959293158.00
04/05/2017 9.42 9.42 9.45 9.44 2119 295445.00 27839995364.00
05/05/2017 9.44 9.40 9.44 9.41 3341 153647.00 14485579192.00
08/05/2017 9.40 9.40 9.42 9.40 2315 165765.00 15634440228.00
09/05/2017 9.39 9.33 9.40 9.33 2151 179810.00 16970446421.00
10/05/2017 9.30 9.28 9.31 9.29 1544 204810.00 19343876715.00
11/05/2017 9.26 9.17 9.26 9.19 1864 273875.00 25890524439.00
12/05/2017 9.18 9.11 9.18 9.12 2013 191745.00 18138688594.00
15/05/2017 9.12 9.00 9.13 9.01 4673 358195.00 33912184429.00
16/05/2017 9.03 8.95 9.03 8.97 16129 331360.00 31397579893.00
17/05/2017 8.97 8.93 9.01 9.00 3899 327430.00 31037855974.00
18/05/2017 9.83 9.83 10.08 10.08 577 299764.00 28252522083.00
19/05/2017 10.00 9.62 10.20 9.70 15755 668020.00 63061435131.00
22/05/2017 9.77 9.70 9.95 9.73 7939 376925.00 35607296462.00
23/05/2017 9.71 9.59 9.78 9.61 5829 281530.00 26621074075.00
24/05/2017 9.63 9.52 9.63 9.59 3752 252725.00 23918753463.00
25/05/2017 9.59 9.50 9.59 9.50 2634 187905.00 17791543220.00
26/05/2017 9.49 9.32 9.49 9.34 4219 275662.00 26136727271.00
29/05/2017 9.34 9.26 9.37 9.27 1169 71730.00 6805478500.00
30/05/2017 9.33 9.25 9.34 9.33 3884 229340.00 21767424690.00
31/05/2017 9.30 9.25 9.32 9.25 3359 281210.00 26701673946.00
01/06/2017 9.35 9.31 9.39 9.39 4911 492125.00 46728306944.00
02/06/2017 9.39 9.35 9.43 9.42 2641 176000.00 16713991180.00
05/06/2017 9.41 9.40 9.45 9.41 3321 254045.00 24130333512.00
06/06/2017 9.36 9.29 9.36 9.30 1848 238750.00 22697242157.00
07/06/2017 9.29 9.27 9.33 9.32 2576 240830.00 22905781372.00
08/06/2017 9.31 9.31 9.34 9.32 1383 126675.00 12051440172.00
09/06/2017 9.28 9.15 9.28 9.20 5699 338500.00 32235425866.00
12/06/2017 9.16 9.13 9.17 9.16 2754 156285.00 14892208883.00
13/06/2017 9.14 9.13 9.21 9.20 2581 236535.00 22542595883.00
14/06/2017 9.18 9.15 9.20 9.19 2743 178510.00 17019641690.00
16/06/2017 9.15 9.09 9.15 9.11 2176 249545.00 23807988996.00
