01/06/2016 12.75 12.64 12.84 12.66 9010 124830.00 9173459599.00
02/06/2016 12.62 12.53 12.68 12.57 8450 147290.00 10863539396.00
03/06/2016 12.57 12.34 12.57 12.37 9800 187905.00 13912516823.00
06/06/2016 12.36 12.29 12.40 12.29 6916 101725.00 7550357597.00
07/06/2016 12.37 12.29 12.46 12.38 10733 182595.00 13551764085.00
08/06/2016 12.29 12.22 12.33 12.24 10493 161175.00 11998138560.00
09/06/2016 12.34 12.25 12.36 12.34 7557 136380.00 10147835760.00
10/06/2016 12.42 12.36 12.51 12.50 8697 147630.00 10955607943.00
13/06/2016 12.50 12.41 12.60 12.48 7748 130585.00 9681347026.00
14/06/2016 12.51 12.36 12.57 12.55 7664 128445.00 9536509552.00
15/06/2016 12.50 12.47 12.67 12.60 12221 163835.00 12143701260.00
16/06/2016 12.61 12.56 12.70 12.59 8051 147685.00 10936344514.00
17/06/2016 12.55 12.52 12.59 12.55 6809 140165.00 10401025410.00
20/06/2016 12.45 12.45 12.55 12.54 6563 88685.00 6591340506.00
21/06/2016 12.46 12.37 12.48 12.38 7610 133810.00 9970697985.00
22/06/2016 12.36 12.35 12.50 12.49 6627 142470.00 10619088034.00
23/06/2016 12.41 12.37 12.46 12.38 5993 130025.00 9696090452.00
24/06/2016 12.62 12.36 12.62 12.38 12248 219590.00 16361653884.00
27/06/2016 12.37 12.16 12.37 12.19 10952 190965.00 14309913233.00
28/06/2016 12.35 12.21 12.40 12.22 17102 307135.00 23001324197.00
29/06/2016 12.18 12.18 12.43 12.43 10110 260531.00 19506479130.00
30/06/2016 12.45 12.33 12.48 12.41 14543 276625.00 20678062352.00
01/07/2016 12.27 12.23 12.34 12.27 11029 209880.00 15738016818.00
04/07/2016 12.25 12.20 12.29 12.23 2491 48650.00 3654040997.00
05/07/2016 12.30 12.27 12.36 12.36 3819 92475.00 6937497832.00
06/07/2016 12.38 12.36 12.47 12.41 5362 90110.00 6746901280.00
07/07/2016 12.41 12.31 12.44 12.39 7359 143500.00 10760903033.00
08/07/2016 12.29 12.18 12.30 12.20 8931 185825.00 13987681155.00
11/07/2016 12.15 12.14 12.24 12.21 5110 106105.00 7995022709.00
12/07/2016 12.16 12.12 12.26 12.24 6387 153170.00 11548117193.00
13/07/2016 12.25 12.15 12.26 12.16 4455 113975.00 8596805034.00
14/07/2016 12.10 12.10 12.19 12.17 5847 154260.00 11652023974.00
15/07/2016 12.16 12.16 12.26 12.24 5300 131200.00 9900158299.00
18/07/2016 12.16 12.16 12.22 12.19 2695 56650.00 4279327441.00
19/07/2016 12.19 12.18 12.24 12.18 3349 67580.00 5105009139.00
20/07/2016 12.17 12.10 12.17 12.14 4018 104565.00 7914534075.00
21/07/2016 12.18 12.16 12.30 12.27 7814 176750.00 13354375580.00
22/07/2016 12.29 12.27 12.37 12.30 5435 120895.00 9120367792.00
25/07/2016 12.31 12.31 12.39 12.34 3572 66565.00 5021310789.00
26/07/2016 12.39 12.31 12.41 12.35 4111 100705.00 7603209611.00
27/07/2016 12.34 12.31 12.40 12.33 3733 123375.00 9314576253.00
28/07/2016 12.34 12.31 12.39 12.39 4121 101330.00 7653910948.00
29/07/2016 12.37 12.27 12.39 12.28 3994 89815.00 6791605850.00
01/08/2016 12.19 12.19 12.27 12.21 4938 111125.00 8425630369.00
02/08/2016 12.21 12.21 12.31 12.27 5006 112100.00 8494816622.00
03/08/2016 12.31 12.27 12.39 12.30 6109 136565.00 10340141318.00
04/08/2016 12.25 12.19 12.27 12.21 3586 102573.00 7786875271.00
05/08/2016 12.20 12.11 12.20 12.11 4906 141475.00 10763355877.00
08/08/2016 12.12 12.12 12.20 12.17 4190 91930.00 6993681907.00
09/08/2016 12.15 12.08 12.18 12.09 6540 125195.00 9539540991.00
10/08/2016 12.10 12.08 12.15 12.11 3951 96800.00 7380137663.00
11/08/2016 12.13 12.08 12.17 12.10 3473 117140.00 8932573459.00
12/08/2016 12.09 12.03 12.15 12.10 4984 116078.00 8864482617.00
15/08/2016 12.13 12.07 12.15 12.10 2353 46935.00 3584701804.00
16/08/2016 12.08 12.06 12.15 12.15 3871 144905.00 11068606738.00
17/08/2016 12.15 12.11 12.19 12.11 3695 89800.00 6857652465.00
18/08/2016 12.12 12.12 12.20 12.19 2962 106940.00 8166327257.00
19/08/2016 12.19 12.11 12.20 12.12 3239 94432.00 7217022213.00
22/08/2016 12.11 12.11 12.18 12.15 2063 60005.00 4587824743.00
23/08/2016 12.12 12.10 12.16 12.16 4163 95840.00 7333793513.00
24/08/2016 12.16 12.12 12.21 12.18 3037 113693.00 8694290896.00
25/08/2016 12.18 12.16 12.23 12.18 3577 115725.00 8852725074.00
26/08/2016 12.18 12.11 12.30 12.27 8709 229870.00 17586952514.00
29/08/2016 12.26 12.24 12.36 12.24 4340 129100.00 9865548326.00
30/08/2016 12.26 12.23 12.36 12.27 5913 138978.00 10619254327.00
31/08/2016 12.25 12.20 12.29 12.22 5324 156065.00 11947679601.00
01/09/2016 12.02 12.00 12.08 12.03 11633 391155.00 30081401294.00
02/09/2016 12.03 11.90 12.05 11.95 12569 305295.00 23533750398.00
05/09/2016 11.94 11.92 11.98 11.97 3561 62015.00 4782537989.00
06/09/2016 11.93 11.88 11.98 11.89 5741 158455.00 12231158228.00
08/09/2016 11.91 11.85 11.92 11.92 7191 181970.00 14065225845.00
09/09/2016 11.90 11.90 12.11 12.09 8590 246745.00 19029106636.00
12/09/2016 12.11 11.96 12.14 11.98 7236 192775.00 14864074354.00
13/09/2016 12.00 11.97 12.23 12.17 14915 339645.00 26161634592.00
14/09/2016 12.15 12.06 12.25 12.12 10101 278430.00 21445923580.00
15/09/2016 12.11 12.04 12.19 12.07 13095 276155.00 21294808581.00
16/09/2016 12.04 11.97 12.07 11.98 9325 234435.00 18118530498.00
19/09/2016 11.97 11.95 12.01 11.99 3749 112010.00 8669782169.00
20/09/2016 11.95 11.90 11.98 11.95 6290 363490.00 28166095345.00
21/09/2016 11.87 11.80 11.90 11.80 8083 234815.00 18232999601.00
22/09/2016 11.78 11.63 11.78 11.69 8772 259176.00 20209919120.00
23/09/2016 11.65 11.60 11.68 11.67 5761 179025.00 13978225510.00
26/09/2016 11.64 11.64 11.72 11.64 5294 152682.00 11911432464.00
27/09/2016 11.57 11.53 11.59 11.56 7333 227740.00 17821741797.00
28/09/2016 11.58 11.51 11.63 11.61 10073 251260.00 19668409587.00
29/09/2016 11.61 11.59 11.70 11.65 12622 334480.00 26159145726.00
30/09/2016 11.64 11.58 11.66 11.62 5183 145805.00 11412084853.00
03/10/2016 11.60 11.49 11.63 11.52 6248 164420.00 12890261391.00
04/10/2016 11.49 11.47 11.60 11.57 8821 195870.00 15368988463.00
05/10/2016 11.57 11.43 11.57 11.45 7306 174275.00 13692058391.00
06/10/2016 11.45 11.39 11.49 11.39 5510 149084.00 11732859809.00
07/10/2016 11.37 11.30 11.39 11.33 7077 205399.00 16198020491.00
10/10/2016 11.32 11.30 11.37 11.34 4184 110210.00 8696200924.00
11/10/2016 11.32 11.32 11.42 11.38 5348 133380.00 10520037795.00
13/10/2016 11.38 11.34 11.43 11.34 3973 101480.00 8005456711.00
14/10/2016 11.30 11.26 11.39 11.36 9836 183430.00 14500949909.00
17/10/2016 11.36 11.32 11.39 11.33 3224 119084.00 9409708107.00
18/10/2016 11.31 11.31 11.34 11.32 4148 123130.00 9738259299.00
19/10/2016 11.29 11.21 11.30 11.22 7258 263130.00 20847991311.00
20/10/2016 11.40 11.32 11.43 11.34 14985 508955.00 40246110927.00
21/10/2016 11.33 11.29 11.45 11.43 6697 231370.00 18294519538.00
24/10/2016 11.40 11.36 11.45 11.39 8422 201619.00 15950219049.00
25/10/2016 11.43 11.41 11.51 11.51 6492 181238.00 14328097738.00
26/10/2016 11.53 11.46 11.56 11.56 5542 174475.00 13782798717.00
27/10/2016 11.56 11.49 11.61 11.55 5815 163766.00 12934969255.00
28/10/2016 11.56 11.46 11.59 11.54 6981 171750.00 13577101037.00
31/10/2016 11.53 11.46 11.54 11.50 3727 102610.00 8118563874.00
01/11/2016 11.49 11.49 11.60 11.56 6351 173300.00 13700557917.00
03/11/2016 11.60 11.56 11.61 11.60 6686 179538.00 14194690119.00
04/11/2016 11.61 11.53 11.62 11.54 3920 128450.00 10163188534.00
07/11/2016 11.48 11.43 11.50 11.45 3571 91580.00 7264754429.00
08/11/2016 11.44 11.40 11.47 11.41 2724 119390.00 9481038927.00
09/11/2016 11.53 11.48 11.59 11.55 12600 324235.00 25709357635.00
10/11/2016 11.52 11.52 11.88 11.85 32349 638360.00 50433682751.00
11/11/2016 11.88 11.84 12.16 11.92 29271 567501.00 44646449657.00
14/11/2016 12.07 12.04 12.33 12.19 15512 320895.00 25153478867.00
16/11/2016 12.05 11.96 12.21 11.97 12737 274991.00 21616452052.00
17/11/2016 11.96 11.88 12.07 12.06 11467 248010.00 19535477639.00
18/11/2016 12.11 11.95 12.15 12.01 10658 215590.00 16979919910.00
21/11/2016 11.96 11.69 11.96 11.70 10206 264485.00 20928943595.00
22/11/2016 11.68 11.63 11.72 11.65 8554 265090.00 21035411247.00
23/11/2016 11.62 11.61 11.79 11.68 13552 301790.00 23941302542.00
24/11/2016 11.68 11.66 11.73 11.70 4236 114140.00 9063163754.00
25/11/2016 11.82 11.75 11.89 11.78 12432 256890.00 20362897999.00
28/11/2016 11.68 11.66 11.72 11.68 5811 159265.00 12656046287.00
29/11/2016 11.69 11.59 11.69 11.59 5764 239922.00 19093764561.00
30/11/2016 11.60 11.54 11.65 11.59 9501 246020.00 19602224521.00
01/12/2016 11.58 11.58 11.96 11.96 18841 461568.00 36687713668.00
02/12/2016 11.91 11.85 12.20 11.95 26727 526880.00 41693924370.00
05/12/2016 11.84 11.61 11.89 11.61 13714 306035.00 24370274160.00
06/12/2016 11.67 11.54 11.69 11.60 17208 379155.00 30255322249.00
07/12/2016 11.53 11.45 11.56 11.49 11443 303400.00 24264589362.00
08/12/2016 11.46 11.43 11.55 11.46 11446 265540.00 21254140788.00
09/12/2016 11.42 11.37 11.50 11.48 9261 246110.00 19728726785.00
12/12/2016 11.58 11.37 11.63 11.43 11744 219135.00 17568116772.00
13/12/2016 11.40 11.38 11.50 11.50 7439 157260.00 12616066311.00
14/12/2016 11.50 11.41 11.54 11.54 8607 271670.00 21797477563.00
15/12/2016 11.61 11.40 11.62 11.41 12456 309735.00 24835065628.00
16/12/2016 11.39 11.34 11.40 11.35 5250 122935.00 9886737416.00
19/12/2016 11.39 11.28 11.41 11.31 4686 142295.00 11458782503.00
20/12/2016 11.32 11.29 11.36 11.33 7957 162615.00 13097476383.00
21/12/2016 11.30 11.17 11.30 11.20 8222 260110.00 21007450587.00
22/12/2016 11.16 11.11 11.22 11.15 6120 147645.00 11936589103.00
23/12/2016 11.13 11.11 11.15 11.12 1347 40245.00 3257457659.00
26/12/2016 11.14 11.08 11.14 11.09 326 16100.00 1304682706.00
27/12/2016 11.11 11.05 11.11 11.09 1679 52820.00 4282242639.00
28/12/2016 11.08 11.05 11.09 11.07 1440 39700.00 3220848998.00
29/12/2016 11.04 11.03 11.08 11.03 1424 52340.00 4248799294.00
02/01/2017 11.00 10.93 11.03 10.95 1846 66175.00 5385080810.00
03/01/2017 10.96 10.93 11.01 10.97 3752 113200.00 9215477235.00
04/01/2017 10.95 10.93 11.02 11.01 4823 170910.00 13913791424.00
05/01/2017 10.98 10.86 10.98 10.89 6570 227525.00 18558142400.00
06/01/2017 10.88 10.82 10.92 10.89 5374 159335.00 13009662398.00
09/01/2017 10.91 10.87 10.92 10.88 3017 91430.00 7465611776.00
10/01/2017 10.92 10.81 10.93 10.83 4028 127510.00 10420820281.00
11/01/2017 10.81 10.79 10.91 10.84 6316 186548.00 15255042490.00
12/01/2017 10.46 10.44 10.50 10.48 10632 365350.00 30090800150.00
13/01/2017 10.47 10.47 10.54 10.52 9025 298449.00 24574491528.00
16/01/2017 10.51 10.46 10.53 10.49 2886 77016.00 6346925960.00
17/01/2017 10.44 10.42 10.53 10.52 4500 201696.00 16627802550.00
18/01/2017 10.52 10.48 10.54 10.53 3334 130726.00 10776187427.00
19/01/2017 10.49 10.43 10.49 10.45 5138 211050.00 17421706935.00
20/01/2017 10.45 10.38 10.46 10.42 4119 119255.00 9857168929.00
23/01/2017 10.31 10.31 10.44 10.42 3787 102770.00 8498050687.00
24/01/2017 10.40 10.38 10.43 10.43 3706 162260.00 13421137512.00
26/01/2017 10.44 10.42 10.50 10.48 5801 198080.00 16381621014.00
27/01/2017 10.46 10.40 10.46 10.41 4171 106925.00 8852000538.00
30/01/2017 10.42 10.41 10.45 10.44 3026 91915.00 7611784005.00
31/01/2017 10.43 10.35 10.44 10.36 4795 166030.00 13764255799.00
01/02/2017 10.36 10.33 10.40 10.34 5220 130270.00 10809241649.00
02/02/2017 10.33 10.30 10.34 10.30 4552 183110.00 15210972187.00
03/02/2017 10.32 10.23 10.32 10.26 5576 182620.00 15193100000.00
06/02/2017 10.25 10.21 10.25 10.24 3423 102600.00 8542577843.00
07/02/2017 10.25 10.15 10.28 10.15 4894 190487.00 15870817875.00
08/02/2017 10.16 10.10 10.18 10.14 4943 231270.00 19299719406.00
09/02/2017 10.16 10.10 10.18 10.14 5752 179285.00 14966745402.00
10/02/2017 10.14 10.06 10.14 10.09 4130 160275.00 13394923543.00
13/02/2017 10.08 10.07 10.11 10.07 3115 110715.00 9257037071.00
14/02/2017 10.08 10.06 10.18 10.07 5810 252400.00 21103376167.00
15/02/2017 10.07 10.05 10.14 10.09 4229 192270.00 16087986645.00
16/02/2017 10.07 10.06 10.18 10.17 7003 301450.00 25219367173.00
17/02/2017 10.17 10.06 10.19 10.08 5210 184692.00 15461723944.00
20/02/2017 10.08 10.04 10.09 10.05 1583 76323.00 6397717341.00
21/02/2017 10.07 9.98 10.07 10.00 5329 215393.00 18075422481.00
22/02/2017 10.03 9.96 10.05 9.97 5167 209285.00 17573629094.00
23/02/2017 9.85 9.80 9.89 9.81 5367 384845.00 32412086214.00
24/02/2017 9.83 9.82 9.87 9.84 4907 215325.00 18140986268.00
01/03/2017 9.87 9.77 9.88 9.77 2073 72715.00 6130721721.00
02/03/2017 9.77 9.75 9.85 9.84 4678 196630.00 16591481550.00
03/03/2017 9.82 9.71 9.83 9.72 6105 213144.00 18002255848.00
06/03/2017 9.73 9.65 9.73 9.67 4675 143240.00 12119672080.00
07/03/2017 9.66 9.64 9.73 9.71 4856 206068.00 17436170644.00
08/03/2017 9.72 9.71 9.78 9.78 5277 170915.00 14456119555.00
09/03/2017 9.79 9.74 9.82 9.82 5099 174250.00 14733952589.00
10/03/2017 9.74 9.56 9.74 9.58 9650 410120.00 34775113629.00
13/03/2017 9.56 9.52 9.57 9.53 3789 118826.00 10093983487.00
14/03/2017 9.55 9.52 9.62 9.59 7591 292600.00 24853276481.00
15/03/2017 9.57 9.47 9.65 9.52 7191 269800.00 22928206233.00
16/03/2017 9.52 9.49 9.56 9.54 5215 248734.00 21155954899.00
17/03/2017 9.53 9.52 9.58 9.57 4224 149625.00 12726740610.00
20/03/2017 9.56 9.54 9.59 9.55 2460 87670.00 7459393515.00
21/03/2017 9.56 9.48 9.56 9.48 4600 237850.00 20264091130.00
22/03/2017 9.51 9.51 9.58 9.52 4645 203440.00 17326446252.00
23/03/2017 9.56 9.55 9.61 9.59 6626 275530.00 23458702715.00
24/03/2017 9.58 9.42 9.60 9.44 8918 406295.00 34646396577.00
27/03/2017 9.46 9.40 9.48 9.43 4263 161729.00 13812990008.00
28/03/2017 9.43 9.41 9.48 9.47 4688 224775.00 19201327393.00
29/03/2017 9.46 9.41 9.48 9.41 5079 312445.00 26702440895.00
30/03/2017 9.43 9.43 9.53 9.53 8891 445598.00 38066434468.00
31/03/2017 9.54 9.46 9.54 9.52 4750 186540.00 15936995715.00
03/04/2017 9.52 9.47 9.52 9.47 4464 150544.00 12868796620.00
04/04/2017 9.48 9.43 9.49 9.44 3231 134465.00 11504122439.00
05/04/2017 9.42 9.40 9.50 9.49 3834 184722.00 15813347332.00
06/04/2017 9.52 9.47 9.55 9.54 6900 285980.00 24463223110.00
07/04/2017 9.55 9.45 9.55 9.49 5032 223899.00 19164466724.00
10/04/2017 9.45 9.37 9.46 9.38 3552 185865.00 15936761164.00
11/04/2017 9.38 9.33 9.41 9.39 6483 218935.00 18790033254.00
12/04/2017 9.40 9.38 9.42 9.40 3248 171405.00 14708947559.00
13/04/2017 9.43 9.42 9.50 9.45 7083 450701.00 38663445957.00
17/04/2017 9.40 9.40 9.45 9.44 2895 131596.00 11296832533.00
18/04/2017 9.34 9.32 9.37 9.35 5773 270172.00 23230078852.00
19/04/2017 9.33 9.32 9.41 9.40 4479 214744.00 18467449923.00
20/04/2017 9.35 9.34 9.45 9.37 5410 350590.00 30142509329.00
24/04/2017 9.33 9.31 9.35 9.34 3897 160635.00 13830165238.00
25/04/2017 9.39 9.38 9.44 9.39 9386 439980.00 37848868243.00
26/04/2017 9.43 9.39 9.47 9.40 7501 327300.00 28157541824.00
27/04/2017 9.36 9.35 9.44 9.44 3204 201900.00 17378259605.00
28/04/2017 9.44 9.34 9.45 9.35 5418 279543.00 24086092935.00
02/05/2017 9.35 9.30 9.37 9.30 4116 189305.00 16329175107.00
03/05/2017 9.30 9.25 9.33 9.31 5531 286828.00 24761987537.00
04/05/2017 9.31 9.31 9.38 9.34 4827 221320.00 19096234933.00
05/05/2017 9.33 9.28 9.37 9.30 6605 205900.00 17782125299.00
08/05/2017 9.31 9.25 9.32 9.27 4884 162575.00 14049434721.00
09/05/2017 9.26 9.16 9.26 9.16 6003 373410.00 32324535627.00
10/05/2017 9.14 9.11 9.17 9.13 4690 292535.00 25356012667.00
11/05/2017 9.09 9.00 9.09 9.02 5965 407310.00 35371597119.00
12/05/2017 9.01 8.93 9.04 8.93 5917 246290.00 21415151899.00
15/05/2017 8.94 8.83 8.98 8.85 9223 522375.00 45480224787.00
16/05/2017 8.86 8.76 8.88 8.79 10143 369315.00 32216670193.00
17/05/2017 8.83 8.71 8.86 8.85 10048 583990.00 50968833994.00
18/05/2017 10.01 10.01 10.41 10.41 2541 360591.00 30774886603.00
19/05/2017 10.32 9.91 10.71 10.02 48400 1127399.00 96506275861.00
22/05/2017 10.06 10.02 10.50 10.21 23556 627819.00 53720426813.00
23/05/2017 10.23 9.86 10.29 9.87 18078 625615.00 53691718400.00
24/05/2017 9.84 9.62 9.88 9.74 13402 492450.00 42477058610.00
25/05/2017 9.72 9.58 9.74 9.59 9640 251972.00 21759311056.00
26/05/2017 9.51 9.31 9.53 9.37 16734 511065.00 44319762194.00
29/05/2017 9.35 9.23 9.46 9.24 4372 121130.00 10518781167.00
30/05/2017 9.22 9.20 9.43 9.40 17125 501795.00 43576456573.00
31/05/2017 9.36 9.30 9.40 9.32 8288 285485.00 24802075954.00
01/06/2017 9.45 9.40 9.53 9.52 13127 421180.00 36541870386.00
02/06/2017 9.51 9.44 9.59 9.59 7269 267527.00 23202555528.00
05/06/2017 9.60 9.55 9.65 9.56 9916 364090.00 31549678821.00
06/06/2017 9.49 9.35 9.51 9.37 6976 275115.00 23903523837.00
07/06/2017 9.35 9.29 9.44 9.41 9934 310165.00 26980649238.00
08/06/2017 9.42 9.39 9.47 9.40 5428 192560.00 16743555526.00
09/06/2017 9.31 9.18 9.33 9.27 13492 489130.00 42651547343.00
12/06/2017 9.22 9.12 9.23 9.18 9378 261595.00 22846024441.00
13/06/2017 9.16 9.14 9.26 9.25 10191 306885.00 26796809222.00
14/06/2017 9.22 9.14 9.25 9.19 10969 365465.00 31935775580.00
16/06/2017 9.16 9.05 9.18 9.07 5416 182940.00 16010060904.00
