13/06/2016 12.87 12.87 12.87 12.87 1 10.00 219963.00
14/07/2016 12.23 12.23 12.23 12.23 2 100.00 2386787.00
18/07/2016 12.17 12.17 12.17 12.17 2 1100.00 26453669.00
19/07/2016 12.25 12.25 12.25 12.25 1 500.00 11923955.00
11/08/2016 12.18 12.18 12.18 12.18 1 100.00 2422023.00
13/09/2016 12.44 12.44 12.44 12.44 2 20.00 475608.00
03/10/2016 11.72 11.70 11.72 11.71 3 1005.00 26058161.00
06/10/2016 11.70 11.70 11.70 11.70 1 5.00 129885.00
13/10/2016 11.65 11.65 11.65 11.65 1 20.00 523297.00
19/10/2016 11.36 11.35 11.38 11.38 9 1775.00 47964319.00
24/10/2016 11.32 11.32 11.32 11.32 1 5.00 136026.00
25/10/2016 11.21 11.21 11.21 11.21 1 5.00 137726.00
09/11/2016 11.59 11.59 11.59 11.59 1 5.00 132718.00
10/11/2016 12.08 12.08 12.08 12.08 1 5.00 125925.00
11/11/2016 12.44 12.23 12.44 12.23 12 60.00 1463612.00
14/11/2016 12.61 12.38 12.61 12.38 3 15.00 362990.00
16/11/2016 12.43 12.43 12.43 12.43 1 5.00 121435.00
17/11/2016 12.05 12.05 12.27 12.27 2 10.00 250160.00
18/11/2016 12.41 12.41 12.41 12.41 1 5.00 121809.00
23/11/2016 12.02 12.02 12.02 12.02 1 5.00 127200.00
25/11/2016 12.37 12.37 12.37 12.37 1 5.00 122617.00
05/12/2016 12.40 12.30 12.40 12.30 2 205.00 5077904.00
07/12/2016 12.22 12.22 12.22 12.22 1 5.00 125064.00
08/12/2016 12.13 12.13 12.13 12.13 1 5.00 126333.00
29/12/2016 11.62 11.62 11.62 11.62 2 200.00 5372912.00
04/01/2017 11.55 11.55 11.55 11.55 1 5.00 135569.00
13/01/2017 11.26 11.26 11.26 11.26 1 5.00 140264.00
31/01/2017 11.10 11.10 11.10 11.10 1 200.00 5736264.00
06/02/2017 10.78 10.78 10.78 10.78 5 205.00 6094274.00
24/02/2017 10.39 10.39 10.39 10.39 1 200.00 6233496.00
10/03/2017 10.54 10.51 10.55 10.51 4 20.00 615729.00
14/03/2017 10.51 10.51 10.51 10.51 1 300.00 9267882.00
28/03/2017 10.32 10.31 10.51 10.35 4 85.00 2684009.00
31/03/2017 10.29 10.29 10.29 10.29 1 200.00 6357054.00
25/04/2017 10.62 10.62 10.62 10.62 1 5.00 154390.00
28/04/2017 10.66 10.66 10.66 10.66 1 200.00 6157106.00
03/05/2017 10.51 10.33 10.64 10.53 28 225.00 7056816.00
12/05/2017 10.39 10.39 10.39 10.39 1 250.00 7946200.00
29/05/2017 11.29 11.24 11.44 11.30 22 135.00 3919512.00
30/05/2017 11.26 11.08 11.45 11.26 42 470.00 13705589.00
31/05/2017 11.11 11.11 11.14 11.14 2 340.00 10049087.00
01/06/2017 11.08 11.08 11.08 11.08 1 10.00 297424.00
05/06/2017 11.26 11.26 11.26 11.26 3 20.00 584332.00
06/06/2017 11.18 11.18 11.35 11.20 43 840.00 24581102.00
07/06/2017 11.17 11.17 11.17 11.17 1 15.00 442729.00
09/06/2017 11.19 11.19 11.28 11.28 3 15.00 440208.00
12/06/2017 11.09 10.99 11.11 11.11 30 245.00 7307312.00
13/06/2017 11.03 11.00 11.13 11.13 95 1090.00 32544534.00
14/06/2017 11.04 11.04 11.04 11.04 3 400.00 11991288.00
16/06/2017 10.88 10.88 10.88 10.88 2 35.00 1067225.00
