01/06/2016 12.83 12.82 12.93 12.83 55 340.00 17345936.00
02/06/2016 12.82 12.68 12.83 12.71 48 495.00 25399990.00
03/06/2016 12.60 12.46 12.62 12.48 22 165.00 8561491.00
06/06/2016 12.52 12.36 12.52 12.36 15 275.00 14380781.00
07/06/2016 12.49 12.38 12.54 12.44 42 340.00 17702899.00
08/06/2016 12.33 12.33 12.39 12.37 25 170.00 8904279.00
09/06/2016 12.35 12.31 12.40 12.39 13 80.00 4188140.00
10/06/2016 12.48 12.48 12.62 12.62 28 180.00 9341064.00
13/06/2016 12.70 12.58 12.74 12.66 23 4590.00 237376934.00
14/06/2016 12.67 12.57 12.75 12.71 118 2355.00 121896504.00
15/06/2016 12.64 12.63 12.88 12.80 48 600.00 30885116.00
16/06/2016 12.81 12.77 12.90 12.78 21 605.00 31097519.00
17/06/2016 12.71 12.66 12.73 12.67 43 225.00 11633687.00
20/06/2016 12.58 12.57 12.58 12.57 2 10.00 520298.00
21/06/2016 12.60 12.52 12.62 12.56 65 495.00 25773487.00
22/06/2016 12.54 12.50 12.62 12.62 42 325.00 16965103.00
23/06/2016 12.53 12.44 12.56 12.45 10 100.00 5226551.00
24/06/2016 12.69 12.50 12.69 12.50 37 320.00 16678535.00
27/06/2016 12.44 12.33 12.44 12.34 48 320.00 16854841.00
28/06/2016 12.22 12.10 12.27 12.12 92 770.00 40932086.00
29/06/2016 12.04 12.04 12.24 12.20 60 650.00 34624520.00
30/06/2016 12.31 12.12 12.31 12.17 78 575.00 30552527.00
01/07/2016 12.18 12.17 12.29 12.25 199 1275.00 67763929.00
04/07/2016 12.21 12.13 12.21 12.13 87 585.00 31176010.00
05/07/2016 12.24 12.17 12.29 12.29 77 765.00 40630700.00
06/07/2016 12.35 12.32 12.45 12.33 200 1380.00 72845683.00
07/07/2016 12.36 12.26 12.36 12.30 17 170.00 9004595.00
08/07/2016 12.13 12.06 12.17 12.08 35 290.00 15529471.00
11/07/2016 12.06 12.02 12.07 12.05 114 1045.00 56214982.00
12/07/2016 11.97 11.96 12.10 12.10 37 465.00 25061528.00
13/07/2016 12.06 12.06 12.07 12.07 9 80.00 4301661.00
14/07/2016 11.99 11.91 11.99 11.97 19 360.00 19469926.00
15/07/2016 11.94 11.94 12.01 12.00 32 195.00 10542190.00
18/07/2016 11.93 11.93 11.97 11.97 5 235.00 12710091.00
19/07/2016 12.01 11.99 12.03 11.99 9 80.00 4320429.00
20/07/2016 11.94 11.88 11.94 11.91 55 290.00 15750394.00
21/07/2016 11.90 11.88 11.98 11.96 66 390.00 21172446.00
22/07/2016 11.99 11.98 12.10 12.08 50 295.00 15942481.00
25/07/2016 12.12 12.09 12.18 12.10 12 90.00 4844039.00
26/07/2016 12.08 12.02 12.08 12.04 31 405.00 21893851.00
27/07/2016 12.06 12.03 12.14 12.06 56 395.00 21315856.00
28/07/2016 12.06 12.01 12.08 12.08 54 360.00 19476635.00
29/07/2016 11.97 11.97 12.01 11.97 46 1090.00 59172427.00
01/08/2016 11.94 11.91 11.94 11.91 4 20.00 1089008.00
02/08/2016 11.97 11.96 12.08 12.08 68 840.00 45550241.00
03/08/2016 12.12 12.06 12.20 12.06 185 1620.00 87346401.00
04/08/2016 12.04 11.95 12.05 11.95 55 355.00 19274707.00
05/08/2016 11.92 11.86 11.93 11.87 79 555.00 30300947.00
08/08/2016 11.90 11.90 11.97 11.97 29 240.00 13104162.00
09/08/2016 11.93 11.83 11.93 11.83 5 40.00 2191749.00
10/08/2016 11.86 11.86 11.90 11.87 27 345.00 18890222.00
11/08/2016 11.95 11.90 11.96 11.90 37 6090.00 332761223.00
12/08/2016 11.93 11.83 11.93 11.90 69 7475.00 410249889.00
15/08/2016 11.94 11.84 11.94 11.88 61 645.00 35328127.00
16/08/2016 11.86 11.84 11.89 11.89 24 445.00 24413073.00
17/08/2016 11.91 11.84 11.93 11.87 78 860.00 47114845.00
18/08/2016 11.87 11.87 11.93 11.92 33 205.00 11238678.00
19/08/2016 11.91 11.86 11.95 11.87 46 3305.00 181147484.00
22/08/2016 11.92 11.85 11.92 11.89 32 280.00 15368044.00
23/08/2016 11.88 11.88 11.97 11.97 34 3160.00 172997720.00
24/08/2016 12.03 11.97 12.06 11.99 38 1365.00 74610408.00
25/08/2016 12.00 11.98 12.05 11.99 104 1075.00 58784230.00
26/08/2016 11.96 11.94 12.25 12.16 177 1320.00 71849973.00
29/08/2016 12.20 12.09 12.20 12.09 25 190.00 10332064.00
30/08/2016 12.11 12.11 12.22 12.20 28 185.00 10046735.00
31/08/2016 12.14 12.06 12.16 12.06 30 300.00 16350479.00
01/09/2016 11.91 11.91 12.04 12.01 292 4220.00 231363956.00
02/09/2016 12.03 11.90 12.03 11.95 128 1325.00 72875113.00
05/09/2016 11.93 11.93 11.98 11.98 4 25.00 1374897.00
06/09/2016 11.93 11.90 12.00 11.90 43 1385.00 76314323.00
08/09/2016 11.89 11.89 11.95 11.95 39 1970.00 108451108.00
09/09/2016 12.05 12.05 12.17 12.17 59 625.00 34172322.00
12/09/2016 12.23 12.06 12.25 12.06 44 295.00 16103676.00
13/09/2016 12.10 12.08 12.43 12.31 114 1270.00 69017882.00
14/09/2016 12.34 12.26 12.45 12.35 135 1175.00 63568570.00
15/09/2016 12.30 12.19 12.39 12.19 188 1610.00 87397846.00
16/09/2016 12.19 12.15 12.25 12.15 93 895.00 48849866.00
19/09/2016 12.13 12.12 12.17 12.17 11 2990.00 163523414.00
20/09/2016 12.14 12.09 12.18 12.15 95 895.00 49057101.00
21/09/2016 12.07 11.95 12.10 11.97 49 400.00 22039863.00
22/09/2016 11.78 11.75 11.83 11.80 53 340.00 18930264.00
23/09/2016 11.74 11.73 11.80 11.80 40 340.00 18976062.00
26/09/2016 11.83 11.80 11.83 11.81 16 200.00 11135329.00
27/09/2016 11.66 11.65 11.68 11.65 12 290.00 16266401.00
28/09/2016 11.63 11.57 11.65 11.60 123 1025.00 57711392.00
29/09/2016 11.61 11.53 11.78 11.71 143 2145.00 120866299.00
30/09/2016 11.71 11.57 11.71 11.60 55 1420.00 79990447.00
03/10/2016 11.58 11.41 11.59 11.46 262 5570.00 315563748.00
04/10/2016 11.45 11.44 11.59 11.54 235 1685.00 95412297.00
05/10/2016 11.52 11.36 11.54 11.37 111 1115.00 63365212.00
06/10/2016 11.43 11.35 11.44 11.41 455 5835.00 332480065.00
07/10/2016 11.34 11.29 11.36 11.32 70 455.00 26030323.00
10/10/2016 11.31 11.26 11.35 11.27 42 3175.00 181842002.00
11/10/2016 11.33 11.30 11.36 11.34 40 870.00 49793758.00
13/10/2016 11.37 11.30 11.41 11.32 151 2530.00 144979282.00
14/10/2016 11.26 11.22 11.33 11.30 536 6240.00 358992280.00
17/10/2016 11.29 11.27 11.31 11.27 32 455.00 26139790.00
18/10/2016 11.25 11.20 11.25 11.20 127 3340.00 192480462.00
19/10/2016 11.18 11.09 11.20 11.11 422 3600.00 208499157.00
20/10/2016 11.18 11.07 11.18 11.08 260 3655.00 211956352.00
21/10/2016 11.12 11.09 11.22 11.22 204 2690.00 155840834.00
24/10/2016 11.18 11.08 11.18 11.08 183 2195.00 127365334.00
25/10/2016 11.09 11.04 11.21 11.20 173 1560.00 90542601.00
26/10/2016 11.21 11.18 11.27 11.27 234 2550.00 147314145.00
27/10/2016 11.28 11.23 11.39 11.36 169 1730.00 99572010.00
28/10/2016 11.36 11.24 11.38 11.33 296 3645.00 210227524.00
31/10/2016 11.32 11.27 11.34 11.32 103 1740.00 100204922.00
01/11/2016 11.27 11.27 11.45 11.40 296 4445.00 254923673.00
03/11/2016 11.43 11.42 11.53 11.51 177 1760.00 100623400.00
04/11/2016 11.52 11.38 11.55 11.42 240 1735.00 99286093.00
07/11/2016 11.30 11.25 11.34 11.29 248 1460.00 84353823.00
08/11/2016 11.30 11.22 11.32 11.22 103 1100.00 63658382.00
09/11/2016 11.41 11.38 11.50 11.48 93 2480.00 142602158.00
10/11/2016 11.53 11.49 12.03 11.97 515 4610.00 260305153.00
11/11/2016 12.18 12.00 12.50 12.08 414 4585.00 254891980.00
14/11/2016 12.24 12.24 12.56 12.43 842 6530.00 358617369.00
16/11/2016 12.32 12.10 12.46 12.12 421 2910.00 161364831.00
17/11/2016 12.04 12.02 12.24 12.24 300 2250.00 125109748.00
18/11/2016 12.33 12.12 12.36 12.24 420 3045.00 169050806.00
21/11/2016 12.13 11.91 12.13 11.92 232 1705.00 95575691.00
22/11/2016 11.85 11.83 11.98 11.88 418 3005.00 169414893.00
23/11/2016 11.86 11.83 12.07 11.92 348 2195.00 123446822.00
24/11/2016 11.96 11.91 11.98 11.96 80 1355.00 76351056.00
25/11/2016 12.16 12.10 12.19 12.17 126 1225.00 68456546.00
28/11/2016 12.09 11.99 12.12 12.01 151 3320.00 186220803.00
29/11/2016 12.00 11.93 12.01 11.93 166 980.00 55215892.00
30/11/2016 11.89 11.83 11.98 11.88 429 3415.00 193121295.00
01/12/2016 11.85 11.85 12.40 12.38 709 5120.00 286201008.00
02/12/2016 12.54 12.35 12.68 12.47 209 1125.00 61997980.00
05/12/2016 12.36 12.14 12.37 12.16 1127 7900.00 440327443.00
06/12/2016 12.33 12.12 12.35 12.24 1463 8445.00 472131576.00
07/12/2016 12.10 11.98 12.10 12.03 733 4275.00 240962521.00
08/12/2016 11.93 11.82 12.03 11.82 824 4830.00 273676588.00
09/12/2016 11.82 11.75 11.94 11.92 618 3570.00 203288742.00
12/12/2016 12.09 11.93 12.10 11.95 767 9056.00 512276699.00
13/12/2016 11.93 11.86 12.05 12.05 613 3435.00 194710715.00
14/12/2016 12.09 11.98 12.14 12.13 515 3255.00 183913235.00
15/12/2016 12.22 12.06 12.29 12.08 1113 8545.00 479734773.00
16/12/2016 12.02 11.96 12.08 12.04 675 3935.00 222564254.00
19/12/2016 12.04 11.95 12.10 11.95 555 3560.00 201512977.00
20/12/2016 11.96 11.83 11.96 11.86 707 18265.00 1041762476.00
21/12/2016 11.78 11.62 11.79 11.63 665 37120.00 2132066914.00
22/12/2016 11.63 11.55 11.70 11.55 267 1560.00 89990112.00
23/12/2016 11.56 11.53 11.58 11.56 129 850.00 49210972.00
26/12/2016 11.55 11.48 11.55 11.51 16 210.00 12188738.00
27/12/2016 11.51 11.50 11.55 11.51 184 1205.00 69901452.00
28/12/2016 11.51 11.48 11.53 11.53 123 700.00 40649072.00
29/12/2016 11.50 11.46 11.50 11.47 341 3190.00 185538324.00
02/01/2017 11.44 11.30 11.44 11.32 185 1105.00 64632722.00
03/01/2017 11.34 11.33 11.40 11.38 254 1590.00 93096902.00
04/01/2017 11.33 11.32 11.48 11.47 268 1960.00 114513376.00
05/01/2017 11.42 11.35 11.44 11.40 273 4140.00 242110135.00
06/01/2017 11.41 11.30 11.41 11.36 64 760.00 44595077.00
09/01/2017 11.38 11.29 11.39 11.29 47 765.00 44919043.00
10/01/2017 11.31 11.22 11.31 11.23 184 2800.00 164951643.00
11/01/2017 11.25 11.24 11.37 11.26 128 1920.00 113079688.00
12/01/2017 10.95 10.92 10.99 10.95 273 3330.00 199244821.00
13/01/2017 10.94 10.86 10.98 10.98 750 10705.00 641411108.00
16/01/2017 10.98 10.89 10.99 10.90 68 750.00 44957090.00
17/01/2017 10.86 10.82 10.92 10.91 442 4200.00 252525787.00
18/01/2017 10.96 10.88 10.96 10.94 70 485.00 29087121.00
19/01/2017 10.91 10.82 10.91 10.83 254 2240.00 134769331.00
20/01/2017 10.79 10.72 10.81 10.76 129 950.00 57430228.00
23/01/2017 10.73 10.71 10.78 10.74 650 10975.00 664406846.00
24/01/2017 10.76 10.70 10.78 10.74 114 1320.00 80004752.00
26/01/2017 10.77 10.77 10.92 10.90 176 3120.00 188440477.00
27/01/2017 10.87 10.76 10.87 10.77 177 3150.00 190618973.00
30/01/2017 10.81 10.80 10.87 10.84 151 2035.00 122988667.00
31/01/2017 10.82 10.80 10.88 10.83 183 4915.00 297062950.00
01/02/2017 10.80 10.80 10.90 10.81 257 3855.00 233096308.00
02/02/2017 10.75 10.70 10.78 10.75 120 2320.00 140950750.00
03/02/2017 10.71 10.59 10.72 10.60 376 5380.00 328163432.00
06/02/2017 10.58 10.53 10.59 10.58 232 8010.00 491062359.00
07/02/2017 10.62 10.47 10.62 10.47 173 3515.00 215589200.00
08/02/2017 10.48 10.40 10.48 10.43 93 1010.00 62312067.00
09/02/2017 10.46 10.38 10.47 10.41 106 1600.00 98793080.00
10/02/2017 10.38 10.35 10.43 10.39 152 1405.00 86892208.00
13/02/2017 10.33 10.33 10.38 10.34 56 470.00 29130410.00
14/02/2017 10.33 10.31 10.48 10.32 289 4140.00 256420762.00
15/02/2017 10.31 10.31 10.42 10.35 119 1550.00 96028878.00
16/02/2017 10.37 10.34 10.49 10.43 252 2305.00 142596408.00
17/02/2017 10.48 10.38 10.48 10.38 163 1480.00 91639893.00
20/02/2017 10.39 10.35 10.39 10.37 58 745.00 46246742.00
21/02/2017 10.36 10.29 10.40 10.31 145 1590.00 98869206.00
22/02/2017 10.32 10.24 10.34 10.25 241 2465.00 153493454.00
23/02/2017 10.16 10.13 10.20 10.14 329 4130.00 258977078.00
24/02/2017 10.21 10.18 10.26 10.20 611 4210.00 263479700.00
01/03/2017 10.23 10.12 10.25 10.13 344 1875.00 117473636.00
02/03/2017 10.12 10.12 10.29 10.27 530 4925.00 308700849.00
03/03/2017 10.26 10.13 10.30 10.15 650 6795.00 425988175.00
06/03/2017 10.11 10.10 10.14 10.14 216 2130.00 134054225.00
07/03/2017 10.13 10.11 10.19 10.16 160 3285.00 206520208.00
08/03/2017 10.19 10.18 10.32 10.32 264 6885.00 430911285.00
09/03/2017 10.35 10.27 10.37 10.36 437 7130.00 445315947.00
10/03/2017 10.24 10.12 10.27 10.14 451 7310.00 459593040.00
13/03/2017 10.11 10.07 10.12 10.09 167 1875.00 118277858.00
14/03/2017 10.11 10.11 10.25 10.25 415 6670.00 419452299.00
15/03/2017 10.22 10.09 10.30 10.16 248 2745.00 172422177.00
16/03/2017 10.16 10.10 10.18 10.15 319 3300.00 208050214.00
17/03/2017 10.17 10.08 10.21 10.15 102 1015.00 64070519.00
20/03/2017 10.15 10.13 10.19 10.17 49 720.00 45434383.00
21/03/2017 10.08 10.08 10.14 10.10 134 2650.00 167524769.00
22/03/2017 10.20 10.13 10.22 10.16 495 5370.00 338765462.00
23/03/2017 10.22 10.18 10.27 10.20 253 3360.00 211596708.00
24/03/2017 10.18 10.03 10.21 10.04 142 2350.00 148731912.00
27/03/2017 10.06 9.99 10.08 10.03 226 12955.00 823768191.00
28/03/2017 10.03 10.01 10.09 10.08 89 2660.00 169059723.00
29/03/2017 10.04 10.02 10.09 10.05 93 1315.00 83540007.00
30/03/2017 10.03 9.99 10.06 10.04 144 3875.00 246576879.00
31/03/2017 10.03 9.98 10.05 10.04 500 5380.00 342513032.00
03/04/2017 10.02 9.96 10.04 9.97 184 4860.00 309828134.00
04/04/2017 9.99 9.93 10.04 9.94 199 4550.00 290663655.00
05/04/2017 9.91 9.89 10.04 10.03 135 2950.00 188861135.00
06/04/2017 10.09 10.02 10.15 10.12 193 4760.00 302960784.00
07/04/2017 10.10 10.00 10.12 10.06 520 6140.00 390988767.00
10/04/2017 10.00 9.94 10.01 9.96 441 4850.00 309955579.00
11/04/2017 9.91 9.91 10.01 10.00 349 5055.00 323353613.00
12/04/2017 10.02 9.97 10.04 9.98 198 2675.00 170910784.00
13/04/2017 10.05 10.01 10.13 10.09 220 2690.00 171280902.00
17/04/2017 10.05 10.04 10.09 10.07 128 1340.00 85490519.00
18/04/2017 10.02 9.99 10.05 10.04 132 2060.00 131693268.00
19/04/2017 10.01 10.01 10.15 10.15 161 2953.00 188399536.00
20/04/2017 10.09 10.07 10.20 10.10 229 5995.00 382057304.00
24/04/2017 10.04 10.01 10.09 10.09 48 690.00 44109949.00
25/04/2017 10.17 10.17 10.28 10.22 242 3345.00 212205948.00
26/04/2017 10.28 10.25 10.36 10.27 209 3670.00 232338446.00
27/04/2017 10.19 10.19 10.32 10.32 119 1620.00 102823981.00
28/04/2017 10.30 10.17 10.33 10.20 323 3000.00 190566269.00
02/05/2017 10.18 10.10 10.23 10.11 129 2435.00 155315858.00
03/05/2017 10.11 10.05 10.18 10.17 229 2810.00 179790041.00
04/05/2017 10.18 10.16 10.24 10.20 113 2630.00 167490044.00
05/05/2017 10.20 10.12 10.22 10.16 259 3360.00 214400423.00
08/05/2017 10.17 10.11 10.19 10.13 161 1625.00 103788020.00
09/05/2017 10.11 10.03 10.11 10.05 156 3815.00 244590869.00
10/05/2017 10.01 9.99 10.05 10.03 233 4840.00 311071113.00
11/05/2017 9.96 9.93 9.99 9.95 262 5815.00 374777222.00
12/05/2017 9.92 9.86 9.95 9.86 202 4155.00 268815399.00
15/05/2017 9.87 9.82 9.90 9.82 178 3835.00 248394137.00
16/05/2017 9.84 9.69 9.84 9.74 308 9475.00 616942646.00
17/05/2017 9.75 9.69 9.84 9.84 236 2910.00 189418983.00
18/05/2017 11.16 11.16 11.61 11.60 12 150.00 9060191.00
19/05/2017 11.80 11.27 11.80 11.44 3556 29305.00 1775994906.00
22/05/2017 11.48 11.45 11.99 11.78 1211 10515.00 630661172.00
23/05/2017 11.86 11.20 11.86 11.24 340 3265.00 197903752.00
24/05/2017 11.17 10.80 11.17 10.96 536 5350.00 332403245.00
25/05/2017 11.02 10.86 11.02 10.88 226 2390.00 148667440.00
26/05/2017 10.80 10.66 10.81 10.80 828 6635.00 416102578.00
29/05/2017 10.81 10.61 10.92 10.61 251 2725.00 170469603.00
30/05/2017 10.62 10.62 10.80 10.71 332 3145.00 197443895.00
31/05/2017 10.61 10.59 10.70 10.60 384 4160.00 262283599.00
01/06/2017 10.61 10.59 10.76 10.76 306 3475.00 218467140.00
02/06/2017 10.78 10.66 10.83 10.83 506 6900.00 433121553.00
05/06/2017 10.85 10.82 10.91 10.86 329 4825.00 301334188.00
06/06/2017 10.80 10.70 10.82 10.70 232 3810.00 239099052.00
07/06/2017 10.66 10.66 10.82 10.75 140 2410.00 151463964.00
08/06/2017 10.82 10.75 10.86 10.77 177 2320.00 145473623.00
09/06/2017 10.69 10.57 10.73 10.73 296 3050.00 192620303.00
12/06/2017 10.59 10.55 10.62 10.57 97 1055.00 66820109.00
13/06/2017 10.53 10.52 10.67 10.65 310 5145.00 326127986.00
14/06/2017 10.63 10.45 10.66 10.50 220 2745.00 174342932.00
16/06/2017 10.47 10.34 10.48 10.34 184 3325.00 212445358.00
