01/06/2016 12.96 12.91 13.08 12.96 1369 10060.00 450739549.00
02/06/2016 12.92 12.71 12.96 12.80 1308 30880.00 1400274184.00
03/06/2016 12.80 12.55 12.82 12.58 1801 40115.00 1838129293.00
06/06/2016 12.59 12.43 12.63 12.45 1052 12970.00 598638185.00
07/06/2016 12.54 12.48 12.65 12.57 1671 20380.00 939626297.00
08/06/2016 12.45 12.39 12.52 12.45 1610 40260.00 1866165423.00
09/06/2016 12.49 12.40 12.54 12.52 1008 10595.00 491013597.00
10/06/2016 12.56 12.55 12.77 12.76 1536 19710.00 903474754.00
13/06/2016 12.76 12.69 12.88 12.77 1388 21955.00 1001124644.00
14/06/2016 12.80 12.69 12.87 12.84 2072 46135.00 2105924292.00
15/06/2016 12.80 12.74 13.03 12.91 2498 48050.00 2187912199.00
16/06/2016 12.97 12.88 13.03 12.90 2464 43402.00 1963900510.00
17/06/2016 12.86 12.78 12.88 12.81 1559 21150.00 963951548.00
20/06/2016 12.69 12.67 12.80 12.78 1196 29615.00 1358237717.00
21/06/2016 12.70 12.62 12.76 12.68 1390 22440.00 1031456342.00
22/06/2016 12.62 12.60 12.72 12.72 1954 34082.00 1571521769.00
23/06/2016 12.63 12.55 12.67 12.57 1489 31650.00 1462099133.00
24/06/2016 12.85 12.58 12.85 12.60 2083 37925.00 1750150757.00
27/06/2016 12.60 12.38 12.63 12.39 1131 30234.00 1410649937.00
28/06/2016 12.44 12.18 12.44 12.20 4203 96690.00 4553152658.00
29/06/2016 12.12 12.12 12.33 12.29 3084 43825.00 2073257799.00
30/06/2016 12.35 12.16 12.38 12.25 4675 62525.00 2950686402.00
01/07/2016 12.21 12.21 12.37 12.34 3412 48625.00 2292821450.00
04/07/2016 12.30 12.19 12.35 12.23 1384 17345.00 821297338.00
05/07/2016 12.32 12.23 12.38 12.37 1710 33130.00 1564785281.00
06/07/2016 12.41 12.38 12.54 12.43 1367 24205.00 1132887945.00
07/07/2016 12.42 12.33 12.48 12.39 1189 16730.00 786739599.00
08/07/2016 12.26 12.13 12.30 12.18 2402 29515.00 1404287466.00
11/07/2016 12.12 12.09 12.15 12.14 1235 19380.00 926547612.00
12/07/2016 12.06 12.02 12.22 12.21 1826 38920.00 1859761405.00
13/07/2016 12.22 12.07 12.22 12.09 2152 48195.00 2305179924.00
14/07/2016 12.00 11.96 12.07 12.06 2106 47560.00 2288804600.00
15/07/2016 12.04 12.00 12.09 12.06 1207 13000.00 625465959.00
18/07/2016 12.03 11.99 12.05 12.04 940 27975.00 1348656595.00
19/07/2016 12.04 12.03 12.11 12.04 1109 30620.00 1471991400.00
20/07/2016 12.04 11.92 12.05 11.97 1671 46330.00 2242366029.00
21/07/2016 11.98 11.91 12.03 12.01 1538 15125.00 732030817.00
22/07/2016 12.02 12.02 12.15 12.10 1290 28845.00 1387433701.00
25/07/2016 12.14 12.12 12.22 12.13 1226 17985.00 861890281.00
26/07/2016 12.14 12.03 12.14 12.12 905 28600.00 1377803263.00
27/07/2016 12.11 12.06 12.19 12.07 1911 46615.00 2240850460.00
28/07/2016 12.09 12.04 12.13 12.09 1544 33075.00 1593080624.00
29/07/2016 12.10 12.00 12.12 12.00 1214 15035.00 726936161.00
01/08/2016 11.97 11.95 12.01 11.98 420 7270.00 352917279.00
02/08/2016 12.01 11.98 12.14 12.09 1560 35370.00 1708767960.00
03/08/2016 12.18 12.10 12.25 12.13 2476 26675.00 1280447872.00
04/08/2016 12.09 11.99 12.10 12.05 1516 19710.00 954034336.00
05/08/2016 11.99 11.90 12.01 11.90 1412 22310.00 1085793442.00
08/08/2016 11.93 11.93 12.05 12.04 1000 14875.00 722482828.00
09/08/2016 12.01 11.88 12.03 11.90 1275 20775.00 1013331724.00
10/08/2016 11.96 11.89 12.00 11.96 901 20960.00 1021925098.00
11/08/2016 12.00 11.94 12.03 11.97 741 30205.00 1470034592.00
12/08/2016 12.00 11.89 12.02 11.97 1774 25045.00 1222051224.00
15/08/2016 12.01 11.90 12.02 11.94 462 5775.00 281946592.00
16/08/2016 11.87 11.86 11.96 11.96 1152 42240.00 2068198110.00
17/08/2016 11.96 11.89 12.00 11.90 1294 28385.00 1387079096.00
18/08/2016 11.90 11.90 12.01 12.00 945 37760.00 1844297127.00
19/08/2016 12.04 11.91 12.04 11.92 883 18435.00 901650847.00
22/08/2016 11.94 11.90 11.98 11.94 611 13550.00 662992039.00
23/08/2016 11.89 11.89 12.04 12.04 1061 25505.00 1246016040.00
24/08/2016 12.04 12.03 12.12 12.06 826 26905.00 1308201495.00
25/08/2016 12.07 12.04 12.12 12.07 1061 26610.00 1294363697.00
26/08/2016 12.04 11.99 12.32 12.25 2690 34145.00 1657536570.00
29/08/2016 12.27 12.14 12.30 12.15 975 17595.00 850044493.00
30/08/2016 12.13 12.12 12.32 12.22 1723 31239.00 1506819195.00
31/08/2016 12.21 12.11 12.25 12.13 1414 47345.00 2291780405.00
01/09/2016 12.02 11.99 12.11 12.09 1813 20550.00 1002079833.00
02/09/2016 12.07 11.98 12.12 12.04 2529 48395.00 2368439566.00
05/09/2016 12.00 12.00 12.07 12.06 347 12070.00 590541716.00
06/09/2016 12.03 11.98 12.10 11.99 1734 32050.00 1567991231.00
08/09/2016 11.98 11.96 12.08 12.08 2975 63445.00 3110707941.00
09/09/2016 12.14 12.12 12.30 12.28 2480 34925.00 1693742351.00
12/09/2016 12.32 12.16 12.35 12.17 2894 114165.00 5546086932.00
13/09/2016 12.23 12.18 12.56 12.45 4664 61340.00 2949206162.00
14/09/2016 12.44 12.36 12.59 12.47 4250 68165.00 3264046031.00
15/09/2016 12.43 12.30 12.53 12.32 5084 62065.00 2979377128.00
16/09/2016 12.31 12.25 12.38 12.27 2543 33461.00 1616270781.00
19/09/2016 12.21 12.21 12.31 12.29 990 30132.00 1461096613.00
20/09/2016 12.24 12.20 12.30 12.26 2181 72620.00 3527888463.00
21/09/2016 12.18 12.05 12.21 12.05 3502 62190.00 3042712085.00
22/09/2016 11.94 11.84 11.95 11.91 2843 46985.00 2328116603.00
23/09/2016 11.91 11.81 11.92 11.90 1766 39215.00 1949141609.00
26/09/2016 11.91 11.90 11.97 11.90 2111 30535.00 1511818799.00
27/09/2016 11.81 11.73 11.82 11.75 1449 32380.00 1617551237.00
28/09/2016 11.79 11.65 11.79 11.70 3438 75598.00 3792492337.00
29/09/2016 11.70 11.61 11.88 11.78 6410 115445.00 5797294331.00
30/09/2016 11.77 11.62 11.81 11.67 2078 33285.00 1672935107.00
03/10/2016 11.64 11.50 11.66 11.53 3593 54035.00 2736749362.00
04/10/2016 11.54 11.49 11.67 11.63 3191 53904.00 2730511530.00
05/10/2016 11.63 11.45 11.66 11.47 3630 62250.00 3156707887.00
06/10/2016 11.49 11.44 11.54 11.49 2290 51500.00 2620947958.00
07/10/2016 11.40 11.38 11.48 11.43 3105 50848.00 2599500762.00
10/10/2016 11.44 11.32 11.47 11.37 1714 19807.00 1015503421.00
11/10/2016 11.35 11.35 11.45 11.44 2357 38255.00 1958858414.00
13/10/2016 11.43 11.40 11.51 11.42 2026 30665.00 1568781421.00
14/10/2016 11.34 11.31 11.42 11.40 2688 44275.00 2276640064.00
17/10/2016 11.39 11.34 11.41 11.36 1571 24295.00 1247919056.00
18/10/2016 11.31 11.27 11.34 11.28 2348 44575.00 2299492597.00
19/10/2016 11.26 11.15 11.28 11.16 4093 74914.00 3890115289.00
20/10/2016 11.22 11.12 11.25 11.13 4506 82350.00 4286204058.00
21/10/2016 11.11 11.09 11.27 11.25 3480 56515.00 2936639754.00
24/10/2016 11.22 11.12 11.27 11.12 2863 40240.00 2096901232.00
25/10/2016 11.17 11.08 11.27 11.24 2476 39330.00 2047686062.00
26/10/2016 11.25 11.22 11.32 11.32 2156 40235.00 2084668899.00
27/10/2016 11.34 11.27 11.45 11.38 2538 53220.00 2744164436.00
28/10/2016 11.35 11.29 11.46 11.39 3529 47130.00 2431650092.00
31/10/2016 11.37 11.32 11.42 11.38 2205 36915.00 1903853576.00
01/11/2016 11.38 11.33 11.54 11.47 4018 46295.00 2375837530.00
03/11/2016 11.52 11.49 11.61 11.59 3732 63575.00 3248754979.00
04/11/2016 11.62 11.47 11.64 11.50 2787 58460.00 2993159445.00
07/11/2016 11.40 11.31 11.42 11.35 2468 38735.00 2004355691.00
08/11/2016 11.35 11.27 11.39 11.27 1745 24510.00 1270719438.00
09/11/2016 11.45 11.43 11.59 11.55 5225 60545.00 3111022573.00
10/11/2016 11.54 11.54 12.14 12.06 10961 128270.00 6443816366.00
11/11/2016 12.13 12.04 12.63 12.17 9641 83895.00 4134435438.00
14/11/2016 12.23 12.23 12.62 12.47 7741 86675.00 4223823449.00
16/11/2016 12.41 12.14 12.50 12.16 5201 58940.00 2906480846.00
17/11/2016 12.10 12.05 12.30 12.28 4987 53940.00 2673005331.00
18/11/2016 12.39 12.18 12.41 12.28 4522 46310.00 2285898076.00
21/11/2016 12.22 11.97 12.23 11.97 3463 37029.00 1846355855.00
22/11/2016 11.88 11.87 12.06 11.95 3286 56639.00 2843191721.00
23/11/2016 11.92 11.90 12.14 12.00 5145 60335.00 3023349940.00
24/11/2016 12.01 11.97 12.07 12.05 997 21330.00 1069586842.00
25/11/2016 12.22 12.17 12.34 12.29 4173 42410.00 2103894727.00
28/11/2016 12.18 12.07 12.22 12.11 2198 25755.00 1283997914.00
29/11/2016 12.13 12.02 12.13 12.02 1421 15281.00 765016160.00
30/11/2016 12.00 11.92 12.06 11.99 2980 42895.00 2159273161.00
01/12/2016 12.01 11.93 12.50 12.47 10670 110378.00 5480357751.00
02/12/2016 12.50 12.42 12.77 12.58 10521 111320.00 5434275425.00
05/12/2016 12.48 12.24 12.48 12.26 3077 41310.00 2043514101.00
06/12/2016 12.30 12.21 12.46 12.34 3780 52820.00 2617528903.00
07/12/2016 12.20 12.07 12.21 12.10 2097 25070.00 1255379982.00
08/12/2016 12.03 11.90 12.13 11.91 2053 23180.00 1168027672.00
09/12/2016 11.90 11.85 12.07 12.03 3003 35765.00 1811767370.00
12/12/2016 12.20 12.05 12.21 12.08 2386 27834.00 1396120442.00
13/12/2016 12.04 11.97 12.17 12.17 1632 27060.00 1363013798.00
14/12/2016 12.19 12.09 12.29 12.29 2340 26995.00 1350883674.00
15/12/2016 12.37 12.19 12.40 12.20 3880 57265.00 2850590278.00
16/12/2016 12.15 12.08 12.20 12.16 2301 31310.00 1571781200.00
19/12/2016 12.16 12.06 12.23 12.06 1084 12625.00 634196785.00
20/12/2016 12.07 11.93 12.10 11.97 2448 54425.00 2759409239.00
21/12/2016 11.90 11.72 11.90 11.77 2285 37080.00 1896327058.00
22/12/2016 11.74 11.64 11.82 11.67 1025 21590.00 1110000824.00
23/12/2016 11.65 11.62 11.68 11.68 498 10600.00 547898703.00
26/12/2016 11.64 11.59 11.64 11.61 80 6106.00 315997222.00
27/12/2016 11.63 11.59 11.65 11.63 567 8690.00 449980979.00
28/12/2016 11.61 11.60 11.63 11.62 639 45265.00 2345853052.00
29/12/2016 11.61 11.54 11.61 11.57 916 36524.00 1896124785.00
02/01/2017 11.50 11.39 11.53 11.39 1006 22405.00 1173299504.00
03/01/2017 11.43 11.41 11.49 11.46 1592 38380.00 2009908680.00
04/01/2017 11.43 11.40 11.59 11.58 2799 50235.00 2620255513.00
05/01/2017 11.55 11.44 11.56 11.50 2961 62590.00 3272167233.00
06/01/2017 11.54 11.39 11.55 11.48 1947 27470.00 1439619556.00
09/01/2017 11.51 11.39 11.51 11.39 1098 21950.00 1151477107.00
10/01/2017 11.44 11.33 11.44 11.34 1410 33735.00 1777853250.00
11/01/2017 11.34 11.33 11.49 11.37 2550 34610.00 1820217605.00
12/01/2017 11.09 11.03 11.12 11.08 4609 77220.00 4136921115.00
13/01/2017 11.07 10.97 11.10 11.10 3436 45435.00 2439515260.00
16/01/2017 11.11 11.02 11.14 11.05 918 16245.00 872074179.00
17/01/2017 10.99 10.94 11.05 11.03 2418 43145.00 2326109731.00
18/01/2017 11.05 11.01 11.09 11.08 1283 28470.00 1530119234.00
19/01/2017 11.05 10.93 11.06 10.97 4009 63655.00 3429911309.00
20/01/2017 10.97 10.86 10.97 10.90 2205 36600.00 1984261288.00
23/01/2017 10.86 10.84 10.91 10.86 2033 45610.00 2477775183.00
24/01/2017 10.89 10.81 10.90 10.88 1767 38235.00 2078776013.00
26/01/2017 10.89 10.88 11.05 10.99 3198 64125.00 3474686919.00
27/01/2017 10.98 10.86 10.98 10.89 3005 41750.00 2266782395.00
30/01/2017 10.93 10.91 10.99 10.94 1373 17820.00 966597597.00
31/01/2017 10.95 10.91 11.00 10.95 2057 44461.00 2409280542.00
01/02/2017 10.96 10.91 11.02 10.92 1423 23245.00 1260457509.00
02/02/2017 10.88 10.79 10.89 10.85 3313 58740.00 3208946586.00
03/02/2017 10.83 10.70 10.84 10.72 2719 44735.00 2454525220.00
06/02/2017 10.68 10.62 10.69 10.67 1646 24170.00 1333279293.00
07/02/2017 10.70 10.56 10.73 10.57 1447 20705.00 1142849364.00
08/02/2017 10.58 10.49 10.58 10.52 1951 32625.00 1813994596.00
09/02/2017 10.54 10.46 10.55 10.50 1927 46175.00 2572594795.00
10/02/2017 10.47 10.44 10.53 10.45 2222 36337.00 2027234181.00
13/02/2017 10.42 10.41 10.47 10.43 1631 25045.00 1400265156.00
14/02/2017 10.42 10.40 10.59 10.43 2597 44260.00 2469484886.00
15/02/2017 10.41 10.41 10.51 10.44 2110 40655.00 2274261127.00
16/02/2017 10.44 10.42 10.58 10.53 2447 41645.00 2326529364.00
17/02/2017 10.55 10.45 10.57 10.49 2114 30203.00 1686462401.00
20/02/2017 10.47 10.44 10.49 10.47 435 12930.00 723620757.00
21/02/2017 10.47 10.37 10.49 10.39 2072 31100.00 1744795127.00
22/02/2017 10.40 10.32 10.43 10.33 1795 38030.00 2139299746.00
23/02/2017 10.25 10.20 10.29 10.21 2269 45840.00 2598742277.00
24/02/2017 10.27 10.25 10.34 10.27 2847 54755.00 3096779967.00
01/03/2017 10.33 10.20 10.35 10.21 1000 11515.00 652062677.00
02/03/2017 10.22 10.18 10.38 10.37 2814 46940.00 2656455330.00
03/03/2017 10.36 10.23 10.41 10.24 3494 55370.00 3136020703.00
06/03/2017 10.23 10.19 10.24 10.23 1756 33595.00 1910982895.00
07/03/2017 10.21 10.20 10.30 10.25 1741 45150.00 2563558662.00
08/03/2017 10.28 10.27 10.41 10.41 2972 48630.00 2749155039.00
09/03/2017 10.45 10.37 10.48 10.46 3423 51000.00 2871629678.00
10/03/2017 10.39 10.23 10.39 10.26 3467 56805.00 3223991711.00
13/03/2017 10.23 10.17 10.25 10.21 1776 39315.00 2240142913.00
14/03/2017 10.23 10.22 10.37 10.37 3851 71335.00 4047097667.00
15/03/2017 10.34 10.19 10.43 10.29 3093 50875.00 2885696085.00
16/03/2017 10.29 10.21 10.29 10.25 3400 54325.00 3093518589.00
17/03/2017 10.25 10.18 10.32 10.26 3566 57250.00 3263240983.00
20/03/2017 10.26 10.23 10.30 10.25 1233 22370.00 1274670452.00
21/03/2017 10.26 10.18 10.26 10.19 1938 32560.00 1859928773.00
22/03/2017 10.26 10.23 10.32 10.27 2183 43265.00 2466015498.00
23/03/2017 10.30 10.26 10.38 10.30 3949 70480.00 4004696378.00
24/03/2017 10.29 10.12 10.32 10.13 3550 82281.00 4706546176.00
27/03/2017 10.14 10.08 10.19 10.11 1681 26270.00 1509680402.00
28/03/2017 10.12 10.11 10.20 10.18 1737 37700.00 2165126820.00
29/03/2017 10.15 10.11 10.20 10.13 1966 43478.00 2499025494.00
30/03/2017 10.13 10.06 10.16 10.14 3134 78685.00 4533701457.00
31/03/2017 10.14 10.06 10.15 10.13 2914 38455.00 2215995199.00
03/04/2017 10.13 10.05 10.14 10.06 2018 27020.00 1558054628.00
04/04/2017 10.09 10.01 10.13 10.03 2846 88350.00 5111950616.00
05/04/2017 10.02 9.97 10.13 10.12 1738 38530.00 2231121543.00
06/04/2017 10.16 10.10 10.25 10.21 3161 57456.00 3305855336.00
07/04/2017 10.19 10.09 10.23 10.15 3198 50935.00 2932923416.00
10/04/2017 10.12 10.04 10.12 10.05 1617 27235.00 1575393567.00
11/04/2017 10.02 10.00 10.12 10.10 2996 54560.00 3156421356.00
12/04/2017 10.12 10.08 10.15 10.10 2289 50525.00 2918510505.00
13/04/2017 10.12 10.11 10.24 10.21 2769 56860.00 3273228497.00
17/04/2017 10.16 10.14 10.21 10.16 1595 23715.00 1367148865.00
18/04/2017 10.10 10.09 10.17 10.15 1756 36355.00 2100023758.00
19/04/2017 10.11 10.11 10.27 10.26 2138 50001.00 2881242310.00
20/04/2017 10.21 10.17 10.32 10.22 2242 38640.00 2224011438.00
24/04/2017 10.16 10.13 10.20 10.20 1527 26210.00 1514241647.00
25/04/2017 10.26 10.26 10.42 10.35 4854 67960.00 3889830597.00
26/04/2017 10.40 10.37 10.48 10.40 3172 46155.00 2632525503.00
27/04/2017 10.32 10.31 10.46 10.43 2623 45405.00 2595707279.00
28/04/2017 10.44 10.31 10.47 10.32 2850 45915.00 2626607174.00
02/05/2017 10.31 10.21 10.37 10.24 1971 46125.00 2656495332.00
03/05/2017 10.22 10.17 10.30 10.30 2278 39960.00 2306783554.00
04/05/2017 10.30 10.28 10.38 10.31 2013 48840.00 2804592194.00
05/05/2017 10.32 10.24 10.34 10.28 1895 24030.00 1384335566.00
08/05/2017 10.27 10.23 10.32 10.25 1310 21160.00 1220169599.00
09/05/2017 10.23 10.17 10.24 10.17 1857 33275.00 1925735117.00
10/05/2017 10.12 10.11 10.18 10.16 2472 37535.00 2179510252.00
11/05/2017 10.11 10.07 10.13 10.09 2029 57630.00 3354738751.00
12/05/2017 10.09 10.01 10.11 10.02 2987 56885.00 3322290111.00
15/05/2017 10.01 9.98 10.06 9.98 3228 47685.00 2789899359.00
16/05/2017 9.98 9.83 10.00 9.87 2676 65865.00 3878473748.00
17/05/2017 9.88 9.84 10.00 10.00 4209 57605.00 3388289450.00
18/05/2017 11.30 11.30 11.75 11.75 242 12211.00 658119002.00
19/05/2017 11.72 11.40 12.15 11.59 14769 135107.00 7271620891.00
22/05/2017 11.61 11.61 12.14 11.90 8028 88805.00 4730422729.00
23/05/2017 11.93 11.35 12.10 11.40 6576 72465.00 3910662611.00
24/05/2017 11.45 10.93 11.47 11.12 5619 62265.00 3455874857.00
25/05/2017 11.13 10.98 11.17 11.01 4175 46335.00 2581879133.00
26/05/2017 10.95 10.81 10.97 10.93 4633 79210.00 4452548946.00
29/05/2017 10.98 10.78 11.10 10.79 2301 26410.00 1482146623.00
30/05/2017 10.81 10.75 10.97 10.88 4110 49955.00 2809091263.00
31/05/2017 10.84 10.75 10.88 10.77 4223 56070.00 3167979666.00
01/06/2017 10.81 10.74 10.91 10.91 4280 49865.00 2814660211.00
02/06/2017 10.92 10.80 10.98 10.96 4125 47830.00 2691811903.00
05/06/2017 10.98 10.97 11.06 11.01 2119 31525.00 1763256035.00
06/06/2017 10.98 10.86 10.98 10.87 2348 37075.00 2084079249.00
07/06/2017 10.86 10.83 10.99 10.90 2898 45745.00 2574368323.00
08/06/2017 10.95 10.92 11.04 10.96 2602 41390.00 2323677230.00
09/06/2017 10.91 10.76 10.94 10.91 5920 81060.00 4584544868.00
12/06/2017 10.94 10.73 10.94 10.76 4242 48930.00 2776628874.00
13/06/2017 10.73 10.68 10.83 10.82 4907 77605.00 4410542861.00
14/06/2017 10.80 10.62 10.82 10.67 4537 81545.00 4648960678.00
16/06/2017 10.66 10.49 10.67 10.49 4088 58720.00 3370622986.00
