01/06/2016 12.81 12.75 12.93 12.78 2371 30850.00 2005185046.00
02/06/2016 12.75 12.62 12.79 12.65 3963 66470.00 4338242903.00
03/06/2016 12.65 12.40 12.65 12.45 4252 73550.00 4830956293.00
06/06/2016 12.42 12.33 12.48 12.33 2639 31415.00 2071609076.00
07/06/2016 12.42 12.36 12.53 12.45 4999 72485.00 4775197727.00
08/06/2016 12.33 12.27 12.38 12.31 4484 60054.00 3973618024.00
09/06/2016 12.37 12.28 12.41 12.39 3439 59280.00 3920207084.00
10/06/2016 12.45 12.41 12.60 12.60 3164 39201.00 2580539942.00
13/06/2016 12.61 12.51 12.70 12.57 3252 52050.00 3418286312.00
14/06/2016 12.62 12.47 12.66 12.64 4238 47330.00 3113138695.00
15/06/2016 12.60 12.54 12.78 12.70 4432 66470.00 4365726624.00
16/06/2016 12.72 12.65 12.80 12.67 4806 76280.00 4998339773.00
17/06/2016 12.62 12.57 12.65 12.59 2405 44160.00 2904421147.00
20/06/2016 12.48 12.48 12.59 12.57 1873 32215.00 2123782404.00
21/06/2016 12.46 12.41 12.53 12.44 3687 55573.00 3675212604.00
22/06/2016 12.40 12.39 12.55 12.54 2683 42625.00 2821324511.00
23/06/2016 12.42 12.40 12.52 12.41 4182 139895.00 9262728632.00
24/06/2016 12.70 12.42 12.70 12.43 3656 54090.00 3578937041.00
27/06/2016 12.41 12.20 12.44 12.22 4092 59385.00 3954377690.00
28/06/2016 12.30 12.14 12.35 12.16 6003 96285.00 6429092553.00
29/06/2016 12.10 12.10 12.33 12.33 5019 62165.00 4154203206.00
30/06/2016 12.36 12.18 12.39 12.25 9274 154810.00 10335440821.00
01/07/2016 12.20 12.15 12.27 12.21 6370 104197.00 6971275718.00
04/07/2016 12.19 12.11 12.23 12.13 1916 48915.00 3280035569.00
05/07/2016 12.19 12.17 12.28 12.28 3034 56860.00 3805797721.00
06/07/2016 12.30 12.30 12.44 12.35 3099 53354.00 3556879774.00
07/07/2016 12.38 12.26 12.39 12.33 3581 63219.00 4223801748.00
08/07/2016 12.21 12.09 12.22 12.12 4608 67885.00 4562386930.00
11/07/2016 12.06 12.05 12.12 12.10 2764 49575.00 3339533761.00
12/07/2016 12.04 12.00 12.17 12.14 3760 68235.00 4599366630.00
13/07/2016 12.15 12.04 12.16 12.06 2645 42689.00 2877027757.00
14/07/2016 11.98 11.98 12.06 12.05 3442 52477.00 3546106135.00
15/07/2016 12.04 12.03 12.12 12.09 2940 41800.00 2822256624.00
18/07/2016 12.04 12.02 12.08 12.07 1344 24396.00 1649219072.00
19/07/2016 12.09 12.04 12.11 12.05 1589 22910.00 1547710041.00
20/07/2016 12.04 11.96 12.04 12.00 2389 42545.00 2882497194.00
21/07/2016 12.03 11.99 12.12 12.09 3909 49272.00 3333207633.00
22/07/2016 12.10 12.10 12.21 12.15 2690 43655.00 2945871526.00
25/07/2016 12.17 12.17 12.26 12.19 2062 26070.00 1757090997.00
26/07/2016 12.27 12.13 12.27 12.18 1570 25265.00 1706104939.00
27/07/2016 12.19 12.14 12.26 12.16 2076 35364.00 2387197765.00
28/07/2016 12.16 12.15 12.22 12.20 1869 38745.00 2616674215.00
29/07/2016 12.19 12.10 12.23 12.12 2314 29865.00 2020422826.00
01/08/2016 12.04 12.02 12.10 12.04 1522 16692.00 1133333665.00
02/08/2016 12.06 12.05 12.16 12.12 3419 36233.00 2455911277.00
03/08/2016 12.18 12.13 12.26 12.16 3968 57510.00 3891106760.00
04/08/2016 12.13 12.05 12.14 12.06 1843 30192.00 2050746903.00
05/08/2016 12.03 11.94 12.05 11.96 2393 34290.00 2335552233.00
08/08/2016 11.99 11.98 12.06 12.03 1913 20015.00 1362851700.00
09/08/2016 12.01 11.93 12.04 11.93 2197 28493.00 1944612988.00
10/08/2016 11.96 11.93 12.01 11.97 1910 38705.00 2642261991.00
11/08/2016 12.01 11.95 12.03 11.97 1216 47422.00 3236727788.00
12/08/2016 11.99 11.90 12.02 11.97 2210 30470.00 2083947157.00
15/08/2016 12.00 11.92 12.02 11.96 1562 23390.00 1599876312.00
16/08/2016 11.91 11.90 11.98 11.98 1975 33087.00 2264467108.00
17/08/2016 12.00 11.95 12.03 11.95 1951 31310.00 2141165969.00
18/08/2016 11.97 11.97 12.05 12.05 1378 27310.00 1867214228.00
19/08/2016 12.05 11.96 12.07 11.97 2273 47881.00 3276285609.00
22/08/2016 11.99 11.96 12.02 11.99 756 11780.00 806300944.00
23/08/2016 11.97 11.95 12.04 12.04 2459 31885.00 2183499429.00
24/08/2016 12.00 12.00 12.10 12.06 1582 36980.00 2529395204.00
25/08/2016 12.06 12.03 12.11 12.05 3067 50270.00 3438381950.00
26/08/2016 12.05 11.99 12.23 12.18 5905 76925.00 5258350395.00
29/08/2016 12.20 12.13 12.26 12.14 2223 27345.00 1865086267.00
30/08/2016 12.16 12.11 12.28 12.19 3357 47050.00 3208305482.00
31/08/2016 12.19 12.09 12.20 12.10 2230 45830.00 3133239972.00
01/09/2016 11.95 11.95 12.01 11.98 6711 97805.00 6722419127.00
02/09/2016 11.98 11.86 12.01 11.91 7681 123380.00 8503586325.00
05/09/2016 11.88 11.87 11.93 11.92 933 20195.00 1392602587.00
06/09/2016 11.89 11.83 11.94 11.84 3609 44640.00 3081627542.00
08/09/2016 11.85 11.78 11.88 11.88 5411 80985.00 5602361296.00
09/09/2016 11.93 11.91 12.08 12.05 4303 68800.00 4739582300.00
12/09/2016 12.06 11.93 12.13 11.96 3437 144717.00 9972053433.00
13/09/2016 11.99 11.95 12.24 12.17 8666 116777.00 8019881905.00
14/09/2016 12.14 12.05 12.27 12.14 8793 127832.00 8774892357.00
15/09/2016 12.11 12.03 12.20 12.05 8709 133473.00 9173950005.00
16/09/2016 12.03 11.97 12.08 11.98 5472 82295.00 5673805505.00
19/09/2016 11.96 11.94 12.00 11.98 2139 29565.00 2042545930.00
20/09/2016 11.95 11.89 12.01 11.98 4422 175805.00 12164193653.00
21/09/2016 11.90 11.80 11.91 11.80 4451 85161.00 5907181924.00
22/09/2016 11.78 11.61 11.78 11.68 5001 89485.00 6247532927.00
23/09/2016 11.65 11.59 11.68 11.67 2916 51010.00 3566983335.00
26/09/2016 11.67 11.64 11.72 11.64 2622 38933.00 2718932860.00
27/09/2016 11.57 11.50 11.58 11.52 3255 67055.00 4705276989.00
28/09/2016 11.54 11.47 11.56 11.54 5620 76125.00 5346161868.00
29/09/2016 11.55 11.51 11.67 11.62 7292 112508.00 7892855420.00
30/09/2016 11.61 11.51 11.62 11.56 2459 44555.00 3127869925.00
03/10/2016 11.54 11.39 11.56 11.42 4461 90825.00 6396349439.00
04/10/2016 11.36 11.36 11.51 11.47 6552 87426.00 6167035205.00
05/10/2016 11.46 11.32 11.46 11.35 3574 49885.00 3524294540.00
06/10/2016 11.35 11.30 11.38 11.32 3738 58193.00 4118562619.00
07/10/2016 11.33 11.21 11.33 11.23 4210 59258.00 4206642123.00
10/10/2016 11.23 11.18 11.27 11.22 3399 41920.00 2979129324.00
11/10/2016 11.20 11.20 11.30 11.27 3641 48525.00 3446560064.00
13/10/2016 11.26 11.24 11.34 11.25 4007 63360.00 4497490526.00
14/10/2016 11.18 11.16 11.28 11.26 4595 62480.00 4448692616.00
17/10/2016 11.26 11.21 11.27 11.23 1513 108375.00 7710999211.00
18/10/2016 11.19 11.17 11.23 11.17 2976 58915.00 4198873248.00
19/10/2016 11.15 11.07 11.17 11.07 4145 96185.00 6875727741.00
20/10/2016 11.20 11.12 11.24 11.14 9131 161180.00 11501858494.00
21/10/2016 11.12 11.09 11.26 11.24 3645 75935.00 5419014871.00
24/10/2016 11.20 11.15 11.26 11.18 6784 120460.00 8600263685.00
25/10/2016 11.21 11.18 11.31 11.29 5091 124326.00 8869053302.00
26/10/2016 11.31 11.26 11.37 11.37 2820 43815.00 3119907697.00
27/10/2016 11.37 11.29 11.45 11.40 4474 71570.00 5089729056.00
28/10/2016 11.36 11.29 11.43 11.38 4043 63620.00 4528453437.00
31/10/2016 11.36 11.29 11.39 11.34 2681 41575.00 2962072497.00
01/11/2016 11.34 11.32 11.46 11.42 3697 80180.00 5701465719.00
03/11/2016 11.45 11.43 11.51 11.50 4190 96795.00 6877865807.00
04/11/2016 11.51 11.40 11.52 11.42 3113 79620.00 5662780225.00
07/11/2016 11.37 11.27 11.38 11.31 2553 48115.00 3437814248.00
08/11/2016 11.29 11.25 11.32 11.26 1763 37515.00 2683775921.00
09/11/2016 11.38 11.36 11.48 11.46 6383 104565.00 7454214046.00
10/11/2016 11.43 11.43 11.90 11.90 17316 214705.00 15183854537.00
11/11/2016 11.94 11.88 12.31 11.99 16063 165122.00 11570281125.00
14/11/2016 12.03 12.03 12.44 12.31 11841 148100.00 10309710144.00
16/11/2016 12.24 12.02 12.33 12.02 7827 105475.00 7372010967.00
17/11/2016 11.98 11.93 12.14 12.13 6507 109305.00 7671919778.00
18/11/2016 12.23 12.00 12.24 12.11 6199 81515.00 5717179528.00
21/11/2016 12.05 11.75 12.05 11.75 4531 52390.00 3699009662.00
22/11/2016 11.71 11.67 11.80 11.71 6114 114384.00 8109218191.00
23/11/2016 11.69 11.67 11.89 11.74 8300 94185.00 6670220188.00
24/11/2016 11.75 11.72 11.81 11.79 3052 34315.00 2433628845.00
25/11/2016 11.94 11.87 12.04 11.92 7393 85805.00 6059097283.00
28/11/2016 11.91 11.77 11.91 11.79 3156 42175.00 2989396211.00
29/11/2016 11.81 11.69 11.81 11.69 3395 46215.00 3282646574.00
30/11/2016 11.69 11.61 11.74 11.65 5472 93230.00 6638974582.00
01/12/2016 11.65 11.64 12.14 12.13 12600 148527.00 10513553676.00
02/12/2016 12.15 12.06 12.41 12.13 14533 178920.00 12569693969.00
05/12/2016 12.05 11.79 12.07 11.83 7486 106490.00 7549342942.00
06/12/2016 11.90 11.75 11.96 11.84 9833 136920.00 9722760473.00
07/12/2016 11.79 11.65 11.79 11.68 6790 119870.00 8548948531.00
08/12/2016 11.64 11.56 11.72 11.56 6447 95405.00 6819449614.00
09/12/2016 11.56 11.49 11.67 11.64 4632 71735.00 5139769385.00
12/12/2016 11.78 11.57 11.78 11.59 5984 93226.00 6669608775.00
13/12/2016 11.63 11.55 11.69 11.69 3993 56940.00 4077333336.00
14/12/2016 11.72 11.61 11.77 11.77 4112 66355.00 4746799436.00
15/12/2016 11.82 11.64 11.87 11.66 7367 114275.00 8156735010.00
16/12/2016 11.62 11.56 11.66 11.60 2815 49410.00 3542979554.00
19/12/2016 11.65 11.53 11.67 11.54 2368 38055.00 2732214720.00
20/12/2016 11.58 11.49 11.58 11.53 2938 44060.00 3169390145.00
21/12/2016 11.57 11.31 11.57 11.34 4921 92090.00 6653798541.00
22/12/2016 11.30 11.23 11.37 11.26 3387 51830.00 3755007528.00
23/12/2016 11.23 11.23 11.28 11.25 1026 19535.00 1417408266.00
26/12/2016 11.25 11.20 11.27 11.21 120 3411.00 247901608.00
27/12/2016 11.28 11.20 11.28 11.22 938 12685.00 922015058.00
28/12/2016 11.20 11.20 11.24 11.21 751 24115.00 1754166114.00
29/12/2016 11.18 11.17 11.22 11.19 1511 45225.00 3291813253.00
02/01/2017 11.17 11.04 11.17 11.05 1179 21455.00 1567861351.00
03/01/2017 11.08 11.05 11.13 11.10 3056 51625.00 3773724382.00
04/01/2017 11.09 11.05 11.17 11.16 3788 54030.00 3947651926.00
05/01/2017 11.10 11.00 11.12 11.04 5080 85040.00 6226659482.00
06/01/2017 11.04 10.96 11.08 11.03 4085 66315.00 4863494069.00
09/01/2017 11.06 11.00 11.06 11.00 1912 30886.00 2264989496.00
10/01/2017 11.03 10.94 11.05 10.94 2077 42103.00 3092524470.00
11/01/2017 10.96 10.89 11.06 10.96 4725 83331.00 6121464889.00
12/01/2017 10.66 10.58 10.66 10.61 6516 110985.00 8238362537.00
13/01/2017 10.62 10.56 10.65 10.64 7228 142785.00 10605053504.00
16/01/2017 10.64 10.55 10.66 10.59 2027 35570.00 2644006917.00
17/01/2017 10.51 10.51 10.62 10.62 3080 92695.00 6896998761.00
18/01/2017 10.61 10.57 10.65 10.64 1854 35665.00 2652016683.00
19/01/2017 10.59 10.52 10.61 10.55 4143 87705.00 6533639856.00
20/01/2017 10.56 10.46 10.56 10.50 3440 54130.00 4041387870.00
23/01/2017 10.47 10.43 10.52 10.48 2682 53415.00 3990598216.00
24/01/2017 10.48 10.44 10.51 10.50 2228 41255.00 3083639863.00
26/01/2017 10.51 10.51 10.63 10.60 4501 89810.00 6701790799.00
27/01/2017 10.57 10.50 10.59 10.50 3608 49375.00 3689279017.00
30/01/2017 10.55 10.53 10.57 10.55 2083 34540.00 2581166013.00
31/01/2017 10.54 10.49 10.57 10.50 3242 68285.00 5108620471.00
01/02/2017 10.49 10.48 10.56 10.49 3005 57220.00 4283329319.00
02/02/2017 10.48 10.42 10.48 10.44 3394 78240.00 5870143433.00
03/02/2017 10.43 10.32 10.44 10.34 3148 63001.00 4738949512.00
06/02/2017 10.33 10.28 10.33 10.31 2439 44730.00 3370402369.00
07/02/2017 10.33 10.20 10.36 10.20 3250 82072.00 6188343420.00
08/02/2017 10.20 10.16 10.24 10.20 2582 78095.00 5904885588.00
09/02/2017 10.23 10.15 10.25 10.21 3489 74295.00 5620335362.00
10/02/2017 10.20 10.12 10.21 10.16 3153 61567.00 4663342288.00
13/02/2017 10.15 10.12 10.18 10.13 1825 37835.00 2867789710.00
14/02/2017 10.15 10.11 10.26 10.11 4235 90200.00 6834820059.00
15/02/2017 10.12 10.11 10.21 10.16 2954 69725.00 5287525100.00
16/02/2017 10.16 10.13 10.28 10.25 4865 107795.00 8169860124.00
17/02/2017 10.27 10.15 10.29 10.17 3972 93870.00 7117289733.00
20/02/2017 10.17 10.13 10.18 10.15 1089 31050.00 2358171636.00
21/02/2017 10.15 10.07 10.16 10.09 4253 93309.00 7097149131.00
22/02/2017 10.11 10.02 10.13 10.05 4026 78305.00 5962550120.00
23/02/2017 9.95 9.90 9.98 9.91 3858 115485.00 8830426787.00
24/02/2017 9.95 9.93 10.00 9.95 4211 68115.00 5206030792.00
01/03/2017 9.98 9.88 10.01 9.89 1446 39345.00 3008958514.00
02/03/2017 9.88 9.87 9.99 9.99 4527 91685.00 7022171864.00
03/03/2017 9.96 9.84 9.99 9.86 4533 92453.00 7086212739.00
06/03/2017 9.85 9.80 9.85 9.81 2494 42845.00 3292141232.00
07/03/2017 9.81 9.80 9.89 9.85 4044 74272.00 5706646653.00
08/03/2017 9.87 9.86 9.98 9.96 4682 91095.00 6987590956.00
09/03/2017 9.98 9.92 10.02 10.01 4774 110070.00 8432570366.00
10/03/2017 9.94 9.75 9.94 9.79 6317 141245.00 10866753884.00
13/03/2017 9.78 9.70 9.78 9.72 2903 66366.00 5120105909.00
14/03/2017 9.74 9.73 9.85 9.83 4245 93200.00 7182204742.00
15/03/2017 9.81 9.68 9.89 9.75 6092 157035.00 12104358641.00
16/03/2017 9.75 9.71 9.79 9.76 2728 71269.00 5500907996.00
17/03/2017 9.77 9.73 9.81 9.77 2665 44215.00 3413053772.00
20/03/2017 9.79 9.76 9.81 9.77 1677 37862.00 2923107666.00
21/03/2017 9.78 9.68 9.78 9.70 4852 123770.00 9573552995.00
22/03/2017 9.78 9.73 9.81 9.75 3726 68155.00 5267163816.00
23/03/2017 9.79 9.78 9.86 9.81 5082 128180.00 9894706932.00
24/03/2017 9.80 9.65 9.83 9.66 4635 108715.00 8415759558.00
27/03/2017 9.68 9.61 9.70 9.65 2302 45053.00 3496182623.00
28/03/2017 9.66 9.63 9.70 9.69 2246 67977.00 5273362791.00
29/03/2017 9.68 9.63 9.71 9.64 3103 60905.00 4727679239.00
30/03/2017 9.63 9.63 9.72 9.72 5296 99230.00 7702607375.00
31/03/2017 9.71 9.65 9.73 9.71 3090 77550.00 6020081450.00
03/04/2017 9.71 9.64 9.72 9.65 2157 38352.00 2979395659.00
04/04/2017 9.66 9.61 9.70 9.63 2323 43440.00 3378684929.00
05/04/2017 9.61 9.57 9.70 9.69 2195 63180.00 4916613478.00
06/04/2017 9.71 9.67 9.79 9.78 5355 119170.00 9253559617.00
07/04/2017 9.77 9.66 9.78 9.71 5237 102840.00 7992600423.00
10/04/2017 9.67 9.60 9.68 9.61 2991 50545.00 3938279467.00
11/04/2017 9.60 9.56 9.65 9.64 3980 91170.00 7109807078.00
12/04/2017 9.64 9.61 9.68 9.64 3493 63865.00 4977303157.00
13/04/2017 9.66 9.66 9.77 9.72 4192 93270.00 7259952814.00
17/04/2017 9.68 9.66 9.72 9.69 2852 49750.00 3876187717.00
18/04/2017 9.64 9.60 9.66 9.63 5020 86113.00 6722723634.00
19/04/2017 9.63 9.61 9.73 9.72 3307 90025.00 7025001396.00
20/04/2017 9.67 9.65 9.77 9.69 5278 125720.00 9801108230.00
24/04/2017 9.64 9.62 9.67 9.67 2954 95310.00 7446109126.00
25/04/2017 9.72 9.72 9.82 9.76 8574 160105.00 12473525556.00
26/04/2017 9.82 9.77 9.87 9.78 6167 123130.00 9587189314.00
27/04/2017 9.72 9.71 9.84 9.82 4239 84615.00 6595188645.00
28/04/2017 9.82 9.71 9.84 9.72 5200 111860.00 8726463754.00
02/05/2017 9.69 9.64 9.75 9.65 3771 74615.00 5834630975.00
03/05/2017 9.65 9.59 9.70 9.68 4805 119220.00 9335983826.00
04/05/2017 9.68 9.68 9.76 9.72 4244 106070.00 8290809650.00
05/05/2017 9.72 9.66 9.75 9.69 3958 78511.00 6143330904.00
08/05/2017 9.69 9.64 9.72 9.65 2736 49665.00 3889280999.00
09/05/2017 9.63 9.54 9.63 9.54 3657 105760.00 8303193613.00
10/05/2017 9.50 9.50 9.56 9.52 4023 135350.00 10647532622.00
11/05/2017 9.50 9.40 9.50 9.42 4567 109035.00 8597002668.00
12/05/2017 9.40 9.33 9.45 9.35 3704 109560.00 8654078662.00
15/05/2017 9.36 9.25 9.39 9.27 5290 141200.00 11175481032.00
16/05/2017 9.28 9.15 9.29 9.19 4687 130090.00 10329161636.00
17/05/2017 9.20 9.12 9.28 9.28 6892 144800.00 11496735247.00
18/05/2017 10.45 10.45 10.85 10.85 403 43874.00 3355639163.00
19/05/2017 10.94 10.55 11.34 10.71 31035 429321.00 32833972130.00
22/05/2017 10.73 10.73 11.31 10.99 18788 275315.00 20976996683.00
23/05/2017 11.03 10.51 11.11 10.53 13016 222870.00 17066044691.00
24/05/2017 10.64 10.18 10.64 10.33 13681 239570.00 18563547192.00
25/05/2017 10.30 10.19 10.36 10.20 6784 120410.00 9346450389.00
26/05/2017 10.14 9.91 10.14 10.00 13540 227600.00 17779253248.00
29/05/2017 10.00 9.84 10.13 9.84 3462 49210.00 3847872479.00
30/05/2017 9.87 9.80 10.04 9.96 16439 329690.00 25806591871.00
31/05/2017 9.94 9.83 9.96 9.86 8905 170500.00 13368736980.00
01/06/2017 9.94 9.89 10.04 10.04 13148 280505.00 21960036438.00
02/06/2017 10.04 9.94 10.11 10.11 8188 173450.00 13566734568.00
05/06/2017 10.14 10.08 10.19 10.13 7042 139195.00 10861963784.00
06/06/2017 10.09 9.91 10.10 9.93 5862 112150.00 8783428329.00
07/06/2017 9.95 9.88 10.03 9.97 4972 93145.00 7304148221.00
08/06/2017 10.01 9.96 10.06 9.99 4830 85620.00 6709658902.00
09/06/2017 9.92 9.75 9.92 9.87 9702 165835.00 13053689315.00
12/06/2017 9.82 9.70 9.82 9.75 6242 100455.00 7924788585.00
13/06/2017 9.73 9.70 9.86 9.85 8489 161490.00 12732197634.00
14/06/2017 9.83 9.69 9.86 9.74 8102 149305.00 11787749590.00
16/06/2017 9.73 9.61 9.73 9.61 5659 98845.00 7824304432.00
