02/02/2017 10.76 10.76 10.76 10.76 2 1850.00 167298978.00
08/02/2017 10.65 10.65 10.65 10.65 9 475.00 43066293.00
10/02/2017 10.59 10.59 10.59 10.59 1 1375.00 124830750.00
13/02/2017 10.58 10.58 10.58 10.58 2 1500.00 136245195.00
17/02/2017 10.47 10.47 10.47 10.47 2 20.00 1821286.00
02/03/2017 10.23 10.23 10.23 10.23 2 10190.00 932324777.00
03/03/2017 10.13 10.13 10.13 10.13 1 670.00 61375336.00
10/03/2017 10.07 10.07 10.07 10.07 1 160.00 14692000.00
14/03/2017 9.95 9.95 9.95 9.95 2 2470.00 227207840.00
17/03/2017 9.91 9.91 9.91 9.91 1 4805.00 442619061.00
20/03/2017 9.90 9.90 9.90 9.90 1 10.00 921617.00
21/03/2017 9.85 9.85 9.85 9.85 1 15.00 1383432.00
22/03/2017 9.86 9.86 9.86 9.86 1 15.00 1383840.00
23/03/2017 9.88 9.88 9.88 9.88 1 15.00 1384141.00
24/03/2017 9.83 9.83 9.89 9.89 2 65.00 6002295.00
27/03/2017 9.74 9.74 9.74 9.74 1 20.00 1848894.00
28/03/2017 9.74 9.74 9.74 9.74 1 15.00 1387182.00
29/03/2017 9.75 9.74 9.76 9.74 3 60.00 5550386.00
30/03/2017 9.80 9.80 9.80 9.80 1 10.00 925049.00
31/03/2017 9.80 9.78 9.80 9.78 53 2010.00 186011390.00
03/04/2017 9.73 9.73 9.73 9.73 2 905.00 83823181.00
04/04/2017 9.72 9.71 9.72 9.71 2 3820.00 354000514.00
05/04/2017 9.68 9.68 9.68 9.68 1 5400.00 500715648.00
06/04/2017 9.73 9.73 9.73 9.73 5 505.00 46825993.00
07/04/2017 9.70 9.70 9.70 9.70 1 5.00 463897.00
10/04/2017 9.59 9.59 9.59 9.59 5 515.00 47837618.00
11/04/2017 9.55 9.55 9.55 9.55 1 5.00 464764.00
12/04/2017 9.56 9.56 9.56 9.56 1 5.00 464882.00
13/04/2017 9.59 9.59 9.59 9.59 1 5.00 464949.00
18/04/2017 9.46 9.46 9.46 9.46 1 25.00 2328692.00
20/04/2017 9.47 9.47 9.47 9.47 6 505.00 47068297.00
24/04/2017 9.44 9.44 9.44 9.44 1 10.00 932578.00
25/04/2017 9.45 9.45 9.45 9.45 1 10.00 932846.00
26/04/2017 9.45 9.45 9.45 9.45 10 670.00 62523100.00
27/04/2017 9.44 9.44 9.44 9.44 8 770.00 71885660.00
28/04/2017 9.43 9.43 9.43 9.43 2 25.00 2335028.00
02/05/2017 9.37 9.37 9.39 9.39 2 25.00 2336490.00
03/05/2017 9.34 9.34 9.34 9.34 4 200.00 18704482.00
04/05/2017 9.40 9.38 9.40 9.38 3 110.00 10287346.00
05/05/2017 9.35 9.35 9.35 9.35 1 5.00 467927.00
08/05/2017 9.33 9.33 9.33 9.33 5 610.00 57113202.00
09/05/2017 9.28 9.28 9.28 9.28 3 520.00 48720261.00
10/05/2017 9.20 9.20 9.20 9.20 1 15.00 1406639.00
11/05/2017 9.08 9.08 9.08 9.08 1 15.00 1408254.00
12/05/2017 9.07 9.06 9.07 9.06 2 1660.00 155910964.00
15/05/2017 8.95 8.95 8.95 8.95 1 10.00 940289.00
16/05/2017 8.90 8.90 8.90 8.90 1 5.00 470474.00
17/05/2017 8.89 8.89 8.89 8.89 1 25.00 2353243.00
19/05/2017 9.72 9.69 9.72 9.69 6 1055.00 98855242.00
22/05/2017 9.74 9.74 9.74 9.74 5 525.00 49200317.00
23/05/2017 9.57 9.57 9.57 9.57 8 310.00 29093639.00
24/05/2017 9.48 9.48 9.50 9.50 2 20.00 1878577.00
25/05/2017 9.48 9.48 9.48 9.48 10 2690.00 252790198.00
26/05/2017 9.28 9.28 9.28 9.28 2 5565.00 523792936.00
29/05/2017 9.20 9.20 9.20 9.20 1 15.00 1413040.00
30/05/2017 9.24 9.24 9.24 9.24 1 10.00 942123.00
31/05/2017 9.19 9.19 9.19 9.19 1 15.00 1414114.00
01/06/2017 9.26 9.26 9.32 9.32 2 105.00 9897334.00
02/06/2017 9.33 9.33 9.33 9.33 1 5.00 471300.00
05/06/2017 9.36 9.36 9.38 9.38 10 2400.00 226248461.00
06/06/2017 9.29 9.29 9.29 9.29 1 10.00 943493.00
07/06/2017 9.26 9.26 9.26 9.26 2 115.00 10855942.00
08/06/2017 9.28 9.27 9.28 9.27 2 65.00 6137481.00
09/06/2017 9.10 9.10 9.10 9.10 1 5.00 472774.00
12/06/2017 9.09 9.09 9.09 9.09 3 210.00 19864559.00
13/06/2017 9.12 9.12 9.12 9.12 5 210.00 19867948.00
14/06/2017 9.10 9.10 9.10 9.10 3 180.00 17037540.00
16/06/2017 9.05 9.05 9.05 9.05 1 15.00 1420694.00
