09/03/2017 10.06 10.06 10.08 10.08 3 340.00 30994105.00
13/03/2017 9.89 9.86 9.90 9.86 8 3850.00 351802766.00
14/03/2017 9.87 9.87 9.87 9.87 1 2200.00 201136166.00
17/03/2017 9.86 9.86 9.86 9.86 1 5030.00 460425426.00
20/03/2017 9.85 9.85 9.85 9.85 2 10.00 915817.00
21/03/2017 9.80 9.80 9.80 9.80 1 15.00 1374763.00
22/03/2017 9.80 9.80 9.80 9.80 1 15.00 1375273.00
23/03/2017 9.82 9.82 9.82 9.82 1 15.00 1375552.00
24/03/2017 9.75 9.75 9.83 9.83 2 60.00 5506563.00
27/03/2017 9.68 9.68 9.68 9.68 1 15.00 1378185.00
28/03/2017 9.70 9.68 9.70 9.68 2 510.00 46868005.00
29/03/2017 9.68 9.67 9.68 9.67 2 15.00 1379272.00
30/03/2017 9.72 9.72 9.72 9.72 1 10.00 919498.00
31/03/2017 9.74 9.72 9.74 9.72 4 345.00 31730255.00
03/04/2017 9.75 9.68 9.75 9.68 2 10.00 920213.00
04/04/2017 9.66 9.66 9.67 9.67 2 3120.00 287317518.00
06/04/2017 9.66 9.66 9.66 9.66 1 5.00 460819.00
07/04/2017 9.65 9.65 9.65 9.65 1 5.00 461024.00
10/04/2017 9.53 9.53 9.53 9.53 1 5.00 461636.00
11/04/2017 9.48 9.48 9.49 9.49 9 1035.00 95628443.00
12/04/2017 9.50 9.50 9.50 9.50 1 5.00 462080.00
13/04/2017 9.50 9.50 9.53 9.53 3 305.00 28196930.00
18/04/2017 9.39 9.39 9.39 9.39 1 20.00 1851913.00
19/04/2017 9.43 9.43 9.43 9.43 1 5.00 462998.00
20/04/2017 9.40 9.40 9.40 9.40 1 5.00 463272.00
24/04/2017 9.39 9.39 9.39 9.39 1 10.00 926946.00
25/04/2017 9.40 9.40 9.40 9.40 1 15.00 1390807.00
26/04/2017 9.40 9.40 9.40 9.40 1 5.00 463767.00
28/04/2017 9.39 9.39 9.39 9.39 2 30.00 2784803.00
02/05/2017 9.33 9.32 9.33 9.32 2 30.00 2787197.00
04/05/2017 9.32 9.32 9.32 9.32 1 5.00 464873.00
05/05/2017 9.28 9.28 9.28 9.28 1 5.00 465176.00
08/05/2017 9.28 9.28 9.28 9.28 1 15.00 1396020.00
09/05/2017 9.22 9.22 9.22 9.22 1 20.00 1862839.00
10/05/2017 9.15 9.15 9.15 9.15 1 15.00 1398337.00
11/05/2017 9.03 9.03 9.07 9.07 2 115.00 10730993.00
12/05/2017 9.00 9.00 9.00 9.00 1 60.00 5603349.00
15/05/2017 8.98 8.90 8.98 8.90 2 85.00 7944382.00
16/05/2017 8.84 8.84 8.84 8.84 3 65.00 6081463.00
17/05/2017 8.83 8.83 8.83 8.83 1 5.00 467995.00
18/05/2017 10.08 10.08 10.08 10.08 2 600.00 55683522.00
19/05/2017 9.71 9.71 9.71 9.71 3 545.00 50728681.00
22/05/2017 9.71 9.71 9.71 9.71 1 15.00 1396715.00
23/05/2017 9.65 9.65 9.65 9.65 1 10.00 931876.00
24/05/2017 9.48 9.48 9.48 9.48 1 15.00 1399980.00
25/05/2017 9.45 9.45 9.45 9.45 1 15.00 1400774.00
26/05/2017 9.37 9.37 9.37 9.37 1 10.00 934699.00
29/05/2017 9.20 9.20 9.20 9.20 1 15.00 1404184.00
30/05/2017 9.22 9.22 9.22 9.22 1 15.00 1404483.00
31/05/2017 9.15 9.15 9.15 9.15 1 15.00 1405643.00
01/06/2017 9.32 9.32 9.33 9.33 4 1765.00 165259397.00
02/06/2017 9.35 9.35 9.35 9.35 1 10.00 936487.00
05/06/2017 9.38 9.36 9.38 9.36 4 310.00 29035726.00
06/06/2017 9.26 9.23 9.28 9.23 7 4075.00 382103446.00
07/06/2017 9.21 9.21 9.21 9.21 1 15.00 1407528.00
08/06/2017 9.22 9.22 9.22 9.22 1 15.00 1407928.00
09/06/2017 9.08 9.08 9.08 9.08 1 10.00 939838.00
12/06/2017 9.06 9.06 9.06 9.06 5 115.00 10812930.00
13/06/2017 9.05 9.05 9.09 9.09 5 1915.00 180128178.00
14/06/2017 9.06 9.06 9.06 9.06 6 215.00 20229397.00
16/06/2017 9.00 9.00 9.00 9.00 1 15.00 1412381.00
