01/06/2016 13.32 13.24 13.34 13.25 68 6305.00 567744958.00
02/06/2016 13.23 13.23 13.28 13.27 429 8175.00 736612314.00
03/06/2016 13.25 13.20 13.26 13.20 623 23825.00 2148302386.00
06/06/2016 13.18 13.18 13.23 13.19 879 54395.00 4908004951.00
07/06/2016 13.22 13.22 13.27 13.25 225 20735.00 1871288054.00
08/06/2016 13.24 13.18 13.25 13.19 207 9555.00 862864121.00
09/06/2016 13.26 13.26 13.33 13.32 591 17225.00 1555332576.00
10/06/2016 13.33 13.33 13.37 13.36 153 15335.00 1384833236.00
13/06/2016 13.38 13.32 13.40 13.35 112 7560.00 682997076.00
14/06/2016 13.30 13.30 13.42 13.38 171 16660.00 1506349617.00
15/06/2016 13.40 13.40 13.45 13.42 64 11430.00 1033322682.00
16/06/2016 13.43 13.43 13.49 13.46 471 34855.00 3151562160.00
17/06/2016 13.47 13.45 13.48 13.48 186 15455.00 1398028332.00
20/06/2016 13.48 13.47 13.50 13.50 75 12910.00 1168356259.00
21/06/2016 13.41 13.39 13.43 13.43 88 18025.00 1632885140.00
22/06/2016 13.39 13.39 13.43 13.43 136 25930.00 2350008772.00
23/06/2016 13.40 13.40 13.43 13.40 135 13975.00 1267245098.00
24/06/2016 13.44 13.35 13.44 13.35 112 7980.00 724198224.00
27/06/2016 13.33 13.29 13.33 13.31 342 23725.00 2155036353.00
28/06/2016 13.45 13.45 13.51 13.50 198 14760.00 1339657783.00
29/06/2016 13.51 13.51 13.59 13.59 239 9580.00 869550443.00
30/06/2016 13.62 13.62 13.67 13.65 171 17590.00 1596472939.00
01/07/2016 13.56 13.54 13.57 13.56 252 13340.00 1212043366.00
04/07/2016 13.56 13.52 13.56 13.56 392 16680.00 1516486086.00
05/07/2016 13.58 13.57 13.59 13.59 111 13920.00 1265789334.00
06/07/2016 13.63 13.60 13.63 13.61 705 57160.00 5199329394.00
07/07/2016 13.61 13.60 13.62 13.61 100 19375.00 1763355193.00
08/07/2016 13.57 13.56 13.58 13.58 62 5240.00 477278618.00
11/07/2016 13.57 13.54 13.57 13.56 296 7170.00 653454736.00
12/07/2016 13.54 13.53 13.55 13.54 339 15280.00 1393429473.00
13/07/2016 13.54 13.51 13.54 13.51 103 8040.00 733665042.00
14/07/2016 13.49 13.49 13.53 13.52 293 17675.00 1613757909.00
15/07/2016 13.51 13.51 13.54 13.54 287 9175.00 838018400.00
18/07/2016 13.52 13.51 13.53 13.53 253 4430.00 404834017.00
19/07/2016 13.55 13.52 13.55 13.52 166 10245.00 936678846.00
20/07/2016 13.51 13.48 13.51 13.50 216 28225.00 2582282678.00
21/07/2016 13.59 13.59 13.63 13.62 279 30290.00 2770659656.00
22/07/2016 13.63 13.62 13.65 13.64 564 11275.00 1031743509.00
25/07/2016 13.63 13.63 13.66 13.64 30 4060.00 371702663.00
26/07/2016 13.67 13.67 13.69 13.69 42 7700.00 705165648.00
27/07/2016 13.70 13.67 13.71 13.68 38 12170.00 1114991958.00
28/07/2016 13.69 13.69 13.71 13.70 162 35455.00 3249676976.00
29/07/2016 13.69 13.68 13.71 13.68 199 28450.00 2609158600.00
01/08/2016 13.67 13.67 13.69 13.68 85 22510.00 2065577030.00
02/08/2016 13.69 13.69 13.70 13.69 130 8300.00 761961694.00
03/08/2016 13.70 13.69 13.72 13.69 248 27315.00 2508782480.00
04/08/2016 13.68 13.67 13.69 13.69 76 23725.00 2180421906.00
05/08/2016 13.66 13.64 13.66 13.64 68 11335.00 1042485258.00
08/08/2016 13.65 13.65 13.66 13.65 91 17405.00 1601436125.00
09/08/2016 13.63 13.59 13.63 13.60 227 14920.00 1373798744.00
10/08/2016 13.61 13.60 13.63 13.61 88 15340.00 1413128308.00
11/08/2016 13.62 13.62 13.64 13.62 573 41045.00 3782805907.00
12/08/2016 13.63 13.61 13.63 13.63 259 13460.00 1241197301.00
15/08/2016 13.64 13.62 13.64 13.64 46 8160.00 752838819.00
16/08/2016 13.62 13.62 13.65 13.65 67 12610.00 1163891410.00
17/08/2016 13.65 13.63 13.66 13.64 58 11535.00 1065161502.00
18/08/2016 13.66 13.65 13.67 13.67 76 8930.00 824955518.00
19/08/2016 13.66 13.65 13.67 13.65 92 15125.00 1397976747.00
22/08/2016 13.66 13.66 13.67 13.66 57 3255.00 300996564.00
23/08/2016 13.65 13.64 13.67 13.67 245 32740.00 3029242808.00
24/08/2016 13.68 13.68 13.69 13.68 46 3085.00 285541974.00
25/08/2016 13.68 13.67 13.69 13.68 167 49825.00 4614045452.00
26/08/2016 13.68 13.65 13.71 13.71 184 21530.00 1994674007.00
29/08/2016 13.72 13.72 13.74 13.73 122 17385.00 1611215832.00
30/08/2016 13.72 13.69 13.73 13.69 183 34585.00 3206901600.00
31/08/2016 13.70 13.69 13.73 13.72 312 64790.00 6011250353.00
01/09/2016 13.63 13.60 13.63 13.61 124 13855.00 1286764783.00
02/09/2016 13.59 13.58 13.61 13.59 86 30760.00 2858583012.00
05/09/2016 13.58 13.57 13.59 13.59 58 15755.00 1464919060.00
06/09/2016 13.58 13.56 13.59 13.56 133 40320.00 3750990294.00
08/09/2016 13.56 13.56 13.57 13.56 217 50990.00 4746400664.00
09/09/2016 13.58 13.57 13.61 13.60 146 25395.00 2364762994.00
12/09/2016 13.61 13.59 13.61 13.59 38 8981.00 836693260.00
13/09/2016 13.60 13.60 13.67 13.67 177 76025.00 7085249984.00
14/09/2016 13.66 13.65 13.67 13.66 84 30200.00 2815545847.00
15/09/2016 13.64 13.63 13.66 13.64 64 28115.00 2622707844.00
16/09/2016 13.62 13.58 13.62 13.58 129 22135.00 2066372683.00
19/09/2016 13.58 13.56 13.59 13.59 92 24494.00 2287956136.00
20/09/2016 13.58 13.54 13.58 13.54 732 123235.00 11518514159.00
21/09/2016 13.53 13.46 13.53 13.47 329 51230.00 4792081484.00
22/09/2016 13.43 13.39 13.43 13.40 263 86980.00 8143516608.00
23/09/2016 13.39 13.37 13.39 13.38 497 61595.00 5770340003.00
26/09/2016 13.38 13.37 13.38 13.37 90 16515.00 1547981312.00
27/09/2016 13.33 13.31 13.33 13.32 231 72535.00 6803817877.00
28/09/2016 13.31 13.29 13.33 13.31 489 43410.00 4074263063.00
29/09/2016 13.29 13.29 13.32 13.32 629 37125.00 3485914205.00
30/09/2016 13.30 13.29 13.32 13.31 155 11705.00 1099615023.00
03/10/2016 13.31 13.24 13.31 13.27 212 29930.00 2813745976.00
04/10/2016 13.25 13.25 13.30 13.29 272 54395.00 5115847460.00
05/10/2016 13.28 13.27 13.29 13.27 103 34600.00 3255794654.00
06/10/2016 13.24 13.23 13.27 13.23 99 31505.00 2966386668.00
07/10/2016 13.23 13.16 13.23 13.19 305 33110.00 3119780382.00
10/10/2016 13.23 13.19 13.23 13.21 207 22205.00 2093178819.00
11/10/2016 13.21 13.19 13.22 13.20 1064 61210.00 5772944918.00
13/10/2016 13.18 13.16 13.19 13.17 571 68695.00 6482841890.00
14/10/2016 13.14 13.10 13.15 13.14 588 54660.00 5161968923.00
17/10/2016 13.14 13.14 13.16 13.15 526 52900.00 4997531755.00
18/10/2016 13.15 13.14 13.16 13.16 210 54280.00 5130481781.00
19/10/2016 13.12 13.09 13.13 13.09 320 43286.00 4094090519.00
20/10/2016 13.23 13.23 13.30 13.29 233 65770.00 6219159880.00
21/10/2016 13.26 13.26 13.33 13.31 371 238240.00 22536783471.00
24/10/2016 13.31 13.30 13.32 13.31 632 179465.00 16985314722.00
25/10/2016 13.35 13.34 13.38 13.38 1414 196630.00 18615585638.00
26/10/2016 13.38 13.37 13.39 13.38 530 160665.00 15217357890.00
27/10/2016 13.36 13.34 13.38 13.36 640 120785.00 11446724171.00
28/10/2016 13.35 13.32 13.36 13.36 1113 111135.00 10538194347.00
31/10/2016 13.34 13.33 13.34 13.34 84 18945.00 1797325994.00
01/11/2016 13.34 13.34 13.35 13.34 353 361295.00 34292682595.00
03/11/2016 13.34 13.33 13.34 13.33 830 74645.00 7088675088.00
04/11/2016 13.35 13.32 13.35 13.34 713 201665.00 19160958875.00
07/11/2016 13.33 13.31 13.33 13.31 183 89630.00 8520759231.00
08/11/2016 13.30 13.26 13.30 13.27 711 67725.00 6442259787.00
09/11/2016 13.30 13.29 13.31 13.30 338 63236.00 6017995229.00
10/11/2016 13.29 13.29 13.37 13.37 1441 151925.00 14463431435.00
11/11/2016 13.40 13.38 13.44 13.40 2850 279993.00 26662714391.00
14/11/2016 13.45 13.44 13.50 13.44 246 56925.00 5422560308.00
16/11/2016 13.40 13.40 13.43 13.41 117 46985.00 4478563929.00
17/11/2016 13.40 13.38 13.42 13.42 314 106480.00 10154485469.00
18/11/2016 13.41 13.38 13.41 13.40 172 56735.00 5413684166.00
21/11/2016 13.35 13.31 13.35 13.32 597 164290.00 15687821533.00
22/11/2016 13.31 13.27 13.31 13.28 699 148475.00 14186602046.00
23/11/2016 13.27 13.26 13.29 13.26 949 122740.00 11733821534.00
24/11/2016 13.26 13.25 13.26 13.25 213 98465.00 9418463424.00
25/11/2016 13.28 13.24 13.29 13.24 166 68850.00 6588873982.00
28/11/2016 13.23 13.23 13.24 13.24 256 121440.00 11628200529.00
29/11/2016 13.23 13.22 13.24 13.23 1367 304340.00 29156425105.00
30/11/2016 13.22 13.19 13.23 13.20 804 267870.00 25676194782.00
01/12/2016 13.25 13.25 13.30 13.29 607 610375.00 58524630127.00
02/12/2016 13.29 13.26 13.34 13.27 322 205715.00 19733219954.00
05/12/2016 13.26 13.21 13.26 13.22 469 84390.00 8100729920.00
06/12/2016 13.18 13.16 13.18 13.18 240 143500.00 13783724778.00
07/12/2016 13.17 13.13 13.17 13.14 576 260040.00 24992385872.00
08/12/2016 13.13 13.13 13.15 13.14 232 77385.00 7440970436.00
09/12/2016 13.11 13.10 13.13 13.12 250 304760.00 29321466407.00
12/12/2016 13.12 13.07 13.13 13.08 641 413326.00 39787353685.00
13/12/2016 13.08 13.07 13.09 13.09 1596 238497.00 22970446906.00
14/12/2016 13.09 13.06 13.09 13.08 853 121265.00 11685592899.00
15/12/2016 13.07 13.06 13.09 13.06 167 128345.00 12373500714.00
16/12/2016 13.06 13.05 13.07 13.05 352 77530.00 7478473736.00
19/12/2016 13.05 13.03 13.05 13.03 319 230150.00 22212101942.00
20/12/2016 13.02 13.02 13.04 13.03 458 76875.00 7423118597.00
21/12/2016 12.99 12.97 12.99 12.98 655 255045.00 24642919940.00
22/12/2016 12.97 12.97 12.99 12.98 360 56675.00 5478623847.00
23/12/2016 12.97 12.97 12.99 12.98 343 76600.00 7408318131.00
26/12/2016 12.98 12.96 12.98 12.96 76 10655.00 1030999307.00
27/12/2016 12.97 12.96 12.97 12.97 339 36455.00 3529242371.00
28/12/2016 12.96 12.92 12.96 12.94 122 84630.00 8197525627.00
29/12/2016 12.93 12.92 12.96 12.94 205 124455.00 12061299034.00
02/01/2017 12.90 12.89 12.93 12.91 170 52460.00 5089194661.00
03/01/2017 12.92 12.90 12.92 12.90 353 82495.00 8006818711.00
04/01/2017 12.90 12.89 12.90 12.90 1231 216505.00 21023945281.00
05/01/2017 12.87 12.82 12.87 12.83 686 447850.00 43514965732.00
06/01/2017 12.82 12.82 12.83 12.82 535 120920.00 11755299955.00
09/01/2017 12.81 12.81 12.82 12.81 88 36340.00 3534542505.00
10/01/2017 12.81 12.80 12.82 12.80 163 129795.00 12630401588.00
11/01/2017 12.73 12.73 12.81 12.79 708 283025.00 27554877703.00
12/01/2017 12.53 12.53 12.56 12.56 242 345705.00 33690797881.00
13/01/2017 12.56 12.55 12.56 12.56 71 38275.00 3731719081.00
16/01/2017 12.55 12.55 12.56 12.55 84 28770.00 2806337357.00
17/01/2017 12.54 12.54 12.55 12.54 602 196835.00 19209319568.00
18/01/2017 12.54 12.53 12.54 12.53 510 58185.00 5681108608.00
19/01/2017 12.52 12.50 12.52 12.51 128 461965.00 45128912692.00
20/01/2017 12.50 12.50 12.51 12.50 180 31110.00 3040557236.00
23/01/2017 12.48 12.48 12.51 12.51 209 45540.00 4453005480.00
24/01/2017 12.49 12.49 12.50 12.50 86 32000.00 3130500129.00
26/01/2017 12.50 12.49 12.50 12.49 75 119315.00 11683360773.00
27/01/2017 12.49 12.47 12.49 12.47 49 50350.00 4932705377.00
30/01/2017 12.47 12.46 12.48 12.47 49 98071.00 9612450014.00
31/01/2017 12.46 12.43 12.46 12.45 172 137460.00 13479730222.00
01/02/2017 12.42 12.42 12.44 12.43 63 48190.00 4727988455.00
02/02/2017 12.41 12.41 12.43 12.42 32 63595.00 6242379004.00
03/02/2017 12.41 12.40 12.41 12.40 97 383365.00 37649097076.00
06/02/2017 12.39 12.37 12.39 12.38 30 222020.00 21814808000.00
07/02/2017 12.37 12.35 12.37 12.35 69 486425.00 47817219441.00
08/02/2017 12.34 12.34 12.35 12.34 75 229490.00 22570692024.00
09/02/2017 12.33 12.32 12.33 12.32 110 363800.00 35797652904.00
10/02/2017 12.30 12.30 12.31 12.30 1346 612000.00 60249599192.00
13/02/2017 12.28 12.28 12.29 12.29 1144 122070.00 12023182088.00
14/02/2017 12.27 12.26 12.27 12.27 1561 166200.00 16377547784.00
15/02/2017 12.26 12.25 12.26 12.25 161 170740.00 16833006706.00
16/02/2017 12.22 12.22 12.23 12.23 253 100535.00 9916435970.00
17/02/2017 12.20 12.20 12.21 12.20 651 988065.00 97505909655.00
20/02/2017 12.17 12.17 12.18 12.17 188 228180.00 22528629213.00
21/02/2017 12.15 12.14 12.15 12.14 236 660215.00 65215761993.00
22/02/2017 12.13 12.11 12.13 12.12 691 498115.00 49226987070.00
23/02/2017 12.13 12.13 12.14 12.13 168 1227015.00 121315432254.00
24/02/2017 12.13 12.13 12.14 12.13 58 432530.00 42783843915.00
01/03/2017 12.13 12.13 12.13 12.13 75 62390.00 6174127296.00
02/03/2017 12.13 12.13 12.13 12.13 25 23315.00 2308308813.00
03/03/2017 12.13 12.13 12.13 12.13 61 84070.00 8327162600.00
06/03/2017 12.13 12.13 12.13 12.13 55 172350.00 17079080287.00
07/03/2017 12.13 12.13 12.13 12.13 27 88760.00 8799699428.00
08/03/2017 12.13 12.13 12.13 12.13 29 44985.00 4461859880.00
09/03/2017 12.13 12.13 12.14 12.13 35 57695.00 5725108293.00
10/03/2017 12.13 12.13 12.13 12.13 253 49015.00 4865995878.00
13/03/2017 12.13 12.13 12.13 12.13 58 571350.00 56746942152.00
14/03/2017 12.13 12.13 12.13 12.13 25 28535.00 2835407004.00
15/03/2017 12.13 12.13 12.14 12.13 60 47800.00 4751849736.00
16/03/2017 12.13 12.13 12.13 12.13 30 37800.00 3759448217.00
17/03/2017 12.13 12.13 12.13 12.13 32 242965.00 24175369783.00
20/03/2017 12.13 12.12 12.13 12.13 28 75000.00 7466006328.00
21/03/2017 12.13 12.13 12.13 12.13 28 22705.00 2261234477.00
22/03/2017 12.12 12.12 12.13 12.13 28 45300.00 4513568099.00
23/03/2017 12.13 12.13 12.13 12.13 31 61840.00 6164364609.00
24/03/2017 12.13 12.10 12.13 12.13 18 33450.00 3335898434.00
27/03/2017 12.13 12.13 12.13 12.13 36 38715.00 3862715377.00
28/03/2017 12.13 12.12 12.13 12.13 60 53815.00 5371733224.00
29/03/2017 12.13 12.13 12.13 12.13 19 28000.00 2796186802.00
30/03/2017 12.13 12.13 12.13 12.13 17 27550.00 2752497770.00
31/03/2017 12.13 12.13 12.13 12.13 11 58265.00 5823853585.00
