01/06/2016 12.76 12.76 12.76 12.76 1 50.00 3159826.00
02/06/2016 12.65 12.65 12.65 12.65 2 30.00 1903879.00
03/06/2016 12.51 12.41 12.51 12.45 23 310.00 19801522.00
06/06/2016 12.35 12.35 12.35 12.35 1 35.00 2245994.00
07/06/2016 12.41 12.41 12.41 12.41 1 30.00 1922118.00
08/06/2016 12.30 12.28 12.31 12.31 9 465.00 29916728.00
09/06/2016 12.37 12.36 12.37 12.37 5 55.00 3532144.00
10/06/2016 12.52 12.52 12.55 12.55 3 40.00 2554953.00
13/06/2016 12.58 12.58 12.62 12.60 14 605.00 38586592.00
14/06/2016 12.52 12.52 12.65 12.63 31 260.00 16597652.00
15/06/2016 12.64 12.64 12.81 12.69 7 225.00 14323199.00
16/06/2016 12.69 12.69 12.69 12.69 1 35.00 2228725.00
17/06/2016 12.61 12.59 12.61 12.59 10 3795.00 242579962.00
20/06/2016 12.54 12.53 12.59 12.59 5 65.00 4158699.00
21/06/2016 12.45 12.45 12.51 12.46 7 5205.00 334166746.00
22/06/2016 12.42 12.42 12.53 12.53 13 1110.00 71447373.00
23/06/2016 12.48 12.43 12.50 12.43 27 1820.00 117078248.00
24/06/2016 12.47 12.45 12.47 12.45 2 60.00 3861056.00
27/06/2016 12.26 12.20 12.26 12.20 4 55.00 3566290.00
28/06/2016 12.29 12.14 12.31 12.14 10 275.00 17887475.00
29/06/2016 12.16 12.16 12.28 12.28 6 195.00 12647274.00
30/06/2016 12.34 12.21 12.34 12.24 8 95.00 6168770.00
01/07/2016 12.21 12.17 12.26 12.20 12 140.00 9100424.00
04/07/2016 12.17 12.15 12.17 12.15 2 35.00 2281747.00
05/07/2016 12.26 12.17 12.26 12.26 8 105.00 6835706.00
06/07/2016 12.40 12.34 12.40 12.34 5 70.00 4534885.00
07/07/2016 12.36 12.29 12.36 12.29 8 3900.00 253258851.00
08/07/2016 12.14 12.12 12.14 12.12 6 50.00 3268052.00
11/07/2016 12.08 12.06 12.09 12.06 9 1125.00 73672654.00
12/07/2016 12.01 12.01 12.15 12.15 47 510.00 33430084.00
13/07/2016 12.07 12.05 12.12 12.08 49 520.00 34072821.00
14/07/2016 12.04 11.99 12.04 12.04 33 540.00 35502517.00
15/07/2016 12.04 12.02 12.04 12.04 17 640.00 42053352.00
18/07/2016 11.99 11.99 12.02 12.02 5 90.00 5922882.00
19/07/2016 12.04 12.04 12.04 12.04 1 40.00 2630544.00
20/07/2016 11.96 11.96 11.96 11.96 1 40.00 2638663.00
21/07/2016 12.05 12.05 12.06 12.06 10 345.00 22700608.00
22/07/2016 12.11 12.11 12.14 12.14 25 340.00 22336321.00
25/07/2016 12.18 12.18 12.18 12.18 1 45.00 2951149.00
26/07/2016 12.16 12.12 12.16 12.12 31 385.00 25281914.00
27/07/2016 12.13 12.12 12.14 12.14 4 3035.00 199561183.00
28/07/2016 12.14 12.14 12.18 12.18 6 65.00 4270644.00
29/07/2016 12.13 12.09 12.15 12.09 82 1675.00 110216901.00
01/08/2016 12.02 12.02 12.02 12.02 1 50.00 3303711.00
02/08/2016 12.11 12.11 12.11 12.11 1 40.00 2636426.00
03/08/2016 12.13 12.13 12.13 12.13 1 40.00 2635909.00
04/08/2016 12.05 12.04 12.05 12.04 2 70.00 4627690.00
05/08/2016 12.00 11.94 12.00 11.94 5 1000.00 66337596.00
08/08/2016 12.03 12.02 12.03 12.02 4 90.00 5959015.00
09/08/2016 11.95 11.92 11.95 11.92 2 80.00 5314856.00
10/08/2016 11.99 11.94 11.99 11.94 9 130.00 8635237.00
11/08/2016 11.97 11.94 12.00 11.94 18 1970.00 130826208.00
12/08/2016 11.99 11.95 11.99 11.96 4 65.00 4320845.00
15/08/2016 11.90 11.90 11.93 11.93 2 50.00 3328593.00
16/08/2016 11.93 11.92 11.93 11.93 3 530.00 35300826.00
17/08/2016 11.97 11.95 11.97 11.95 16 240.00 15971247.00
18/08/2016 12.01 12.01 12.01 12.01 2 35.00 2326926.00
19/08/2016 11.96 11.95 11.96 11.95 7 230.00 15323548.00
22/08/2016 11.97 11.97 11.97 11.97 1 50.00 3331445.00
23/08/2016 11.95 11.95 12.00 12.00 2 435.00 29011428.00
24/08/2016 12.02 12.02 12.02 12.02 4 110.00 7324032.00
25/08/2016 12.07 12.05 12.09 12.05 4 225.00 14972515.00
26/08/2016 12.02 11.99 12.19 12.19 4 60.00 3984113.00
29/08/2016 12.19 12.13 12.19 12.13 2 120.00 7963150.00
30/08/2016 12.18 12.18 12.19 12.19 7 110.00 7299236.00
31/08/2016 12.14 12.09 12.14 12.09 2 75.00 4989558.00
01/09/2016 11.99 11.98 12.02 12.00 85 2655.00 177370208.00
02/09/2016 11.89 11.89 11.89 11.89 1 35.00 2347404.00
05/09/2016 11.94 11.94 11.94 11.94 1 35.00 2344728.00
06/09/2016 11.94 11.85 11.94 11.86 10 745.00 50056014.00
08/09/2016 11.86 11.85 11.86 11.86 3 735.00 49409462.00
09/09/2016 12.02 12.01 12.06 12.06 11 130.00 8695286.00
12/09/2016 12.12 11.96 12.12 11.96 5 530.00 35384371.00
13/09/2016 12.12 12.12 12.26 12.19 15 165.00 10985364.00
14/09/2016 12.30 12.13 12.30 12.18 9 80.00 5331786.00
15/09/2016 12.14 12.07 12.22 12.07 17 860.00 57430928.00
16/09/2016 12.04 12.02 12.04 12.02 8 65.00 4357665.00
19/09/2016 12.01 12.01 12.02 12.02 3 50.00 3354905.00
20/09/2016 12.02 12.02 12.02 12.02 1 45.00 3020585.00
21/09/2016 11.94 11.84 11.94 11.84 4 670.00 45192090.00
22/09/2016 11.69 11.69 11.69 11.69 1 35.00 2375896.00
23/09/2016 11.64 11.64 11.69 11.69 4 205.00 13933356.00
26/09/2016 11.69 11.69 11.69 11.69 1 45.00 3057405.00
27/09/2016 11.57 11.55 11.57 11.55 3 60.00 4094842.00
28/09/2016 11.52 11.52 11.54 11.52 9 165.00 11276253.00
29/09/2016 11.57 11.53 11.64 11.61 10 80.00 5459880.00
30/09/2016 11.59 11.59 11.59 11.59 1 50.00 3413709.00
03/10/2016 11.54 11.43 11.54 11.43 24 195.00 13362979.00
04/10/2016 11.42 11.40 11.50 11.49 14 545.00 37377488.00
05/10/2016 11.36 11.35 11.37 11.35 3 3230.00 222342423.00
06/10/2016 11.34 11.34 11.34 11.34 2 90.00 6203394.00
07/10/2016 11.31 11.25 11.31 11.25 3 75.00 5181035.00
10/10/2016 11.23 11.23 11.23 11.23 1 35.00 2422751.00
11/10/2016 11.28 11.28 11.28 11.28 1 50.00 3457167.00
13/10/2016 11.28 11.27 11.28 11.27 3 45.00 3113521.00
14/10/2016 11.23 11.23 11.29 11.29 6 115.00 7964987.00
17/10/2016 11.28 11.28 11.28 11.28 2 235.00 16269374.00
18/10/2016 11.21 11.20 11.21 11.20 3 55.00 3817694.00
19/10/2016 11.12 11.10 11.12 11.12 7 75.00 5223243.00
20/10/2016 11.20 11.13 11.20 11.13 14 155.00 10779632.00
21/10/2016 11.11 11.11 11.25 11.25 66 515.00 35811889.00
24/10/2016 11.17 11.17 11.21 11.18 19 335.00 23310337.00
25/10/2016 11.19 11.18 11.27 11.27 3 430.00 29923274.00
26/10/2016 11.34 11.34 11.34 11.34 1 50.00 3465480.00
27/10/2016 11.39 11.39 11.40 11.40 2 40.00 2768689.00
28/10/2016 11.37 11.34 11.39 11.39 4 65.00 4503986.00
31/10/2016 11.36 11.36 11.36 11.36 4 325.00 22540674.00
01/11/2016 11.45 11.45 11.45 11.45 5 85.00 5881609.00
03/11/2016 11.47 11.47 11.48 11.48 5 85.00 5879611.00
04/11/2016 11.41 11.41 11.41 11.41 2 95.00 6587229.00
07/11/2016 11.31 11.31 11.31 11.31 1 30.00 2087405.00
08/11/2016 11.32 11.26 11.32 11.26 20 285.00 19852006.00
09/11/2016 11.42 11.42 11.46 11.46 6 90.00 6242467.00
10/11/2016 11.68 11.66 11.91 11.91 27 240.00 16470863.00
11/11/2016 12.12 11.93 12.34 11.96 28 235.00 16001547.00
14/11/2016 12.19 12.19 12.38 12.37 13 150.00 10133959.00
16/11/2016 12.28 12.07 12.33 12.07 9 125.00 8496295.00
17/11/2016 12.12 12.07 12.14 12.14 4 65.00 4427518.00
18/11/2016 12.25 12.09 12.25 12.11 3 40.00 2725207.00
21/11/2016 11.97 11.79 11.97 11.79 6 75.00 5153184.00
22/11/2016 11.77 11.77 11.77 11.77 1 50.00 3445962.00
23/11/2016 11.87 11.78 11.87 11.78 10 250.00 17231344.00
24/11/2016 11.78 11.77 11.81 11.81 9 385.00 26545314.00
25/11/2016 11.95 11.93 12.07 11.96 15 180.00 12351784.00
28/11/2016 11.90 11.82 11.90 11.82 6 60.00 4133123.00
29/11/2016 11.78 11.78 11.78 11.78 1 45.00 3107296.00
30/11/2016 11.68 11.67 11.71 11.71 3 60.00 4157954.00
01/12/2016 11.92 11.92 12.17 12.17 21 195.00 13371935.00
02/12/2016 12.20 12.20 12.20 12.20 2 15.00 1024330.00
05/12/2016 12.00 11.86 12.00 11.86 2 45.00 3104006.00
06/12/2016 11.99 11.87 11.99 11.98 32 240.00 16532604.00
07/12/2016 11.78 11.75 11.80 11.80 7 120.00 8308533.00
08/12/2016 11.67 11.66 11.67 11.66 2 50.00 3475434.00
09/12/2016 11.61 11.61 11.68 11.68 3 2250.00 156694307.00
12/12/2016 11.83 11.66 11.83 11.67 6 1059.00 73653401.00
13/12/2016 11.66 11.63 11.72 11.72 10 450.00 31328014.00
14/12/2016 11.69 11.69 11.69 11.69 1 50.00 3478558.00
15/12/2016 11.90 11.74 11.90 11.74 10 305.00 21165231.00
16/12/2016 11.68 11.68 11.68 11.68 1 40.00 2786106.00
19/12/2016 11.62 11.62 11.62 11.62 1 45.00 3141258.00
20/12/2016 11.59 11.59 11.59 11.59 1 45.00 3145389.00
21/12/2016 11.45 11.37 11.45 11.38 57 42505.00 2990550021.00
22/12/2016 11.40 11.31 11.42 11.32 27 695.00 48891381.00
23/12/2016 11.31 11.31 11.32 11.32 2 15.00 1058244.00
26/12/2016 11.30 11.28 11.30 11.28 5 20572.00 1452694397.00
27/12/2016 11.27 11.27 11.27 11.27 1 330.00 23332923.00
28/12/2016 11.26 11.26 11.26 11.26 1 60.00 4245385.00
29/12/2016 11.26 11.25 11.26 11.25 5 1505.00 106562974.00
02/01/2017 11.09 11.09 11.10 11.10 7 145.00 10323069.00
03/01/2017 11.10 11.10 11.11 11.11 4 95.00 6764071.00
04/01/2017 11.22 11.22 11.22 11.22 1 25.00 1774714.00
05/01/2017 11.08 11.08 11.11 11.11 4 65.00 4634335.00
06/01/2017 11.08 11.08 11.13 11.13 4 60.00 4275048.00
09/01/2017 11.09 11.08 11.10 11.08 7 195.00 13910177.00
10/01/2017 11.05 11.00 11.06 11.00 3 50.00 3576933.00
11/01/2017 11.09 11.02 11.09 11.02 3 295.00 21101288.00
12/01/2017 10.70 10.66 10.70 10.66 6 65.00 4699575.00
13/01/2017 10.70 10.70 10.70 10.70 1 40.00 2890898.00
16/01/2017 10.65 10.65 10.65 10.65 2 45.00 3258266.00
17/01/2017 10.65 10.63 10.65 10.65 5 55.00 3984237.00
18/01/2017 10.70 10.69 10.70 10.69 2 45.00 3257031.00
19/01/2017 10.66 10.60 10.66 10.63 3 65.00 4716956.00
20/01/2017 10.56 10.52 10.56 10.53 7 130.00 9459808.00
23/01/2017 10.54 10.54 10.54 10.54 1 35.00 2547321.00
24/01/2017 10.55 10.54 10.55 10.54 9 165.00 12012533.00
26/01/2017 10.60 10.60 10.64 10.64 5 115.00 8357520.00
27/01/2017 10.61 10.56 10.62 10.56 26 250.00 18199386.00
30/01/2017 10.60 10.59 10.62 10.61 14 135.00 9826045.00
31/01/2017 10.59 10.57 10.59 10.57 2 70.00 5101831.00
01/02/2017 10.58 10.55 10.59 10.55 9 955.00 69615665.00
02/02/2017 10.50 10.50 10.50 10.50 4 75.00 5482162.00
03/02/2017 10.44 10.38 10.44 10.39 4 80.00 5868772.00
06/02/2017 10.36 10.36 10.36 10.36 1 30.00 2203331.00
07/02/2017 10.30 10.30 10.30 10.30 1 45.00 3311918.00
08/02/2017 10.25 10.25 10.25 10.25 4 90.00 6635802.00
09/02/2017 10.26 10.26 10.26 10.26 1 35.00 2580859.00
10/02/2017 10.20 10.20 10.20 10.20 1 30.00 2216778.00
13/02/2017 10.22 10.19 10.22 10.19 2 1045.00 77206758.00
14/02/2017 10.22 10.20 10.22 10.20 2 50.00 3697271.00
15/02/2017 10.20 10.19 10.25 10.19 52 545.00 40289121.00
16/02/2017 10.19 10.18 10.30 10.28 25 620.00 45884534.00
17/02/2017 10.21 10.21 10.21 10.21 1 40.00 2960574.00
20/02/2017 10.18 10.18 10.18 10.18 1 40.00 2964210.00
21/02/2017 10.16 10.13 10.16 10.13 12 145.00 10763221.00
22/02/2017 10.15 10.11 10.15 10.11 4 160.00 11888825.00
23/02/2017 9.98 9.97 9.99 9.97 24 250.00 18653543.00
24/02/2017 10.03 10.03 10.03 10.03 1 40.00 2981239.00
01/03/2017 9.95 9.95 9.95 9.95 1 25.00 1868150.00
02/03/2017 10.03 10.03 10.04 10.04 8 100.00 7458234.00
03/03/2017 9.92 9.92 9.92 9.92 1 35.00 2619569.00
06/03/2017 9.86 9.86 9.86 9.86 1 40.00 2999924.00
07/03/2017 9.89 9.89 9.89 9.89 1 45.00 3373358.00
08/03/2017 9.98 9.98 10.00 10.00 2 55.00 4112378.00
09/03/2017 10.07 10.07 10.07 10.07 1 40.00 2985856.00
10/03/2017 9.91 9.82 9.91 9.83 14 295.00 22171336.00
13/03/2017 9.78 9.78 9.79 9.79 2 60.00 4517137.00
14/03/2017 9.91 9.90 9.91 9.90 6 85.00 6381034.00
15/03/2017 9.79 9.77 9.80 9.80 5 75.00 5651206.00
16/03/2017 9.84 9.84 9.85 9.84 13 675.00 50792183.00
17/03/2017 9.84 9.84 9.84 9.84 1 40.00 3011673.00
20/03/2017 9.84 9.84 9.84 9.84 1 50.00 3765994.00
21/03/2017 9.75 9.75 9.77 9.77 16 1045.00 78931632.00
22/03/2017 9.84 9.84 9.84 9.84 1 50.00 3768801.00
23/03/2017 9.88 9.87 9.88 9.87 2 45.00 3390295.00
24/03/2017 9.73 9.73 9.73 9.73 1 45.00 3404680.00
27/03/2017 9.70 9.70 9.70 9.70 3 60.00 4544973.00
28/03/2017 9.71 9.71 9.76 9.76 6 505.00 38251966.00
29/03/2017 9.74 9.73 9.78 9.73 12 265.00 20060402.00
30/03/2017 9.74 9.74 9.75 9.75 4 55.00 4165248.00
31/03/2017 9.76 9.76 9.76 9.76 3 85.00 6437667.00
03/04/2017 9.75 9.72 9.76 9.72 8 180.00 13640320.00
04/04/2017 9.71 9.68 9.71 9.69 5 165.00 12529142.00
05/04/2017 9.75 9.75 9.75 9.75 1 5.00 379209.00
06/04/2017 9.80 9.80 9.84 9.84 11 465.00 35226482.00
07/04/2017 9.79 9.79 9.81 9.79 32 510.00 38645649.00
10/04/2017 9.72 9.68 9.72 9.68 3 20.00 1520157.00
11/04/2017 9.68 9.68 9.72 9.72 8 880.00 66958551.00
12/04/2017 9.74 9.74 9.74 9.74 1 5.00 380011.00
13/04/2017 9.84 9.81 9.84 9.81 3 30.00 2275101.00
17/04/2017 9.77 9.77 9.77 9.77 4 25.00 1899932.00
18/04/2017 9.71 9.71 9.71 9.71 1 15.00 1142215.00
19/04/2017 9.78 9.78 9.78 9.78 1 5.00 380165.00
20/04/2017 9.83 9.77 9.85 9.77 23 620.00 47146263.00
24/04/2017 9.69 9.69 9.74 9.74 3 55.00 4194478.00
25/04/2017 9.84 9.84 9.87 9.87 6 305.00 23177918.00
27/04/2017 9.90 9.90 9.90 9.90 1 5.00 379658.00
28/04/2017 9.92 9.81 9.92 9.82 14 585.00 44529353.00
02/05/2017 9.77 9.74 9.77 9.74 5 340.00 25926154.00
03/05/2017 9.73 9.73 9.77 9.77 2 70.00 5341545.00
04/05/2017 9.82 9.81 9.82 9.81 5 95.00 7239911.00
05/05/2017 9.76 9.76 9.78 9.78 5 110.00 8396086.00
08/05/2017 9.80 9.75 9.80 9.75 15 250.00 19080850.00
09/05/2017 9.73 9.67 9.73 9.68 8 810.00 62007480.00
10/05/2017 9.62 9.60 9.62 9.60 6 360.00 27621813.00
11/05/2017 9.54 9.51 9.56 9.51 17 725.00 55745366.00
12/05/2017 9.49 9.44 9.49 9.44 4 825.00 63561834.00
15/05/2017 9.42 9.36 9.42 9.36 16 215.00 16614592.00
16/05/2017 9.33 9.28 9.33 9.29 10 165.00 12783704.00
17/05/2017 9.27 9.27 9.36 9.36 4 100.00 7745489.00
18/05/2017 10.93 10.93 10.93 10.93 1 5.00 371603.00
19/05/2017 11.09 10.73 11.14 10.79 54 985.00 73435943.00
22/05/2017 10.87 10.87 11.20 11.20 19 1165.00 86098376.00
23/05/2017 10.95 10.72 10.95 10.72 5 70.00 5228439.00
24/05/2017 10.50 10.36 10.54 10.45 9 105.00 7913287.00
25/05/2017 10.38 10.37 10.39 10.38 7 75.00 5664879.00
26/05/2017 10.28 10.11 10.28 10.17 53 610.00 46349596.00
29/05/2017 10.02 10.02 10.02 10.02 1 55.00 4196234.00
30/05/2017 9.95 9.95 10.17 10.08 18 620.00 47276514.00
31/05/2017 10.05 9.98 10.08 10.00 5 1100.00 84028820.00
01/06/2017 10.03 10.03 10.16 10.15 68 1885.00 143651406.00
02/06/2017 10.12 10.11 10.24 10.24 4 85.00 6466744.00
05/06/2017 10.28 10.27 10.28 10.28 4 45.00 3417219.00
06/06/2017 10.21 10.10 10.21 10.10 51 355.00 27060521.00
07/06/2017 10.08 10.07 10.13 10.09 18 150.00 11453729.00
08/06/2017 10.19 10.12 10.19 10.12 18 435.00 33153914.00
09/06/2017 10.05 9.90 10.05 9.99 84 1380.00 105793676.00
12/06/2017 9.87 9.87 9.95 9.90 8 2145.00 164576148.00
13/06/2017 9.88 9.88 10.00 9.99 18 3275.00 251514078.00
14/06/2017 9.91 9.90 9.91 9.90 2 65.00 4996858.00
16/06/2017 9.82 9.77 9.82 9.77 2 55.00 4243238.00
