01/06/2016 12.77 12.70 12.88 12.71 108 29650.00 2382587063.00
02/06/2016 12.70 12.63 12.73 12.66 815 73990.00 5956932621.00
03/06/2016 12.62 12.48 12.65 12.48 1137 34441.00 2778885143.00
06/06/2016 12.50 12.45 12.53 12.45 614 17920.00 1448376440.00
07/06/2016 12.56 12.46 12.57 12.54 479 21150.00 1709281066.00
08/06/2016 12.46 12.41 12.50 12.41 471 18225.00 1475261972.00
09/06/2016 12.51 12.45 12.51 12.49 498 47585.00 3851753634.00
10/06/2016 12.55 12.55 12.63 12.62 254 28440.00 2298728496.00
13/06/2016 12.64 12.54 12.67 12.60 243 32715.00 2644652427.00
14/06/2016 12.54 12.49 12.68 12.62 141 31070.00 2516199657.00
15/06/2016 12.60 12.60 12.70 12.70 80 19630.00 1587825567.00
16/06/2016 12.66 12.66 12.77 12.70 460 33065.00 2672633300.00
17/06/2016 12.70 12.68 12.72 12.72 382 25470.00 2060132093.00
20/06/2016 12.67 12.66 12.71 12.71 180 14830.00 1200468483.00
21/06/2016 12.63 12.55 12.63 12.60 352 57820.00 4689742826.00
22/06/2016 12.56 12.55 12.64 12.64 102 34475.00 2797920785.00
23/06/2016 12.58 12.56 12.63 12.58 609 77475.00 6289868419.00
24/06/2016 12.69 12.55 12.71 12.56 192 23845.00 1937136888.00
27/06/2016 12.50 12.39 12.52 12.42 1213 36605.00 2981090915.00
28/06/2016 12.53 12.53 12.66 12.55 575 15365.00 1249556295.00
29/06/2016 12.55 12.55 12.72 12.70 197 68875.00 5600926724.00
30/06/2016 12.76 12.71 12.83 12.77 841 49235.00 3995586577.00
01/07/2016 12.63 12.59 12.68 12.61 1025 39145.00 3185025088.00
04/07/2016 12.56 12.53 12.57 12.57 82 33935.00 2765484794.00
05/07/2016 12.63 12.60 12.65 12.65 168 24090.00 1962188441.00
06/07/2016 12.69 12.67 12.73 12.69 196 17190.00 1399326573.00
07/07/2016 12.71 12.62 12.71 12.66 580 22645.00 1845222986.00
08/07/2016 12.58 12.54 12.58 12.55 194 13490.00 1101302562.00
11/07/2016 12.55 12.54 12.58 12.56 97 4610.00 376609492.00
12/07/2016 12.50 12.50 12.59 12.58 239 8715.00 712355794.00
13/07/2016 12.51 12.51 12.55 12.52 44 18150.00 1484462948.00
14/07/2016 12.49 12.47 12.53 12.53 376 10235.00 837965511.00
15/07/2016 12.56 12.54 12.59 12.57 326 5380.00 440292996.00
18/07/2016 12.53 12.51 12.54 12.53 51 1860.00 152370237.00
19/07/2016 12.55 12.52 12.55 12.53 40 485.00 39742988.00
20/07/2016 12.48 12.43 12.51 12.50 110 3120.00 255999918.00
21/07/2016 12.57 12.57 12.64 12.63 105 4535.00 371548371.00
22/07/2016 12.66 12.66 12.71 12.67 80 7535.00 616868434.00
25/07/2016 12.70 12.68 12.73 12.69 108 6835.00 559792701.00
26/07/2016 12.72 12.70 12.73 12.71 138 14475.00 1185726647.00
27/07/2016 12.72 12.68 12.76 12.70 55 13145.00 1077459537.00
28/07/2016 12.70 12.70 12.76 12.75 117 12370.00 1013851566.00
29/07/2016 12.70 12.66 12.73 12.66 54 1485.00 121837604.00
01/08/2016 12.65 12.63 12.65 12.64 103 15375.00 1263207762.00
02/08/2016 12.66 12.65 12.68 12.67 47 13805.00 1134445623.00
03/08/2016 12.73 12.67 12.74 12.68 103 5145.00 422675112.00
04/08/2016 12.67 12.62 12.67 12.62 68 5051.00 415612991.00
05/08/2016 12.57 12.54 12.58 12.54 34 3025.00 249282123.00
08/08/2016 12.58 12.56 12.59 12.58 56 12480.00 1028785820.00
09/08/2016 12.56 12.49 12.57 12.50 77 15030.00 1240251675.00
10/08/2016 12.52 12.48 12.54 12.49 55 5780.00 477371983.00
11/08/2016 12.55 12.48 12.56 12.48 67 2905.00 240009362.00
12/08/2016 12.51 12.48 12.53 12.49 30 1290.00 106665532.00
15/08/2016 12.50 12.49 12.50 12.50 17 2280.00 188600168.00
16/08/2016 12.52 12.51 12.57 12.57 49 2030.00 167913422.00
17/08/2016 12.55 12.53 12.57 12.54 92 10270.00 849701513.00
18/08/2016 12.57 12.56 12.59 12.59 73 1215.00 100541982.00
19/08/2016 12.57 12.51 12.57 12.51 66 1985.00 164422963.00
22/08/2016 12.53 12.53 12.56 12.54 34 4605.00 381539780.00
23/08/2016 12.52 12.51 12.54 12.54 33 1550.00 128531079.00
24/08/2016 12.56 12.56 12.58 12.56 135 3230.00 267784115.00
25/08/2016 12.58 12.56 12.61 12.57 68 2135.00 177073568.00
26/08/2016 12.55 12.52 12.63 12.61 42 3315.00 275096949.00
29/08/2016 12.64 12.63 12.69 12.64 90 4315.00 357854087.00
30/08/2016 12.67 12.62 12.70 12.62 206 4580.00 379911085.00
31/08/2016 12.61 12.58 12.64 12.62 70 16600.00 1378870646.00
01/09/2016 12.44 12.41 12.47 12.42 158 19315.00 1608531754.00
02/09/2016 12.44 12.33 12.44 12.34 42 6460.00 538857015.00
05/09/2016 12.35 12.35 12.37 12.37 109 5135.00 428524040.00
06/09/2016 12.35 12.30 12.36 12.30 36 8580.00 716520307.00
08/09/2016 12.31 12.28 12.33 12.30 187 10070.00 841885959.00
09/09/2016 12.34 12.34 12.45 12.45 122 10465.00 874058169.00
12/09/2016 12.45 12.37 12.47 12.38 89 4060.00 339212561.00
13/09/2016 12.40 12.40 12.53 12.52 50 6250.00 521715006.00
14/09/2016 12.52 12.45 12.53 12.48 23 7520.00 628321626.00
15/09/2016 12.46 12.42 12.54 12.45 50 10490.00 876897743.00
16/09/2016 12.42 12.37 12.43 12.37 143 7760.00 649739920.00
19/09/2016 12.36 12.35 12.38 12.37 224 21715.00 1819882851.00
20/09/2016 12.33 12.26 12.33 12.30 374 267095.00 22412803968.00
21/09/2016 12.23 12.17 12.23 12.17 280 35400.00 2975808911.00
22/09/2016 12.08 12.03 12.08 12.06 113 21620.00 1821665036.00
23/09/2016 12.05 12.00 12.06 12.05 232 3175.00 267787452.00
26/09/2016 12.09 12.03 12.09 12.04 260 5225.00 440651326.00
27/09/2016 11.99 11.95 11.99 11.95 52 1905.00 160940135.00
28/09/2016 11.96 11.92 12.00 11.99 201 10455.00 883582097.00
29/09/2016 12.00 11.97 12.05 12.03 333 8685.00 734062242.00
30/09/2016 11.97 11.97 12.01 12.01 88 6040.00 510737646.00
03/10/2016 11.98 11.89 11.98 11.93 169 15700.00 1329264706.00
04/10/2016 11.91 11.90 11.99 11.97 315 4665.00 395052087.00
05/10/2016 11.93 11.89 11.94 11.89 129 2785.00 236104497.00
06/10/2016 11.89 11.81 11.89 11.81 20 765.00 64944918.00
07/10/2016 11.79 11.75 11.79 11.76 71 1345.00 114340241.00
10/10/2016 11.78 11.78 11.80 11.80 66 2395.00 203590645.00
11/10/2016 11.80 11.79 11.84 11.81 56 2130.00 181111739.00
13/10/2016 11.80 11.77 11.83 11.77 193 2590.00 220370653.00
14/10/2016 11.70 11.68 11.78 11.78 168 2150.00 183161342.00
17/10/2016 11.79 11.76 11.80 11.77 31 1690.00 143953040.00
18/10/2016 11.75 11.75 11.79 11.78 152 2500.00 213066989.00
19/10/2016 11.73 11.70 11.74 11.70 52 5600.00 477789038.00
20/10/2016 11.91 11.86 11.92 11.87 144 2005.00 170777248.00
21/10/2016 11.90 11.90 11.97 11.95 130 2805.00 238827070.00
24/10/2016 11.94 11.91 11.97 11.93 168 2935.00 250063598.00
25/10/2016 11.99 11.98 12.04 12.04 228 8635.00 735421041.00
26/10/2016 12.02 11.98 12.05 12.04 131 2515.00 214232036.00
27/10/2016 12.03 11.98 12.06 12.02 394 7170.00 611007436.00
28/10/2016 12.00 11.95 12.03 12.00 787 13560.00 1156659329.00
31/10/2016 11.98 11.95 11.98 11.98 101 5795.00 494590454.00
01/11/2016 11.98 11.98 12.03 12.01 393 31860.00 2719740842.00
03/11/2016 11.99 11.98 12.02 12.01 632 23900.00 2040888555.00
04/11/2016 12.01 11.98 12.02 11.99 132 8375.00 715663621.00
07/11/2016 11.94 11.92 11.96 11.94 144 4245.00 363152441.00
08/11/2016 11.91 11.87 11.91 11.88 57 32160.00 2753700440.00
09/11/2016 11.98 11.92 11.98 11.95 106 8885.00 760745413.00
10/11/2016 11.95 11.95 12.14 12.09 590 19860.00 1698381866.00
11/11/2016 12.19 12.10 12.26 12.15 394 13615.00 1163236506.00
14/11/2016 12.43 12.31 12.50 12.34 144 10205.00 870136410.00
16/11/2016 12.33 12.22 12.34 12.23 65 4370.00 373397962.00
17/11/2016 12.18 12.16 12.27 12.26 171 2250.00 192414744.00
18/11/2016 12.28 12.19 12.30 12.21 123 7470.00 639009396.00
21/11/2016 12.10 11.98 12.10 11.98 228 17110.00 1468088482.00
22/11/2016 11.94 11.92 11.97 11.92 59 16350.00 1404805730.00
23/11/2016 11.91 11.90 11.99 11.94 388 38600.00 3317388207.00
24/11/2016 11.95 11.93 11.96 11.94 51 16625.00 1429587483.00
25/11/2016 12.06 11.97 12.08 11.99 101 9740.00 837302976.00
28/11/2016 11.92 11.91 11.93 11.92 143 5080.00 437365422.00
29/11/2016 11.90 11.85 11.91 11.85 160 6330.00 545449328.00
30/11/2016 11.85 11.83 11.89 11.86 246 12940.00 1115831147.00
01/12/2016 11.93 11.93 12.11 12.11 267 11472.00 987633791.00
02/12/2016 12.19 12.04 12.30 12.08 274 13380.00 1151143465.00
05/12/2016 11.97 11.81 11.97 11.81 320 13125.00 1133282324.00
06/12/2016 11.80 11.75 11.85 11.79 213 19625.00 1696897765.00
07/12/2016 11.71 11.66 11.73 11.70 288 25435.00 2202247637.00
08/12/2016 11.65 11.65 11.73 11.68 132 11440.00 991066526.00
09/12/2016 11.64 11.62 11.69 11.69 76 7585.00 657669078.00
12/12/2016 11.69 11.57 11.69 11.61 179 9148.00 793966074.00
13/12/2016 11.60 11.58 11.65 11.65 361 7735.00 671573929.00
14/12/2016 11.64 11.57 11.64 11.63 168 13185.00 1145397039.00
15/12/2016 11.63 11.54 11.66 11.54 214 24670.00 2144194683.00
16/12/2016 11.54 11.50 11.54 11.50 79 2340.00 203637880.00
19/12/2016 11.51 11.44 11.53 11.46 86 92770.00 8082984681.00
20/12/2016 11.47 11.47 11.51 11.49 210 16480.00 1435820234.00
21/12/2016 11.39 11.35 11.40 11.40 49 2661.00 232236562.00
22/12/2016 11.39 11.36 11.43 11.39 329 7875.00 687480905.00
23/12/2016 11.37 11.37 11.39 11.38 62 4925.00 430225339.00
26/12/2016 11.38 11.33 11.38 11.36 40 4235.00 370172044.00
27/12/2016 11.35 11.33 11.38 11.33 56 4195.00 366902867.00
28/12/2016 11.34 11.32 11.34 11.33 48 7200.00 630188349.00
29/12/2016 11.32 11.31 11.33 11.31 84 11050.00 967631873.00
02/01/2017 11.25 11.21 11.25 11.22 100 6487.00 569125794.00
03/01/2017 11.22 11.22 11.25 11.22 131 3520.00 308945991.00
04/01/2017 11.22 11.22 11.27 11.27 132 7105.00 623650139.00
05/01/2017 11.17 11.13 11.18 11.14 195 15790.00 1388052905.00
06/01/2017 11.15 11.10 11.16 11.15 466 23375.00 2056441513.00
09/01/2017 11.14 11.12 11.15 11.13 41 9380.00 825432529.00
10/01/2017 11.15 11.10 11.15 11.12 65 5625.00 495284556.00
11/01/2017 11.08 11.08 11.13 11.11 98 3940.00 347144410.00
12/01/2017 10.75 10.73 10.78 10.78 322 20690.00 1830675898.00
13/01/2017 10.76 10.76 10.82 10.82 160 19190.00 1697661007.00
16/01/2017 10.81 10.77 10.82 10.80 150 13625.00 1206107399.00
17/01/2017 10.75 10.75 10.80 10.80 137 16695.00 1478551629.00
18/01/2017 10.80 10.78 10.81 10.80 75 11275.00 998697500.00
19/01/2017 10.77 10.74 10.78 10.75 66 7450.00 660503442.00
20/01/2017 10.72 10.68 10.72 10.70 170 21605.00 1917379026.00
23/01/2017 10.67 10.67 10.71 10.70 223 4400.00 390644475.00
24/01/2017 10.69 10.68 10.72 10.72 145 5605.00 497856800.00
26/01/2017 10.73 10.73 10.75 10.75 368 17380.00 1544251733.00
27/01/2017 10.72 10.71 10.72 10.71 292 11720.00 1042076536.00
30/01/2017 10.73 10.71 10.73 10.73 187 7840.00 697285251.00
31/01/2017 10.71 10.66 10.71 10.66 175 11305.00 1006381704.00
01/02/2017 10.65 10.65 10.68 10.65 193 30120.00 2682649992.00
02/02/2017 10.65 10.63 10.65 10.64 132 27035.00 2409506571.00
03/02/2017 10.61 10.56 10.61 10.59 138 22067.00 1968565227.00
06/02/2017 10.58 10.57 10.58 10.58 145 16820.00 1501255957.00
07/02/2017 10.59 10.52 10.59 10.53 252 10175.00 908596322.00
08/02/2017 10.51 10.47 10.51 10.48 289 56270.00 5030133570.00
09/02/2017 10.50 10.46 10.50 10.48 316 23081.00 2064482470.00
10/02/2017 10.46 10.40 10.46 10.43 211 12810.00 1146855439.00
13/02/2017 10.42 10.41 10.43 10.41 94 13570.00 1215523192.00
14/02/2017 10.40 10.39 10.45 10.40 212 24685.00 2211953579.00
15/02/2017 10.40 10.37 10.42 10.38 284 23640.00 2119896546.00
16/02/2017 10.39 10.36 10.44 10.43 391 13511.00 1211766168.00
17/02/2017 10.43 10.33 10.43 10.35 380 35773.00 3211215737.00
20/02/2017 10.31 10.30 10.33 10.30 71 5040.00 452824083.00
21/02/2017 10.31 10.24 10.31 10.25 396 28645.00 2575625846.00
22/02/2017 10.28 10.21 10.28 10.22 522 62640.00 5635701182.00
23/02/2017 10.11 10.08 10.13 10.08 185 64332.00 5798284904.00
24/02/2017 10.10 10.09 10.11 10.10 205 15186.00 1369325508.00
01/03/2017 10.12 10.05 10.12 10.05 262 6585.00 594103313.00
02/03/2017 10.05 10.04 10.09 10.09 97 17732.00 1600789574.00
03/03/2017 10.04 9.99 10.04 9.99 260 22080.00 1995087115.00
06/03/2017 9.98 9.95 9.98 9.96 108 22890.00 2069874380.00
07/03/2017 9.95 9.95 9.99 9.98 151 7880.00 712755856.00
08/03/2017 9.99 9.98 10.02 10.01 224 21270.00 1924149103.00
09/03/2017 10.01 10.00 10.03 10.03 197 13120.00 1187187979.00
10/03/2017 9.97 9.83 9.98 9.84 255 17540.00 1589765604.00
13/03/2017 9.80 9.77 9.82 9.77 250 27521.00 2497281135.00
14/03/2017 9.78 9.77 9.83 9.80 149 9405.00 853662948.00
15/03/2017 9.81 9.73 9.84 9.74 392 23035.00 2091735894.00
16/03/2017 9.75 9.75 9.78 9.77 112 12404.00 1127087612.00
17/03/2017 9.79 9.76 9.79 9.78 87 17180.00 1561632776.00
20/03/2017 9.77 9.75 9.79 9.76 178 37380.00 3399162044.00
21/03/2017 9.77 9.71 9.77 9.72 315 9087.00 826934178.00
22/03/2017 9.75 9.72 9.76 9.73 92 14250.00 1297130008.00
23/03/2017 9.76 9.75 9.79 9.75 226 25955.00 2362987496.00
24/03/2017 9.74 9.66 9.76 9.66 455 48040.00 4377836378.00
27/03/2017 9.64 9.61 9.66 9.63 341 21438.00 1955708872.00
28/03/2017 9.63 9.60 9.64 9.63 207 54678.00 4989326843.00
29/03/2017 9.59 9.59 9.63 9.59 564 43880.00 4006388790.00
30/03/2017 9.59 9.59 9.69 9.69 498 28015.00 2557556667.00
31/03/2017 9.68 9.65 9.68 9.68 343 18490.00 1688465369.00
03/04/2017 9.67 9.61 9.67 9.61 1087 93885.00 8579474074.00
04/04/2017 9.60 9.59 9.61 9.60 253 20255.00 1852203114.00
05/04/2017 9.56 9.55 9.60 9.60 281 6905.00 631858915.00
06/04/2017 9.61 9.59 9.63 9.62 634 30175.00 2761130284.00
07/04/2017 9.60 9.57 9.62 9.58 546 22620.00 2071001824.00
10/04/2017 9.53 9.47 9.53 9.47 299 9635.00 883177768.00
11/04/2017 9.44 9.42 9.47 9.45 413 20085.00 1842518953.00
12/04/2017 9.45 9.45 9.47 9.47 458 58545.00 5371719835.00
13/04/2017 9.49 9.47 9.51 9.48 469 45007.00 4130168879.00
17/04/2017 9.45 9.45 9.47 9.47 138 7275.00 667957904.00
18/04/2017 9.37 9.35 9.38 9.37 261 18700.00 1719105045.00
19/04/2017 9.36 9.35 9.40 9.40 85 16499.00 1517164714.00
20/04/2017 9.36 9.36 9.43 9.38 1518 108360.00 9965793684.00
24/04/2017 9.34 9.32 9.35 9.35 428 24115.00 2219623331.00
25/04/2017 9.37 9.36 9.40 9.38 372 26655.00 2453486169.00
26/04/2017 9.39 9.36 9.41 9.37 171 21515.00 1981136256.00
27/04/2017 9.36 9.35 9.38 9.38 236 17340.00 1597403288.00
28/04/2017 9.36 9.33 9.37 9.34 197 29220.00 2693373450.00
02/05/2017 9.33 9.29 9.33 9.30 107 20050.00 1849389820.00
03/05/2017 9.27 9.24 9.28 9.27 222 15086.00 1392552700.00
04/05/2017 9.29 9.29 9.31 9.30 118 11465.00 1058233712.00
05/05/2017 9.30 9.24 9.30 9.26 675 22735.00 2099834593.00
08/05/2017 9.27 9.24 9.27 9.24 547 17780.00 1642904507.00
09/05/2017 9.21 9.17 9.21 9.17 298 13200.00 1220724443.00
10/05/2017 9.14 9.12 9.15 9.13 69 7725.00 715064985.00
11/05/2017 9.08 9.01 9.09 9.02 208 19996.00 1852912262.00
12/05/2017 9.02 8.96 9.02 8.96 243 9975.00 925035612.00
15/05/2017 8.95 8.83 8.96 8.84 221 8880.00 824446562.00
16/05/2017 8.84 8.77 8.84 8.79 151 8535.00 793302506.00
17/05/2017 8.79 8.75 8.82 8.82 327 17125.00 1592257198.00
18/05/2017 10.04 10.02 10.04 10.04 39 3782.00 348293145.00
19/05/2017 10.04 9.57 10.05 9.64 3584 52105.00 4807786203.00
22/05/2017 9.73 9.69 9.79 9.73 651 33410.00 3086723970.00
23/05/2017 9.73 9.53 9.73 9.53 197 17320.00 1602499033.00
24/05/2017 9.45 9.43 9.50 9.50 632 21310.00 1974313271.00
25/05/2017 9.45 9.39 9.48 9.39 132 40110.00 3717598724.00
26/05/2017 9.33 9.20 9.33 9.22 379 18470.00 1715346498.00
29/05/2017 9.22 9.13 9.24 9.14 94 3180.00 295505270.00
30/05/2017 9.15 9.15 9.23 9.23 367 20248.00 1882373431.00
31/05/2017 9.17 9.14 9.22 9.15 326 17315.00 1610545313.00
01/06/2017 9.24 9.22 9.31 9.30 383 32645.00 3035299174.00
02/06/2017 9.29 9.27 9.34 9.33 206 7420.00 689955351.00
05/06/2017 9.35 9.32 9.38 9.34 376 9105.00 846614192.00
06/06/2017 9.26 9.21 9.26 9.21 173 11885.00 1106482883.00
07/06/2017 9.16 9.16 9.23 9.22 202 19976.00 1860685203.00
08/06/2017 9.24 9.21 9.25 9.21 106 5275.00 491487494.00
09/06/2017 9.11 9.03 9.11 9.07 227 10265.00 957861023.00
12/06/2017 9.01 9.00 9.04 9.03 195 13785.00 1287162459.00
13/06/2017 9.01 9.01 9.07 9.07 567 14495.00 1353770214.00
14/06/2017 9.07 9.02 9.07 9.05 144 8520.00 796011338.00
16/06/2017 9.00 8.96 9.00 8.97 238 7875.00 736346989.00
