02/06/2016 13.14 13.14 13.16 13.16 2 2100.00 187712566.00
06/06/2016 13.07 13.07 13.07 13.07 1 110.00 9847765.00
07/06/2016 13.13 13.13 13.13 13.13 2 380.00 34019952.00
10/06/2016 13.23 13.23 13.23 13.23 20 2000.00 179175380.00
13/06/2016 13.24 13.24 13.24 13.24 1 795.00 71251795.00
14/06/2016 13.20 13.20 13.29 13.29 3 2620.00 234989259.00
15/06/2016 13.31 13.29 13.31 13.31 4 2090.00 187414084.00
21/06/2016 13.33 13.33 13.33 13.33 1 40.00 3593177.00
30/06/2016 13.56 13.56 13.56 13.56 1 1500.00 134986170.00
05/07/2016 13.46 13.46 13.46 13.46 1 170.00 15332646.00
07/07/2016 13.49 13.49 13.49 13.49 4 180.00 16247948.00
08/07/2016 13.45 13.45 13.45 13.45 1 1000.00 90334140.00
11/07/2016 13.43 13.43 13.43 13.43 2 20.00 1807907.00
15/07/2016 13.40 13.40 13.41 13.41 2 60.00 5435299.00
22/07/2016 13.55 13.55 13.55 13.55 1 1000.00 90726400.00
26/07/2016 13.58 13.58 13.58 13.58 2 75.00 6810133.00
09/08/2016 13.49 13.49 13.49 13.49 5 500.00 45655855.00
10/08/2016 13.49 13.49 13.49 13.49 4 750.00 68518185.00
12/08/2016 13.50 13.50 13.52 13.52 2 435.00 39777915.00
15/08/2016 13.48 13.48 13.53 13.53 6 130.00 11893796.00
17/08/2016 13.53 13.53 13.53 13.53 1 1000.00 91567640.00
31/08/2016 13.59 13.59 13.61 13.61 52 1075.00 98891939.00
02/09/2016 13.44 13.44 13.44 13.44 1 500.00 46083540.00
08/09/2016 13.43 13.43 13.43 13.43 1 470.00 43386033.00
15/09/2016 13.51 13.51 13.51 13.51 1 50.00 4625084.00
23/09/2016 13.23 13.21 13.23 13.23 3 2190.00 203501738.00
26/09/2016 13.24 13.24 13.24 13.24 1 2700.00 250986033.00
27/09/2016 13.15 13.15 13.15 13.15 1 445.00 41405830.00
28/09/2016 13.20 13.20 13.20 13.20 41 2040.00 189863150.00
30/09/2016 13.18 13.18 13.18 13.18 1 1300.00 121120545.00
03/10/2016 13.13 13.13 13.13 13.13 4 315.00 29370225.00
04/10/2016 13.15 13.15 13.17 13.17 25 1220.00 113792221.00
05/10/2016 13.15 13.14 13.15 13.14 27 1775.00 165651164.00
06/10/2016 13.11 13.10 13.11 13.10 7 4105.00 383354985.00
07/10/2016 13.05 13.05 13.05 13.05 3 310.00 28971989.00
10/10/2016 13.08 13.08 13.08 13.08 1 450.00 42071494.00
11/10/2016 13.06 13.06 13.06 13.06 6 1445.00 135171889.00
17/10/2016 13.02 13.02 13.02 13.02 3 455.00 42633035.00
18/10/2016 13.03 13.03 13.03 13.03 2 6200.00 581188806.00
19/10/2016 13.00 12.99 13.00 12.99 14 790.00 74102113.00
20/10/2016 13.14 13.14 13.14 13.14 1 5.00 468919.00
24/10/2016 13.14 13.14 13.20 13.20 5 2750.00 258102800.00
25/10/2016 13.26 13.25 13.26 13.25 4 5200.00 488143068.00
26/10/2016 13.26 13.26 13.26 13.26 1 500.00 46959860.00
27/10/2016 13.25 13.25 13.25 13.25 2 510.00 47924837.00
28/10/2016 13.21 13.21 13.23 13.23 116 1890.00 177714023.00
01/11/2016 13.22 13.22 13.24 13.24 2 805.00 75766295.00
03/11/2016 13.22 13.22 13.22 13.22 38 2050.00 193040402.00
04/11/2016 13.22 13.21 13.22 13.21 3 4860.00 457874590.00
07/11/2016 13.20 13.17 13.21 13.21 7 8595.00 810238284.00
08/11/2016 13.18 13.15 13.18 13.15 3 3060.00 288624866.00
09/11/2016 13.16 13.16 13.16 13.16 1 500.00 47188595.00
10/11/2016 13.20 13.20 13.22 13.21 4 1100.00 103844217.00
11/11/2016 13.26 13.26 13.29 13.29 12 1930.00 182242885.00
14/11/2016 13.33 13.33 13.33 13.33 1 500.00 47224760.00
17/11/2016 13.30 13.29 13.30 13.29 3 590.00 55790293.00
18/11/2016 13.30 13.29 13.30 13.29 6 815.00 77104443.00
21/11/2016 13.19 13.19 13.19 13.19 9 6235.00 590388990.00
22/11/2016 13.15 13.15 13.15 13.15 5 780.00 73905023.00
23/11/2016 13.14 13.13 13.14 13.13 5 780.00 73947894.00
24/11/2016 13.15 13.14 13.15 13.14 2 910.00 86310342.00
25/11/2016 13.12 13.12 13.12 13.12 11 615.00 58364316.00
28/11/2016 13.12 13.12 13.12 13.12 4 495.00 46998571.00
29/11/2016 13.12 13.10 13.12 13.10 11 5300.00 503475171.00
30/11/2016 13.09 13.08 13.09 13.08 23 1455.00 138299266.00
02/12/2016 13.15 13.15 13.15 13.15 1 10.00 951223.00
06/12/2016 13.03 13.02 13.03 13.02 3 830.00 79064409.00
07/12/2016 13.01 13.01 13.01 13.01 1 50.00 4765436.00
09/12/2016 12.95 12.95 12.95 12.95 2 14200.00 1354975218.00
12/12/2016 12.89 12.89 12.89 12.89 1 891.00 85079674.00
13/12/2016 12.91 12.91 12.91 12.91 7 200.00 19105162.00
14/12/2016 12.92 12.91 12.92 12.92 58 6325.00 604481594.00
15/12/2016 12.91 12.91 12.91 12.91 5 1475.00 141036417.00
16/12/2016 12.89 12.89 12.89 12.89 3 1000.00 95670180.00
19/12/2016 12.89 12.86 12.89 12.86 8 2265.00 216808193.00
20/12/2016 12.86 12.86 12.86 12.86 7 1050.00 100559938.00
21/12/2016 12.80 12.80 12.81 12.80 22 5225.00 500739493.00
22/12/2016 12.81 12.81 12.82 12.81 9 8500.00 814941612.00
23/12/2016 12.81 12.81 12.81 12.81 1 500.00 47962035.00
26/12/2016 12.81 12.80 12.81 12.80 4 501.00 48082404.00
27/12/2016 12.81 12.79 12.81 12.79 8 7170.00 688434835.00
28/12/2016 12.79 12.77 12.79 12.77 7 2300.00 220960062.00
29/12/2016 12.76 12.76 12.76 12.76 5 1650.00 158603296.00
02/01/2017 12.75 12.74 12.75 12.74 6 1325.00 127489718.00
03/01/2017 12.75 12.73 12.75 12.73 8 2100.00 202159094.00
04/01/2017 12.75 12.75 12.75 12.75 1 500.00 48154615.00
05/01/2017 12.70 12.67 12.70 12.67 14 2335.00 225034892.00
06/01/2017 12.66 12.66 12.66 12.66 12 2365.00 228041475.00
09/01/2017 12.64 12.64 12.64 12.64 3 2340.00 225751205.00
10/01/2017 12.64 12.63 12.64 12.63 19 13295.00 1283259207.00
11/01/2017 12.61 12.61 12.61 12.61 3 300.00 28971810.00
12/01/2017 12.35 12.35 12.36 12.35 3 8365.00 808733221.00
13/01/2017 12.35 12.35 12.41 12.37 15 4545.00 439595239.00
16/01/2017 12.36 12.36 12.36 12.36 2 415.00 40160018.00
17/01/2017 12.35 12.35 12.36 12.36 61 3800.00 367899706.00
18/01/2017 12.34 12.34 12.34 12.34 1 500.00 48432090.00
19/01/2017 12.30 12.30 12.30 12.30 3 500.00 48459695.00
20/01/2017 12.31 12.30 12.32 12.30 16 6850.00 664188191.00
23/01/2017 12.33 12.31 12.33 12.31 3 170.00 16491037.00
24/01/2017 12.29 12.29 12.30 12.30 48 9050.00 878328090.00
26/01/2017 12.29 12.28 12.29 12.29 19 10405.00 1010798550.00
27/01/2017 12.28 12.27 12.28 12.28 16 18825.00 1829630531.00
30/01/2017 12.24 12.24 12.27 12.27 10 2300.00 223648037.00
31/01/2017 12.24 12.24 12.24 12.24 6 3095.00 301107014.00
01/02/2017 12.24 12.23 12.24 12.23 16 27820.00 2707828741.00
02/02/2017 12.23 12.23 12.23 12.23 11 11985.00 1167094266.00
03/02/2017 12.22 12.21 12.23 12.21 46 18090.00 1762468936.00
06/02/2017 12.16 12.16 12.16 12.16 5 400.00 38992840.00
07/02/2017 12.15 12.14 12.15 12.14 2 255.00 24870125.00
08/02/2017 12.13 12.13 12.13 12.13 3 1090.00 106358549.00
09/02/2017 12.13 12.12 12.13 12.12 11 32170.00 3140494000.00
10/02/2017 12.10 12.09 12.10 12.09 60 30305.00 2959924738.00
13/02/2017 12.08 12.07 12.08 12.07 8 2655.00 259444949.00
14/02/2017 12.06 12.06 12.06 12.06 19 48445.00 4736275497.00
15/02/2017 12.05 12.03 12.05 12.03 16 10600.00 1036832810.00
16/02/2017 12.00 12.00 12.00 12.00 5 605.00 59208020.00
17/02/2017 12.00 11.98 12.01 11.98 84 14145.00 1384919550.00
20/02/2017 11.95 11.95 11.95 11.95 1 500.00 48980590.00
21/02/2017 11.93 11.93 11.94 11.94 159 76660.00 7513170247.00
22/02/2017 11.93 11.93 11.94 11.93 10 18165.00 1781113496.00
23/02/2017 11.93 11.93 11.95 11.93 17 33725.00 3308230191.00
24/02/2017 11.94 11.93 11.94 11.94 14 6550.00 642810359.00
01/03/2017 11.93 11.93 11.93 11.93 2 3285.00 322531286.00
02/03/2017 11.92 11.91 11.92 11.92 11 30475.00 2993517212.00
03/03/2017 11.92 11.91 11.92 11.91 6 1165.00 114488451.00
06/03/2017 11.91 11.91 11.91 11.91 7 345.00 33919540.00
07/03/2017 11.90 11.90 11.91 11.90 4 7420.00 729850754.00
08/03/2017 11.89 11.89 11.89 11.89 4 2380.00 234210730.00
09/03/2017 11.89 11.89 11.89 11.89 6 133220.00 13115742142.00
10/03/2017 11.88 11.84 11.88 11.85 18 16015.00 1577484726.00
13/03/2017 11.83 11.83 11.85 11.84 11 58780.00 5792500692.00
14/03/2017 11.84 11.83 11.84 11.84 72 203215.00 20034788430.00
15/03/2017 11.83 11.81 11.84 11.83 27 53140.00 5241391245.00
16/03/2017 11.83 11.82 11.84 11.83 13 27415.00 2705261106.00
17/03/2017 11.80 11.80 11.82 11.81 11 23050.00 2275579817.00
20/03/2017 11.79 11.79 11.80 11.80 14 24165.00 2386744287.00
21/03/2017 11.78 11.78 11.78 11.78 14 62930.00 6218362512.00
22/03/2017 11.77 11.76 11.77 11.76 35 107265.00 10604143661.00
23/03/2017 11.76 11.75 11.76 11.75 27 28620.00 2830607029.00
24/03/2017 11.74 11.72 11.74 11.72 37 232420.00 22997721768.00
27/03/2017 11.72 11.71 11.72 11.71 73 125985.00 12471812421.00
28/03/2017 11.69 11.69 11.69 11.69 19 35500.00 3515901008.00
29/03/2017 11.67 11.65 11.67 11.65 29 60305.00 5975357170.00
30/03/2017 11.65 11.64 11.65 11.65 22 90120.00 8933539690.00
31/03/2017 11.63 11.61 11.63 11.62 22 58995.00 5850816405.00
03/04/2017 11.59 11.59 11.59 11.59 26 78475.00 7786283138.00
04/04/2017 11.56 11.54 11.56 11.55 31 43485.00 4316541355.00
05/04/2017 11.51 11.50 11.52 11.52 26 56510.00 5612034222.00
06/04/2017 11.47 11.47 11.48 11.47 35 67515.00 6708002254.00
07/04/2017 11.42 11.41 11.42 11.41 15 25375.00 2522312358.00
10/04/2017 11.35 11.35 11.35 11.35 45 70840.00 7044825877.00
11/04/2017 11.26 11.26 11.28 11.28 101 41035.00 4082682633.00
12/04/2017 11.20 11.19 11.20 11.20 46 63780.00 6348539978.00
13/04/2017 11.13 11.13 11.13 11.13 34 53835.00 5361001222.00
17/04/2017 11.13 11.13 11.13 11.13 13 28830.00 2872154424.00
18/04/2017 11.13 11.13 11.14 11.13 24 58040.00 5784586400.00
19/04/2017 11.14 11.13 11.14 11.13 13 8840.00 881412399.00
20/04/2017 11.13 11.13 11.14 11.14 9 1980.00 197503099.00
24/04/2017 11.13 11.13 11.14 11.14 16 8020.00 800322724.00
25/04/2017 11.13 11.12 11.13 11.12 5 3060.00 305488032.00
26/04/2017 11.13 11.13 11.13 11.13 7 8410.00 839944543.00
27/04/2017 11.13 11.13 11.13 11.13 6 5990.00 598498720.00
28/04/2017 11.13 11.13 11.13 11.13 8 60945.00 6091948291.00
