01/06/2016 14.11 14.11 14.11 14.11 44 103525.00 10233910156.00
02/06/2016 14.11 14.10 14.19 14.11 55 95790.00 9474231167.00
03/06/2016 14.12 14.10 14.12 14.11 65 16520.00 1634784178.00
06/06/2016 14.13 14.10 14.13 14.11 49 133293.00 13197315009.00
07/06/2016 14.11 14.11 14.11 14.11 109 344100.00 34087160910.00
08/06/2016 14.11 14.09 14.11 14.10 103 234465.00 23238787737.00
09/06/2016 14.12 14.12 14.13 14.13 136 160000.00 15866316715.00
10/06/2016 14.13 14.13 14.13 14.13 28 11680.00 1158850131.00
13/06/2016 14.13 14.12 14.13 14.13 22 15245.00 1513351224.00
14/06/2016 14.12 14.12 14.13 14.13 32 24890.00 2472091799.00
15/06/2016 14.13 14.12 14.13 14.12 28 18310.00 1819516499.00
16/06/2016 14.12 14.12 14.13 14.13 33 38540.00 3831831947.00
17/06/2016 14.13 14.13 14.13 14.13 78 9447.00 939759015.00
20/06/2016 14.13 14.13 14.13 14.13 33 13270.00 1320753009.00
21/06/2016 14.12 14.09 14.13 14.13 42 12225.00 1217385104.00
22/06/2016 14.13 14.13 14.13 14.13 32 24060.00 2397185394.00
23/06/2016 14.13 14.12 14.13 14.13 32 20865.00 2079945010.00
24/06/2016 14.13 14.12 14.13 14.13 86 54130.00 5398827051.00
27/06/2016 14.13 14.12 14.13 14.13 31 52780.00 5266941635.00
28/06/2016 14.12 14.12 14.13 14.13 149 39310.00 3924821096.00
29/06/2016 14.06 14.06 14.13 14.13 34 64709.00 6464117039.00
30/06/2016 14.13 14.13 14.13 14.13 32 28810.00 2879489491.00
