01/06/2016 12.80 12.76 12.92 12.76 54 825.00 50545016.00
02/06/2016 12.75 12.63 12.79 12.66 181 4025.00 247875573.00
03/06/2016 12.57 12.41 12.58 12.45 238 2990.00 185534142.00
06/06/2016 12.39 12.33 12.47 12.34 65 925.00 57696200.00
07/06/2016 12.47 12.36 12.50 12.40 268 2770.00 172410450.00
08/06/2016 12.35 12.28 12.38 12.31 216 2975.00 185861552.00
09/06/2016 12.35 12.28 12.41 12.37 41 3270.00 203892077.00
10/06/2016 12.46 12.46 12.61 12.59 14 265.00 16415311.00
13/06/2016 12.68 12.56 12.70 12.60 36 2340.00 144799677.00
14/06/2016 12.59 12.53 12.67 12.63 42 1870.00 115944789.00
15/06/2016 12.59 12.57 12.83 12.69 215 1770.00 109587824.00
16/06/2016 12.70 12.69 12.82 12.71 145 1380.00 85284026.00
17/06/2016 12.64 12.59 12.64 12.61 18 3255.00 202053440.00
20/06/2016 12.50 12.50 12.60 12.60 16 795.00 49393882.00
21/06/2016 12.51 12.47 12.55 12.47 29 900.00 56113180.00
22/06/2016 12.42 12.42 12.56 12.56 18 10410.00 650454061.00
23/06/2016 12.46 12.41 12.51 12.42 271 6260.00 391392890.00
24/06/2016 12.68 12.43 12.68 12.45 56 1460.00 91309541.00
27/06/2016 12.41 12.23 12.41 12.23 137 780.00 49108081.00
28/06/2016 12.27 12.13 12.31 12.13 262 2545.00 160835327.00
29/06/2016 12.11 12.11 12.28 12.27 330 7725.00 487493141.00
30/06/2016 12.32 12.14 12.33 12.21 111 2065.00 130487688.00
01/07/2016 12.16 12.15 12.26 12.21 195 1340.00 84780800.00
04/07/2016 12.17 12.12 12.17 12.15 22 1560.00 98981947.00
05/07/2016 12.23 12.16 12.28 12.27 194 4765.00 301394102.00
06/07/2016 12.33 12.33 12.43 12.33 104 1515.00 95442316.00
07/07/2016 12.36 12.26 12.38 12.32 891 21995.00 1389345651.00
08/07/2016 12.21 12.08 12.21 12.11 790 13285.00 844623058.00
11/07/2016 12.05 12.03 12.09 12.07 218 13215.00 842577781.00
12/07/2016 12.00 11.98 12.14 12.14 237 5850.00 373273071.00
13/07/2016 12.14 12.04 12.14 12.07 117 7415.00 473085769.00
14/07/2016 12.01 11.95 12.04 12.03 641 16835.00 1076841105.00
15/07/2016 12.03 12.00 12.08 12.06 384 10555.00 675066741.00
18/07/2016 12.01 11.98 12.04 12.04 119 7080.00 453279898.00
19/07/2016 12.04 12.04 12.08 12.04 36 5290.00 338171982.00
20/07/2016 12.01 11.94 12.01 11.96 184 14260.00 914828359.00
21/07/2016 12.01 11.95 12.07 12.05 724 21595.00 1383460723.00
22/07/2016 12.07 12.07 12.17 12.13 222 11220.00 716891790.00
25/07/2016 12.18 12.16 12.22 12.18 30 1435.00 91537622.00
26/07/2016 12.20 12.10 12.20 12.13 125 9570.00 612017018.00
27/07/2016 12.14 12.11 12.22 12.13 112 8700.00 556398013.00
28/07/2016 12.16 12.11 12.18 12.15 464 24290.00 1553471095.00
29/07/2016 12.16 12.07 12.18 12.08 445 11480.00 735780433.00
01/08/2016 12.03 12.00 12.06 12.00 62 6500.00 417681454.00
02/08/2016 12.06 12.03 12.14 12.10 107 6040.00 387783490.00
03/08/2016 12.18 12.14 12.24 12.15 184 9295.00 594988970.00
04/08/2016 12.11 12.03 12.12 12.05 512 5330.00 342515639.00
05/08/2016 12.02 11.93 12.02 11.93 534 16260.00 1048421101.00
08/08/2016 11.98 11.97 12.04 12.02 122 4940.00 318328331.00
09/08/2016 11.98 11.91 12.03 11.91 299 10675.00 689929172.00
10/08/2016 11.92 11.92 11.99 11.95 210 14300.00 924150086.00
11/08/2016 12.01 11.94 12.01 11.94 160 17355.00 1121404409.00
12/08/2016 11.99 11.90 11.99 11.97 575 24625.00 1593961740.00
15/08/2016 11.99 11.91 12.01 11.93 263 14660.00 949587574.00
16/08/2016 11.90 11.89 11.96 11.95 334 31145.00 2018727322.00
17/08/2016 11.98 11.93 12.01 11.94 717 40945.00 2651977842.00
18/08/2016 11.96 11.95 12.03 12.03 411 25985.00 1681711921.00
19/08/2016 12.02 11.94 12.02 11.96 548 26155.00 1694864563.00
22/08/2016 11.98 11.94 12.00 11.98 193 18300.00 1185923442.00
23/08/2016 11.94 11.94 12.04 12.04 754 28330.00 1837144054.00
24/08/2016 12.03 12.02 12.09 12.05 264 27800.00 1799181566.00
25/08/2016 12.04 12.03 12.11 12.04 1361 50800.00 3287219492.00
26/08/2016 12.05 11.99 12.24 12.19 890 12330.00 796821839.00
29/08/2016 12.24 12.13 12.27 12.14 260 4805.00 310091129.00
30/08/2016 12.12 12.12 12.27 12.20 203 11850.00 764058056.00
31/08/2016 12.18 12.09 12.20 12.10 180 18210.00 1177694794.00
01/09/2016 11.97 11.97 12.04 12.02 1505 51235.00 3329223588.00
02/09/2016 12.02 11.89 12.04 11.92 457 35520.00 2316178185.00
05/09/2016 11.93 11.91 11.95 11.95 86 18285.00 1192347195.00
06/09/2016 11.92 11.87 11.98 11.89 330 29830.00 1948145386.00
08/09/2016 11.87 11.83 11.92 11.92 1052 45530.00 2975634630.00
09/09/2016 11.98 11.97 12.13 12.13 670 11575.00 752643689.00
12/09/2016 12.17 11.99 12.17 12.00 368 55595.00 3621566032.00
13/09/2016 12.04 12.01 12.31 12.24 1418 28675.00 1861564296.00
14/09/2016 12.23 12.13 12.37 12.22 1735 30200.00 1954499878.00
15/09/2016 12.17 12.10 12.28 12.12 2566 65595.00 4254640448.00
16/09/2016 12.10 12.05 12.16 12.05 430 38930.00 2532219603.00
19/09/2016 12.04 12.03 12.07 12.07 208 5370.00 349999719.00
20/09/2016 12.02 11.98 12.09 12.06 1091 68510.00 4474289309.00
21/09/2016 11.98 11.87 12.00 11.88 464 27830.00 1823074650.00
22/09/2016 11.73 11.68 11.76 11.75 1479 50685.00 3345681241.00
23/09/2016 11.69 11.65 11.74 11.73 778 25370.00 1677606348.00
26/09/2016 11.76 11.71 11.79 11.72 249 15540.00 1025585742.00
27/09/2016 11.60 11.57 11.64 11.59 318 4900.00 325238669.00
28/09/2016 11.59 11.52 11.61 11.57 495 13975.00 928998282.00
29/09/2016 11.59 11.54 11.72 11.69 1836 58630.00 3894519419.00
30/09/2016 11.66 11.55 11.68 11.59 482 42485.00 2825412081.00
03/10/2016 11.56 11.41 11.59 11.44 863 38045.00 2538545409.00
04/10/2016 11.46 11.41 11.55 11.51 636 23810.00 1590150540.00
05/10/2016 11.49 11.35 11.51 11.36 434 11925.00 799089344.00
06/10/2016 11.41 11.33 11.42 11.37 955 37005.00 2482008639.00
07/10/2016 11.33 11.26 11.35 11.27 860 43450.00 2923386623.00
10/10/2016 11.28 11.21 11.31 11.25 595 14065.00 947845839.00
11/10/2016 11.25 11.25 11.34 11.32 843 28870.00 1943707428.00
13/10/2016 11.30 11.29 11.39 11.29 2059 37295.00 2508725008.00
14/10/2016 11.21 11.20 11.32 11.30 997 31325.00 2114797166.00
17/10/2016 11.31 11.26 11.31 11.26 258 29665.00 2001179985.00
18/10/2016 11.24 11.21 11.26 11.21 293 13610.00 920268061.00
19/10/2016 11.18 11.10 11.20 11.11 809 30380.00 2060868816.00
20/10/2016 11.20 11.12 11.24 11.14 2024 60715.00 4114822780.00
21/10/2016 11.11 11.11 11.25 11.24 1017 28100.00 1903481230.00
24/10/2016 11.22 11.14 11.25 11.16 628 18210.00 1235790732.00
25/10/2016 11.18 11.14 11.29 11.27 526 31475.00 2134496623.00
26/10/2016 11.28 11.26 11.34 11.32 489 13975.00 945007716.00
27/10/2016 11.36 11.28 11.44 11.40 1529 33795.00 2280932064.00
28/10/2016 11.34 11.30 11.44 11.38 854 19815.00 1337826698.00
31/10/2016 11.37 11.31 11.39 11.36 373 25795.00 1743004046.00
01/11/2016 11.33 11.31 11.47 11.42 659 18280.00 1232482405.00
03/11/2016 11.46 11.44 11.53 11.51 1300 36535.00 2459763113.00
04/11/2016 11.53 11.41 11.55 11.43 1077 26180.00 1765581667.00
07/11/2016 11.35 11.28 11.36 11.31 742 25095.00 1701598624.00
08/11/2016 11.31 11.25 11.33 11.26 498 19040.00 1292870176.00
09/11/2016 11.40 11.39 11.52 11.48 678 23580.00 1593115766.00
10/11/2016 11.46 11.46 11.96 11.93 2849 57150.00 3820462078.00
11/11/2016 12.11 11.93 12.40 12.05 3979 48475.00 3204546622.00
14/11/2016 12.35 12.25 12.48 12.40 2671 37715.00 2475494603.00
16/11/2016 12.25 12.06 12.39 12.08 4006 84715.00 5591219630.00
17/11/2016 12.03 11.97 12.19 12.19 2012 97655.00 6474835276.00
18/11/2016 12.26 12.06 12.28 12.16 1786 28235.00 1870450261.00
21/11/2016 12.08 11.82 12.08 11.83 1776 27775.00 1854672161.00
22/11/2016 11.74 11.73 11.88 11.78 1539 45905.00 3077155670.00
23/11/2016 11.76 11.73 11.96 11.81 2037 25605.00 1713790005.00
24/11/2016 11.83 11.80 11.89 11.87 2230 58795.00 3939338024.00
25/11/2016 11.97 11.95 12.14 12.03 2405 37805.00 2519327085.00
28/11/2016 11.93 11.86 11.97 11.88 1476 27020.00 1808196929.00
29/11/2016 11.85 11.80 11.89 11.80 1739 30515.00 2046889643.00
30/11/2016 11.76 11.69 11.84 11.73 1072 46190.00 3109648960.00
01/12/2016 11.73 11.73 12.24 12.21 2967 43558.00 2909192453.00
02/12/2016 12.34 12.17 12.51 12.26 2807 55010.00 3646284138.00
05/12/2016 12.16 11.93 12.16 11.94 2549 39415.00 2634564529.00
06/12/2016 12.09 11.89 12.10 12.00 2377 31150.00 2086048187.00
07/12/2016 11.87 11.77 11.89 11.82 1318 41040.00 2762240542.00
08/12/2016 11.74 11.66 11.83 11.66 2327 57580.00 3887512333.00
09/12/2016 11.64 11.59 11.74 11.74 871 19875.00 1344466568.00
12/12/2016 11.88 11.69 11.88 11.73 1210 33903.00 2290271498.00
13/12/2016 11.71 11.66 11.81 11.81 854 16755.00 1132150770.00
14/12/2016 11.82 11.74 11.90 11.88 1173 21565.00 1456690906.00
15/12/2016 11.98 11.80 12.02 11.81 2268 33215.00 2236899078.00
16/12/2016 11.76 11.70 11.81 11.76 1293 20750.00 1403974024.00
19/12/2016 11.76 11.68 11.83 11.69 567 32410.00 2194159476.00
20/12/2016 11.70 11.62 11.72 11.65 1243 29425.00 1997698683.00
21/12/2016 11.58 11.43 11.59 11.44 1607 109715.00 7503198769.00
22/12/2016 11.45 11.36 11.49 11.38 1115 21470.00 1469511107.00
23/12/2016 11.36 11.35 11.40 11.39 228 12220.00 838669001.00
26/12/2016 11.37 11.33 11.38 11.35 76 18527.00 1272614608.00
27/12/2016 11.36 11.33 11.38 11.34 400 17225.00 1183906899.00
28/12/2016 11.34 11.32 11.36 11.33 631 26370.00 1814434793.00
29/12/2016 11.30 11.30 11.33 11.30 781 62415.00 4299006556.00
02/01/2017 11.27 11.13 11.27 11.14 620 23075.00 1597271612.00
03/01/2017 11.17 11.15 11.23 11.20 1144 31550.00 2184302492.00
04/01/2017 11.15 11.15 11.28 11.28 1426 26410.00 1826104086.00
05/01/2017 11.22 11.14 11.24 11.18 2758 99305.00 6879073874.00
06/01/2017 11.19 11.09 11.20 11.14 746 24970.00 1733279579.00
09/01/2017 11.16 11.11 11.18 11.11 755 35155.00 2440742561.00
10/01/2017 11.14 11.04 11.14 11.05 605 30910.00 2150006990.00
11/01/2017 11.05 11.04 11.17 11.07 895 14990.00 1043363439.00
12/01/2017 10.75 10.70 10.78 10.73 1759 75130.00 5289347555.00
13/01/2017 10.72 10.67 10.75 10.75 1657 22505.00 1586189151.00
16/01/2017 10.76 10.67 10.77 10.71 444 6765.00 477129869.00
17/01/2017 10.65 10.63 10.73 10.72 2062 57914.00 4090440504.00
18/01/2017 10.74 10.68 10.77 10.75 375 54905.00 3873420314.00
19/01/2017 10.73 10.62 10.73 10.64 2132 68205.00 4820799290.00
20/01/2017 10.65 10.56 10.65 10.58 1587 24170.00 1713006366.00
23/01/2017 10.55 10.54 10.61 10.58 819 32955.00 2338829313.00
24/01/2017 10.58 10.54 10.60 10.60 661 15920.00 1130432089.00
26/01/2017 10.61 10.61 10.74 10.70 1647 35950.00 2547218324.00
27/01/2017 10.66 10.60 10.69 10.61 1570 37777.00 2680492766.00
30/01/2017 10.65 10.64 10.69 10.66 687 22112.00 1568514573.00
31/01/2017 10.64 10.61 10.68 10.62 751 15250.00 1082954541.00
01/02/2017 10.61 10.60 10.68 10.61 988 22150.00 1573798357.00
02/02/2017 10.57 10.53 10.59 10.55 1676 59095.00 4209815153.00
03/02/2017 10.53 10.42 10.54 10.45 836 11232.00 802496051.00
06/02/2017 10.41 10.38 10.42 10.41 855 13675.00 979274115.00
07/02/2017 10.44 10.29 10.46 10.29 829 20992.00 1505053743.00
08/02/2017 10.30 10.26 10.33 10.28 751 23745.00 1707518382.00
09/02/2017 10.32 10.25 10.32 10.28 1081 53215.00 3828383861.00
10/02/2017 10.26 10.22 10.30 10.24 1187 19051.00 1372881657.00
13/02/2017 10.22 10.21 10.26 10.21 709 20045.00 1445528726.00
14/02/2017 10.21 10.19 10.34 10.20 1187 41975.00 3029821438.00
15/02/2017 10.20 10.19 10.30 10.24 597 11855.00 855780986.00
16/02/2017 10.22 10.21 10.36 10.33 1615 60448.00 4360517745.00
17/02/2017 10.35 10.24 10.35 10.25 832 22070.00 1592518147.00
20/02/2017 10.26 10.22 10.26 10.23 197 5990.00 432940769.00
21/02/2017 10.22 10.17 10.26 10.18 1242 29228.00 2115674969.00
22/02/2017 10.20 10.11 10.21 10.13 1334 31431.00 2277571540.00
23/02/2017 10.01 10.00 10.07 10.00 1628 60398.00 4397754735.00
24/02/2017 10.05 10.03 10.10 10.04 1019 24202.00 1760699148.00
01/03/2017 10.09 9.97 10.11 9.99 434 8145.00 593368757.00
02/03/2017 9.99 9.96 10.10 10.09 2133 38370.00 2797016789.00
03/03/2017 10.07 9.95 10.11 9.95 2154 31970.00 2333614308.00
06/03/2017 9.94 9.90 9.96 9.92 972 41090.00 3006693075.00
07/03/2017 9.92 9.91 9.99 9.96 806 20555.00 1503758149.00
08/03/2017 9.99 9.98 10.09 10.09 1108 23495.00 1714899338.00
09/03/2017 10.12 10.06 10.15 10.14 1967 38230.00 2785152048.00
10/03/2017 10.04 9.89 10.06 9.93 2369 42360.00 3100196899.00
13/03/2017 9.89 9.84 9.90 9.85 659 25410.00 1866323901.00
14/03/2017 9.86 9.86 9.99 9.98 1261 44240.00 3244818714.00
15/03/2017 9.96 9.83 10.04 9.90 1481 57222.00 4197607086.00
16/03/2017 9.91 9.85 9.93 9.91 1844 62925.00 4621680582.00
17/03/2017 9.94 9.87 9.96 9.90 1213 26560.00 1950303763.00
20/03/2017 9.91 9.90 9.95 9.91 541 33552.00 2464145256.00
21/03/2017 9.91 9.83 9.91 9.85 1957 45567.00 3354774727.00
22/03/2017 9.93 9.88 9.96 9.89 1695 32890.00 2418368290.00
23/03/2017 9.97 9.93 10.02 9.96 2092 55330.00 4062590113.00
24/03/2017 9.94 9.79 9.97 9.80 1803 70205.00 5171279746.00
27/03/2017 9.83 9.75 9.84 9.78 682 61323.00 4531897446.00
28/03/2017 9.79 9.77 9.85 9.83 661 15380.00 1135842161.00
29/03/2017 9.80 9.77 9.85 9.79 685 10380.00 767138091.00
30/03/2017 9.80 9.77 9.85 9.84 1353 43964.00 3249944887.00
31/03/2017 9.82 9.77 9.85 9.84 1041 48489.00 3584618915.00
03/04/2017 9.83 9.76 9.83 9.77 1288 58455.00 4325676714.00
04/04/2017 9.79 9.74 9.82 9.75 749 18685.00 1384646753.00
05/04/2017 9.72 9.70 9.83 9.83 1207 28402.00 2105813010.00
06/04/2017 9.88 9.81 9.93 9.91 2217 53337.00 3943987342.00
07/04/2017 9.88 9.80 9.92 9.84 1991 50300.00 3721924946.00
10/04/2017 9.81 9.74 9.81 9.74 1721 34029.00 2525610022.00
11/04/2017 9.71 9.70 9.78 9.77 1451 24840.00 1844923331.00
12/04/2017 9.79 9.76 9.81 9.78 943 13543.00 1004919803.00
13/04/2017 9.82 9.80 9.91 9.86 2030 43300.00 3207941280.00
17/04/2017 9.83 9.81 9.87 9.84 2010 21575.00 1599611988.00
18/04/2017 9.77 9.75 9.81 9.78 2725 36190.00 2689438032.00
19/04/2017 9.79 9.77 9.87 9.87 864 23976.00 1779322653.00
20/04/2017 9.82 9.82 9.93 9.85 2314 91039.00 6757676180.00
24/04/2017 9.80 9.77 9.83 9.83 1495 74503.00 5540457635.00
25/04/2017 9.90 9.89 9.99 9.94 2679 55570.00 4116269101.00
26/04/2017 10.00 9.95 10.05 9.95 4895 72696.00 5379418552.00
27/04/2017 9.91 9.91 10.03 10.00 2568 53350.00 3951539121.00
28/04/2017 10.01 9.88 10.03 9.90 2238 56140.00 4161749129.00
02/05/2017 9.89 9.81 9.93 9.82 1404 30000.00 2231592902.00
03/05/2017 9.82 9.77 9.88 9.88 999 41935.00 3125285276.00
04/05/2017 9.88 9.88 9.95 9.90 1710 57568.00 4278286869.00
05/05/2017 9.90 9.84 9.93 9.87 1192 26900.00 2002471515.00
08/05/2017 9.88 9.81 9.89 9.83 1153 26494.00 1973590573.00
09/05/2017 9.80 9.74 9.81 9.74 1046 34535.00 2578703880.00
10/05/2017 9.70 9.68 9.74 9.71 1003 37399.00 2799960746.00
11/05/2017 9.67 9.60 9.67 9.61 1819 54116.00 4061119534.00
12/05/2017 9.60 9.53 9.64 9.54 1847 51465.00 3869932320.00
15/05/2017 9.53 9.45 9.58 9.47 1615 41020.00 3091747331.00
16/05/2017 9.47 9.34 9.47 9.37 1254 32773.00 2478289745.00
17/05/2017 9.41 9.32 9.49 9.49 1765 56385.00 4261839974.00
18/05/2017 11.25 11.09 11.25 11.25 632 57801.00 4156918981.00
19/05/2017 11.18 10.83 11.53 11.01 11072 222551.00 16078666942.00
22/05/2017 11.02 11.01 11.49 11.28 7272 152610.00 10957776992.00
23/05/2017 11.37 10.77 11.43 10.78 2899 50745.00 3677350821.00
24/05/2017 10.84 10.41 10.84 10.55 2575 55145.00 4041997547.00
25/05/2017 10.54 10.45 10.60 10.46 931 12590.00 925235069.00
26/05/2017 10.39 10.19 10.39 10.29 1898 37410.00 2768004231.00
29/05/2017 10.32 10.13 10.41 10.14 828 13980.00 1035500915.00
30/05/2017 10.09 10.09 10.33 10.23 2308 35448.00 2628714635.00
31/05/2017 10.17 10.11 10.23 10.14 1782 44800.00 3329821818.00
01/06/2017 10.18 10.16 10.30 10.30 3195 75175.00 5578088226.00
02/06/2017 10.33 10.21 10.38 10.38 2068 41430.00 3070227802.00
05/06/2017 10.39 10.34 10.45 10.40 2034 40190.00 2969921722.00
06/06/2017 10.35 10.19 10.35 10.21 1167 61100.00 4533408537.00
07/06/2017 10.19 10.16 10.31 10.24 1302 28115.00 2089392868.00
08/06/2017 10.28 10.25 10.35 10.26 1497 61085.00 4533515558.00
09/06/2017 10.21 10.04 10.21 10.17 1965 56858.00 4240806580.00
12/06/2017 10.08 9.99 10.10 10.03 1467 30750.00 2299536007.00
13/06/2017 10.00 9.98 10.15 10.14 1916 37255.00 2784042041.00
14/06/2017 10.10 9.97 10.15 10.01 1788 54067.00 4048120254.00
16/06/2017 9.98 9.87 9.98 9.88 913 19960.00 1499500797.00
