01/06/2016 12.77 12.71 12.87 12.73 239 4960.00 343500627.00
02/06/2016 12.66 12.57 12.74 12.61 511 7780.00 541253836.00
03/06/2016 12.60 12.38 12.61 12.39 363 5500.00 384090214.00
06/06/2016 12.43 12.30 12.44 12.32 351 4855.00 340277102.00
07/06/2016 12.40 12.33 12.49 12.40 559 14215.00 995892307.00
08/06/2016 12.29 12.24 12.35 12.26 666 14905.00 1047328573.00
09/06/2016 12.35 12.26 12.37 12.36 439 13915.00 977385204.00
10/06/2016 12.43 12.38 12.54 12.53 765 8090.00 566586754.00
13/06/2016 12.54 12.46 12.65 12.53 301 15940.00 1114860604.00
14/06/2016 12.54 12.42 12.61 12.58 405 4500.00 315012467.00
15/06/2016 12.56 12.51 12.71 12.65 603 5630.00 393646193.00
16/06/2016 12.65 12.61 12.75 12.64 264 5235.00 365483430.00
17/06/2016 12.60 12.55 12.61 12.58 482 14910.00 1043353667.00
20/06/2016 12.47 12.47 12.57 12.57 1610 16310.00 1143718761.00
21/06/2016 12.47 12.39 12.49 12.42 609 6070.00 426792821.00
22/06/2016 12.38 12.37 12.52 12.52 427 10290.00 723936893.00
23/06/2016 12.44 12.39 12.48 12.42 445 10310.00 726002652.00
24/06/2016 12.60 12.39 12.61 12.41 207 1700.00 119581464.00
27/06/2016 12.33 12.17 12.39 12.18 428 4175.00 295616853.00
28/06/2016 12.28 12.17 12.36 12.17 1247 14365.00 1017797800.00
29/06/2016 12.15 12.14 12.36 12.35 470 56735.00 4022315484.00
30/06/2016 12.40 12.23 12.42 12.31 1138 31610.00 2237592419.00
01/07/2016 12.22 12.17 12.28 12.21 966 14545.00 1032226145.00
04/07/2016 12.21 12.15 12.21 12.17 70 5960.00 423752141.00
05/07/2016 12.24 12.21 12.29 12.29 173 4825.00 342479045.00
06/07/2016 12.33 12.33 12.43 12.35 316 5295.00 374754270.00
07/07/2016 12.38 12.26 12.39 12.33 436 5030.00 356824554.00
08/07/2016 12.22 12.11 12.22 12.14 570 4805.00 342442365.00
11/07/2016 12.07 12.06 12.15 12.10 336 3975.00 283775040.00
12/07/2016 12.06 12.04 12.18 12.18 368 6765.00 482929201.00
13/07/2016 12.18 12.08 12.19 12.10 226 6175.00 441255454.00
14/07/2016 12.04 12.02 12.11 12.09 300 3315.00 237291751.00
15/07/2016 12.12 12.09 12.16 12.16 251 3355.00 239896110.00
18/07/2016 12.09 12.07 12.13 12.10 251 1765.00 126350098.00
19/07/2016 12.11 12.10 12.15 12.11 163 4490.00 321287983.00
20/07/2016 12.08 12.02 12.08 12.04 125 3150.00 225952256.00
21/07/2016 12.11 12.06 12.18 12.17 750 11430.00 818466078.00
22/07/2016 12.20 12.19 12.27 12.24 306 3095.00 221173520.00
25/07/2016 12.24 12.24 12.30 12.25 73 1690.00 120722153.00
26/07/2016 12.31 12.21 12.31 12.24 167 2845.00 203488444.00
27/07/2016 12.25 12.21 12.30 12.23 377 4150.00 296885856.00
28/07/2016 12.24 12.22 12.29 12.28 270 5265.00 376598676.00
29/07/2016 12.27 12.16 12.29 12.17 136 3100.00 222200791.00
01/08/2016 12.11 12.08 12.16 12.09 211 7145.00 513723280.00
02/08/2016 12.14 12.12 12.21 12.16 256 12455.00 894394497.00
03/08/2016 12.24 12.18 12.29 12.19 315 6255.00 448536559.00
04/08/2016 12.16 12.08 12.16 12.10 295 6965.00 501196224.00
05/08/2016 12.07 12.00 12.08 12.00 166 10315.00 744100402.00
08/08/2016 12.04 12.03 12.09 12.07 244 10010.00 722121641.00
09/08/2016 12.05 11.96 12.07 11.97 336 8750.00 632153931.00
10/08/2016 11.98 11.97 12.04 11.99 142 4800.00 346973402.00
11/08/2016 12.04 11.98 12.06 11.98 192 3820.00 276254171.00
12/08/2016 12.02 11.93 12.04 12.00 326 4250.00 307831269.00
15/08/2016 12.04 11.96 12.04 11.99 115 8125.00 588608001.00
16/08/2016 11.96 11.95 12.03 12.02 180 10615.00 769084644.00
17/08/2016 12.03 11.99 12.08 12.01 308 4250.00 307845666.00
18/08/2016 12.03 12.02 12.08 12.08 136 3930.00 284506575.00
19/08/2016 12.07 11.99 12.08 12.00 240 10215.00 740239227.00
22/08/2016 12.02 12.00 12.06 12.04 68 1840.00 133388003.00
23/08/2016 12.01 12.00 12.06 12.05 331 3820.00 277064455.00
24/08/2016 12.09 12.07 12.11 12.08 256 2860.00 207291943.00
25/08/2016 12.08 12.07 12.14 12.08 456 5110.00 370527907.00
26/08/2016 12.07 12.03 12.23 12.21 309 2725.00 197618207.00
29/08/2016 12.24 12.16 12.28 12.17 204 3150.00 228084271.00
30/08/2016 12.15 12.15 12.29 12.20 439 5750.00 415880236.00
31/08/2016 12.18 12.11 12.21 12.12 199 4685.00 339696956.00
01/09/2016 11.98 11.93 12.00 11.97 947 30950.00 2255915194.00
02/09/2016 11.95 11.83 11.99 11.87 1001 14665.00 1071900745.00
05/09/2016 11.86 11.86 11.90 11.89 76 3005.00 219674994.00
06/09/2016 11.90 11.81 11.92 11.82 222 4505.00 329758901.00
08/09/2016 11.82 11.77 11.86 11.86 401 4780.00 350345530.00
09/09/2016 11.90 11.90 12.04 12.04 262 4230.00 309097235.00
12/09/2016 12.08 11.92 12.09 11.93 361 35930.00 2627181676.00
13/09/2016 11.96 11.93 12.17 12.11 607 10565.00 770927912.00
14/09/2016 12.10 12.02 12.22 12.09 987 17835.00 1300906034.00
15/09/2016 12.04 11.99 12.15 12.02 1215 12095.00 883016172.00
16/09/2016 11.99 11.93 12.02 11.93 537 6785.00 496659931.00
19/09/2016 11.91 11.91 11.97 11.94 186 1940.00 142209871.00
20/09/2016 11.90 11.86 11.95 11.93 651 62715.00 4602599011.00
21/09/2016 11.84 11.77 11.86 11.77 245 3650.00 268635638.00
22/09/2016 11.61 11.58 11.65 11.63 149 3680.00 272220241.00
23/09/2016 11.59 11.55 11.61 11.61 129 4210.00 311909829.00
26/09/2016 11.65 11.61 11.69 11.62 216 2840.00 210167700.00
27/09/2016 11.50 11.49 11.53 11.50 319 7385.00 548572024.00
28/09/2016 11.52 11.46 11.55 11.54 573 10645.00 791083548.00
29/09/2016 11.55 11.52 11.64 11.60 805 10980.00 814929888.00
30/09/2016 11.58 11.53 11.60 11.57 180 5660.00 420405813.00
03/10/2016 11.54 11.42 11.57 11.43 312 6835.00 508840893.00
04/10/2016 11.45 11.39 11.49 11.49 367 3885.00 289648987.00
05/10/2016 11.46 11.34 11.47 11.36 177 3060.00 228438649.00
06/10/2016 11.39 11.31 11.40 11.33 197 2880.00 215371192.00
07/10/2016 11.29 11.23 11.32 11.25 306 8460.00 634318818.00
10/10/2016 11.27 11.20 11.28 11.25 157 2310.00 173333095.00
11/10/2016 11.23 11.23 11.32 11.29 174 3785.00 283862839.00
13/10/2016 11.28 11.26 11.34 11.27 326 3275.00 245636187.00
14/10/2016 11.19 11.18 11.30 11.27 310 7700.00 578869868.00
17/10/2016 11.28 11.25 11.30 11.25 152 2385.00 179188645.00
18/10/2016 11.22 11.21 11.26 11.21 143 2670.00 200858598.00
19/10/2016 11.18 11.10 11.19 11.10 303 4665.00 351865509.00
20/10/2016 11.26 11.18 11.30 11.20 621 7705.00 579943846.00
21/10/2016 11.17 11.17 11.32 11.31 289 7440.00 559971503.00
24/10/2016 11.27 11.22 11.31 11.25 315 3410.00 256808397.00
25/10/2016 11.30 11.25 11.36 11.35 276 53270.00 4009050474.00
26/10/2016 11.37 11.33 11.41 11.41 276 4025.00 302459652.00
27/10/2016 11.45 11.36 11.49 11.43 476 6235.00 468408413.00
28/10/2016 11.39 11.35 11.46 11.42 346 8110.00 609407248.00
31/10/2016 11.38 11.34 11.42 11.40 172 2860.00 215151563.00
01/11/2016 11.35 11.35 11.50 11.46 251 6110.00 458928422.00
03/11/2016 11.49 11.46 11.53 11.53 384 11630.00 873446469.00
04/11/2016 11.51 11.43 11.54 11.46 302 4245.00 319197071.00
07/11/2016 11.37 11.32 11.38 11.35 370 6680.00 503945940.00
08/11/2016 11.35 11.28 11.36 11.29 278 17185.00 1298098929.00
09/11/2016 11.44 11.39 11.49 11.46 270 4800.00 361631446.00
10/11/2016 11.47 11.46 11.87 11.83 852 12970.00 971481044.00
11/11/2016 11.82 11.82 12.22 11.91 1542 15080.00 1121936897.00
14/11/2016 12.26 12.13 12.33 12.24 795 8295.00 614021898.00
16/11/2016 12.16 11.97 12.26 11.98 551 7340.00 545852167.00
17/11/2016 12.00 11.88 12.08 12.08 909 9725.00 724690829.00
18/11/2016 12.13 11.95 12.16 12.04 475 5215.00 388459030.00
21/11/2016 12.01 11.69 12.01 11.69 457 4535.00 339644670.00
22/11/2016 11.63 11.63 11.73 11.65 528 8355.00 628295088.00
23/11/2016 11.63 11.61 11.81 11.68 887 12585.00 945657251.00
24/11/2016 11.68 11.67 11.74 11.71 495 6610.00 497092686.00
25/11/2016 11.83 11.79 11.93 11.83 678 6755.00 506641507.00
28/11/2016 11.74 11.69 11.76 11.72 685 8000.00 601741883.00
29/11/2016 11.71 11.61 11.73 11.61 802 9745.00 734531946.00
30/11/2016 11.60 11.55 11.68 11.60 753 13315.00 1005272188.00
01/12/2016 11.60 11.60 12.03 12.03 866 9276.00 696633459.00
02/12/2016 12.13 11.93 12.27 12.04 1363 14955.00 1118636210.00
05/12/2016 11.92 11.67 11.92 11.69 1762 16865.00 1270407325.00
06/12/2016 11.78 11.63 11.80 11.71 1075 14610.00 1102653408.00
07/12/2016 11.61 11.53 11.63 11.57 628 8990.00 680366953.00
08/12/2016 11.49 11.49 11.61 11.49 848 7390.00 560268517.00
09/12/2016 11.47 11.41 11.56 11.53 451 8035.00 610330338.00
12/12/2016 11.62 11.45 11.63 11.50 526 7726.00 586516864.00
13/12/2016 11.48 11.45 11.57 11.57 456 6575.00 499288727.00
14/12/2016 11.60 11.49 11.64 11.64 475 7425.00 563921700.00
15/12/2016 11.64 11.51 11.72 11.51 765 11375.00 862661963.00
16/12/2016 11.48 11.43 11.52 11.46 661 10935.00 832453107.00
19/12/2016 11.45 11.39 11.52 11.41 455 4275.00 325794654.00
20/12/2016 11.42 11.39 11.45 11.41 730 6600.00 503433375.00
21/12/2016 11.42 11.23 11.42 11.26 813 10080.00 771736071.00
22/12/2016 11.24 11.17 11.28 11.20 556 5010.00 384168168.00
23/12/2016 11.14 11.14 11.20 11.17 146 1830.00 140527788.00
26/12/2016 11.14 11.13 11.14 11.13 9 920.00 70754593.00
27/12/2016 11.14 11.12 11.17 11.14 173 3325.00 255782395.00
28/12/2016 11.13 11.11 11.15 11.13 225 6450.00 496529227.00
29/12/2016 11.13 11.09 11.14 11.09 90 5230.00 402904058.00
02/01/2017 11.02 10.98 11.04 10.99 210 4520.00 349313399.00
03/01/2017 11.00 10.98 11.06 11.02 725 8220.00 635305645.00
04/01/2017 10.99 10.98 11.07 11.06 602 5770.00 446031048.00
05/01/2017 10.98 10.91 11.01 10.94 696 7175.00 555827230.00
06/01/2017 10.96 10.87 10.96 10.95 511 16145.00 1252222344.00
09/01/2017 10.95 10.92 10.96 10.92 275 6850.00 531179661.00
10/01/2017 10.95 10.86 10.95 10.87 269 3125.00 242662668.00
11/01/2017 10.83 10.83 10.96 10.88 614 9180.00 713240100.00
12/01/2017 10.52 10.49 10.55 10.53 380 4255.00 333486594.00
13/01/2017 10.53 10.50 10.57 10.56 600 6375.00 499597509.00
16/01/2017 10.56 10.49 10.56 10.51 299 3290.00 258006281.00
17/01/2017 10.46 10.46 10.56 10.55 536 7780.00 610542572.00
18/01/2017 10.56 10.51 10.57 10.57 323 4145.00 325229098.00
19/01/2017 10.52 10.45 10.52 10.47 516 5890.00 462882351.00
20/01/2017 10.48 10.40 10.48 10.45 519 7405.00 582875950.00
23/01/2017 10.40 10.38 10.46 10.43 330 3805.00 299646840.00
24/01/2017 10.43 10.40 10.45 10.45 288 6375.00 502126806.00
26/01/2017 10.46 10.46 10.54 10.51 356 4955.00 390030181.00
27/01/2017 10.51 10.43 10.51 10.43 293 3540.00 279023772.00
30/01/2017 10.48 10.45 10.49 10.47 351 5090.00 401256677.00
31/01/2017 10.45 10.40 10.49 10.41 534 6670.00 526487629.00
01/02/2017 10.40 10.39 10.45 10.39 513 7795.00 615762356.00
02/02/2017 10.37 10.34 10.38 10.35 928 17680.00 1398707418.00
03/02/2017 10.34 10.26 10.34 10.28 565 9715.00 770171098.00
06/02/2017 10.26 10.23 10.27 10.25 361 4815.00 382116083.00
07/02/2017 10.29 10.15 10.29 10.15 238 3500.00 278054936.00
08/02/2017 10.15 10.12 10.19 10.15 355 4260.00 339055854.00
09/02/2017 10.17 10.12 10.18 10.16 354 10555.00 840346133.00
10/02/2017 10.12 10.08 10.15 10.10 305 5706.00 454856487.00
13/02/2017 10.09 10.07 10.13 10.09 264 6207.00 495063709.00
14/02/2017 10.08 10.07 10.19 10.07 304 8325.00 664238379.00
15/02/2017 10.06 10.05 10.16 10.11 338 5990.00 478101174.00
16/02/2017 10.11 10.08 10.21 10.20 841 14213.00 1133507200.00
17/02/2017 10.21 10.10 10.21 10.12 479 13468.00 1074988065.00
20/02/2017 10.12 10.08 10.12 10.08 246 5210.00 416508095.00
21/02/2017 10.07 10.02 10.08 10.02 847 9745.00 780011784.00
22/02/2017 10.06 9.99 10.06 10.01 1140 16595.00 1329293811.00
23/02/2017 9.86 9.85 9.93 9.85 426 11160.00 897358355.00
24/02/2017 9.88 9.87 9.92 9.89 950 10815.00 869395990.00
01/03/2017 9.90 9.83 9.94 9.83 172 4540.00 365384514.00
02/03/2017 9.83 9.80 9.90 9.90 445 8015.00 645237042.00
03/03/2017 9.88 9.77 9.90 9.78 793 9614.00 774854923.00
06/03/2017 9.77 9.71 9.78 9.74 487 7445.00 601434787.00
07/03/2017 9.72 9.72 9.80 9.78 439 7511.00 606686563.00
08/03/2017 9.79 9.79 9.86 9.86 462 6050.00 488231576.00
09/03/2017 9.88 9.82 9.90 9.89 585 9845.00 794030439.00
10/03/2017 9.89 9.66 9.89 9.67 1358 19895.00 1610111030.00
13/03/2017 9.64 9.60 9.66 9.62 451 7679.00 622886094.00
14/03/2017 9.63 9.62 9.72 9.70 372 10185.00 825299193.00
15/03/2017 9.70 9.57 9.76 9.63 686 10165.00 824458017.00
16/03/2017 9.63 9.60 9.66 9.64 564 14505.00 1177514069.00
17/03/2017 9.68 9.62 9.69 9.66 530 6375.00 517564625.00
20/03/2017 9.66 9.65 9.69 9.66 232 3363.00 273090079.00
21/03/2017 9.65 9.58 9.65 9.59 522 10431.00 848454904.00
22/03/2017 9.67 9.61 9.69 9.63 766 8630.00 701621464.00
23/03/2017 9.70 9.67 9.73 9.69 499 10470.00 850352891.00
24/03/2017 9.67 9.53 9.70 9.55 831 12330.00 1003534257.00
27/03/2017 9.57 9.51 9.58 9.54 489 14421.00 1176357208.00
28/03/2017 9.53 9.52 9.60 9.58 297 33658.00 2745966853.00
29/03/2017 9.53 9.52 9.59 9.52 438 11485.00 937297858.00
30/03/2017 9.55 9.54 9.61 9.61 895 10046.00 819470400.00
31/03/2017 9.62 9.55 9.62 9.61 442 6895.00 562505740.00
03/04/2017 9.60 9.55 9.60 9.55 633 8476.00 692022821.00
04/04/2017 9.57 9.52 9.59 9.53 464 4965.00 405716534.00
05/04/2017 9.50 9.49 9.60 9.60 394 5192.00 424557854.00
06/04/2017 9.63 9.57 9.66 9.66 1069 9780.00 798618683.00
07/04/2017 9.65 9.56 9.67 9.59 575 7138.00 583126866.00
10/04/2017 9.54 9.48 9.55 9.49 392 4520.00 370122386.00
11/04/2017 9.47 9.44 9.53 9.52 727 15750.00 1290877627.00
12/04/2017 9.54 9.50 9.55 9.53 619 10330.00 846260005.00
13/04/2017 9.56 9.55 9.63 9.58 786 13775.00 1127650806.00
17/04/2017 9.55 9.53 9.58 9.57 429 10109.00 828286469.00
18/04/2017 9.50 9.47 9.52 9.50 1480 21188.00 1738872544.00
19/04/2017 9.48 9.47 9.57 9.57 655 15057.00 1235363778.00
20/04/2017 9.54 9.52 9.62 9.54 796 11895.00 975668637.00
24/04/2017 9.49 9.47 9.51 9.51 318 3680.00 302344902.00
25/04/2017 9.58 9.57 9.64 9.58 1389 57770.00 4738171131.00
26/04/2017 9.64 9.59 9.67 9.59 961 9530.00 781482838.00
27/04/2017 9.57 9.55 9.64 9.64 588 11720.00 961754493.00
28/04/2017 9.62 9.54 9.64 9.55 888 98160.00 8066844605.00
02/05/2017 9.53 9.48 9.57 9.49 422 6425.00 528757512.00
03/05/2017 9.47 9.44 9.52 9.51 601 13893.00 1144294482.00
04/05/2017 9.54 9.52 9.58 9.53 493 5725.00 471075803.00
05/05/2017 9.54 9.48 9.56 9.52 1019 15055.00 1240068387.00
08/05/2017 9.51 9.45 9.53 9.46 562 5085.00 419161396.00
09/05/2017 9.43 9.37 9.44 9.37 748 10935.00 903149694.00
10/05/2017 9.34 9.32 9.37 9.34 855 26890.00 2224502962.00
11/05/2017 9.28 9.21 9.28 9.24 716 17445.00 1445982376.00
12/05/2017 9.21 9.14 9.24 9.14 705 7260.00 602944799.00
15/05/2017 9.13 9.05 9.18 9.06 888 16355.00 1360015133.00
16/05/2017 9.08 8.96 9.08 9.00 375 8695.00 725087655.00
17/05/2017 9.03 8.93 9.07 9.07 544 15445.00 1288042603.00
18/05/2017 10.63 10.62 10.63 10.63 8 647.00 52337118.00
19/05/2017 10.91 10.24 10.91 10.36 2741 28173.00 2287458457.00
22/05/2017 10.41 10.41 10.79 10.63 2328 28920.00 2341823584.00
23/05/2017 10.66 10.21 10.71 10.21 1027 13476.00 1096188032.00
24/05/2017 10.23 9.91 10.24 10.01 863 10170.00 833647852.00
25/05/2017 10.03 9.90 10.04 9.90 387 6648.00 545781618.00
26/05/2017 9.83 9.62 9.84 9.70 1082 13605.00 1122828546.00
29/05/2017 9.70 9.54 9.79 9.55 581 5500.00 454524382.00
30/05/2017 9.50 9.50 9.74 9.68 1027 10590.00 875198934.00
31/05/2017 9.65 9.58 9.68 9.60 750 9460.00 782728454.00
01/06/2017 9.73 9.65 9.79 9.79 1613 23295.00 1924691302.00
02/06/2017 9.80 9.70 9.84 9.84 626 7925.00 654207020.00
05/06/2017 9.86 9.83 9.93 9.85 605 7345.00 605496734.00
06/06/2017 9.78 9.64 9.80 9.65 754 8265.00 683486952.00
07/06/2017 9.63 9.60 9.73 9.69 659 10425.00 863202409.00
08/06/2017 9.70 9.69 9.77 9.70 580 7910.00 654754865.00
09/06/2017 9.61 9.47 9.63 9.57 947 10465.00 869122580.00
12/06/2017 9.48 9.41 9.51 9.46 721 6530.00 543381729.00
13/06/2017 9.44 9.42 9.56 9.55 614 10225.00 850453023.00
14/06/2017 9.52 9.43 9.56 9.47 830 11575.00 963541165.00
16/06/2017 9.43 9.35 9.43 9.36 349 5065.00 422609195.00
