29/06/2016 12.35 12.35 12.35 12.35 1 565.00 22349614.00
08/07/2016 12.20 12.20 12.20 12.20 1 200.00 8021606.00
15/08/2016 11.96 11.96 11.96 11.96 1 40.00 1650950.00
17/08/2016 11.95 11.95 11.95 11.95 1 5.00 206698.00
25/08/2016 12.12 12.12 12.12 12.12 1 25.00 1024078.00
29/08/2016 12.19 12.19 12.19 12.19 1 5.00 204006.00
01/09/2016 12.11 12.11 12.11 12.11 2 100.00 4108471.00
16/09/2016 12.41 12.41 12.42 12.42 2 1530.00 61831906.00
26/09/2016 11.94 11.94 11.94 11.94 1 5.00 209357.00
08/11/2016 11.30 11.30 11.30 11.30 1 5.00 221543.00
30/03/2017 10.19 10.19 10.19 10.19 1 15.00 745131.00
18/04/2017 10.28 10.25 10.35 10.26 14 115.00 5708419.00
25/04/2017 10.38 10.20 10.47 10.47 56 505.00 24931336.00
02/05/2017 10.39 10.39 10.39 10.39 6 60.00 2964977.00
05/05/2017 10.37 10.37 10.37 10.37 4 50.00 2476916.00
11/05/2017 10.26 10.21 10.40 10.25 18 160.00 7993882.00
18/05/2017 10.25 10.25 11.81 11.81 3 30.00 1431744.00
26/05/2017 11.04 11.04 11.20 11.05 15 125.00 5936846.00
29/05/2017 11.18 11.00 11.18 11.01 38 290.00 13809564.00
31/05/2017 11.02 11.02 11.15 11.02 35 465.00 22203186.00
02/06/2017 10.99 10.98 11.07 11.07 112 2310.00 110516027.00
06/06/2017 11.05 11.02 11.09 11.09 144 2820.00 134739571.00
13/06/2017 10.89 10.89 10.90 10.90 2 350.00 16949215.00
14/06/2017 10.81 10.81 10.81 10.81 1 10.00 487072.00
