01/06/2016 14.09 14.09 14.10 14.10 65 10175.00 994855970.00
02/06/2016 14.08 14.08 14.09 14.08 6 775.00 75817015.00
03/06/2016 14.09 14.08 14.09 14.08 31 2925.00 286296406.00
06/06/2016 14.08 14.08 14.10 14.09 28 46585.00 4562041385.00
07/06/2016 14.09 14.09 14.09 14.09 16 4020.00 393882173.00
08/06/2016 14.09 14.07 14.09 14.08 164 358045.00 35100441539.00
09/06/2016 14.11 14.11 14.12 14.11 86 28465.00 2791853786.00
10/06/2016 14.13 14.11 14.13 14.11 29 17825.00 1749191778.00
13/06/2016 14.10 14.10 14.12 14.11 22 43985.00 4318582117.00
14/06/2016 14.11 14.11 14.12 14.11 9 20475.00 2011355485.00
15/06/2016 14.12 14.11 14.12 14.12 20 25270.00 2483683985.00
16/06/2016 14.10 14.10 14.12 14.12 14 41920.00 4122321226.00
17/06/2016 14.12 14.11 14.12 14.12 22 37445.00 3684168959.00
20/06/2016 14.12 14.12 14.12 14.12 11 12095.00 1190632452.00
21/06/2016 14.11 14.11 14.12 14.12 17 15070.00 1484276872.00
22/06/2016 14.10 14.10 14.12 14.12 33 19520.00 1923585974.00
23/06/2016 14.11 14.10 14.12 14.12 46 71680.00 7067306963.00
24/06/2016 14.11 14.11 14.12 14.11 15 25100.00 2476045092.00
27/06/2016 14.10 14.10 14.12 14.12 30 41565.00 4102434050.00
28/06/2016 14.11 14.11 14.12 14.12 57 87980.00 8688065593.00
29/06/2016 14.12 14.11 14.12 14.12 18 32841.00 3244762050.00
30/06/2016 14.11 14.11 14.12 14.12 21 48825.00 4826529391.00
01/07/2016 14.13 14.12 14.13 14.12 26 52660.00 5208334371.00
04/07/2016 14.12 14.12 14.12 14.12 9 6150.00 608586887.00
05/07/2016 14.11 14.11 14.12 14.12 10 3805.00 376729744.00
06/07/2016 14.12 14.11 14.12 14.12 15 15960.00 1581017131.00
07/07/2016 14.11 14.11 14.13 14.11 12 20625.00 2044202479.00
08/07/2016 14.12 14.12 14.15 14.13 11 11095.00 1100231963.00
11/07/2016 14.11 14.11 14.11 14.11 8 7920.00 785803901.00
12/07/2016 14.10 14.10 14.13 14.10 11 17300.00 1717356536.00
13/07/2016 14.11 14.10 14.11 14.10 8 3365.00 334216518.00
14/07/2016 14.11 14.10 14.11 14.11 14 21220.00 2108704274.00
15/07/2016 14.12 14.10 14.12 14.12 12 26170.00 2601960869.00
18/07/2016 14.12 14.12 14.13 14.12 16 19805.00 1970146643.00
19/07/2016 14.11 14.11 14.12 14.12 13 77885.00 7751859217.00
20/07/2016 14.12 14.12 14.12 14.12 23 155815.00 15516316403.00
21/07/2016 14.13 14.13 14.13 14.13 14 86910.00 8659156972.00
22/07/2016 14.13 14.13 14.13 14.13 9 19865.00 1980259728.00
25/07/2016 14.13 14.13 14.13 14.13 8 1945.00 193990626.00
26/07/2016 14.14 14.14 14.14 14.14 11 11990.00 1196485520.00
27/07/2016 14.13 14.13 14.15 14.15 10 6575.00 656465212.00
28/07/2016 14.14 14.13 14.14 14.14 10 7125.00 711752943.00
29/07/2016 14.08 14.08 14.14 14.14 5 3630.00 362809557.00
