01/06/2016 12.91 12.82 12.94 12.82 33 2625.00 223365093.00
02/06/2016 12.83 12.75 12.83 12.77 411 9325.00 794347925.00
03/06/2016 12.77 12.65 12.78 12.66 663 21090.00 1799303961.00
06/06/2016 12.65 12.64 12.69 12.64 132 8800.00 751495430.00
07/06/2016 12.70 12.68 12.72 12.71 158 7655.00 653589481.00
08/06/2016 12.65 12.64 12.70 12.64 128 5980.00 511077263.00
09/06/2016 12.73 12.69 12.73 12.73 314 14420.00 1232170907.00
10/06/2016 12.80 12.76 12.84 12.82 80 8825.00 753670170.00
13/06/2016 12.84 12.78 12.84 12.81 266 15440.00 1319100311.00
14/06/2016 12.74 12.74 12.89 12.85 72 20350.00 1738506178.00
15/06/2016 12.84 12.84 12.91 12.89 41 6435.00 549825273.00
16/06/2016 12.92 12.90 12.95 12.93 219 11365.00 971042764.00
17/06/2016 12.94 12.91 12.96 12.96 139 13980.00 1194885983.00
20/06/2016 12.93 12.93 12.98 12.98 101 3930.00 336036122.00
21/06/2016 12.86 12.82 12.87 12.86 199 4165.00 356698911.00
22/06/2016 12.85 12.84 12.87 12.87 22 5165.00 442563687.00
23/06/2016 12.83 12.83 12.85 12.84 56 5130.00 439790271.00
24/06/2016 12.94 12.80 12.94 12.82 97 3835.00 328978669.00
27/06/2016 12.76 12.66 12.78 12.71 156 1440.00 123766981.00
28/06/2016 12.88 12.86 12.98 12.90 169 11570.00 992803243.00
29/06/2016 12.94 12.92 13.02 13.02 177 6650.00 570322870.00
30/06/2016 13.07 13.06 13.12 13.10 125 14145.00 1212181208.00
01/07/2016 12.95 12.92 12.97 12.92 95 13070.00 1122584707.00
04/07/2016 12.90 12.87 12.93 12.91 62 10475.00 900575085.00
05/07/2016 12.95 12.94 12.98 12.98 131 11075.00 951908286.00
06/07/2016 13.01 13.00 13.05 13.01 254 15135.00 1300700014.00
07/07/2016 13.02 12.98 13.05 13.01 447 7440.00 639828786.00
08/07/2016 12.94 12.92 12.96 12.94 199 6065.00 522197195.00
11/07/2016 12.93 12.92 12.95 12.93 24 3820.00 329094401.00
12/07/2016 12.90 12.89 12.94 12.94 117 6480.00 558624771.00
13/07/2016 12.91 12.88 12.91 12.89 101 4960.00 427844517.00
14/07/2016 12.87 12.85 12.90 12.89 153 2110.00 182121247.00
15/07/2016 12.91 12.91 12.94 12.94 100 1915.00 165308762.00
18/07/2016 12.88 12.88 12.90 12.90 64 1489.00 128640771.00
19/07/2016 12.92 12.89 12.92 12.90 38 2570.00 222111873.00
20/07/2016 12.85 12.84 12.87 12.87 23 3110.00 269037260.00
21/07/2016 12.97 12.97 13.02 13.01 195 15360.00 1327274825.00
22/07/2016 13.07 13.03 13.08 13.05 27 6878.00 594306118.00
25/07/2016 13.08 13.06 13.08 13.06 17 2635.00 227786264.00
26/07/2016 13.08 13.08 13.11 13.09 68 3985.00 344547162.00
27/07/2016 13.13 13.08 13.13 13.08 32 6215.00 537507348.00
28/07/2016 13.09 13.09 13.14 13.13 67 4005.00 346506317.00
29/07/2016 13.09 13.05 13.10 13.05 63 2465.00 213472128.00
01/08/2016 13.05 13.05 13.07 13.05 34 1615.00 139961757.00
02/08/2016 13.05 13.05 13.09 13.06 63 7010.00 607751068.00
03/08/2016 13.09 13.06 13.11 13.06 47 8675.00 752278440.00
04/08/2016 13.04 13.02 13.05 13.02 270 12555.00 1089961549.00
05/08/2016 12.99 12.97 13.01 12.98 101 10790.00 937557292.00
08/08/2016 13.00 12.98 13.00 12.99 100 11225.00 975795840.00
09/08/2016 12.97 12.91 12.98 12.91 222 7000.00 609214781.00
10/08/2016 12.93 12.91 12.95 12.91 48 10795.00 939860974.00
11/08/2016 12.98 12.90 12.98 12.91 61 6120.00 533191634.00
12/08/2016 12.92 12.88 12.92 12.91 94 8305.00 724092083.00
15/08/2016 12.90 12.90 12.92 12.92 18 5950.00 518920892.00
16/08/2016 12.92 12.92 12.96 12.96 38 3655.00 318759699.00
17/08/2016 12.96 12.95 12.99 12.96 86 12275.00 1070999742.00
18/08/2016 12.98 12.98 13.01 13.00 327 31110.00 2714897656.00
19/08/2016 13.00 12.95 13.00 12.96 49 8110.00 708193648.00
22/08/2016 12.97 12.95 12.98 12.97 42 4400.00 384444234.00
23/08/2016 12.95 12.93 12.96 12.96 28 2085.00 182296172.00
24/08/2016 12.98 12.98 13.00 12.99 61 3415.00 298620959.00
25/08/2016 12.99 12.98 13.00 12.99 61 10660.00 932591493.00
26/08/2016 12.97 12.96 13.03 13.03 36 4310.00 377166883.00
29/08/2016 13.04 13.04 13.05 13.04 38 3465.00 303259350.00
30/08/2016 13.08 13.02 13.09 13.02 29 4530.00 396730616.00
31/08/2016 12.99 12.98 13.04 13.02 57 3170.00 277814242.00
01/09/2016 12.89 12.85 12.91 12.86 429 38580.00 3386595683.00
02/09/2016 12.81 12.81 12.85 12.81 649 13920.00 1223100101.00
05/09/2016 12.81 12.80 12.82 12.82 13 3500.00 307744457.00
06/09/2016 12.81 12.77 12.83 12.78 39 5690.00 500629865.00
08/09/2016 12.77 12.74 12.77 12.74 53 4940.00 434993349.00
09/09/2016 12.80 12.79 12.87 12.86 60 4545.00 400045749.00
12/09/2016 12.84 12.81 12.87 12.82 89 16710.00 1471708324.00
13/09/2016 12.84 12.84 12.95 12.94 50 17925.00 1578131269.00
14/09/2016 12.96 12.88 12.96 12.91 47 13590.00 1197133040.00
15/09/2016 12.90 12.87 12.95 12.88 868 49860.00 4394075317.00
16/09/2016 12.86 12.81 12.88 12.82 200 13785.00 1216323323.00
19/09/2016 12.81 12.80 12.82 12.82 123 26395.00 2330863519.00
20/09/2016 12.77 12.74 12.77 12.76 198 97760.00 8640975605.00
21/09/2016 12.71 12.65 12.71 12.65 51 16550.00 1464720407.00
22/09/2016 12.55 12.53 12.56 12.55 78 21305.00 1888506137.00
23/09/2016 12.51 12.50 12.54 12.54 258 22920.00 2033370074.00
26/09/2016 12.55 12.51 12.55 12.51 145 18645.00 1654614767.00
27/09/2016 12.45 12.45 12.47 12.46 47 27745.00 2464871330.00
28/09/2016 12.45 12.43 12.49 12.49 280 24925.00 2215584220.00
29/09/2016 12.48 12.47 12.54 12.52 447 25210.00 2241220264.00
30/09/2016 12.47 12.47 12.50 12.50 122 14650.00 1302973285.00
03/10/2016 12.48 12.35 12.48 12.41 232 53085.00 4728201979.00
04/10/2016 12.38 12.38 12.46 12.44 185 12050.00 1073476298.00
05/10/2016 12.44 12.39 12.44 12.39 83 19320.00 1721888918.00
06/10/2016 12.33 12.33 12.35 12.34 35 9505.00 848098482.00
07/10/2016 12.24 12.23 12.30 12.28 80 1685.00 150484090.00
10/10/2016 12.30 12.30 12.33 12.31 55 5085.00 454198850.00
11/10/2016 12.32 12.30 12.35 12.30 310 10030.00 896251131.00
13/10/2016 12.30 12.28 12.34 12.28 422 14205.00 1270116902.00
14/10/2016 12.23 12.20 12.29 12.28 218 9245.00 827465002.00
17/10/2016 12.30 12.28 12.30 12.28 220 12880.00 1152895195.00
18/10/2016 12.29 12.28 12.29 12.29 73 5265.00 471489570.00
19/10/2016 12.26 12.23 12.26 12.23 57 8515.00 763148617.00
20/10/2016 12.45 12.41 12.46 12.43 82 8195.00 733660568.00
21/10/2016 12.46 12.46 12.51 12.51 146 22195.00 1987024357.00
24/10/2016 12.51 12.46 12.51 12.49 120 35785.00 3205258196.00
25/10/2016 12.54 12.54 12.58 12.58 655 18875.00 1690315321.00
26/10/2016 12.59 12.56 12.59 12.59 397 9410.00 842977086.00
27/10/2016 12.59 12.54 12.59 12.57 524 38480.00 3449341289.00
28/10/2016 12.56 12.51 12.57 12.55 530 32925.00 2953049088.00
31/10/2016 12.53 12.52 12.53 12.53 146 10240.00 919001776.00
01/11/2016 12.53 12.53 12.56 12.54 99 5815.00 522057056.00
03/11/2016 12.52 12.51 12.53 12.53 110 11285.00 1013791876.00
04/11/2016 12.53 12.51 12.53 12.52 134 11155.00 1002584333.00
07/11/2016 12.50 12.46 12.50 12.47 144 7780.00 699846284.00
08/11/2016 12.47 12.42 12.47 12.42 103 13075.00 1176994544.00
09/11/2016 12.46 12.45 12.48 12.48 47 6710.00 604195145.00
10/11/2016 12.50 12.49 12.61 12.58 838 25055.00 2255644520.00
11/11/2016 12.61 12.57 12.70 12.63 205 17750.00 1597958532.00
14/11/2016 12.74 12.73 12.81 12.76 237 14865.00 1337110609.00
16/11/2016 12.73 12.68 12.74 12.70 509 28595.00 2574730446.00
17/11/2016 12.69 12.64 12.71 12.70 361 20295.00 1828572631.00
18/11/2016 12.68 12.66 12.70 12.67 173 24605.00 2218048120.00
21/11/2016 12.58 12.50 12.58 12.51 371 12410.00 1120557202.00
22/11/2016 12.46 12.44 12.47 12.45 189 39595.00 3578702380.00
23/11/2016 12.44 12.44 12.49 12.45 370 36200.00 3273427832.00
24/11/2016 12.45 12.43 12.45 12.43 95 22520.00 2037712713.00
25/11/2016 12.51 12.43 12.51 12.44 200 31880.00 2885330288.00
28/11/2016 12.41 12.41 12.43 12.42 60 19365.00 1754104825.00
29/11/2016 12.43 12.38 12.43 12.38 118 23110.00 2094557253.00
30/11/2016 12.38 12.36 12.40 12.38 148 21965.00 1991840666.00
01/12/2016 12.46 12.45 12.56 12.55 147 22565.00 2045529173.00
02/12/2016 12.61 12.51 12.61 12.53 83 5470.00 496031555.00
05/12/2016 12.39 12.35 12.39 12.35 103 9270.00 842060462.00
06/12/2016 12.28 12.27 12.29 12.28 39 3370.00 306420652.00
07/12/2016 12.22 12.22 12.25 12.23 252 50030.00 4552816800.00
08/12/2016 12.22 12.21 12.26 12.23 228 27025.00 2460222974.00
09/12/2016 12.22 12.17 12.22 12.20 185 20020.00 1824070035.00
12/12/2016 12.18 12.12 12.18 12.14 156 10847.00 989049541.00
13/12/2016 12.13 12.12 12.16 12.16 111 14195.00 1294851912.00
14/12/2016 12.15 12.10 12.15 12.14 172 20470.00 1868526096.00
15/12/2016 12.15 12.08 12.17 12.08 799 101140.00 9236763828.00
16/12/2016 12.06 12.05 12.10 12.05 1132 29665.00 2711083206.00
19/12/2016 12.02 11.99 12.04 11.99 145 10445.00 955517971.00
20/12/2016 12.00 11.99 12.03 12.00 563 70820.00 6480997939.00
21/12/2016 11.93 11.90 11.93 11.93 183 39160.00 3587716710.00
22/12/2016 11.94 11.93 11.96 11.94 121 10145.00 929687413.00
23/12/2016 11.94 11.93 11.95 11.95 30 18315.00 1679221852.00
26/12/2016 11.92 11.90 11.93 11.91 21 7489.00 687053144.00
27/12/2016 11.89 11.89 11.94 11.90 118 20705.00 1900381205.00
28/12/2016 11.90 11.88 11.90 11.88 152 8020.00 736564234.00
29/12/2016 11.88 11.87 11.89 11.88 44 11760.00 1080594854.00
02/01/2017 11.85 11.81 11.85 11.83 684 60160.00 5534650585.00
03/01/2017 11.81 11.81 11.86 11.83 159 17185.00 1581665493.00
04/01/2017 11.84 11.84 11.86 11.85 36 2295.00 211293773.00
05/01/2017 11.78 11.74 11.80 11.74 723 23830.00 2196085680.00
06/01/2017 11.74 11.72 11.75 11.74 467 21105.00 1946293322.00
09/01/2017 11.73 11.71 11.74 11.73 189 7985.00 736746258.00
10/01/2017 11.74 11.70 11.74 11.72 181 21410.00 1976337629.00
11/01/2017 11.73 11.71 11.73 11.72 86 12342.00 1139756008.00
12/01/2017 11.38 11.36 11.41 11.41 82 29910.00 2769679698.00
13/01/2017 11.40 11.40 11.44 11.43 74 8440.00 781606905.00
16/01/2017 11.42 11.39 11.42 11.42 89 6082.00 563526735.00
17/01/2017 11.39 11.39 11.43 11.43 157 20255.00 1877327549.00
18/01/2017 11.42 11.40 11.42 11.42 520 45330.00 4203453489.00
19/01/2017 11.39 11.36 11.39 11.36 200 39000.00 3619073281.00
20/01/2017 11.35 11.31 11.35 11.31 86 8415.00 781389243.00
23/01/2017 11.30 11.30 11.33 11.32 223 15045.00 1397848441.00
24/01/2017 11.32 11.31 11.32 11.32 313 11555.00 1073974426.00
26/01/2017 11.33 11.32 11.34 11.34 454 16570.00 1541283285.00
27/01/2017 11.31 11.30 11.32 11.32 114 6575.00 611902906.00
30/01/2017 11.33 11.31 11.33 11.32 124 16065.00 1495690265.00
31/01/2017 11.31 11.27 11.31 11.29 400 28595.00 2663715821.00
01/02/2017 11.28 11.28 11.29 11.28 203 20380.00 1899436417.00
02/02/2017 11.26 11.25 11.26 11.26 139 15450.00 1440755203.00
03/02/2017 11.26 11.21 11.26 11.22 143 13215.00 1233147198.00
06/02/2017 11.21 11.21 11.22 11.22 35 27135.00 2533249286.00
07/02/2017 11.22 11.17 11.22 11.17 130 11495.00 1073627706.00
08/02/2017 11.17 11.12 11.17 11.13 144 13180.00 1232047732.00
09/02/2017 11.13 11.09 11.13 11.11 285 44685.00 4179505371.00
10/02/2017 11.08 11.05 11.08 11.05 148 29470.00 2758256280.00
13/02/2017 11.05 11.04 11.05 11.04 377 14715.00 1377967338.00
14/02/2017 11.03 11.02 11.07 11.03 336 28005.00 2623651757.00
15/02/2017 11.03 10.99 11.03 11.00 339 24540.00 2300301215.00
16/02/2017 11.00 10.98 11.02 11.01 851 35060.00 3288041522.00
17/02/2017 11.00 10.95 11.00 10.95 279 19495.00 1829423288.00
20/02/2017 10.94 10.91 10.94 10.92 127 14201.00 1333525260.00
21/02/2017 10.90 10.85 10.90 10.87 173 34216.00 3214858530.00
22/02/2017 10.87 10.84 10.89 10.85 143 31660.00 2976130266.00
23/02/2017 10.77 10.76 10.79 10.76 211 39375.00 3704873632.00
24/02/2017 10.76 10.76 10.77 10.76 133 13570.00 1277424203.00
01/03/2017 10.76 10.70 10.76 10.71 69 6945.00 654149192.00
02/03/2017 10.68 10.68 10.75 10.75 238 25245.00 2378898988.00
03/03/2017 10.71 10.67 10.71 10.68 359 41330.00 3896975032.00
06/03/2017 10.67 10.64 10.67 10.66 105 14010.00 1321731731.00
07/03/2017 10.65 10.65 10.68 10.66 129 25710.00 2426358558.00
08/03/2017 10.68 10.67 10.68 10.68 125 9520.00 898741191.00
09/03/2017 10.68 10.66 10.68 10.68 163 35255.00 3329758061.00
10/03/2017 10.62 10.51 10.63 10.53 279 75235.00 7113136312.00
13/03/2017 10.49 10.48 10.51 10.48 241 42430.00 4014276879.00
14/03/2017 10.50 10.46 10.53 10.49 316 28570.00 2704007703.00
15/03/2017 10.50 10.43 10.51 10.47 233 13290.00 1258472317.00
16/03/2017 10.46 10.46 10.48 10.47 143 63405.00 6006353846.00
17/03/2017 10.49 10.46 10.49 10.48 45 21950.00 2080157364.00
20/03/2017 10.48 10.45 10.48 10.46 169 37910.00 3594356140.00
21/03/2017 10.45 10.41 10.45 10.42 126 30510.00 2894265526.00
22/03/2017 10.44 10.41 10.44 10.42 137 36760.00 3488691728.00
23/03/2017 10.42 10.42 10.44 10.43 84 10855.00 1030561236.00
24/03/2017 10.42 10.32 10.43 10.32 344 31720.00 3013318731.00
27/03/2017 10.31 10.28 10.32 10.30 107 24015.00 2283104977.00
28/03/2017 10.29 10.28 10.30 10.30 270 45625.00 4339365575.00
29/03/2017 10.24 10.24 10.29 10.25 306 19915.00 1895028893.00
30/03/2017 10.25 10.25 10.32 10.32 820 105230.00 10015992642.00
31/03/2017 10.31 10.28 10.31 10.29 177 104870.00 9985772853.00
03/04/2017 10.27 10.23 10.28 10.23 449 69835.00 6653525881.00
04/04/2017 10.21 10.20 10.23 10.21 529 108725.00 10364800206.00
05/04/2017 10.19 10.17 10.20 10.19 238 49820.00 4751806584.00
06/04/2017 10.19 10.18 10.20 10.19 377 114375.00 10912681803.00
07/04/2017 10.18 10.15 10.21 10.16 310 49675.00 4741857417.00
10/04/2017 10.13 10.06 10.13 10.07 701 63895.00 6103591805.00
11/04/2017 10.05 10.03 10.07 10.04 612 95445.00 9123109013.00
12/04/2017 10.05 10.03 10.11 10.04 306 41830.00 3999749210.00
13/04/2017 10.06 10.04 10.08 10.06 437 86375.00 8261771136.00
17/04/2017 10.02 10.02 10.05 10.04 990 72715.00 6958258671.00
18/04/2017 10.00 9.95 10.00 9.97 1385 252180.00 24149068629.00
19/04/2017 9.95 9.95 9.98 9.97 477 97186.00 9310211972.00
20/04/2017 9.95 9.95 9.98 9.95 594 80695.00 7733190331.00
24/04/2017 9.92 9.90 9.92 9.91 286 101825.00 9763920049.00
25/04/2017 9.93 9.93 9.95 9.93 289 124110.00 11903893764.00
26/04/2017 9.93 9.91 9.96 9.92 386 44200.00 4241157729.00
27/04/2017 9.87 9.87 9.92 9.91 188 62030.00 5954688018.00
28/04/2017 9.87 9.87 9.91 9.88 207 51555.00 4951292079.00
02/05/2017 9.89 9.85 9.89 9.86 293 65510.00 6294497565.00
03/05/2017 9.81 9.81 9.84 9.83 677 78690.00 7565024358.00
04/05/2017 9.88 9.84 9.90 9.84 271 40380.00 3883038862.00
05/05/2017 9.81 9.81 9.85 9.82 406 34100.00 3280721743.00
08/05/2017 9.83 9.82 9.85 9.82 415 34135.00 3285216424.00
09/05/2017 9.80 9.77 9.80 9.77 455 57130.00 5501291651.00
10/05/2017 9.74 9.72 9.74 9.73 224 122500.00 11802595432.00
11/05/2017 9.71 9.66 9.71 9.66 307 77430.00 7464531938.00
12/05/2017 9.65 9.58 9.66 9.60 499 56340.00 5434429019.00
15/05/2017 9.58 9.51 9.60 9.52 3795 87675.00 8462405934.00
16/05/2017 9.55 9.47 9.55 9.48 1225 94435.00 9120178301.00
17/05/2017 9.47 9.46 9.52 9.51 767 128845.00 12447774841.00
18/05/2017 10.23 10.20 10.48 10.48 609 44190.00 4257981775.00
19/05/2017 10.47 9.97 10.47 10.04 3847 200255.00 19319714422.00
22/05/2017 10.17 10.00 10.18 10.06 674 108685.00 10490573941.00
23/05/2017 10.10 9.92 10.10 9.94 713 106080.00 10246486672.00
24/05/2017 9.90 9.85 9.95 9.90 1143 89240.00 8625093545.00
25/05/2017 9.90 9.85 9.91 9.85 656 96210.00 9302815206.00
26/05/2017 9.77 9.68 9.78 9.72 1452 126960.00 12286844672.00
29/05/2017 9.68 9.67 9.73 9.69 197 21320.00 2064302672.00
30/05/2017 9.63 9.63 9.72 9.72 340 69435.00 6725316714.00
31/05/2017 9.66 9.63 9.70 9.64 485 135025.00 13084832648.00
01/06/2017 9.70 9.67 9.71 9.71 615 277380.00 26885762663.00
02/06/2017 9.70 9.68 9.72 9.72 406 96015.00 9309719713.00
05/06/2017 9.72 9.70 9.74 9.72 417 129225.00 12533555804.00
06/06/2017 9.65 9.65 9.68 9.66 408 198775.00 19289663459.00
07/06/2017 9.57 9.57 9.68 9.67 565 130045.00 12624702160.00
08/06/2017 9.65 9.65 9.69 9.68 541 88570.00 8601200586.00
09/06/2017 9.65 9.56 9.65 9.63 2940 503320.00 48904482884.00
12/06/2017 9.59 9.58 9.60 9.59 433 128371.00 12478527978.00
13/06/2017 9.55 9.55 9.63 9.61 402 270475.00 26300696261.00
14/06/2017 9.57 9.57 9.60 9.59 154 78730.00 7658873542.00
16/06/2017 9.56 9.49 9.56 9.54 233 84415.00 8215674048.00
