01/06/2016 12.77 12.77 12.77 12.77 1 5.00 297453.00
06/06/2016 12.32 12.32 12.32 12.32 1 5.00 303056.00
07/06/2016 12.39 12.39 12.39 12.39 1 5.00 302384.00
09/06/2016 12.37 12.37 12.37 12.37 1 5.00 302896.00
10/06/2016 12.52 12.52 12.52 12.52 1 5.00 301305.00
13/06/2016 12.66 12.56 12.66 12.59 7 9425.00 566305978.00
14/06/2016 12.63 12.63 12.63 12.63 1 5.00 300327.00
15/06/2016 12.70 12.70 12.70 12.70 1 25.00 1498356.00
16/06/2016 12.72 12.71 12.72 12.71 2 605.00 36250007.00
17/06/2016 12.62 12.60 12.62 12.62 3 1255.00 75522046.00
21/06/2016 12.46 12.46 12.46 12.46 2 1030.00 62414559.00
22/06/2016 12.51 12.51 12.51 12.51 1 5.00 302550.00
23/06/2016 12.47 12.43 12.47 12.43 5 5365.00 325317300.00
24/06/2016 12.46 12.46 12.46 12.46 1 5.00 303407.00
27/06/2016 12.27 12.27 12.27 12.27 1 5.00 305737.00
28/06/2016 12.11 12.11 12.11 12.11 1 15.00 923208.00
29/06/2016 12.16 12.16 12.26 12.24 8 530.00 32482004.00
30/06/2016 12.17 12.17 12.21 12.18 4 25.00 1535544.00
01/07/2016 12.21 12.21 12.21 12.21 1 5.00 306994.00
04/07/2016 12.13 12.13 12.13 12.13 1 5.00 308062.00
05/07/2016 12.23 12.23 12.23 12.23 2 10.00 614087.00
06/07/2016 12.32 12.32 12.32 12.32 1 5.00 306146.00
07/07/2016 12.25 12.25 12.27 12.27 3 20.00 1228145.00
08/07/2016 12.07 12.07 12.07 12.07 1 5.00 309319.00
11/07/2016 12.01 12.01 12.01 12.01 1 10.00 620316.00
12/07/2016 12.11 12.11 12.12 12.12 7 45.00 2781289.00
13/07/2016 12.05 12.04 12.06 12.06 3 15.00 929916.00
14/07/2016 11.99 11.93 12.00 12.00 20 110.00 6839574.00
15/07/2016 12.00 11.97 12.02 12.02 15 105.00 6529133.00
18/07/2016 11.97 11.96 11.98 11.98 4 25.00 1556729.00
19/07/2016 12.02 12.00 12.02 12.00 2 15.00 932874.00
20/07/2016 11.95 11.92 11.95 11.93 9 45.00 2807563.00
21/07/2016 11.95 11.93 12.01 12.01 13 95.00 5927056.00
22/07/2016 12.07 12.06 12.09 12.09 6 35.00 2174935.00
25/07/2016 12.14 12.14 12.14 12.14 1 10.00 620107.00
26/07/2016 12.13 12.07 12.13 12.07 10 265.00 16474943.00
27/07/2016 12.10 12.10 12.10 12.10 1 5.00 310797.00
28/07/2016 12.07 12.07 12.13 12.12 30 200.00 12438674.00
29/07/2016 12.07 12.03 12.07 12.03 3 50.00 3115867.00
01/08/2016 11.97 11.97 11.97 11.97 1 15.00 938167.00
02/08/2016 12.07 12.07 12.07 12.07 1 10.00 623413.00
03/08/2016 12.13 12.11 12.13 12.11 2 195.00 12135583.00
04/08/2016 12.02 11.99 12.02 11.99 5 45.00 2814476.00
05/08/2016 11.96 11.89 11.96 11.89 3 20.00 1255686.00
08/08/2016 11.99 11.97 11.99 11.97 3 60.00 3758785.00
09/08/2016 11.89 11.87 11.91 11.87 4 75.00 4717375.00
10/08/2016 11.92 11.90 11.92 11.90 7 80.00 5029360.00
11/08/2016 11.95 11.91 11.95 11.91 5 255.00 16021210.00
12/08/2016 11.95 11.91 11.95 11.92 8 45.00 2831204.00
15/08/2016 11.90 11.90 11.90 11.90 1 15.00 944811.00
16/08/2016 11.88 11.88 11.89 11.89 8 135.00 8513118.00
17/08/2016 11.94 11.91 11.94 11.91 3 40.00 2519322.00
18/08/2016 11.97 11.97 11.97 11.97 1 10.00 629103.00
19/08/2016 11.95 11.90 11.95 11.91 4 75.00 4730998.00
22/08/2016 11.94 11.94 11.94 11.94 1 20.00 1260717.00
23/08/2016 11.91 11.91 11.98 11.98 18 900.00 56731602.00
24/08/2016 12.00 12.00 12.00 12.00 1 15.00 944316.00
25/08/2016 12.05 12.02 12.05 12.02 5 160.00 10068529.00
26/08/2016 12.00 12.00 12.21 12.18 6 60.00 3760456.00
29/08/2016 12.17 12.10 12.17 12.10 3 35.00 2195986.00
30/08/2016 12.21 12.17 12.21 12.17 2 20.00 1253144.00
31/08/2016 12.14 12.06 12.14 12.06 4 60.00 3769903.00
01/09/2016 11.98 11.98 12.02 11.98 24 540.00 34080965.00
02/09/2016 11.92 11.89 11.92 11.90 12 110.00 6969853.00
05/09/2016 11.92 11.90 11.92 11.92 14 145.00 9188773.00
06/09/2016 11.96 11.87 11.96 11.87 19 255.00 16168290.00
08/09/2016 11.84 11.82 11.88 11.88 10 210.00 13345756.00
09/09/2016 11.97 11.97 12.08 12.08 18 155.00 9799037.00
12/09/2016 12.14 11.98 12.14 11.98 10 1505.00 94800656.00
13/09/2016 12.03 12.00 12.31 12.23 48 450.00 28260808.00
14/09/2016 12.27 12.18 12.35 12.22 19 120.00 7537011.00
15/09/2016 12.19 12.11 12.28 12.11 91 2115.00 133029236.00
16/09/2016 12.12 12.06 12.13 12.06 10 70.00 4422628.00
19/09/2016 12.06 12.04 12.07 12.07 4 1070.00 67731937.00
20/09/2016 12.02 12.01 12.09 12.07 13 120.00 7601406.00
21/09/2016 11.96 11.88 11.96 11.88 13 3135.00 199599562.00
22/09/2016 11.69 11.69 11.73 11.73 7 70.00 4491072.00
23/09/2016 11.68 11.67 11.73 11.73 4 1595.00 102351722.00
26/09/2016 11.73 11.73 11.73 11.73 1 30.00 1925897.00
27/09/2016 11.59 11.58 11.59 11.58 3 45.00 2905428.00
28/09/2016 11.59 11.53 11.59 11.56 22 310.00 20047543.00
29/09/2016 11.57 11.53 11.64 11.64 45 345.00 22297508.00
30/09/2016 11.64 11.54 11.64 11.58 12 120.00 7759927.00
03/10/2016 11.56 11.43 11.58 11.43 19 145.00 9410753.00
04/10/2016 11.53 11.48 11.53 11.49 4 175.00 11362820.00
05/10/2016 11.49 11.35 11.49 11.35 11 105.00 6843950.00
06/10/2016 11.36 11.35 11.36 11.35 6 95.00 6203173.00
07/10/2016 11.31 11.26 11.31 11.26 6 105.00 6878991.00
10/10/2016 11.29 11.25 11.29 11.25 4 50.00 3277742.00
11/10/2016 11.30 11.30 11.30 11.30 1 40.00 2619952.00
13/10/2016 11.29 11.29 11.29 11.29 1 35.00 2294246.00
14/10/2016 11.30 11.30 11.30 11.30 1 25.00 1638862.00
17/10/2016 11.28 11.28 11.28 11.28 1 35.00 2297008.00
18/10/2016 11.21 11.21 11.21 11.21 3 50.00 3290973.00
19/10/2016 11.12 11.09 11.12 11.11 11 105.00 6939164.00
20/10/2016 11.20 11.11 11.20 11.11 37 530.00 34982749.00
21/10/2016 11.18 11.13 11.22 11.22 16 285.00 18815130.00
24/10/2016 11.13 11.13 11.17 11.14 31 575.00 38001449.00
25/10/2016 11.12 11.12 11.22 11.22 27 1415.00 93582073.00
26/10/2016 11.23 11.23 11.30 11.30 2 355.00 23401326.00
27/10/2016 11.26 11.26 11.37 11.37 5 55.00 3614580.00
28/10/2016 11.36 11.36 11.36 11.36 1 35.00 2299331.00
31/10/2016 11.33 11.33 11.33 11.33 1 50.00 3289617.00
01/11/2016 11.44 11.44 11.44 11.44 1 40.00 2622702.00
03/11/2016 11.45 11.45 11.48 11.48 11 315.00 20639419.00
04/11/2016 11.52 11.40 11.52 11.40 6 180.00 11807173.00
07/11/2016 11.26 11.25 11.29 11.29 6 80.00 5283186.00
08/11/2016 11.24 11.24 11.24 11.24 1 45.00 2976294.00
09/11/2016 11.41 11.41 11.49 11.46 5 70.00 4595721.00
10/11/2016 11.45 11.45 11.89 11.87 62 480.00 31160238.00
11/11/2016 12.12 11.99 12.40 12.00 45 320.00 20479979.00
14/11/2016 12.23 12.23 12.40 12.38 7 75.00 4780173.00
16/11/2016 12.25 12.10 12.40 12.10 59 415.00 26581759.00
17/11/2016 12.02 12.02 12.16 12.16 37 1445.00 92986144.00
18/11/2016 12.29 12.09 12.29 12.15 15 245.00 15764721.00
21/11/2016 11.94 11.83 11.95 11.83 46 455.00 29502097.00
22/11/2016 11.86 11.82 11.86 11.82 13 125.00 8129658.00
23/11/2016 11.91 11.82 11.92 11.83 15 300.00 19521977.00
24/11/2016 11.84 11.84 11.90 11.90 14 370.00 24069115.00
25/11/2016 12.02 12.01 12.13 12.05 22 190.00 12288917.00
28/11/2016 11.96 11.88 11.96 11.88 4 50.00 3250738.00
29/11/2016 11.87 11.84 11.88 11.84 7 375.00 24415661.00
30/11/2016 11.77 11.73 11.79 11.73 6 1110.00 72510023.00
01/12/2016 11.83 11.83 12.23 12.23 29 1005.00 65296877.00
02/12/2016 12.32 12.22 12.32 12.30 20 170.00 10941830.00
05/12/2016 12.12 11.96 12.14 11.96 27 255.00 16523645.00
06/12/2016 12.09 11.94 12.14 12.04 42 285.00 18492793.00
07/12/2016 11.88 11.83 11.88 11.88 3 60.00 3916301.00
08/12/2016 11.76 11.72 11.76 11.73 3 60.00 3937278.00
09/12/2016 11.74 11.73 11.75 11.75 76 1560.00 102385330.00
12/12/2016 11.92 11.76 11.92 11.76 9 278.00 18233264.00
13/12/2016 11.76 11.72 11.84 11.84 26 525.00 34427222.00
14/12/2016 11.87 11.80 11.94 11.94 11 150.00 9816527.00
15/12/2016 12.01 11.86 12.05 11.86 71 965.00 62994643.00
16/12/2016 11.75 11.75 11.81 11.80 4 75.00 4923685.00
19/12/2016 11.75 11.75 11.75 11.75 2 135.00 8880721.00
20/12/2016 11.67 11.67 11.67 11.67 2 60.00 3959391.00
21/12/2016 11.53 11.47 11.53 11.47 7 44190.00 2937108447.00
22/12/2016 11.53 11.42 11.53 11.42 27 1225.00 81355091.00
23/12/2016 11.39 11.39 11.41 11.41 5 40.00 2667080.00
26/12/2016 11.39 11.37 11.39 11.37 6 47880.00 3195087061.00
27/12/2016 11.36 11.36 11.36 11.36 1 120.00 8019219.00
28/12/2016 11.36 11.36 11.36 11.36 2 110.00 7354090.00
29/12/2016 11.34 11.33 11.34 11.33 17 265.00 17740413.00
02/01/2017 11.24 11.17 11.24 11.17 9 165.00 11111678.00
03/01/2017 11.20 11.20 11.25 11.20 9 115.00 7740514.00
04/01/2017 11.30 11.30 11.31 11.31 5 80.00 5369949.00
05/01/2017 11.18 11.18 11.21 11.21 11 125.00 8423495.00
06/01/2017 11.14 11.13 11.14 11.13 3 20.00 1351222.00
09/01/2017 11.16 11.16 11.16 11.16 1 75.00 5064978.00
10/01/2017 11.13 11.09 11.14 11.09 5 1095.00 74034286.00
11/01/2017 11.17 11.09 11.17 11.09 6 85.00 5752909.00
12/01/2017 10.77 10.74 10.80 10.76 124 6090.00 417247615.00
13/01/2017 10.71 10.70 10.77 10.77 8 90.00 6170046.00
16/01/2017 10.80 10.74 10.80 10.74 3 55.00 3773116.00
17/01/2017 10.72 10.70 10.73 10.73 14 110.00 7557175.00
18/01/2017 10.75 10.75 10.77 10.77 6 70.00 4804016.00
19/01/2017 10.75 10.68 10.75 10.68 12 120.00 8256675.00
20/01/2017 10.64 10.61 10.64 10.61 2 565.00 38969347.00
23/01/2017 10.60 10.58 10.60 10.58 2 75.00 5183065.00
24/01/2017 10.62 10.61 10.62 10.61 2 75.00 5181584.00
26/01/2017 10.67 10.67 10.72 10.71 5 75.00 5169528.00
27/01/2017 10.67 10.63 10.67 10.63 34 320.00 22100013.00
30/01/2017 10.69 10.68 10.69 10.68 12 140.00 9663700.00
31/01/2017 10.68 10.66 10.68 10.66 16 155.00 10710810.00
01/02/2017 10.64 10.64 10.72 10.65 52 1855.00 128127014.00
02/02/2017 10.56 10.56 10.59 10.59 3 55.00 3815218.00
03/02/2017 10.55 10.46 10.55 10.47 9 120.00 8344997.00
06/02/2017 10.41 10.41 10.44 10.44 9 85.00 5930016.00
07/02/2017 10.42 10.37 10.42 10.37 3 50.00 3494794.00
08/02/2017 10.31 10.31 10.31 10.31 1 45.00 3153683.00
09/02/2017 10.33 10.31 10.34 10.31 9 110.00 7709707.00
10/02/2017 10.26 10.26 10.30 10.27 17 220.00 15440598.00
13/02/2017 10.25 10.24 10.26 10.24 28 250.00 17571409.00
14/02/2017 10.23 10.22 10.30 10.22 8 130.00 9144382.00
15/02/2017 10.24 10.24 10.24 10.24 1 45.00 3167064.00
16/02/2017 10.27 10.24 10.35 10.35 11 2230.00 156845839.00
17/02/2017 10.27 10.27 10.27 10.27 1 40.00 2814593.00
20/02/2017 10.25 10.25 10.25 10.25 1 40.00 2817520.00
21/02/2017 10.26 10.20 10.28 10.20 10 150.00 10572435.00
22/02/2017 10.20 10.15 10.22 10.15 9 110.00 7767601.00
23/02/2017 10.04 10.03 10.04 10.03 5 75.00 5326593.00
24/02/2017 10.10 10.10 10.10 10.10 1 45.00 3190114.00
01/03/2017 10.02 10.02 10.02 10.02 1 20.00 1422057.00
02/03/2017 10.05 10.05 10.12 10.12 7 130.00 9231443.00
03/03/2017 10.00 10.00 10.00 10.00 1 35.00 2492100.00
06/03/2017 9.94 9.94 9.94 9.94 1 35.00 2497889.00
07/03/2017 9.98 9.97 9.98 9.98 6 95.00 6774345.00
08/03/2017 10.06 10.06 10.13 10.13 19 225.00 15994496.00
09/03/2017 10.14 10.14 10.17 10.17 4 55.00 3902029.00
10/03/2017 9.99 9.94 9.99 9.95 3 70.00 5001112.00
13/03/2017 9.93 9.90 9.93 9.91 14 360.00 25772036.00
14/03/2017 9.95 9.95 10.03 10.03 18 200.00 14289926.00
15/03/2017 10.04 9.91 10.08 9.91 21 265.00 18934492.00
16/03/2017 9.95 9.95 9.95 9.95 1 40.00 2862413.00
17/03/2017 9.95 9.95 9.95 9.95 1 40.00 2863491.00
20/03/2017 9.95 9.95 9.95 9.95 1 45.00 3222640.00
21/03/2017 9.88 9.88 9.88 9.88 5 445.00 31951792.00
22/03/2017 9.98 9.96 9.98 9.96 2 585.00 41887783.00
23/03/2017 9.98 9.98 9.99 9.98 9 120.00 8594273.00
24/03/2017 9.89 9.85 9.89 9.85 2 65.00 4674074.00
27/03/2017 9.81 9.81 9.81 9.81 4 115.00 8288028.00
28/03/2017 9.88 9.87 9.88 9.87 2 95.00 6834962.00
29/03/2017 9.84 9.84 9.84 9.84 1 45.00 3242456.00
30/03/2017 9.85 9.85 9.86 9.86 5 75.00 5403704.00
31/03/2017 9.87 9.85 9.89 9.86 13 2680.00 193126520.00
03/04/2017 9.85 9.81 9.86 9.81 8 2575.00 185920083.00
04/04/2017 9.78 9.78 9.78 9.78 1 15.00 1084488.00
05/04/2017 9.85 9.85 9.85 9.85 1 5.00 360830.00
07/04/2017 9.91 9.90 9.91 9.90 2 10.00 720947.00
10/04/2017 9.78 9.78 9.78 9.78 1 5.00 362031.00
11/04/2017 9.80 9.80 9.82 9.82 3 115.00 8319903.00
12/04/2017 9.84 9.84 9.84 9.84 2 10.00 723234.00
17/04/2017 9.89 9.89 9.89 9.89 1 5.00 361319.00
18/04/2017 9.83 9.83 9.83 9.83 1 5.00 362134.00
19/04/2017 9.86 9.86 9.91 9.91 2 15.00 1085224.00
20/04/2017 9.91 9.90 9.91 9.90 7 60.00 4338224.00
24/04/2017 9.88 9.88 9.88 9.88 1 5.00 361974.00
25/04/2017 9.95 9.95 10.03 10.01 39 1730.00 124888951.00
26/04/2017 10.09 10.04 10.11 10.04 33 205.00 14756699.00
27/04/2017 10.08 10.08 10.08 10.08 3 30.00 2160814.00
28/04/2017 10.07 9.96 10.08 9.98 94 1355.00 97920946.00
02/05/2017 9.95 9.88 9.95 9.88 2 30.00 2173549.00
03/05/2017 9.90 9.90 9.92 9.92 3 550.00 39880730.00
04/05/2017 9.96 9.96 9.96 9.96 1 25.00 1810127.00
05/05/2017 9.95 9.90 9.95 9.90 2 40.00 2901551.00
08/05/2017 9.96 9.91 9.96 9.91 7 95.00 6889712.00
09/05/2017 9.88 9.83 9.88 9.83 3 85.00 6183900.00
10/05/2017 9.77 9.77 9.78 9.78 4 60.00 4376177.00
11/05/2017 9.72 9.68 9.72 9.68 11 110.00 8046746.00
12/05/2017 9.63 9.61 9.63 9.61 3 60.00 4400251.00
15/05/2017 9.56 9.54 9.56 9.54 23 295.00 21688147.00
16/05/2017 9.55 9.46 9.55 9.46 9 100.00 7366690.00
17/05/2017 9.54 9.54 9.54 9.54 1 40.00 2943707.00
18/05/2017 11.31 11.31 11.31 11.31 1 5.00 348789.00
19/05/2017 11.34 10.99 11.40 10.99 17 155.00 10880789.00
22/05/2017 11.34 11.34 11.44 11.44 2 50.00 3478274.00
23/05/2017 11.35 10.96 11.35 10.96 4 55.00 3873527.00
24/05/2017 10.80 10.62 10.80 10.77 8 70.00 4982768.00
25/05/2017 10.61 10.56 10.66 10.57 224 3620.00 258405706.00
26/05/2017 10.49 10.35 10.49 10.40 3 45.00 3234102.00
29/05/2017 10.52 10.26 10.52 10.27 51 440.00 31690077.00
30/05/2017 10.23 10.23 10.43 10.34 57 465.00 33517608.00
31/05/2017 10.28 10.23 10.35 10.25 32 2855.00 206365291.00
01/06/2017 10.28 10.27 10.41 10.39 66 3430.00 247355212.00
02/06/2017 10.37 10.34 10.49 10.49 12 140.00 10071436.00
05/06/2017 10.56 10.50 10.56 10.53 11 105.00 7532917.00
06/06/2017 10.45 10.36 10.46 10.36 12 160.00 11527688.00
07/06/2017 10.30 10.30 10.38 10.38 4 55.00 3970729.00
08/06/2017 10.39 10.39 10.39 10.39 15 225.00 16234773.00
09/06/2017 10.31 10.21 10.31 10.29 47 410.00 29680859.00
12/06/2017 10.17 10.16 10.24 10.17 29 640.00 46467923.00
13/06/2017 10.15 10.15 10.29 10.29 74 540.00 39210024.00
14/06/2017 10.17 10.13 10.18 10.16 50 760.00 55298338.00
16/06/2017 10.11 10.02 10.11 10.03 21 230.00 16797106.00
