01/06/2016 13.97 13.95 13.97 13.96 113 34765.00 3323175314.00
02/06/2016 13.94 13.93 13.97 13.97 588 35250.00 3371368793.00
03/06/2016 13.97 13.93 13.97 13.93 482 83530.00 7993093254.00
06/06/2016 13.94 13.93 13.95 13.94 330 215255.00 20609349831.00
07/06/2016 13.95 13.94 13.96 13.95 317 92605.00 8870640059.00
08/06/2016 13.95 13.93 13.95 13.94 247 136175.00 13051271846.00
09/06/2016 13.96 13.96 14.01 14.00 1268 130365.00 12499117675.00
10/06/2016 14.01 14.01 14.03 14.02 290 55940.00 5365859490.00
13/06/2016 14.02 14.00 14.02 14.01 414 179150.00 17193441706.00
14/06/2016 14.00 14.00 14.04 14.04 303 67865.00 6516413935.00
15/06/2016 14.04 14.03 14.06 14.03 198 40890.00 3928137277.00
16/06/2016 14.02 14.02 14.05 14.05 360 86470.00 8310951269.00
17/06/2016 14.05 14.05 14.07 14.07 300 93525.00 8993538725.00
20/06/2016 14.00 14.00 14.06 14.06 163 107780.00 10369778576.00
21/06/2016 14.04 14.03 14.04 14.03 1030 122510.00 11793692956.00
22/06/2016 14.02 14.02 14.04 14.04 191 62141.00 5985249285.00
23/06/2016 14.03 14.03 14.05 14.04 364 120375.00 11600126571.00
24/06/2016 14.04 14.01 14.05 14.03 743 165310.00 15939049252.00
27/06/2016 14.00 13.99 14.02 14.01 734 110225.00 10633948040.00
28/06/2016 14.05 14.05 14.09 14.09 630 181443.00 17510713767.00
29/06/2016 14.10 14.09 14.11 14.10 974 328502.00 31718257645.00
30/06/2016 14.10 14.09 14.11 14.10 172 71925.00 6948216866.00
01/07/2016 14.09 14.09 14.11 14.10 126 50101.00 4842515095.00
04/07/2016 14.09 14.09 14.10 14.10 79 6190.00 598614764.00
05/07/2016 14.10 14.10 14.11 14.10 43 38402.00 3715630142.00
06/07/2016 14.10 14.10 14.11 14.10 64 20382.00 1973104065.00
07/07/2016 14.11 14.10 14.11 14.11 89 148208.00 14354925154.00
08/07/2016 14.11 14.10 14.11 14.10 37 32831.00 3181600534.00
11/07/2016 14.10 14.09 14.10 14.09 89 53095.00 5148068759.00
12/07/2016 14.08 14.08 14.09 14.09 227 100053.00 9706365361.00
13/07/2016 14.09 14.08 14.09 14.08 94 47680.00 4628008147.00
14/07/2016 14.07 14.07 14.09 14.09 126 194710.00 18909317713.00
15/07/2016 14.08 14.08 14.09 14.08 167 266995.00 25942456256.00
18/07/2016 14.08 14.08 14.09 14.09 42 66940.00 6507616037.00
19/07/2016 14.09 14.08 14.09 14.08 180 70890.00 6895245612.00
20/07/2016 14.08 14.08 14.09 14.08 72 240235.00 23379207862.00
21/07/2016 14.10 14.10 14.12 14.12 249 545115.00 53074621290.00
22/07/2016 14.12 14.11 14.12 14.11 37 134165.00 13069660729.00
25/07/2016 14.11 14.11 14.12 14.11 27 13060.00 1272902560.00
26/07/2016 14.12 14.12 14.12 14.12 147 50837.00 4957387169.00
27/07/2016 14.12 14.12 14.13 14.12 80 49720.00 4850994572.00
28/07/2016 14.12 14.12 14.13 14.12 24 61075.00 5961992088.00
29/07/2016 14.12 14.12 14.12 14.12 22 18295.00 1786850213.00
01/08/2016 14.12 14.11 14.12 14.12 17 11515.00 1125250502.00
02/08/2016 14.12 14.11 14.12 14.12 38 39245.00 3837033453.00
03/08/2016 14.12 14.11 14.12 14.12 38 33260.00 3253595072.00
04/08/2016 14.12 14.12 14.12 14.12 43 53930.00 5278350584.00
05/08/2016 14.12 14.11 14.12 14.12 59 105670.00 10347822157.00
08/08/2016 14.12 14.12 14.12 14.12 24 25755.00 2523400127.00
09/08/2016 14.11 14.11 14.12 14.11 291 281030.00 27549153677.00
10/08/2016 14.11 14.11 14.12 14.12 31 50720.00 4974621707.00
11/08/2016 14.12 14.12 14.12 14.12 27 19045.00 1868904261.00
12/08/2016 14.12 14.12 14.12 14.12 38 39530.00 3881156140.00
15/08/2016 14.12 14.12 14.12 14.12 23 22005.00 2161634913.00
16/08/2016 14.12 14.12 14.13 14.12 41 50425.00 4956026185.00
17/08/2016 14.12 14.12 14.13 14.13 30 25100.00 2468247654.00
18/08/2016 14.12 14.12 14.13 14.13 50 29710.00 2923102218.00
19/08/2016 14.13 14.12 14.13 14.12 76 59355.00 5842896950.00
22/08/2016 14.12 14.12 14.13 14.12 32 44355.00 4368584575.00
23/08/2016 14.11 14.11 14.13 14.13 48 61940.00 6103741521.00
24/08/2016 14.13 14.12 14.13 14.13 80 91830.00 9053925870.00
25/08/2016 14.13 14.12 14.13 14.12 48 98733.00 9739620206.00
26/08/2016 14.13 14.12 14.13 14.13 55 95170.00 9393084090.00
29/08/2016 14.13 14.12 14.13 14.12 30 53790.00 5311753927.00
30/08/2016 14.11 14.11 14.13 14.12 37 228565.00 22582539847.00
31/08/2016 14.12 14.12 14.13 14.13 46 81955.00 8101519933.00
01/09/2016 14.13 14.13 14.14 14.13 153 138330.00 13681470933.00
02/09/2016 14.13 14.13 14.13 14.13 13 13590.00 1344816981.00
05/09/2016 14.13 14.13 14.13 14.13 32 195837.00 19389513238.00
06/09/2016 14.13 14.13 14.14 14.13 32 65675.00 6505789235.00
08/09/2016 14.14 14.13 14.14 14.14 27 176485.00 17491797739.00
09/09/2016 14.13 14.13 14.14 14.14 16 16850.00 1670919178.00
12/09/2016 14.13 14.13 14.14 14.13 31 126969.00 12597377137.00
13/09/2016 14.13 14.13 14.14 14.13 44 33535.00 3328966019.00
14/09/2016 14.13 14.13 14.14 14.13 34 41175.00 4089519362.00
15/09/2016 14.13 14.13 14.14 14.13 20 14575.00 1448353628.00
16/09/2016 14.13 14.13 14.13 14.13 30 26770.00 2661599325.00
19/09/2016 14.13 14.13 14.14 14.13 32 41290.00 4107398457.00
20/09/2016 14.13 14.13 14.14 14.14 44 116770.00 11622000679.00
21/09/2016 14.14 14.13 14.14 14.13 33 57345.00 5710483606.00
22/09/2016 14.14 14.13 14.14 14.13 27 27080.00 2698073784.00
23/09/2016 14.13 14.13 14.14 14.13 29 31520.00 3142094464.00
26/09/2016 14.14 14.13 14.14 14.13 43 63990.00 6382238039.00
27/09/2016 14.13 14.13 14.14 14.13 19 34575.00 3450253160.00
28/09/2016 14.14 14.13 14.14 14.13 21 33735.00 3368194534.00
29/09/2016 14.13 14.13 14.14 14.13 26 28016.00 2798661324.00
30/09/2016 14.13 14.13 14.14 14.14 16 17045.00 1703605917.00
