03/11/2016 12.39 12.39 12.39 12.39 1 10.00 890584.00
04/11/2016 12.41 12.41 12.41 12.41 4 3420.00 304667382.00
11/11/2016 12.48 12.48 12.48 12.48 5 165.00 14724144.00
14/11/2016 12.65 12.65 12.65 12.65 1 100.00 8914897.00
28/11/2016 12.30 12.30 12.30 12.30 4 2600.00 233449060.00
02/12/2016 12.40 12.40 12.40 12.40 1 1110.00 99767399.00
08/12/2016 12.06 12.06 12.06 12.06 1 250.00 22573112.00
12/12/2016 12.00 12.00 12.02 12.02 2 527.00 47645014.00
15/12/2016 11.90 11.90 11.90 11.90 5 410.00 37150157.00
20/12/2016 11.81 11.81 11.81 11.81 2 40.00 3631787.00
22/12/2016 11.82 11.82 11.82 11.82 1 5.00 454340.00
29/12/2016 11.75 11.75 11.75 11.75 2 1185.00 107974356.00
02/01/2017 11.65 11.65 11.65 11.65 1 10.00 912657.00
03/01/2017 11.67 11.67 11.69 11.69 21 1500.00 136934018.00
06/01/2017 11.60 11.60 11.60 11.60 2 100.00 9145881.00
10/01/2017 11.55 11.55 11.55 11.55 3 4190.00 383684836.00
17/01/2017 11.26 11.26 11.26 11.26 1 490.00 45059547.00
18/01/2017 11.26 11.26 11.26 11.26 1 230.00 21159356.00
08/02/2017 10.97 10.97 10.97 10.97 2 100.00 9275803.00
09/02/2017 10.95 10.95 10.95 10.95 1 50.00 4640418.00
13/02/2017 10.90 10.90 10.90 10.90 1 3990.00 370729573.00
14/02/2017 10.89 10.89 10.91 10.91 9 495.00 46011386.00
15/02/2017 10.85 10.85 10.85 10.85 2 200.00 18604682.00
17/02/2017 10.82 10.82 10.82 10.82 1 20.00 1862280.00
21/02/2017 10.71 10.71 10.71 10.71 1 1110.00 103511440.00
23/02/2017 10.59 10.59 10.60 10.60 3 400.00 37358462.00
02/03/2017 10.58 10.58 10.58 10.58 2 200.00 18703606.00
08/03/2017 10.51 10.51 10.51 10.51 6 1000.00 93703220.00
09/03/2017 10.51 10.51 10.51 10.51 8 645.00 60462551.00
10/03/2017 10.39 10.39 10.39 10.39 1 2300.00 215839107.00
13/03/2017 10.32 10.32 10.32 10.32 4 400.00 37568272.00
14/03/2017 10.30 10.30 10.33 10.33 6 2870.00 269674181.00
15/03/2017 10.33 10.28 10.33 10.28 9 700.00 65804866.00
16/03/2017 10.28 10.28 10.31 10.31 2 3385.00 318313150.00
17/03/2017 10.29 10.29 10.29 10.29 4 5480.00 515560756.00
20/03/2017 10.29 10.29 10.29 10.29 11 915.00 86119479.00
21/03/2017 10.25 10.25 10.26 10.26 2 515.00 48499840.00
22/03/2017 10.24 10.24 10.24 10.24 4 5775.00 544099132.00
23/03/2017 10.25 10.25 10.25 10.25 1 15.00 1413752.00
24/03/2017 10.16 10.16 10.16 10.16 1 10.00 943331.00
27/03/2017 10.12 10.10 10.12 10.10 4 1240.00 117040393.00
28/03/2017 10.09 10.09 10.12 10.12 2 1670.00 157687384.00
29/03/2017 10.10 10.09 10.10 10.09 3 505.00 47707234.00
30/03/2017 10.14 10.14 10.14 10.14 10 1260.00 119055018.00
31/03/2017 10.13 10.13 10.13 10.13 2 510.00 48208678.00
03/04/2017 10.08 10.08 10.08 10.08 4 500.00 47295195.00
04/04/2017 10.05 10.02 10.05 10.04 12 22420.00 2121823923.00
05/04/2017 10.01 10.01 10.01 10.01 1 970.00 91853606.00
06/04/2017 10.04 10.04 10.04 10.04 4 1205.00 114135286.00
07/04/2017 10.00 10.00 10.00 10.00 1 5.00 473855.00
10/04/2017 9.89 9.89 9.89 9.89 4 205.00 19446291.00
11/04/2017 9.88 9.86 9.88 9.86 9 2070.00 196467586.00
12/04/2017 9.88 9.88 9.88 9.88 2 1305.00 123891153.00
13/04/2017 9.89 9.89 9.89 9.89 2 55.00 5223158.00
17/04/2017 9.88 9.88 9.88 9.88 3 410.00 38953739.00
18/04/2017 9.80 9.79 9.80 9.79 22 11335.00 1077743450.00
19/04/2017 9.78 9.78 9.80 9.79 19 14305.00 1360694361.00
20/04/2017 9.79 9.78 9.80 9.78 19 8765.00 834057858.00
24/04/2017 9.73 9.72 9.73 9.72 21 860.00 81887782.00
25/04/2017 9.75 9.75 9.76 9.76 15 17150.00 1633393006.00
26/04/2017 9.76 9.75 9.76 9.75 6 11490.00 1094752770.00
27/04/2017 9.73 9.73 9.73 9.73 2 305.00 29073484.00
28/04/2017 9.73 9.73 9.73 9.73 2 20.00 1907205.00
02/05/2017 9.69 9.68 9.70 9.68 8 6670.00 636366710.00
03/05/2017 9.64 9.64 9.64 9.64 11 2500.00 238669475.00
04/05/2017 9.64 9.64 9.65 9.65 5 2330.00 222521176.00
05/05/2017 9.63 9.63 9.64 9.64 17 2970.00 283753154.00
08/05/2017 9.65 9.65 9.65 9.65 2 520.00 49695443.00
09/05/2017 9.61 9.61 9.62 9.61 39 5760.00 550756602.00
10/05/2017 9.54 9.54 9.54 9.54 4 470.00 44971733.00
11/05/2017 9.49 9.47 9.49 9.47 7 3890.00 372448005.00
12/05/2017 9.45 9.42 9.45 9.42 11 8885.00 851152625.00
15/05/2017 9.40 9.32 9.40 9.33 11 1875.00 179736953.00
16/05/2017 9.28 9.28 9.29 9.29 5 705.00 67629350.00
17/05/2017 9.25 9.25 9.28 9.28 17 2415.00 231764385.00
18/05/2017 10.28 10.28 10.28 10.28 2 80.00 7647809.00
19/05/2017 9.90 9.85 9.90 9.85 4 1620.00 155187585.00
22/05/2017 9.95 9.95 9.95 9.95 1 5.00 478998.00
23/05/2017 9.87 9.81 9.87 9.81 49 6985.00 669674810.00
24/05/2017 9.77 9.77 9.77 9.77 1 15.00 1439125.00
25/05/2017 9.76 9.73 9.76 9.73 7 4295.00 412245057.00
26/05/2017 9.56 9.54 9.56 9.54 3 710.00 68229640.00
29/05/2017 9.52 9.52 9.52 9.52 1 15.00 1442144.00
30/05/2017 9.54 9.52 9.54 9.54 6 3335.00 320739671.00
31/05/2017 9.47 9.47 9.47 9.47 12 1965.00 189093993.00
01/06/2017 9.53 9.53 9.57 9.57 36 8000.00 769883519.00
02/06/2017 9.58 9.58 9.58 9.58 9 1305.00 125619130.00
05/06/2017 9.61 9.61 9.61 9.61 8 670.00 64510246.00
06/06/2017 9.53 9.52 9.54 9.52 15 2290.00 220636766.00
07/06/2017 9.53 9.53 9.53 9.53 3 9295.00 895875988.00
08/06/2017 9.54 9.54 9.54 9.54 7 2055.00 198134119.00
09/06/2017 9.43 9.43 9.48 9.48 12 2120.00 204519559.00
12/06/2017 9.44 9.43 9.44 9.43 123 5620.00 542456513.00
13/06/2017 9.45 9.45 9.47 9.46 19 6715.00 648304289.00
14/06/2017 9.45 9.43 9.45 9.43 9 170.00 16419954.00
16/06/2017 9.40 9.40 9.40 9.40 3 515.00 49767231.00
