01/06/2016 13.78 13.76 13.78 13.76 3 105.00 9838726.00
02/06/2016 13.73 13.73 13.76 13.76 6 465.00 43600073.00
03/06/2016 13.77 13.72 13.77 13.73 15 1740.00 163238263.00
06/06/2016 13.71 13.71 13.72 13.72 2 20.00 1877431.00
07/06/2016 13.75 13.75 13.76 13.75 17 1800.00 169027837.00
08/06/2016 13.77 13.73 13.77 13.73 30 5590.00 525195024.00
09/06/2016 13.82 13.82 13.82 13.82 2 70.00 6578156.00
10/06/2016 13.85 13.85 13.85 13.85 3 35.00 3290355.00
13/06/2016 13.87 13.85 13.87 13.86 43 23865.00 2244696590.00
14/06/2016 13.91 13.88 13.91 13.88 109 2250.00 211697554.00
15/06/2016 13.89 13.89 13.90 13.90 2 220.00 20710491.00
16/06/2016 13.94 13.93 13.94 13.94 24 2290.00 215651785.00
17/06/2016 13.94 13.93 13.94 13.93 9 10695.00 1007691526.00
20/06/2016 13.93 13.93 13.94 13.93 47 7805.00 735762458.00
21/06/2016 13.89 13.89 13.89 13.89 12 2210.00 208479550.00
22/06/2016 13.88 13.88 13.90 13.90 13 3130.00 295432390.00
23/06/2016 13.87 13.87 13.88 13.88 6 565.00 53358210.00
24/06/2016 13.85 13.85 13.85 13.85 19 8510.00 804154917.00
27/06/2016 13.80 13.80 13.80 13.80 5 515.00 48699383.00
28/06/2016 13.94 13.94 13.99 13.99 164 6805.00 643425496.00
29/06/2016 14.00 13.98 14.03 14.02 43 11505.00 1088177444.00
30/06/2016 14.06 14.04 14.06 14.04 16 1970.00 186411961.00
01/07/2016 14.01 13.98 14.01 13.98 7 2665.00 252345757.00
04/07/2016 14.00 13.98 14.00 13.98 6 7395.00 700576935.00
05/07/2016 14.02 14.01 14.02 14.02 13 4175.00 395704135.00
06/07/2016 14.03 14.02 14.04 14.03 71 8150.00 772825052.00
07/07/2016 14.02 14.02 14.02 14.02 3 25.00 2371932.00
08/07/2016 14.02 14.02 14.02 14.02 2 10.00 949283.00
11/07/2016 14.01 13.99 14.01 13.99 7 2635.00 250284728.00
12/07/2016 13.99 13.99 14.00 14.00 30 3450.00 327874429.00
13/07/2016 13.99 13.99 13.99 13.99 1 15.00 1426295.00
14/07/2016 13.97 13.97 13.99 13.99 12 1755.00 166969164.00
15/07/2016 13.98 13.98 14.00 14.00 3 810.00 77101204.00
18/07/2016 14.00 13.99 14.00 13.99 8 1235.00 117610602.00
19/07/2016 14.02 13.99 14.02 14.00 6 1080.00 102900210.00
20/07/2016 14.01 14.00 14.01 14.00 3 25.00 2383172.00
21/07/2016 14.04 14.03 14.06 14.06 45 5795.00 552637917.00
22/07/2016 14.05 14.04 14.05 14.05 6 4145.00 395489570.00
25/07/2016 14.05 14.04 14.07 14.04 16 12100.00 1155100649.00
26/07/2016 14.09 14.07 14.09 14.08 33 17150.00 1637889012.00
27/07/2016 14.07 14.07 14.08 14.07 23 7265.00 694221097.00
28/07/2016 14.07 14.07 14.09 14.09 6 1260.00 120462368.00
29/07/2016 14.07 14.07 14.08 14.08 7 3035.00 290319874.00
01/08/2016 14.06 14.06 14.06 14.06 5 515.00 49290449.00
02/08/2016 14.07 14.07 14.07 14.07 5 540.00 51708682.00
03/08/2016 14.10 14.07 14.10 14.07 5 515.00 49340491.00
04/08/2016 14.08 14.08 14.08 14.08 6 2500.00 239635550.00
05/08/2016 14.09 14.07 14.09 14.07 10 6040.00 579267660.00
08/08/2016 14.09 14.07 14.09 14.08 4 3445.00 330562660.00
09/08/2016 14.07 14.06 14.07 14.07 15 4760.00 457001006.00
10/08/2016 14.06 14.06 14.07 14.07 8 2010.00 193080587.00
11/08/2016 14.07 14.07 14.07 14.07 3 1580.00 151850058.00
12/08/2016 14.07 14.05 14.08 14.07 29 20870.00 2006835742.00
15/08/2016 14.06 14.06 14.07 14.06 8 5505.00 529639120.00
16/08/2016 14.07 14.07 14.08 14.08 3 540.00 51979496.00
17/08/2016 14.08 14.08 14.09 14.08 18 4025.00 387632585.00
18/08/2016 14.08 14.06 14.09 14.09 40 7330.00 706289135.00
19/08/2016 14.10 14.08 14.10 14.08 6 10520.00 1014203746.00
22/08/2016 14.08 14.08 14.08 14.08 2 1015.00 97904250.00
23/08/2016 14.07 14.07 14.09 14.08 34 7695.00 742630969.00
24/08/2016 14.08 14.08 14.09 14.09 6 2200.00 212430662.00
25/08/2016 14.08 14.08 14.08 14.08 19 6890.00 665641584.00
26/08/2016 14.08 14.08 14.09 14.08 71 16915.00 1634989835.00
29/08/2016 14.08 14.08 14.09 14.09 12 1575.00 152317426.00
30/08/2016 14.08 14.08 14.09 14.09 4 505.00 48863991.00
31/08/2016 14.09 14.08 14.09 14.08 36 9965.00 964712495.00
01/09/2016 14.05 14.05 14.06 14.06 12 545.00 52792934.00
02/09/2016 14.09 14.05 14.09 14.07 28 11725.00 1136328594.00
05/09/2016 14.06 14.05 14.07 14.07 20 8110.00 786391326.00
06/09/2016 14.06 14.06 14.06 14.06 5 835.00 81009645.00
08/09/2016 14.05 14.05 14.07 14.06 18 6445.00 625605157.00
09/09/2016 14.08 14.08 14.09 14.09 62 13860.00 1345997569.00
12/09/2016 14.10 14.08 14.10 14.08 39 16505.00 1603680025.00
13/09/2016 14.09 14.09 14.09 14.09 24 4445.00 432124084.00
14/09/2016 14.08 14.08 14.09 14.09 7 620.00 60305686.00
15/09/2016 14.09 14.08 14.09 14.08 14 31515.00 3066966743.00
16/09/2016 14.09 14.08 14.09 14.08 24 39730.00 3868457730.00
19/09/2016 14.07 14.07 14.07 14.07 5 515.00 50172692.00
20/09/2016 14.06 14.05 14.06 14.06 101 141680.00 13810190785.00
21/09/2016 14.04 14.03 14.04 14.03 185 26890.00 2622569483.00
22/09/2016 13.98 13.98 14.00 14.00 9 9875.00 963668934.00
23/09/2016 13.98 13.98 14.00 13.99 72 84800.00 8279735095.00
26/09/2016 13.98 13.96 13.98 13.98 151 24535.00 2396875727.00
27/09/2016 13.94 13.94 13.95 13.94 82 94550.00 9241888257.00
28/09/2016 13.94 13.91 13.94 13.91 268 36725.00 3591662274.00
29/09/2016 13.95 13.92 13.95 13.93 128 4390.00 429559948.00
30/09/2016 13.92 13.92 13.95 13.93 61 2535.00 248177870.00
03/10/2016 13.93 13.89 13.93 13.90 14 7330.00 718007880.00
04/10/2016 13.90 13.90 13.93 13.93 14 6540.00 640944338.00
05/10/2016 13.92 13.91 13.94 13.91 14 7340.00 719720749.00
06/10/2016 13.89 13.88 13.89 13.88 6 3020.00 296288844.00
07/10/2016 13.85 13.85 13.87 13.87 22 1710.00 167856796.00
10/10/2016 13.86 13.86 13.88 13.88 14 21620.00 2123371319.00
11/10/2016 13.86 13.85 13.86 13.86 303 144130.00 14162893132.00
13/10/2016 13.84 13.84 13.84 13.84 11 157070.00 15442607877.00
14/10/2016 13.79 13.79 13.83 13.83 206 450360.00 44302125923.00
17/10/2016 13.83 13.83 13.84 13.84 70 13890.00 1367030078.00
18/10/2016 13.83 13.83 13.84 13.84 69 43275.00 4261263185.00
19/10/2016 13.83 13.79 13.83 13.79 167 198920.00 19598157705.00
20/10/2016 13.89 13.87 13.89 13.88 16 100420.00 9898083721.00
21/10/2016 13.87 13.87 13.88 13.88 16 55725.00 5495472768.00
24/10/2016 13.87 13.87 13.88 13.88 20 57905.00 5713408688.00
25/10/2016 13.88 13.87 13.88 13.88 26 59725.00 5896002728.00
26/10/2016 13.87 13.87 13.88 13.88 32 155605.00 15369094407.00
27/10/2016 13.88 13.87 13.88 13.88 30 187155.00 18494807654.00
28/10/2016 13.88 13.87 13.88 13.88 67 58960.00 5829487560.00
31/10/2016 13.88 13.88 13.88 13.88 14 50220.00 4967899650.00
01/11/2016 13.89 13.88 13.89 13.88 21 57120.00 5653353315.00
03/11/2016 13.88 13.88 13.88 13.88 25 15290.00 1514089475.00
04/11/2016 13.88 13.88 13.89 13.88 17 26185.00 2594305831.00
07/11/2016 13.88 13.88 13.88 13.88 14 40105.00 3975485878.00
08/11/2016 13.88 13.88 13.88 13.88 9 2245.00 222654974.00
09/11/2016 13.89 13.88 13.89 13.88 31 21005.00 2084309001.00
10/11/2016 13.88 13.86 13.89 13.88 22 35115.00 3486229530.00
11/11/2016 13.88 13.88 13.89 13.88 21 22345.00 2219568728.00
14/11/2016 13.88 13.88 13.89 13.88 17 12505.00 1242784690.00
16/11/2016 13.88 13.88 13.88 13.88 15 13375.00 1329931632.00
17/11/2016 13.88 13.88 13.88 13.88 7 3375.00 335763425.00
18/11/2016 13.88 13.88 13.89 13.88 11 19450.00 1935990414.00
21/11/2016 13.88 13.88 13.88 13.88 13 10495.00 1045178172.00
22/11/2016 13.88 13.88 13.88 13.88 22 25315.00 2522375971.00
23/11/2016 13.88 13.88 13.88 13.88 10 9580.00 955039872.00
24/11/2016 13.88 13.88 13.89 13.89 20 82845.00 8263156815.00
25/11/2016 13.89 13.88 13.89 13.89 5 7655.00 763921771.00
28/11/2016 13.88 13.88 13.88 13.88 9 15245.00 1522142975.00
29/11/2016 13.88 13.88 13.88 13.88 17 101845.00 10174002685.00
30/11/2016 13.88 13.87 13.88 13.88 14 45715.00 4569143445.00
