08/12/2016 11.97 11.97 11.97 11.97 1 200.00 17910076.00
12/12/2016 11.90 11.90 11.90 11.90 1 670.00 60088983.00
14/12/2016 11.90 11.90 11.90 11.90 1 5.00 448825.00
20/12/2016 11.70 11.70 11.70 11.70 2 50.00 4503876.00
29/12/2016 11.65 11.65 11.65 11.65 8 300.00 27117570.00
02/01/2017 11.54 11.54 11.54 11.54 1 1300.00 117717678.00
03/01/2017 11.55 11.55 11.57 11.57 18 1500.00 135873289.00
06/01/2017 11.47 11.47 11.48 11.48 3 110.00 9983530.00
10/01/2017 11.48 11.47 11.48 11.47 88 1080.00 98103830.00
11/01/2017 11.42 11.42 11.42 11.42 1 1300.00 118187368.00
18/01/2017 11.14 11.14 11.14 11.14 1 5.00 456531.00
30/01/2017 11.06 11.06 11.06 11.06 1 5.00 458338.00
31/01/2017 10.96 10.96 10.96 10.96 1 5.00 458870.00
08/02/2017 10.82 10.82 10.82 10.82 1 100.00 9209470.00
09/02/2017 10.83 10.81 10.83 10.81 5 410.00 37773860.00
10/02/2017 10.78 10.78 10.78 10.78 1 5020.00 462825124.00
13/02/2017 10.77 10.77 10.77 10.77 1 2675.00 246742749.00
15/02/2017 10.74 10.74 10.74 10.74 1 655.00 60479254.00
16/02/2017 10.74 10.74 10.74 10.74 11 550.00 50804666.00
21/02/2017 10.62 10.58 10.62 10.58 2 3650.00 337874020.00
22/02/2017 10.58 10.55 10.58 10.55 2 2050.00 189880896.00
23/02/2017 10.45 10.45 10.45 10.45 3 1940.00 179922234.00
02/03/2017 10.40 10.40 10.40 10.40 10 460.00 42726916.00
03/03/2017 10.40 10.40 10.40 10.40 3 8340.00 774961723.00
06/03/2017 10.33 10.33 10.33 10.33 1 1100.00 102301199.00
10/03/2017 10.26 10.19 10.26 10.20 9 790.00 73649716.00
13/03/2017 10.15 10.15 10.15 10.15 1 100.00 9329201.00
14/03/2017 10.16 10.16 10.16 10.16 2 200.00 18664352.00
15/03/2017 10.11 10.11 10.11 10.11 2 35.00 3268569.00
17/03/2017 10.13 10.13 10.13 10.13 1 4935.00 461161932.00
20/03/2017 10.12 10.12 10.12 10.12 4 210.00 19632671.00
21/03/2017 10.10 10.10 10.10 10.10 3 4915.00 459731799.00
22/03/2017 10.08 10.08 10.08 10.08 3 2135.00 199801711.00
23/03/2017 10.09 10.08 10.09 10.08 4 3780.00 353860109.00
24/03/2017 10.05 10.05 10.05 10.05 2 320.00 29975270.00
27/03/2017 9.98 9.95 9.98 9.95 4 15580.00 1460871235.00
28/03/2017 9.94 9.94 9.95 9.95 2 70.00 6566346.00
29/03/2017 9.96 9.93 9.96 9.93 2 15.00 1407637.00
30/03/2017 9.99 9.99 9.99 9.99 1 5.00 469260.00
31/03/2017 9.98 9.97 9.98 9.98 22 2630.00 246945578.00
04/04/2017 9.90 9.90 9.91 9.91 9 6710.00 630764494.00
05/04/2017 9.87 9.87 9.87 9.87 2 7500.00 705435600.00
06/04/2017 9.89 9.89 9.90 9.90 3 805.00 75734441.00
07/04/2017 9.88 9.88 9.88 9.88 1 5.00 470614.00
10/04/2017 9.77 9.77 9.77 9.77 1 5.00 471091.00
11/04/2017 9.72 9.72 9.72 9.72 9 2010.00 189503724.00
12/04/2017 9.75 9.75 9.75 9.75 9 2850.00 268759603.00
13/04/2017 9.75 9.75 9.75 9.75 1 5.00 471668.00
17/04/2017 9.74 9.74 9.74 9.74 6 1105.00 104283181.00
18/04/2017 9.60 9.60 9.66 9.66 3 6535.00 617448382.00
19/04/2017 9.63 9.63 9.63 9.63 2 685.00 64733753.00
20/04/2017 9.64 9.64 9.64 9.64 1 10.00 945310.00
24/04/2017 9.72 9.72 9.72 9.72 1 15.00 1417855.00
25/04/2017 9.64 9.62 9.64 9.62 3 3315.00 313616574.00
26/04/2017 9.62 9.62 9.62 9.62 1 5.00 473238.00
27/04/2017 9.59 9.59 9.59 9.59 1 5.00 473474.00
28/04/2017 9.60 9.60 9.60 9.60 2 20.00 1894536.00
02/05/2017 9.55 9.55 9.55 9.55 2 20.00 1895695.00
03/05/2017 9.52 9.52 9.52 9.52 10 3500.00 331926385.00
04/05/2017 9.56 9.55 9.56 9.55 9 2515.00 238548416.00
05/05/2017 9.50 9.50 9.52 9.52 8 7690.00 729813331.00
08/05/2017 9.52 9.52 9.52 9.52 6 11875.00 1127368574.00
09/05/2017 9.48 9.48 9.48 9.48 6 1795.00 170507602.00
10/05/2017 9.40 9.40 9.41 9.41 8 13510.00 1284305382.00
11/05/2017 9.32 9.31 9.32 9.31 12 6560.00 624117584.00
12/05/2017 9.26 9.26 9.26 9.26 2 2010.00 191350110.00
15/05/2017 9.17 9.15 9.17 9.15 10 4015.00 382539868.00
16/05/2017 9.11 9.09 9.12 9.12 23 3515.00 335143739.00
17/05/2017 9.07 9.07 9.11 9.11 2 6485.00 618601954.00
19/05/2017 9.90 9.90 9.90 9.90 1 15.00 1426028.00
22/05/2017 9.83 9.83 9.83 9.83 1 40.00 3805456.00
23/05/2017 9.75 9.70 9.77 9.70 185 3520.00 335136367.00
24/05/2017 9.69 9.65 9.69 9.66 20 1215.00 115767916.00
25/05/2017 9.63 9.63 9.64 9.64 3 5180.00 493824500.00
26/05/2017 9.49 9.42 9.49 9.42 5 4360.00 416139342.00
29/05/2017 9.41 9.41 9.41 9.41 1 10.00 955006.00
30/05/2017 9.44 9.42 9.45 9.42 9 1420.00 135653052.00
31/05/2017 9.41 9.37 9.41 9.37 19 7185.00 686697886.00
01/06/2017 9.43 9.43 9.48 9.47 67 7985.00 763255933.00
02/06/2017 9.49 9.49 9.49 9.49 4 515.00 49235261.00
05/06/2017 9.52 9.51 9.53 9.51 5 1625.00 155388397.00
06/06/2017 9.42 9.41 9.44 9.41 43 18430.00 1763755494.00
07/06/2017 9.40 9.40 9.42 9.41 6 5780.00 553393250.00
08/06/2017 9.41 9.41 9.41 9.41 1 15.00 1436606.00
09/06/2017 9.32 9.30 9.32 9.31 24 11765.00 1127640395.00
12/06/2017 9.29 9.27 9.29 9.27 172 15555.00 1491671082.00
13/06/2017 9.30 9.29 9.32 9.31 22 10235.00 981703939.00
14/06/2017 9.29 9.29 9.30 9.30 11 14525.00 1393804600.00
16/06/2017 9.27 9.23 9.27 9.23 23 925.00 88808772.00
