20/06/2016 5.19 5.19 5.34 5.21 1297 391240.94 2045308.00
21/06/2016 5.20 5.00 5.27 5.19 2527 774379.26 3997340.00
22/06/2016 5.19 5.11 5.30 5.21 1646 464690.69 2423371.00
23/06/2016 5.26 5.21 5.41 5.28 1390 571287.54 3005389.00
24/06/2016 5.13 5.04 5.25 5.07 1013 518673.10 2664300.00
27/06/2016 5.09 4.87 5.09 4.92 1610 419442.28 2066896.00
28/06/2016 4.95 4.91 5.07 5.03 1188 286748.67 1437016.00
29/06/2016 5.08 4.98 5.26 5.23 1778 558344.39 2872989.00
30/06/2016 5.25 5.09 5.28 5.19 1248 529722.13 2731653.00
01/07/2016 5.18 5.14 5.46 5.42 1410 638423.56 3362902.00
04/07/2016 5.42 5.32 5.53 5.44 1326 378823.93 2052051.00
05/07/2016 5.42 5.32 5.48 5.39 1916 654839.26 3532578.00
06/07/2016 5.33 5.27 5.41 5.31 1317 367880.13 1958592.00
07/07/2016 5.34 5.28 5.41 5.35 1782 538350.90 2872890.00
08/07/2016 5.42 5.32 5.50 5.40 1311 556400.00 3002669.00
11/07/2016 5.49 5.49 5.75 5.64 2291 637200.00 3599042.00
12/07/2016 5.64 5.51 5.75 5.54 2041 548800.00 3063774.00
13/07/2016 5.56 5.51 5.63 5.61 1089 286600.00 1598808.00
14/07/2016 5.65 5.56 5.97 5.85 2527 808700.00 4591126.00
15/07/2016 5.90 5.73 5.95 5.78 2186 600400.00 3497575.00
18/07/2016 5.78 5.73 5.95 5.95 1213 530400.00 3105720.00
19/07/2016 5.98 5.98 6.22 6.22 1523 502300.00 3082991.00
20/07/2016 6.21 6.05 6.42 6.39 1573 539700.00 3398807.00
21/07/2016 6.38 6.20 6.39 6.32 2099 477700.00 2995141.00
22/07/2016 6.30 6.27 6.47 6.47 937 236100.00 1509159.00
25/07/2016 6.47 6.22 6.50 6.32 2816 519900.00 3281496.00
26/07/2016 6.32 6.25 6.38 6.36 756 149900.00 947046.00
27/07/2016 6.36 6.22 6.40 6.22 1111 321200.00 2014893.00
28/07/2016 6.25 6.07 6.35 6.34 881 214100.00 1330194.00
29/07/2016 6.34 6.21 6.40 6.40 980 253200.00 1609073.00
01/08/2016 6.40 6.01 6.49 6.11 1491 395700.00 2480308.00
02/08/2016 6.12 5.82 6.20 6.20 1143 348500.00 2095278.00
03/08/2016 6.20 6.04 6.29 6.29 1024 289200.00 1786451.00
04/08/2016 6.30 6.23 6.48 6.48 1291 302400.00 1927556.00
05/08/2016 6.49 6.26 6.59 6.30 1356 747200.00 4724089.00
08/08/2016 6.30 6.13 6.34 6.26 819 191400.00 1188181.00
09/08/2016 6.26 6.13 6.31 6.23 895 572500.00 3556915.00
10/08/2016 6.23 5.90 6.35 5.90 997 4204700.00 25036669.00
11/08/2016 5.91 5.84 6.03 5.90 1510 774100.00 4583589.00
12/08/2016 5.94 5.86 6.00 6.00 1749 891700.00 5278505.00
15/08/2016 6.00 5.96 6.12 6.05 1186 281800.00 1696909.00
16/08/2016 6.08 5.90 6.08 6.00 614 212500.00 1266444.00
17/08/2016 6.01 5.63 6.06 5.75 1361 692800.00 4027447.00
18/08/2016 5.77 5.52 5.85 5.66 2330 914400.00 5145492.00
19/08/2016 5.67 5.58 5.89 5.81 2159 1102800.00 6362671.00
22/08/2016 5.81 5.62 5.87 5.73 1099 1165400.00 6699636.00
23/08/2016 5.80 5.73 5.96 5.85 1184 1321800.00 7743720.00
24/08/2016 5.92 5.68 5.92 5.85 743 479100.00 2791315.00
25/08/2016 5.90 5.73 5.91 5.80 1373 322900.00 1864793.00
26/08/2016 5.84 5.67 5.84 5.72 1866 698400.00 4013190.00
29/08/2016 5.73 5.65 5.83 5.73 1152 312300.00 1791708.00
30/08/2016 5.77 5.65 5.80 5.74 871 1909600.00 10809252.00
31/08/2016 5.84 5.75 5.89 5.89 1415 1212100.00 7047089.00
01/09/2016 5.96 5.80 6.00 5.94 1066 593400.00 3499863.00
02/09/2016 6.01 5.90 6.09 6.09 1032 251300.00 1515196.00
05/09/2016 6.09 6.07 6.20 6.14 1875 468800.00 2883537.00
06/09/2016 6.14 6.08 6.24 6.19 1381 328300.00 2020823.00
08/09/2016 6.22 6.11 6.26 6.25 1799 688900.00 4284427.00
09/09/2016 6.25 6.10 6.29 6.15 1682 427100.00 2629870.00
12/09/2016 6.15 5.85 6.15 5.89 1592 835200.00 4954633.00
13/09/2016 5.78 5.56 5.83 5.60 1728 769700.00 4341143.00
14/09/2016 5.61 5.53 5.71 5.63 2002 808600.00 4558222.00
15/09/2016 5.70 5.61 5.78 5.76 1384 344900.00 1965454.00
16/09/2016 5.64 5.64 5.84 5.75 2079 680100.00 3889704.00
19/09/2016 5.83 5.69 5.83 5.76 770 239600.00 1376462.00
20/09/2016 5.76 5.69 5.88 5.75 1402 418200.00 2417516.00
21/09/2016 5.85 5.73 5.95 5.92 1108 328900.00 1906806.00
22/09/2016 5.99 5.91 6.09 6.00 1052 409600.00 2448913.00
23/09/2016 5.97 5.91 6.05 5.93 2238 682500.00 4068647.00
26/09/2016 5.94 5.72 5.94 5.73 996 545400.00 3159327.00
27/09/2016 5.80 5.65 5.84 5.80 1527 501300.00 2867115.00
28/09/2016 5.78 5.78 5.93 5.89 1616 522800.00 3066890.00
29/09/2016 5.90 5.80 6.00 5.93 1839 571300.00 3398872.00
30/09/2016 5.99 5.75 5.99 5.79 2052 501800.00 2930559.00
03/10/2016 5.77 5.75 5.95 5.90 1102 311700.00 1821753.00
04/10/2016 5.98 5.76 5.99 5.78 1861 1314700.00 7685859.00
05/10/2016 5.80 5.65 5.85 5.68 1721 745600.00 4274519.00
06/10/2016 5.71 5.42 5.73 5.62 2392 806900.00 4528810.00
07/10/2016 5.65 5.62 5.74 5.70 2095 547200.00 3114646.00
10/10/2016 5.78 5.62 5.83 5.69 1849 522800.00 2984401.00
11/10/2016 5.67 5.58 5.72 5.65 1740 421000.00 2384701.00
13/10/2016 5.68 5.50 5.68 5.54 1597 513600.00 2856969.00
14/10/2016 5.56 5.41 5.63 5.50 1360 680200.00 3774148.00
17/10/2016 5.49 5.36 5.53 5.46 1622 609300.00 3330496.00
18/10/2016 5.50 5.42 5.53 5.52 3061 763100.00 4184126.00
19/10/2016 5.52 5.51 5.67 5.56 1733 470200.00 2619444.00
20/10/2016 5.68 5.39 5.70 5.48 2331 3779500.00 20704629.00
21/10/2016 5.45 5.45 5.57 5.55 1458 902200.00 4997105.00
24/10/2016 5.55 5.52 5.63 5.57 1477 423400.00 2360615.00
25/10/2016 5.57 5.46 5.67 5.56 1416 389900.00 2168469.00
26/10/2016 5.56 5.55 5.74 5.64 2335 480400.00 2725348.00
27/10/2016 5.67 5.60 5.72 5.70 1107 291000.00 1651445.00
28/10/2016 5.71 5.60 5.74 5.62 1376 229000.00 1301143.00
31/10/2016 5.61 5.48 5.65 5.52 1202 518800.00 2868514.00
01/11/2016 5.50 5.39 5.55 5.40 1645 546300.00 2976252.00
03/11/2016 5.40 5.08 5.40 5.08 1793 880000.00 4572168.00
04/11/2016 5.11 4.95 5.26 5.12 2140 736300.00 3768777.00
07/11/2016 5.25 5.15 5.41 5.37 1086 551900.00 2905340.00
08/11/2016 5.43 5.22 5.46 5.25 1380 430500.00 2281711.00
09/11/2016 5.25 5.03 5.25 5.13 1305 550100.00 2831426.00
10/11/2016 5.15 4.85 5.21 5.03 1878 855200.00 4344515.00
11/11/2016 5.00 4.54 5.07 4.54 1236 546400.00 2622447.00
14/11/2016 4.55 4.44 4.62 4.51 1723 392200.00 1773510.00
16/11/2016 4.51 4.27 4.59 4.50 1580 708100.00 3110341.00
17/11/2016 4.59 4.47 4.60 4.52 1117 693300.00 3167464.00
18/11/2016 4.60 4.29 4.60 4.34 1875 651800.00 2893816.00
21/11/2016 4.40 4.31 4.50 4.44 1751 470500.00 2068421.00
22/11/2016 4.53 4.30 4.57 4.35 3274 876700.00 3869062.00
23/11/2016 4.34 4.30 4.41 4.38 1923 382000.00 1663729.00
24/11/2016 4.41 4.35 4.50 4.45 2566 658700.00 2922732.00
25/11/2016 4.36 4.33 4.43 4.42 2494 941100.00 4131755.00
28/11/2016 4.40 4.35 4.54 4.50 1756 439600.00 1958291.00
29/11/2016 4.53 4.41 4.54 4.50 973 466900.00 2092226.00
30/11/2016 4.51 4.50 4.68 4.64 1895 744700.00 3446016.00
01/12/2016 4.67 4.31 4.67 4.31 2580 658000.00 2905823.00
02/12/2016 4.31 4.16 4.54 4.34 2887 1557300.00 6784927.00
05/12/2016 4.36 4.22 4.40 4.28 1855 651600.00 2790601.00
06/12/2016 4.30 4.20 4.46 4.40 1934 516900.00 2231585.00
07/12/2016 4.40 4.40 4.61 4.42 3160 1007100.00 4560609.00
08/12/2016 4.49 4.34 4.57 4.37 1658 463300.00 2064487.00
09/12/2016 4.43 4.36 4.58 4.58 2417 573800.00 2581468.00
12/12/2016 4.52 4.40 4.57 4.40 1349 385800.00 1723861.00
13/12/2016 4.40 4.32 4.67 4.46 1736 446300.00 2012976.00
14/12/2016 4.49 4.32 4.54 4.32 1681 325300.00 1437081.00
15/12/2016 4.35 4.21 4.43 4.39 1410 547200.00 2348724.00
16/12/2016 4.43 4.32 4.49 4.35 2311 430200.00 1883187.00
19/12/2016 4.41 4.23 4.41 4.32 806 195200.00 839466.00
20/12/2016 4.32 4.18 4.34 4.22 2053 508200.00 2154931.00
21/12/2016 4.25 4.20 4.29 4.27 1943 322000.00 1364109.00
22/12/2016 4.27 4.25 4.37 4.36 1994 497200.00 2146940.00
23/12/2016 4.40 4.33 4.48 4.43 1481 236800.00 1043572.00
26/12/2016 4.48 4.43 4.65 4.65 694 142600.00 643165.00
27/12/2016 4.64 4.53 4.82 4.63 2025 539700.00 2495751.00
28/12/2016 4.60 4.60 4.79 4.76 2357 504800.00 2359125.00
29/12/2016 4.77 4.55 4.77 4.56 3725 1234900.00 5678439.00
02/01/2017 4.56 4.43 4.65 4.61 993 224000.00 1015273.00
03/01/2017 4.66 4.66 4.97 4.93 2285 457000.00 2217799.00
04/01/2017 4.93 4.79 5.01 4.93 2385 697100.00 3386409.00
05/01/2017 4.91 4.83 4.99 4.83 1766 785200.00 3880739.00
06/01/2017 4.86 4.74 4.89 4.85 1452 385200.00 1859108.00
09/01/2017 4.89 4.89 5.04 4.95 1617 524200.00 2599297.00
10/01/2017 4.97 4.76 5.00 4.84 2721 688000.00 3382825.00
11/01/2017 4.89 4.80 4.96 4.81 2050 415600.00 2005616.00
12/01/2017 4.90 4.90 5.07 4.94 1798 491800.00 2457960.00
13/01/2017 5.06 5.06 5.35 5.26 4149 1978200.00 10398983.00
16/01/2017 5.27 5.27 5.37 5.32 3045 1036000.00 5518911.00
17/01/2017 5.35 5.30 5.70 5.58 4942 1286900.00 7122164.00
18/01/2017 5.70 5.41 5.75 5.41 2428 704300.00 3921142.00
19/01/2017 5.41 5.15 5.48 5.44 4719 879600.00 4644975.00
20/01/2017 5.44 5.33 5.54 5.46 3570 602000.00 3259834.00
23/01/2017 5.48 5.35 5.52 5.47 2625 707600.00 3840063.00
24/01/2017 5.44 5.44 5.65 5.65 2174 512300.00 2843717.00
26/01/2017 5.65 5.61 5.99 5.89 5020 1528900.00 8878841.00
27/01/2017 5.90 5.80 6.04 5.85 4854 1104100.00 6544934.00
30/01/2017 5.88 5.60 5.88 5.70 3224 733600.00 4195476.00
31/01/2017 5.74 5.65 5.91 5.91 3620 926800.00 5397266.00
01/02/2017 5.94 5.76 5.96 5.88 2936 1006700.00 5889080.00
02/02/2017 5.88 5.85 6.03 5.93 2463 505500.00 3014996.00
03/02/2017 5.93 5.93 6.27 6.18 1966 1212700.00 7487344.00
06/02/2017 6.30 6.11 6.48 6.14 3049 1358400.00 8557293.00
07/02/2017 6.24 5.95 6.25 5.99 1890 525900.00 3193658.00
08/02/2017 6.01 5.87 6.09 5.97 2311 637000.00 3815747.00
09/02/2017 6.02 5.93 6.02 6.00 1844 469700.00 2814020.00
10/02/2017 6.01 5.85 6.11 6.01 2662 884100.00 5277195.00
13/02/2017 6.05 5.87 6.11 5.90 3074 680000.00 4034061.00
14/02/2017 5.93 5.70 5.95 5.70 3323 3519400.00 20194576.00
15/02/2017 5.75 5.73 5.92 5.80 2698 871300.00 5059351.00
16/02/2017 5.80 5.77 5.96 5.87 2595 853900.00 5017587.00
17/02/2017 5.96 5.80 5.96 5.93 1254 736800.00 4345845.00
20/02/2017 5.93 5.91 6.05 6.00 1608 943000.00 5661059.00
21/02/2017 6.05 5.87 6.10 5.95 2212 674200.00 4010472.00
22/02/2017 5.98 5.79 5.99 5.85 3792 1138200.00 6675463.00
23/02/2017 5.91 5.52 5.91 5.58 2916 1207600.00 6835976.00
24/02/2017 5.48 5.38 5.65 5.63 3373 1317900.00 7377433.00
01/03/2017 5.70 5.60 5.75 5.68 3290 612400.00 3480702.00
02/03/2017 5.70 5.50 5.71 5.55 3484 989400.00 5542930.00
03/03/2017 5.57 5.37 5.57 5.47 2810 1035400.00 5647948.00
06/03/2017 5.47 5.39 5.62 5.51 2775 990200.00 5434829.00
07/03/2017 5.59 5.45 5.59 5.49 2041 690700.00 3809179.00
08/03/2017 5.50 5.30 5.50 5.30 2292 765200.00 4112236.00
09/03/2017 5.21 5.15 5.39 5.15 3279 1049500.00 5535475.00
10/03/2017 5.20 5.20 5.46 5.46 3501 2555100.00 13771752.00
13/03/2017 5.50 5.48 5.79 5.74 4448 1253500.00 7071031.00
14/03/2017 5.77 5.64 5.82 5.68 1714 524200.00 2996426.00
15/03/2017 5.67 5.54 5.92 5.88 2421 793100.00 4550574.00
16/03/2017 6.00 5.80 6.04 5.86 2311 727600.00 4288251.00
17/03/2017 5.93 5.66 5.93 5.76 2479 731100.00 4203402.00
20/03/2017 5.78 5.64 5.88 5.85 2573 659200.00 3837340.00
21/03/2017 5.39 5.09 5.50 5.25 7577 3209300.00 17144522.00
22/03/2017 5.33 5.15 5.44 5.35 3981 980200.00 5211307.00
23/03/2017 5.36 5.22 5.37 5.34 1814 565200.00 2999200.00
24/03/2017 5.36 5.35 5.51 5.41 2657 730500.00 3955782.00
27/03/2017 5.40 5.30 5.59 5.55 2724 723700.00 3921895.00
28/03/2017 5.58 5.44 5.59 5.50 2876 626600.00 3473602.00
29/03/2017 5.57 5.52 5.68 5.64 3236 878000.00 4938292.00
30/03/2017 5.68 5.58 5.78 5.73 2618 645100.00 3667192.00
31/03/2017 5.67 5.60 5.73 5.60 1659 924500.00 5245853.00
03/04/2017 5.60 5.58 5.71 5.67 1850 358300.00 2018100.00
04/04/2017 5.67 5.56 5.73 5.63 1632 285400.00 1612377.00
05/04/2017 5.72 5.50 5.74 5.60 3610 543800.00 3052858.00
06/04/2017 5.59 5.44 5.60 5.46 4182 907500.00 4991112.00
07/04/2017 5.48 5.47 5.60 5.54 3180 894700.00 4943551.00
10/04/2017 5.54 5.54 5.66 5.60 1844 339200.00 1897653.00
11/04/2017 5.65 5.54 5.68 5.60 1595 334200.00 1878933.00
12/04/2017 5.59 5.55 5.67 5.66 2290 660900.00 3716834.00
13/04/2017 5.70 5.59 5.70 5.60 2024 743100.00 4186011.00
17/04/2017 5.66 5.42 6.00 5.80 3780 975000.00 5641450.00
18/04/2017 5.80 5.64 5.94 5.68 3529 1391600.00 7958674.00
19/04/2017 5.74 5.70 5.82 5.79 1681 1124100.00 6473296.00
20/04/2017 5.80 5.70 5.98 5.90 2650 700100.00 4109166.00
24/04/2017 5.93 5.93 6.08 5.94 2509 839700.00 5033951.00
25/04/2017 6.00 5.89 6.04 5.94 2549 619500.00 3710780.00
26/04/2017 5.94 5.91 6.08 6.08 1808 510300.00 3068252.00
27/04/2017 6.10 6.02 6.15 6.04 1885 490500.00 2973830.00
28/04/2017 6.08 6.05 6.15 6.10 2360 456900.00 2784950.00
02/05/2017 6.08 6.08 6.30 6.30 2899 808100.00 5039583.00
03/05/2017 6.30 6.18 6.32 6.20 3071 1151800.00 7167808.00
04/05/2017 6.21 5.80 6.28 6.10 5036 2155600.00 12859368.00
05/05/2017 6.17 5.93 6.20 5.93 2878 1173400.00 7035777.00
08/05/2017 5.97 5.86 6.00 5.91 2334 722900.00 4303019.00
09/05/2017 5.97 5.95 6.10 6.09 1939 393400.00 2375125.00
10/05/2017 6.13 5.93 6.20 6.05 3056 1013500.00 6117423.00
11/05/2017 6.06 5.99 6.19 6.05 1230 299700.00 1829371.00
12/05/2017 5.97 5.93 6.46 6.40 4762 1793600.00 11321753.00
15/05/2017 6.50 6.50 6.83 6.65 5396 2316300.00 15475797.00
16/05/2017 6.72 6.53 6.74 6.65 3608 1003700.00 6661399.00
17/05/2017 6.60 6.36 6.63 6.45 2882 645900.00 4193012.00
18/05/2017 5.00 5.00 5.72 5.20 4219 2074000.00 11234742.00
19/05/2017 5.35 5.33 5.87 5.77 5925 1688700.00 9516749.00
22/05/2017 5.75 5.32 5.75 5.65 3417 993300.00 5452630.00
23/05/2017 5.69 5.41 5.69 5.41 3730 1521500.00 8383754.00
24/05/2017 5.52 5.34 5.57 5.55 6500 1382200.00 7577012.00
25/05/2017 5.54 5.32 5.58 5.33 2943 1160400.00 6262206.00
26/05/2017 5.33 5.27 5.46 5.35 4091 2058200.00 11054126.00
29/05/2017 5.39 5.19 5.43 5.22 4688 1040700.00 5475890.00
30/05/2017 5.23 5.07 5.27 5.19 6456 2283500.00 11759657.00
31/05/2017 5.19 5.10 5.25 5.11 4587 2073000.00 10692153.00
01/06/2017 5.17 5.05 5.20 5.05 2991 856600.00 4372680.00
02/06/2017 5.13 5.06 5.17 5.15 3135 774000.00 3965887.00
05/06/2017 5.12 5.06 5.30 5.26 5712 1403800.00 7310551.00
06/06/2017 5.21 5.20 5.35 5.35 2128 472200.00 2493768.00
07/06/2017 5.35 5.26 5.40 5.33 4122 1139100.00 6081688.00
08/06/2017 5.36 5.17 5.36 5.21 2176 442500.00 2305731.00
09/06/2017 5.21 5.18 5.27 5.22 2984 966300.00 5041900.00
12/06/2017 5.27 5.12 5.27 5.16 2415 702200.00 3627562.00
13/06/2017 5.24 5.14 5.30 5.20 1741 539600.00 2827874.00
14/06/2017 5.23 5.12 5.28 5.26 2606 736500.00 3828950.00
16/06/2017 5.23 5.16 5.27 5.27 1682 505100.00 2641281.00
