20/06/2016 338.85 338.85 338.85 338.85 1 300.00 101655.00
21/06/2016 333.75 333.75 333.75 333.75 1 2200.00 734250.00
22/06/2016 333.85 333.85 333.85 333.85 1 600.00 200310.00
23/06/2016 331.40 331.40 331.40 331.40 1 500.00 165700.00
24/06/2016 327.40 327.40 327.40 327.40 1 200.00 65480.00
27/06/2016 322.25 319.55 322.25 319.55 2 900.00 289485.00
28/06/2016 315.13 315.13 317.00 317.00 4 5500.00 1737572.00
29/06/2016 315.87 313.82 316.40 314.45 4 900.00 283606.00
30/06/2016 310.50 310.50 314.69 314.69 2 700.00 219445.00
01/07/2016 313.83 313.83 313.89 313.89 2 2100.00 659049.00
05/07/2016 322.11 320.46 322.11 320.46 3 2600.00 833424.00
06/07/2016 326.20 326.20 326.20 326.20 1 400.00 130480.00
07/07/2016 327.79 327.79 327.79 327.79 1 1200.00 393348.00
08/07/2016 328.83 328.83 328.94 328.94 2 1600.00 526238.00
11/07/2016 328.81 328.81 328.96 328.96 2 500.00 164450.00
12/07/2016 327.62 327.62 330.50 330.50 2 1100.00 363262.00
13/07/2016 328.02 326.75 328.02 326.75 2 400.00 131081.00
14/07/2016 322.63 322.63 322.63 322.63 1 300.00 96789.00
15/07/2016 324.51 324.51 324.83 324.83 2 300.00 97417.00
18/07/2016 325.20 324.02 325.20 324.02 2 1100.00 357366.00
19/07/2016 325.41 325.41 325.41 325.41 1 300.00 97623.00
20/07/2016 319.21 319.21 319.21 319.21 1 800.00 255368.00
21/07/2016 323.50 322.00 323.50 322.00 2 2700.00 873000.00
22/07/2016 322.32 319.50 322.32 319.50 2 2600.00 836622.00
25/07/2016 321.62 319.22 321.62 319.68 3 3000.00 964186.00
26/07/2016 317.35 317.35 317.35 317.35 1 300.00 95205.00
27/07/2016 315.65 315.65 315.65 315.65 1 600.00 189390.00
28/07/2016 315.48 315.48 316.30 316.30 2 1500.00 473302.00
29/07/2016 311.42 311.42 311.42 311.42 1 200.00 62284.00
01/08/2016 310.98 310.98 314.00 312.70 5 6200.00 1944579.00
02/08/2016 308.41 308.41 308.90 308.90 2 1800.00 555334.00
03/08/2016 311.10 311.10 311.10 311.10 1 900.00 279990.00
04/08/2016 305.05 304.00 305.05 304.00 2 600.00 182925.00
05/08/2016 304.24 302.98 304.24 303.75 5 1800.00 546514.00
08/08/2016 304.65 302.20 304.65 302.20 2 900.00 272715.00
09/08/2016 301.46 301.46 302.05 302.05 2 900.00 271786.00
10/08/2016 305.38 305.22 305.38 305.22 2 2000.00 610472.00
11/08/2016 306.05 306.05 306.05 306.05 1 500.00 153025.00
12/08/2016 308.36 308.36 308.36 308.36 1 300.00 92508.00
15/08/2016 307.75 307.75 307.79 307.79 2 900.00 276983.00
16/08/2016 308.30 308.30 308.30 308.30 1 500.00 154150.00
17/08/2016 309.39 309.39 309.39 309.39 1 1000.00 309390.00
18/08/2016 312.15 312.15 312.22 312.22 2 1100.00 343372.00
19/08/2016 310.00 310.00 310.00 310.00 1 800.00 248000.00
22/08/2016 307.35 307.35 307.35 307.35 1 200.00 61470.00
23/08/2016 308.25 308.25 308.25 308.25 1 100.00 30825.00
24/08/2016 308.10 307.65 308.10 307.65 2 3200.00 985290.00
25/08/2016 307.70 307.70 307.70 307.70 1 700.00 215390.00
26/08/2016 309.55 309.55 309.55 309.55 1 300.00 92865.00
29/08/2016 306.74 305.82 307.50 305.82 4 900.00 276281.00
30/08/2016 307.06 303.85 307.06 303.85 2 500.00 152567.00
31/08/2016 306.87 306.87 306.87 306.87 1 900.00 276183.00
01/09/2016 305.00 305.00 306.35 306.35 2 5400.00 1647810.00
02/09/2016 304.90 304.90 305.76 305.76 2 500.00 152708.00
06/09/2016 302.24 300.86 302.24 300.86 3 500.00 150820.00
08/09/2016 301.11 301.11 302.10 302.10 2 4700.00 1415514.00
09/09/2016 302.32 302.32 302.65 302.65 2 500.00 151292.00
12/09/2016 304.04 303.78 304.04 303.78 2 1500.00 456034.00
13/09/2016 308.60 308.60 308.60 308.60 1 100.00 30860.00
14/09/2016 307.65 307.65 307.65 307.65 1 200.00 61530.00
15/09/2016 306.90 305.92 306.90 305.92 2 600.00 184042.00
19/09/2016 303.51 303.51 303.83 303.83 2 500.00 151819.00
20/09/2016 302.48 302.48 302.48 302.48 1 300.00 90744.00
21/09/2016 297.70 295.53 297.70 295.53 2 2300.00 681238.00
22/09/2016 300.00 299.20 302.28 299.20 3 1200.00 361664.00
23/09/2016 300.17 300.17 301.45 301.45 2 600.00 180742.00
26/09/2016 296.85 296.85 298.05 298.05 2 1200.00 356700.00
27/09/2016 297.40 297.40 297.40 297.40 1 600.00 178440.00
28/09/2016 296.57 296.57 296.57 296.57 1 100.00 29657.00
29/09/2016 298.66 298.66 298.66 298.66 1 200.00 59732.00
30/09/2016 300.73 300.70 302.21 302.21 3 700.00 210795.00
03/10/2016 298.60 297.08 298.60 297.08 2 900.00 268588.00
04/10/2016 300.39 300.39 300.39 300.39 1 1400.00 420546.00
05/10/2016 298.22 298.22 298.22 298.22 1 1200.00 357864.00
06/10/2016 298.93 298.93 299.21 299.21 2 1200.00 358744.00
07/10/2016 297.45 297.45 297.45 297.45 1 300.00 89235.00
10/10/2016 297.90 296.31 298.68 296.31 3 500.00 148947.00
11/10/2016 293.80 293.80 293.80 293.80 1 200.00 58760.00
13/10/2016 290.19 290.19 291.90 291.18 3 1500.00 435825.00
14/10/2016 288.30 288.30 291.75 291.50 3 800.00 232660.00
17/10/2016 290.90 290.90 290.90 290.90 1 200.00 58180.00
19/10/2016 289.80 289.80 289.80 289.80 1 300.00 86940.00
20/10/2016 289.08 287.65 289.08 287.65 2 500.00 144111.00
21/10/2016 293.32 293.32 293.32 293.32 1 100.00 29332.00
24/10/2016 293.70 290.45 293.70 290.83 3 1100.00 320221.00
25/10/2016 290.75 287.92 290.75 287.92 2 1700.00 490596.00
26/10/2016 293.40 293.40 293.72 293.72 2 1000.00 293432.00
27/10/2016 294.50 294.50 296.06 296.06 2 700.00 206306.00
28/10/2016 299.08 299.08 299.08 299.08 1 800.00 239264.00
31/10/2016 295.47 295.47 295.47 295.47 1 900.00 265923.00
03/11/2016 304.19 301.97 304.19 301.97 3 3200.00 968632.00
04/11/2016 301.30 301.30 301.30 301.30 1 200.00 60260.00
07/11/2016 301.95 301.95 302.19 302.19 2 200.00 60414.00
08/11/2016 299.90 299.90 300.27 300.27 2 1400.00 420193.00
09/11/2016 300.62 300.62 302.55 302.55 2 1800.00 542274.00
10/11/2016 319.00 319.00 322.26 322.26 4 2600.00 836209.00
11/11/2016 326.51 326.51 326.51 326.51 1 1300.00 424463.00
14/11/2016 335.62 335.62 338.43 338.43 2 1600.00 537835.00
16/11/2016 335.87 335.87 336.35 336.35 2 500.00 168127.00
17/11/2016 333.00 333.00 336.64 336.64 2 1100.00 367392.00
18/11/2016 334.71 332.76 334.71 332.76 2 900.00 301044.00
21/11/2016 328.61 326.98 328.61 326.98 2 800.00 262562.00
22/11/2016 329.00 329.00 329.00 329.00 1 300.00 98700.00
23/11/2016 331.15 331.15 331.15 331.15 1 700.00 231805.00
25/11/2016 337.73 337.73 337.73 337.73 1 200.00 67546.00
28/11/2016 333.36 333.36 337.10 334.52 4 2000.00 670865.00
29/11/2016 337.53 337.53 337.53 337.53 1 200.00 67506.00
30/11/2016 337.00 337.00 337.00 337.00 1 400.00 134800.00
01/12/2016 342.36 341.92 342.36 341.92 2 600.00 205328.00
02/12/2016 341.96 341.96 341.96 341.96 1 300.00 102588.00
05/12/2016 341.55 341.55 344.38 344.38 2 5500.00 1893241.00
06/12/2016 341.78 341.52 341.78 341.52 2 400.00 136686.00
07/12/2016 344.71 344.71 344.71 344.71 1 400.00 137884.00
12/12/2016 348.40 348.40 348.40 348.40 1 400.00 139360.00
13/12/2016 344.79 344.79 346.11 346.11 2 1000.00 345186.00
15/12/2016 354.89 354.89 354.89 354.89 1 900.00 319401.00
16/12/2016 352.05 352.05 352.05 352.05 1 100.00 35205.00
19/12/2016 357.17 357.00 357.17 357.00 2 1200.00 428468.00
20/12/2016 355.25 355.25 355.25 355.25 1 300.00 106575.00
21/12/2016 352.79 352.79 352.79 352.79 1 200.00 70558.00
22/12/2016 347.96 346.61 347.96 346.61 2 400.00 139049.00
23/12/2016 345.04 345.04 345.04 345.04 1 700.00 241528.00
27/12/2016 343.80 343.80 343.80 343.80 1 300.00 103140.00
28/12/2016 343.43 343.33 343.43 343.33 2 1200.00 412036.00
29/12/2016 339.37 339.37 339.37 339.37 1 200.00 67874.00
03/01/2017 343.43 343.43 345.34 345.34 2 1900.00 654236.00
04/01/2017 345.32 342.74 345.32 342.74 2 900.00 308724.00
05/01/2017 344.74 344.74 344.74 344.74 1 200.00 68948.00
06/01/2017 350.61 350.61 350.61 350.61 1 1200.00 420732.00
09/01/2017 348.48 347.29 348.48 347.29 2 2300.00 799243.00
11/01/2017 345.41 345.41 345.41 345.41 1 400.00 138164.00
12/01/2017 342.84 342.84 342.84 342.84 1 300.00 102852.00
17/01/2017 348.12 346.20 348.12 346.25 3 3000.00 1039296.00
18/01/2017 348.93 348.93 348.93 348.93 1 200.00 69786.00
20/01/2017 343.38 343.38 343.38 343.38 1 300.00 103014.00
23/01/2017 340.60 338.89 340.60 339.77 3 700.00 238083.00
24/01/2017 339.64 339.64 340.14 340.14 2 800.00 271962.00
26/01/2017 345.98 345.98 345.98 345.98 1 100.00 34598.00
27/01/2017 342.71 342.71 342.71 342.71 1 200.00 68542.00
30/01/2017 341.78 341.78 344.49 344.49 2 600.00 205610.00
31/01/2017 348.88 347.04 348.88 347.04 2 900.00 312888.00
01/02/2017 351.19 351.19 351.19 351.19 1 500.00 175595.00
02/02/2017 348.29 348.29 348.29 348.29 1 300.00 104487.00
03/02/2017 345.30 344.37 345.31 344.37 3 1600.00 552301.00
06/02/2017 342.81 341.01 342.81 341.01 2 3900.00 1330839.00
07/02/2017 342.22 341.17 342.22 341.17 2 300.00 102456.00
08/02/2017 341.61 341.61 341.61 341.61 1 100.00 34161.00
09/02/2017 342.59 342.59 342.59 342.59 1 100.00 34259.00
10/02/2017 340.84 340.84 340.84 340.84 1 100.00 34084.00
13/02/2017 341.19 341.19 341.19 341.19 1 1400.00 477666.00
14/02/2017 340.44 340.44 340.44 340.44 2 500.00 170220.00
15/02/2017 340.25 340.25 340.25 340.25 1 300.00 102075.00
16/02/2017 339.11 339.11 339.11 339.11 1 300.00 101733.00
17/02/2017 339.03 339.03 339.54 339.54 2 400.00 135714.00
21/02/2017 339.20 339.20 340.42 340.42 2 1000.00 339932.00
22/02/2017 338.77 338.77 338.77 338.77 1 300.00 101631.00
23/02/2017 336.04 336.04 336.04 336.04 1 200.00 67208.00
01/03/2017 343.47 343.47 344.79 344.79 2 500.00 171999.00
03/03/2017 344.92 344.92 344.92 344.92 1 700.00 241444.00
06/03/2017 347.90 347.90 347.90 347.90 1 100.00 34790.00
07/03/2017 345.92 343.91 345.92 344.87 3 400.00 137861.00
08/03/2017 349.61 349.61 349.61 349.61 1 500.00 174805.00
09/03/2017 354.50 354.50 354.50 354.50 10 1000.00 354500.00
13/03/2017 350.26 350.26 350.92 350.92 2 2000.00 700718.00
14/03/2017 355.29 355.29 355.29 355.29 1 700.00 248703.00
15/03/2017 349.67 349.67 349.67 349.67 1 600.00 209802.00
16/03/2017 349.46 349.46 349.46 349.46 1 300.00 104838.00
17/03/2017 345.79 345.79 345.79 345.79 1 100.00 34579.00
20/03/2017 346.11 345.49 346.11 345.49 2 1500.00 518669.00
23/03/2017 351.44 351.44 357.08 353.10 4 900.00 317255.00
24/03/2017 354.18 354.18 354.18 354.18 1 400.00 141672.00
27/03/2017 353.14 350.95 353.14 350.95 2 3900.00 1376589.00
28/03/2017 354.61 354.61 354.61 354.61 1 400.00 141844.00
29/03/2017 349.03 349.03 349.03 349.03 1 100.00 34903.00
03/04/2017 351.77 351.77 353.40 353.40 2 3500.00 1235107.00
04/04/2017 352.19 350.98 352.19 350.98 2 1600.00 563020.00
05/04/2017 352.65 352.65 352.65 352.65 1 100.00 35265.00
06/04/2017 355.31 355.31 355.31 355.31 1 400.00 142124.00
07/04/2017 351.58 351.58 354.83 354.83 2 400.00 141282.00
10/04/2017 352.10 352.10 352.10 352.10 1 2100.00 739410.00
11/04/2017 353.37 353.37 353.37 353.37 1 900.00 318033.00
12/04/2017 355.41 355.41 355.41 355.41 5 500.00 177705.00
13/04/2017 356.12 356.12 356.12 356.12 1 600.00 213672.00
17/04/2017 352.25 352.25 353.84 353.84 2 900.00 317343.00
18/04/2017 352.81 352.81 352.81 352.81 1 200.00 70562.00
19/04/2017 357.80 356.35 357.80 356.35 27 3000.00 1072820.00
20/04/2017 361.19 361.19 361.19 361.19 1 100.00 36119.00
24/04/2017 357.44 357.44 358.50 357.45 11 4100.00 1465725.00
25/04/2017 362.92 362.92 362.92 362.92 1 600.00 217752.00
26/04/2017 366.62 366.62 366.62 366.62 1 400.00 146648.00
28/04/2017 367.12 367.12 367.12 367.12 1 200.00 73424.00
02/05/2017 360.29 360.29 360.29 360.29 1 1100.00 396319.00
03/05/2017 352.66 352.66 352.66 352.66 1 1200.00 423192.00
05/05/2017 355.11 355.11 355.11 355.11 1 600.00 213066.00
08/05/2017 356.82 355.14 356.82 355.14 3 4600.00 1634484.00
09/05/2017 355.50 355.50 355.50 355.50 1 300.00 106650.00
10/05/2017 345.69 345.69 347.19 347.19 2 2500.00 866475.00
11/05/2017 345.67 345.67 345.67 345.67 1 300.00 103701.00
12/05/2017 343.73 343.73 343.73 343.73 1 500.00 171865.00
15/05/2017 338.57 338.57 341.00 341.00 3 4700.00 1592778.00
16/05/2017 335.52 335.51 335.52 335.51 2 800.00 268411.00
17/05/2017 333.02 333.02 333.02 333.02 1 200.00 66604.00
18/05/2017 358.00 356.48 358.00 356.48 3 700.00 249992.00
19/05/2017 352.41 350.60 352.41 350.60 3 1500.00 528253.00
22/05/2017 353.49 353.49 353.49 353.49 1 200.00 70698.00
23/05/2017 349.90 349.90 349.90 349.90 1 400.00 139960.00
24/05/2017 351.28 351.28 351.28 351.28 1 300.00 105384.00
26/05/2017 351.95 351.85 351.95 351.85 2 5400.00 1900040.00
31/05/2017 350.27 350.09 350.27 350.09 2 600.00 210090.00
01/06/2017 349.83 349.83 349.83 349.83 1 3500.00 1224405.00
02/06/2017 348.92 348.92 348.92 348.92 1 600.00 209352.00
06/06/2017 347.86 346.81 347.86 346.81 2 1100.00 382121.00
07/06/2017 346.74 346.74 346.74 346.74 1 200.00 69348.00
08/06/2017 341.82 341.82 341.90 341.90 2 1000.00 341884.00
09/06/2017 344.84 344.84 344.84 344.84 1 800.00 275872.00
12/06/2017 354.74 353.16 354.74 353.16 2 4200.00 1488012.00
13/06/2017 352.62 352.62 352.62 352.62 1 600.00 211572.00
16/06/2017 347.34 347.34 347.34 347.34 1 500.00 173670.00
