20/06/2016 24.10 24.10 24.90 24.59 13 2610.00 64664.60
21/06/2016 25.18 24.30 25.18 24.60 12 1530.00 37540.70
22/06/2016 24.72 24.72 25.00 24.79 11 2780.00 68913.70
23/06/2016 24.96 24.96 25.53 25.53 10 510.00 12909.40
24/06/2016 24.82 24.50 24.82 24.50 13 2370.00 58161.30
27/06/2016 24.50 24.26 24.52 24.43 8 3320.00 81128.20
28/06/2016 23.81 23.81 24.97 24.97 10 940.00 23359.20
29/06/2016 24.51 24.51 25.48 25.45 14 5620.00 142679.50
30/06/2016 25.53 25.37 25.80 25.80 11 2410.00 61806.60
01/07/2016 25.56 25.56 26.49 25.90 15 2020.00 52380.40
04/07/2016 25.23 25.23 26.25 26.10 13 1440.00 37521.40
05/07/2016 26.10 25.70 26.10 25.73 19 3600.00 92943.90
06/07/2016 25.70 25.34 25.75 25.75 10 2460.00 63165.10
07/07/2016 25.32 25.32 25.93 25.60 10 1150.00 29562.50
08/07/2016 25.49 25.49 26.35 26.35 11 1050.00 27400.60
11/07/2016 26.60 26.60 26.87 26.80 13 2420.00 64734.10
12/07/2016 26.22 26.22 27.29 26.80 30 51880.00 1406944.10
13/07/2016 26.77 26.76 27.04 27.00 15 2830.00 76279.10
14/07/2016 27.29 27.29 27.61 27.40 20 3810.00 104497.60
15/07/2016 27.40 27.40 27.65 27.65 24 8610.00 237134.50
18/07/2016 26.91 26.91 28.08 28.00 14 1890.00 52722.80
19/07/2016 27.98 27.90 28.12 28.10 14 3080.00 86319.30
20/07/2016 28.39 27.51 28.40 28.20 18 5770.00 161955.90
21/07/2016 28.42 28.25 28.47 28.45 10 2800.00 79487.70
22/07/2016 28.40 28.23 28.55 28.45 17 2940.00 83537.20
25/07/2016 28.45 28.30 28.95 28.40 10 1660.00 47316.40
26/07/2016 28.28 28.20 28.82 28.70 20 3720.00 106240.50
27/07/2016 28.70 28.70 29.02 28.80 15 1620.00 46797.20
28/07/2016 29.49 28.51 29.49 28.85 13 1780.00 51230.10
29/07/2016 28.75 28.50 29.16 29.10 16 4000.00 115566.80
01/08/2016 29.50 28.83 29.50 28.83 21 3770.00 109393.10
02/08/2016 28.83 28.49 29.00 28.70 14 2770.00 79564.90
03/08/2016 28.70 28.54 29.21 29.21 15 2250.00 65119.20
04/08/2016 29.21 29.21 29.62 29.58 18 3870.00 113691.10
05/08/2016 29.60 29.40 29.71 29.60 13 2290.00 67743.00
08/08/2016 29.60 29.35 29.60 29.35 12 1590.00 46754.00
09/08/2016 29.50 29.30 29.57 29.30 13 2560.00 75416.30
10/08/2016 29.99 28.90 29.99 28.90 19 4860.00 142085.10
11/08/2016 29.06 29.06 29.66 29.60 11 3350.00 99025.10
12/08/2016 29.60 29.47 29.73 29.68 17 4690.00 138608.60
15/08/2016 29.83 29.80 30.18 30.05 20 2290.00 68818.60
16/08/2016 30.00 29.70 30.19 30.05 14 3350.00 100462.90
17/08/2016 30.05 29.73 30.07 30.05 9 570.00 17082.30
18/08/2016 30.10 30.07 30.21 30.10 12 1320.00 39774.00
19/08/2016 30.04 29.87 30.26 30.20 18 3720.00 112080.90
22/08/2016 30.01 29.40 30.11 29.40 15 2110.00 62795.70
23/08/2016 29.47 29.47 29.89 29.60 11 1900.00 56473.00
24/08/2016 29.99 29.45 29.99 29.45 7 2890.00 85758.60
25/08/2016 29.79 29.55 29.79 29.55 10 1390.00 41148.00
26/08/2016 29.57 29.55 30.08 29.55 14 1180.00 35160.70
29/08/2016 29.68 29.68 30.31 30.20 15 2530.00 76222.30
30/08/2016 30.22 30.08 30.27 30.14 10 1180.00 35597.60
31/08/2016 30.69 29.72 30.69 29.75 12 2650.00 79634.50
01/09/2016 29.75 29.74 30.08 30.01 14 4320.00 129388.50
02/09/2016 30.01 30.00 30.74 30.70 20 7170.00 219834.10
05/09/2016 30.76 30.63 30.90 30.75 15 5210.00 159957.70
06/09/2016 30.95 30.58 31.04 31.04 23 6410.00 197788.70
08/09/2016 30.92 30.70 30.94 30.70 11 2180.00 67122.70
09/09/2016 29.33 29.33 30.27 29.39 31 9620.00 287101.70
12/09/2016 29.39 29.10 29.69 29.69 16 5330.00 157246.80
13/09/2016 29.41 28.74 29.41 28.91 13 3220.00 93501.00
14/09/2016 28.91 28.80 28.94 28.80 7 550.00 15881.90
15/09/2016 28.81 28.81 29.40 29.30 15 840.00 24393.70
16/09/2016 28.80 28.80 28.96 28.80 16 2720.00 78423.60
19/09/2016 29.30 29.00 29.33 29.11 18 1990.00 58043.00
20/09/2016 29.19 29.19 29.30 29.21 5 940.00 27445.10
21/09/2016 29.50 29.40 29.71 29.71 13 1790.00 52993.70
22/09/2016 29.95 29.95 30.24 30.12 23 5380.00 161957.00
23/09/2016 29.97 29.91 30.15 29.91 16 7810.00 234519.70
26/09/2016 29.77 29.59 29.77 29.70 9 2370.00 70410.60
27/09/2016 29.34 29.34 29.93 29.80 5 740.00 22034.50
28/09/2016 29.85 29.85 30.38 30.30 16 2470.00 74498.20
29/09/2016 30.29 29.85 30.39 29.85 13 1440.00 43383.20
30/09/2016 29.85 29.60 29.85 29.60 13 3130.00 93118.10
03/10/2016 29.70 29.70 30.19 30.17 8 1000.00 30130.90
04/10/2016 30.18 29.82 30.18 30.00 10 2120.00 63533.80
05/10/2016 30.17 30.17 30.48 30.42 19 6930.00 209667.30
06/10/2016 30.18 30.16 30.50 30.50 18 4640.00 140840.80
07/10/2016 30.50 30.50 30.90 30.90 16 2900.00 89302.30
10/10/2016 30.99 30.91 31.09 31.09 16 4430.00 137357.50
11/10/2016 30.98 30.16 31.00 30.70 20 7030.00 217126.70
13/10/2016 30.40 30.00 30.95 30.75 26 6640.00 203635.10
14/10/2016 31.35 31.15 31.42 31.26 12 2260.00 70665.30
17/10/2016 31.30 31.29 31.78 31.70 18 1920.00 60595.00
18/10/2016 31.71 31.71 32.46 32.46 26 5250.00 169268.90
19/10/2016 32.50 32.12 32.50 32.12 19 2720.00 87513.40
20/10/2016 32.48 31.97 32.89 32.43 20 4030.00 130228.10
21/10/2016 32.26 32.26 32.88 32.63 20 4140.00 135098.60
24/10/2016 33.00 32.71 33.08 32.71 27 3640.00 120003.60
25/10/2016 32.90 32.67 32.96 32.96 10 3870.00 127115.00
26/10/2016 32.80 32.71 33.03 33.00 14 1150.00 37826.50
27/10/2016 33.00 33.00 33.59 33.42 17 4720.00 157723.60
28/10/2016 33.44 33.44 33.64 33.53 9 570.00 19139.70
31/10/2016 33.00 33.00 34.05 34.05 22 1830.00 62084.30
01/11/2016 34.06 33.02 34.19 33.15 23 4930.00 164841.90
03/11/2016 32.99 32.30 33.17 32.30 17 2360.00 76947.70
04/11/2016 32.30 32.30 33.36 32.50 16 3820.00 124254.40
07/11/2016 33.30 33.30 33.96 33.96 17 2640.00 89058.30
08/11/2016 33.66 33.66 34.35 34.10 16 3300.00 111765.80
09/11/2016 32.30 31.68 34.05 33.62 32 9190.00 305226.30
10/11/2016 34.00 32.05 34.00 32.80 22 6100.00 203450.40
11/11/2016 32.01 31.40 32.82 31.40 20 5340.00 169604.20
14/11/2016 32.20 31.40 32.20 32.00 23 3930.00 125009.50
16/11/2016 31.63 31.49 32.31 32.23 14 2350.00 75442.80
17/11/2016 32.00 31.73 32.59 31.73 17 5340.00 171407.00
18/11/2016 32.50 31.49 32.50 31.87 13 1120.00 35533.20
21/11/2016 31.50 31.50 32.70 32.70 23 4360.00 141376.70
22/11/2016 33.55 33.24 33.88 33.35 23 1780.00 59585.40
23/11/2016 33.33 33.09 33.42 33.15 10 4190.00 139132.80
24/11/2016 33.07 32.77 33.10 32.77 11 2070.00 68209.60
25/11/2016 32.57 32.57 33.00 33.00 8 1290.00 42219.90
28/11/2016 33.00 33.00 34.07 34.05 23 1990.00 66806.60
29/11/2016 33.68 33.58 33.71 33.58 7 630.00 21212.50
30/11/2016 33.50 33.18 33.58 33.25 13 1450.00 48368.20
01/12/2016 32.57 31.49 32.86 31.72 16 1590.00 50911.10
02/12/2016 31.40 31.40 32.48 32.48 14 2480.00 80139.90
05/12/2016 32.39 32.29 32.78 32.42 22 2120.00 68792.90
06/12/2016 32.20 32.20 32.85 32.85 11 2030.00 66298.20
07/12/2016 33.09 33.09 33.42 33.35 20 2580.00 85952.90
08/12/2016 33.35 32.83 33.53 32.90 15 2810.00 92809.60
09/12/2016 33.00 32.74 33.09 32.92 14 1320.00 43526.50
12/12/2016 32.60 32.16 32.61 32.16 13 3120.00 101349.30
13/12/2016 32.02 31.99 32.35 31.99 16 2460.00 78867.10
14/12/2016 31.41 31.41 32.00 31.55 12 910.00 28794.40
15/12/2016 31.40 31.35 31.97 31.97 8 1270.00 40298.70
16/12/2016 32.11 31.86 32.30 31.86 6 820.00 26187.80
19/12/2016 32.00 31.13 32.00 31.13 15 860.00 27130.90
20/12/2016 31.30 31.14 31.42 31.37 11 2460.00 77110.60
21/12/2016 31.03 31.03 31.51 31.44 17 3520.00 110462.80
22/12/2016 31.47 30.96 31.47 31.20 16 1960.00 61038.40
23/12/2016 31.21 31.21 31.60 31.55 9 1760.00 55503.90
26/12/2016 31.55 31.55 32.00 31.93 8 1670.00 53172.00
27/12/2016 32.14 32.01 32.18 32.02 14 2780.00 89094.30
28/12/2016 32.17 32.17 32.78 32.69 11 930.00 30334.40
29/12/2016 32.69 32.66 33.15 32.93 12 3060.00 101029.40
02/01/2017 32.92 32.50 32.92 32.65 20 6000.00 196215.60
03/01/2017 32.66 32.66 33.91 33.91 27 3370.00 112730.10
04/01/2017 33.91 33.85 34.02 34.01 24 3440.00 116756.00
05/01/2017 34.00 33.90 34.01 33.92 17 1610.00 54655.30
06/01/2017 33.92 33.65 33.97 33.75 16 1860.00 62812.30
09/01/2017 33.52 33.52 34.00 33.80 16 3310.00 112123.60
10/01/2017 34.03 33.86 34.03 33.97 17 4390.00 148915.00
11/01/2017 33.97 33.71 34.21 34.02 20 6960.00 236659.50
12/01/2017 34.50 34.50 34.98 34.84 30 15730.00 548384.20
13/01/2017 34.83 34.43 35.20 34.43 22 3300.00 114507.30
16/01/2017 34.40 34.40 34.63 34.50 19 2900.00 100201.70
17/01/2017 34.49 34.49 35.20 35.02 15 1590.00 55684.00
18/01/2017 35.50 34.70 35.50 34.70 17 3360.00 117361.40
19/01/2017 34.70 34.53 34.82 34.53 9 960.00 33203.00
20/01/2017 34.54 34.54 34.90 34.90 14 1610.00 56066.20
23/01/2017 35.04 35.04 35.77 35.76 24 7220.00 254963.70
24/01/2017 35.76 35.35 35.76 35.42 24 5150.00 182544.10
26/01/2017 35.50 35.50 36.18 36.18 22 4070.00 146429.30
27/01/2017 36.22 36.06 36.22 36.08 27 5270.00 190440.60
30/01/2017 36.07 35.34 36.07 35.35 21 5680.00 202294.60
31/01/2017 35.29 35.29 35.79 35.75 18 6280.00 223884.50
01/02/2017 35.45 35.45 36.73 35.85 27 3810.00 137048.70
02/02/2017 35.45 35.45 36.10 35.98 25 3010.00 108189.30
03/02/2017 36.69 35.88 36.69 36.05 17 2700.00 97667.60
06/02/2017 36.00 35.65 36.27 35.68 21 4220.00 151376.90
07/02/2017 35.68 35.64 35.95 35.80 24 5250.00 188061.60
08/02/2017 35.82 35.58 36.15 36.15 16 2550.00 91867.60
09/02/2017 36.15 36.08 36.40 36.40 13 1060.00 38454.70
10/02/2017 36.45 36.32 36.96 36.87 16 5020.00 184151.00
13/02/2017 37.00 36.95 37.80 37.40 28 10120.00 374844.60
14/02/2017 37.31 36.90 37.31 37.07 22 3210.00 119223.30
15/02/2017 37.78 37.43 37.93 37.93 20 4320.00 163192.80
16/02/2017 38.00 38.00 38.27 38.20 28 5950.00 227011.30
17/02/2017 38.00 37.81 38.45 38.40 226 3920.00 149333.80
20/02/2017 38.50 38.50 38.85 38.85 23 18660.00 722032.70
21/02/2017 39.09 38.96 39.26 39.20 59 8930.00 350077.50
22/02/2017 39.20 39.20 39.39 39.34 80 5470.00 214974.50
23/02/2017 38.34 38.34 39.70 38.63 44 5700.00 222259.10
24/02/2017 38.14 38.14 38.50 38.21 48 8230.00 315728.00
01/03/2017 38.23 38.23 38.99 38.64 54 4680.00 180449.60
02/03/2017 38.79 38.09 38.79 38.24 64 4200.00 160583.30
03/03/2017 38.30 38.30 38.87 38.87 74 6150.00 237055.60
06/03/2017 38.87 38.69 38.98 38.87 277 4950.00 192224.80
07/03/2017 38.84 38.57 38.85 38.60 55 6420.00 248116.70
08/03/2017 38.62 37.75 38.63 37.87 32 4790.00 181977.40
09/03/2017 37.73 37.23 37.81 37.23 183 4080.00 152879.90
10/03/2017 37.90 37.51 38.03 37.55 64 5040.00 190660.10
13/03/2017 37.55 37.55 38.14 38.12 33 2990.00 113466.70
14/03/2017 38.49 37.78 38.49 37.93 56 3940.00 150270.80
15/03/2017 37.85 37.51 38.43 38.25 70 9740.00 370148.80
16/03/2017 38.10 38.10 38.41 38.26 45 3250.00 124430.30
17/03/2017 38.56 37.46 38.56 37.69 41 1680.00 63697.70
20/03/2017 37.55 37.45 37.76 37.52 29 1300.00 48877.50
21/03/2017 37.51 36.60 37.51 36.60 13 2960.00 109543.40
22/03/2017 35.62 35.62 37.06 36.97 213 7390.00 271125.80
23/03/2017 37.83 36.89 37.83 37.10 46 2560.00 95036.90
24/03/2017 37.28 37.20 37.50 37.33 41 4520.00 168547.80
27/03/2017 37.20 37.00 37.48 37.48 23 1640.00 60977.00
28/03/2017 37.00 37.00 37.39 37.20 58 9030.00 335953.80
29/03/2017 37.25 37.19 37.78 37.73 61 4110.00 154300.00
30/03/2017 37.75 36.81 37.82 37.63 65 8700.00 328071.40
31/03/2017 37.99 37.49 37.99 37.50 46 22510.00 849721.70
03/04/2017 37.60 37.42 37.81 37.69 39 4730.00 177952.80
04/04/2017 37.66 37.43 37.68 37.66 17 5900.00 222187.20
05/04/2017 37.77 37.04 37.80 37.11 57 6530.00 244564.80
06/04/2017 37.00 36.65 37.05 36.65 12 800.00 29482.00
07/04/2017 37.16 36.71 37.16 36.86 64 3440.00 126615.40
10/04/2017 36.82 36.74 36.82 36.80 11 4110.00 151104.80
11/04/2017 37.00 36.45 37.18 36.98 19 4870.00 179927.00
12/04/2017 36.98 36.55 36.98 36.55 11 2440.00 89352.80
13/04/2017 36.45 35.77 36.51 35.77 23 12800.00 461661.60
17/04/2017 35.50 35.01 36.65 36.65 17 1770.00 64074.60
18/04/2017 37.00 36.48 37.00 36.85 16 1750.00 64272.90
19/04/2017 37.02 36.39 37.02 36.42 17 1940.00 71058.50
20/04/2017 36.70 36.42 36.70 36.52 45 2980.00 109025.80
24/04/2017 36.50 36.50 37.11 36.95 20 2480.00 91733.10
25/04/2017 36.94 36.75 37.21 37.20 11 2490.00 92220.60
26/04/2017 37.10 37.10 37.36 37.13 22 5680.00 211201.50
27/04/2017 37.99 37.11 37.99 37.22 13 2520.00 94215.50
28/04/2017 37.99 37.36 37.99 37.88 11 5870.00 221610.90
02/05/2017 36.92 36.92 38.70 38.70 26 3740.00 143415.50
03/05/2017 38.60 38.37 38.63 38.49 21 6490.00 250307.90
04/05/2017 38.25 37.35 38.25 37.43 53 4320.00 161799.90
05/05/2017 37.40 37.40 38.05 38.02 46 2060.00 78079.90
08/05/2017 38.03 37.77 38.16 37.86 93 73200.00 2778483.30
09/05/2017 38.12 38.12 38.44 38.26 61 3980.00 152292.40
10/05/2017 38.57 38.57 38.89 38.75 20 13470.00 522315.30
11/05/2017 37.74 37.74 39.13 39.08 17 3790.00 147652.40
12/05/2017 39.39 39.36 39.89 39.66 60 8140.00 322225.70
15/05/2017 39.89 39.53 39.89 39.65 20 2360.00 93552.70
16/05/2017 39.66 39.46 39.81 39.81 16 2880.00 114209.10
17/05/2017 39.81 38.81 39.81 38.98 25 8400.00 327733.50
18/05/2017 36.99 33.98 37.03 34.55 102 21290.00 746791.80
19/05/2017 34.16 34.16 35.75 35.30 39 27480.00 968359.70
22/05/2017 36.00 34.13 36.00 34.36 24 22250.00 762350.50
23/05/2017 34.90 34.41 35.12 35.12 11 720.00 25204.70
24/05/2017 34.89 34.89 36.15 35.57 18 8330.00 298214.80
25/05/2017 35.70 35.20 36.00 35.37 13 1790.00 63449.00
26/05/2017 35.98 35.98 36.10 36.08 6 1620.00 58443.40
29/05/2017 35.32 35.32 36.03 36.03 13 3280.00 117674.80
30/05/2017 36.05 36.05 36.21 36.21 3 700.00 25299.00
31/05/2017 36.02 35.66 36.03 35.73 13 3510.00 125573.50
01/06/2017 35.90 35.38 36.10 35.38 17 4120.00 147443.10
02/06/2017 35.70 35.52 35.70 35.68 13 5280.00 188121.30
05/06/2017 35.30 34.73 35.67 35.40 13 2420.00 85188.20
06/06/2017 35.53 35.50 36.00 35.90 63 660.00 23693.00
07/06/2017 36.13 35.97 36.13 36.10 9 1620.00 58435.30
08/06/2017 35.75 35.62 35.75 35.62 5 500.00 17813.40
09/06/2017 35.99 35.47 36.10 35.47 16 2610.00 93642.50
12/06/2017 35.38 34.88 35.40 35.08 17 3940.00 138802.30
13/06/2017 36.03 35.00 36.03 35.19 12 1630.00 57410.40
14/06/2017 35.50 35.23 35.60 35.41 20 1200.00 42607.20
16/06/2017 36.39 35.34 36.39 35.58 28 2150.00 76331.50
