01/06/2016 3.65 3.62 3.67 3.64 25446 251220.00 45712784250.00
02/06/2016 3.63 3.61 3.64 3.62 24107 209450.00 37961254750.00
03/06/2016 3.63 3.55 3.63 3.55 28303 250815.00 44804465000.00
06/06/2016 3.55 3.51 3.56 3.52 21120 204520.00 36124061125.00
07/06/2016 3.51 3.47 3.54 3.47 30920 278585.00 48677421000.00
08/06/2016 3.43 3.38 3.44 3.39 32511 312215.00 53228630750.00
09/06/2016 3.40 3.38 3.43 3.42 27914 262200.00 44681021625.00
10/06/2016 3.44 3.43 3.47 3.44 26083 232730.00 40141674750.00
13/06/2016 3.44 3.43 3.51 3.50 27094 216280.00 37633435000.00
14/06/2016 3.53 3.47 3.53 3.50 31655 274080.00 47981746125.00
15/06/2016 3.48 3.46 3.52 3.49 32831 313370.00 54608203375.00
16/06/2016 3.50 3.48 3.52 3.48 30075 262535.00 45902309500.00
17/06/2016 3.47 3.43 3.47 3.43 24450 324095.00 55795594375.00
20/06/2016 3.40 3.39 3.42 3.40 24679 230055.00 39118108250.00
21/06/2016 3.39 3.37 3.43 3.42 29647 289560.00 49180267125.00
22/06/2016 3.41 3.38 3.42 3.39 27275 282005.00 47831487625.00
23/06/2016 3.36 3.35 3.38 3.35 22677 238595.00 40088403500.00
24/06/2016 3.45 3.36 3.46 3.38 34368 341300.00 57944370625.00
27/06/2016 3.40 3.38 3.42 3.40 28403 286120.00 48669751875.00
28/06/2016 3.36 3.30 3.36 3.31 31939 398275.00 66267309250.00
29/06/2016 3.26 3.22 3.28 3.23 34618 382065.00 62109410125.00
30/06/2016 3.27 3.21 3.27 3.24 41914 475050.00 76890361375.00
01/07/2016 3.26 3.22 3.27 3.26 33123 390620.00 63525013625.00
04/07/2016 3.26 3.26 3.30 3.30 12523 120020.00 19678188875.00
05/07/2016 3.32 3.30 3.33 3.33 27401 245755.00 40779539750.00
06/07/2016 3.34 3.34 3.37 3.36 30998 291770.00 48899875000.00
07/07/2016 3.37 3.34 3.39 3.39 28219 239860.00 40373777000.00
08/07/2016 3.35 3.31 3.37 3.32 35401 326385.00 54256103125.00
11/07/2016 3.33 3.31 3.34 3.33 22531 199110.00 33094175625.00
12/07/2016 3.31 3.28 3.32 3.31 29424 268670.00 44304816125.00
13/07/2016 3.32 3.28 3.33 3.28 27622 272840.00 45072323750.00
14/07/2016 3.26 3.23 3.28 3.27 26237 238295.00 38745526375.00
15/07/2016 3.28 3.26 3.30 3.30 24863 226210.00 37090802750.00
18/07/2016 3.28 3.26 3.29 3.27 19634 163715.00 26787860750.00
19/07/2016 3.28 3.26 3.30 3.26 24332 232645.00 38220467750.00
20/07/2016 3.26 3.25 3.28 3.27 23246 209020.00 34093428750.00
21/07/2016 3.26 3.25 3.30 3.28 28159 244545.00 40060872875.00
22/07/2016 3.29 3.26 3.30 3.26 23885 202705.00 33313521875.00
25/07/2016 3.27 3.26 3.30 3.30 20079 176430.00 29016111750.00
26/07/2016 3.30 3.27 3.30 3.28 24615 226970.00 37238128875.00
27/07/2016 3.28 3.26 3.30 3.27 27516 240985.00 39543944500.00
28/07/2016 3.27 3.26 3.30 3.29 25309 283980.00 46565870250.00
29/07/2016 3.31 3.26 3.32 3.28 37064 336055.00 55159422625.00
01/08/2016 3.28 3.28 3.31 3.30 20484 178875.00 29513614750.00
02/08/2016 3.31 3.27 3.31 3.29 27546 232390.00 38202670500.00
03/08/2016 3.30 3.27 3.32 3.27 30485 267095.00 44039222500.00
04/08/2016 3.27 3.22 3.27 3.22 27594 255990.00 41529913875.00
05/08/2016 3.22 3.19 3.23 3.19 33291 300340.00 48157529875.00
08/08/2016 3.19 3.19 3.22 3.20 25310 214955.00 34397331625.00
09/08/2016 3.19 3.15 3.20 3.17 28367 238065.00 37756828375.00
10/08/2016 3.14 3.14 3.17 3.15 28020 242480.00 38193881125.00
11/08/2016 3.17 3.15 3.17 3.16 26734 213045.00 33655809875.00
12/08/2016 3.17 3.17 3.21 3.21 30697 265330.00 42266537125.00
15/08/2016 3.20 3.18 3.21 3.20 20618 175575.00 27994810375.00
16/08/2016 3.18 3.17 3.22 3.22 29099 248785.00 39726842000.00
17/08/2016 3.23 3.21 3.25 3.22 35164 287530.00 46479854625.00
18/08/2016 3.22 3.21 3.26 3.25 29584 257600.00 41704451875.00
19/08/2016 3.26 3.22 3.26 3.22 27391 237925.00 38518735750.00
22/08/2016 3.23 3.21 3.24 3.21 21694 185780.00 29954802750.00
23/08/2016 3.20 3.19 3.25 3.24 29457 263415.00 42399318125.00
24/08/2016 3.26 3.23 3.26 3.23 24989 227185.00 36802967750.00
25/08/2016 3.23 3.22 3.25 3.24 22284 188435.00 30483585375.00
26/08/2016 3.24 3.19 3.28 3.27 46740 364400.00 58931923750.00
29/08/2016 3.28 3.23 3.29 3.23 24558 212045.00 34556477000.00
30/08/2016 3.24 3.22 3.26 3.24 29524 288790.00 46931824500.00
31/08/2016 3.26 3.25 3.29 3.25 41426 366185.00 59790259875.00
01/09/2016 3.25 3.25 3.29 3.29 29712 258900.00 42378781125.00
02/09/2016 3.28 3.25 3.30 3.28 34734 272630.00 44580159500.00
05/09/2016 3.28 3.27 3.31 3.31 13446 121110.00 19957847750.00
06/09/2016 3.30 3.22 3.31 3.22 36734 321600.00 52433012000.00
08/09/2016 3.21 3.19 3.24 3.23 41932 360785.00 57992089125.00
09/09/2016 3.25 3.25 3.31 3.29 40717 332130.00 54547921375.00
12/09/2016 3.32 3.26 3.33 3.26 43002 349345.00 57598779500.00
13/09/2016 3.28 3.28 3.35 3.33 48965 384140.00 63779417750.00
14/09/2016 3.32 3.32 3.37 3.36 47078 373325.00 62434755250.00
15/09/2016 3.35 3.31 3.38 3.32 47150 385630.00 64495444500.00
16/09/2016 3.33 3.28 3.34 3.28 42801 339045.00 56118029625.00
19/09/2016 3.28 3.27 3.29 3.29 25682 257060.00 42150229875.00
20/09/2016 3.28 3.26 3.28 3.27 27821 240860.00 39345239625.00
21/09/2016 3.25 3.21 3.26 3.21 33869 290195.00 47017268625.00
22/09/2016 3.20 3.19 3.24 3.23 32932 297540.00 47792097500.00
23/09/2016 3.22 3.21 3.26 3.25 30331 260835.00 42162360500.00
26/09/2016 3.26 3.23 3.26 3.24 25567 235225.00 38163068625.00
27/09/2016 3.23 3.22 3.25 3.24 30200 354145.00 57301320375.00
28/09/2016 3.24 3.21 3.26 3.22 35476 341335.00 55280861000.00
29/09/2016 3.22 3.22 3.27 3.26 41768 356615.00 57723844375.00
30/09/2016 3.27 3.26 3.29 3.28 35632 331040.00 54174124000.00
03/10/2016 3.27 3.22 3.28 3.24 30792 278920.00 45329979875.00
04/10/2016 3.24 3.23 3.29 3.29 39171 336460.00 54794670250.00
05/10/2016 3.27 3.24 3.28 3.25 29239 261075.00 42508201500.00
06/10/2016 3.25 3.24 3.27 3.25 29449 252975.00 41139770125.00
07/10/2016 3.26 3.21 3.26 3.24 41285 347485.00 56219578000.00
10/10/2016 3.23 3.22 3.24 3.22 21147 172460.00 27853661250.00
11/10/2016 3.23 3.21 3.24 3.21 33929 293680.00 47419242625.00
13/10/2016 3.22 3.19 3.23 3.19 31736 269260.00 43308783375.00
14/10/2016 3.19 3.18 3.22 3.22 33712 315320.00 50477145750.00
17/10/2016 3.21 3.20 3.23 3.21 23310 196880.00 31617335625.00
18/10/2016 3.20 3.19 3.21 3.19 24292 207250.00 33103793125.00
19/10/2016 3.19 3.17 3.21 3.18 27591 253405.00 40377709500.00
20/10/2016 3.18 3.14 3.18 3.15 36364 335480.00 53089869500.00
21/10/2016 3.16 3.15 3.18 3.16 27487 296115.00 46881452500.00
24/10/2016 3.15 3.12 3.16 3.13 26754 260275.00 40788715375.00
25/10/2016 3.13 3.11 3.14 3.12 34930 346900.00 54158433500.00
26/10/2016 3.13 3.12 3.16 3.14 36472 368695.00 57787096000.00
27/10/2016 3.15 3.13 3.18 3.18 37485 348490.00 54904726250.00
28/10/2016 3.17 3.16 3.21 3.21 45413 438080.00 69825823500.00
31/10/2016 3.22 3.19 3.23 3.22 34413 351805.00 56480371875.00
01/11/2016 3.21 3.21 3.28 3.26 39766 369115.00 59967192625.00
03/11/2016 3.27 3.25 3.28 3.26 36558 299195.00 48780431125.00
04/11/2016 3.28 3.24 3.29 3.26 39034 330740.00 54012541625.00
07/11/2016 3.23 3.21 3.24 3.22 26489 249090.00 40167314625.00
08/11/2016 3.23 3.18 3.24 3.19 34437 279740.00 44903219875.00
09/11/2016 3.27 3.22 3.27 3.23 51016 426270.00 69137441875.00
10/11/2016 3.23 3.23 3.42 3.40 74964 622970.00 104234456375.00
11/11/2016 3.42 3.39 3.53 3.41 55192 534170.00 92373414500.00
14/11/2016 3.46 3.44 3.49 3.45 29052 266815.00 46205564625.00
16/11/2016 3.41 3.41 3.46 3.44 38632 327870.00 56369535500.00
17/11/2016 3.42 3.40 3.44 3.43 36030 325145.00 55663596000.00
18/11/2016 3.45 3.39 3.46 3.40 36038 318105.00 54154987125.00
21/11/2016 3.39 3.35 3.39 3.36 26736 244070.00 41070764375.00
22/11/2016 3.35 3.34 3.37 3.37 28817 249455.00 41883323500.00
23/11/2016 3.37 3.36 3.43 3.40 38608 323535.00 55004792750.00
24/11/2016 3.39 3.39 3.42 3.40 15615 138190.00 23509836750.00
25/11/2016 3.43 3.41 3.47 3.42 30564 266700.00 45792053750.00
28/11/2016 3.40 3.39 3.42 3.39 27866 254975.00 43349353000.00
29/11/2016 3.39 3.38 3.42 3.40 25183 265540.00 45185234750.00
30/11/2016 3.44 3.41 3.44 3.42 38137 386520.00 66181102875.00
01/12/2016 3.42 3.41 3.51 3.50 43544 417400.00 72621088125.00
02/12/2016 3.50 3.48 3.52 3.51 35182 334195.00 58412357750.00
05/12/2016 3.51 3.45 3.51 3.45 24208 208545.00 36245507625.00
06/12/2016 3.48 3.42 3.49 3.44 32383 311845.00 53942310250.00
07/12/2016 3.42 3.40 3.44 3.41 32191 285695.00 48848271750.00
08/12/2016 3.40 3.39 3.44 3.40 28773 273590.00 46721567375.00
09/12/2016 3.41 3.37 3.43 3.40 25151 249040.00 42321404375.00
12/12/2016 3.42 3.36 3.43 3.36 29237 260605.00 44089157250.00
13/12/2016 3.37 3.34 3.38 3.35 27008 275710.00 46212632875.00
14/12/2016 3.36 3.32 3.39 3.38 31550 315305.00 52737880500.00
15/12/2016 3.41 3.38 3.42 3.38 37544 327175.00 55585677000.00
16/12/2016 3.38 3.36 3.43 3.41 27881 249820.00 42413495625.00
19/12/2016 3.40 3.37 3.41 3.37 25412 265135.00 44910299750.00
20/12/2016 3.38 3.35 3.39 3.36 25821 285355.00 48011537625.00
21/12/2016 3.36 3.33 3.36 3.34 20060 211575.00 35337423500.00
22/12/2016 3.34 3.29 3.36 3.29 24213 342095.00 56930242500.00
23/12/2016 3.29 3.26 3.30 3.28 16088 196050.00 32121842000.00
26/12/2016 3.27 3.27 3.29 3.28 4531 52400.00 8595796625.00
27/12/2016 3.29 3.27 3.29 3.28 15218 171395.00 28125332250.00
28/12/2016 3.28 3.27 3.30 3.29 16146 172910.00 28363968750.00
29/12/2016 3.30 3.27 3.30 3.28 17880 220590.00 36229190125.00
02/01/2017 3.29 3.28 3.32 3.31 8821 130105.00 21481745875.00
03/01/2017 3.31 3.28 3.32 3.29 19633 211475.00 34782290000.00
04/01/2017 3.28 3.24 3.28 3.24 20764 247555.00 40264334750.00
05/01/2017 3.25 3.22 3.25 3.22 28077 284175.00 45936575500.00
06/01/2017 3.23 3.21 3.25 3.25 22581 227230.00 36706454750.00
09/01/2017 3.25 3.21 3.25 3.22 16095 162370.00 26193940000.00
10/01/2017 3.22 3.20 3.22 3.21 16911 177920.00 28578723125.00
11/01/2017 3.22 3.20 3.25 3.22 31896 276155.00 44554314625.00
12/01/2017 3.19 3.17 3.21 3.20 29970 335370.00 53476668250.00
13/01/2017 3.20 3.20 3.24 3.24 25431 260125.00 41878816250.00
16/01/2017 3.24 3.23 3.26 3.26 11354 102305.00 16590418750.00
17/01/2017 3.22 3.21 3.24 3.23 22336 219950.00 35452264375.00
18/01/2017 3.24 3.23 3.24 3.24 18287 167040.00 27005195375.00
19/01/2017 3.24 3.20 3.24 3.21 26677 237755.00 38260879250.00
20/01/2017 3.21 3.18 3.21 3.18 21914 196190.00 31363972875.00
23/01/2017 3.17 3.16 3.19 3.17 23390 222455.00 35298271250.00
24/01/2017 3.18 3.17 3.18 3.18 17351 162435.00 25774633250.00
26/01/2017 3.17 3.16 3.20 3.18 26826 265365.00 42265704000.00
27/01/2017 3.18 3.14 3.19 3.14 24112 250215.00 39546998000.00
30/01/2017 3.14 3.11 3.15 3.13 25289 260875.00 40793174000.00
31/01/2017 3.15 3.13 3.18 3.17 36013 354005.00 55816392875.00
01/02/2017 3.16 3.15 3.18 3.15 26232 260255.00 41230280625.00
02/02/2017 3.14 3.13 3.15 3.14 25688 243070.00 38159998250.00
03/02/2017 3.15 3.12 3.16 3.14 23556 231205.00 36291471500.00
06/02/2017 3.14 3.13 3.15 3.13 16978 168985.00 26506496250.00
07/02/2017 3.15 3.13 3.15 3.14 20827 193090.00 30357296625.00
08/02/2017 3.14 3.13 3.15 3.13 21580 209875.00 32914231625.00
09/02/2017 3.14 3.13 3.15 3.15 22738 220580.00 34597748375.00
10/02/2017 3.14 3.12 3.14 3.12 24560 226320.00 35386736750.00
13/02/2017 3.12 3.12 3.14 3.12 19734 181845.00 28425049125.00
14/02/2017 3.13 3.09 3.14 3.10 38061 372870.00 58055013750.00
15/02/2017 3.10 3.06 3.10 3.07 35833 337310.00 51969138125.00
16/02/2017 3.06 3.05 3.10 3.10 34819 325165.00 49892241875.00
17/02/2017 3.10 3.09 3.11 3.11 28461 267070.00 41415141500.00
20/02/2017 3.11 3.09 3.11 3.09 10918 111070.00 17191525875.00
21/02/2017 3.10 3.09 3.11 3.10 28126 272320.00 42210663000.00
22/02/2017 3.10 3.06 3.10 3.07 28305 290985.00 44831389000.00
23/02/2017 3.07 3.05 3.08 3.06 31439 312100.00 47837433625.00
24/02/2017 3.11 3.10 3.15 3.14 43211 452350.00 70694306500.00
01/03/2017 3.15 3.12 3.15 3.12 17318 180200.00 28193227875.00
02/03/2017 3.12 3.12 3.18 3.18 37722 341050.00 53746318875.00
03/03/2017 3.18 3.14 3.19 3.14 38769 339150.00 53551147500.00
06/03/2017 3.15 3.12 3.16 3.16 24606 216030.00 33923986875.00
07/03/2017 3.15 3.13 3.15 3.14 23836 215395.00 33835953375.00
08/03/2017 3.15 3.15 3.20 3.18 42428 368215.00 58476627000.00
09/03/2017 3.20 3.18 3.22 3.21 37843 313945.00 50212202750.00
10/03/2017 3.20 3.16 3.21 3.16 40034 350215.00 55660548875.00
13/03/2017 3.15 3.15 3.18 3.17 28270 247430.00 39212191875.00
14/03/2017 3.18 3.17 3.20 3.19 32972 282660.00 45005547000.00
15/03/2017 3.18 3.11 3.19 3.12 46650 421550.00 66573830500.00
16/03/2017 3.13 3.11 3.14 3.13 36013 346645.00 54128893875.00
17/03/2017 3.12 3.10 3.14 3.10 32881 277670.00 43276827875.00
20/03/2017 3.11 3.08 3.13 3.08 31220 278660.00 43143022250.00
21/03/2017 3.08 3.07 3.10 3.10 40226 350695.00 54158020250.00
22/03/2017 3.11 3.09 3.12 3.10 35086 311270.00 48296345875.00
23/03/2017 3.11 3.10 3.15 3.15 39585 344810.00 54036491750.00
24/03/2017 3.14 3.11 3.16 3.11 37585 321860.00 50383067375.00
27/03/2017 3.12 3.12 3.14 3.13 34355 299870.00 46991998375.00
28/03/2017 3.14 3.13 3.15 3.14 31922 295645.00 46376197250.00
29/03/2017 3.14 3.12 3.14 3.12 30998 275530.00 43044976375.00
30/03/2017 3.12 3.12 3.15 3.15 31446 361890.00 56673160375.00
31/03/2017 3.18 3.14 3.20 3.14 47202 465470.00 73864152625.00
03/04/2017 3.15 3.13 3.15 3.13 27603 273265.00 42841120125.00
04/04/2017 3.15 3.11 3.16 3.11 31366 292555.00 45845942125.00
05/04/2017 3.11 3.10 3.14 3.14 37529 338535.00 52674311375.00
06/04/2017 3.14 3.12 3.17 3.16 38979 355075.00 55767271875.00
07/04/2017 3.16 3.13 3.17 3.16 39106 340710.00 53654961375.00
10/04/2017 3.16 3.14 3.16 3.15 26446 256110.00 40388422375.00
11/04/2017 3.15 3.14 3.17 3.15 39127 365600.00 57646155125.00
12/04/2017 3.16 3.13 3.17 3.14 35926 361590.00 57083048125.00
13/04/2017 3.15 3.13 3.16 3.15 34057 310890.00 48850672375.00
17/04/2017 3.11 3.10 3.12 3.11 27861 245495.00 38212036625.00
18/04/2017 3.12 3.10 3.13 3.12 32575 292780.00 45526031750.00
19/04/2017 3.12 3.12 3.16 3.16 34083 306760.00 48168417125.00
20/04/2017 3.15 3.14 3.18 3.15 33690 296260.00 46755321000.00
24/04/2017 3.13 3.12 3.14 3.13 25263 261515.00 40953060000.00
25/04/2017 3.15 3.15 3.17 3.15 36062 328425.00 51890396000.00
26/04/2017 3.16 3.16 3.21 3.18 48117 443875.00 70716472125.00
27/04/2017 3.16 3.16 3.19 3.18 31643 317255.00 50358996000.00
28/04/2017 3.21 3.20 3.24 3.20 41596 389200.00 62610450750.00
02/05/2017 3.19 3.17 3.22 3.18 34305 286185.00 45663299625.00
03/05/2017 3.19 3.16 3.19 3.19 35890 305625.00 48507833750.00
04/05/2017 3.20 3.19 3.22 3.21 37503 329350.00 52772944875.00
05/05/2017 3.21 3.19 3.22 3.20 35112 316175.00 50566210500.00
08/05/2017 3.21 3.20 3.23 3.22 23566 203315.00 32672881500.00
09/05/2017 3.22 3.20 3.22 3.21 28465 261310.00 41881448500.00
10/05/2017 3.19 3.17 3.19 3.18 31162 284380.00 45204671000.00
11/05/2017 3.18 3.16 3.18 3.16 33028 310855.00 49272194250.00
12/05/2017 3.16 3.13 3.17 3.14 35361 303160.00 47660274875.00
15/05/2017 3.12 3.11 3.13 3.13 31275 298590.00 46532113000.00
16/05/2017 3.11 3.10 3.12 3.11 31456 289300.00 44935959750.00
17/05/2017 3.11 3.11 3.15 3.15 47465 432020.00 67461792000.00
18/05/2017 3.32 3.32 3.42 3.38 47814 623485.00 105171699125.00
19/05/2017 3.30 3.25 3.36 3.26 63740 610290.00 100655545125.00
22/05/2017 3.29 3.27 3.33 3.28 49968 443405.00 73072566125.00
23/05/2017 3.29 3.26 3.30 3.28 39575 367210.00 60156802250.00
24/05/2017 3.28 3.26 3.29 3.28 45833 405385.00 66318394000.00
25/05/2017 3.28 3.27 3.30 3.28 31963 305430.00 50209311000.00
26/05/2017 3.28 3.26 3.28 3.26 33261 310095.00 50638986875.00
29/05/2017 3.26 3.26 3.28 3.26 11062 126820.00 20750293125.00
30/05/2017 3.27 3.26 3.27 3.26 26104 308755.00 50417114750.00
31/05/2017 3.28 3.25 3.28 3.25 37564 376745.00 61528717625.00
01/06/2017 3.26 3.24 3.28 3.27 33542 294950.00 48057216250.00
02/06/2017 3.27 3.24 3.28 3.27 29377 246200.00 40170348000.00
05/06/2017 3.27 3.27 3.32 3.32 29503 256465.00 42326929500.00
06/06/2017 3.32 3.29 3.32 3.30 28025 239955.00 39617477250.00
07/06/2017 3.30 3.28 3.30 3.29 26674 223705.00 36839409000.00
08/06/2017 3.29 3.28 3.31 3.28 24191 217395.00 35829793250.00
09/06/2017 3.28 3.27 3.31 3.31 28735 256150.00 42162575875.00
12/06/2017 3.30 3.29 3.34 3.33 33540 275395.00 45714409750.00
13/06/2017 3.33 3.31 3.35 3.33 36210 294460.00 49011062375.00
14/06/2017 3.32 3.28 3.33 3.29 43487 337030.00 55553994000.00
16/06/2017 3.30 3.29 3.31 3.31 23898 208845.00 34449912750.00
