08/06/2016 3.59 3.57 3.59 3.57 4 1095.00 195499125.00
09/06/2016 3.59 3.59 3.59 3.59 3 15.00 2693500.00
14/06/2016 3.69 3.68 3.69 3.68 10 6200.00 1143835000.00
15/06/2016 3.67 3.67 3.67 3.67 1 5.00 918250.00
16/06/2016 3.68 3.68 3.68 3.68 2 15.00 2762250.00
20/06/2016 3.59 3.59 3.59 3.59 2 500.00 89675000.00
05/07/2016 3.49 3.49 3.49 3.49 2 125.00 21793750.00
08/08/2016 3.32 3.32 3.32 3.32 2 50.00 8298750.00
16/08/2016 3.30 3.30 3.30 3.30 2 200.00 33010000.00
17/08/2016 3.36 3.34 3.36 3.34 5 2485.00 416412250.00
24/08/2016 3.35 3.35 3.35 3.35 4 560.00 93737500.00
30/08/2016 3.36 3.36 3.38 3.38 3 125.00 21035250.00
01/09/2016 3.36 3.36 3.36 3.36 1 5.00 840000.00
02/09/2016 3.36 3.36 3.36 3.36 1 180.00 30195000.00
05/09/2016 3.39 3.39 3.39 3.39 2 140.00 23695000.00
09/09/2016 3.36 3.36 3.38 3.38 4 1015.00 171425000.00
12/09/2016 3.41 3.41 3.41 3.41 1 5.00 851500.00
13/09/2016 3.40 3.40 3.41 3.41 2 10.00 1702375.00
14/09/2016 3.45 3.45 3.45 3.45 1 5.00 861500.00
15/09/2016 3.45 3.45 3.45 3.45 1 5.00 862500.00
16/09/2016 3.39 3.39 3.39 3.39 2 965.00 163471250.00
20/09/2016 3.36 3.36 3.36 3.36 11 9655.00 1620591750.00
21/09/2016 3.33 3.33 3.33 3.33 2 30.00 4993500.00
26/09/2016 3.33 3.33 3.33 3.33 3 205.00 34131500.00
29/09/2016 3.31 3.31 3.35 3.35 4 2945.00 487847375.00
30/09/2016 3.33 3.33 3.34 3.34 10 5885.00 980187000.00
03/10/2016 3.29 3.29 3.29 3.29 3 3880.00 637872000.00
04/10/2016 3.30 3.30 3.34 3.34 5 260.00 43289000.00
07/10/2016 3.31 3.31 3.31 3.31 1 5.00 826625.00
11/10/2016 3.29 3.29 3.29 3.29 6 6870.00 1128415000.00
14/10/2016 3.27 3.27 3.27 3.27 2 10.00 1634750.00
18/10/2016 3.26 3.25 3.26 3.25 5 480.00 78000000.00
19/10/2016 3.24 3.24 3.24 3.24 1 5.00 810500.00
20/10/2016 3.23 3.23 3.23 3.23 4 585.00 94396500.00
21/10/2016 3.23 3.22 3.23 3.22 2 60.00 9675750.00
24/10/2016 3.21 3.21 3.21 3.21 2 20.00 3213000.00
25/10/2016 3.19 3.19 3.19 3.19 1 5.00 798500.00
26/10/2016 3.19 3.19 3.19 3.19 2 205.00 32697500.00
27/10/2016 3.21 3.21 3.23 3.23 4 215.00 34505250.00
28/10/2016 3.24 3.24 3.26 3.26 4 60.00 9724625.00
31/10/2016 3.24 3.24 3.25 3.25 14 975.00 158051875.00
01/11/2016 3.26 3.26 3.31 3.30 8 2235.00 369361250.00
03/11/2016 3.29 3.29 3.29 3.29 3 1010.00 166142250.00
04/11/2016 3.30 3.30 3.30 3.30 3 2705.00 446323750.00
07/11/2016 3.26 3.26 3.26 3.26 1 20.00 3264000.00
08/11/2016 3.26 3.26 3.26 3.26 2 45.00 7328000.00
09/11/2016 3.26 3.26 3.26 3.26 3 115.00 18753000.00
10/11/2016 3.34 3.34 3.45 3.44 19 7670.00 1314172750.00
11/11/2016 3.54 3.46 3.55 3.46 32 705.00 123888625.00
14/11/2016 3.49 3.49 3.50 3.50 6 605.00 105430000.00
16/11/2016 3.49 3.46 3.49 3.47 18 1470.00 254910750.00
17/11/2016 3.47 3.45 3.47 3.47 11 7230.00 1250194500.00
18/11/2016 3.44 3.43 3.44 3.44 7 2840.00 488294000.00
21/11/2016 3.42 3.42 3.42 3.42 1 5.00 855750.00
22/11/2016 3.38 3.38 3.40 3.40 3 30.00 5085000.00
23/11/2016 3.42 3.42 3.45 3.43 12 1090.00 187159125.00
24/11/2016 3.45 3.43 3.45 3.44 8 4070.00 700806000.00
25/11/2016 3.46 3.44 3.50 3.45 29 305.00 52849625.00
28/11/2016 3.43 3.42 3.45 3.42 90 5380.00 922863000.00
29/11/2016 3.43 3.43 3.45 3.43 506 18905.00 3248858375.00
30/11/2016 3.44 3.41 3.44 3.42 38137 386520.00 66181102875.00
01/12/2016 3.42 3.41 3.51 3.50 43544 417400.00 72621088125.00
02/12/2016 3.50 3.48 3.52 3.51 35182 334195.00 58412357750.00
05/12/2016 3.51 3.45 3.51 3.45 24208 208545.00 36245507625.00
06/12/2016 3.48 3.42 3.49 3.44 32383 311845.00 53942310250.00
07/12/2016 3.42 3.40 3.44 3.41 32191 285695.00 48848271750.00
08/12/2016 3.40 3.39 3.44 3.40 28773 273590.00 46721567375.00
09/12/2016 3.41 3.37 3.43 3.40 25151 249040.00 42321404375.00
12/12/2016 3.42 3.36 3.43 3.36 29237 260605.00 44089157250.00
13/12/2016 3.37 3.34 3.38 3.35 27008 275710.00 46212632875.00
14/12/2016 3.36 3.32 3.39 3.38 31550 315305.00 52737880500.00
15/12/2016 3.41 3.38 3.42 3.38 37544 327175.00 55585677000.00
16/12/2016 3.38 3.36 3.43 3.41 27881 249820.00 42413495625.00
19/12/2016 3.40 3.37 3.41 3.37 25412 265135.00 44910299750.00
20/12/2016 3.38 3.35 3.39 3.36 25821 285355.00 48011537625.00
21/12/2016 3.36 3.33 3.36 3.34 20060 211575.00 35337423500.00
22/12/2016 3.34 3.29 3.36 3.29 24213 342095.00 56930242500.00
23/12/2016 3.29 3.26 3.30 3.28 16088 196050.00 32121842000.00
26/12/2016 3.27 3.27 3.29 3.28 4531 52400.00 8595796625.00
27/12/2016 3.29 3.27 3.29 3.28 15218 171395.00 28125332250.00
28/12/2016 3.28 3.27 3.30 3.29 16146 172910.00 28363968750.00
29/12/2016 3.27 3.26 3.27 3.26 1189 7205.00 1174484625.00
