02/06/2016 4.15 4.15 4.15 4.15 2 55.00 11418000.00
27/07/2016 3.74 3.74 3.74 3.74 1 25.00 4677500.00
01/09/2016 3.67 3.67 3.67 3.67 1 5.00 917000.00
25/10/2016 3.48 3.48 3.48 3.48 1 10.00 1741750.00
03/11/2016 3.59 3.59 3.59 3.59 1 10.00 1794500.00
19/12/2016 3.68 3.68 3.68 3.68 1 5.00 920500.00
04/01/2017 3.50 3.50 3.50 3.50 2 145.00 25360500.00
11/01/2017 3.47 3.47 3.47 3.47 1 10.00 1736500.00
30/01/2017 3.36 3.36 3.36 3.36 1 35.00 5875625.00
07/02/2017 3.36 3.36 3.36 3.36 2 595.00 99841000.00
23/02/2017 3.26 3.26 3.26 3.26 2 60.00 9784500.00
24/03/2017 3.31 3.31 3.31 3.31 1 200.00 33110000.00
30/03/2017 3.30 3.30 3.30 3.30 3 3755.00 618636250.00
28/04/2017 3.35 3.35 3.35 3.35 1 10.00 1672500.00
12/05/2017 3.26 3.26 3.26 3.26 3 300.00 48895500.00
15/05/2017 3.24 3.24 3.24 3.24 3 315.00 51030000.00
19/05/2017 3.43 3.43 3.43 3.43 2 160.00 27440000.00
23/05/2017 3.41 3.41 3.41 3.41 3 370.00 63100000.00
24/05/2017 3.41 3.41 3.42 3.41 9 1000.00 170750625.00
09/06/2017 3.39 3.39 3.39 3.39 3 1000.00 169610000.00
12/06/2017 3.43 3.43 3.43 3.43 2 190.00 32623000.00
