05/09/2016 3.41 3.41 3.41 3.41 1 125.00 21312500.00
13/09/2016 3.42 3.42 3.42 3.42 1 5.00 855250.00
14/09/2016 3.48 3.48 3.48 3.48 1 5.00 868750.00
20/09/2016 3.39 3.39 3.39 3.39 5 5000.00 847000000.00
29/09/2016 3.37 3.37 3.37 3.37 1 5.00 843000.00
30/09/2016 3.37 3.37 3.37 3.37 1 5.00 843125.00
07/10/2016 3.33 3.33 3.33 3.33 1 5.00 833500.00
19/10/2016 3.27 3.27 3.27 3.27 1 5.00 818000.00
25/10/2016 3.23 3.23 3.23 3.23 1 5.00 806500.00
26/10/2016 3.22 3.22 3.22 3.22 1 5.00 805000.00
27/10/2016 3.25 3.25 3.26 3.26 4 985.00 159820375.00
28/10/2016 3.27 3.27 3.29 3.29 4 20.00 3278500.00
01/11/2016 3.29 3.29 3.34 3.34 4 20.00 3313000.00
04/11/2016 3.34 3.34 3.34 3.34 1 5.00 834875.00
09/11/2016 3.30 3.30 3.30 3.30 2 10.00 1650500.00
10/11/2016 3.46 3.45 3.47 3.47 4 20.00 3458250.00
11/11/2016 3.55 3.54 3.55 3.54 2 10.00 1772500.00
18/11/2016 3.46 3.46 3.46 3.46 2 1505.00 260703000.00
21/11/2016 3.45 3.45 3.45 3.45 2 15.00 2589750.00
23/11/2016 3.45 3.45 3.48 3.47 3 20.00 3461000.00
24/11/2016 3.48 3.48 3.48 3.48 1 5.00 869250.00
25/11/2016 3.51 3.48 3.51 3.48 8 155.00 27010750.00
28/11/2016 3.47 3.46 3.47 3.46 7 835.00 144937750.00
29/11/2016 3.47 3.46 3.47 3.46 6 540.00 93594875.00
30/11/2016 3.46 3.46 3.46 3.46 3 1995.00 344640750.00
01/12/2016 3.50 3.50 3.54 3.52 8 2435.00 426872625.00
02/12/2016 3.54 3.54 3.54 3.54 3 1335.00 236283375.00
05/12/2016 3.51 3.49 3.51 3.49 5 65.00 11384625.00
06/12/2016 3.52 3.47 3.52 3.47 8 8850.00 1549581375.00
07/12/2016 3.44 3.44 3.46 3.46 4 1285.00 221857125.00
08/12/2016 3.45 3.43 3.46 3.44 6 110.00 18947250.00
09/12/2016 3.44 3.41 3.45 3.42 6 3030.00 517849375.00
12/12/2016 3.45 3.40 3.45 3.40 9 1095.00 186188000.00
13/12/2016 3.38 3.38 3.38 3.38 1 5.00 844125.00
14/12/2016 3.36 3.36 3.38 3.38 4 2105.00 353718000.00
15/12/2016 3.42 3.41 3.42 3.41 6 80.00 13685500.00
16/12/2016 3.41 3.41 3.45 3.44 5 25.00 4282000.00
19/12/2016 3.41 3.41 3.42 3.42 10 3570.00 609594125.00
20/12/2016 3.40 3.39 3.40 3.40 5 915.00 155452750.00
21/12/2016 3.37 3.36 3.37 3.37 12 480.00 80849000.00
22/12/2016 3.38 3.33 3.38 3.34 15 6145.00 1028876500.00
23/12/2016 3.32 3.30 3.32 3.31 15 340.00 56216250.00
26/12/2016 3.31 3.30 3.32 3.32 5 235.00 38888000.00
27/12/2016 3.31 3.30 3.32 3.30 99 2220.00 367549250.00
28/12/2016 3.31 3.30 3.32 3.31 514 9240.00 1529430000.00
29/12/2016 3.30 3.27 3.30 3.28 17880 220590.00 36229190125.00
02/01/2017 3.29 3.28 3.32 3.31 8821 130105.00 21481745875.00
03/01/2017 3.31 3.28 3.32 3.29 19633 211475.00 34782290000.00
04/01/2017 3.28 3.24 3.28 3.24 20764 247555.00 40264334750.00
05/01/2017 3.25 3.22 3.25 3.22 28077 284175.00 45936575500.00
06/01/2017 3.23 3.21 3.25 3.25 22581 227230.00 36706454750.00
09/01/2017 3.25 3.21 3.25 3.22 16095 162370.00 26193940000.00
10/01/2017 3.22 3.20 3.22 3.21 16911 177920.00 28578723125.00
11/01/2017 3.22 3.20 3.25 3.22 31896 276155.00 44554314625.00
12/01/2017 3.19 3.17 3.21 3.20 29970 335370.00 53476668250.00
13/01/2017 3.20 3.20 3.24 3.24 25431 260125.00 41878816250.00
16/01/2017 3.24 3.23 3.26 3.26 11354 102305.00 16590418750.00
17/01/2017 3.22 3.21 3.24 3.23 22336 219950.00 35452264375.00
18/01/2017 3.24 3.23 3.24 3.24 18287 167040.00 27005195375.00
19/01/2017 3.24 3.20 3.24 3.21 26677 237755.00 38260879250.00
20/01/2017 3.21 3.18 3.21 3.18 21914 196190.00 31363972875.00
23/01/2017 3.17 3.16 3.19 3.17 23390 222455.00 35298271250.00
24/01/2017 3.18 3.17 3.18 3.18 17351 162435.00 25774633250.00
26/01/2017 3.17 3.16 3.20 3.18 26826 265365.00 42265704000.00
27/01/2017 3.18 3.14 3.19 3.14 24112 250215.00 39546998000.00
30/01/2017 3.14 3.11 3.15 3.13 25289 260875.00 40793174000.00
31/01/2017 3.13 3.11 3.13 3.13 1709 13000.00 2028491625.00
