11/08/2016 3.37 3.37 3.37 3.37 2 10.00 1683000.00
13/09/2016 3.50 3.50 3.52 3.52 4 30.00 5269000.00
20/09/2016 3.45 3.45 3.45 3.45 2 1885.00 324974000.00
27/09/2016 3.41 3.41 3.41 3.41 2 1990.00 339195500.00
21/10/2016 3.31 3.31 3.31 3.31 1 30.00 4961250.00
25/10/2016 3.26 3.26 3.26 3.26 3 45.00 7337250.00
26/10/2016 3.27 3.27 3.27 3.27 2 100.00 16345000.00
10/11/2016 3.43 3.43 3.43 3.43 2 95.00 16292500.00
11/11/2016 3.58 3.58 3.58 3.58 1 5.00 895000.00
21/11/2016 3.49 3.49 3.49 3.49 2 25.00 4366250.00
01/12/2016 3.55 3.55 3.59 3.59 5 25.00 4458750.00
05/12/2016 3.56 3.56 3.56 3.56 5 30.00 5340000.00
15/12/2016 3.50 3.50 3.50 3.50 1 5.00 875250.00
16/12/2016 3.51 3.50 3.51 3.50 2 10.00 1752000.00
19/12/2016 3.47 3.47 3.47 3.47 3 1205.00 208767250.00
20/12/2016 3.45 3.45 3.46 3.46 5 1425.00 246082500.00
29/12/2016 3.34 3.34 3.34 3.34 2 70.00 11700500.00
02/01/2017 3.34 3.34 3.34 3.34 2 300.00 50160000.00
06/01/2017 3.29 3.29 3.29 3.29 2 500.00 82125000.00
10/01/2017 3.26 3.26 3.26 3.26 2 105.00 17136000.00
11/01/2017 3.26 3.26 3.26 3.26 2 150.00 24450000.00
13/01/2017 3.26 3.26 3.28 3.28 2 10.00 1634125.00
16/01/2017 3.30 3.30 3.30 3.30 2 10.00 1651250.00
17/01/2017 3.28 3.28 3.28 3.28 2 95.00 15570500.00
19/01/2017 3.27 3.27 3.27 3.27 5 2335.00 381314875.00
20/01/2017 3.26 3.25 3.26 3.25 4 275.00 44679000.00
23/01/2017 3.22 3.22 3.23 3.22 4 335.00 54011750.00
24/01/2017 3.23 3.23 3.23 3.23 1 5.00 806500.00
26/01/2017 3.23 3.23 3.24 3.24 4 745.00 120447000.00
27/01/2017 3.21 3.20 3.21 3.20 4 180.00 28844625.00
30/01/2017 3.18 3.18 3.18 3.18 3 480.00 76245000.00
31/01/2017 3.19 3.19 3.20 3.20 4 1390.00 221607750.00
01/02/2017 3.19 3.19 3.20 3.20 6 1400.00 224007625.00
02/02/2017 3.16 3.16 3.17 3.17 18 2535.00 401730625.00
03/02/2017 3.16 3.16 3.16 3.16 2 725.00 114550000.00
06/02/2017 3.17 3.16 3.17 3.16 2 570.00 90200750.00
07/02/2017 3.18 3.17 3.18 3.17 5 6175.00 979762500.00
08/02/2017 3.17 3.16 3.17 3.16 5 3455.00 546494500.00
09/02/2017 3.17 3.17 3.17 3.17 2 300.00 47572125.00
10/02/2017 3.16 3.16 3.16 3.16 4 660.00 104244000.00
13/02/2017 3.16 3.15 3.16 3.15 3 25.00 3943875.00
14/02/2017 3.14 3.13 3.14 3.13 3 230.00 36023750.00
15/02/2017 3.12 3.11 3.12 3.11 8 100.00 15564000.00
16/02/2017 3.08 3.08 3.11 3.11 8 4265.00 659311000.00
17/02/2017 3.12 3.12 3.14 3.13 21 6045.00 945672250.00
20/02/2017 3.13 3.12 3.13 3.12 6 610.00 95170250.00
21/02/2017 3.13 3.12 3.13 3.13 38 3115.00 486741375.00
22/02/2017 3.12 3.09 3.12 3.09 123 3275.00 508918750.00
23/02/2017 3.10 3.08 3.11 3.09 645 10360.00 1600479875.00
24/02/2017 3.11 3.10 3.15 3.14 43211 452350.00 70694306500.00
01/03/2017 3.15 3.12 3.15 3.12 17318 180200.00 28193227875.00
02/03/2017 3.12 3.12 3.18 3.18 37722 341050.00 53746318875.00
03/03/2017 3.18 3.14 3.19 3.14 38769 339150.00 53551147500.00
06/03/2017 3.15 3.12 3.16 3.16 24606 216030.00 33923986875.00
07/03/2017 3.15 3.13 3.15 3.14 23836 215395.00 33835953375.00
08/03/2017 3.15 3.15 3.20 3.18 42428 368215.00 58476627000.00
09/03/2017 3.20 3.18 3.22 3.21 37843 313945.00 50212202750.00
10/03/2017 3.20 3.16 3.21 3.16 40034 350215.00 55660548875.00
13/03/2017 3.15 3.15 3.18 3.17 28270 247430.00 39212191875.00
14/03/2017 3.18 3.17 3.20 3.19 32972 282660.00 45005547000.00
15/03/2017 3.18 3.11 3.19 3.12 46650 421550.00 66573830500.00
16/03/2017 3.13 3.11 3.14 3.13 36013 346645.00 54128893875.00
17/03/2017 3.12 3.10 3.14 3.10 32881 277670.00 43276827875.00
20/03/2017 3.11 3.08 3.13 3.08 31220 278660.00 43143022250.00
21/03/2017 3.08 3.07 3.10 3.10 40226 350695.00 54158020250.00
22/03/2017 3.11 3.09 3.12 3.10 35086 311270.00 48296345875.00
23/03/2017 3.11 3.10 3.15 3.15 39585 344810.00 54036491750.00
24/03/2017 3.14 3.11 3.16 3.11 37585 321860.00 50383067375.00
27/03/2017 3.12 3.12 3.14 3.13 34355 299870.00 46991998375.00
28/03/2017 3.14 3.13 3.15 3.14 31922 295645.00 46376197250.00
29/03/2017 3.14 3.12 3.14 3.12 30998 275530.00 43044976375.00
30/03/2017 3.12 3.12 3.15 3.15 31446 361890.00 56673160375.00
31/03/2017 3.16 3.15 3.17 3.17 2100 19585.00 3096432000.00
