01/06/2016 3.98 3.98 3.98 3.98 4 225.00 44726875.00
02/06/2016 3.99 3.99 3.99 3.99 2 895.00 178418250.00
09/06/2016 3.75 3.75 3.75 3.75 2 35.00 6567750.00
21/06/2016 3.73 3.73 3.73 3.73 2 905.00 168782500.00
28/06/2016 3.63 3.63 3.63 3.63 2 905.00 164031250.00
06/07/2016 3.67 3.67 3.67 3.67 3 1800.00 330570000.00
14/07/2016 3.58 3.58 3.58 3.58 2 110.00 19673500.00
21/07/2016 3.58 3.58 3.59 3.59 3 275.00 49361000.00
04/08/2016 3.55 3.51 3.55 3.51 2 550.00 97006250.00
05/08/2016 3.48 3.48 3.48 3.48 1 360.00 62676000.00
09/08/2016 3.44 3.44 3.44 3.44 2 145.00 24954500.00
24/08/2016 3.53 3.53 3.53 3.53 3 970.00 171020625.00
30/08/2016 3.54 3.54 3.54 3.54 1 75.00 13256250.00
02/09/2016 3.52 3.52 3.52 3.52 1 640.00 112704000.00
14/09/2016 3.62 3.62 3.62 3.62 1 15.00 2711250.00
05/10/2016 3.49 3.48 3.49 3.49 4 380.00 66201500.00
11/10/2016 3.45 3.45 3.45 3.45 2 200.00 34450000.00
07/11/2016 3.41 3.41 3.41 3.41 2 115.00 19633375.00
25/11/2016 3.62 3.62 3.62 3.62 1 25.00 4520000.00
02/12/2016 3.66 3.66 3.66 3.66 3 140.00 25622500.00
05/12/2016 3.66 3.66 3.66 3.66 3 140.00 25607750.00
06/12/2016 3.63 3.59 3.63 3.59 5 70.00 12614000.00
20/12/2016 3.53 3.53 3.53 3.53 2 310.00 54715000.00
23/12/2016 3.44 3.43 3.44 3.43 3 160.00 27487000.00
03/01/2017 3.41 3.41 3.42 3.42 3 180.00 30720000.00
06/01/2017 3.35 3.35 3.35 3.35 2 580.00 97150000.00
11/01/2017 3.37 3.36 3.37 3.36 4 180.00 30268500.00
12/01/2017 3.30 3.30 3.30 3.30 2 20.00 3301000.00
16/01/2017 3.36 3.36 3.36 3.36 2 235.00 39480000.00
17/01/2017 3.35 3.35 3.35 3.35 2 260.00 43582500.00
19/01/2017 3.37 3.37 3.37 3.37 3 245.00 41233500.00
01/02/2017 3.27 3.27 3.27 3.27 2 130.00 21255000.00
13/02/2017 3.23 3.23 3.23 3.23 1 110.00 17754000.00
21/02/2017 3.19 3.19 3.19 3.19 2 620.00 98859000.00
23/02/2017 3.15 3.15 3.15 3.15 4 5850.00 922545000.00
24/02/2017 3.19 3.19 3.19 3.19 7 7765.00 1239682500.00
02/03/2017 3.19 3.19 3.21 3.21 8 4000.00 642301000.00
03/03/2017 3.23 3.23 3.23 3.23 4 250.00 40366000.00
09/03/2017 3.27 3.26 3.28 3.28 6 770.00 125445750.00
10/03/2017 3.23 3.23 3.23 3.23 3 20.00 3229500.00
14/03/2017 3.26 3.26 3.26 3.26 2 135.00 21991500.00
15/03/2017 3.25 3.19 3.25 3.19 5 2485.00 401705375.00
16/03/2017 3.18 3.18 3.18 3.18 1 30.00 4770000.00
22/03/2017 3.17 3.17 3.17 3.17 2 185.00 29327125.00
24/03/2017 3.22 3.22 3.22 3.22 2 10.00 1608375.00
27/03/2017 3.20 3.20 3.20 3.20 3 15.00 2397750.00
28/03/2017 3.21 3.21 3.21 3.21 1 5.00 802125.00
29/03/2017 3.19 3.18 3.19 3.18 8 125.00 19897000.00
30/03/2017 3.20 3.19 3.22 3.22 9 250.00 39947375.00
31/03/2017 3.22 3.19 3.24 3.19 10 2040.00 326989625.00
03/04/2017 3.18 3.18 3.18 3.18 2 15.00 2384875.00
04/04/2017 3.17 3.17 3.17 3.17 2 10.00 1585500.00
05/04/2017 3.16 3.16 3.16 3.16 2 200.00 31560000.00
06/04/2017 3.19 3.17 3.21 3.21 9 60.00 9583125.00
07/04/2017 3.19 3.19 3.22 3.22 7 40.00 6396000.00
10/04/2017 3.20 3.20 3.20 3.20 3 1105.00 176834125.00
12/04/2017 3.19 3.18 3.19 3.18 6 40.00 6370500.00
17/04/2017 3.16 3.16 3.16 3.16 4 240.00 37913500.00
18/04/2017 3.15 3.15 3.17 3.17 3 200.00 31495500.00
19/04/2017 3.17 3.17 3.20 3.20 11 4570.00 729019625.00
20/04/2017 3.19 3.19 3.21 3.21 9 1070.00 171069875.00
24/04/2017 3.17 3.17 3.18 3.18 7 70.00 11114500.00
25/04/2017 3.21 3.20 3.21 3.21 5 80.00 12828000.00
26/04/2017 3.22 3.22 3.24 3.23 7 475.00 76444875.00
27/04/2017 3.22 3.22 3.23 3.23 2 795.00 128231750.00
28/04/2017 3.25 3.22 3.26 3.22 6 115.00 18652625.00
02/05/2017 3.20 3.20 3.20 3.20 2 10.00 1600500.00
03/05/2017 3.20 3.20 3.20 3.20 2 20.00 3199500.00
04/05/2017 3.21 3.21 3.24 3.23 6 2065.00 333268750.00
05/05/2017 3.24 3.24 3.24 3.24 1 5.00 809250.00
08/05/2017 3.24 3.24 3.24 3.24 2 10.00 1619000.00
10/05/2017 3.21 3.19 3.21 3.20 5 180.00 28799750.00
11/05/2017 3.19 3.19 3.20 3.19 10 5465.00 871321750.00
12/05/2017 3.17 3.16 3.17 3.16 4 1075.00 169793500.00
15/05/2017 3.14 3.13 3.14 3.14 5 2130.00 334291000.00
16/05/2017 3.13 3.12 3.13 3.13 9 3640.00 568848250.00
17/05/2017 3.14 3.14 3.17 3.16 13 2940.00 461979000.00
18/05/2017 3.34 3.34 3.41 3.41 6 165.00 27626750.00
19/05/2017 3.34 3.28 3.34 3.28 7 1905.00 316718000.00
22/05/2017 3.30 3.30 3.34 3.30 14 1950.00 322738250.00
23/05/2017 3.30 3.29 3.30 3.30 21 2675.00 440863250.00
24/05/2017 3.28 3.28 3.32 3.31 37 5010.00 827219250.00
25/05/2017 3.31 3.30 3.32 3.30 16 4325.00 716165375.00
26/05/2017 3.30 3.28 3.31 3.29 109 1465.00 240830125.00
29/05/2017 3.30 3.28 3.30 3.28 79 3140.00 517611000.00
30/05/2017 3.29 3.28 3.30 3.28 2143 34290.00 5639017375.00
31/05/2017 3.28 3.25 3.28 3.25 37564 376745.00 61528717625.00
01/06/2017 3.26 3.24 3.28 3.27 33542 294950.00 48057216250.00
02/06/2017 3.27 3.24 3.28 3.27 29377 246200.00 40170348000.00
05/06/2017 3.27 3.27 3.32 3.32 29503 256465.00 42326929500.00
06/06/2017 3.32 3.29 3.32 3.30 28025 239955.00 39617477250.00
07/06/2017 3.30 3.28 3.30 3.29 26674 223705.00 36839409000.00
08/06/2017 3.29 3.28 3.31 3.28 24191 217395.00 35829793250.00
09/06/2017 3.28 3.27 3.31 3.31 28735 256150.00 42162575875.00
12/06/2017 3.30 3.29 3.34 3.33 33540 275395.00 45714409750.00
13/06/2017 3.33 3.31 3.35 3.33 36210 294460.00 49011062375.00
14/06/2017 3.32 3.28 3.33 3.29 43487 337030.00 55553994000.00
16/06/2017 3.30 3.29 3.31 3.31 23898 208845.00 34449912750.00
