20/09/2016 3.57 3.57 3.57 3.57 2 270.00 48174750.00
21/09/2016 3.55 3.55 3.55 3.55 2 270.00 47898000.00
14/10/2016 3.47 3.47 3.47 3.47 1 5.00 866250.00
01/11/2016 3.51 3.51 3.51 3.51 2 120.00 21066000.00
08/11/2016 3.43 3.43 3.43 3.43 3 120.00 20596750.00
25/11/2016 3.67 3.67 3.67 3.67 1 85.00 15589000.00
06/12/2016 3.68 3.68 3.68 3.68 2 40.00 7358000.00
19/01/2017 3.41 3.41 3.41 3.41 2 160.00 27296000.00
20/02/2017 3.23 3.23 3.23 3.23 3 50.00 8063250.00
24/02/2017 3.23 3.23 3.23 3.23 3 70.00 11301500.00
17/03/2017 3.22 3.22 3.22 3.22 3 20.00 3215000.00
23/03/2017 3.25 3.25 3.25 3.25 1 5.00 811625.00
18/04/2017 3.19 3.19 3.19 3.19 2 200.00 31880000.00
27/04/2017 3.27 3.27 3.27 3.27 5 260.00 42495625.00
28/04/2017 3.30 3.30 3.30 3.30 2 10.00 1650000.00
04/05/2017 3.28 3.27 3.28 3.28 5 175.00 28659625.00
05/05/2017 3.28 3.28 3.28 3.28 1 5.00 818750.00
08/05/2017 3.28 3.28 3.28 3.28 6 175.00 28710250.00
10/05/2017 3.25 3.24 3.25 3.25 7 225.00 36498625.00
11/05/2017 3.23 3.23 3.23 3.23 1 95.00 15342500.00
16/05/2017 3.17 3.17 3.17 3.17 2 120.00 19008000.00
18/05/2017 3.38 3.38 3.46 3.46 12 65.00 11097625.00
19/05/2017 3.38 3.33 3.38 3.34 4 40.00 6683125.00
25/05/2017 3.37 3.37 3.37 3.37 1 5.00 841375.00
26/05/2017 3.32 3.32 3.33 3.33 2 10.00 1662500.00
29/05/2017 3.34 3.34 3.34 3.34 3 475.00 79325000.00
30/05/2017 3.33 3.33 3.33 3.33 2 165.00 27497250.00
05/06/2017 3.36 3.36 3.36 3.36 1 5.00 838750.00
06/06/2017 3.36 3.36 3.36 3.36 1 5.00 839875.00
07/06/2017 3.33 3.33 3.33 3.33 1 5.00 833000.00
08/06/2017 3.34 3.32 3.34 3.32 4 365.00 60945250.00
09/06/2017 3.33 3.33 3.33 3.33 1 130.00 21645000.00
12/06/2017 3.36 3.36 3.38 3.38 5 155.00 26170875.00
13/06/2017 3.39 3.39 3.39 3.39 2 10.00 1694500.00
14/06/2017 3.35 3.33 3.35 3.34 5 120.00 20062625.00
16/06/2017 3.34 3.34 3.34 3.34 2 30.00 5002500.00
