02/06/2016 3.69 3.69 3.69 3.69 1 150.00 27697500.00
03/06/2016 3.64 3.64 3.64 3.64 2 10.00 1819500.00
07/06/2016 3.54 3.54 3.54 3.54 3 90.00 15919500.00
13/06/2016 3.54 3.54 3.54 3.54 2 150.00 26512500.00
14/06/2016 3.54 3.54 3.54 3.54 2 70.00 12400500.00
16/06/2016 3.55 3.55 3.55 3.55 1 5.00 888500.00
17/06/2016 3.49 3.49 3.50 3.50 4 50.00 8748125.00
20/06/2016 3.46 3.46 3.46 3.46 2 40.00 6913000.00
21/06/2016 3.47 3.47 3.47 3.47 2 525.00 91087500.00
22/06/2016 3.45 3.45 3.45 3.45 1 5.00 861875.00
27/06/2016 3.45 3.45 3.46 3.46 4 905.00 156469750.00
28/06/2016 3.41 3.37 3.41 3.37 5 1070.00 180275375.00
29/06/2016 3.32 3.29 3.32 3.30 7 365.00 60346875.00
30/06/2016 3.27 3.27 3.27 3.27 6 155.00 25352875.00
01/07/2016 3.30 3.29 3.30 3.29 4 180.00 29685000.00
04/07/2016 3.31 3.31 3.31 3.31 2 50.00 8282500.00
05/07/2016 3.36 3.36 3.36 3.36 4 75.00 12596000.00
06/07/2016 3.39 3.39 3.39 3.39 4 470.00 79750250.00
08/07/2016 3.35 3.35 3.35 3.35 1 10.00 1677000.00
13/07/2016 3.34 3.33 3.34 3.33 3 165.00 27534500.00
14/07/2016 3.28 3.28 3.30 3.30 6 1045.00 171153875.00
18/07/2016 3.31 3.31 3.31 3.31 1 10.00 1654000.00
19/07/2016 3.33 3.33 3.33 3.33 1 35.00 5820500.00
20/07/2016 3.30 3.29 3.30 3.29 3 115.00 18967500.00
21/07/2016 3.29 3.29 3.33 3.32 7 840.00 139384750.00
22/07/2016 3.32 3.30 3.33 3.30 12 455.00 75468250.00
25/07/2016 3.30 3.30 3.33 3.33 26 585.00 97275500.00
26/07/2016 3.32 3.31 3.32 3.31 27 2680.00 443802375.00
27/07/2016 3.32 3.30 3.33 3.30 58 9335.00 1545146375.00
28/07/2016 3.31 3.30 3.33 3.32 770 10270.00 1702012375.00
29/07/2016 3.31 3.26 3.32 3.28 37064 336055.00 55159422625.00
01/08/2016 3.28 3.28 3.31 3.30 20484 178875.00 29513614750.00
02/08/2016 3.31 3.27 3.31 3.29 27546 232390.00 38202670500.00
03/08/2016 3.30 3.27 3.32 3.27 30485 267095.00 44039222500.00
04/08/2016 3.27 3.22 3.27 3.22 27594 255990.00 41529913875.00
05/08/2016 3.22 3.19 3.23 3.19 33291 300340.00 48157529875.00
08/08/2016 3.19 3.19 3.22 3.20 25310 214955.00 34397331625.00
09/08/2016 3.19 3.15 3.20 3.17 28367 238065.00 37756828375.00
10/08/2016 3.14 3.14 3.17 3.15 28020 242480.00 38193881125.00
11/08/2016 3.17 3.15 3.17 3.16 26734 213045.00 33655809875.00
12/08/2016 3.17 3.17 3.21 3.21 30697 265330.00 42266537125.00
15/08/2016 3.20 3.18 3.21 3.20 20618 175575.00 27994810375.00
16/08/2016 3.18 3.17 3.22 3.22 29099 248785.00 39726842000.00
17/08/2016 3.23 3.21 3.25 3.22 35164 287530.00 46479854625.00
18/08/2016 3.22 3.21 3.26 3.25 29584 257600.00 41704451875.00
19/08/2016 3.26 3.22 3.26 3.22 27391 237925.00 38518735750.00
22/08/2016 3.23 3.21 3.24 3.21 21694 185780.00 29954802750.00
23/08/2016 3.20 3.19 3.25 3.24 29457 263415.00 42399318125.00
24/08/2016 3.26 3.23 3.26 3.23 24989 227185.00 36802967750.00
25/08/2016 3.23 3.22 3.25 3.24 22284 188435.00 30483585375.00
26/08/2016 3.24 3.19 3.28 3.27 46740 364400.00 58931923750.00
29/08/2016 3.28 3.23 3.29 3.23 24558 212045.00 34556477000.00
30/08/2016 3.24 3.22 3.26 3.24 29524 288790.00 46931824500.00
31/08/2016 3.23 3.22 3.24 3.24 1144 9955.00 1610920750.00
