06/06/2016 3.96 3.96 3.96 3.96 1 5.00 990500.00
09/06/2016 3.79 3.79 3.79 3.79 2 40.00 7584000.00
14/06/2016 3.90 3.90 3.90 3.90 3 40.00 7807750.00
29/06/2016 3.66 3.66 3.66 3.66 2 10.00 1828000.00
06/07/2016 3.71 3.71 3.76 3.76 3 145.00 27247250.00
19/08/2016 3.60 3.60 3.60 3.60 2 540.00 97200000.00
17/10/2016 3.49 3.49 3.49 3.49 1 5.00 872500.00
28/10/2016 3.47 3.47 3.47 3.47 2 20.00 3471000.00
01/11/2016 3.53 3.53 3.53 3.53 2 120.00 21198000.00
07/11/2016 3.49 3.49 3.49 3.49 2 20.00 3487000.00
08/11/2016 3.45 3.45 3.45 3.45 2 140.00 24171000.00
10/11/2016 3.53 3.53 3.58 3.58 4 70.00 12467500.00
05/12/2016 3.69 3.69 3.69 3.69 2 50.00 9230000.00
06/12/2016 3.70 3.70 3.70 3.70 3 90.00 16648500.00
19/01/2017 3.43 3.43 3.43 3.43 2 160.00 27444000.00
07/03/2017 3.27 3.27 3.27 3.27 3 55.00 8993125.00
23/03/2017 3.27 3.27 3.27 3.27 1 5.00 816250.00
28/03/2017 3.27 3.27 3.27 3.27 4 2870.00 468814500.00
31/03/2017 3.28 3.28 3.28 3.28 1 5.00 820375.00
28/04/2017 3.31 3.31 3.31 3.31 2 10.00 1654125.00
19/05/2017 3.39 3.36 3.39 3.36 5 25.00 4215500.00
22/05/2017 3.36 3.36 3.36 3.36 2 25.00 4200000.00
23/05/2017 3.37 3.36 3.37 3.36 3 15.00 2522500.00
25/05/2017 3.37 3.37 3.38 3.38 4 2015.00 340229750.00
02/06/2017 3.32 3.32 3.32 3.32 2 50.00 8301250.00
05/06/2017 3.37 3.37 3.37 3.37 4 20.00 3368625.00
12/06/2017 3.40 3.40 3.40 3.40 2 50.00 8492500.00
13/06/2017 3.40 3.38 3.40 3.38 5 150.00 25358875.00
