29/06/2016 3.40 3.40 3.40 3.40 2 40.00 6800000.00
14/07/2016 3.39 3.39 3.39 3.39 2 290.00 49198500.00
21/07/2016 3.39 3.39 3.39 3.39 2 65.00 11004500.00
26/07/2016 3.40 3.40 3.40 3.40 2 225.00 38227500.00
02/08/2016 3.38 3.38 3.39 3.39 4 4000.00 676860000.00
12/08/2016 3.27 3.27 3.29 3.29 2 10.00 1638750.00
17/08/2016 3.32 3.32 3.32 3.32 1 5.00 830750.00
18/08/2016 3.33 3.33 3.33 3.33 1 5.00 831750.00
26/08/2016 3.33 3.33 3.35 3.35 5 475.00 79241375.00
29/08/2016 3.36 3.33 3.36 3.33 3 285.00 47791500.00
01/09/2016 3.34 3.33 3.34 3.33 4 140.00 23371250.00
02/09/2016 3.33 3.33 3.33 3.33 3 185.00 30802250.00
05/09/2016 3.35 3.35 3.37 3.37 6 195.00 32634875.00
09/09/2016 3.33 3.33 3.33 3.33 1 5.00 832500.00
12/09/2016 3.38 3.38 3.38 3.38 1 5.00 844000.00
13/09/2016 3.38 3.38 3.40 3.40 4 215.00 36506875.00
14/09/2016 3.41 3.41 3.42 3.41 7 1315.00 224244250.00
15/09/2016 3.40 3.40 3.41 3.41 3 65.00 11076625.00
16/09/2016 3.34 3.34 3.34 3.34 3 40.00 6687750.00
20/09/2016 3.32 3.32 3.32 3.32 4 300.00 49800000.00
21/09/2016 3.29 3.29 3.29 3.29 2 195.00 32116500.00
22/09/2016 3.29 3.29 3.29 3.29 1 5.00 821250.00
26/09/2016 3.30 3.30 3.31 3.31 4 40.00 6606500.00
27/09/2016 3.28 3.28 3.30 3.30 3 205.00 33800500.00
28/09/2016 3.29 3.29 3.30 3.30 3 85.00 13996375.00
29/09/2016 3.28 3.28 3.32 3.32 4 475.00 78552500.00
30/09/2016 3.30 3.30 3.31 3.31 7 4240.00 699713125.00
03/10/2016 3.28 3.27 3.28 3.27 2 30.00 4920000.00
04/10/2016 3.30 3.30 3.31 3.31 2 90.00 14871500.00
05/10/2016 3.28 3.27 3.28 3.27 4 45.00 7381750.00
06/10/2016 3.28 3.27 3.28 3.27 2 125.00 20465250.00
10/10/2016 3.26 3.26 3.26 3.26 4 2515.00 409316250.00
11/10/2016 3.26 3.26 3.26 3.26 2 785.00 128033500.00
13/10/2016 3.26 3.23 3.26 3.23 10 495.00 80293500.00
14/10/2016 3.24 3.24 3.24 3.24 4 220.00 35589875.00
17/10/2016 3.24 3.24 3.24 3.24 5 590.00 95463500.00
18/10/2016 3.22 3.22 3.22 3.22 8 3010.00 485198250.00
19/10/2016 3.23 3.21 3.23 3.21 5 50.00 8062875.00
20/10/2016 3.20 3.17 3.20 3.18 9 1095.00 175237500.00
21/10/2016 3.19 3.19 3.20 3.20 12 2600.00 414171000.00
24/10/2016 3.18 3.15 3.18 3.15 21 1740.00 274914125.00
25/10/2016 3.14 3.14 3.17 3.15 79 6965.00 1099048750.00
26/10/2016 3.15 3.15 3.18 3.17 87 5235.00 826737125.00
27/10/2016 3.17 3.16 3.20 3.20 283 7885.00 1253049625.00
28/10/2016 3.19 3.19 3.23 3.23 1388 23015.00 3703633000.00
31/10/2016 3.22 3.19 3.23 3.22 34413 351805.00 56480371875.00
01/11/2016 3.21 3.21 3.28 3.26 39766 369115.00 59967192625.00
03/11/2016 3.27 3.25 3.28 3.26 36558 299195.00 48780431125.00
04/11/2016 3.28 3.24 3.29 3.26 39034 330740.00 54012541625.00
07/11/2016 3.23 3.21 3.24 3.22 26489 249090.00 40167314625.00
08/11/2016 3.23 3.18 3.24 3.19 34437 279740.00 44903219875.00
09/11/2016 3.27 3.22 3.27 3.23 51016 426270.00 69137441875.00
10/11/2016 3.23 3.23 3.42 3.40 74964 622970.00 104234456375.00
11/11/2016 3.42 3.39 3.53 3.41 55192 534170.00 92373414500.00
14/11/2016 3.46 3.44 3.49 3.45 29052 266815.00 46205564625.00
16/11/2016 3.41 3.41 3.46 3.44 38632 327870.00 56369535500.00
17/11/2016 3.42 3.40 3.44 3.43 36030 325145.00 55663596000.00
18/11/2016 3.45 3.39 3.46 3.40 36038 318105.00 54154987125.00
21/11/2016 3.39 3.35 3.39 3.36 26736 244070.00 41070764375.00
22/11/2016 3.35 3.34 3.37 3.37 28817 249455.00 41883323500.00
23/11/2016 3.37 3.36 3.43 3.40 38608 323535.00 55004792750.00
24/11/2016 3.39 3.39 3.42 3.40 15615 138190.00 23509836750.00
25/11/2016 3.43 3.41 3.47 3.42 30564 266700.00 45792053750.00
28/11/2016 3.40 3.39 3.42 3.39 27866 254975.00 43349353000.00
29/11/2016 3.39 3.38 3.42 3.40 25183 265540.00 45185234750.00
30/11/2016 3.40 3.38 3.41 3.40 1065 7770.00 1318817125.00
