20/06/2016 180.40 180.40 180.40 180.40 1 1400.00 252560.00
28/06/2016 159.70 159.70 160.31 160.31 2 900.00 143974.00
29/06/2016 161.43 161.43 161.43 161.43 1 300.00 48429.00
01/07/2016 159.27 159.27 159.27 159.27 1 100.00 15927.00
08/07/2016 164.05 164.05 164.05 164.05 1 700.00 114835.00
11/07/2016 165.70 165.70 165.70 165.70 1 100.00 16570.00
15/07/2016 167.22 167.22 169.10 169.10 2 600.00 100896.00
18/07/2016 173.47 171.90 173.47 171.90 2 400.00 69074.00
21/07/2016 169.67 169.67 171.20 171.20 2 200.00 34087.00
25/07/2016 177.00 176.20 177.00 176.20 2 1000.00 176600.00
01/08/2016 173.10 173.10 176.15 176.15 3 1500.00 263735.00
09/08/2016 166.25 166.25 167.10 167.10 2 400.00 66670.00
11/08/2016 166.25 166.25 166.25 166.25 1 100.00 16625.00
15/08/2016 167.30 167.30 167.30 167.30 1 300.00 50190.00
22/08/2016 170.10 170.10 171.10 171.10 2 200.00 34120.00
29/08/2016 175.00 175.00 175.00 175.00 1 200.00 35000.00
30/08/2016 175.15 175.15 175.15 175.15 1 300.00 52545.00
06/09/2016 173.35 173.35 173.35 173.35 1 900.00 156015.00
12/09/2016 170.85 170.85 170.85 170.85 1 300.00 51255.00
26/09/2016 167.00 167.00 169.00 169.00 3 5300.00 890449.00
28/09/2016 164.29 164.29 164.29 164.29 1 100.00 16429.00
03/10/2016 170.20 170.20 170.20 170.20 1 100.00 17020.00
06/10/2016 171.80 171.80 171.80 171.80 1 100.00 17180.00
10/10/2016 170.90 170.90 170.90 170.90 1 500.00 85450.00
19/10/2016 171.08 171.08 171.08 171.08 1 100.00 17108.00
24/10/2016 168.50 168.50 168.50 168.50 1 200.00 33700.00
26/10/2016 168.28 168.28 168.28 168.28 1 200.00 33656.00
27/10/2016 171.40 171.40 171.40 171.40 1 100.00 17140.00
31/10/2016 171.12 170.20 171.12 170.20 2 10100.00 1719388.00
21/11/2016 179.96 179.96 179.96 179.96 1 100.00 17996.00
03/01/2017 186.95 186.95 186.95 186.95 1 9400.00 1757330.00
09/01/2017 185.32 185.32 185.32 185.32 1 300.00 55596.00
17/01/2017 186.66 184.40 186.66 184.40 2 2100.00 387466.00
23/01/2017 181.40 181.40 181.40 181.40 1 2300.00 417220.00
26/01/2017 195.65 195.65 195.65 195.65 1 100.00 19565.00
30/01/2017 187.32 187.32 187.32 187.32 1 1400.00 262248.00
03/02/2017 186.96 186.96 186.96 186.96 1 100.00 18696.00
06/02/2017 186.71 186.71 186.71 186.71 1 2000.00 373420.00
07/02/2017 186.63 186.63 186.63 186.63 1 200.00 37326.00
13/02/2017 191.60 191.60 191.60 191.60 1 2800.00 536480.00
14/02/2017 189.37 189.37 189.37 189.37 2 300.00 56811.00
21/02/2017 188.38 188.38 188.38 188.38 1 2100.00 395598.00
01/03/2017 196.49 196.49 196.49 196.49 1 900.00 176841.00
06/03/2017 199.24 199.24 199.24 199.24 1 3800.00 757112.00
