01/12/2016 30.80 30.50 31.20 31.00 7 1120.00 389335025.00
05/12/2016 31.97 31.97 31.97 31.97 2 15.00 5223727.00
07/12/2016 31.35 30.75 31.35 31.00 18 8825.00 3028495672.00
08/12/2016 30.80 29.80 30.80 29.80 23 4525.00 1554179677.00
09/12/2016 30.00 29.60 30.00 29.60 5 1535.00 523006700.00
12/12/2016 30.19 29.80 30.19 29.80 4 1330.00 453422797.00
13/12/2016 29.95 29.90 29.95 29.90 5 1005.00 337373525.00
15/12/2016 29.95 29.70 30.50 29.75 10 1775.00 606498312.00
16/12/2016 29.40 29.20 29.40 29.20 22 13155.00 4493368787.00
19/12/2016 29.01 28.50 29.10 28.75 67 9075.00 3084405505.00
20/12/2016 28.30 28.30 28.45 28.40 26 9900.00 3342099862.00
21/12/2016 28.15 28.05 29.00 28.55 58 35430.00 11882086137.00
22/12/2016 28.50 28.50 29.35 29.35 46 17190.00 5722833275.00
23/12/2016 29.01 29.00 29.30 29.30 154 97210.00 31976424990.00
26/12/2016 29.40 29.10 29.40 29.30 239 41780.00 13767446912.00
27/12/2016 29.40 28.76 29.40 29.00 514 140120.00 46198360202.00
28/12/2016 28.61 28.20 29.00 28.73 1228 274585.00 90446566655.00
29/12/2016 28.50 27.49 33.30 29.00 860 45525.00 14917880417.00
