04/01/2017 24.40 24.00 24.40 24.00 5 30.00 9776000.00
10/01/2017 24.20 24.20 24.20 24.20 2 240.00 77306400.00
12/01/2017 23.67 23.25 23.67 23.25 21 6040.00 1937819597.00
13/01/2017 23.50 23.50 23.65 23.65 11 1050.00 340678875.00
16/01/2017 23.42 23.42 23.42 23.42 1 5.00 1632605.00
17/01/2017 23.75 23.40 23.75 23.40 7 4030.00 1304470125.00
18/01/2017 23.50 23.50 23.50 23.50 2 2000.00 650850000.00
19/01/2017 23.35 23.00 23.35 23.05 19 7855.00 2533446697.00
20/01/2017 23.10 22.75 23.10 22.99 11 5060.00 1627804987.00
23/01/2017 22.50 22.50 22.75 22.60 22 8880.00 2826567617.00
24/01/2017 22.50 22.50 23.20 22.95 79 25030.00 7969794415.00
26/01/2017 22.91 22.90 23.45 23.43 155 98785.00 31597282120.00
27/01/2017 23.50 23.00 23.55 23.25 653 157005.00 49796435205.00
30/01/2017 23.25 22.60 23.39 23.25 1509 210347.00 66033200671.00
31/01/2017 22.87 19.25 26.00 22.00 806 42005.00 13160957067.00
