02/03/2017 19.40 19.40 19.40 19.40 3 1310.00 411558200.00
03/03/2017 19.65 19.40 19.65 19.40 4 75.00 23624187.00
07/03/2017 19.50 19.50 19.56 19.50 9 1850.00 582523100.00
08/03/2017 19.11 19.11 19.11 19.11 1 5.00 1589027.00
14/03/2017 19.85 19.85 19.90 19.90 3 380.00 121631675.00
15/03/2017 20.00 19.45 20.00 19.45 9 630.00 198298225.00
16/03/2017 19.05 19.05 19.30 19.30 4 320.00 100390300.00
17/03/2017 19.25 19.25 19.90 19.90 3 295.00 92115850.00
20/03/2017 18.60 18.40 18.60 18.40 8 3770.00 1177513125.00
21/03/2017 18.29 18.29 18.50 18.50 10 6735.00 2087539420.00
22/03/2017 18.40 18.40 18.55 18.55 17 5175.00 1610538175.00
23/03/2017 18.59 18.45 18.65 18.50 39 16010.00 5029890587.00
24/03/2017 18.66 18.45 18.66 18.45 37 22135.00 6928117860.00
27/03/2017 18.55 18.40 18.60 18.40 114 68205.00 21421211310.00
28/03/2017 18.44 18.25 18.45 18.39 250 100855.00 31746594770.00
29/03/2017 18.30 17.75 18.35 17.95 521 123090.00 38589704062.00
30/03/2017 17.99 17.55 18.10 17.80 1202 310755.00 97596117510.00
31/03/2017 18.00 12.01 22.25 12.50 610 33310.00 10550128400.00
