03/05/2017 21.01 21.01 21.70 21.50 6 265.00 84369277.00
04/05/2017 21.39 21.39 21.39 21.39 2 10.00 3212195.00
05/05/2017 21.45 21.45 21.45 21.45 4 2000.00 641845000.00
15/05/2017 20.90 20.90 20.90 20.90 3 6000.00 1875770750.00
16/05/2017 20.80 20.80 20.95 20.95 10 6010.00 1872439710.00
17/05/2017 21.01 20.50 21.01 20.50 6 520.00 162846377.00
18/05/2017 22.40 22.40 22.50 22.50 2 105.00 35733100.00
19/05/2017 21.99 21.99 22.50 22.50 2 105.00 34491747.00
22/05/2017 23.00 23.00 23.30 23.10 20 5240.00 1732046525.00
23/05/2017 22.85 22.70 23.00 22.70 18 5345.00 1757955112.00
24/05/2017 22.80 22.75 22.92 22.76 47 4285.00 1405499927.00
25/05/2017 22.80 22.80 23.30 22.95 57 18540.00 6122143647.00
26/05/2017 23.00 22.85 23.85 23.30 197 83985.00 27511719582.00
29/05/2017 23.50 23.50 24.00 23.99 386 99775.00 32771804447.00
30/05/2017 23.91 23.60 23.95 23.65 2317 333340.00 109234619065.00
31/05/2017 23.89 19.93 26.49 24.00 881 39700.00 12945503537.00
