06/06/2016 93.01 93.01 97.50 97.50 3 1940.00 695246502.00
14/06/2016 91.01 90.25 91.75 91.00 9 1235.00 438277940.00
15/06/2016 90.75 90.50 91.50 90.50 9 3055.00 1076928400.00
16/06/2016 90.50 90.50 92.50 92.50 5 1480.00 522522750.00
17/06/2016 91.00 91.00 91.00 91.00 3 2005.00 697891250.00
20/06/2016 89.60 89.50 90.00 90.00 5 3050.00 1049493375.00
21/06/2016 88.00 87.80 88.05 88.00 9 1675.00 576974225.00
23/06/2016 88.80 88.80 88.80 88.80 2 1500.00 512609500.00
24/06/2016 89.90 89.90 89.90 89.90 2 800.00 275187750.00
27/06/2016 87.00 87.00 88.00 88.00 5 3905.00 1347044750.00
28/06/2016 88.00 87.80 88.00 87.80 6 4800.00 1619094500.00
