05/07/2016 33.40 33.30 33.50 33.30 6 165.00 55105475.00
07/07/2016 33.55 33.55 33.80 33.80 4 350.00 118610687.00
14/07/2016 32.70 32.60 32.70 32.65 14 7035.00 2292965100.00
15/07/2016 32.78 32.78 33.05 33.02 27 11615.00 3829766817.00
18/07/2016 32.99 32.99 33.10 33.10 6 800.00 262766972.00
19/07/2016 33.50 33.25 33.60 33.35 27 11290.00 3726113450.00
20/07/2016 33.35 33.35 33.55 33.45 15 2800.00 918157362.00
21/07/2016 33.59 33.10 33.59 33.30 23 7505.00 2466682100.00
22/07/2016 33.54 33.00 33.54 33.40 26 10160.00 3351432887.00
25/07/2016 32.75 32.75 33.50 33.40 86 25090.00 8300601900.00
26/07/2016 33.00 33.00 33.75 33.60 331 64630.00 21312588492.00
27/07/2016 33.45 33.40 33.95 33.95 669 114175.00 37655387705.00
28/07/2016 33.75 33.11 33.80 33.45 1706 263440.00 86773056197.00
29/07/2016 34.10 30.00 37.99 34.00 1092 29770.00 9788504240.00
