01/09/2016 28.02 28.02 28.02 28.02 1 5.00 1644255.00
06/09/2016 28.50 28.50 28.50 28.50 1 5.00 1627125.00
08/09/2016 28.09 28.09 28.15 28.15 3 2240.00 725326772.00
09/09/2016 28.60 28.60 28.60 28.60 2 2000.00 661859750.00
14/09/2016 28.76 28.76 28.76 28.76 1 15.00 5046570.00
15/09/2016 28.99 28.95 28.99 28.95 2 10.00 3360985.00
16/09/2016 28.81 28.41 29.19 28.70 11 11075.00 3666457925.00
19/09/2016 28.50 28.35 28.75 28.35 12 1615.00 531757937.00
20/09/2016 28.48 27.70 28.48 28.00 13 15205.00 4986827315.00
21/09/2016 27.70 27.30 27.70 27.40 20 15870.00 5168109100.00
22/09/2016 27.19 26.70 27.19 27.05 94 18015.00 5815743365.00
23/09/2016 27.00 26.70 27.75 27.00 81 34805.00 11311075755.00
26/09/2016 27.00 26.90 27.20 27.10 134 76075.00 24786286447.00
27/09/2016 26.77 26.54 26.98 26.85 643 108770.00 35325203442.00
28/09/2016 26.95 26.60 27.10 26.70 544 146070.00 47487245192.00
29/09/2016 27.00 26.30 27.80 27.75 1950 294865.00 95778311505.00
30/09/2016 27.77 22.70 32.00 22.70 840 39145.00 12762366992.00
