01/11/2016 31.00 31.00 31.00 31.00 1 5.00 1639250.00
07/11/2016 30.30 30.30 30.30 30.30 7 100.00 32362750.00
10/11/2016 30.50 30.50 31.85 31.75 8 95.00 32058697.00
11/11/2016 32.00 31.50 34.01 32.25 29 3030.00 1042841107.00
14/11/2016 32.80 32.80 32.80 32.80 1 5.00 1738950.00
16/11/2016 33.00 32.50 33.50 32.50 9 80.00 27567750.00
17/11/2016 32.50 32.30 33.00 33.00 7 4195.00 1442017937.00
18/11/2016 32.40 32.00 32.40 32.15 6 2500.00 853320287.00
21/11/2016 32.00 32.00 32.45 32.45 7 1605.00 541999637.00
22/11/2016 31.81 31.50 31.90 31.85 13 4060.00 1373207827.00
23/11/2016 32.00 31.51 32.30 32.00 28 8690.00 2973678240.00
24/11/2016 32.05 32.05 32.35 32.25 90 16025.00 5477906310.00
25/11/2016 32.40 32.40 33.00 32.71 122 32250.00 11087086657.00
28/11/2016 32.85 32.70 32.95 32.83 685 227225.00 77635992667.00
29/11/2016 32.80 32.41 33.15 32.69 1478 254765.00 87097438162.00
30/11/2016 32.63 21.99 34.00 21.99 676 35605.00 12128845877.00
