20/06/2016 4.50 4.50 5.00 5.00 11 239.99 1104.00
21/06/2016 4.90 4.90 4.90 4.90 1 100.00 490.00
22/06/2016 4.90 4.50 4.90 4.50 3 120.00 548.00
23/06/2016 4.90 4.90 4.90 4.90 1 10.00 49.00
27/06/2016 4.50 4.50 4.80 4.80 7 249.99 1143.00
01/07/2016 4.78 4.78 4.90 4.90 3 300.00 1447.00
29/07/2016 4.39 4.39 4.50 4.45 8 900.00 3984.00
01/08/2016 4.00 4.00 4.45 4.45 8 2500.00 10533.00
02/08/2016 4.87 4.60 4.92 4.60 15 4200.00 20462.00
04/08/2016 4.80 4.80 4.80 4.80 1 100.00 480.00
05/08/2016 4.91 4.91 4.91 4.91 1 100.00 491.00
09/08/2016 4.96 4.96 4.96 4.96 1 100.00 496.00
12/08/2016 4.50 4.50 4.50 4.50 3 400.00 1800.00
17/08/2016 4.49 4.49 4.49 4.49 2 400.00 1796.00
24/08/2016 4.55 4.55 4.55 4.55 1 100.00 455.00
26/08/2016 4.55 4.55 4.55 4.55 1 200.00 910.00
29/08/2016 4.55 4.55 4.55 4.55 1 200.00 910.00
05/09/2016 3.99 3.99 3.99 3.99 1 100.00 399.00
06/09/2016 4.10 4.10 4.53 4.53 3 400.00 1768.00
08/09/2016 4.54 4.20 4.70 4.39 16 5400.00 24326.00
12/09/2016 4.70 4.70 4.70 4.70 1 100.00 470.00
27/09/2016 3.80 3.78 3.80 3.78 10 1900.00 7216.00
28/09/2016 3.81 3.78 3.95 3.78 3 500.00 1910.00
03/10/2016 3.75 3.75 3.75 3.75 2 400.00 1500.00
06/10/2016 3.60 3.55 3.60 3.55 4 600.00 2140.00
14/10/2016 3.49 3.49 3.49 3.49 1 100.00 349.00
24/10/2016 3.20 3.20 3.20 3.20 2 300.00 960.00
10/11/2016 3.00 3.00 3.60 3.60 3 300.00 1010.00
21/11/2016 3.51 3.50 3.51 3.50 3 300.00 1051.00
22/11/2016 3.50 3.50 3.50 3.50 1 500.00 1750.00
30/11/2016 3.50 3.50 3.50 3.50 1 100.00 350.00
07/12/2016 3.50 3.50 3.50 3.50 2 200.00 700.00
16/12/2016 3.35 3.10 3.35 3.10 4 400.00 1285.00
19/12/2016 3.10 3.10 3.10 3.10 1 200.00 620.00
28/12/2016 3.50 3.49 3.60 3.60 6 700.00 2461.00
12/01/2017 3.50 3.50 4.00 4.00 4 400.00 1530.00
13/01/2017 4.20 4.20 4.20 4.20 2 300.00 1260.00
16/01/2017 4.05 4.05 4.15 4.15 5 1200.00 4880.00
26/01/2017 3.65 3.65 3.75 3.75 8 1400.00 5120.00
27/01/2017 4.00 3.99 4.40 4.20 10 1400.00 5823.00
30/01/2017 3.99 3.99 4.00 4.00 3 400.00 1598.00
31/01/2017 4.39 4.39 4.91 4.70 7 800.00 3719.00
01/02/2017 4.50 4.40 4.65 4.60 22 5000.00 22663.00
02/02/2017 4.95 4.65 5.49 4.93 28 5600.00 27449.00
03/02/2017 4.67 4.54 4.67 4.60 6 1300.00 5957.00
06/02/2017 4.20 4.00 4.20 4.00 10 2000.00 8318.00
07/02/2017 4.00 4.00 4.38 4.38 2 200.00 838.00
09/02/2017 4.15 4.15 4.58 4.50 12 2300.00 10229.00
10/02/2017 4.60 4.60 4.60 4.60 1 400.00 1840.00
13/02/2017 4.32 4.30 4.32 4.30 3 300.00 1293.00
16/02/2017 4.08 3.80 4.08 4.00 8 1000.00 4018.00
20/02/2017 3.82 3.78 3.97 3.97 18 7200.00 27476.00
21/02/2017 3.80 3.80 3.80 3.80 1 100.00 380.00
22/02/2017 4.00 4.00 4.00 4.00 5 1000.00 4000.00
24/02/2017 3.80 3.80 3.80 3.80 1 100.00 380.00
02/03/2017 4.04 4.04 4.04 4.04 3 300.00 1212.00
03/03/2017 4.02 3.93 4.02 3.93 3 300.00 1197.00
06/03/2017 3.79 3.71 3.79 3.77 4 400.00 1498.00
28/03/2017 3.77 3.77 3.77 3.77 1 100.00 377.00
29/03/2017 3.50 3.50 3.50 3.50 1 100.00 350.00
30/03/2017 3.50 3.50 3.50 3.50 1 100.00 350.00
13/04/2017 3.30 3.30 3.30 3.30 1 100.00 330.00
17/04/2017 3.21 3.20 3.21 3.20 3 800.00 2561.00
26/04/2017 3.30 3.30 3.30 3.30 1 100.00 330.00
09/05/2017 3.30 3.30 3.30 3.30 2 200.00 660.00
11/05/2017 3.40 3.40 3.79 3.79 4 800.00 2818.00
12/05/2017 3.80 3.80 4.20 3.80 35 6300.00 24721.00
15/05/2017 3.81 3.61 3.81 3.61 9 1400.00 5248.00
16/05/2017 3.60 3.60 3.60 3.60 7 1200.00 4320.00
19/05/2017 3.75 3.75 3.75 3.75 1 100.00 375.00
30/05/2017 3.20 3.20 3.40 3.40 2 200.00 660.00
31/05/2017 3.40 3.40 3.60 3.60 4 3200.00 11180.00
01/06/2017 3.70 3.70 3.70 3.70 2 1000.00 3700.00
