20/06/2016 41.85 41.80 42.12 42.12 3 5900.00 247552.00
22/06/2016 41.95 41.95 41.95 41.95 1 3000.00 125850.00
28/06/2016 38.07 37.92 38.07 37.92 2 6800.00 258666.00
29/06/2016 38.04 38.04 38.04 38.04 1 2600.00 98904.00
01/07/2016 37.87 37.87 37.87 37.87 1 800.00 30296.00
05/07/2016 39.15 39.15 39.15 39.15 1 200.00 7830.00
06/07/2016 39.45 39.45 39.45 39.45 1 1100.00 43395.00
07/07/2016 39.65 39.65 39.81 39.81 2 3800.00 150782.00
11/07/2016 40.90 40.90 40.90 40.90 1 6700.00 274030.00
13/07/2016 41.25 41.15 41.25 41.15 2 2100.00 86505.00
14/07/2016 42.23 42.23 42.23 42.23 1 800.00 33784.00
15/07/2016 42.66 42.66 42.66 42.66 2 2000.00 85320.00
18/07/2016 42.70 42.70 42.70 42.70 2 1600.00 68320.00
21/07/2016 48.79 48.79 49.31 48.90 3 14100.00 689691.00
25/07/2016 50.55 50.11 50.55 50.11 2 30400.00 1527964.00
27/07/2016 50.95 50.95 50.95 50.95 1 800.00 40760.00
28/07/2016 51.24 51.24 51.24 51.24 1 3300.00 169092.00
01/08/2016 51.22 50.85 51.22 50.85 3 2300.00 117140.00
05/08/2016 50.15 49.46 50.15 49.46 2 2100.00 104901.00
08/08/2016 49.37 49.10 49.37 49.10 2 1800.00 88812.00
09/08/2016 48.59 48.59 48.75 48.75 2 1000.00 48606.00
11/08/2016 48.77 48.65 48.77 48.65 5 1500.00 73011.00
12/08/2016 49.13 49.13 49.13 49.13 1 100.00 4913.00
15/08/2016 49.19 49.19 49.19 49.19 3 2500.00 122975.00
17/08/2016 48.77 48.77 48.77 48.77 1 800.00 39016.00
19/08/2016 49.04 49.04 49.04 49.04 1 300.00 14712.00
22/08/2016 48.97 48.97 48.97 48.97 1 400.00 19588.00
23/08/2016 49.31 49.31 49.31 49.31 1 4100.00 202171.00
24/08/2016 50.15 50.15 50.19 50.19 2 8100.00 406267.00
25/08/2016 50.52 50.52 50.52 50.52 1 300.00 15156.00
29/08/2016 50.66 50.66 50.66 50.66 1 1100.00 55726.00
30/08/2016 51.20 50.83 51.20 50.83 2 1900.00 97132.00
31/08/2016 51.63 51.63 51.63 51.63 1 2500.00 129075.00
06/09/2016 52.49 52.49 52.49 52.49 1 2300.00 120727.00
08/09/2016 52.11 52.11 52.11 52.11 1 1500.00 78165.00
09/09/2016 52.27 52.27 52.27 52.27 1 12900.00 674283.00
12/09/2016 52.54 52.54 52.54 52.54 1 1100.00 57794.00
15/09/2016 52.46 52.46 52.46 52.46 1 300.00 15738.00
19/09/2016 51.95 51.95 51.95 51.95 1 200.00 10390.00
21/09/2016 51.04 51.04 51.04 51.04 1 4100.00 209264.00
22/09/2016 51.57 51.57 51.57 51.57 1 1100.00 56727.00
26/09/2016 51.49 51.49 51.49 51.49 1 2000.00 102980.00
28/09/2016 51.18 51.18 51.18 51.18 1 1100.00 56298.00
30/09/2016 53.37 53.37 53.37 53.37 1 400.00 21348.00
03/10/2016 52.26 52.26 52.35 52.35 2 7300.00 382065.00
06/10/2016 51.54 51.54 51.54 51.54 1 900.00 46386.00
10/10/2016 51.66 51.66 51.66 51.66 2 400.00 20664.00
14/10/2016 50.59 50.59 50.59 50.59 1 400.00 20236.00
17/10/2016 51.15 51.15 51.15 51.15 1 1800.00 92070.00
20/10/2016 45.40 45.40 45.40 45.40 1 500.00 22700.00
24/10/2016 45.43 45.43 45.43 45.43 1 5400.00 245322.00
26/10/2016 45.15 45.15 45.15 45.15 1 1400.00 63210.00
27/10/2016 45.27 45.27 45.27 45.27 2 1200.00 54324.00
31/10/2016 45.63 45.63 45.63 45.63 2 800.00 36504.00
07/11/2016 45.42 45.42 45.42 45.42 1 500.00 22710.00
09/11/2016 45.08 45.08 45.08 45.08 1 3100.00 139748.00
10/11/2016 47.33 47.33 47.40 47.40 2 4400.00 208490.00
14/11/2016 48.69 48.69 48.69 48.69 1 15500.00 754695.00
17/11/2016 48.37 48.37 48.37 48.37 1 3200.00 154784.00
18/11/2016 48.43 48.43 48.43 48.43 1 1300.00 62959.00
21/11/2016 48.55 48.55 48.55 48.55 2 600.00 29130.00
28/11/2016 48.52 48.49 48.52 48.49 3 2100.00 101859.00
01/12/2016 47.83 47.83 47.83 47.83 1 600.00 28698.00
02/12/2016 49.45 49.45 49.45 49.45 1 500.00 24725.00
06/12/2016 48.43 48.43 48.43 48.43 1 200.00 9686.00
12/12/2016 50.48 50.48 50.48 50.48 1 1200.00 60576.00
19/12/2016 50.25 49.54 50.25 49.54 2 1200.00 60158.00
22/12/2016 48.51 48.51 48.51 48.51 1 700.00 33957.00
27/12/2016 49.35 49.35 49.35 49.35 1 2000.00 98700.00
28/12/2016 49.08 49.08 49.08 49.08 1 500.00 24540.00
03/01/2017 48.27 48.27 48.27 48.27 1 1600.00 77232.00
04/01/2017 47.46 47.46 47.46 47.46 1 3400.00 161364.00
05/01/2017 48.09 48.09 48.09 48.09 1 100.00 4809.00
06/01/2017 49.91 49.91 49.91 49.91 1 500.00 24955.00
09/01/2017 49.01 49.01 49.01 49.01 1 9000.00 441090.00
11/01/2017 47.95 47.95 47.95 47.95 1 200.00 9590.00
17/01/2017 48.81 48.34 48.81 48.34 2 6800.00 329323.00
23/01/2017 47.62 47.62 47.62 47.62 1 4000.00 190480.00
24/01/2017 47.65 47.65 47.65 47.65 1 200.00 9530.00
26/01/2017 50.87 50.87 50.87 50.87 1 700.00 35609.00
30/01/2017 50.13 50.13 50.13 50.13 1 2200.00 110286.00
03/02/2017 50.18 49.74 50.18 49.74 2 2800.00 140152.00
06/02/2017 49.84 49.84 49.84 49.84 2 1800.00 89712.00
07/02/2017 50.11 50.11 50.11 50.11 1 1300.00 65143.00
13/02/2017 52.31 52.31 52.31 52.31 1 2100.00 109851.00
21/02/2017 52.36 52.36 52.36 52.36 1 6100.00 319396.00
23/02/2017 51.25 51.25 51.25 51.25 1 200.00 10250.00
01/03/2017 52.93 52.93 52.93 52.93 1 2300.00 121739.00
06/03/2017 52.88 52.88 52.88 52.88 1 100.00 5288.00
07/03/2017 52.42 52.13 52.42 52.13 2 800.00 41791.00
13/03/2017 51.95 51.95 51.95 51.95 1 200.00 10390.00
20/03/2017 51.65 51.65 51.65 51.65 1 100.00 5165.00
24/03/2017 52.79 52.79 52.79 52.79 1 1600.00 84464.00
03/04/2017 52.08 52.08 52.16 52.16 3 3600.00 187496.00
04/04/2017 52.68 52.68 52.68 52.68 1 3300.00 173844.00
07/04/2017 52.90 52.90 52.90 52.90 1 900.00 47610.00
10/04/2017 53.40 53.40 53.40 53.40 1 300.00 16020.00
11/04/2017 53.67 53.67 53.67 53.67 1 800.00 42936.00
24/04/2017 49.92 49.92 49.92 49.92 1 700.00 34944.00
02/05/2017 52.82 52.82 52.82 52.82 1 2300.00 121486.00
08/05/2017 52.93 52.90 52.93 52.90 2 3600.00 190470.00
10/05/2017 53.62 53.62 53.62 53.62 1 7800.00 418236.00
16/05/2017 53.55 53.55 53.55 53.55 1 7000.00 374850.00
18/05/2017 55.99 55.99 56.24 56.24 2 2400.00 134951.00
22/05/2017 55.35 55.35 55.35 55.35 1 11700.00 647595.00
29/05/2017 57.08 57.08 57.08 57.08 1 100.00 5708.00
30/05/2017 56.12 56.12 56.12 56.12 1 23900.00 1341268.00
06/06/2017 58.81 58.81 58.81 58.81 1 2900.00 170549.00
08/06/2017 59.17 59.17 59.17 59.17 1 200.00 11834.00
09/06/2017 57.65 57.65 57.65 57.65 1 100.00 5765.00
16/06/2017 56.23 56.23 56.23 56.23 1 200.00 11246.00
