20/06/2016 59.21 58.70 59.21 58.70 3 210.00 12406.90
21/06/2016 58.55 58.55 58.55 58.55 1 40.00 2342.00
22/06/2016 58.83 58.37 58.83 58.37 2 580.00 34084.60
24/06/2016 58.35 58.35 58.35 58.35 1 20.00 1167.00
27/06/2016 57.43 57.43 57.80 57.63 4 170.00 9792.30
28/06/2016 58.13 58.13 58.25 58.25 2 520.00 30287.60
29/06/2016 59.40 59.40 59.40 59.40 1 30.00 1782.00
30/06/2016 58.89 58.89 60.15 60.10 9 3320.00 195896.50
01/07/2016 60.71 60.71 60.71 60.71 1 10.00 607.10
04/07/2016 61.57 61.31 61.57 61.31 5 860.00 52871.70
05/07/2016 60.47 60.47 60.54 60.54 2 500.00 30242.00
07/07/2016 61.28 60.92 61.29 61.20 5 890.00 54333.00
08/07/2016 61.20 61.20 61.90 61.90 2 320.00 19794.00
11/07/2016 62.00 62.00 63.00 62.99 30 6440.00 403979.90
12/07/2016 63.48 63.43 63.48 63.43 2 340.00 21582.70
13/07/2016 62.96 62.96 63.40 63.40 2 330.00 20886.80
14/07/2016 64.00 64.00 65.07 64.69 24 4620.00 299431.60
15/07/2016 64.68 64.68 64.68 64.68 1 40.00 2587.20
18/07/2016 64.96 64.96 65.47 65.44 7 1250.00 81609.40
19/07/2016 65.29 65.29 65.50 65.50 3 270.00 17643.00
20/07/2016 66.00 65.99 66.01 65.99 4 50820.00 3353623.00
21/07/2016 65.61 65.61 65.75 65.75 2 800.00 52530.00
22/07/2016 66.23 66.12 66.23 66.17 3 710.00 47000.70
26/07/2016 65.76 65.75 66.15 66.15 3 780.00 51322.00
27/07/2016 66.01 65.91 66.20 66.20 11 4280.00 282204.00
28/07/2016 64.38 64.38 64.38 64.38 1 170.00 10944.60
29/07/2016 66.25 66.25 66.68 66.68 4 150.00 9964.70
01/08/2016 66.10 66.06 66.42 66.42 12 5810.00 385738.00
02/08/2016 65.47 65.47 65.47 65.47 1 500.00 32735.00
03/08/2016 65.50 65.50 65.82 65.82 3 260.00 17054.20
04/08/2016 66.42 66.42 67.35 67.12 9 1500.00 99911.30
05/08/2016 66.62 66.62 66.62 66.62 4 2000.00 133240.00
08/08/2016 67.00 66.85 67.06 67.06 3 340.00 22795.00
09/08/2016 65.16 65.15 67.00 67.00 6 840.00 55349.80
10/08/2016 66.50 65.91 66.50 65.91 2 600.00 39841.00
11/08/2016 65.74 65.74 66.70 66.70 12 4840.00 321637.50
12/08/2016 66.70 66.70 67.65 67.65 3 820.00 55424.00
15/08/2016 68.16 68.16 68.16 68.16 1 150.00 10224.00
16/08/2016 68.40 68.13 68.46 68.46 4 860.00 58783.40
17/08/2016 67.60 67.60 68.07 68.05 20 10300.00 700579.00
18/08/2016 67.60 67.60 68.45 68.37 3 460.00 31429.50
19/08/2016 68.20 68.20 68.20 68.20 1 60.00 4092.00
24/08/2016 67.45 67.45 67.45 67.45 1 500.00 33725.00
25/08/2016 67.03 67.03 67.03 67.03 1 100.00 6703.00
26/08/2016 67.10 67.10 67.17 67.17 2 210.00 14091.70
29/08/2016 67.50 67.50 67.50 67.50 1 100.00 6750.00
30/08/2016 67.68 67.64 67.80 67.79 4 1030.00 69824.60
31/08/2016 66.07 66.07 67.75 66.88 3 100.00 6688.60
01/09/2016 68.09 66.89 68.75 67.28 8 3080.00 207123.00
02/09/2016 67.16 67.08 67.50 67.37 32 99600.00 6689391.90
05/09/2016 68.74 68.47 68.77 68.65 45 4300.00 294697.70
06/09/2016 68.23 68.23 68.70 68.69 5 1050.00 72064.10
08/09/2016 68.64 68.64 68.64 68.64 1 500.00 34320.00
09/09/2016 66.73 66.73 66.73 66.73 1 10.00 667.30
13/09/2016 65.59 64.91 65.59 64.91 3 990.00 64580.10
14/09/2016 65.47 65.44 65.77 65.71 7 120.00 7866.90
15/09/2016 65.92 65.92 66.00 66.00 3 230.00 15177.80
16/09/2016 65.16 65.16 65.30 65.30 2 280.00 18249.00
20/09/2016 66.10 66.10 66.10 66.10 1 10.00 661.00
22/09/2016 66.00 66.00 68.00 68.00 8 1460.00 97672.30
23/09/2016 67.52 67.52 67.56 67.56 2 510.00 34435.60
26/09/2016 66.85 66.61 66.85 66.61 8 170.00 11334.50
27/09/2016 66.61 66.19 66.70 66.70 27 38910.00 2582626.30
28/09/2016 66.92 66.92 68.04 68.01 11 27800.00 1882936.00
29/09/2016 67.96 67.00 67.96 67.00 8 18000.00 1210770.00
30/09/2016 67.32 67.26 67.70 67.51 7 1250.00 84197.20
03/10/2016 67.40 67.40 68.34 68.34 5 570.00 38735.60
04/10/2016 67.94 67.94 67.94 67.94 1 500.00 33970.00
05/10/2016 68.70 68.70 69.30 69.30 5 830.00 57372.00
07/10/2016 69.60 69.57 69.60 69.57 2 310.00 21575.40
10/10/2016 70.00 70.00 70.04 70.04 6 2510.00 175700.40
11/10/2016 69.70 69.56 69.70 69.56 3 210.00 14613.20
13/10/2016 68.17 68.17 69.34 69.18 11 6100.00 421487.00
14/10/2016 69.18 69.18 69.94 69.94 6 550.00 38350.60
17/10/2016 69.85 69.85 70.54 70.54 2 140.00 9806.60
18/10/2016 71.00 71.00 71.55 71.55 4 1320.00 94139.00
19/10/2016 71.55 71.15 71.55 71.15 2 1000.00 71350.00
20/10/2016 71.33 71.33 71.50 71.36 3 560.00 39970.60
21/10/2016 71.22 71.22 71.87 71.87 3 1500.00 107480.00
24/10/2016 71.76 71.50 71.76 71.52 8 12040.00 863640.40
25/10/2016 71.05 71.00 71.05 71.00 2 600.00 42625.00
26/10/2016 70.72 70.70 70.72 70.70 2 2500.00 176760.00
27/10/2016 71.50 71.50 71.90 71.90 6 830.00 59544.60
28/10/2016 71.91 71.54 71.91 71.54 2 270.00 19389.80
31/10/2016 72.16 72.16 72.39 72.39 2 510.00 36916.60
01/11/2016 70.84 70.84 70.86 70.85 3 1500.00 106275.00
03/11/2016 70.36 70.15 70.36 70.15 2 1000.00 70255.00
04/11/2016 70.15 70.15 70.23 70.22 3 1550.00 108842.50
07/11/2016 70.88 70.88 71.50 71.50 2 320.00 22706.40
08/11/2016 71.41 71.30 71.74 71.73 8 3200.00 228950.80
10/11/2016 70.37 67.24 70.37 68.34 7 1320.00 90497.70
11/11/2016 66.07 65.76 66.24 66.24 5 860.00 56847.40
14/11/2016 66.24 66.24 66.24 66.24 1 20.00 1324.80
16/11/2016 67.42 67.42 67.42 67.42 1 300.00 20226.00
18/11/2016 66.91 66.89 67.15 67.15 3 2130.00 142493.50
21/11/2016 67.66 67.66 67.66 67.66 1 500.00 33830.00
22/11/2016 68.87 68.87 68.87 68.87 1 500.00 34435.00
23/11/2016 68.09 68.09 68.27 68.27 2 500.00 34063.00
25/11/2016 68.00 68.00 68.08 68.08 4 1200.00 81648.00
28/11/2016 68.15 68.15 68.72 68.72 2 400.00 27374.00
29/11/2016 68.70 68.70 68.70 68.70 2 20.00 1374.00
30/11/2016 68.70 68.70 68.82 68.82 2 700.00 48150.00
01/12/2016 66.27 65.07 66.27 65.33 5 640.00 41814.80
02/12/2016 64.65 64.65 65.84 65.71 4 1520.00 99650.80
05/12/2016 66.41 65.70 66.41 65.70 2 30.00 1985.20
06/12/2016 66.35 66.35 66.82 66.77 14 11550.00 770237.50
07/12/2016 67.20 67.18 67.33 67.27 4 1490.00 100209.30
08/12/2016 66.50 66.50 66.55 66.55 2 600.00 39905.00
09/12/2016 65.00 65.00 66.83 66.83 3 240.00 15992.60
12/12/2016 65.20 65.01 65.20 65.01 2 20.00 1302.10
13/12/2016 65.19 65.06 65.19 65.19 6 1010.00 65758.80
14/12/2016 65.19 65.19 65.43 65.43 10 4000.00 261539.00
15/12/2016 64.50 64.50 64.50 64.50 1 70.00 4515.00
16/12/2016 65.33 65.33 65.33 65.33 1 500.00 32665.00
19/12/2016 64.75 63.82 64.75 63.84 24 16300.00 1046249.70
20/12/2016 64.25 63.75 64.25 63.84 6 110.00 7029.70
21/12/2016 64.04 64.02 64.18 64.18 7 4800.00 307846.00
22/12/2016 63.51 63.50 63.95 63.50 3 210.00 13381.00
23/12/2016 63.26 63.26 64.43 64.43 2 20.00 1276.90
28/12/2016 66.37 66.37 66.75 66.61 7 3620.00 240773.80
29/12/2016 66.61 66.61 67.09 67.09 4 60.00 4004.10
02/01/2017 66.55 66.50 67.06 66.70 19 7730.00 515156.10
03/01/2017 66.50 66.50 68.69 68.69 42 17360.00 1186028.60
04/01/2017 68.00 68.00 68.89 68.63 3 130.00 8899.70
05/01/2017 68.72 68.72 68.80 68.80 3 250.00 17197.60
06/01/2017 68.43 68.42 68.43 68.42 2 600.00 41057.00
09/01/2017 68.06 68.06 68.88 68.76 6 960.00 65785.80
10/01/2017 68.65 68.49 68.65 68.49 4 570.00 39046.00
11/01/2017 68.49 68.23 69.01 68.23 4 350.00 23904.70
12/01/2017 70.24 69.97 70.24 70.22 5 1620.00 113466.40
13/01/2017 69.85 69.85 70.33 70.33 2 600.00 42054.00
16/01/2017 69.38 69.38 69.63 69.63 4 1310.00 91015.40
17/01/2017 69.46 69.46 70.56 70.56 4 870.00 61201.20
18/01/2017 70.20 70.20 70.26 70.26 2 360.00 25278.00
19/01/2017 70.01 69.88 70.01 69.88 2 90.00 6290.50
20/01/2017 70.23 70.23 70.45 70.45 2 520.00 36524.00
23/01/2017 68.55 68.55 71.61 71.61 5 101200.00 7245961.00
24/01/2017 71.22 71.22 71.40 71.40 2 350.00 24939.60
26/01/2017 72.00 72.00 72.16 72.16 2 270.00 19481.60
30/01/2017 70.98 70.98 71.01 71.01 2 20.00 1419.90
01/02/2017 71.62 71.62 71.62 71.62 1 290.00 20769.80
02/02/2017 70.53 70.53 70.53 70.53 1 500.00 35265.00
03/02/2017 72.00 71.95 72.00 71.97 6 3500.00 251916.00
07/02/2017 71.60 71.46 71.60 71.46 2 210.00 15022.00
08/02/2017 71.08 71.08 71.73 71.73 2 510.00 36257.30
13/02/2017 72.50 72.50 73.00 73.00 9 1750.00 127134.30
14/02/2017 72.90 72.78 72.90 72.78 2 430.00 31345.80
15/02/2017 73.20 73.20 74.50 74.50 6 120.00 8872.90
16/02/2017 74.00 74.00 74.60 74.60 3 180.00 13402.40
17/02/2017 74.23 74.21 74.35 74.35 3 2000.00 148444.00
21/02/2017 74.90 74.90 74.90 74.90 1 250.00 18725.00
22/02/2017 75.51 75.41 75.51 75.41 4 120.00 9052.90
23/02/2017 76.00 74.85 76.00 74.85 6 780.00 58983.10
24/02/2017 73.67 73.67 73.67 73.67 1 100.00 7367.00
01/03/2017 73.92 73.92 73.94 73.93 3 1300.00 96111.00
02/03/2017 72.90 72.70 73.16 72.70 6 1430.00 104578.20
03/03/2017 73.00 73.00 74.00 74.00 4 1380.00 101373.60
06/03/2017 73.80 73.80 73.80 73.80 1 60.00 4428.00
07/03/2017 72.99 72.99 72.99 72.99 1 191700.00 13992183.00
08/03/2017 72.67 72.20 72.67 72.20 3 200.00 14444.70
10/03/2017 73.13 72.80 73.13 72.80 4 550.00 40050.30
13/03/2017 73.50 73.50 73.50 73.50 1 400.00 29400.00
14/03/2017 73.48 73.10 73.48 73.10 3 1020.00 74589.60
15/03/2017 72.57 72.57 74.00 73.80 17 6810.00 500236.20
16/03/2017 73.70 73.34 73.70 73.45 9 4500.00 330635.00
17/03/2017 72.00 72.00 72.00 72.00 2 80.00 5760.00
20/03/2017 72.64 72.64 72.64 72.64 1 90.00 6537.60
21/03/2017 71.03 71.03 72.29 71.30 7 1390.00 99553.80
22/03/2017 71.00 71.00 71.61 71.47 3 40.00 2850.80
23/03/2017 72.12 72.10 72.12 72.10 2 1000.00 72110.00
28/03/2017 72.93 72.93 73.38 73.38 3 190.00 13890.70
29/03/2017 73.74 73.74 74.10 74.10 2 400.00 29532.00
30/03/2017 74.20 73.87 74.20 73.91 5 1260.00 93315.10
31/03/2017 73.73 73.73 74.05 74.05 2 630.00 46491.50
03/04/2017 73.85 73.85 73.85 73.85 1 20.00 1477.00
04/04/2017 73.97 73.97 73.97 73.97 1 100.00 7397.00
05/04/2017 73.37 73.37 73.43 73.43 2 1000.00 73400.00
06/04/2017 72.97 72.97 73.22 73.20 3 610.00 44639.00
07/04/2017 72.90 72.90 72.90 72.90 1 10.00 729.00
10/04/2017 72.94 72.64 72.94 72.64 2 310.00 22608.40
11/04/2017 72.92 72.92 72.92 72.92 1 10.00 729.20
12/04/2017 72.95 72.95 73.25 72.98 3 570.00 41731.80
17/04/2017 72.58 72.58 73.68 73.68 6 980.00 71753.40
18/04/2017 73.96 73.50 73.96 73.73 3 630.00 46433.80
19/04/2017 73.58 73.58 73.58 73.58 1 300.00 22074.00
24/04/2017 73.00 73.00 74.00 74.00 3 900.00 66322.00
25/04/2017 73.76 73.76 73.76 73.76 1 30.00 2212.80
26/04/2017 74.00 74.00 74.45 74.20 6 930.00 68930.70
28/04/2017 74.99 74.45 74.99 74.95 6 1430.00 107019.90
02/05/2017 75.00 75.00 76.75 76.75 5 2100.00 159921.00
03/05/2017 76.16 76.16 76.36 76.36 4 600.00 45808.60
04/05/2017 75.36 75.36 75.38 75.38 2 1000.00 75370.00
05/05/2017 73.26 73.26 75.88 75.77 6 1520.00 115242.30
09/05/2017 76.38 76.36 76.38 76.36 2 500.00 38186.00
10/05/2017 77.00 77.00 77.45 77.45 3 80.00 6174.70
15/05/2017 78.81 78.80 78.81 78.80 2 20.00 1576.10
18/05/2017 41.62 41.62 71.49 70.67 12 1080.00 61422.60
19/05/2017 71.00 71.00 71.00 71.00 1 20.00 1420.00
22/05/2017 71.00 69.50 71.00 69.93 4 1110.00 77428.00
23/05/2017 70.84 70.00 71.10 71.10 12 2010.00 141740.90
31/05/2017 72.21 71.70 72.21 71.70 2 30.00 2161.20
01/06/2017 71.04 71.04 71.87 71.35 5 150.00 10740.80
02/06/2017 71.65 71.65 71.65 71.65 1 420.00 30093.00
05/06/2017 71.46 71.44 71.46 71.44 2 1000.00 71450.00
06/06/2017 71.85 71.85 72.57 72.46 7 3400.00 246585.10
07/06/2017 73.00 72.65 73.00 72.65 2 290.00 21135.00
09/06/2017 71.87 71.48 71.87 71.48 517 29740.00 2137273.00
12/06/2017 70.32 70.32 70.55 70.55 2 250.00 17626.00
16/06/2017 70.85 70.85 70.85 70.85 1 40.00 2834.00
