20/06/2016 7.43 7.40 7.72 7.65 10867 4873828.82 36874140.00
21/06/2016 7.67 7.47 7.77 7.69 6374 2018179.96 15380898.00
22/06/2016 7.61 7.57 7.77 7.69 9122 5301933.98 40627820.00
23/06/2016 7.77 7.65 8.02 7.97 6927 2936405.53 23042999.00
24/06/2016 7.69 7.54 7.78 7.64 13529 3888113.00 29751780.00
27/06/2016 7.65 7.47 7.65 7.50 5030 1814235.13 13675916.00
28/06/2016 7.65 7.52 7.69 7.52 5489 2609693.69 19820713.00
29/06/2016 7.61 7.60 7.91 7.84 11528 3185940.51 24766549.00
30/06/2016 7.75 7.62 7.95 7.95 6797 2642965.03 20656981.00
01/07/2016 7.95 7.63 7.95 7.75 10818 4245358.65 32985154.00
04/07/2016 7.81 7.60 7.89 7.67 6675 2537886.58 19508700.00
05/07/2016 7.64 7.29 7.66 7.32 12264 4399817.64 32411946.00
06/07/2016 7.31 7.09 7.31 7.18 10242 3336293.23 23831436.00
07/07/2016 7.14 6.99 7.18 7.05 11624 13233987.73 93248306.00
08/07/2016 7.09 7.09 7.36 7.31 9674 6238058.67 45332853.00
11/07/2016 7.35 7.32 7.49 7.41 5829 3017162.21 22328659.00
12/07/2016 7.46 7.27 7.51 7.32 7248 2698662.91 19932224.00
13/07/2016 7.28 7.28 7.54 7.49 11073 4107640.61 30539513.00
14/07/2016 7.55 7.29 7.60 7.41 9755 2768574.83 20541986.00
15/07/2016 7.40 7.31 7.53 7.46 16121 3721229.90 27657560.00
18/07/2016 7.46 7.34 7.50 7.47 7102 3027375.24 22500826.00
19/07/2016 7.47 7.41 7.74 7.67 9285 2719299.57 20762519.00
20/07/2016 7.73 7.62 7.84 7.71 5917 2440178.37 18811797.00
21/07/2016 7.71 7.64 7.77 7.75 4805 1585863.25 12246282.00
22/07/2016 7.73 7.67 7.89 7.74 6912 1629663.48 12696022.00
25/07/2016 7.79 7.33 7.80 7.64 6864 1908784.68 14569378.00
26/07/2016 7.64 7.58 7.75 7.60 6960 2597480.16 19845314.00
27/07/2016 7.62 7.42 7.74 7.42 7463 2845856.97 21526852.00
28/07/2016 7.46 7.29 7.51 7.43 9661 2309409.40 17125280.00
29/07/2016 7.47 7.44 7.80 7.80 13537 4935528.19 37915642.00
01/08/2016 7.84 7.71 7.90 7.87 7908 2691187.39 21041736.00
02/08/2016 7.90 7.57 7.91 7.63 8464 2385849.23 18266873.00
03/08/2016 7.63 7.57 7.81 7.80 7015 2209700.70 16995605.00
04/08/2016 7.86 7.79 7.98 7.96 9912 3307022.88 26047411.00
05/08/2016 7.99 7.99 8.23 8.07 11708 3770399.87 30503315.00
08/08/2016 8.15 7.70 8.19 7.75 12164 3592250.84 28070360.00
09/08/2016 7.79 7.64 7.85 7.76 5136 1801811.03 13966676.00
10/08/2016 7.83 7.69 7.91 7.74 4428 1534271.63 11942197.00
11/08/2016 7.69 7.67 7.97 7.97 7352 3818201.08 30264384.00
12/08/2016 7.97 7.91 8.16 8.04 8604 3164145.68 25444953.00
15/08/2016 8.07 8.01 8.20 8.08 7743 2040501.25 16520277.00
16/08/2016 8.06 7.94 8.17 8.09 9683 2208647.81 17813060.00
17/08/2016 8.06 7.94 8.32 8.29 16652 8876601.56 72409248.00
18/08/2016 8.37 8.23 8.47 8.38 11950 4330853.33 36432939.00
19/08/2016 8.33 8.28 8.45 8.37 6401 1932369.42 16139114.00
22/08/2016 8.38 8.08 8.39 8.11 9642 2736251.10 22484831.00
23/08/2016 8.21 8.02 8.29 8.22 11352 3001052.99 24483894.00
24/08/2016 8.19 8.05 8.19 8.07 12313 3920542.02 31780311.00
25/08/2016 8.10 7.79 8.10 7.79 11607 3697645.15 29145465.00
26/08/2016 7.79 7.68 7.95 7.74 12456 2943038.74 22998243.00
29/08/2016 7.72 7.57 8.04 7.99 8548 2120731.47 16755042.00
30/08/2016 8.00 7.92 8.05 7.96 7228 1594391.66 12730831.00
31/08/2016 8.00 7.75 8.07 7.91 8197 2143684.49 16957124.00
01/09/2016 8.00 7.88 8.17 8.09 11393 2467553.51 19906498.00
02/09/2016 8.16 8.09 8.31 8.26 9352 2153897.52 17705059.00
05/09/2016 8.29 8.22 8.43 8.35 5426 1515530.18 12607610.00
06/09/2016 8.40 8.27 8.54 8.39 8849 2680026.76 22553255.00
08/09/2016 8.41 8.38 8.59 8.57 10321 2829642.46 24089288.00
09/09/2016 8.46 8.15 8.46 8.15 15277 3214684.42 26524551.00
12/09/2016 8.15 8.03 8.39 8.36 8619 2556943.90 21190319.00
13/09/2016 8.40 7.94 8.50 8.07 14179 4266416.46 34315027.00
14/09/2016 8.09 7.87 8.16 8.06 13292 3768294.09 30055615.00
15/09/2016 8.09 7.85 8.09 7.92 9835 2547152.02 20222079.00
16/09/2016 7.92 7.85 7.94 7.94 10456 2338574.46 18465743.00
19/09/2016 7.98 7.95 8.07 7.99 9246 2425543.19 19444086.00
20/09/2016 7.93 7.93 8.20 8.11 10724 3353665.92 27074362.00
21/09/2016 8.08 7.97 8.37 8.18 12144 3023268.98 24692249.00
22/09/2016 8.26 8.22 8.40 8.40 14714 3476011.77 29038516.00
23/09/2016 8.40 8.29 8.48 8.39 12296 2781525.38 23314210.00
26/09/2016 8.34 8.22 8.50 8.26 13547 4148703.33 34484320.00
27/09/2016 8.36 8.28 8.50 8.49 17959 7146597.64 60032760.00
28/09/2016 8.49 8.39 8.53 8.45 11335 3002211.17 25447033.00
29/09/2016 8.44 8.25 8.48 8.33 12894 2843961.77 23843764.00
30/09/2016 8.34 8.33 8.53 8.44 10688 3278489.56 27777954.00
03/10/2016 8.50 8.34 8.69 8.58 13924 4099743.93 35215380.00
04/10/2016 8.64 8.54 8.66 8.61 10327 2865124.86 24680631.00
05/10/2016 8.65 8.65 9.00 8.90 15584 6955813.93 61569031.00
06/10/2016 8.89 8.67 9.01 8.71 16587 5254764.50 46096877.00
07/10/2016 8.78 8.75 8.94 8.77 13975 5868704.79 51964459.00
10/10/2016 8.79 8.67 8.89 8.75 5789 1735373.65 15244579.00
11/10/2016 8.74 8.49 8.87 8.58 12228 4083529.42 35155972.00
13/10/2016 8.58 8.50 8.71 8.70 14169 3796511.54 32672696.00
14/10/2016 8.79 8.55 8.90 8.62 16491 4786438.93 41718953.00
17/10/2016 8.65 8.55 8.72 8.64 9087 2789948.50 24135960.00
18/10/2016 8.67 8.59 8.83 8.79 10887 3825150.16 33370768.00
19/10/2016 8.82 8.67 8.88 8.73 8068 2983364.43 26151542.00
20/10/2016 8.71 8.58 8.82 8.64 11739 4068157.22 35228495.00
21/10/2016 8.64 8.46 8.73 8.69 11449 8555891.20 74006265.00
24/10/2016 8.70 8.67 9.01 8.90 12370 4285473.76 38085081.00
25/10/2016 8.92 8.86 9.05 8.97 8476 3115081.00 27973585.00
26/10/2016 8.97 8.78 9.12 9.03 7403 3290597.79 29655709.00
27/10/2016 9.05 9.00 9.22 9.07 8172 2830379.48 25814996.00
28/10/2016 9.07 8.93 9.19 8.94 9043 2855964.72 25828873.00
31/10/2016 8.96 8.84 9.00 8.99 10184 4929737.29 43927379.00
01/11/2016 8.97 8.56 9.06 8.69 12238 5310567.68 46608991.00
03/11/2016 8.68 8.58 8.81 8.64 11503 3610676.43 31434952.00
04/11/2016 8.69 8.46 8.91 8.58 11046 3592040.27 31243010.00
07/11/2016 8.76 8.74 8.95 8.92 7904 1910048.14 16962952.00
08/11/2016 8.85 8.85 9.01 8.91 6911 1930684.79 17250312.00
09/11/2016 8.51 8.36 8.93 8.75 7982 2878917.72 25168505.00
10/11/2016 9.05 8.08 9.10 8.22 18452 5564698.90 46872967.00
11/11/2016 8.20 7.39 8.20 7.97 27374 7929450.65 61889015.00
14/11/2016 7.83 7.32 7.93 7.34 20303 7330955.26 55025341.00
16/11/2016 7.36 7.34 7.95 7.92 15774 4872075.40 37480718.00
17/11/2016 7.92 7.62 8.09 7.72 10573 3739369.74 29336258.00
18/11/2016 7.72 7.49 7.83 7.61 7609 2649180.14 20216093.00
21/11/2016 7.64 7.49 7.74 7.71 10988 4064270.15 31018925.00
22/11/2016 7.79 7.77 8.03 7.81 10112 5292330.36 41747248.00
23/11/2016 7.82 7.54 7.82 7.62 6520 2586836.87 19751522.00
24/11/2016 7.65 7.54 7.70 7.63 3905 1192596.08 9111307.00
25/11/2016 7.58 7.53 7.72 7.64 5465 1351213.71 10326477.00
28/11/2016 7.68 7.56 7.82 7.76 9345 2497921.06 19195244.00
29/11/2016 7.74 7.58 7.78 7.73 6702 2401544.50 18397771.00
30/11/2016 7.83 7.49 7.85 7.73 9294 3014961.39 23057893.00
01/12/2016 7.63 7.08 7.65 7.13 20551 5321662.35 39119114.00
02/12/2016 7.01 6.86 7.26 6.91 21184 6723874.90 47119409.00
05/12/2016 7.00 6.95 7.12 6.97 10170 4382118.62 30850925.00
06/12/2016 6.94 6.88 7.06 6.99 11050 2614022.62 18253607.00
07/12/2016 7.02 7.00 7.33 7.26 11468 6770581.26 48466120.00
08/12/2016 7.34 7.04 7.37 7.08 6768 1670595.21 11933270.00
09/12/2016 7.12 7.12 7.49 7.34 13822 3483251.32 25604387.00
12/12/2016 7.34 7.08 7.34 7.25 9284 2971116.69 21393303.00
13/12/2016 7.16 7.14 7.38 7.34 7956 2538699.69 18427722.00
14/12/2016 7.31 7.09 7.37 7.12 9606 2244562.10 16123644.00
15/12/2016 7.10 6.92 7.10 7.04 9988 2615249.05 18281070.00
16/12/2016 7.07 6.98 7.34 7.21 6330 2285034.13 16439392.00
19/12/2016 7.21 6.94 7.21 7.06 8062 2542685.57 18005845.00
20/12/2016 7.09 6.96 7.14 7.08 5420 1439720.71 10115570.00
21/12/2016 7.04 7.04 7.38 7.30 8155 1887570.23 13731781.00
22/12/2016 7.28 7.18 7.56 7.53 8468 2347888.41 17498492.00
23/12/2016 7.53 7.44 7.74 7.59 7094 1725068.92 13147889.00
26/12/2016 7.67 7.63 7.79 7.67 5830 986556.69 7603693.00
27/12/2016 7.75 7.63 7.90 7.63 8610 2526639.84 19659501.00
28/12/2016 7.67 7.66 7.89 7.80 5604 1189734.42 9283410.00
29/12/2016 7.85 7.78 8.07 8.06 8425 2261016.64 18046432.00
02/01/2017 8.06 7.80 8.07 7.96 4261 1228877.82 9730711.00
03/01/2017 8.03 8.03 8.40 8.33 10115 2635076.25 21778796.00
04/01/2017 8.27 8.26 8.51 8.40 9677 2721539.21 22918215.00
05/01/2017 8.40 8.28 8.50 8.32 9492 2248445.78 18862664.00
06/01/2017 8.30 8.06 8.32 8.17 10524 2865439.74 23424879.00
09/01/2017 8.14 8.08 8.36 8.32 11467 2587450.08 21407749.00
10/01/2017 8.36 8.20 8.43 8.24 14021 3730886.96 31101296.00
11/01/2017 8.27 8.00 8.35 8.16 10281 2276755.76 18550649.00
12/01/2017 8.43 8.43 8.80 8.64 24024 6720706.64 57902893.00
13/01/2017 8.55 8.55 8.86 8.64 16760 3831453.81 33300320.00
16/01/2017 8.64 8.49 8.68 8.62 11065 2362196.70 20316453.00
17/01/2017 8.63 8.56 8.80 8.73 10244 3741822.59 32517364.00
18/01/2017 8.70 8.37 8.75 8.37 9886 3247982.13 27579473.00
19/01/2017 8.41 8.08 8.54 8.17 18263 4085528.18 33552797.00
20/01/2017 8.17 7.95 8.32 8.26 11235 3535374.38 28931429.00
23/01/2017 8.35 8.16 8.49 8.41 6468 1766256.36 14779309.00
24/01/2017 8.47 8.33 8.65 8.51 10185 2634054.23 22455637.00
26/01/2017 8.51 8.35 8.68 8.57 10700 4717239.25 40252383.00
27/01/2017 8.63 8.44 8.63 8.48 10866 2996973.82 25550493.00
30/01/2017 8.42 8.04 8.48 8.08 13607 3280482.39 26780709.00
31/01/2017 8.16 8.12 8.35 8.35 9396 3937232.97 32472496.00
01/02/2017 8.43 8.08 8.51 8.14 9437 4678913.47 38547667.00
02/02/2017 8.17 8.09 8.33 8.31 10353 2691491.80 22078031.00
03/02/2017 8.28 8.27 8.65 8.61 10838 3358973.59 28774117.00
06/02/2017 8.61 8.39 8.64 8.41 6630 1654038.48 13991056.00
07/02/2017 8.44 8.21 8.55 8.27 7649 1858033.83 15493077.00
08/02/2017 8.35 8.18 8.65 8.65 8240 2458266.65 20921120.00
09/02/2017 8.65 8.47 8.65 8.58 7350 2480853.31 21187056.00
10/02/2017 8.58 8.58 9.07 8.96 11430 3300207.40 29362931.00
13/02/2017 8.96 8.75 9.14 9.08 10648 3832986.84 34511409.00
14/02/2017 9.02 8.88 9.16 9.15 7221 2358210.82 21327713.00
15/02/2017 9.10 9.10 9.38 9.22 17554 3541710.91 32824401.00
16/02/2017 9.12 9.10 9.36 9.29 9040 2849905.03 26409085.00
17/02/2017 9.35 9.01 9.39 9.06 7609 3019969.29 27598327.00
20/02/2017 9.17 9.11 9.32 9.27 8867 2276142.54 21049369.00
21/02/2017 9.34 9.33 9.69 9.67 18922 5461372.60 52175755.00
22/02/2017 9.69 9.43 9.78 9.64 20648 5552741.26 53369167.00
23/02/2017 9.78 9.34 9.78 9.44 14081 3786689.30 36133256.00
24/02/2017 9.38 8.97 9.38 8.99 13873 5188084.23 47162088.00
01/03/2017 9.13 9.11 9.47 9.42 14093 4014599.94 37631698.00
02/03/2017 9.46 9.05 9.49 9.07 14758 3834519.87 35110596.00
03/03/2017 9.18 9.01 9.22 9.06 9901 2102501.21 19152795.00
06/03/2017 9.10 9.07 9.31 9.07 5471 1510240.15 13862399.00
07/03/2017 9.10 8.86 9.23 8.95 11503 2375891.78 21373828.00
08/03/2017 9.00 8.61 9.00 8.73 10602 3718724.92 32500484.00
09/03/2017 8.73 8.49 8.73 8.57 12243 2956706.20 25322054.00
10/03/2017 8.66 8.57 9.13 9.10 15541 5441034.38 48976380.00
13/03/2017 9.15 8.87 9.20 8.95 7124 1866721.01 16783896.00
14/03/2017 8.97 8.63 8.99 8.68 10331 5223957.16 45861590.00
15/03/2017 8.78 8.64 8.89 8.80 11578 3618873.48 31634015.00
16/03/2017 8.90 8.74 8.93 8.83 10065 2656027.68 23510389.00
17/03/2017 8.91 8.62 8.91 8.75 10902 2881894.28 25295423.00
20/03/2017 8.79 8.62 8.87 8.66 10047 2325914.96 20253624.00
21/03/2017 8.66 8.39 8.75 8.56 10978 2969277.06 25346150.00
22/03/2017 8.51 8.43 8.69 8.52 8965 2740651.00 23513414.00
23/03/2017 8.52 8.29 8.56 8.34 12689 4982760.25 41783093.00
24/03/2017 8.39 8.35 8.71 8.53 14993 4048224.43 34811962.00
27/03/2017 8.47 8.43 8.73 8.64 8112 2518463.68 21714061.00
28/03/2017 8.59 8.52 8.75 8.71 5469 6509557.14 56096974.00
29/03/2017 8.71 8.57 8.74 8.61 8926 3176338.47 27417254.00
30/03/2017 8.69 8.46 8.74 8.65 14127 4365800.00 37561103.00
31/03/2017 8.67 8.62 9.04 9.04 13565 4912100.00 43840413.00
03/04/2017 9.05 8.93 9.23 8.98 6554 2186900.00 19891570.00
04/04/2017 8.93 8.90 9.05 8.99 4312 1121500.00 10058118.00
05/04/2017 8.99 8.91 9.33 9.06 9775 2439100.00 22333502.00
06/04/2017 9.06 8.93 9.24 9.00 11119 2348500.00 21306183.00
07/04/2017 8.95 8.95 9.30 9.17 10231 2825800.00 25897810.00
10/04/2017 9.17 9.11 9.39 9.16 8594 2369500.00 21891947.00
11/04/2017 9.20 9.10 9.40 9.35 13076 4435100.00 41157443.00
12/04/2017 9.33 9.14 9.35 9.30 10083 2638900.00 24402584.00
13/04/2017 9.21 9.02 9.25 9.19 9056 2380600.00 21795005.00
17/04/2017 9.17 9.17 9.36 9.34 7410 2151700.00 19940247.00
18/04/2017 9.28 9.23 9.40 9.39 7096 3430600.00 32096806.00
19/04/2017 9.40 9.19 9.45 9.32 9022 2348100.00 21839897.00
20/04/2017 9.25 9.24 9.37 9.34 5612 1666300.00 15505407.00
24/04/2017 9.32 9.20 9.45 9.24 7808 2065900.00 19176272.00
25/04/2017 9.24 9.06 9.41 9.33 10617 2880000.00 26718075.00
26/04/2017 9.29 9.16 9.35 9.22 6129 1390800.00 12815344.00
27/04/2017 9.22 9.11 9.29 9.17 3472 813600.00 7482376.00
28/04/2017 9.17 9.17 9.44 9.44 5497 1745800.00 16343871.00
02/05/2017 9.44 9.43 9.79 9.48 10466 2891600.00 27861909.00
03/05/2017 9.50 9.40 9.69 9.50 9356 2561900.00 24381961.00
04/05/2017 9.45 9.19 9.55 9.48 10193 2754500.00 25743894.00
05/05/2017 9.48 9.40 9.56 9.40 6485 1628900.00 15434304.00
08/05/2017 9.52 9.30 9.52 9.36 6181 1572600.00 14777812.00
09/05/2017 9.61 9.56 9.98 9.94 11759 5663600.00 55566110.00
10/05/2017 9.96 9.96 10.20 10.14 10743 2443200.00 24719094.00
11/05/2017 10.15 10.04 10.30 10.15 5208 1023300.00 10407604.00
12/05/2017 10.21 10.13 10.54 10.39 12386 3045900.00 31576280.00
15/05/2017 10.48 10.36 10.70 10.61 8785 2644200.00 27909639.00
16/05/2017 10.67 10.45 11.00 10.94 13604 3057600.00 33149277.00
17/05/2017 10.80 10.65 10.93 10.82 15204 2954100.00 31863269.00
18/05/2017 9.00 8.90 9.64 9.22 23484 9241700.00 85577756.00
19/05/2017 9.25 9.22 10.00 9.90 21101 8341000.00 80722598.00
22/05/2017 9.65 9.18 9.75 9.30 16678 4913100.00 46439781.00
23/05/2017 9.31 9.21 9.53 9.35 15756 5083600.00 47734149.00
24/05/2017 9.48 9.43 9.90 9.78 12764 3760300.00 36592840.00
25/05/2017 9.75 9.42 9.93 9.42 9839 2913600.00 28085269.00
26/05/2017 9.48 9.31 9.59 9.43 11140 5411300.00 51223437.00
29/05/2017 9.42 9.30 9.47 9.45 4086 969900.00 9102523.00
30/05/2017 9.35 9.35 9.60 9.44 7256 3848100.00 36412652.00
31/05/2017 9.46 9.18 9.57 9.20 11869 4123000.00 38407127.00
01/06/2017 9.29 9.20 9.52 9.32 7542 3230600.00 30202313.00
02/06/2017 9.32 9.32 9.64 9.53 5291 1381700.00 13167812.00
05/06/2017 9.50 9.31 9.52 9.35 5449 1372700.00 12875125.00
06/06/2017 9.38 9.35 9.55 9.49 8079 1702700.00 16079725.00
07/06/2017 9.55 9.51 9.71 9.65 10992 3292700.00 31692286.00
08/06/2017 9.67 9.40 9.69 9.60 5589 1390800.00 13255664.00
09/06/2017 9.60 9.60 9.95 9.93 11531 4856200.00 47874210.00
12/06/2017 9.96 9.56 10.04 9.60 7512 2076400.00 20106790.00
13/06/2017 9.66 9.42 9.72 9.42 5129 1584400.00 15056741.00
14/06/2017 9.52 9.33 9.65 9.55 11489 3437700.00 32789184.00
16/06/2017 9.58 9.48 9.80 9.80 8829 2816700.00 27384983.00
