21/06/2016 54.10 54.10 54.10 54.10 1 117.37 6350.00
29/06/2016 51.11 51.11 51.11 51.11 1 117.37 5999.00
30/06/2016 46.86 46.86 46.86 46.86 2 586.85 27500.00
06/07/2016 42.59 42.59 42.60 42.60 2 234.74 9999.00
18/07/2016 35.36 35.36 35.36 35.36 1 117.37 4150.00
19/07/2016 34.08 34.08 34.08 34.08 1 234.74 8000.00
21/07/2016 34.08 32.80 34.08 32.80 2 234.74 7850.00
22/07/2016 34.08 34.08 34.08 34.08 1 117.37 4000.00
25/07/2016 34.08 34.08 34.08 34.08 2 234.74 8000.00
27/07/2016 38.34 34.08 38.34 34.08 3 469.48 16521.00
05/08/2016 32.59 32.59 32.59 32.59 1 117.37 3825.00
10/08/2016 31.90 31.90 31.90 31.90 1 117.37 3744.00
12/08/2016 34.93 34.93 34.93 34.93 4 821.59 28700.00
16/08/2016 36.64 36.64 36.64 36.64 1 117.37 4300.00
18/08/2016 36.64 36.64 36.64 36.64 3 352.11 12900.00
19/08/2016 36.64 36.64 36.64 36.64 1 117.37 4300.00
29/08/2016 42.60 42.60 42.60 42.60 1 117.37 5000.00
30/08/2016 46.87 46.87 46.87 46.87 1 234.74 11002.00
31/08/2016 46.86 46.86 46.86 46.86 2 352.11 16500.00
28/09/2016 46.85 46.85 46.85 46.85 1 117.37 5499.00
25/10/2016 46.01 46.01 51.12 51.12 2 234.74 11400.00
07/11/2016 50.09 50.09 50.09 50.09 1 117.37 5879.00
16/11/2016 50.09 50.09 50.09 50.09 1 352.11 17637.00
18/11/2016 50.09 50.09 50.17 50.17 3 352.11 17655.00
23/11/2016 53.25 53.25 53.25 53.25 1 117.37 6250.00
01/12/2016 66.56 66.56 66.56 66.56 1 117.37 7812.00
21/12/2016 70.30 70.30 70.30 70.30 1 352.11 24753.00
12/01/2017 53.68 53.68 68.33 68.33 2 234.74 14321.00
27/01/2017 68.16 68.16 68.16 68.16 1 117.37 8000.00
22/02/2017 68.16 68.16 68.16 68.16 1 352.11 24000.00
01/03/2017 68.16 68.16 68.16 68.16 1 117.37 8000.00
03/03/2017 68.16 68.16 68.16 68.16 1 117.37 8000.00
16/03/2017 68.16 68.16 68.16 68.16 1 117.37 8000.00
29/03/2017 72.42 72.42 72.42 72.42 6 821.59 59500.00
30/03/2017 72.42 72.42 72.42 72.42 1 117.37 8500.00
05/04/2017 76.68 76.68 76.68 76.68 1 117.37 9000.00
06/04/2017 76.68 76.68 76.68 76.68 1 117.37 9000.00
11/05/2017 90.00 90.00 90.00 90.00 1 100.00 9000.00
23/05/2017 100.00 100.00 100.00 100.00 1 100.00 10000.00
02/06/2017 100.00 100.00 100.00 100.00 1 100.00 10000.00
06/06/2017 110.00 110.00 110.00 110.00 1 100.00 11000.00
13/06/2017 110.00 110.00 110.00 110.00 1 200.00 22000.00
