21/07/2016 39.05 38.53 40.12 39.31 3827 793814.80 31304580.00
22/07/2016 39.58 38.95 39.87 39.54 4029 688693.42 27175368.00
25/07/2016 39.74 39.44 40.30 39.73 5811 1178164.86 46926373.00
26/07/2016 39.70 39.34 40.09 39.34 4111 975127.99 38689626.00
27/07/2016 39.34 39.34 39.97 39.50 3279 625429.84 24827422.00
28/07/2016 39.37 38.97 39.96 38.97 5810 917480.78 36197646.00
29/07/2016 39.36 39.36 40.45 39.83 5322 1072301.70 42885971.00
01/08/2016 39.82 39.51 40.29 39.68 3334 534614.29 21332775.00
02/08/2016 39.61 39.29 40.30 39.64 6251 1023237.98 40562884.00
03/08/2016 39.25 39.19 40.47 40.34 7632 1272689.33 51018286.00
04/08/2016 40.11 40.02 41.43 40.84 4461 835248.73 33989920.00
05/08/2016 40.85 40.11 41.14 40.58 4982 973008.61 39473231.00
08/08/2016 40.25 40.15 40.71 40.39 2513 398232.01 16094461.00
09/08/2016 40.47 39.88 40.55 40.19 2560 429900.35 17259421.00
10/08/2016 40.20 39.62 40.34 39.62 1634 322865.21 12855828.00
11/08/2016 39.62 39.05 40.26 40.09 4287 885886.65 35371527.00
12/08/2016 40.31 39.72 40.62 40.01 2861 492009.73 19740509.00
15/08/2016 39.79 39.76 40.53 40.10 2863 394083.95 15835310.00
16/08/2016 39.72 39.17 40.45 39.17 6375 889302.66 35087871.00
17/08/2016 39.04 38.92 40.83 40.43 4375 678958.93 27120719.00
18/08/2016 41.25 38.84 41.25 38.84 3798 786097.59 31077995.00
19/08/2016 39.04 38.58 39.32 39.00 5310 755353.46 29358569.00
22/08/2016 38.42 38.09 39.07 38.49 4302 747693.30 28830775.00
23/08/2016 38.49 37.82 38.65 37.82 5312 784130.80 29823874.00
24/08/2016 37.71 37.69 38.84 38.36 5369 683617.14 26093293.00
25/08/2016 37.97 37.82 38.55 38.16 3681 621300.73 23676544.00
26/08/2016 38.55 36.96 38.55 37.62 6032 1018490.15 38279445.00
29/08/2016 37.94 37.39 39.26 38.47 3418 576996.04 22258637.00
30/08/2016 38.43 37.77 38.98 38.37 4652 626683.54 24058370.00
31/08/2016 38.26 37.44 38.69 37.68 5656 1068177.65 40408867.00
01/09/2016 37.78 37.57 38.75 38.43 4967 798933.54 30539335.00
02/09/2016 38.54 38.26 39.17 39.17 3818 864769.47 33686175.00
05/09/2016 39.20 38.84 39.55 39.04 2758 396982.39 15559992.00
06/09/2016 39.27 38.66 39.53 39.06 3441 565195.27 22015833.00
08/09/2016 38.65 38.29 39.15 38.52 6607 1270550.69 48937257.00
09/09/2016 37.79 37.47 38.21 37.57 4971 858247.98 32488506.00
12/09/2016 37.19 37.19 38.01 37.78 3140 523478.47 19716595.00
13/09/2016 37.62 37.19 37.91 37.43 5780 843859.31 31636711.00
14/09/2016 37.80 37.31 38.00 37.59 3331 493458.95 18553517.00
15/09/2016 37.48 37.29 37.92 37.81 2348 338082.00 12719947.00
16/09/2016 37.45 37.23 37.80 37.49 2354 593455.03 22223098.00
19/09/2016 37.85 37.25 38.07 37.68 2879 546562.46 20563311.00
20/09/2016 37.58 37.58 38.24 37.87 3734 912179.62 34561829.00
21/09/2016 37.63 37.63 38.42 38.21 4541 805455.02 30668833.00
22/09/2016 38.59 37.76 39.00 38.42 5521 1131943.27 43147468.00
23/09/2016 38.51 37.94 38.95 38.31 3025 414787.08 15898054.00
26/09/2016 38.42 37.74 38.42 38.26 3135 502775.35 19180355.00
27/09/2016 38.43 37.93 38.60 38.11 3552 510021.45 19518916.00
28/09/2016 38.41 37.97 38.79 38.47 4440 613744.09 23619089.00
29/09/2016 38.21 37.94 38.97 37.94 3491 636517.53 24418978.00
30/09/2016 38.18 37.19 38.53 37.19 6690 1458120.98 54786330.00
03/10/2016 37.19 36.84 38.37 37.80 6422 1068074.14 40365207.00
04/10/2016 37.80 37.17 38.04 37.31 5894 919943.29 34368075.00
05/10/2016 37.69 37.45 38.01 37.75 3786 618505.81 23328941.00
06/10/2016 37.87 37.36 37.87 37.58 2957 516232.39 19382936.00
07/10/2016 37.78 37.40 37.96 37.77 4073 649456.98 24498864.00
10/10/2016 37.97 37.61 38.42 37.73 3576 587968.71 22276220.00
11/10/2016 37.87 37.48 38.08 37.48 3577 684134.71 25777891.00
13/10/2016 37.53 37.53 38.86 38.06 9097 1887296.73 72056757.00
14/10/2016 38.12 38.11 39.12 38.11 4052 621300.73 23888815.00
17/10/2016 38.12 37.67 38.91 38.69 4906 851519.46 32852747.00
18/10/2016 38.76 38.44 39.48 39.23 8388 1147781.16 44883726.00
19/10/2016 39.11 38.62 39.31 38.83 6278 798105.41 30971403.00
20/10/2016 38.83 38.61 39.31 39.11 7975 994992.11 38814892.00
21/10/2016 39.31 39.09 39.80 39.28 6631 911662.04 35996054.00
24/10/2016 39.32 38.93 39.69 39.16 7114 980810.47 38335412.00
25/10/2016 39.12 38.91 39.34 39.12 4202 547701.13 21419727.00
26/10/2016 39.10 38.39 39.52 39.07 7593 1004101.48 39247161.00
27/10/2016 39.18 38.77 39.79 39.22 4764 755042.91 29827622.00
28/10/2016 39.43 38.54 39.50 39.12 7853 2822249.78 110209626.00
31/10/2016 39.26 38.68 39.81 39.17 6911 1091054.61 42935510.00
01/11/2016 39.20 37.86 39.75 37.96 7619 1176765.54 45052759.00
03/11/2016 37.96 37.19 38.45 37.25 8227 1244154.20 46866256.00
04/11/2016 37.27 36.82 37.94 36.95 7936 1015177.65 37945997.00
07/11/2016 37.10 37.10 38.18 37.77 4472 705458.93 26608555.00
08/11/2016 37.87 37.68 38.35 37.96 5511 717466.74 27260341.00
09/11/2016 37.20 36.60 37.99 37.34 7312 938058.52 35106140.00
10/11/2016 37.43 35.04 37.73 35.77 9961 1552320.19 56248235.00
11/11/2016 35.11 34.25 35.87 34.49 8841 1334167.67 46328491.00
14/11/2016 34.24 34.12 35.31 34.73 7357 1092629.41 37785812.00
16/11/2016 34.84 34.49 35.62 35.42 6194 1110464.51 38979330.00
17/11/2016 35.35 35.21 36.21 35.23 8398 1161014.29 41418502.00
18/11/2016 34.96 34.33 35.32 35.28 7156 917335.82 32125808.00
21/11/2016 35.15 34.88 35.57 35.03 4462 718092.23 25234585.00
22/11/2016 35.32 34.92 35.82 35.01 5530 1092833.23 38489867.00
23/11/2016 35.01 34.57 35.06 34.94 4699 680281.81 23690072.00
24/11/2016 34.94 34.66 35.07 34.83 818 144311.47 5025752.00
25/11/2016 34.48 34.29 35.03 34.76 2175 368728.03 12817507.00
28/11/2016 34.54 34.54 35.42 35.25 2768 429163.55 15057900.00
29/11/2016 35.04 34.68 35.36 34.83 5196 848033.70 29707649.00
30/11/2016 35.31 34.85 35.37 35.18 4950 1035760.90 36401522.00
01/12/2016 34.99 33.11 35.25 33.57 14431 1912025.02 64289237.00
02/12/2016 33.10 32.64 34.00 33.68 5662 923348.79 30871797.00
05/12/2016 33.68 33.04 34.11 33.37 3716 513039.49 17138728.00
06/12/2016 33.06 32.64 33.94 33.76 5720 1007122.82 33700982.00
07/12/2016 33.95 33.22 34.34 33.53 5422 827548.81 27759515.00
08/12/2016 33.70 33.32 34.09 33.37 5442 911220.92 30599285.00
09/12/2016 33.54 33.30 33.75 33.46 4977 694244.15 23275789.00
12/12/2016 33.29 32.67 33.34 33.03 5057 712996.49 23518935.00
13/12/2016 32.70 32.66 33.38 33.36 6270 1101088.34 36454752.00
14/12/2016 33.38 32.89 33.43 33.22 7073 1151841.95 38228625.00
15/12/2016 32.96 32.74 33.35 33.35 4596 629528.20 20846519.00
16/12/2016 33.36 33.16 33.82 33.42 4089 899602.63 30077710.00
19/12/2016 33.53 33.11 33.66 33.36 2008 411124.62 13708597.00
20/12/2016 33.67 32.64 33.67 32.89 4552 768743.92 25301998.00
21/12/2016 32.79 32.75 33.20 33.00 4689 782298.60 25729025.00
22/12/2016 32.78 32.78 33.56 33.39 3367 626776.50 20775825.00
23/12/2016 33.29 33.29 33.71 33.50 3015 520785.03 17450438.00
26/12/2016 33.68 33.36 33.88 33.59 1234 192721.03 6479686.00
27/12/2016 33.89 33.39 33.97 33.56 2328 330102.29 11082990.00
28/12/2016 33.48 33.46 34.25 34.15 2381 434768.87 14774499.00
29/12/2016 34.20 33.85 34.72 34.34 3364 778323.92 26670520.00
02/01/2017 34.36 33.76 34.38 34.20 1667 399710.15 13655746.00
03/01/2017 34.39 34.21 35.65 35.52 6118 1277808.74 44790871.00
04/01/2017 35.14 34.76 35.70 35.07 5570 821026.26 28888970.00
05/01/2017 35.30 34.63 35.33 34.81 4672 674065.00 23563873.00
06/01/2017 35.01 34.14 35.02 34.38 6302 918049.22 31655422.00
09/01/2017 34.22 34.22 34.77 34.41 5946 847727.95 29239048.00
10/01/2017 34.54 33.86 34.63 34.39 3684 753456.69 25926547.00
11/01/2017 34.58 33.95 34.84 34.15 5519 674166.92 23069853.00
12/01/2017 35.31 34.58 35.83 34.64 9990 1628192.09 57128019.00
13/01/2017 34.68 34.57 35.22 34.72 4257 687721.60 24040921.00
16/01/2017 34.83 34.16 35.04 34.32 2458 344879.95 11859758.00
17/01/2017 34.32 34.19 35.10 34.88 4344 690779.04 24036028.00
18/01/2017 34.94 34.77 35.29 34.98 3760 520683.11 18249802.00
19/01/2017 35.17 34.76 35.24 35.13 3872 671822.87 23575382.00
20/01/2017 35.25 34.73 35.51 35.18 4139 550544.17 19380998.00
23/01/2017 35.35 35.10 35.77 35.56 3009 552786.30 19594219.00
24/01/2017 35.56 34.86 35.56 34.86 4093 747341.80 26229152.00
26/01/2017 34.97 34.94 35.98 35.48 4308 798095.41 28371524.00
27/01/2017 35.51 35.10 35.73 35.42 3049 398181.43 14063307.00
30/01/2017 35.14 34.84 35.51 34.94 4499 591208.21 20742103.00
31/01/2017 35.00 34.37 35.56 35.13 4225 665300.32 23312667.00
01/02/2017 35.42 34.47 35.57 34.98 4635 818376.47 28682745.00
02/02/2017 34.80 34.55 35.70 35.44 3464 509370.56 18037927.00
03/02/2017 35.49 35.21 36.10 35.77 4587 874939.23 31273985.00
06/02/2017 35.94 35.34 36.02 35.62 3766 541371.83 19290744.00
07/02/2017 35.79 35.32 35.88 35.58 2792 815828.60 28974564.00
08/02/2017 35.70 35.35 35.80 35.72 3672 483076.52 17195304.00
09/02/2017 35.59 35.55 37.12 36.40 6945 2328551.13 84805139.00
10/02/2017 36.41 35.91 36.69 36.45 3845 712690.74 25953416.00
13/02/2017 36.45 36.12 36.94 36.62 5738 1026078.99 37445587.00
14/02/2017 36.69 36.03 36.69 36.10 5108 1376666.17 49965631.00
15/02/2017 36.41 36.25 36.89 36.66 9612 1718590.58 62897278.00
16/02/2017 36.39 36.21 36.82 36.45 3825 605680.12 22115323.00
17/02/2017 36.25 36.23 36.87 36.65 3910 778018.18 28372534.00
20/02/2017 36.65 36.41 37.12 36.70 2626 318687.82 11697824.00
21/02/2017 36.98 36.41 37.24 36.86 3763 609756.71 22489484.00
22/02/2017 36.63 36.63 37.42 36.99 4831 1000906.02 37151705.00
23/02/2017 37.28 36.59 37.33 36.99 5839 844670.51 31294138.00
24/02/2017 36.62 36.03 37.09 36.29 8864 1326524.05 48450106.00
01/03/2017 36.59 36.29 36.90 36.50 4486 574901.83 21011260.00
02/03/2017 36.39 35.97 36.59 36.29 4498 631464.58 22874819.00
03/03/2017 36.29 35.49 36.46 36.05 5208 750908.82 26937066.00
06/03/2017 35.96 35.87 36.82 36.30 5832 893793.48 32535390.00
07/03/2017 36.48 36.27 36.65 36.48 3651 567665.87 20706350.00
08/03/2017 36.49 35.69 36.59 35.95 4971 687721.60 24761344.00
09/03/2017 35.92 34.99 35.95 35.02 5039 875652.63 30910950.00
10/03/2017 35.16 34.70 35.59 35.17 6067 1782796.96 62633023.00
13/03/2017 35.33 34.78 36.45 35.96 4944 1366576.60 48630965.00
14/03/2017 35.62 35.52 36.29 35.52 4615 917539.65 32937376.00
15/03/2017 35.72 35.22 36.09 35.52 5850 1075201.96 38250859.00
16/03/2017 35.52 35.52 36.38 35.86 3740 561856.72 20226334.00
17/03/2017 36.29 35.61 36.58 36.26 4903 1727151.43 62592057.00
20/03/2017 36.28 35.69 36.52 35.87 3549 580812.89 20887011.00
21/03/2017 35.87 35.05 36.00 35.28 7465 993160.48 35064411.00
22/03/2017 35.23 34.89 35.60 35.35 5145 861588.38 30303633.00
23/03/2017 35.11 34.92 35.94 35.24 4000 564608.42 20077381.00
24/03/2017 35.24 35.07 35.54 35.52 4354 821230.09 28985787.00
27/03/2017 35.34 34.97 35.65 35.25 3658 527103.75 18633605.00
28/03/2017 35.13 34.59 35.29 34.86 5022 868518.59 30224537.00
29/03/2017 34.78 34.47 35.13 35.12 3771 628916.71 21931779.00
30/03/2017 35.09 34.44 35.10 34.73 3633 627184.16 21806185.00
31/03/2017 34.58 34.51 35.17 34.71 4011 556557.15 19428328.00
03/04/2017 34.70 34.56 35.08 34.82 2990 520988.86 18115047.00
04/04/2017 34.82 34.65 35.28 35.22 2564 390232.07 13663421.00
05/04/2017 35.22 34.39 35.22 34.79 6039 766909.46 26709645.00
06/04/2017 34.70 34.04 34.74 34.40 4383 648280.54 22288540.00
07/04/2017 34.33 34.21 34.97 34.34 3578 558493.53 19258940.00
10/04/2017 34.46 34.08 34.60 34.35 2423 417545.25 14309125.00
11/04/2017 34.34 33.73 34.58 34.29 6057 778425.84 26703101.00
12/04/2017 34.43 33.95 34.82 34.01 5678 817255.41 27968787.00
13/04/2017 33.98 33.36 34.28 33.36 3218 631158.84 21285076.00
17/04/2017 33.53 33.42 34.25 34.10 5594 833867.53 28410993.00
18/04/2017 33.97 33.90 34.21 34.15 3629 510185.88 17387576.00
19/04/2017 34.18 33.55 34.25 33.67 4484 643898.20 21788173.00
20/04/2017 33.80 33.67 34.57 33.79 4305 831727.32 28349430.00
24/04/2017 33.85 33.36 34.34 33.84 4207 534543.53 18072154.00
25/04/2017 33.89 33.38 34.25 34.10 4936 834173.28 28353496.00
26/04/2017 34.34 33.68 34.71 33.93 3819 708308.40 24054671.00
27/04/2017 34.11 33.47 34.13 33.69 5034 847116.46 28581987.00
28/04/2017 33.68 33.36 33.89 33.36 4044 1389099.78 46511045.00
02/05/2017 33.53 33.46 34.43 34.03 7812 2397343.67 81691881.00
03/05/2017 34.15 33.90 34.34 34.13 5230 943222.19 32238237.00
04/05/2017 33.89 33.56 34.29 33.78 6534 862811.36 29143878.00
05/05/2017 33.84 33.57 33.98 33.77 4763 650930.32 21977888.00
08/05/2017 33.85 33.46 33.91 33.57 3171 439966.53 14784735.00
09/05/2017 33.73 33.41 33.89 33.41 4682 819089.87 27553996.00
10/05/2017 33.57 33.48 33.84 33.68 6967 1036983.88 34944727.00
11/05/2017 33.79 33.40 34.13 33.44 2923 760488.82 25557758.00
12/05/2017 33.61 33.61 34.10 33.78 6657 936597.73 31721649.00
15/05/2017 33.85 33.70 34.09 34.03 4667 633400.97 21478616.00
16/05/2017 34.08 33.75 34.26 34.21 6090 908367.31 30920222.00
17/05/2017 33.96 33.42 34.12 33.86 7799 1523219.76 51448788.00
18/05/2017 32.28 29.73 33.32 32.10 18281 2780135.95 89633797.00
19/05/2017 32.21 32.21 33.02 32.77 9184 1822034.19 59476639.00
22/05/2017 32.77 32.30 32.92 32.53 8588 1363621.07 44420265.00
23/05/2017 32.68 32.41 33.34 32.58 5812 954942.41 31287264.00
24/05/2017 33.06 32.82 33.31 32.90 6035 888901.56 29425061.00
25/05/2017 33.10 32.55 33.12 32.77 3790 550034.60 18031630.00
26/05/2017 33.02 32.81 33.32 33.09 5245 972064.10 32161345.00
29/05/2017 32.87 32.61 33.03 32.88 2930 443635.46 14550695.00
30/05/2017 33.00 32.86 33.30 33.15 4307 836100.00 27691609.00
31/05/2017 33.26 32.57 33.26 33.17 6721 1232400.00 40636104.00
01/06/2017 33.17 32.88 33.66 33.38 7120 1132000.00 37668313.00
02/06/2017 33.63 33.25 33.75 33.39 7744 1093300.00 36598806.00
05/06/2017 33.29 33.00 33.72 33.14 6852 954000.00 31745714.00
06/06/2017 33.14 32.96 33.44 33.14 5755 881300.00 29218023.00
07/06/2017 33.41 33.08 33.46 33.46 5234 1040200.00 34642130.00
08/06/2017 33.35 32.93 33.39 33.20 4022 667700.00 22161795.00
09/06/2017 33.32 32.94 33.46 33.30 5911 959400.00 31800007.00
12/06/2017 33.38 32.95 33.38 33.20 5892 817300.00 27046337.00
13/06/2017 33.17 33.00 33.50 33.31 7709 1024900.00 34097596.00
14/06/2017 33.34 33.08 33.68 33.20 6768 1716800.00 57245322.00
16/06/2017 33.12 33.12 34.41 34.41 5654 3269600.00 111653232.00
