05/07/2016 5.22 5.22 5.22 5.22 1 100.00 522.00
22/07/2016 5.06 5.06 5.15 5.15 11 1300.00 6650.00
29/07/2016 5.01 5.01 5.01 5.01 1 100.00 501.00
03/08/2016 5.50 5.50 5.50 5.50 2 200.00 1100.00
04/08/2016 5.51 5.51 5.51 5.51 1 400.00 2204.00
11/08/2016 5.04 5.04 5.05 5.05 4 1500.00 7565.00
12/08/2016 5.77 5.77 5.77 5.77 1 100.00 577.00
15/08/2016 5.74 5.74 5.74 5.74 1 100.00 574.00
16/08/2016 5.74 5.74 5.74 5.74 2 200.00 1148.00
17/08/2016 5.19 5.19 5.19 5.19 1 100.00 519.00
24/08/2016 5.15 5.15 5.15 5.15 2 600.00 3090.00
26/08/2016 5.04 5.04 5.04 5.04 2 500.00 2520.00
05/09/2016 5.10 5.10 5.10 5.10 1 100.00 510.00
19/09/2016 5.01 5.01 5.16 5.16 3 1600.00 8106.00
27/09/2016 4.82 4.82 4.82 4.82 1 400.00 1928.00
28/09/2016 4.89 4.80 4.90 4.90 4 1100.00 5375.00
30/09/2016 4.75 4.75 5.26 5.26 2 500.00 2579.00
03/10/2016 4.93 4.93 5.20 4.93 4 1400.00 6956.00
21/10/2016 5.01 5.00 5.01 5.00 2 300.00 1502.00
24/10/2016 4.93 4.93 4.93 4.93 1 100.00 493.00
26/10/2016 5.17 5.17 5.17 5.17 3 300.00 1551.00
07/11/2016 4.80 4.80 4.80 4.80 4 2900.00 13920.00
08/11/2016 4.80 4.80 4.80 4.80 4 2100.00 10080.00
09/11/2016 4.75 4.75 4.75 4.75 1 1000.00 4750.00
10/11/2016 4.50 4.50 4.50 4.50 1 100.00 450.00
17/11/2016 4.53 4.53 4.53 4.53 1 100.00 453.00
06/12/2016 4.09 3.99 4.09 4.00 21 18600.00 74719.00
07/12/2016 4.00 4.00 4.05 4.02 8 9400.00 37785.00
08/12/2016 4.02 4.00 4.02 4.02 3 3100.00 12404.00
12/12/2016 4.10 4.10 4.10 4.10 2 800.00 3280.00
13/12/2016 4.15 4.15 4.15 4.15 1 100.00 415.00
14/12/2016 4.16 4.16 4.16 4.16 1 300.00 1248.00
15/12/2016 4.17 4.17 4.17 4.17 1 500.00 2085.00
16/12/2016 4.17 4.17 4.17 4.17 1 100.00 417.00
19/12/2016 4.17 4.17 4.17 4.17 2 300.00 1251.00
21/12/2016 4.15 4.15 4.15 4.15 1 2900.00 12035.00
22/12/2016 4.16 4.16 4.26 4.25 6 6700.00 28206.00
23/12/2016 4.25 4.25 4.25 4.25 2 4100.00 17425.00
27/12/2016 4.25 4.25 4.25 4.25 1 100.00 425.00
29/12/2016 4.25 4.25 4.25 4.25 3 1100.00 4675.00
02/01/2017 4.25 4.25 4.25 4.25 1 500.00 2125.00
03/01/2017 4.25 4.25 4.25 4.25 4 700.00 2975.00
17/01/2017 4.74 4.74 4.74 4.74 3 500.00 2370.00
23/01/2017 4.50 4.50 4.50 4.50 1 100.00 450.00
26/01/2017 4.50 4.50 4.50 4.50 2 300.00 1350.00
27/01/2017 4.50 4.50 4.50 4.50 1 300.00 1350.00
01/02/2017 4.50 4.50 4.50 4.50 3 1300.00 5850.00
03/02/2017 4.55 4.55 4.55 4.55 1 100.00 455.00
08/02/2017 4.60 4.60 5.30 5.25 7 3200.00 16510.00
13/02/2017 5.31 5.31 5.31 5.31 1 100.00 531.00
21/02/2017 5.31 5.31 5.31 5.31 1 200.00 1062.00
23/03/2017 5.24 5.24 5.24 5.24 1 100.00 524.00
28/03/2017 5.38 5.38 5.38 5.38 1 200.00 1076.00
29/03/2017 5.51 5.51 5.51 5.51 1 100.00 551.00
30/03/2017 5.50 5.50 5.50 5.50 2 200.00 1100.00
31/03/2017 6.10 6.10 6.10 6.10 1 100.00 610.00
03/04/2017 7.12 7.12 7.12 7.12 1 200.00 1424.00
10/04/2017 7.11 7.11 7.11 7.11 1 200.00 1422.00
18/04/2017 5.52 5.52 7.00 7.00 3 300.00 1804.00
03/05/2017 6.01 6.01 6.12 6.10 13 2900.00 17686.00
08/05/2017 6.00 6.00 6.00 6.00 1 500.00 3000.00
09/05/2017 5.60 5.60 6.00 6.00 4 900.00 5280.00
10/05/2017 6.00 6.00 6.35 6.35 6 2200.00 13275.00
11/05/2017 6.00 6.00 6.00 6.00 3 900.00 5400.00
12/05/2017 6.01 5.80 6.01 5.80 4 400.00 2383.00
19/05/2017 6.20 6.20 6.20 6.20 2 200.00 1240.00
01/06/2017 6.00 6.00 6.00 6.00 1 100.00 600.00
06/06/2017 5.50 5.50 5.82 5.82 4 500.00 2798.00
