22/07/2016 5.07 5.07 5.07 5.07 2 500.00 2535.00
11/08/2016 4.81 4.80 4.81 4.80 5 1200.00 5762.00
12/08/2016 4.81 4.81 4.81 4.81 2 2000.00 9620.00
16/08/2016 4.81 4.81 4.82 4.82 2 200.00 963.00
24/08/2016 4.64 4.64 4.64 4.64 4 500.00 2320.00
31/08/2016 5.01 5.01 5.01 5.01 8 3200.00 16032.00
14/09/2016 4.60 4.40 4.89 4.89 14 3400.00 15589.00
16/09/2016 4.35 4.25 4.35 4.27 14 3500.00 14996.00
19/09/2016 4.49 4.30 4.69 4.30 8 4200.00 18519.00
20/09/2016 4.21 4.20 4.21 4.20 4 2000.00 8404.00
21/09/2016 4.05 4.05 4.05 4.05 1 900.00 3645.00
28/09/2016 4.01 4.00 4.01 4.00 9 5000.00 20010.00
11/10/2016 3.91 3.91 3.91 3.91 1 500.00 1955.00
20/10/2016 3.93 3.93 3.93 3.93 1 100.00 393.00
21/10/2016 3.92 3.92 3.95 3.95 2 200.00 787.00
24/10/2016 4.00 4.00 4.00 4.00 1 100.00 400.00
25/10/2016 4.09 4.09 4.09 4.09 1 100.00 409.00
26/10/2016 3.91 3.91 3.91 3.91 3 300.00 1173.00
28/10/2016 3.90 3.90 3.91 3.90 6 2000.00 7804.00
01/11/2016 3.81 3.81 3.90 3.90 4 700.00 2685.00
10/11/2016 3.80 3.80 3.80 3.80 3 700.00 2660.00
11/11/2016 3.70 3.70 3.70 3.70 1 600.00 2220.00
08/12/2016 4.00 4.00 4.00 4.00 1 800.00 3200.00
12/12/2016 3.65 3.65 3.66 3.66 2 200.00 731.00
19/12/2016 3.70 3.70 3.70 3.70 1 100.00 370.00
16/01/2017 4.20 4.20 4.20 4.20 3 400.00 1680.00
08/02/2017 4.37 4.37 4.40 4.37 5 800.00 3499.00
10/02/2017 4.50 4.50 4.50 4.50 3 600.00 2700.00
13/02/2017 4.37 4.37 4.37 4.37 2 300.00 1311.00
15/02/2017 4.15 4.15 4.15 4.15 1 400.00 1660.00
20/04/2017 4.30 4.30 4.30 4.30 1 600.00 2580.00
24/04/2017 4.31 4.31 4.31 4.31 1 100.00 431.00
09/05/2017 4.10 4.10 4.18 4.18 4 400.00 1656.00
17/05/2017 4.79 4.79 4.79 4.79 1 100.00 479.00
18/05/2017 4.03 4.03 4.03 4.03 1 100.00 403.00
01/06/2017 4.80 4.80 4.80 4.80 1 100.00 480.00
02/06/2017 5.20 5.20 5.20 5.20 3 600.00 3120.00
