20/06/2016 8.39 8.39 8.64 8.56 6966 2053100.00 17541192.00
21/06/2016 8.56 8.36 9.10 9.10 6985 3837600.00 33810861.00
22/06/2016 9.13 9.13 10.37 10.20 16090 7924700.00 79386617.00
23/06/2016 10.45 10.21 11.49 11.47 12422 10198500.00 113920021.00
24/06/2016 10.81 10.78 12.05 11.70 13887 6333100.00 73639018.00
27/06/2016 11.81 11.27 12.06 12.06 10583 3412000.00 40222421.00
28/06/2016 12.42 12.36 13.44 13.20 12313 5059600.00 65685127.00
29/06/2016 13.35 12.30 13.55 12.82 11726 4708800.00 60799585.00
30/06/2016 12.59 12.35 13.29 12.84 12289 4699100.00 60809261.00
01/07/2016 12.96 12.25 13.06 12.79 11174 3158600.00 39686428.00
04/07/2016 12.75 12.75 13.40 13.25 5374 1666200.00 21907933.00
05/07/2016 13.25 13.10 13.78 13.75 8226 3288300.00 44351912.00
06/07/2016 13.78 13.14 13.82 13.55 10090 2645200.00 35478838.00
07/07/2016 13.60 13.44 13.83 13.83 5986 2024800.00 27619889.00
08/07/2016 13.82 13.55 14.01 14.00 7960 3726600.00 51680800.00
11/07/2016 13.89 13.89 15.24 15.18 11383 4500700.00 67215030.00
12/07/2016 15.37 15.11 15.71 15.46 8577 5015900.00 77558044.00
13/07/2016 15.40 14.74 15.45 15.22 8308 3099300.00 46847431.00
14/07/2016 15.30 15.24 16.08 15.90 5361 2126500.00 33517295.00
15/07/2016 15.82 15.43 16.20 16.11 6845 2437400.00 38912058.00
18/07/2016 15.98 15.87 16.36 16.36 6342 2791700.00 45309924.00
19/07/2016 16.08 15.26 16.38 15.58 4937 1589900.00 24857789.00
20/07/2016 15.62 15.30 15.84 15.30 6880 2479800.00 38550024.00
21/07/2016 15.17 14.94 15.62 15.62 7261 2120500.00 32516986.00
22/07/2016 15.50 15.50 16.62 16.52 5727 1901000.00 30791727.00
25/07/2016 16.92 16.62 17.26 17.21 9364 3282800.00 55940963.00
26/07/2016 17.08 16.28 17.20 16.81 8060 2596500.00 43390016.00
27/07/2016 16.95 16.47 16.95 16.74 4374 1532500.00 25496847.00
28/07/2016 16.61 16.09 17.24 17.24 7404 2233000.00 37639085.00
29/07/2016 17.19 16.91 17.63 17.63 7852 2279400.00 39535255.00
01/08/2016 17.64 17.22 17.94 17.60 6550 1713000.00 30176044.00
02/08/2016 17.51 17.43 17.74 17.70 4582 1353300.00 23825802.00
03/08/2016 17.60 17.19 18.15 18.15 5644 1563800.00 27893226.00
04/08/2016 18.07 18.06 19.32 19.32 8077 3292500.00 62313107.00
05/08/2016 19.24 19.01 20.00 19.80 7484 3200400.00 62760885.00
08/08/2016 19.80 18.98 19.85 19.60 8556 2521400.00 49224774.00
09/08/2016 19.78 18.45 19.78 19.00 6625 1927100.00 36773620.00
10/08/2016 19.10 18.83 19.67 19.14 9508 2269200.00 43626463.00
11/08/2016 19.38 18.89 19.97 19.70 7512 2734200.00 53566206.00
12/08/2016 19.30 19.29 19.90 19.65 4520 1194400.00 23493024.00
15/08/2016 19.77 19.49 19.85 19.75 1602 648600.00 12784755.00
16/08/2016 19.98 19.29 20.85 19.70 5643 1758100.00 34864166.00
17/08/2016 19.70 18.60 19.82 19.51 6326 2503200.00 47773981.00
18/08/2016 19.35 19.13 19.78 19.68 5091 968700.00 18926400.00
19/08/2016 19.64 18.98 19.67 19.02 4308 1466600.00 28117594.00
22/08/2016 19.03 18.13 19.07 18.50 5979 1266000.00 23381452.00
23/08/2016 18.56 18.17 18.85 18.36 3887 1672900.00 30882747.00
24/08/2016 18.28 17.83 18.59 18.30 4006 1236100.00 22397111.00
25/08/2016 18.48 18.21 18.85 18.58 5016 1658000.00 30717597.00
26/08/2016 18.71 18.64 20.89 20.33 12808 7331400.00 145094924.00
29/08/2016 20.09 19.79 20.82 20.69 6898 2300200.00 47362095.00
30/08/2016 20.74 20.65 22.27 22.17 9946 3424900.00 73290135.00
31/08/2016 22.15 21.68 22.55 22.53 7834 2627500.00 58334131.00
01/09/2016 22.55 22.06 23.00 22.91 4685 1442600.00 32698775.00
02/09/2016 22.91 22.91 24.04 23.71 6347 1315500.00 31258885.00
05/09/2016 23.71 22.89 23.92 22.89 2554 928100.00 21447981.00
06/09/2016 22.72 22.66 23.45 23.40 6095 1181300.00 27335901.00
08/09/2016 23.35 23.28 24.33 24.07 7060 1551500.00 37196065.00
09/09/2016 24.08 22.80 24.26 23.05 7100 1741200.00 40304892.00
12/09/2016 23.10 22.45 23.12 22.87 6585 2210200.00 50253480.00
13/09/2016 22.56 21.07 22.91 21.66 11988 2825500.00 61545030.00
14/09/2016 21.66 21.53 22.18 21.85 4545 1010000.00 22076929.00
15/09/2016 22.50 22.12 22.75 22.15 4499 960100.00 21428567.00
16/09/2016 22.24 20.40 22.43 20.75 9924 3038000.00 63355079.00
19/09/2016 20.91 20.25 21.61 20.40 8559 1691700.00 35013604.00
20/09/2016 20.34 20.34 20.94 20.52 5916 1235300.00 25482753.00
21/09/2016 20.70 19.70 20.83 19.93 6564 1355700.00 27178400.00
22/09/2016 20.19 19.57 20.45 19.90 3831 1509700.00 30235569.00
23/09/2016 19.60 19.45 20.15 19.65 4797 997900.00 19750597.00
26/09/2016 19.38 18.81 19.38 19.24 5246 1525100.00 29142595.00
27/09/2016 19.12 18.62 19.35 18.90 6820 1946500.00 36834874.00
28/09/2016 18.82 18.82 19.94 19.70 6911 1476400.00 28846222.00
29/09/2016 19.78 19.07 20.23 19.24 7139 2181800.00 42611904.00
30/09/2016 19.25 18.84 19.37 19.26 3281 1122900.00 21531086.00
03/10/2016 19.19 19.15 19.63 19.50 4646 1349400.00 26303811.00
04/10/2016 19.50 18.60 19.65 19.01 7269 1742200.00 32938827.00
05/10/2016 19.14 18.90 19.64 18.97 4990 919000.00 17583041.00
06/10/2016 18.98 18.95 19.77 19.56 9075 1625500.00 31601128.00
07/10/2016 19.71 19.38 20.09 19.63 5037 1369600.00 27033042.00
10/10/2016 19.85 19.57 20.98 20.54 11131 2729700.00 55800756.00
11/10/2016 20.75 19.96 20.85 20.84 6622 1590500.00 32449845.00
13/10/2016 20.90 20.05 21.26 21.18 16719 4639100.00 96299179.00
14/10/2016 21.35 20.80 21.64 21.10 9041 1932000.00 40854263.00
17/10/2016 21.27 20.68 21.39 21.29 3138 592100.00 12533840.00
18/10/2016 21.29 21.29 22.71 22.60 14785 3422000.00 75776301.00
19/10/2016 22.60 21.68 22.92 22.00 15916 5244900.00 117180042.00
20/10/2016 21.80 21.58 22.18 22.00 5058 999200.00 21946056.00
21/10/2016 22.00 21.93 22.71 22.55 6416 1282500.00 28774233.00
24/10/2016 22.70 22.52 23.03 22.93 6145 1287400.00 29429636.00
25/10/2016 22.93 22.07 23.28 23.28 8197 2118400.00 48458773.00
26/10/2016 23.27 22.93 23.45 23.18 7885 1949400.00 45236169.00
27/10/2016 23.32 23.31 24.00 23.46 5301 1913200.00 45137266.00
28/10/2016 23.19 23.19 23.91 23.91 7208 1828200.00 43372801.00
31/10/2016 23.82 23.53 24.71 23.70 11057 2455000.00 58707391.00
01/11/2016 23.56 22.94 23.90 23.27 7249 1760700.00 40902776.00
03/11/2016 23.30 22.63 23.30 22.78 7680 1831200.00 41984719.00
04/11/2016 22.78 22.64 23.29 22.72 5966 1315500.00 30180115.00
07/11/2016 22.86 22.86 23.60 23.10 5135 1237600.00 28680372.00
08/11/2016 22.90 22.90 23.48 23.26 4146 782900.00 18231925.00
09/11/2016 22.49 22.29 23.55 23.51 5863 1343500.00 31207364.00
10/11/2016 23.60 22.10 23.87 22.19 15878 3115900.00 70881829.00
11/11/2016 22.00 20.93 22.43 22.10 11485 2305300.00 49830981.00
14/11/2016 22.00 20.93 22.70 22.14 13826 2350200.00 51539049.00
16/11/2016 23.70 21.34 23.70 22.90 26001 5762200.00 129067281.00
17/11/2016 23.03 21.68 23.50 22.24 11885 2483200.00 55567102.00
18/11/2016 22.06 21.95 22.77 22.50 7819 1781100.00 39807954.00
21/11/2016 22.56 22.40 23.65 23.55 5466 1350100.00 31407612.00
22/11/2016 23.70 23.64 24.26 23.90 4725 1330200.00 31885526.00
23/11/2016 24.20 23.15 24.30 23.80 6062 1419200.00 33471946.00
24/11/2016 23.80 23.67 24.97 24.80 7864 1498600.00 36864317.00
25/11/2016 24.50 24.09 25.00 24.99 5626 3473900.00 85663791.00
28/11/2016 24.99 24.99 25.93 25.72 17688 3591600.00 92408294.00
29/11/2016 25.41 25.40 25.94 25.76 11727 2506300.00 64510303.00
30/11/2016 26.15 25.10 26.15 25.65 26207 25555800.00 655009934.00
01/12/2016 25.65 24.29 25.87 24.84 15117 3765300.00 95104258.00
02/12/2016 24.60 23.91 24.70 24.00 14191 2817800.00 68436022.00
05/12/2016 24.12 23.32 24.43 23.99 6897 1264500.00 30143603.00
06/12/2016 23.99 23.62 24.27 23.95 6002 1125100.00 26914212.00
07/12/2016 24.10 23.10 24.10 23.59 9160 1500000.00 35373590.00
08/12/2016 23.50 22.77 23.54 23.00 6957 1474700.00 34025256.00
09/12/2016 23.05 22.47 23.15 22.90 6712 1660900.00 37903223.00
12/12/2016 22.75 22.15 23.03 22.91 4436 1421100.00 32418847.00
13/12/2016 23.03 22.42 23.03 22.73 9329 1665900.00 37845414.00
14/12/2016 22.58 22.20 22.84 22.66 10273 1711900.00 38734757.00
15/12/2016 22.45 22.24 22.87 22.85 4521 1066300.00 24184988.00
16/12/2016 22.97 22.55 23.15 22.71 5852 2603100.00 59302150.00
19/12/2016 22.69 22.50 22.84 22.78 4425 1352200.00 30754909.00
20/12/2016 22.81 21.70 22.81 22.00 8250 1897700.00 42018225.00
21/12/2016 21.84 21.84 22.68 22.40 5493 1164600.00 25974618.00
22/12/2016 22.43 21.75 22.63 22.00 6029 986100.00 21645660.00
23/12/2016 22.14 21.87 22.51 22.34 3704 788000.00 17496944.00
26/12/2016 22.37 22.16 22.84 22.80 1367 300100.00 6823377.00
27/12/2016 22.84 22.04 22.87 22.41 3167 578400.00 12949178.00
28/12/2016 22.39 22.20 22.74 22.74 2386 568900.00 12810496.00
29/12/2016 22.83 22.13 22.88 22.81 7243 4205800.00 95799139.00
02/01/2017 22.50 22.21 22.80 22.50 2030 602400.00 13550271.00
03/01/2017 22.56 21.90 22.86 22.34 7451 1846200.00 41295780.00
04/01/2017 22.29 22.27 22.66 22.59 5826 1350900.00 30358295.00
05/01/2017 22.60 22.46 22.79 22.50 4265 733900.00 16608195.00
06/01/2017 22.57 22.06 22.58 22.47 2480 624200.00 13981629.00
09/01/2017 22.41 22.08 22.81 22.08 4921 1236900.00 27714549.00
10/01/2017 22.20 21.70 22.30 21.98 3598 1027900.00 22619732.00
11/01/2017 22.10 21.20 22.11 21.53 5450 964600.00 20700600.00
12/01/2017 22.50 22.08 23.33 23.20 15697 3039200.00 69712899.00
13/01/2017 23.20 22.92 23.40 23.19 7488 1913600.00 44332084.00
16/01/2017 23.01 22.36 23.11 22.69 2655 766900.00 17431640.00
17/01/2017 22.50 22.50 23.14 22.72 8411 1465700.00 33508563.00
18/01/2017 22.90 21.68 22.91 21.82 6497 1503900.00 33480548.00
19/01/2017 21.84 20.82 21.85 21.63 5455 1429500.00 30420480.00
20/01/2017 21.75 21.66 22.68 22.13 6957 1495400.00 33207331.00
23/01/2017 22.35 22.35 23.13 22.97 3940 835700.00 19104985.00
24/01/2017 22.97 22.50 23.10 22.53 3501 710200.00 16179246.00
26/01/2017 22.50 21.96 22.98 22.00 6261 1277000.00 28574260.00
27/01/2017 22.05 21.50 22.13 21.69 3646 712000.00 15489177.00
30/01/2017 21.60 20.68 21.71 20.84 4638 1016200.00 21299083.00
31/01/2017 20.75 20.75 21.55 20.83 4275 1345900.00 28360344.00
01/02/2017 21.24 20.79 21.63 20.98 5583 1408500.00 29558015.00
02/02/2017 20.99 20.87 21.68 21.32 6027 1519000.00 32581524.00
03/02/2017 21.33 21.22 22.29 21.93 5862 1211200.00 26607200.00
06/02/2017 21.90 21.40 22.10 21.56 5022 912500.00 19737281.00
07/02/2017 21.61 21.61 22.35 21.93 4880 1128200.00 24844281.00
08/02/2017 21.93 21.60 22.68 22.21 7874 1301900.00 29033294.00
09/02/2017 22.40 21.35 22.43 21.60 4994 1162200.00 25238720.00
10/02/2017 21.60 21.42 22.86 22.63 6721 1581400.00 35316458.00
13/02/2017 22.59 22.56 23.13 22.86 6644 1376000.00 31490857.00
14/02/2017 22.85 21.94 22.95 22.17 4645 1395500.00 31085895.00
15/02/2017 22.40 22.07 22.59 22.32 5647 1036100.00 23182914.00
16/02/2017 22.28 21.91 22.28 22.15 5602 1177900.00 25957364.00
17/02/2017 22.15 21.74 22.27 21.77 4248 888400.00 19430279.00
20/02/2017 21.80 21.59 22.03 21.80 2460 443400.00 9696655.00
21/02/2017 21.81 21.01 21.81 21.06 6290 1445400.00 30701191.00
22/02/2017 21.28 20.90 21.55 21.23 7432 2006200.00 42613549.00
23/02/2017 21.29 21.26 22.28 21.39 6618 1802500.00 39204330.00
24/02/2017 21.31 21.01 21.73 21.49 6336 1813200.00 38779369.00
01/03/2017 21.56 21.27 21.93 21.69 5498 1363000.00 29326564.00
02/03/2017 21.46 20.45 21.69 20.45 7764 1589600.00 33079921.00
03/03/2017 20.57 20.57 21.27 21.07 6383 1221100.00 25540470.00
06/03/2017 21.00 21.00 21.70 21.70 6199 1287600.00 27628213.00
07/03/2017 21.70 20.88 21.97 21.07 6984 1247500.00 26610861.00
08/03/2017 21.05 20.26 21.05 20.62 6402 1579300.00 32454382.00
09/03/2017 20.50 20.50 20.95 20.67 5721 1101600.00 22835016.00
10/03/2017 20.74 20.03 21.13 20.37 6343 1359600.00 27879711.00
13/03/2017 20.40 20.17 20.85 20.30 3809 741900.00 15134241.00
14/03/2017 20.16 19.22 20.36 19.42 4362 865100.00 16982964.00
15/03/2017 19.50 18.99 20.02 19.78 5743 1212100.00 23764600.00
16/03/2017 19.94 19.15 19.95 19.31 3886 751200.00 14641676.00
17/03/2017 19.41 18.61 19.79 19.03 5137 2195700.00 41973820.00
20/03/2017 19.30 19.05 20.06 19.47 6106 1470800.00 28710691.00
21/03/2017 19.32 18.61 19.52 18.77 5912 1071800.00 20208322.00
22/03/2017 18.77 18.61 19.32 19.08 3648 857300.00 16327865.00
23/03/2017 18.86 18.67 19.04 18.69 4185 1095100.00 20652031.00
24/03/2017 18.80 18.76 19.07 19.02 2673 866900.00 16455233.00
27/03/2017 18.86 17.63 18.91 17.99 9110 2763000.00 49922961.00
28/03/2017 18.12 17.09 18.12 17.34 7921 2523300.00 43684556.00
29/03/2017 17.30 16.94 17.45 17.15 11376 2935200.00 50507691.00
30/03/2017 17.15 17.00 17.37 17.21 5953 1251100.00 21547111.00
31/03/2017 17.13 17.07 17.47 17.10 8519 2166800.00 37421572.00
03/04/2017 17.14 17.10 17.42 17.20 4512 1025000.00 17702991.00
04/04/2017 17.31 16.94 17.31 17.11 3653 2350600.00 40196936.00
05/04/2017 17.01 16.48 17.28 16.50 5652 1310000.00 21957051.00
06/04/2017 16.50 15.83 16.64 15.97 8765 1763500.00 28516621.00
07/04/2017 15.79 15.67 16.34 15.76 4850 1356400.00 21591486.00
10/04/2017 15.89 15.20 15.89 15.38 4771 1217000.00 18756290.00
11/04/2017 15.11 14.97 15.86 15.75 7987 1954100.00 30161790.00
12/04/2017 15.82 15.54 15.91 15.91 10757 2737400.00 43095311.00
13/04/2017 15.90 15.25 15.90 15.32 7243 1707000.00 26448945.00
17/04/2017 15.32 15.22 15.79 15.53 7171 1428900.00 22134293.00
18/04/2017 15.46 15.36 15.63 15.60 9088 1898500.00 29371215.00
19/04/2017 15.90 15.16 16.05 15.26 8957 1984400.00 30508508.00
20/04/2017 15.25 15.20 15.77 15.68 5449 1763100.00 27126327.00
24/04/2017 15.80 15.75 16.11 15.99 5910 1417700.00 22600385.00
25/04/2017 15.90 15.64 17.06 17.01 5021 1508900.00 25150622.00
26/04/2017 17.11 16.81 17.28 17.16 5011 1129500.00 19320103.00
27/04/2017 17.08 16.76 17.26 17.16 3923 971200.00 16497595.00
28/04/2017 17.03 16.95 18.06 18.06 6590 2447700.00 43465760.00
02/05/2017 18.05 17.70 18.55 17.99 9895 1819800.00 32841189.00
03/05/2017 18.00 17.67 18.04 17.67 3797 836000.00 14877543.00
04/05/2017 17.52 16.55 17.63 16.67 8028 1626000.00 27587387.00
05/05/2017 16.66 16.24 17.05 16.50 6595 1451700.00 24078935.00
08/05/2017 16.37 15.91 16.67 15.97 4035 942600.00 15159446.00
09/05/2017 16.11 15.76 16.54 16.51 4528 1813900.00 29762481.00
10/05/2017 16.56 16.08 16.85 16.08 8089 2431100.00 39899632.00
11/05/2017 16.19 16.18 17.55 17.45 11052 3558100.00 61167086.00
12/05/2017 17.82 17.40 18.35 17.50 8772 2648900.00 47302559.00
15/05/2017 18.18 17.05 18.18 17.05 5559 2175600.00 37707588.00
16/05/2017 17.19 16.38 17.26 16.46 9422 2027700.00 33657375.00
17/05/2017 16.20 15.73 16.47 15.88 7466 1749000.00 27996413.00
18/05/2017 13.00 12.07 13.61 12.55 25756 10300300.00 131362165.00
19/05/2017 13.00 12.82 13.28 12.86 14081 5650300.00 73628201.00
22/05/2017 12.80 12.01 12.96 12.40 9553 2490500.00 30705759.00
23/05/2017 12.55 12.54 13.23 13.06 5658 1852400.00 24188370.00
24/05/2017 13.35 13.27 14.30 13.93 7802 2063000.00 28527185.00
25/05/2017 14.10 13.53 14.56 13.69 7330 1872400.00 26175425.00
26/05/2017 13.73 13.73 14.53 14.19 5077 1478800.00 20967690.00
29/05/2017 14.20 13.87 14.24 14.00 3092 718500.00 10080582.00
30/05/2017 14.01 13.81 14.12 14.00 3094 666500.00 9340915.00
31/05/2017 14.00 13.40 14.04 13.75 6356 2067700.00 28223400.00
01/06/2017 13.68 13.10 13.95 13.20 5014 1135700.00 15230363.00
02/06/2017 13.47 13.02 13.53 13.25 3523 1281200.00 16946571.00
05/06/2017 13.25 12.84 13.30 13.01 4017 879400.00 11472083.00
06/06/2017 13.10 13.01 13.39 13.30 3094 830300.00 11012061.00
07/06/2017 13.53 13.21 13.62 13.29 3220 892300.00 11926344.00
08/06/2017 13.30 12.57 13.30 12.85 4274 1326500.00 17097302.00
09/06/2017 13.00 12.78 13.25 12.93 8161 1852800.00 24113082.00
12/06/2017 13.00 12.61 13.09 12.76 4767 924700.00 11819440.00
13/06/2017 12.85 12.34 12.85 12.45 5522 1898800.00 23675994.00
14/06/2017 12.57 12.11 12.75 12.35 6094 1973000.00 24471802.00
16/06/2017 12.42 12.26 12.61 12.40 6328 2957100.00 36735114.00
