16/08/2016 18.71 18.71 18.71 18.71 2 200.00 3742.00
17/08/2016 18.72 18.72 18.72 18.72 2 200.00 3744.00
18/08/2016 18.30 18.30 18.30 18.30 1 100.00 1830.00
05/09/2016 20.00 20.00 20.00 20.00 1 100.00 2000.00
13/09/2016 20.00 20.00 20.00 20.00 1 100.00 2000.00
22/11/2016 18.99 18.99 19.00 19.00 2 200.00 3799.00
28/11/2016 19.00 19.00 20.70 20.70 3 400.00 7770.00
29/11/2016 24.95 24.95 24.95 24.95 1 100.00 2495.00
30/11/2016 29.00 25.00 29.00 25.00 2 200.00 5400.00
12/12/2016 16.30 16.30 16.30 16.30 3 300.00 4890.00
28/12/2016 24.97 24.97 24.97 24.97 1 100.00 2497.00
02/01/2017 29.99 29.99 29.99 29.99 1 100.00 2999.00
05/01/2017 29.98 29.98 32.00 32.00 2 200.00 6198.00
06/01/2017 32.00 32.00 32.00 32.00 1 100.00 3200.00
07/02/2017 29.90 29.90 29.90 29.90 5 15200.00 454480.00
09/02/2017 29.20 29.20 29.20 29.20 1 100.00 2920.00
08/03/2017 25.99 25.99 25.99 25.99 2 200.00 5198.00
23/03/2017 22.01 22.00 22.01 22.00 2 200.00 4401.00
27/03/2017 23.90 23.90 23.90 23.90 1 200.00 4780.00
28/03/2017 21.03 20.31 21.30 20.31 10 1700.00 34698.00
30/03/2017 24.00 20.01 24.00 20.01 8 1000.00 21606.00
31/03/2017 20.04 18.00 20.04 18.00 4 2000.00 38005.00
03/04/2017 18.05 18.00 18.05 18.00 3 300.00 5406.00
04/04/2017 18.00 18.00 18.00 18.00 1 100.00 1800.00
05/04/2017 18.00 18.00 18.00 18.00 1 200.00 3600.00
10/04/2017 18.00 18.00 18.00 18.00 2 300.00 5400.00
18/04/2017 16.51 16.51 16.51 16.51 2 200.00 3302.00
19/04/2017 16.00 15.90 16.00 15.90 3 700.00 11140.00
20/04/2017 15.90 15.90 15.90 15.90 1 100.00 1590.00
24/04/2017 15.01 15.01 15.85 15.85 4 900.00 14081.00
25/04/2017 15.15 15.15 15.40 15.40 3 1200.00 18455.00
26/04/2017 15.25 15.25 15.25 15.25 2 200.00 3050.00
27/04/2017 15.32 15.32 15.32 15.32 2 1000.00 15320.00
28/04/2017 15.20 15.20 15.20 15.20 1 1000.00 15200.00
04/05/2017 15.27 15.27 15.27 15.27 2 500.00 7635.00
05/05/2017 15.25 15.25 15.25 15.25 1 200.00 3050.00
09/05/2017 15.65 15.64 15.65 15.65 3 300.00 4694.00
16/05/2017 15.40 15.40 15.40 15.40 2 700.00 10780.00
19/05/2017 14.00 14.00 14.00 14.00 1 100.00 1400.00
22/05/2017 14.01 13.00 14.01 13.00 7 8300.00 108502.00
24/05/2017 13.00 13.00 14.00 14.00 2 200.00 2700.00
25/05/2017 14.00 14.00 14.00 14.00 2 200.00 2800.00
26/05/2017 14.50 13.00 14.50 13.00 4 800.00 10550.00
29/05/2017 13.01 13.00 13.01 13.00 2 200.00 2601.00
01/06/2017 14.00 14.00 14.00 14.00 2 200.00 2800.00
02/06/2017 14.00 14.00 14.00 14.00 2 200.00 2800.00
05/06/2017 13.00 13.00 13.00 13.00 1 100.00 1300.00
08/06/2017 13.00 13.00 13.00 13.00 1 200.00 2600.00
12/06/2017 12.98 12.98 14.50 14.50 2 500.00 6642.00
13/06/2017 13.00 13.00 13.00 13.00 1 500.00 6500.00
