21/06/2016 4.72 4.72 4.73 4.73 6 1574.56 7437.00
22/06/2016 4.84 4.83 5.10 5.09 8 1889.47 9222.00
23/06/2016 5.09 5.09 5.09 5.09 1 104.97 534.00
28/06/2016 4.81 4.76 4.81 4.76 2 209.94 1005.00
29/06/2016 5.01 5.01 5.01 5.01 1 104.97 526.00
30/06/2016 4.77 4.77 4.94 4.94 5 1259.65 6084.00
04/07/2016 5.09 4.86 5.09 4.86 2 209.94 1044.00
05/07/2016 5.04 5.04 5.04 5.04 1 1049.71 5290.00
07/07/2016 4.76 4.76 4.76 4.76 2 839.76 4000.00
08/07/2016 5.04 4.81 5.04 4.81 2 209.94 1034.00
11/07/2016 4.95 4.95 4.95 4.95 1 104.97 520.00
12/07/2016 4.80 4.80 4.80 4.80 1 104.97 504.00
13/07/2016 4.91 4.91 4.91 4.91 1 104.97 515.00
14/07/2016 4.97 4.95 5.05 4.95 7 10916.94 54586.00
15/07/2016 5.07 4.95 5.24 5.13 20 17005.24 87100.00
18/07/2016 5.14 5.05 5.63 5.33 35 15745.59 82274.00
19/07/2016 5.33 4.95 5.33 4.95 8 1889.47 9775.00
20/07/2016 5.01 5.01 5.24 5.14 10 7452.91 38159.00
21/07/2016 5.24 5.05 5.71 5.14 15 6088.30 31206.00
22/07/2016 5.35 5.35 5.35 5.35 1 104.97 562.00
25/07/2016 5.05 4.95 5.05 5.05 5 1889.47 9470.00
26/07/2016 5.14 5.14 5.14 5.14 1 209.94 1080.00
27/07/2016 5.14 5.14 5.14 5.14 1 104.97 540.00
28/07/2016 5.10 4.86 5.10 4.88 5 1469.59 7367.00
29/07/2016 5.11 5.11 5.24 5.24 4 1679.53 8690.00
01/08/2016 5.24 5.24 5.24 5.24 6 1574.56 8250.00
03/08/2016 4.96 4.95 5.20 4.95 6 1994.44 9909.00
04/08/2016 4.98 4.98 4.98 4.98 1 104.97 523.00
05/08/2016 5.24 5.09 5.24 5.24 19 6928.06 36284.00
10/08/2016 4.99 4.99 5.14 5.14 3 314.91 1588.00
12/08/2016 5.23 4.96 5.23 5.12 23 12491.50 63910.00
15/08/2016 5.00 4.99 5.00 4.99 3 314.91 1574.00
16/08/2016 5.24 5.02 5.24 5.02 14 50490.86 264320.00
17/08/2016 5.13 5.13 5.22 5.22 2 209.94 1087.00
18/08/2016 4.98 4.97 5.13 5.13 6 734.79 3706.00
19/08/2016 5.21 5.21 5.21 5.21 3 314.91 1641.00
23/08/2016 5.00 5.00 5.14 5.00 8 1469.59 7365.00
24/08/2016 5.17 5.05 5.24 5.23 15 5773.38 30110.00
25/08/2016 5.24 5.11 5.24 5.16 45 34745.27 181802.00
26/08/2016 5.24 5.23 5.24 5.24 38 45872.16 240348.00
29/08/2016 5.24 5.24 5.24 5.24 2 419.88 2200.00
30/08/2016 5.13 5.12 5.24 5.24 3 839.76 4327.00
31/08/2016 5.12 5.12 5.24 5.24 8 2309.35 12072.00
01/09/2016 5.24 5.14 5.24 5.14 6 4198.82 21710.00
02/09/2016 5.23 5.12 5.23 5.12 3 1154.68 5967.00
05/09/2016 5.24 5.14 5.48 5.14 8 10287.12 54005.00
06/09/2016 5.23 5.23 5.23 5.23 2 209.94 1098.00
08/09/2016 5.15 5.14 5.19 5.19 3 419.88 2166.00
09/09/2016 5.24 5.10 5.24 5.19 3 1049.71 5385.00
12/09/2016 5.24 5.24 5.24 5.24 1 104.97 550.00
13/09/2016 5.12 5.09 5.24 5.24 9 1574.56 8105.00
16/09/2016 5.08 5.08 5.24 5.24 3 314.91 1632.00
21/09/2016 5.15 5.15 5.24 5.24 11 20679.21 108321.00
22/09/2016 5.24 5.24 5.24 5.24 2 2099.41 11000.00
23/09/2016 5.24 5.24 5.24 5.24 1 1049.71 5500.00
26/09/2016 5.24 5.24 5.24 5.24 1 1574.56 8250.00
27/09/2016 5.24 5.23 5.24 5.23 3 419.88 2197.00
30/09/2016 5.23 5.23 5.24 5.24 2 1049.71 5492.00
03/10/2016 5.14 5.08 5.24 5.24 5 3044.15 15614.00
11/10/2016 5.33 5.29 5.74 5.43 22 4828.65 26222.00
13/10/2016 5.72 5.48 5.72 5.48 2 209.94 1175.00
14/10/2016 6.67 6.19 6.67 6.67 6 2414.32 15549.00
17/10/2016 6.80 6.80 6.81 6.81 2 2099.41 14290.00
18/10/2016 6.86 6.69 7.14 7.05 16 6928.06 48163.00
19/10/2016 7.08 6.87 7.14 7.11 8 2939.18 20686.00
20/10/2016 6.82 6.81 6.99 6.99 4 2414.32 16512.00
21/10/2016 7.14 7.14 7.14 7.14 1 104.97 750.00
24/10/2016 7.22 7.22 7.24 7.24 4 1469.59 10635.00
25/10/2016 7.19 7.19 7.19 7.19 1 104.97 755.00
28/10/2016 6.74 6.74 7.13 6.75 7 1154.68 8016.00
31/10/2016 7.38 7.38 8.19 7.95 68 36634.74 280029.00
01/11/2016 7.34 7.34 7.76 7.67 21 7138.00 52882.00
03/11/2016 7.46 7.21 7.62 7.29 23 5983.32 44328.00
04/11/2016 7.15 7.05 7.57 7.05 13 2729.24 19525.00
07/11/2016 7.34 7.34 7.61 7.61 4 524.85 3955.00
08/11/2016 7.62 7.62 7.81 7.62 4 419.88 3232.00
10/11/2016 6.86 6.86 7.53 7.52 17 6088.30 42646.00
11/11/2016 7.60 7.07 7.60 7.53 10 1784.50 12979.00
14/11/2016 7.60 7.43 7.61 7.61 8 2939.18 22206.00
16/11/2016 7.71 7.71 7.72 7.72 2 209.94 1619.00
17/11/2016 7.69 7.69 7.69 7.69 2 209.94 1614.00
18/11/2016 7.70 7.70 7.70 7.70 2 2099.41 16160.00
21/11/2016 7.70 7.70 7.70 7.70 1 104.97 808.00
22/11/2016 7.80 7.80 8.90 7.85 59 39049.07 329784.00
23/11/2016 7.63 7.63 8.23 7.91 47 16165.47 127318.00
24/11/2016 8.19 7.62 8.29 7.93 27 21204.06 167655.00
25/11/2016 7.88 7.88 8.38 8.38 11 5983.32 49533.00
28/11/2016 8.10 8.10 8.36 8.12 5 1469.59 12207.00
29/11/2016 8.10 8.10 8.48 8.38 14 5983.32 49374.00
30/11/2016 8.36 8.29 8.48 8.42 7 2309.35 19391.00
02/12/2016 8.10 8.00 8.36 8.36 6 5353.50 43982.00
05/12/2016 8.11 8.06 8.29 8.06 5 1994.44 16155.00
06/12/2016 8.07 8.01 8.26 8.26 6 2309.35 18589.00
07/12/2016 8.29 8.29 8.29 8.29 1 209.94 1740.00
08/12/2016 8.35 8.35 8.38 8.38 6 5353.50 44846.00
09/12/2016 8.37 8.19 8.38 8.37 13 18264.89 152629.00
12/12/2016 8.38 8.29 8.38 8.35 6 5563.44 46479.00
14/12/2016 8.35 8.35 8.35 8.35 1 104.97 877.00
15/12/2016 8.13 8.11 8.15 8.11 4 734.79 5971.00
19/12/2016 8.04 8.03 8.19 8.19 5 1259.65 10155.00
21/12/2016 8.03 7.98 8.03 7.98 2 209.94 1681.00
22/12/2016 8.19 8.19 8.19 8.19 1 104.97 860.00
23/12/2016 8.05 8.05 8.14 8.14 2 314.91 2544.00
26/12/2016 8.17 8.17 8.17 8.17 1 104.97 858.00
27/12/2016 8.15 8.05 8.23 8.17 13 9552.33 77593.00
02/01/2017 8.05 8.05 8.05 8.05 1 209.94 1690.00
03/01/2017 8.05 8.05 8.19 8.19 5 5248.53 42820.00
10/01/2017 8.19 8.19 8.38 8.38 16 19524.53 163259.00
11/01/2017 8.19 8.19 8.37 8.37 3 839.76 6899.00
12/01/2017 8.38 8.38 8.42 8.42 7 10707.00 89768.00
16/01/2017 8.42 8.42 8.43 8.43 9 12071.62 101774.00
17/01/2017 8.43 8.38 8.43 8.43 13 12386.53 104340.00
18/01/2017 8.43 8.40 8.43 8.40 8 5353.50 45045.00
19/01/2017 8.40 8.38 8.40 8.38 7 3044.15 25528.00
24/01/2017 8.38 8.38 8.38 8.38 1 104.97 880.00
26/01/2017 8.43 8.29 8.43 8.43 6 9447.36 79425.00
31/01/2017 8.15 8.15 8.43 8.43 4 1154.68 9585.00
01/02/2017 8.43 8.43 8.86 8.76 13 14380.97 121483.00
02/02/2017 8.76 8.75 8.76 8.75 2 209.94 1838.00
03/02/2017 8.75 8.75 8.76 8.76 5 1259.65 11029.00
06/02/2017 8.76 8.76 8.76 8.76 9 12806.41 112240.00
07/02/2017 8.76 8.76 8.76 8.76 1 209.94 1840.00
08/02/2017 8.76 8.67 8.76 8.67 2 2309.35 20120.00
09/02/2017 8.76 8.67 8.76 8.76 10 6823.09 59720.00
10/02/2017 8.76 8.68 8.76 8.76 11 10077.18 88258.00
13/02/2017 8.76 8.69 8.95 8.86 28 32960.77 289598.00
14/02/2017 8.76 8.67 8.90 8.89 7 1784.50 15645.00
15/02/2017 8.72 8.72 8.85 8.72 5 1259.65 10994.00
16/02/2017 8.86 8.86 8.87 8.87 3 734.79 6512.00
17/02/2017 8.86 8.86 8.95 8.95 6 6298.24 56228.00
20/02/2017 8.95 8.91 8.95 8.95 18 20679.21 185164.00
21/02/2017 8.95 8.57 8.95 8.70 28 20889.15 185465.00
22/02/2017 8.72 8.72 8.93 8.72 7 1364.62 11970.00
23/02/2017 8.95 8.68 8.95 8.68 3 314.91 2761.00
24/02/2017 8.91 8.91 8.91 8.91 1 104.97 935.00
01/03/2017 8.68 8.68 8.68 8.68 1 104.97 911.00
02/03/2017 8.68 8.57 8.83 8.81 10 3883.91 33503.00
03/03/2017 8.89 8.89 8.89 8.89 1 2624.27 23325.00
06/03/2017 8.85 8.85 8.93 8.86 4 2099.41 18594.00
13/03/2017 8.57 8.39 8.67 8.67 9 6928.06 58824.00
21/03/2017 8.40 8.40 8.40 8.40 4 6823.09 57330.00
23/03/2017 8.81 8.81 8.81 8.81 1 104.97 925.00
24/03/2017 8.59 8.55 8.81 8.55 10 11231.86 97450.00
28/03/2017 8.81 8.81 8.81 8.81 1 104.97 925.00
29/03/2017 8.76 8.76 8.76 8.76 1 524.85 4600.00
30/03/2017 8.62 8.62 8.62 8.62 1 1049.71 9050.00
31/03/2017 8.92 8.92 8.92 8.92 1 104.97 936.00
03/04/2017 8.80 8.80 8.81 8.81 3 524.85 4621.00
04/04/2017 8.80 8.80 8.81 8.81 3 314.91 2773.00
06/04/2017 8.81 8.81 8.81 8.81 2 1364.62 12025.00
10/04/2017 8.85 8.85 8.85 8.85 2 314.91 2787.00
11/04/2017 8.85 8.57 8.85 8.84 7 3464.03 29818.00
12/04/2017 8.57 8.57 8.80 8.80 3 419.88 3624.00
13/04/2017 8.79 8.55 8.79 8.55 4 1154.68 9914.00
17/04/2017 8.75 8.67 8.93 8.93 7 2414.32 21084.00
18/04/2017 8.71 8.67 8.71 8.69 3 2309.35 20080.00
19/04/2017 8.91 8.91 9.05 8.95 33 48076.54 430089.00
20/04/2017 8.95 8.95 9.53 9.05 5 1889.47 17365.00
24/04/2017 8.86 8.86 9.42 9.42 2 1049.71 9359.00
26/04/2017 9.03 9.03 9.04 9.04 2 209.94 1897.00
27/04/2017 9.39 9.25 9.49 9.48 7 3500.00 32598.00
28/04/2017 9.49 9.49 9.90 9.90 3 1300.00 12388.00
02/05/2017 9.80 9.79 9.85 9.85 5 5800.00 56852.00
05/05/2017 9.85 9.85 9.85 9.85 2 700.00 6895.00
08/05/2017 9.84 9.84 9.84 9.84 2 200.00 1968.00
09/05/2017 9.84 9.34 9.84 9.82 8 2400.00 23086.00
10/05/2017 9.16 9.16 9.82 9.82 4 2300.00 21921.00
11/05/2017 9.81 9.81 9.82 9.82 3 1100.00 10797.00
12/05/2017 9.82 9.82 9.90 9.84 7 3500.00 34454.00
15/05/2017 9.26 9.26 10.30 10.30 12 11200.00 111415.00
16/05/2017 10.78 10.30 10.78 10.69 9 15500.00 160169.00
17/05/2017 10.20 10.20 10.69 10.69 3 1900.00 19429.00
18/05/2017 10.18 10.00 10.18 10.00 4 7000.00 70180.00
19/05/2017 10.00 10.00 10.00 10.00 1 11800.00 118000.00
22/05/2017 10.00 10.00 10.25 10.25 2 200.00 2025.00
23/05/2017 10.25 10.25 10.25 10.25 1 100.00 1025.00
25/05/2017 10.25 9.81 10.25 10.23 4 400.00 4053.00
26/05/2017 10.10 10.10 10.10 10.10 1 1000.00 10100.00
29/05/2017 9.42 9.42 9.95 9.45 8 2700.00 25604.00
30/05/2017 10.09 10.09 10.09 10.09 1 100.00 1009.00
31/05/2017 9.61 9.60 9.90 9.83 9 2300.00 22161.00
01/06/2017 10.09 9.78 10.09 9.78 2 200.00 1987.00
02/06/2017 9.70 9.70 9.79 9.79 3 1200.00 11689.00
06/06/2017 9.79 9.50 9.79 9.70 3 600.00 5836.00
07/06/2017 9.70 9.70 9.80 9.78 3 400.00 3908.00
08/06/2017 9.20 9.20 9.76 9.76 5 600.00 5712.00
09/06/2017 9.76 9.76 10.05 10.00 4 500.00 4951.00
12/06/2017 10.29 9.36 10.29 9.50 8 2700.00 25469.00
13/06/2017 9.89 9.88 9.89 9.88 2 5100.00 50389.00
14/06/2017 9.22 9.22 9.79 9.79 4 400.00 3856.00
16/06/2017 9.78 9.78 9.78 9.78 2 200.00 1956.00
