20/06/2016 18.15 17.89 18.33 17.90 4410 1177100.00 21188620.00
21/06/2016 17.87 17.59 18.46 18.35 5636 1582700.00 28664320.00
22/06/2016 18.49 18.11 18.66 18.20 6407 1428800.00 26063932.00
23/06/2016 18.11 18.02 18.52 18.52 4576 1424000.00 26176011.00
24/06/2016 18.00 17.69 18.20 18.15 9740 2158700.00 38968494.00
27/06/2016 18.02 17.61 18.16 17.81 5218 1378500.00 24565669.00
28/06/2016 17.96 17.37 18.06 17.40 5392 1573400.00 27572649.00
29/06/2016 17.53 17.31 17.72 17.52 7546 2429000.00 42639708.00
30/06/2016 17.59 17.15 17.82 17.50 8470 2331600.00 40656117.00
01/07/2016 17.64 17.51 17.70 17.65 4705 1565600.00 27551840.00
04/07/2016 17.70 17.63 18.40 18.29 3843 1053000.00 19056564.00
05/07/2016 18.54 17.54 18.62 17.71 6090 1659900.00 29494314.00
06/07/2016 17.85 17.43 17.91 17.76 3395 1057400.00 18697719.00
07/07/2016 17.90 17.58 18.26 17.66 5909 1566500.00 28014292.00
08/07/2016 17.84 17.49 17.86 17.84 4711 1170300.00 20690316.00
11/07/2016 18.07 17.66 18.15 17.71 6366 1590800.00 28345423.00
12/07/2016 17.77 17.56 18.00 17.98 8609 2194000.00 39237305.00
13/07/2016 18.00 17.53 18.10 17.87 7836 2037100.00 36306138.00
14/07/2016 17.94 17.63 18.02 17.88 6676 1796300.00 32005126.00
15/07/2016 18.01 17.40 18.07 17.41 7748 2191800.00 38411635.00
18/07/2016 17.40 16.85 17.40 17.20 9675 2590200.00 44359982.00
19/07/2016 17.20 17.20 17.67 17.38 8596 2137800.00 37226770.00
20/07/2016 17.51 17.00 17.51 17.13 7714 2304900.00 39457363.00
21/07/2016 17.09 16.90 17.22 17.09 4565 1365600.00 23288469.00
22/07/2016 17.00 17.00 17.47 17.37 4849 1196200.00 20722432.00
25/07/2016 17.30 17.18 17.44 17.32 2754 842200.00 14543092.00
26/07/2016 17.23 17.20 17.61 17.51 4948 1195700.00 20901810.00
27/07/2016 17.64 17.49 17.81 17.49 5386 1233900.00 21731253.00
28/07/2016 17.45 17.28 17.63 17.54 3448 1000300.00 17488714.00
29/07/2016 16.70 14.80 16.70 14.83 30695 13631700.00 207129778.00
01/08/2016 14.96 14.25 15.20 14.25 13711 5675500.00 82732027.00
02/08/2016 14.30 14.11 14.73 14.37 11432 3972500.00 56850724.00
03/08/2016 14.32 14.31 14.53 14.40 9167 3853600.00 55566593.00
04/08/2016 14.44 14.36 14.71 14.59 15624 5360500.00 77992774.00
05/08/2016 14.69 14.50 14.75 14.66 6913 2403400.00 35270821.00
08/08/2016 14.73 14.53 14.92 14.92 3796 1491600.00 22004579.00
09/08/2016 15.01 14.60 15.09 14.75 7619 3545700.00 52520244.00
10/08/2016 14.68 14.32 14.77 14.77 10429 3734500.00 54574579.00
11/08/2016 14.73 14.68 14.93 14.85 5850 1850600.00 27416133.00
12/08/2016 14.83 14.70 15.04 15.02 9504 2510800.00 37470096.00
15/08/2016 14.97 14.78 15.20 15.13 6466 1923600.00 28959430.00
16/08/2016 15.05 14.81 15.19 15.00 5272 2645600.00 39852056.00
17/08/2016 15.02 14.64 15.15 14.83 7595 2376100.00 35187225.00
18/08/2016 14.80 14.67 14.91 14.77 5373 2342600.00 34631198.00
19/08/2016 14.84 14.45 14.84 14.51 4554 1670900.00 24295061.00
22/08/2016 14.48 14.00 14.52 14.01 7350 3256400.00 46063276.00
23/08/2016 13.91 13.83 14.21 14.15 7551 3205100.00 45021624.00
24/08/2016 14.13 14.05 14.46 14.38 5828 2323900.00 33201373.00
25/08/2016 14.29 14.11 14.36 14.13 7831 3008600.00 42645918.00
26/08/2016 14.18 13.97 14.24 14.14 8643 2596300.00 36577556.00
29/08/2016 14.13 14.08 14.35 14.25 7142 1648200.00 23498831.00
30/08/2016 14.38 14.12 14.50 14.30 6853 2162600.00 31041683.00
31/08/2016 14.34 14.08 14.47 14.33 8329 3459300.00 49321590.00
01/09/2016 14.39 14.27 14.74 14.50 8068 3440400.00 49984114.00
02/09/2016 14.63 14.46 15.20 15.08 7806 2908900.00 43567105.00
05/09/2016 15.21 15.12 15.59 15.30 6217 2523100.00 38686682.00
06/09/2016 15.60 15.51 15.85 15.85 12629 5796000.00 91082009.00
08/09/2016 16.10 15.73 16.25 16.14 13536 6137500.00 98500420.00
09/09/2016 16.13 15.65 16.13 15.75 10612 3433400.00 54362625.00
12/09/2016 15.70 15.40 15.98 15.68 8567 2773100.00 43543666.00
13/09/2016 15.64 15.55 16.01 15.87 13432 5558300.00 87661139.00
14/09/2016 15.91 15.68 16.01 15.76 6652 2323000.00 36743226.00
15/09/2016 15.77 15.71 16.00 15.78 5518 2421400.00 38359555.00
16/09/2016 15.91 15.32 15.98 15.39 8840 3692700.00 57414799.00
19/09/2016 15.55 14.96 15.68 14.96 7482 3139500.00 47546619.00
20/09/2016 15.01 14.86 15.19 15.04 6900 2432800.00 36533425.00
21/09/2016 14.96 14.77 15.01 14.90 5742 1944500.00 28987109.00
22/09/2016 14.97 14.74 15.22 14.84 6697 2133000.00 31957818.00
23/09/2016 15.00 14.85 15.43 15.15 9180 3647300.00 55305607.00
26/09/2016 15.17 14.56 15.30 14.63 7667 2763200.00 40688062.00
27/09/2016 14.64 14.30 14.66 14.40 7801 2457100.00 35461876.00
28/09/2016 14.45 14.40 14.76 14.72 7779 3300800.00 48257228.00
29/09/2016 14.72 14.23 14.91 14.23 10508 4204300.00 60444230.00
30/09/2016 14.26 13.96 14.34 14.01 7535 2958300.00 41621605.00
03/10/2016 14.03 13.95 14.27 14.16 7617 2324400.00 32870714.00
04/10/2016 14.24 14.05 14.37 14.19 5930 2187700.00 31088622.00
05/10/2016 14.24 14.22 14.45 14.45 4945 1634200.00 23471805.00
06/10/2016 14.60 14.59 14.89 14.80 8058 2906400.00 42881241.00
07/10/2016 14.89 14.40 14.89 14.50 10838 4960300.00 72122952.00
10/10/2016 14.59 14.20 14.66 14.28 9672 4207100.00 60742324.00
11/10/2016 14.33 13.90 14.48 14.01 12062 5554200.00 77972746.00
13/10/2016 14.01 13.92 14.45 14.36 16017 20345900.00 289571921.00
14/10/2016 14.45 14.37 14.84 14.78 11895 7101300.00 104446096.00
17/10/2016 14.93 14.93 15.30 15.30 13131 6968700.00 105687910.00
18/10/2016 15.66 15.45 15.91 15.85 13243 5733600.00 90029369.00
19/10/2016 15.89 15.51 16.08 15.63 11055 5898400.00 92822054.00
20/10/2016 15.65 15.23 15.69 15.50 9791 3735800.00 57730103.00
21/10/2016 15.50 15.36 15.85 15.66 8375 3392700.00 53105522.00
24/10/2016 15.90 15.56 15.97 15.56 7878 3373300.00 53016911.00
25/10/2016 15.56 15.44 15.89 15.66 9449 2685000.00 42142172.00
26/10/2016 15.74 15.57 15.80 15.72 7028 2910600.00 45699606.00
27/10/2016 15.78 15.65 16.06 15.88 6825 5577500.00 88339700.00
28/10/2016 15.98 15.80 16.44 16.05 11386 5419900.00 87760101.00
31/10/2016 16.25 16.16 17.17 17.15 14211 5873900.00 98219022.00
01/11/2016 17.30 17.25 18.04 17.75 21537 8813100.00 156759752.00
03/11/2016 17.70 17.02 17.73 17.02 17573 6730100.00 116630842.00
04/11/2016 17.02 16.80 17.68 17.33 12657 4256900.00 73633798.00
07/11/2016 17.52 17.06 17.74 17.68 9473 3272500.00 57355744.00
08/11/2016 17.75 17.23 17.75 17.28 8794 2455800.00 43013695.00
09/11/2016 16.72 16.52 17.57 17.48 14211 6208000.00 106972248.00
10/11/2016 17.70 17.68 18.43 18.26 27023 9982200.00 179971195.00
11/11/2016 18.52 17.44 18.60 17.53 34495 11386000.00 203805051.00
14/11/2016 17.40 17.02 17.77 17.70 20159 6620600.00 115709930.00
16/11/2016 18.20 17.35 18.24 17.76 11651 3830500.00 67994103.00
17/11/2016 17.76 17.45 18.05 17.93 7552 2463700.00 43947760.00
18/11/2016 18.00 17.51 18.09 17.51 6341 1697900.00 30060261.00
21/11/2016 17.60 16.99 17.65 16.99 8347 3437000.00 59078569.00
22/11/2016 16.95 16.06 16.95 16.35 19753 6773800.00 111311075.00
23/11/2016 16.43 16.40 16.87 16.79 10054 3393100.00 56607300.00
24/11/2016 16.79 16.51 16.79 16.62 2991 861100.00 14347897.00
25/11/2016 16.66 16.64 17.10 16.90 4398 1741800.00 29438122.00
28/11/2016 16.90 16.53 16.90 16.80 4945 1564000.00 26111584.00
29/11/2016 16.71 16.42 16.89 16.49 4193 1439300.00 23986590.00
30/11/2016 16.66 16.57 16.93 16.57 8298 3170700.00 52853255.00
01/12/2016 16.62 16.36 17.23 16.92 21652 5235000.00 88672415.00
02/12/2016 16.81 16.45 17.06 17.00 9781 2836200.00 47849671.00
05/12/2016 17.00 16.74 17.19 16.86 6700 1621000.00 27374635.00
06/12/2016 16.78 16.43 17.08 16.50 9448 4314800.00 72179776.00
07/12/2016 16.52 16.10 16.96 16.96 14837 8337800.00 137727667.00
08/12/2016 17.10 16.10 17.15 16.20 11060 3251700.00 53648841.00
09/12/2016 16.30 15.74 16.37 16.04 10854 3695600.00 59059442.00
12/12/2016 15.93 15.36 16.00 15.59 7899 2981400.00 46361333.00
13/12/2016 15.47 15.25 15.62 15.48 9826 3391100.00 52239733.00
14/12/2016 15.47 15.30 15.65 15.43 10446 2876000.00 44263536.00
15/12/2016 15.44 14.90 15.62 15.00 10516 3801100.00 57221630.00
16/12/2016 15.01 15.01 15.73 15.52 6367 3945900.00 61020423.00
19/12/2016 15.45 15.05 15.60 15.20 4164 1830800.00 27880392.00
20/12/2016 15.30 14.81 15.30 14.95 5078 1753600.00 26248048.00
21/12/2016 15.30 15.15 15.65 15.29 8888 3550600.00 54497325.00
22/12/2016 15.39 15.16 15.39 15.26 6104 1890600.00 28794390.00
23/12/2016 15.28 15.11 15.43 15.30 2619 1143200.00 17486932.00
26/12/2016 15.40 15.36 15.62 15.45 1770 571100.00 8857346.00
27/12/2016 15.58 15.33 15.68 15.61 4569 1250200.00 19436101.00
28/12/2016 15.61 15.59 15.83 15.69 3284 1233300.00 19362751.00
29/12/2016 15.69 15.63 16.00 16.00 4939 1724900.00 27350433.00
02/01/2017 15.90 15.84 16.00 16.00 1822 563200.00 8970220.00
03/01/2017 16.00 16.00 16.36 16.36 5623 2032500.00 33027764.00
04/01/2017 16.20 16.07 16.39 16.17 4142 1351000.00 21882922.00
05/01/2017 16.18 16.09 16.50 16.50 4126 1358500.00 22225309.00
06/01/2017 16.50 16.31 16.58 16.58 3413 1040200.00 17141941.00
09/01/2017 16.59 16.33 16.70 16.62 5294 1279700.00 21158427.00
10/01/2017 16.62 16.28 16.89 16.45 4758 1658900.00 27555398.00
11/01/2017 16.48 16.40 16.77 16.75 6844 1559300.00 25940404.00
12/01/2017 16.72 16.41 16.85 16.49 11912 3042400.00 50320397.00
13/01/2017 16.50 16.50 16.97 16.80 6966 2287200.00 38453490.00
16/01/2017 16.98 16.86 17.12 17.10 3286 1103500.00 18802809.00
17/01/2017 17.11 16.96 17.65 17.49 8026 2581800.00 44881512.00
18/01/2017 17.58 17.41 17.71 17.60 7459 2445700.00 43051422.00
19/01/2017 17.66 17.22 17.79 17.65 5349 1824500.00 32042479.00
20/01/2017 17.65 17.56 18.08 18.00 8961 2229500.00 39950704.00
23/01/2017 17.91 17.91 18.45 18.21 6746 2194100.00 40048424.00
24/01/2017 18.21 18.12 18.78 18.68 7615 2989900.00 55317952.00
26/01/2017 18.67 18.34 18.88 18.39 8641 2925100.00 54440628.00
27/01/2017 18.35 17.98 18.55 18.28 6154 1921400.00 35193701.00
30/01/2017 18.22 17.67 18.25 17.71 6994 1789000.00 31957994.00
31/01/2017 17.70 17.35 18.07 18.00 6620 2358500.00 41982504.00
01/02/2017 18.01 18.01 18.57 18.23 7471 2465500.00 45178757.00
02/02/2017 18.23 17.84 18.36 17.84 4528 1438700.00 25911334.00
03/02/2017 17.95 17.86 18.10 17.96 4822 1412200.00 25362878.00
06/02/2017 18.04 17.61 18.17 17.77 4955 1595600.00 28465326.00
07/02/2017 17.71 17.71 18.13 18.01 3594 1258600.00 22656740.00
08/02/2017 18.05 17.23 18.10 17.47 12491 3279800.00 57503225.00
09/02/2017 17.47 17.38 17.84 17.78 7134 1955000.00 34514342.00
10/02/2017 17.62 17.58 18.28 18.12 7018 2017700.00 36503037.00
13/02/2017 18.32 18.24 18.60 18.35 5053 1534300.00 28279775.00
14/02/2017 18.41 18.20 18.57 18.31 6586 1720300.00 31587002.00
15/02/2017 18.54 18.25 18.65 18.34 11029 3553700.00 65576644.00
16/02/2017 18.37 17.93 18.51 18.10 6784 2736200.00 49524160.00
17/02/2017 18.10 18.03 18.32 18.17 3030 1361900.00 24732320.00
20/02/2017 18.40 18.40 18.60 18.54 2830 1116100.00 20636254.00
21/02/2017 18.65 18.31 18.94 18.46 10143 2861400.00 53073081.00
22/02/2017 18.39 18.08 18.47 18.28 5679 2273300.00 41547976.00
23/02/2017 18.30 17.78 18.59 17.81 8683 2467100.00 44513553.00
24/02/2017 17.70 17.35 18.03 17.93 7025 2162600.00 38687128.00
01/03/2017 18.12 18.00 18.19 18.04 9222 1664200.00 30081815.00
02/03/2017 18.01 17.67 18.19 17.80 8233 3583800.00 63866956.00
03/03/2017 17.80 17.80 18.38 18.32 4976 1725400.00 31301565.00
06/03/2017 18.30 18.08 18.57 18.19 8014 2095300.00 38269245.00
07/03/2017 18.10 18.10 18.49 18.34 5060 1461900.00 26843595.00
08/03/2017 18.35 18.23 18.86 18.79 6733 3104800.00 57942276.00
09/03/2017 19.35 19.09 19.93 19.18 15698 6491500.00 126175396.00
10/03/2017 19.29 18.73 19.48 18.77 8190 3419900.00 64690215.00
13/03/2017 18.81 18.81 19.00 18.90 5660 1952000.00 36954170.00
14/03/2017 18.99 18.57 19.15 18.57 6539 1969700.00 36990299.00
15/03/2017 18.59 18.00 18.63 18.37 12669 4227100.00 77279197.00
16/03/2017 18.46 18.29 18.84 18.66 5536 1591800.00 29740332.00
17/03/2017 18.76 18.25 18.93 18.50 8233 3656200.00 67753001.00
20/03/2017 18.60 18.50 19.12 18.90 7494 2897600.00 54897666.00
21/03/2017 18.90 17.71 19.00 17.75 14914 3896700.00 70722577.00
22/03/2017 17.68 17.48 17.84 17.69 7829 2436300.00 43034500.00
23/03/2017 17.68 17.51 17.90 17.88 5638 1777400.00 31620174.00
24/03/2017 18.02 17.67 18.03 17.76 4406 1190800.00 21226011.00
27/03/2017 17.74 17.33 17.85 17.60 5826 1529300.00 26858649.00
28/03/2017 17.60 17.42 17.93 17.75 4859 1594700.00 28274662.00
29/03/2017 17.62 17.36 17.77 17.58 7581 2372100.00 41682344.00
30/03/2017 17.73 17.38 17.73 17.49 2886 1168500.00 20469656.00
31/03/2017 17.48 17.23 17.70 17.39 4474 1741200.00 30388060.00
03/04/2017 17.34 16.81 17.34 17.01 7642 2840200.00 48213701.00
04/04/2017 17.00 16.93 17.41 17.14 6174 1882900.00 32375004.00
05/04/2017 17.20 16.77 17.40 16.85 6891 2435200.00 41682440.00
06/04/2017 16.73 16.65 17.39 17.30 9156 3483600.00 59722360.00
07/04/2017 17.40 17.18 17.45 17.35 5925 2006700.00 34817914.00
10/04/2017 17.40 16.93 17.45 17.01 4121 2366700.00 40509065.00
11/04/2017 17.07 16.76 17.14 16.83 5889 2319700.00 39212541.00
12/04/2017 16.89 16.66 16.94 16.66 7171 2908900.00 48763049.00
13/04/2017 16.75 15.67 16.81 15.80 9333 3353000.00 53638242.00
17/04/2017 15.90 15.50 16.12 16.12 10243 3068600.00 48754340.00
18/04/2017 15.94 15.63 15.94 15.83 7740 2383900.00 37598827.00
19/04/2017 15.96 15.69 15.99 15.70 6802 1748800.00 27652898.00
20/04/2017 15.74 15.66 15.91 15.69 7476 3203100.00 50438183.00
24/04/2017 15.89 15.56 15.89 15.63 4491 1403700.00 22030369.00
25/04/2017 15.63 15.28 15.63 15.37 7490 4278900.00 65767829.00
26/04/2017 15.44 15.23 15.49 15.33 6298 2118100.00 32576548.00
27/04/2017 15.40 14.92 15.43 15.16 8282 2935500.00 44454910.00
28/04/2017 15.24 15.12 15.38 15.36 5762 2441300.00 37432211.00
02/05/2017 15.01 14.75 15.18 14.76 14845 6883900.00 102684470.00
03/05/2017 14.83 14.82 15.54 15.29 10424 4401600.00 67284263.00
04/05/2017 15.33 15.14 15.48 15.15 11520 3110100.00 47485758.00
05/05/2017 15.31 14.94 15.32 15.08 8821 3110100.00 46965086.00
08/05/2017 15.10 14.91 15.19 15.10 9987 2724000.00 40915837.00
09/05/2017 15.14 15.11 15.47 15.43 7787 2658800.00 40815099.00
10/05/2017 15.48 15.47 15.77 15.73 7944 3002400.00 47082984.00
11/05/2017 15.75 15.45 15.85 15.79 6039 1835600.00 28808370.00
12/05/2017 15.76 15.61 15.98 15.81 10250 2595200.00 41011858.00
15/05/2017 15.80 15.75 16.02 15.97 5641 1693000.00 27013268.00
16/05/2017 16.05 15.76 16.23 15.79 11695 2988400.00 47691636.00
17/05/2017 15.75 15.00 15.95 15.00 11939 4529800.00 69055765.00
18/05/2017 14.95 14.95 15.73 15.40 38648 11632600.00 178044263.00
19/05/2017 15.21 15.11 15.57 15.15 11451 4678800.00 71406302.00
22/05/2017 15.21 15.18 16.23 16.21 25452 7311100.00 116277389.00
23/05/2017 16.20 15.62 16.62 15.98 12887 4942400.00 78630239.00
24/05/2017 15.96 15.72 16.50 16.37 9691 3272700.00 53028356.00
25/05/2017 16.52 16.50 16.85 16.76 12104 3856900.00 64387499.00
26/05/2017 16.80 16.44 16.87 16.48 6679 2062700.00 34327267.00
29/05/2017 16.57 16.17 16.73 16.30 5478 1548400.00 25307520.00
30/05/2017 16.39 16.36 16.68 16.65 8602 2198400.00 36412473.00
31/05/2017 16.73 16.01 16.73 16.01 8183 2923500.00 47185118.00
01/06/2017 16.08 15.88 16.27 15.99 7837 2061100.00 33096947.00
02/06/2017 16.05 16.02 16.39 16.24 7913 1499700.00 24340893.00
05/06/2017 16.34 15.98 16.51 16.08 6775 2076000.00 33533279.00
06/06/2017 16.15 15.86 16.33 15.87 11792 3467200.00 55575111.00
07/06/2017 15.97 15.91 16.31 16.00 12456 3130100.00 50512631.00
08/06/2017 16.10 15.65 16.14 15.90 7169 2224100.00 35235388.00
09/06/2017 15.90 15.58 16.09 15.58 11289 3567300.00 55929959.00
12/06/2017 15.58 15.34 15.76 15.69 11392 3344700.00 52076923.00
13/06/2017 15.80 15.69 15.91 15.87 7795 2091100.00 33054456.00
14/06/2017 15.91 15.65 16.07 15.78 9818 4116300.00 64996705.00
16/06/2017 15.98 15.37 15.98 15.42 11748 4614100.00 71496636.00
