20/06/2016 12.30 12.25 12.61 12.41 16318 4364505.40 54283843.00
21/06/2016 12.43 12.20 12.55 12.45 8450 2343979.64 29056292.00
22/06/2016 12.50 12.44 12.74 12.51 10228 2748167.60 34594607.00
23/06/2016 12.62 12.54 12.85 12.70 9658 3004239.56 38164128.00
24/06/2016 12.44 12.28 12.69 12.59 10211 2514556.27 31542834.00
27/06/2016 12.53 12.41 12.64 12.54 8140 1947037.05 24392778.00
28/06/2016 12.69 12.54 12.84 12.75 9393 3063237.54 38838899.00
29/06/2016 12.88 12.76 13.03 12.92 13457 3887863.78 50175702.00
30/06/2016 12.86 12.81 13.18 13.16 10018 4999303.03 64904338.00
01/07/2016 13.29 12.98 13.29 13.10 10651 4507342.63 59080940.00
04/07/2016 13.28 13.28 13.56 13.42 8155 2472843.66 33259405.00
05/07/2016 13.35 13.32 13.66 13.42 8580 1803061.26 24329992.00
06/07/2016 13.46 13.28 13.62 13.41 5030 1492649.05 20047974.00
07/07/2016 13.47 13.27 13.61 13.44 10139 2070518.80 27913250.00
08/07/2016 13.51 13.46 13.65 13.51 10159 2167813.72 29335953.00
11/07/2016 13.56 13.53 13.79 13.71 7510 3979776.43 54500419.00
12/07/2016 13.88 13.69 14.02 13.93 11417 2626755.95 36353667.00
13/07/2016 13.93 13.83 14.21 14.01 10459 2196070.65 30853591.00
14/07/2016 14.21 13.97 14.33 14.11 9308 3009932.34 42550095.00
15/07/2016 14.17 13.84 14.17 13.94 6418 2038432.17 28432585.00
18/07/2016 13.91 13.81 14.07 13.96 9083 1970015.21 27486251.00
19/07/2016 13.84 13.81 14.27 14.00 9503 2595393.86 36495342.00
20/07/2016 14.08 13.93 14.23 13.93 6085 1686307.35 23738201.00
21/07/2016 13.98 13.86 14.16 14.12 7782 1720878.10 24149921.00
22/07/2016 14.14 14.08 14.22 14.11 8288 2998753.78 42366650.00
25/07/2016 14.15 13.84 14.28 14.18 9397 4110296.54 57685746.00
26/07/2016 14.19 14.10 14.59 14.38 9668 2528839.99 36210799.00
27/07/2016 14.44 13.89 14.49 14.06 13368 2605123.36 36792832.00
28/07/2016 14.11 13.72 14.12 13.99 5959 1355297.60 18868112.00
29/07/2016 13.82 13.81 14.08 13.89 8730 2418606.92 33693236.00
01/08/2016 13.90 13.49 14.04 13.57 8102 1863715.33 25563830.00
02/08/2016 13.64 13.34 13.69 13.39 5899 1205939.54 16210717.00
03/08/2016 13.34 13.27 13.83 13.75 10477 4295674.42 58226495.00
04/08/2016 13.66 13.53 13.84 13.73 7412 1829248.09 25076554.00
05/08/2016 13.72 13.35 13.85 13.63 7738 1329214.28 18041981.00
08/08/2016 13.66 13.30 13.66 13.32 6824 1713425.72 23017105.00
09/08/2016 13.42 13.13 13.47 13.32 6928 1544815.69 20554822.00
10/08/2016 13.39 13.08 13.39 13.14 5269 1322796.95 17463789.00
11/08/2016 13.09 12.93 13.34 13.22 9243 2948450.23 38780162.00
12/08/2016 13.27 13.11 13.38 13.26 7287 1481677.49 19603303.00
15/08/2016 13.27 13.02 13.31 13.19 8028 2459491.48 32340809.00
16/08/2016 13.12 13.12 13.76 13.76 11555 3520316.68 48064119.00
17/08/2016 13.84 13.38 13.84 13.67 8815 2510830.08 34223126.00
18/08/2016 13.73 13.60 13.90 13.82 7119 1625860.29 22407975.00
19/08/2016 13.74 13.60 14.01 13.93 5979 1464288.61 20269369.00
22/08/2016 13.95 13.84 14.13 14.11 7586 2357331.81 33014231.00
23/08/2016 14.15 13.80 14.21 13.88 8758 1877171.01 26115670.00
24/08/2016 13.86 13.65 13.91 13.72 6364 1354055.53 18641859.00
25/08/2016 13.76 13.59 13.86 13.82 5806 1118891.63 15377123.00
26/08/2016 13.82 13.65 14.20 13.74 8327 1536845.79 21354820.00
29/08/2016 13.76 13.76 14.12 14.07 6118 1608574.92 22531664.00
30/08/2016 14.07 14.01 14.22 14.15 4344 975019.35 13774013.00
31/08/2016 14.21 13.67 14.26 13.82 8014 2360229.96 32747140.00
01/09/2016 13.78 13.78 14.12 13.99 5462 1189792.72 16569364.00
02/09/2016 14.04 13.77 14.12 14.00 9018 3285566.80 45833389.00
05/09/2016 13.92 13.88 14.47 13.88 5837 1793124.76 25253955.00
06/09/2016 13.96 13.91 14.18 14.09 7283 1601640.07 22516522.00
08/09/2016 14.15 13.91 14.26 13.91 6193 1296610.13 18162315.00
09/09/2016 13.87 13.34 13.93 13.41 7527 3137554.30 42296054.00
12/09/2016 13.32 13.15 13.37 13.29 4795 967463.47 12859079.00
13/09/2016 13.26 13.15 13.46 13.36 9569 3290742.06 43931539.00
14/09/2016 13.29 13.29 13.61 13.51 6924 2694241.37 36201501.00
15/09/2016 13.82 13.69 13.96 13.85 5897 1134210.41 15737906.00
16/09/2016 13.86 13.60 13.86 13.83 4044 1654220.73 22787395.00
19/09/2016 13.97 13.95 14.26 14.11 8373 2417157.84 34010909.00
20/09/2016 14.25 14.00 14.25 14.08 12046 5576137.73 78871308.00
21/09/2016 14.11 13.92 14.25 14.17 8138 2099396.76 29559830.00
22/09/2016 14.17 14.11 14.40 14.17 4205 792022.09 11262877.00
23/09/2016 14.09 14.09 14.29 14.23 5288 878448.96 12480037.00
26/09/2016 14.18 14.01 14.21 14.15 3151 816035.30 11536048.00
27/09/2016 14.19 14.05 14.27 14.17 4073 758900.41 10746104.00
28/09/2016 14.29 14.03 14.38 14.20 4655 1058651.58 14992012.00
29/09/2016 14.20 14.11 14.39 14.17 5514 1257692.16 17911458.00
30/09/2016 14.17 13.87 14.27 13.89 6107 1889074.11 26365101.00
03/10/2016 13.86 13.78 14.04 13.91 8298 3095841.69 43104478.00
04/10/2016 13.86 13.72 14.00 13.78 8865 3564306.40 49210215.00
05/10/2016 13.91 13.85 13.99 13.95 7320 2325969.73 32409739.00
06/10/2016 13.96 13.95 14.32 14.21 5817 2114819.04 29855805.00
07/10/2016 14.28 14.02 14.41 14.08 6569 1671402.60 23724944.00
10/10/2016 14.24 14.18 14.50 14.35 8742 2128792.25 30552703.00
11/10/2016 14.40 14.32 14.70 14.63 12847 4457039.09 64280813.00
13/10/2016 14.61 14.53 15.03 14.85 12348 3370855.11 49772059.00
14/10/2016 14.95 14.68 15.28 14.89 9186 2602121.70 39064044.00
17/10/2016 14.81 14.77 15.18 15.09 6207 1255208.03 18857487.00
18/10/2016 15.17 14.86 15.17 14.92 9855 1782360.21 26610990.00
19/10/2016 14.92 14.74 15.09 14.77 5959 3559131.14 53134211.00
20/10/2016 14.77 14.69 15.20 14.98 6874 1414192.08 21235819.00
21/10/2016 15.05 14.90 15.18 15.13 3503 713875.63 10777036.00
24/10/2016 15.19 14.98 15.27 15.06 6878 1464599.13 22201108.00
25/10/2016 14.98 14.90 15.21 15.15 5475 1487473.79 22338038.00
26/10/2016 15.07 14.85 15.16 14.97 5662 985059.36 14766920.00
27/10/2016 14.89 14.88 15.26 14.98 3512 623619.06 9368491.00
28/10/2016 14.86 14.59 15.12 14.78 5665 1225605.53 18173849.00
31/10/2016 14.78 14.59 15.09 14.83 8570 1857194.50 27603193.00
01/11/2016 15.23 14.53 15.26 14.83 10006 2084906.03 30927478.00
03/11/2016 14.83 14.42 15.06 14.58 14385 3758585.74 55299794.00
04/11/2016 14.65 14.34 14.91 14.49 10955 3587698.59 52185330.00
07/11/2016 14.60 14.54 14.87 14.62 6802 1896422.99 27774792.00
08/11/2016 14.46 14.43 15.16 14.98 8323 2011831.33 30035124.00
09/11/2016 14.25 14.12 14.58 14.54 10446 2899699.27 41772236.00
10/11/2016 14.55 13.76 14.58 13.78 15190 3905045.65 54525922.00
11/11/2016 13.75 13.13 13.81 13.38 20429 4375890.98 58559613.00
14/11/2016 13.23 13.01 13.63 13.30 15879 3246131.30 43249162.00
16/11/2016 13.51 13.35 14.02 13.86 14047 3220979.53 44520301.00
17/11/2016 13.93 13.58 13.98 13.61 7677 1867545.02 25822588.00
18/11/2016 13.47 13.43 13.79 13.54 6287 1415951.67 19217065.00
21/11/2016 13.53 13.52 13.91 13.77 11000 2553163.73 34905314.00
22/11/2016 13.89 13.54 13.89 13.72 8551 2058615.69 28141240.00
23/11/2016 13.75 13.52 13.75 13.59 7509 1516558.76 20613032.00
24/11/2016 13.55 13.55 13.73 13.67 1905 340842.75 4664615.00
25/11/2016 13.47 13.47 13.72 13.72 3890 1648010.41 22434403.00
28/11/2016 13.58 13.58 13.91 13.91 5608 940655.61 13029110.00
29/11/2016 13.78 13.70 13.92 13.80 7715 1556925.80 21485373.00
30/11/2016 14.00 13.45 14.00 13.70 6732 2669607.12 36514087.00
01/12/2016 13.50 13.05 13.67 13.19 13833 2175162.59 28759005.00
02/12/2016 13.04 12.86 13.44 13.23 10332 1862266.26 24658066.00
05/12/2016 13.28 12.88 13.41 13.00 9640 2007484.11 26083831.00
06/12/2016 12.88 12.87 13.19 13.11 7596 1810410.13 23568996.00
07/12/2016 13.17 13.04 13.49 13.25 9118 1915778.47 25247900.00
08/12/2016 13.38 13.10 13.51 13.41 6421 2199900.35 29149152.00
09/12/2016 13.48 12.99 13.52 13.07 7092 1723569.24 22603451.00
12/12/2016 12.98 12.62 13.06 12.82 7611 2035741.04 26150485.00
13/12/2016 12.70 12.68 13.06 12.86 7868 2869889.76 36898704.00
14/12/2016 12.86 12.62 12.91 12.62 6870 1873651.83 23943558.00
15/12/2016 12.63 12.61 12.89 12.78 6186 2605123.36 33224582.00
16/12/2016 12.90 12.75 12.96 12.75 3897 1618925.44 20743855.00
19/12/2016 12.79 12.64 12.86 12.75 3756 1048094.05 13366049.00
20/12/2016 12.77 12.54 12.82 12.61 4751 1082250.78 13626302.00
21/12/2016 12.71 12.42 12.71 12.66 5759 1626791.84 20446838.00
22/12/2016 12.70 12.56 13.07 13.04 4831 1386038.65 17789946.00
23/12/2016 13.08 12.95 13.08 12.96 4203 1754620.81 22861637.00
26/12/2016 13.00 12.98 13.19 12.98 2778 1575039.22 20665971.00
27/12/2016 13.13 13.05 13.19 13.12 2520 590807.90 7754132.00
28/12/2016 13.14 13.14 13.48 13.39 3953 944381.80 12571266.00
29/12/2016 13.44 13.30 13.54 13.40 4098 1321600.00 17722211.00
02/01/2017 13.37 13.12 13.46 13.40 1303 301100.00 4001531.00
03/01/2017 13.45 13.34 13.57 13.45 6280 1660200.00 22352598.00
04/01/2017 13.32 13.32 13.64 13.53 6637 1667800.00 22447927.00
05/01/2017 13.52 13.40 13.68 13.50 6440 1248900.00 16877995.00
06/01/2017 13.50 13.03 13.52 13.15 6570 2102000.00 27719524.00
09/01/2017 13.22 13.18 13.39 13.19 6048 1160800.00 15441569.00
10/01/2017 13.22 13.14 13.39 13.30 5771 1878900.00 24998605.00
11/01/2017 13.36 13.16 13.37 13.22 6257 1537100.00 20347398.00
12/01/2017 13.40 13.36 13.73 13.53 9731 1686800.00 22961150.00
13/01/2017 13.58 13.26 13.86 13.35 7513 1303200.00 17597371.00
16/01/2017 13.35 13.27 13.45 13.42 4222 655900.00 8772378.00
17/01/2017 13.42 13.32 13.49 13.36 6848 1887100.00 25318427.00
18/01/2017 13.44 13.40 13.53 13.41 4254 1231700.00 16589381.00
19/01/2017 13.49 13.39 13.82 13.65 7708 2149900.00 29354831.00
20/01/2017 13.75 13.48 13.93 13.71 8047 1785200.00 24502690.00
23/01/2017 13.64 13.62 13.89 13.69 7809 1535900.00 21094163.00
24/01/2017 13.77 13.62 13.85 13.75 5081 1070200.00 14712306.00
26/01/2017 13.81 13.81 14.15 14.07 4948 1200400.00 16870546.00
27/01/2017 14.12 13.91 14.15 13.91 4179 760000.00 10637049.00
30/01/2017 13.94 13.64 14.01 13.65 5345 1058600.00 14603712.00
31/01/2017 13.67 13.65 14.18 14.05 6119 1248300.00 17501947.00
01/02/2017 14.11 13.69 14.15 13.75 6679 1336100.00 18497495.00
02/02/2017 13.75 13.75 14.08 13.95 5742 1751700.00 24539960.00
03/02/2017 13.95 13.92 14.31 14.19 7606 2815400.00 39975778.00
06/02/2017 14.20 13.89 14.29 13.89 5237 941100.00 13188476.00
07/02/2017 14.00 13.71 14.04 13.81 4662 1296600.00 17909928.00
08/02/2017 13.78 13.74 14.01 13.86 5596 1063900.00 14773597.00
09/02/2017 13.95 13.83 14.05 13.97 7555 1467500.00 20492608.00
10/02/2017 13.90 13.82 13.97 13.89 4609 836100.00 11628328.00
13/02/2017 13.96 13.74 13.99 13.85 4837 983100.00 13626817.00
14/02/2017 13.94 13.71 13.98 13.71 6695 1455200.00 20119589.00
15/02/2017 13.84 13.79 14.12 13.95 7513 1314900.00 18357544.00
16/02/2017 13.93 13.82 14.07 13.92 4996 1490200.00 20737350.00
17/02/2017 13.91 13.77 14.04 13.97 8133 2007400.00 27923788.00
20/02/2017 14.00 13.88 14.02 13.99 2734 572000.00 7986543.00
21/02/2017 13.99 13.84 14.24 14.12 7410 1608200.00 22688921.00
22/02/2017 14.12 14.09 14.36 14.14 5952 1729900.00 24590107.00
23/02/2017 14.07 13.40 14.25 13.68 13226 2905200.00 39953411.00
24/02/2017 13.50 13.43 13.99 13.73 9478 2450600.00 33926963.00
01/03/2017 13.87 13.29 13.87 13.56 8251 2539200.00 34618545.00
02/03/2017 13.50 13.33 13.65 13.40 8715 2031600.00 27237734.00
03/03/2017 13.41 13.25 13.60 13.56 7182 1656500.00 22281198.00
06/03/2017 13.57 13.44 13.80 13.77 6734 1342600.00 18401300.00
07/03/2017 13.70 13.62 14.00 14.00 7407 1625500.00 22468012.00
08/03/2017 14.00 13.64 14.00 13.64 9110 2186400.00 30157970.00
09/03/2017 13.67 13.47 13.78 13.64 9230 1762000.00 23961770.00
10/03/2017 13.77 13.43 13.77 13.50 6628 1100700.00 14926907.00
13/03/2017 13.52 13.36 13.98 13.98 10605 2387200.00 32758129.00
14/03/2017 13.95 13.68 14.14 13.79 8278 1912800.00 26569774.00
15/03/2017 13.86 13.54 13.96 13.85 9617 2083800.00 28692407.00
16/03/2017 13.88 13.59 13.95 13.68 7240 1398200.00 19238668.00
17/03/2017 13.75 13.30 13.88 13.50 10875 4058300.00 54765810.00
20/03/2017 13.70 13.30 13.70 13.35 8566 1644500.00 22057014.00
21/03/2017 13.36 13.07 13.46 13.23 14437 2483600.00 32775793.00
22/03/2017 13.22 13.11 13.45 13.45 6174 1440000.00 19185880.00
23/03/2017 13.33 13.15 13.45 13.40 6641 1294700.00 17324868.00
24/03/2017 13.42 13.33 13.63 13.58 5807 1143300.00 15450953.00
27/03/2017 13.44 13.40 13.60 13.60 4997 793300.00 10716179.00
28/03/2017 13.57 13.46 13.73 13.69 5734 1225100.00 16666145.00
29/03/2017 13.68 13.58 13.82 13.70 6513 1383700.00 18956008.00
30/03/2017 13.74 13.74 13.99 13.99 5061 2273900.00 31517596.00
31/03/2017 13.92 13.80 14.06 13.95 5876 1451400.00 20241995.00
03/04/2017 14.02 13.88 14.11 14.11 3607 1227600.00 17150503.00
04/04/2017 14.08 13.93 14.10 14.10 4727 1602000.00 22416058.00
05/04/2017 14.12 13.81 14.19 13.81 6861 1298200.00 18160457.00
06/04/2017 13.84 13.47 13.91 13.56 8462 1709800.00 23404346.00
07/04/2017 13.61 13.57 14.04 13.90 8726 1455600.00 20211155.00
10/04/2017 13.95 13.63 13.95 13.88 6539 1221500.00 16829238.00
11/04/2017 13.83 13.51 13.89 13.73 7236 1373500.00 18834650.00
12/04/2017 13.81 13.48 13.81 13.53 9974 2000000.00 27160732.00
13/04/2017 13.48 13.22 13.56 13.35 7594 1820500.00 24349102.00
17/04/2017 13.38 13.32 13.66 13.66 4934 1156600.00 15631415.00
18/04/2017 13.59 13.36 13.67 13.52 8919 1875900.00 25310233.00
19/04/2017 13.52 13.36 13.58 13.36 10471 2499900.00 33705047.00
20/04/2017 13.45 13.45 13.64 13.46 7308 2095700.00 28396895.00
24/04/2017 13.50 13.11 13.78 13.11 10055 2234100.00 29763303.00
25/04/2017 13.19 12.90 13.70 13.50 12030 2872800.00 38617251.00
26/04/2017 13.59 13.36 13.68 13.36 8095 1549800.00 20901280.00
27/04/2017 13.55 13.39 13.61 13.51 6099 1387900.00 18739602.00
28/04/2017 13.58 13.42 13.68 13.42 7667 2369400.00 31978798.00
02/05/2017 13.43 13.42 13.86 13.86 8593 1655800.00 22575697.00
03/05/2017 13.78 13.50 13.87 13.50 7363 1405600.00 19219273.00
04/05/2017 13.60 13.02 13.60 13.10 7009 1388000.00 18285684.00
05/05/2017 13.20 13.16 13.49 13.25 8084 1363700.00 18191818.00
08/05/2017 13.17 13.14 13.36 13.27 6747 1570100.00 20829307.00
09/05/2017 13.30 13.23 13.69 13.51 9384 2043000.00 27564822.00
10/05/2017 13.59 13.47 13.66 13.59 5254 1363500.00 18498800.00
11/05/2017 13.60 13.32 13.64 13.57 5581 1961600.00 26499038.00
12/05/2017 13.62 13.50 13.69 13.68 6556 2439900.00 33191742.00
15/05/2017 13.68 13.61 13.80 13.75 8009 1381300.00 18968743.00
16/05/2017 13.77 13.64 13.85 13.70 9208 1605900.00 22104533.00
17/05/2017 13.68 13.43 13.80 13.50 8961 1402300.00 19026397.00
18/05/2017 12.50 12.07 13.18 12.45 22466 4380600.00 54757684.00
19/05/2017 12.54 12.34 12.95 12.87 18408 3930100.00 50228437.00
22/05/2017 12.70 12.54 12.84 12.65 15142 2266400.00 28781518.00
23/05/2017 12.81 12.65 12.96 12.82 9295 1853900.00 23808772.00
24/05/2017 12.93 12.90 13.30 13.04 9401 1852900.00 24318008.00
25/05/2017 12.91 12.91 13.28 13.28 7447 1370700.00 17982355.00
26/05/2017 13.25 13.16 13.68 13.40 10643 2486900.00 33484954.00
29/05/2017 13.25 13.17 13.35 13.18 4100 658500.00 8713860.00
30/05/2017 13.22 13.22 13.65 13.50 8033 1626700.00 21915818.00
31/05/2017 13.59 13.34 13.68 13.34 11068 2882800.00 38972684.00
01/06/2017 13.40 13.37 13.62 13.50 9857 2051200.00 27700314.00
02/06/2017 13.59 13.51 13.79 13.70 11546 3394700.00 46485874.00
05/06/2017 13.58 13.50 13.85 13.60 7595 2631200.00 36043322.00
06/06/2017 13.60 13.60 13.86 13.73 7808 2629600.00 36130940.00
07/06/2017 13.83 13.74 13.98 13.80 8144 1880700.00 26102010.00
08/06/2017 13.80 13.56 13.85 13.65 6273 1319200.00 18075667.00
09/06/2017 13.65 13.20 13.81 13.40 14003 3112100.00 42082894.00
12/06/2017 13.32 13.30 13.50 13.42 6065 1208200.00 16159315.00
13/06/2017 13.47 13.36 13.55 13.55 4982 1114600.00 15001820.00
14/06/2017 13.56 13.44 13.57 13.49 7572 1778600.00 23997184.00
16/06/2017 13.51 13.39 13.75 13.75 4721 2221000.00 30407865.00
