20/06/2016 16.29 16.29 16.78 16.78 4 4355.47 71550.00
22/06/2016 17.13 17.13 17.13 17.13 1 101.29 1735.00
23/06/2016 16.54 16.14 16.83 16.83 7 6381.27 105110.00
30/06/2016 16.39 16.39 17.08 16.78 8 7292.87 121807.00
01/07/2016 16.78 16.78 16.78 16.78 2 1114.19 18700.00
04/07/2016 17.03 16.88 17.08 16.93 17 16611.55 282035.00
05/07/2016 16.93 16.93 17.23 17.23 6 4254.18 72510.00
06/07/2016 17.28 17.03 17.77 17.77 27 24816.03 432815.00
07/07/2016 17.92 17.77 18.02 18.02 11 12762.53 228075.00
08/07/2016 17.77 17.77 18.26 18.26 16 10331.57 185135.00
11/07/2016 18.76 17.82 18.76 17.88 24 25322.48 455499.00
12/07/2016 17.89 17.82 18.12 18.12 12 10432.86 187440.00
13/07/2016 18.07 17.67 18.41 17.91 15 12559.95 224789.00
14/07/2016 17.78 17.77 17.96 17.77 12 7698.03 137057.00
15/07/2016 17.47 17.47 18.12 18.12 12 18029.61 321471.00
18/07/2016 17.92 17.92 18.76 18.76 12 10230.28 189425.00
19/07/2016 18.76 18.37 19.25 18.91 19 12965.11 242790.00
20/07/2016 18.76 18.48 19.00 18.87 16 31703.75 597232.00
21/07/2016 19.25 19.25 19.75 19.75 17 28158.60 550265.00
22/07/2016 19.36 19.35 19.60 19.55 9 9926.41 192714.00
25/07/2016 19.55 19.45 19.75 19.75 16 29880.53 588184.00
26/07/2016 19.55 19.55 19.75 19.75 10 10534.15 207540.00
27/07/2016 21.73 20.20 21.73 20.73 544 871599.81 18186278.00
28/07/2016 19.94 19.45 20.41 19.83 19165 22509052.41 448070959.00
29/07/2016 19.94 19.79 20.73 20.54 10232 4582153.65 92684207.00
01/08/2016 20.15 19.94 20.73 20.28 3538 1125837.52 22848324.00
02/08/2016 19.89 19.88 20.39 20.30 4240 1441456.93 28960611.00
03/08/2016 19.96 19.96 20.68 20.68 2804 1802555.51 36651861.00
04/08/2016 20.72 20.08 21.23 20.84 4930 2226352.56 46186244.00
05/08/2016 20.93 20.54 21.21 20.83 1059 780438.88 16209661.00
08/08/2016 20.44 20.35 20.83 20.63 2082 866839.18 17901012.00
09/08/2016 20.67 20.47 21.12 20.88 1216 1791211.04 37051929.00
10/08/2016 21.21 20.75 21.22 20.88 1014 722906.20 15108757.00
11/08/2016 20.78 20.63 21.30 21.23 1430 744177.08 15626720.00
12/08/2016 20.80 20.80 21.43 21.29 2479 590520.27 12572432.00
15/08/2016 21.32 20.98 21.67 21.32 1920 561348.77 11942139.00
16/08/2016 21.51 21.40 21.72 21.63 2417 1218112.64 26289219.00
17/08/2016 21.58 21.37 21.97 21.97 4019 2025899.80 43902978.00
18/08/2016 21.98 21.53 21.98 21.72 1577 778514.37 17003684.00
19/08/2016 22.14 21.13 22.14 21.82 1521 274394.41 5947939.00
22/08/2016 21.81 21.13 21.81 21.32 955 412655.16 8879990.00
23/08/2016 21.41 20.89 21.41 21.13 850 690088.26 14572440.00
24/08/2016 20.85 20.75 21.24 20.83 717 700419.84 14688936.00
25/08/2016 20.83 20.72 21.12 20.95 464 83260.32 1745405.00
26/08/2016 20.93 20.40 21.29 20.78 1387 392903.62 8169410.00
29/08/2016 20.80 20.59 21.23 21.23 1474 383787.53 8025285.00
30/08/2016 21.01 20.85 21.38 21.13 2827 581302.88 12277509.00
31/08/2016 21.12 20.57 21.15 20.69 2842 740530.65 15346909.00
01/09/2016 20.55 20.36 21.02 20.91 3029 673172.85 13920878.00
02/09/2016 21.04 20.52 21.20 20.70 2220 719462.34 14919629.00
05/09/2016 20.84 20.58 20.90 20.71 760 217975.92 4516534.00
06/09/2016 20.54 20.54 21.00 20.92 2397 491458.72 10263061.00
08/09/2016 20.92 20.43 20.92 20.63 2685 622426.59 12810673.00
09/09/2016 20.81 20.03 20.81 20.49 1955 629820.76 12775204.00
12/09/2016 20.81 20.12 20.81 20.44 1514 428152.52 8706943.00
13/09/2016 20.54 19.94 20.63 20.39 910 406881.63 8279486.00
14/09/2016 20.62 20.15 20.89 20.49 1298 228206.20 4701746.00
15/09/2016 20.61 20.32 20.73 20.73 861 252211.91 5190932.00
16/09/2016 21.12 20.51 21.12 20.63 1068 237727.46 4907778.00
19/09/2016 20.82 20.49 20.82 20.72 377 1066279.05 21853627.00
20/09/2016 20.72 20.56 20.83 20.72 1044 767878.93 15917714.00
21/09/2016 20.63 20.45 20.73 20.58 1115 895605.52 18447165.00
22/09/2016 20.74 20.47 20.93 20.93 713 575124.20 11862864.00
23/09/2016 20.92 20.77 20.96 20.83 417 127726.60 2660739.00
26/09/2016 20.85 20.52 20.89 20.52 883 226382.98 4661036.00
27/09/2016 20.74 20.14 20.74 20.44 936 194274.08 3959291.00
28/09/2016 20.25 20.20 20.52 20.29 1266 408806.14 8284739.00
29/09/2016 20.29 19.83 20.41 20.19 1551 584037.71 11778039.00
30/09/2016 20.43 19.94 20.49 20.48 1068 517794.10 10457933.00
03/10/2016 20.49 20.07 20.58 20.58 2880 1129686.54 23037048.00
04/10/2016 20.34 19.99 20.45 20.25 939 441522.79 8901971.00
05/10/2016 20.44 20.19 20.62 20.62 607 327672.91 6685611.00
06/10/2016 20.62 20.49 20.76 20.76 1470 271558.29 5624049.00
07/10/2016 20.90 20.73 20.96 20.96 854 327166.46 6816800.00
10/10/2016 20.97 20.68 21.02 20.73 2317 710953.99 14826828.00
11/10/2016 20.78 20.58 20.86 20.86 444 293335.62 6089910.00
13/10/2016 21.02 20.67 21.22 21.22 1187 423493.18 8882533.00
14/10/2016 21.23 21.03 21.52 21.41 1252 364441.15 7752466.00
17/10/2016 21.61 21.21 21.67 21.41 798 169458.05 3621575.00
18/10/2016 21.59 20.97 21.59 21.13 797 294044.65 6194830.00
19/10/2016 20.93 20.62 21.27 20.98 1223 272469.90 5717903.00
20/10/2016 20.74 20.65 20.97 20.92 1627 1233306.13 25726131.00
21/10/2016 20.83 20.83 21.09 21.03 568 388953.31 8161841.00
24/10/2016 21.04 21.00 21.29 21.17 917 599332.49 12706211.00
25/10/2016 21.08 21.08 21.59 21.32 534 700824.99 14953010.00
26/10/2016 21.52 21.09 21.52 21.32 1447 878487.52 18712828.00
27/10/2016 21.23 21.16 21.90 21.44 2006 755217.68 16227173.00
28/10/2016 21.72 21.49 22.20 21.96 1913 742860.31 16144180.00
31/10/2016 22.36 21.43 22.36 22.09 1376 1020192.13 22473699.00
01/11/2016 22.51 21.78 22.51 22.15 2621 686036.67 15146041.00
03/11/2016 21.88 21.68 22.31 22.03 3537 979676.16 21596696.00
04/11/2016 22.02 21.58 22.06 21.63 800 317847.79 6895576.00
07/11/2016 22.16 21.72 23.09 22.42 996 212303.68 4718956.00
08/11/2016 22.32 22.12 22.59 22.50 921 163684.52 3652007.00
09/11/2016 22.11 21.66 22.50 22.50 926 209163.70 4646365.00
10/11/2016 22.25 21.23 22.48 21.41 1588 468465.91 10119737.00
11/11/2016 20.99 19.55 21.23 19.99 2079 755420.26 15180517.00
14/11/2016 20.05 19.28 20.10 20.03 1718 515869.59 10146536.00
16/11/2016 20.19 19.55 20.19 19.75 2694 914141.58 18095336.00
17/11/2016 20.05 19.24 20.14 19.70 1566 1333583.16 26369702.00
18/11/2016 19.55 18.97 19.69 19.36 2508 593558.96 11487141.00
21/11/2016 19.06 18.97 19.59 19.30 2482 513539.92 9899562.00
22/11/2016 19.64 18.91 19.65 19.30 2109 650180.03 12568267.00
23/11/2016 19.18 18.75 19.38 19.25 1985 351273.46 6694846.00
24/11/2016 19.19 19.19 19.43 19.34 157 84374.51 1632124.00
25/11/2016 19.54 18.91 19.54 19.39 642 163583.23 3146622.00
28/11/2016 19.30 18.98 19.51 19.15 1065 222635.26 4263027.00
29/11/2016 19.27 18.96 19.27 19.13 706 465427.21 8915353.00
30/11/2016 19.25 18.89 19.49 19.48 1130 732326.16 14182273.00
01/12/2016 19.19 18.41 19.63 18.54 1752 529239.86 9958987.00
02/12/2016 18.65 18.41 19.25 19.09 1178 269026.04 5094147.00
05/12/2016 19.01 18.57 19.24 18.89 1283 489838.08 9236580.00
06/12/2016 19.19 18.54 19.20 18.96 3735 2553924.18 48459154.00
07/12/2016 18.87 18.29 18.94 18.84 2724 569451.96 10558074.00
08/12/2016 18.95 18.55 18.95 18.75 1323 224357.19 4205263.00
09/12/2016 18.93 18.49 18.93 18.76 2118 313897.48 5848993.00
12/12/2016 18.76 18.21 18.82 18.64 1621 341448.34 6316246.00
13/12/2016 18.52 18.19 18.67 18.41 762 450031.14 8279898.00
14/12/2016 18.51 17.78 18.51 17.97 984 310858.78 5590296.00
15/12/2016 18.07 17.34 18.07 17.38 4128 1766293.72 30923277.00
16/12/2016 17.29 17.29 17.79 17.69 1577 676717.99 11916859.00
19/12/2016 17.58 17.38 17.76 17.54 943 315720.70 5527430.00
20/12/2016 17.76 17.26 17.82 17.48 1547 262847.36 4592904.00
21/12/2016 17.49 17.08 17.61 17.50 2282 1250221.55 21613944.00
22/12/2016 17.68 17.52 18.06 18.06 2530 620400.79 11027789.00
23/12/2016 18.35 17.83 18.36 18.36 2113 480721.99 8726767.00
26/12/2016 18.21 18.04 18.35 18.35 789 202073.40 3688471.00
27/12/2016 18.54 18.04 18.54 18.26 1323 253629.97 4606335.00
28/12/2016 18.26 18.09 18.30 18.22 1428 365454.05 6648350.00
29/12/2016 18.26 18.07 18.36 18.34 2506 698900.49 12741803.00
02/01/2017 18.75 18.07 18.75 18.29 418 112735.69 2061636.00
03/01/2017 18.26 18.20 19.16 18.76 1832 897226.16 16803403.00
04/01/2017 18.49 18.49 19.50 19.33 3303 971876.84 18490977.00
05/01/2017 19.22 19.21 20.23 20.23 2377 2299382.60 45045622.00
06/01/2017 20.43 19.30 20.43 19.69 2187 513337.34 10054691.00
09/01/2017 19.50 19.39 19.75 19.65 1239 303768.49 5957117.00
10/01/2017 19.59 19.36 19.73 19.45 591 300122.05 5843543.00
11/01/2017 19.51 18.91 19.51 19.05 1082 303262.04 5781236.00
12/01/2017 19.74 19.21 19.99 19.45 2770 883653.31 17201072.00
13/01/2017 19.30 18.73 19.55 18.86 1645 468263.33 8846366.00
16/01/2017 19.09 18.89 19.35 19.35 1404 303160.75 5778369.00
17/01/2017 19.20 19.00 19.36 19.36 1415 251401.60 4822305.00
18/01/2017 19.26 18.89 19.26 18.99 1344 426633.17 8103242.00
19/01/2017 19.17 18.86 19.17 19.00 1809 1566043.54 29743744.00
20/01/2017 18.96 18.85 19.13 19.00 1339 319468.43 6063109.00
23/01/2017 18.99 18.96 19.16 19.00 1674 2608823.32 49522143.00
24/01/2017 19.02 18.91 19.99 19.78 1737 1458676.22 28370237.00
26/01/2017 20.11 19.55 20.11 19.80 714 369303.07 7310242.00
27/01/2017 20.03 19.56 20.09 20.04 1648 359781.82 7125158.00
30/01/2017 19.95 19.79 20.09 19.98 1495 666690.29 13304419.00
31/01/2017 19.88 19.85 20.57 20.11 1516 385104.30 7788161.00
01/02/2017 19.75 19.70 21.17 20.54 2114 1595417.62 32883405.00
02/02/2017 20.47 20.30 20.94 20.92 1766 1831017.98 38052081.00
03/02/2017 20.38 20.38 21.43 21.23 3174 669323.83 14190530.00
06/02/2017 20.90 20.90 21.47 21.14 1348 530759.21 11192145.00
07/02/2017 21.01 20.87 21.51 21.51 773 358059.89 7596518.00
08/02/2017 21.29 21.13 21.69 21.47 1711 316936.18 6779725.00
09/02/2017 21.60 21.26 22.22 21.47 1697 320582.61 6880370.00
10/02/2017 21.32 21.32 21.57 21.52 1342 688568.91 14776913.00
13/02/2017 21.49 21.05 21.73 21.23 2483 974307.79 20685754.00
14/02/2017 21.08 20.94 21.45 21.23 1443 413060.32 8715190.00
15/02/2017 21.18 21.18 22.21 22.21 5016 1347662.46 29453788.00
16/02/2017 21.94 21.63 22.37 21.82 2321 693532.12 15101333.00
17/02/2017 21.62 21.32 21.79 21.72 3312 923966.70 19946368.00
20/02/2017 22.06 21.80 22.42 22.31 1389 384597.85 8515962.00
21/02/2017 22.32 22.02 22.87 22.87 1668 759066.70 16946362.00
22/02/2017 22.87 22.26 22.87 22.41 800 895808.10 20040428.00
23/02/2017 23.21 22.66 23.35 22.83 2846 13794500.00 319916661.00
24/02/2017 22.81 22.51 22.99 22.60 2066 2555300.00 57796401.00
01/03/2017 22.69 22.55 23.14 23.04 1900 368200.00 8416399.00
02/03/2017 23.30 22.87 23.30 23.12 1898 719300.00 16594352.00
03/03/2017 22.97 22.85 23.50 23.30 1880 1067500.00 24720665.00
06/03/2017 23.10 23.10 23.55 23.35 1171 1039000.00 24277245.00
07/03/2017 23.61 22.95 23.70 23.15 864 474500.00 10998303.00
08/03/2017 23.15 22.17 23.15 22.74 1556 1730600.00 39616137.00
09/03/2017 22.89 21.90 22.89 22.49 1120 1532300.00 34245793.00
10/03/2017 22.42 22.38 22.99 22.99 1532 893400.00 20364758.00
13/03/2017 23.62 22.81 23.62 23.09 1558 386400.00 8900673.00
14/03/2017 23.18 22.74 23.38 22.97 2592 725900.00 16688202.00
15/03/2017 22.99 22.70 23.14 23.05 1816 835000.00 19078032.00
16/03/2017 23.10 22.51 23.24 22.89 1414 464700.00 10631349.00
17/03/2017 22.99 22.58 23.00 22.69 1451 635300.00 14416844.00
20/03/2017 22.67 22.40 22.70 22.70 2212 598300.00 13501294.00
21/03/2017 22.62 21.58 22.70 22.15 3184 817900.00 17949083.00
22/03/2017 22.22 21.67 22.30 22.30 1461 512100.00 11336167.00
23/03/2017 22.11 21.88 22.20 22.00 1388 464600.00 10229160.00
24/03/2017 21.95 21.78 22.18 22.13 1893 409300.00 8983447.00
27/03/2017 22.01 21.80 22.13 22.13 1575 502200.00 11072304.00
28/03/2017 22.15 21.92 22.15 22.04 836 282800.00 6233771.00
29/03/2017 22.10 21.82 22.10 22.00 830 246200.00 5400150.00
30/03/2017 22.09 21.99 22.30 22.30 921 400900.00 8871832.00
31/03/2017 22.46 22.20 22.70 22.70 1375 480100.00 10745477.00
03/04/2017 22.89 22.53 22.90 22.70 1121 234100.00 5300852.00
04/04/2017 22.76 22.57 22.76 22.59 1023 344000.00 7777694.00
05/04/2017 22.61 22.55 22.90 22.90 2286 619100.00 14084791.00
06/04/2017 22.85 22.72 23.02 22.73 1711 836200.00 19112653.00
07/04/2017 22.87 22.62 22.90 22.85 1953 364900.00 8312584.00
10/04/2017 22.84 22.67 23.09 22.90 1791 642300.00 14710652.00
11/04/2017 23.21 22.56 23.21 23.00 1184 402800.00 9221213.00
12/04/2017 23.30 22.65 23.30 22.75 1220 364800.00 8308558.00
13/04/2017 22.87 22.24 22.87 22.76 2555 638700.00 14456038.00
17/04/2017 22.92 22.59 23.08 22.95 1224 654000.00 14995002.00
18/04/2017 22.86 22.58 23.01 22.60 707 518300.00 11776945.00
19/04/2017 22.49 22.01 22.49 22.23 2489 576600.00 12820084.00
20/04/2017 22.39 21.99 22.69 22.69 844 289800.00 6495462.00
24/04/2017 22.72 21.91 22.72 22.07 1450 472800.00 10485949.00
25/04/2017 21.97 21.58 22.22 22.20 1551 1168000.00 25630105.00
26/04/2017 22.03 21.90 22.28 22.25 1565 967800.00 21340093.00
27/04/2017 22.50 22.08 22.86 22.48 2001 465700.00 10430466.00
28/04/2017 22.60 22.44 22.99 22.75 5373 2391700.00 54250160.00
02/05/2017 22.89 22.69 23.96 23.40 6636 2129700.00 49944130.00
03/05/2017 23.40 22.85 23.78 23.00 5764 1251100.00 29053556.00
04/05/2017 23.00 22.52 23.01 22.84 3716 831400.00 18962742.00
05/05/2017 22.91 22.68 23.34 23.15 2110 388100.00 8951841.00
08/05/2017 23.29 22.98 23.81 23.50 4452 714300.00 16757629.00
09/05/2017 23.70 23.22 23.79 23.50 4056 904100.00 21312757.00
10/05/2017 23.70 23.57 24.02 23.57 4612 910700.00 21608450.00
11/05/2017 24.15 23.92 25.36 24.64 4504 2242500.00 54476183.00
12/05/2017 25.00 24.51 25.88 24.74 3040 799300.00 19841713.00
15/05/2017 24.80 24.67 25.24 24.70 2115 408300.00 10127433.00
16/05/2017 24.70 23.70 24.70 24.00 5231 1866400.00 44611008.00
17/05/2017 23.83 23.61 24.36 23.65 3705 1142500.00 27376195.00
18/05/2017 20.10 19.90 22.10 21.15 4275 1593900.00 33398903.00
19/05/2017 21.20 21.20 22.25 21.71 6239 1315900.00 28904876.00
22/05/2017 21.74 20.28 21.80 21.22 2572 721900.00 14973918.00
23/05/2017 21.32 21.32 21.73 21.44 1606 594900.00 12742169.00
24/05/2017 21.79 21.45 22.16 21.69 3322 787600.00 17250833.00
25/05/2017 21.92 21.35 21.92 21.85 1835 1325100.00 28659758.00
26/05/2017 22.00 22.00 22.94 22.48 2527 1037900.00 23236235.00
29/05/2017 22.34 21.92 22.46 22.32 1208 197400.00 4385087.00
30/05/2017 22.52 22.36 22.77 22.77 1159 576400.00 13044438.00
31/05/2017 22.92 22.35 22.92 22.50 2297 870000.00 19673630.00
01/06/2017 22.71 22.30 22.79 22.61 465 241400.00 5453738.00
02/06/2017 22.61 22.56 23.16 23.15 1721 331100.00 7593944.00
05/06/2017 22.92 22.60 23.00 22.65 640 287100.00 6525734.00
06/06/2017 22.72 22.34 22.91 22.34 1801 579200.00 12997023.00
07/06/2017 22.59 21.98 22.59 22.51 1013 775300.00 17201432.00
08/06/2017 22.29 22.11 22.70 22.70 1646 461700.00 10394607.00
09/06/2017 22.77 22.60 23.05 23.00 885 262200.00 6002889.00
12/06/2017 22.85 22.75 22.96 22.78 1199 240100.00 5475418.00
13/06/2017 22.92 22.38 23.03 22.74 1329 316900.00 7170113.00
14/06/2017 22.95 22.47 22.97 22.90 1320 273100.00 6219155.00
16/06/2017 22.67 22.65 23.04 23.04 612 180700.00 4135491.00
