28/06/2016 2.81 2.81 2.81 2.81 2 405.68 1140.00
29/06/2016 2.91 2.91 2.91 2.91 1 2738.37 7965.00
30/06/2016 2.90 2.87 2.90 2.87 2 912.79 2640.00
04/07/2016 2.95 2.95 2.95 2.95 1 101.42 299.00
05/07/2016 2.85 2.78 2.85 2.78 4 1318.47 3680.00
06/07/2016 2.86 2.86 2.86 2.86 2 202.84 580.00
08/07/2016 2.95 2.95 3.16 3.16 6 1622.74 4949.00
11/07/2016 3.20 3.20 3.20 3.20 3 608.53 1950.00
14/07/2016 3.16 3.16 3.16 3.16 2 202.84 640.00
18/07/2016 3.11 3.11 3.11 3.11 1 811.37 2520.00
19/07/2016 3.25 3.25 3.25 3.25 1 709.95 2310.00
22/07/2016 3.45 3.45 3.45 3.45 3 2129.84 7350.00
25/07/2016 3.45 3.45 3.45 3.45 3 2535.53 8750.00
27/07/2016 3.50 3.50 4.04 4.04 9 3651.16 14485.00
28/07/2016 4.19 4.16 4.19 4.16 11 5273.89 21956.00
29/07/2016 3.81 3.66 3.94 3.94 12 7708.00 29802.00
02/08/2016 3.94 3.94 4.16 4.16 3 1217.05 4976.00
03/08/2016 4.16 4.16 4.16 4.16 2 1419.89 5908.00
08/08/2016 4.14 3.57 4.14 3.75 7 1521.32 5627.00
09/08/2016 4.14 4.14 4.14 4.14 1 101.42 420.00
12/08/2016 4.13 4.13 4.13 4.13 1 101.42 419.00
16/08/2016 3.94 3.94 4.14 3.94 4 2941.21 11735.00
17/08/2016 3.86 3.85 3.89 3.85 4 5781.00 22261.00
18/08/2016 3.85 3.85 3.85 3.85 1 101.42 390.00
24/08/2016 3.85 3.85 4.19 3.94 13 4665.37 18869.00
25/08/2016 3.94 3.94 4.14 3.94 7 5476.74 21647.00
26/08/2016 4.12 3.96 4.14 4.03 7 2028.42 8196.00
29/08/2016 4.00 3.94 4.00 3.94 2 10547.79 41624.00
30/08/2016 3.94 3.94 3.94 3.94 4 2028.42 8000.00
31/08/2016 3.96 3.94 3.96 3.94 3 5172.47 20406.00
02/09/2016 4.09 4.09 4.44 4.17 7 2839.79 12087.00
05/09/2016 4.14 3.94 4.14 3.95 9 5679.58 22485.00
08/09/2016 3.95 3.95 3.99 3.99 4 7200.89 28635.00
09/09/2016 4.01 3.99 4.04 4.00 13 4665.37 18680.00
14/09/2016 4.07 3.99 4.07 4.00 7 6592.37 26394.00
16/09/2016 4.06 4.06 4.06 4.06 1 101.42 412.00
19/09/2016 4.06 4.05 4.10 4.10 6 2636.95 10797.00
20/09/2016 4.12 4.10 4.12 4.10 2 811.37 3334.00
21/09/2016 3.99 3.99 3.99 3.99 1 5071.05 20250.00
22/09/2016 3.99 3.99 3.99 3.99 1 3549.74 14175.00
28/09/2016 4.10 3.98 4.10 3.98 5 5578.16 22272.00
29/09/2016 3.98 3.98 3.98 3.98 1 304.26 1212.00
30/09/2016 3.98 3.98 4.03 3.98 5 4563.95 18190.00
03/10/2016 3.98 3.98 4.02 3.98 13 20588.47 82016.00
04/10/2016 4.04 4.04 4.06 4.06 10 5983.84 24306.00
05/10/2016 4.06 4.06 4.06 4.06 1 202.84 824.00
06/10/2016 4.06 4.06 4.06 4.06 1 202.84 824.00
13/10/2016 4.06 4.06 4.06 4.06 1 101.42 412.00
14/10/2016 4.07 4.04 4.16 4.16 4 2839.79 11558.00
20/10/2016 4.04 3.91 4.04 4.04 4 1318.47 5291.00
21/10/2016 4.13 4.04 4.13 4.04 3 1217.05 4938.00
26/10/2016 4.24 4.08 4.24 4.09 5 1419.89 5838.00
27/10/2016 4.09 4.09 4.24 4.09 5 1014.21 4195.00
28/10/2016 4.09 4.09 4.09 4.09 2 405.68 1660.00
31/10/2016 4.09 4.09 4.09 4.09 3 1115.63 4565.00
01/11/2016 4.09 4.09 4.09 4.09 8 27890.79 114125.00
03/11/2016 4.09 4.09 4.09 4.09 3 811.37 3320.00
04/11/2016 4.09 4.09 4.09 4.09 3 608.53 2490.00
07/11/2016 4.09 3.94 4.09 4.09 5 2332.68 9485.00
11/11/2016 3.75 3.75 4.09 3.75 5 1115.63 4314.00
14/11/2016 3.94 3.65 3.99 3.99 10 6288.10 23886.00
17/11/2016 3.80 3.65 3.99 3.65 9 14097.52 51580.00
18/11/2016 3.94 3.94 3.94 3.94 2 507.11 2000.00
21/11/2016 3.94 3.94 3.94 3.94 1 304.26 1200.00
22/11/2016 3.88 3.88 3.88 3.88 1 304.26 1182.00
23/11/2016 3.70 3.70 3.70 3.70 1 2028.42 7500.00
24/11/2016 3.85 3.85 4.18 4.18 2 405.68 1594.00
25/11/2016 3.94 3.84 3.94 3.85 5 912.79 3526.00
28/11/2016 3.90 3.83 3.90 3.83 2 608.53 2344.00
29/11/2016 3.85 3.70 3.85 3.70 2 304.26 1155.00
30/11/2016 3.85 3.85 3.85 3.85 1 202.84 780.00
01/12/2016 3.80 3.80 3.80 3.80 1 202.84 770.00
02/12/2016 3.75 3.75 3.75 3.75 2 405.68 1520.00
05/12/2016 3.75 3.75 3.75 3.75 1 405.68 1520.00
08/12/2016 3.84 3.84 3.84 3.84 1 405.68 1556.00
09/12/2016 3.79 3.75 3.79 3.75 2 202.84 764.00
12/12/2016 3.75 3.75 3.75 3.75 1 101.42 380.00
13/12/2016 3.75 3.75 3.75 3.75 1 202.84 760.00
14/12/2016 3.65 3.65 3.65 3.65 2 202.84 740.00
15/12/2016 3.62 3.62 3.62 3.62 3 608.53 2202.00
16/12/2016 3.59 3.59 3.59 3.59 4 405.68 1456.00
19/12/2016 3.55 3.55 3.60 3.60 2 405.68 1455.00
20/12/2016 3.60 3.60 3.60 3.60 1 202.84 730.00
21/12/2016 3.45 3.45 3.45 3.45 4 2839.79 9800.00
22/12/2016 3.65 3.65 3.65 3.65 4 912.79 3330.00
23/12/2016 3.64 3.60 3.64 3.60 3 507.11 1833.00
27/12/2016 3.49 3.49 3.49 3.49 1 101.42 354.00
28/12/2016 3.50 3.49 3.51 3.49 5 1419.89 4965.00
29/12/2016 3.51 3.51 3.64 3.64 2 1521.32 5522.00
03/01/2017 3.26 3.19 3.42 3.42 9 1318.47 4349.00
04/01/2017 3.43 3.42 3.45 3.44 23 34584.57 118920.00
05/01/2017 3.44 3.44 3.64 3.55 16 30020.63 105005.00
06/01/2017 3.60 3.59 3.60 3.60 12 18052.95 64962.00
09/01/2017 3.55 3.54 3.65 3.65 13 5578.16 20069.00
10/01/2017 3.77 3.77 3.78 3.78 2 304.26 1147.00
11/01/2017 3.78 3.75 3.78 3.75 5 1622.74 6096.00
12/01/2017 3.75 3.75 3.76 3.75 4 709.95 2663.00
13/01/2017 3.61 3.50 3.61 3.59 7 2738.37 9680.00
16/01/2017 3.75 3.75 3.75 3.75 1 202.84 760.00
17/01/2017 3.70 3.69 3.70 3.69 4 405.68 1497.00
18/01/2017 3.60 3.60 3.85 3.85 5 912.79 3367.00
19/01/2017 3.65 3.65 3.66 3.66 3 5273.89 19243.00
20/01/2017 3.76 3.76 3.76 3.76 1 405.68 1524.00
23/01/2017 3.66 3.66 3.66 3.66 1 101.42 371.00
24/01/2017 3.78 3.78 3.81 3.81 2 405.68 1535.00
26/01/2017 3.85 3.85 3.94 3.94 4 811.37 3140.00
30/01/2017 3.94 3.94 3.94 3.94 1 202.84 800.00
01/02/2017 3.94 3.79 3.94 3.81 3 709.95 2754.00
03/02/2017 3.83 3.83 3.83 3.83 1 101.42 388.00
06/02/2017 3.83 3.80 3.83 3.80 2 202.84 773.00
09/02/2017 4.04 4.04 4.09 4.09 6 1014.21 4145.00
10/02/2017 3.95 3.95 3.95 3.95 1 101.42 401.00
14/02/2017 4.08 4.08 4.09 4.09 2 1014.21 4148.00
15/02/2017 4.13 4.13 4.24 4.24 24 12170.52 51179.00
16/02/2017 4.21 4.09 4.21 4.13 13 6795.21 28194.00
17/02/2017 4.09 4.09 4.09 4.09 3 1014.21 4150.00
20/02/2017 4.09 4.09 4.09 4.09 3 304.26 1245.00
21/02/2017 4.24 4.24 4.24 4.24 1 101.42 430.00
22/02/2017 4.24 4.24 4.24 4.24 1 101.42 430.00
23/02/2017 4.23 4.23 4.23 4.23 5 1100.00 4653.00
24/02/2017 4.26 4.26 4.26 4.26 2 400.00 1704.00
01/03/2017 4.26 4.26 4.35 4.35 2 400.00 1713.00
02/03/2017 4.40 4.40 4.40 4.40 1 100.00 440.00
06/03/2017 4.39 4.39 4.75 4.75 12 4200.00 18611.00
07/03/2017 4.77 4.77 4.77 4.77 4 1000.00 4770.00
08/03/2017 4.50 4.30 4.77 4.30 5 1100.00 4943.00
09/03/2017 4.40 4.40 4.40 4.40 2 200.00 880.00
14/03/2017 4.53 4.53 4.53 4.53 1 100.00 453.00
15/03/2017 4.60 4.60 4.60 4.60 1 200.00 920.00
20/03/2017 4.59 4.59 4.59 4.59 1 400.00 1836.00
21/03/2017 4.47 4.44 4.47 4.44 2 200.00 891.00
22/03/2017 4.50 4.50 4.50 4.50 1 200.00 900.00
23/03/2017 4.31 4.26 4.33 4.26 5 1500.00 6443.00
27/03/2017 4.26 4.20 4.26 4.20 17 7100.00 29864.00
28/03/2017 4.15 4.11 4.15 4.11 25 10600.00 43858.00
29/03/2017 4.15 4.05 4.15 4.05 14 12400.00 51233.00
03/04/2017 4.18 4.15 4.38 4.20 23 13000.00 54564.00
04/04/2017 4.35 4.10 4.35 4.10 15 5000.00 20626.00
05/04/2017 4.30 4.30 4.30 4.30 1 100.00 430.00
06/04/2017 4.10 4.10 4.21 4.20 6 1600.00 6682.00
07/04/2017 4.01 4.01 4.01 4.01 2 300.00 1203.00
10/04/2017 4.11 4.11 4.20 4.20 17 5700.00 23553.00
11/04/2017 4.14 4.14 4.14 4.14 1 200.00 828.00
12/04/2017 4.14 4.14 4.14 4.14 1 200.00 828.00
13/04/2017 4.32 4.32 4.32 4.32 1 100.00 432.00
17/04/2017 4.32 4.17 4.32 4.17 4 1200.00 5091.00
19/04/2017 4.17 4.17 4.17 4.17 1 300.00 1251.00
27/04/2017 4.07 4.07 4.07 4.07 3 1000.00 4070.00
02/05/2017 4.40 4.40 4.40 4.40 2 500.00 2200.00
08/05/2017 4.20 4.00 4.20 4.06 7 2000.00 8188.00
09/05/2017 4.08 4.00 4.25 4.08 13 8200.00 33261.00
10/05/2017 4.01 3.75 4.02 3.88 20 5500.00 21615.00
11/05/2017 3.97 3.97 4.18 4.10 7 1600.00 6557.00
12/05/2017 4.25 4.10 4.43 4.10 16 5200.00 21938.00
15/05/2017 4.12 4.12 4.39 4.19 7 5100.00 21842.00
16/05/2017 4.18 4.09 4.18 4.11 21 10200.00 41962.00
17/05/2017 4.17 3.94 4.17 3.94 10 2300.00 9313.00
18/05/2017 3.90 3.63 3.90 3.63 20 7500.00 27606.00
19/05/2017 3.63 3.63 3.88 3.88 8 3100.00 12003.00
22/05/2017 3.85 3.56 3.85 3.67 22 10400.00 37669.00
23/05/2017 3.95 3.76 3.95 3.76 13 5000.00 19364.00
24/05/2017 3.90 3.90 3.90 3.90 1 100.00 390.00
25/05/2017 3.90 3.90 4.00 4.00 4 1000.00 3910.00
26/05/2017 4.12 4.00 4.30 4.00 14 7800.00 31512.00
29/05/2017 4.02 3.90 4.02 3.90 4 400.00 1593.00
30/05/2017 3.96 3.96 4.28 4.28 3 400.00 1624.00
31/05/2017 4.44 4.02 4.44 4.02 12 3000.00 12335.00
01/06/2017 4.01 4.00 4.02 4.00 4 700.00 2807.00
02/06/2017 4.00 4.00 4.20 4.20 5 8800.00 35722.00
05/06/2017 4.07 4.07 4.25 4.25 4 500.00 2073.00
06/06/2017 4.25 4.25 4.30 4.29 5 1700.00 7280.00
07/06/2017 4.15 4.06 4.21 4.06 5 900.00 3735.00
08/06/2017 4.06 4.06 4.12 4.12 3 400.00 1636.00
09/06/2017 4.16 4.16 4.29 4.29 6 2400.00 10077.00
13/06/2017 4.14 4.10 4.14 4.10 2 400.00 1652.00
