20/06/2016 18.88 18.88 18.88 18.88 1 4215.94 79600.00
30/06/2016 19.83 19.83 19.83 19.83 1 105.40 2090.00
08/07/2016 19.73 19.73 19.73 19.73 2 1053.98 20799.00
11/07/2016 19.45 19.45 19.45 19.45 1 105.40 2050.00
29/07/2016 19.44 19.44 19.44 19.44 1 948.59 18441.00
12/08/2016 19.45 19.45 19.45 19.45 4 6323.90 123000.00
22/08/2016 19.45 19.45 19.45 19.45 1 948.59 18450.00
30/08/2016 18.98 18.98 18.98 18.98 1 4426.73 84000.00
20/09/2016 17.08 17.08 17.08 17.08 1 105.40 1800.00
05/10/2016 18.88 18.79 18.88 18.79 5 5586.12 105460.00
10/10/2016 18.80 18.80 18.80 18.80 1 11593.82 218020.00
17/10/2016 18.43 18.43 18.98 18.98 3 11383.03 210200.00
20/10/2016 19.36 19.36 19.36 19.36 1 105.40 2040.00
26/10/2016 17.55 17.28 18.02 17.30 19 22660.66 394891.00
27/10/2016 17.55 17.55 18.98 18.98 10 3688.94 66600.00
28/10/2016 19.45 19.45 19.45 19.45 1 105.40 2050.00
31/10/2016 18.98 18.98 20.10 20.10 3 5269.92 100818.00
03/11/2016 19.17 19.17 20.25 20.25 5 737.79 14824.00
18/11/2016 20.30 20.30 20.30 20.30 1 316.20 6420.00
06/12/2016 18.07 18.07 20.87 20.87 3 632.39 11725.00
09/12/2016 20.87 20.87 20.87 20.87 1 5059.12 105600.00
26/12/2016 22.58 22.58 22.58 22.58 1 105.40 2380.00
28/12/2016 22.57 22.57 22.57 22.57 1 105.40 2379.00
29/12/2016 22.58 22.58 23.48 23.48 3 948.59 21615.00
11/01/2017 23.47 23.47 23.47 23.47 1 105.40 2474.00
01/02/2017 22.77 22.77 22.77 22.77 6 258226.08 5880000.00
02/02/2017 26.80 26.80 26.80 26.80 1 105.40 2825.00
21/02/2017 18.99 18.99 22.77 22.77 8 317038.39 7217403.00
13/03/2017 24.67 24.67 24.67 24.67 1 105.40 2600.00
10/04/2017 22.77 22.77 22.77 22.77 1 105.40 2400.00
27/04/2017 25.00 25.00 25.00 25.00 2 57000.00 1425000.00
17/05/2017 24.00 24.00 24.00 24.00 2 2600.00 62400.00
25/05/2017 25.00 25.00 25.00 25.00 2 300.00 7500.00
05/06/2017 25.00 25.00 25.00 25.00 1 100.00 2500.00
12/06/2017 25.00 25.00 25.00 25.00 2 5000.00 125000.00
