07/07/2016 6.45 6.45 6.45 6.45 2 3373.99 21750.00
08/07/2016 6.45 6.45 6.45 6.45 2 3373.99 21750.00
12/07/2016 6.45 6.45 6.45 6.45 1 9559.64 61625.00
18/07/2016 6.67 6.67 6.67 6.67 1 562.33 3750.00
27/07/2016 7.56 7.56 7.56 7.56 2 224.93 1700.00
29/07/2016 7.74 7.74 7.74 7.74 1 112.47 870.00
08/08/2016 7.74 7.74 7.74 7.74 2 3373.99 26100.00
11/08/2016 7.56 7.56 7.56 7.56 1 5623.32 42500.00
23/08/2016 6.46 6.46 6.46 6.46 2 2136.86 13794.00
25/08/2016 7.56 7.56 7.56 7.56 1 1686.99 12750.00
26/08/2016 8.00 8.00 8.00 8.00 1 1911.93 15300.00
12/09/2016 8.00 8.00 8.89 8.89 4 5173.45 41500.00
27/09/2016 16.44 16.44 16.44 16.44 1 112.47 1849.00
05/10/2016 18.05 18.05 18.05 18.05 1 200.00 3610.00
01/11/2016 16.99 15.49 16.99 15.49 2 500.00 7895.00
18/11/2016 10.85 10.85 12.00 12.00 4 1900.00 20730.00
21/11/2016 12.00 12.00 12.00 12.00 1 100.00 1200.00
23/11/2016 12.00 12.00 12.00 12.00 1 100.00 1200.00
28/12/2016 13.00 13.00 13.00 13.00 1 100.00 1300.00
16/01/2017 14.00 14.00 14.00 14.00 1 100.00 1400.00
17/01/2017 14.00 14.00 14.00 14.00 1 100.00 1400.00
03/02/2017 12.00 12.00 14.00 14.00 4 800.00 10400.00
06/02/2017 14.00 14.00 14.00 14.00 1 200.00 2800.00
09/02/2017 14.00 14.00 14.00 14.00 1 100.00 1400.00
10/02/2017 14.00 14.00 14.00 14.00 1 100.00 1400.00
13/02/2017 14.00 14.00 14.00 14.00 1 100.00 1400.00
14/02/2017 14.00 14.00 14.00 14.00 1 100.00 1400.00
16/02/2017 14.00 14.00 14.00 14.00 1 100.00 1400.00
17/02/2017 14.00 14.00 14.00 14.00 1 200.00 2800.00
21/02/2017 14.00 14.00 14.00 14.00 1 100.00 1400.00
22/02/2017 14.00 14.00 14.50 14.50 3 500.00 7100.00
16/03/2017 14.50 14.50 14.50 14.50 1 100.00 1450.00
20/03/2017 14.50 14.50 14.50 14.50 1 100.00 1450.00
25/04/2017 14.00 14.00 15.00 15.00 2 200.00 2900.00
16/05/2017 15.00 15.00 15.00 15.00 3 2000.00 30000.00
23/05/2017 15.80 15.80 15.80 15.80 1 100.00 1580.00
