20/06/2016 47.34 47.19 48.03 47.59 6485 947665.47 45217445.00
21/06/2016 47.71 46.23 47.93 46.80 6204 1137481.42 53099309.00
22/06/2016 46.72 46.15 47.64 46.98 10127 1868358.69 87419952.00
23/06/2016 47.12 46.83 47.56 47.05 6346 1168090.38 54998585.00
24/06/2016 46.10 45.62 46.72 46.13 5465 968475.52 44781019.00
27/06/2016 45.98 45.00 46.34 45.34 6080 1326388.19 60191466.00
28/06/2016 45.89 45.74 47.04 46.63 6293 2027767.72 93929114.00
29/06/2016 46.96 46.96 47.90 47.51 6727 1113135.68 52883821.00
30/06/2016 47.30 47.28 49.13 48.16 8300 1626921.69 78444089.00
01/07/2016 48.40 47.76 48.78 48.31 5605 1119701.96 54061338.00
04/07/2016 48.30 47.89 49.42 48.21 5360 953827.67 46209114.00
05/07/2016 47.92 47.66 49.25 48.98 6519 1290930.29 62777817.00
06/07/2016 49.10 47.99 49.20 48.57 5940 1090608.30 52891832.00
07/07/2016 48.82 48.11 49.26 49.20 6315 1203447.26 58999759.00
08/07/2016 49.39 49.00 49.74 49.10 7316 1516002.10 74796724.00
11/07/2016 49.22 48.90 49.74 49.15 6155 1042825.99 51404294.00
12/07/2016 49.69 49.19 49.98 49.40 5316 1079193.07 53404965.00
13/07/2016 49.17 49.16 50.14 49.64 9290 1638740.99 81353185.00
14/07/2016 49.99 48.45 50.14 49.15 9103 1390737.72 68148864.00
15/07/2016 48.92 48.38 49.21 48.62 7188 1308305.67 63606537.00
18/07/2016 48.85 48.31 50.68 49.91 7278 3415474.85 170639097.00
19/07/2016 49.60 49.60 50.76 50.51 7752 1821788.63 92024146.00
20/07/2016 50.64 49.23 50.84 49.23 5497 1304365.91 65185730.00
21/07/2016 49.26 48.83 49.82 48.90 5171 1001508.95 49292567.00
22/07/2016 48.90 48.90 50.72 50.58 8605 1683391.69 84463017.00
25/07/2016 50.70 50.60 52.93 52.68 5833 1707030.29 88758071.00
26/07/2016 52.84 52.38 53.76 53.54 7993 1346087.03 71787941.00
27/07/2016 53.42 52.73 53.99 53.11 5374 1166777.12 62015740.00
28/07/2016 52.81 52.81 54.40 54.40 8155 1640660.37 88195067.00
29/07/2016 54.27 53.91 55.34 54.97 6419 1076263.50 58819055.00
01/08/2016 55.00 53.60 55.13 53.85 5835 1012318.06 54744974.00
02/08/2016 53.81 52.85 54.08 53.31 6917 1335682.00 71195964.00
03/08/2016 52.94 52.63 53.73 53.08 4240 628342.31 33432672.00
04/08/2016 53.29 52.74 54.52 54.52 4523 845837.65 45694569.00
05/08/2016 54.73 53.98 54.73 54.33 4056 834321.41 45314965.00
08/08/2016 54.05 53.17 54.70 53.45 2806 503684.05 26996066.00
09/08/2016 53.75 52.55 53.87 52.70 3674 774315.73 41210037.00
10/08/2016 53.02 52.32 53.52 52.47 4009 676730.73 35647576.00
11/08/2016 52.31 52.30 52.95 52.66 4921 996255.93 52384429.00
12/08/2016 52.94 51.33 53.29 51.76 3779 551062.27 28559613.00
15/08/2016 51.79 51.06 52.10 51.75 4676 921097.30 47530103.00
16/08/2016 51.23 50.43 52.01 51.18 6937 1115863.21 56938199.00
17/08/2016 50.80 50.22 51.67 51.61 5426 1012722.13 51775018.00
18/08/2016 51.61 50.50 51.77 51.34 5292 1213347.19 61958863.00
19/08/2016 50.91 50.45 51.60 51.36 6739 1431549.66 72942483.00
22/08/2016 51.00 49.87 51.45 49.99 4884 865233.42 43471795.00
23/08/2016 50.11 50.05 51.18 50.49 3515 665921.63 33722240.00
24/08/2016 49.89 49.63 50.54 49.90 3608 530858.34 26551044.00
25/08/2016 49.91 49.91 50.89 50.69 3031 540455.20 27290559.00
26/08/2016 50.88 49.22 52.17 49.94 7237 1479736.04 75102128.00
29/08/2016 50.04 50.04 51.74 51.09 4589 1169605.67 60040699.00
30/08/2016 50.79 50.21 50.94 50.94 3298 638343.26 32295888.00
31/08/2016 50.73 49.12 51.19 50.06 7897 2008978.06 100375346.00
01/09/2016 50.26 49.61 50.92 50.92 3507 1097477.63 55414842.00
02/09/2016 50.83 50.70 51.60 51.08 4657 1395586.66 71379149.00
05/09/2016 51.28 50.55 51.48 50.88 2094 302755.93 15415678.00
06/09/2016 51.32 50.42 51.62 51.61 3154 655415.58 33410766.00
08/09/2016 51.67 50.98 51.71 51.46 5434 1027976.10 52933881.00
09/09/2016 50.97 49.31 51.22 49.68 8669 1315175.01 65483627.00
12/09/2016 49.31 49.13 50.52 50.18 4778 733907.86 36635232.00
13/09/2016 49.66 49.05 49.86 49.25 5438 1755721.77 86650233.00
14/09/2016 49.07 48.89 49.71 49.00 3336 865940.56 42592094.00
15/09/2016 48.94 48.94 50.20 49.89 4382 729665.04 36266485.00
16/09/2016 49.89 49.04 49.95 49.11 3541 735120.10 36236495.00
19/09/2016 49.50 48.98 49.88 49.50 3141 536313.40 26567343.00
20/09/2016 49.50 49.50 51.18 50.83 4770 838665.25 42390920.00
21/09/2016 51.20 50.52 51.44 51.23 6383 1004539.54 51271081.00
22/09/2016 51.91 51.18 52.28 51.82 4095 815026.65 42228559.00
23/09/2016 51.52 51.44 52.68 51.77 3628 720169.19 37253221.00
26/09/2016 51.30 50.21 51.73 50.49 3583 593490.53 30057578.00
27/09/2016 50.78 50.37 51.48 50.98 3136 569548.87 29031246.00
28/09/2016 50.98 50.98 52.01 51.72 4473 858566.13 44397315.00
29/09/2016 51.98 50.58 51.98 50.58 3556 535101.16 27383060.00
30/09/2016 50.61 49.81 51.16 49.81 4621 1245471.44 62564723.00
03/10/2016 49.81 49.54 51.01 50.79 4981 1088991.98 54980633.00
04/10/2016 50.58 49.69 51.01 50.70 5852 1009691.54 50890735.00
05/10/2016 50.98 50.60 51.47 50.93 4018 672487.91 34338452.00
06/10/2016 50.96 50.29 51.41 51.04 3696 680064.38 34555872.00
07/10/2016 51.31 50.31 51.64 50.31 4533 1104751.05 56004072.00
10/10/2016 50.82 50.18 51.01 50.91 3942 604703.71 30633928.00
11/10/2016 50.88 49.55 51.11 50.09 5284 1145967.07 57315531.00
13/10/2016 49.72 49.72 52.11 51.82 9049 2149395.40 110382422.00
14/10/2016 52.32 51.38 52.46 51.80 4447 715219.22 37088035.00
17/10/2016 51.80 51.48 52.57 52.54 4015 631473.92 32976501.00
18/10/2016 52.56 51.90 52.56 52.28 4584 2268901.66 118449915.00
19/10/2016 52.08 51.55 52.34 52.03 4059 1136067.14 58932826.00
20/10/2016 51.63 51.45 53.39 53.06 5328 1141926.29 60323135.00
21/10/2016 52.59 52.48 53.77 53.52 4380 1056766.71 56391074.00
24/10/2016 53.77 53.10 53.78 53.55 4430 748656.73 39946914.00
25/10/2016 53.45 52.81 54.18 53.23 4659 937260.45 49890922.00
26/10/2016 53.06 52.99 54.39 54.00 7844 2012008.65 108618389.00
27/10/2016 54.32 53.72 55.22 53.85 6361 1411345.73 76717549.00
28/10/2016 53.59 52.25 54.93 54.93 8662 2452757.45 132636622.00
31/10/2016 55.01 55.01 56.66 56.37 11303 2489629.63 139526804.00
01/11/2016 56.43 55.07 56.64 55.14 8575 1411547.77 78336448.00
03/11/2016 55.12 54.06 56.14 54.26 5784 1095558.26 60141003.00
04/11/2016 54.06 53.75 55.93 54.91 6570 1109599.99 61237158.00
07/11/2016 55.10 54.82 56.30 55.59 4336 731180.33 40740612.00
08/11/2016 55.14 55.08 56.52 55.78 5009 821491.91 46066475.00
09/11/2016 53.65 53.63 55.85 55.44 4951 773507.57 42578786.00
10/11/2016 55.47 52.36 55.85 53.20 9806 1607424.90 86080074.00
11/11/2016 52.38 50.26 53.22 51.92 13626 3326173.47 171047120.00
14/11/2016 51.25 50.27 52.17 52.17 10064 2018877.99 103674970.00
16/11/2016 52.93 50.84 53.08 51.49 6861 1440742.45 74307252.00
17/11/2016 51.32 50.86 52.31 51.33 5753 1117277.49 57854347.00
18/11/2016 51.38 50.99 52.40 52.09 4689 703500.94 36534028.00
21/11/2016 52.09 51.14 52.85 52.85 5867 972516.31 50750223.00
22/11/2016 53.49 51.57 53.49 52.17 4875 950595.04 49483848.00
23/11/2016 51.72 50.64 52.16 51.57 6012 953928.69 48838853.00
24/11/2016 51.43 51.16 52.16 51.18 1972 328010.85 16902458.00
25/11/2016 50.73 50.17 51.97 51.73 4400 1054342.24 53929190.00
28/11/2016 51.61 50.85 51.97 51.51 5780 1093537.87 56162499.00
29/11/2016 50.97 50.75 52.62 50.75 7954 1137885.50 58596319.00
30/11/2016 51.50 50.41 51.96 51.96 6574 3435577.76 177321511.00
01/12/2016 50.83 49.10 51.56 50.00 14658 2297389.21 114502208.00
02/12/2016 49.25 48.54 51.90 51.19 8176 1602171.88 81376850.00
05/12/2016 51.21 50.19 52.44 50.53 7787 1277393.65 64924588.00
06/12/2016 50.29 49.78 51.97 51.97 7936 1386898.97 71210220.00
07/12/2016 52.24 50.58 52.59 52.08 8024 1273655.93 65690127.00
08/12/2016 51.91 50.83 53.07 52.17 8022 1546105.96 80000977.00
09/12/2016 52.43 51.14 52.47 51.49 6240 904227.02 46780522.00
12/12/2016 51.07 50.51 51.27 50.93 4497 779366.71 39640041.00
13/12/2016 50.52 50.52 52.07 51.97 6322 1078283.90 55721160.00
14/12/2016 52.07 50.40 52.45 51.03 7567 1356896.13 69550160.00
15/12/2016 50.92 50.40 51.49 51.18 5924 1078485.94 55113520.00
16/12/2016 51.19 50.67 52.96 52.51 5019 1433873.11 74972036.00
19/12/2016 52.92 52.17 54.41 52.40 9939 1932203.12 101861116.00
20/12/2016 52.47 51.14 53.69 51.56 7774 1859974.06 96813075.00
21/12/2016 51.69 51.33 52.57 52.20 4518 1091921.55 56828463.00
22/12/2016 52.20 51.58 53.12 52.56 5085 867455.86 45430733.00
23/12/2016 52.38 52.02 52.97 52.07 4100 864425.27 45196570.00
26/12/2016 52.38 51.77 52.84 52.47 1447 279016.31 14636601.00
27/12/2016 52.66 52.03 52.99 52.66 3729 512775.82 26936032.00
28/12/2016 52.67 52.33 53.84 53.76 3531 592177.27 31607789.00
29/12/2016 53.95 53.49 54.41 53.85 4909 1035552.58 55910704.00
02/01/2017 53.85 53.28 54.92 54.20 2659 404785.79 21826329.00
03/01/2017 54.80 53.85 54.80 54.09 4734 1247693.87 67679362.00
04/01/2017 53.84 53.58 54.86 54.30 8197 2155254.54 116397691.00
05/01/2017 54.39 53.96 54.88 54.20 5607 1556106.91 84644689.00
06/01/2017 53.95 53.03 54.41 53.95 4302 914430.00 49283699.00
09/01/2017 53.96 53.38 54.57 53.60 5219 874830.29 46987291.00
10/01/2017 54.10 52.96 54.29 52.96 3368 788963.58 42043511.00
11/01/2017 52.95 52.36 53.48 52.68 4965 739160.88 39056441.00
12/01/2017 54.44 53.59 55.48 54.12 9269 2384064.08 129993005.00
13/01/2017 53.75 53.61 54.85 54.64 5341 862909.97 46961922.00
16/01/2017 54.70 53.47 54.70 53.77 3418 499037.14 26913247.00
17/01/2017 53.52 52.72 54.99 54.49 6465 1187284.11 64099970.00
18/01/2017 54.52 54.18 54.88 54.18 1751 560053.02 30484496.00
19/01/2017 54.24 54.04 55.13 54.93 3290 883619.00 48412399.00
20/01/2017 54.89 54.89 55.78 55.78 4601 899176.03 49823344.00
23/01/2017 55.78 55.46 57.26 57.06 5369 1129803.93 64154639.00
24/01/2017 57.07 56.54 57.59 57.59 3294 553688.78 31639149.00
26/01/2017 57.75 57.51 58.55 57.91 5124 1105862.26 64133095.00
27/01/2017 57.92 57.11 58.51 57.37 3526 628140.27 36227995.00
30/01/2017 57.37 56.44 57.65 56.91 2697 442264.09 25161668.00
31/01/2017 56.92 56.57 58.12 57.51 4390 615613.83 35370676.00
01/02/2017 58.08 56.64 58.42 56.80 5009 1130005.96 64441931.00
02/02/2017 56.67 56.32 57.39 56.86 4597 821087.83 46552299.00
03/02/2017 56.96 56.42 58.30 57.17 5362 1818960.08 104196319.00
06/02/2017 57.45 56.18 57.96 56.31 4235 738655.79 41720358.00
07/02/2017 56.52 55.61 56.58 56.10 4394 1493373.70 83763882.00
08/02/2017 56.37 55.80 57.23 57.07 6540 1327903.49 75650601.00
09/02/2017 57.23 56.10 57.41 56.78 3899 714310.05 40524440.00
10/02/2017 56.51 56.20 56.96 56.61 3832 674710.34 38192863.00
13/02/2017 56.81 56.24 57.13 56.81 5483 1007267.07 57221143.00
14/02/2017 56.86 56.03 57.14 56.92 4267 852302.91 48315056.00
15/02/2017 57.37 56.69 58.10 57.41 5975 1099700.07 63145874.00
16/02/2017 57.59 57.07 59.13 58.98 5046 1334267.73 77478143.00
17/02/2017 58.89 57.56 58.89 57.72 5005 830280.62 48084763.00
20/02/2017 57.72 57.64 58.79 58.40 2519 473681.21 27660285.00
21/02/2017 58.36 58.21 59.54 59.54 3150 681276.62 40229795.00
22/02/2017 59.49 58.64 59.83 59.35 4711 1067575.81 63159343.00
23/02/2017 59.73 59.33 60.22 59.82 5203 908469.84 54391206.00
24/02/2017 59.11 58.33 59.65 58.92 4848 1036663.79 61068640.00
01/03/2017 59.29 58.80 61.34 59.08 3672 622079.09 36991180.00
02/03/2017 59.08 58.07 59.46 58.33 3169 485298.47 28390545.00
03/03/2017 58.34 57.97 59.50 59.20 3207 528736.92 31119031.00
06/03/2017 59.22 58.42 59.39 59.39 3702 571670.28 33732904.00
07/03/2017 59.28 58.75 59.52 58.99 2468 587126.29 34667554.00
08/03/2017 59.10 58.07 59.40 58.18 3879 630665.76 36828136.00
09/03/2017 57.17 55.23 58.08 56.18 7190 1788250.10 100847268.00
10/03/2017 56.42 56.00 57.29 57.07 5311 974839.76 55299277.00
13/03/2017 57.09 55.74 57.14 55.84 5692 1666420.38 93384093.00
14/03/2017 55.83 54.64 56.25 54.67 7837 1167383.24 64207731.00
15/03/2017 54.68 54.65 56.91 56.34 7334 1549843.69 86922661.00
16/03/2017 56.71 55.98 57.57 56.38 5061 1017065.98 57634159.00
17/03/2017 56.49 54.79 57.32 55.79 6296 1500041.00 83891707.00
20/03/2017 55.25 54.40 56.47 55.08 8115 1816838.66 100103416.00
21/03/2017 55.16 53.45 55.16 54.35 8397 2239909.02 121472474.00
22/03/2017 54.33 54.10 54.84 54.68 5581 1498222.64 81621915.00
23/03/2017 54.53 54.49 55.93 55.04 5361 1615809.53 89196223.00
24/03/2017 55.26 54.94 57.17 56.82 8222 1976045.65 111568567.00
27/03/2017 56.79 55.94 57.16 56.33 6395 1340834.00 75725144.00
28/03/2017 56.48 55.97 56.84 56.42 4619 760577.05 42856963.00
29/03/2017 56.53 55.93 56.98 56.91 4354 658547.19 37267628.00
30/03/2017 56.97 56.69 57.55 57.44 5656 998983.46 57149665.00
31/03/2017 57.20 57.12 58.42 58.20 5172 1176171.95 68226612.00
03/04/2017 58.17 57.41 58.35 57.71 8188 3341831.51 193047708.00
04/04/2017 57.71 57.55 58.44 58.44 2805 443678.37 25836208.00
05/04/2017 58.42 58.09 59.09 58.80 5892 888568.97 52193193.00
06/04/2017 58.78 57.43 58.78 58.25 4310 1302244.49 75916871.00
07/04/2017 58.42 57.52 58.43 57.88 3674 813915.44 47066481.00
10/04/2017 58.07 57.43 58.69 58.67 3709 709057.02 41233800.00
11/04/2017 58.42 58.00 59.25 58.90 3654 643596.28 37758759.00
12/04/2017 59.05 57.92 59.17 58.57 4690 1175161.75 68699657.00
13/04/2017 58.31 57.79 59.01 58.41 3009 1564087.46 91633765.00
17/04/2017 58.67 57.99 58.81 58.18 3074 459841.51 26822380.00
18/04/2017 58.19 57.43 58.60 57.81 4379 797045.15 46071070.00
19/04/2017 57.81 56.47 57.81 56.77 5921 1070404.36 61041930.00
20/04/2017 56.61 56.60 57.44 57.32 3488 631878.00 36151343.00
24/04/2017 57.31 56.73 58.08 57.04 3896 786539.11 45043371.00
25/04/2017 57.03 56.24 57.29 57.22 3894 852100.87 48486822.00
26/04/2017 57.00 56.68 57.16 57.12 3466 748959.79 42661990.00
27/04/2017 57.12 56.66 57.17 56.87 5132 1031713.83 58746312.00
28/04/2017 56.86 56.42 57.65 57.49 3949 1909100.00 108899672.00
02/05/2017 57.52 56.91 57.69 57.60 7002 1466700.00 84092468.00
03/05/2017 57.63 57.10 57.80 57.10 4397 1274300.00 73218469.00
04/05/2017 56.51 55.08 57.40 55.45 8447 2038200.00 113326871.00
05/05/2017 55.68 55.35 56.55 56.55 5045 1431200.00 80051692.00
08/05/2017 56.52 55.79 56.70 56.00 3731 1076900.00 60450924.00
09/05/2017 56.55 55.70 56.55 55.70 5389 1035100.00 57877320.00
10/05/2017 53.70 53.25 53.88 53.40 15188 4213900.00 225412425.00
11/05/2017 53.69 52.70 53.69 52.70 6672 1803000.00 95501187.00
12/05/2017 52.86 52.55 53.34 52.82 9434 1902200.00 100578712.00
15/05/2017 52.87 52.87 54.15 53.94 6598 1328800.00 71444884.00
16/05/2017 53.79 53.66 54.89 54.81 7411 1646900.00 89720435.00
17/05/2017 54.23 53.56 54.55 53.72 9794 1676400.00 90306307.00
18/05/2017 49.00 49.00 51.89 50.89 15783 3993100.00 201415446.00
19/05/2017 51.42 50.81 52.87 51.48 8843 2248400.00 116493289.00
22/05/2017 50.82 50.18 51.23 50.80 7653 1434100.00 72537807.00
23/05/2017 50.95 50.76 52.97 52.10 7377 1697000.00 88637776.00
24/05/2017 52.84 51.98 53.63 53.40 9343 1557100.00 82630269.00
25/05/2017 53.59 53.39 55.17 54.58 7268 1648200.00 89934948.00
26/05/2017 54.98 53.80 55.21 54.00 7215 1939800.00 105272382.00
29/05/2017 53.84 53.34 54.18 53.77 3998 516900.00 27737735.00
30/05/2017 53.77 53.41 54.12 54.12 3943 639300.00 34373451.00
31/05/2017 54.08 53.01 54.18 53.40 6557 1290600.00 68869734.00
01/06/2017 53.31 52.37 53.83 52.50 6825 1067500.00 56579373.00
02/06/2017 52.96 52.28 53.50 52.67 6899 1121700.00 59177164.00
05/06/2017 52.07 51.65 53.30 53.30 5474 986600.00 52020745.00
06/06/2017 53.26 52.23 53.73 52.60 7165 1281000.00 67621941.00
07/06/2017 53.00 52.26 53.21 52.98 5461 950600.00 50193542.00
08/06/2017 52.95 52.04 52.95 52.20 3243 565200.00 29568461.00
09/06/2017 52.25 51.32 52.62 51.88 7615 1066400.00 55161873.00
12/06/2017 51.76 50.99 51.81 51.42 4785 709500.00 36411240.00
13/06/2017 51.78 51.44 52.25 52.25 4921 686300.00 35671072.00
14/06/2017 52.25 51.67 52.97 52.91 8263 2026000.00 106537403.00
16/06/2017 52.95 52.47 53.60 53.60 6566 3135900.00 166701105.00
