20/06/2016 126.22 126.22 126.22 126.22 1 300.00 37866.00
28/06/2016 122.45 122.23 122.45 122.23 5 1800.00 220366.00
29/06/2016 123.62 123.62 123.62 123.62 1 600.00 74172.00
01/07/2016 122.11 122.11 122.11 122.11 1 200.00 24422.00
05/07/2016 124.17 124.17 124.17 124.17 1 700.00 86919.00
08/07/2016 128.51 128.51 128.51 128.51 1 800.00 102808.00
11/07/2016 128.68 128.68 128.68 128.68 1 300.00 38604.00
13/07/2016 129.65 129.65 129.65 129.65 1 1500.00 194475.00
15/07/2016 129.00 129.00 129.00 129.00 5 500.00 64500.00
18/07/2016 128.86 128.86 128.86 128.86 1 100.00 12886.00
21/07/2016 128.57 128.57 128.57 128.57 2 200.00 25714.00
25/07/2016 127.08 127.08 127.08 127.08 1 100.00 12708.00
26/07/2016 129.24 129.24 129.24 129.24 1 100.00 12924.00
27/07/2016 128.38 128.38 128.38 128.38 1 100.00 12838.00
01/08/2016 124.10 124.10 124.59 124.59 3 400.00 49787.00
02/08/2016 123.49 123.49 123.49 123.49 1 100.00 12349.00
11/08/2016 118.93 118.93 118.93 118.93 4 400.00 47572.00
15/08/2016 122.22 122.22 122.22 122.22 4 800.00 97776.00
19/08/2016 122.52 122.52 122.52 122.52 1 100.00 12252.00
23/08/2016 123.89 123.89 123.89 123.89 2 200.00 24778.00
25/08/2016 119.03 119.03 119.03 119.03 2 400.00 47612.00
26/08/2016 117.88 117.68 117.88 117.68 4 400.00 47094.00
29/08/2016 118.98 118.53 119.06 118.53 7 700.00 83273.00
30/08/2016 118.51 118.51 118.51 118.51 1 500.00 59255.00
31/08/2016 116.63 116.63 116.63 116.63 1 100.00 11663.00
06/09/2016 116.74 116.74 116.74 116.74 1 100.00 11674.00
12/09/2016 116.55 116.55 116.55 116.55 1 100.00 11655.00
15/09/2016 115.95 115.95 115.95 115.95 1 100.00 11595.00
19/09/2016 113.68 113.68 113.68 113.68 1 100.00 11368.00
26/09/2016 114.42 114.42 114.42 114.42 1 200.00 22884.00
28/09/2016 113.99 113.99 113.99 113.99 1 300.00 34197.00
30/09/2016 114.45 114.45 114.45 114.45 1 100.00 11445.00
03/10/2016 111.53 111.53 111.64 111.64 2 300.00 33470.00
06/10/2016 113.01 113.01 113.01 113.01 1 200.00 22602.00
10/10/2016 112.95 112.95 112.95 112.95 1 300.00 33885.00
14/10/2016 111.55 111.55 111.55 111.55 1 100.00 11155.00
17/10/2016 110.81 110.81 110.81 110.81 1 200.00 22162.00
20/10/2016 111.40 111.40 111.40 111.40 1 100.00 11140.00
24/10/2016 108.60 108.60 108.60 108.60 1 400.00 43440.00
26/10/2016 109.72 109.72 109.72 109.72 1 300.00 32916.00
27/10/2016 109.67 109.67 109.67 109.67 1 300.00 32901.00
28/10/2016 105.52 105.52 105.52 105.52 2 200.00 21104.00
07/11/2016 112.26 112.26 112.26 112.26 1 400.00 44904.00
10/11/2016 126.48 126.48 126.48 126.48 1 200.00 25296.00
14/11/2016 131.94 131.94 131.94 131.94 1 1000.00 131940.00
16/11/2016 130.84 130.84 130.84 130.84 1 100.00 13084.00
18/11/2016 128.08 128.08 128.08 128.08 1 300.00 38424.00
21/11/2016 127.30 127.30 127.30 127.30 1 200.00 25460.00
28/11/2016 130.91 130.91 130.91 130.91 1 100.00 13091.00
05/12/2016 130.82 130.82 130.82 130.82 1 200.00 26164.00
19/12/2016 117.55 117.55 117.55 117.55 1 100.00 11755.00
22/12/2016 112.56 112.56 112.56 112.56 1 100.00 11256.00
27/12/2016 113.38 113.38 113.38 113.38 1 400.00 45352.00
28/12/2016 113.56 113.56 113.56 113.56 1 200.00 22712.00
03/01/2017 113.33 113.33 113.33 113.33 1 100.00 11333.00
09/01/2017 113.73 113.73 113.73 113.73 1 300.00 34119.00
17/01/2017 116.65 116.65 116.65 116.65 1 100.00 11665.00
23/01/2017 112.35 111.01 112.35 111.01 3 400.00 44672.00
26/01/2017 111.57 111.57 111.57 111.57 1 200.00 22314.00
30/01/2017 105.93 105.93 105.93 105.93 1 700.00 74151.00
03/02/2017 104.16 104.16 104.16 104.16 1 200.00 20832.00
06/02/2017 105.53 105.53 105.53 105.53 2 500.00 52765.00
07/02/2017 104.92 104.92 104.92 104.92 1 400.00 41968.00
13/02/2017 107.39 107.39 107.39 107.39 1 200.00 21478.00
14/02/2017 107.46 107.46 107.46 107.46 1 400.00 42984.00
01/03/2017 110.79 110.79 110.79 110.79 1 200.00 22158.00
06/03/2017 109.74 109.74 109.74 109.74 1 6200.00 680388.00
07/03/2017 105.10 105.10 105.10 105.10 1 100.00 10510.00
13/03/2017 106.16 106.16 106.16 106.16 1 300.00 31848.00
20/03/2017 98.83 98.83 98.83 98.83 1 200.00 19766.00
28/03/2017 100.80 100.80 100.80 100.80 3 400.00 40320.00
03/04/2017 102.13 102.13 102.13 102.13 1 100.00 10213.00
10/04/2017 105.10 105.10 105.10 105.10 1 200.00 21020.00
24/04/2017 104.73 104.73 104.73 104.73 1 100.00 10473.00
08/05/2017 98.88 98.88 98.88 98.88 1 700.00 69216.00
11/05/2017 96.01 96.01 96.01 96.01 1 100.00 9601.00
15/05/2017 93.50 93.50 93.50 93.50 1 100.00 9350.00
18/05/2017 99.63 99.62 99.63 99.62 2 700.00 69735.00
22/05/2017 99.15 99.15 99.15 99.15 2 300.00 29745.00
29/05/2017 97.74 97.74 97.74 97.74 1 100.00 9774.00
30/05/2017 97.53 97.53 97.53 97.53 1 200.00 19506.00
08/06/2017 98.74 98.74 98.74 98.74 1 300.00 29622.00
12/06/2017 103.26 103.26 103.26 103.26 1 100.00 10326.00
