20/06/2016 14.21 13.76 14.35 13.88 9438 3014092.25 42052932.00
21/06/2016 14.34 13.42 14.46 14.20 20766 7268626.77 101306073.00
22/06/2016 14.26 13.79 14.26 14.13 10424 3639543.09 51128853.00
23/06/2016 14.28 14.12 14.39 14.35 8860 3185559.92 45437860.00
24/06/2016 13.93 13.66 14.79 14.79 12035 5044999.36 71838748.00
27/06/2016 14.82 14.41 14.91 14.65 11727 4537272.58 66462578.00
28/06/2016 14.91 14.21 15.09 14.38 10421 3352576.76 48957067.00
29/06/2016 15.01 14.77 15.24 15.16 21321 6866606.86 103335080.00
30/06/2016 15.28 14.91 15.68 15.24 14329 4979349.83 75606681.00
01/07/2016 15.64 15.30 15.72 15.47 11285 5137576.32 79821593.00
04/07/2016 15.38 14.96 15.56 15.16 6092 1747946.51 26527755.00
05/07/2016 15.09 14.89 15.26 14.97 6280 1953462.91 29344067.00
06/07/2016 14.85 14.16 14.85 14.38 7821 3210373.21 46493727.00
07/07/2016 14.42 14.23 14.83 14.56 11457 3591251.74 52291067.00
08/07/2016 14.65 14.62 15.13 14.93 7847 2163986.49 32414267.00
11/07/2016 15.96 15.05 15.97 15.46 10659 4288917.07 66279578.00
12/07/2016 15.42 15.35 16.04 15.72 10389 2898371.04 45471477.00
13/07/2016 15.68 15.59 16.50 16.27 10772 5333968.55 85245154.00
14/07/2016 16.54 16.10 16.65 16.45 16706 4151386.88 68299841.00
15/07/2016 16.40 15.68 17.04 16.63 9577 3367709.54 55325000.00
18/07/2016 16.60 16.18 17.13 17.13 7706 2370949.41 39802646.00
19/07/2016 17.13 16.89 17.42 17.14 7011 3165753.78 54352079.00
20/07/2016 17.14 16.25 17.20 16.61 7506 3286704.70 54854989.00
21/07/2016 16.40 16.35 16.78 16.54 6859 1832289.47 30330815.00
22/07/2016 16.47 16.46 16.99 16.99 5206 1395887.00 23412519.00
25/07/2016 16.76 15.78 16.83 16.14 5976 1981614.33 32274697.00
26/07/2016 16.13 15.87 16.52 15.89 5968 2258566.32 36571783.00
27/07/2016 15.98 15.35 16.05 15.45 6470 1892931.83 29471022.00
28/07/2016 15.38 15.36 15.83 15.79 6129 1447961.55 22604173.00
29/07/2016 15.91 15.65 16.05 15.87 7165 1622767.32 25784378.00
01/08/2016 15.82 15.68 16.17 16.03 3637 1173123.69 18771440.00
02/08/2016 16.03 15.54 16.08 15.86 7199 1422591.90 22468949.00
03/08/2016 15.80 15.56 16.02 15.91 4800 3069504.90 48744930.00
04/08/2016 15.87 15.14 15.96 15.18 9306 2884017.16 44482069.00
05/08/2016 15.20 15.20 15.54 15.44 5137 1835516.31 28271088.00
08/08/2016 15.43 14.97 15.75 15.68 7033 2339014.80 36055201.00
09/08/2016 15.78 15.73 16.35 16.09 5741 2330335.72 37522969.00
10/08/2016 16.09 16.04 16.52 16.23 5136 1450520.76 23534998.00
11/08/2016 16.18 16.06 16.63 16.55 6751 1507046.12 24631796.00
12/08/2016 16.13 15.78 16.65 15.78 8343 2928191.51 47559883.00
15/08/2016 15.84 15.72 16.26 15.99 6952 2109241.45 33740794.00
16/08/2016 15.78 15.78 16.17 15.91 4427 1181357.70 18892875.00
17/08/2016 15.90 15.56 16.18 16.04 4174 1064857.60 16917706.00
18/08/2016 16.07 15.66 16.43 16.18 8785 2764512.77 44550780.00
19/08/2016 16.03 15.83 16.17 15.96 4019 949804.03 15157126.00
22/08/2016 16.02 15.48 16.33 15.66 5900 1456863.18 23106317.00
23/08/2016 15.66 15.37 15.84 15.51 4864 1010891.47 15821456.00
24/08/2016 15.30 15.21 15.68 15.33 3702 799143.92 12309007.00
25/08/2016 15.39 15.02 15.48 15.20 5336 2061729.00 31459213.00
26/08/2016 15.20 15.15 15.79 15.30 8045 2177116.40 33694663.00
29/08/2016 15.32 15.30 15.72 15.68 5239 1694648.00 26352520.00
30/08/2016 15.50 14.89 15.56 14.92 7165 2975481.42 44824922.00
31/08/2016 15.06 14.55 15.14 14.90 6131 1281278.50 19029116.00
01/09/2016 14.89 14.64 15.24 15.22 5305 1082883.40 16230885.00
02/09/2016 15.19 15.02 15.45 15.29 6305 1119380.10 17050910.00
05/09/2016 15.28 15.11 15.44 15.18 2072 345160.74 5268891.00
06/09/2016 15.31 15.16 16.04 16.04 6250 2291057.28 35816264.00
08/09/2016 16.03 15.84 16.65 16.52 5424 1904949.02 31264260.00
09/09/2016 16.27 16.07 16.47 16.28 6961 2334341.45 38082751.00
12/09/2016 16.15 16.02 16.78 16.78 4583 1311432.79 21573247.00
13/09/2016 16.55 15.84 16.69 16.30 10433 2595604.32 42162099.00
14/09/2016 16.20 15.77 16.44 16.18 8859 1957468.65 31436439.00
15/09/2016 16.00 15.99 16.49 16.37 3411 693325.79 11296697.00
16/09/2016 16.38 15.95 16.53 16.14 5402 1738599.80 28242177.00
19/09/2016 16.36 16.19 16.65 16.23 5160 1227534.91 20213470.00
20/09/2016 16.39 16.29 16.75 16.56 3322 978511.78 16176139.00
21/09/2016 16.63 16.63 17.00 16.87 10838 2583809.66 43477651.00
22/09/2016 17.01 16.98 17.33 17.13 4112 1139186.22 19555853.00
23/09/2016 17.33 16.38 17.33 16.40 5057 1589942.56 26762622.00
26/09/2016 16.27 16.08 16.58 16.41 5296 1225865.85 20076758.00
27/09/2016 16.45 16.34 16.90 16.86 7126 1351601.39 22515902.00
28/09/2016 16.77 16.73 17.54 17.03 4387 1167337.63 19890781.00
29/09/2016 16.90 16.34 17.06 16.35 7198 1425151.11 23636858.00
30/09/2016 16.36 16.01 16.47 16.01 7106 1411687.39 22926503.00
03/10/2016 16.01 15.92 16.46 16.35 7919 1802802.82 29401914.00
04/10/2016 16.17 15.87 16.29 16.04 11646 2647122.51 42570849.00
05/10/2016 16.02 16.00 16.58 16.50 12334 3217605.79 52581717.00
06/10/2016 16.39 16.30 17.00 16.86 6176 3222390.41 53664074.00
07/10/2016 17.00 16.66 17.05 16.99 4008 808268.09 13625401.00
10/10/2016 17.03 16.85 17.24 17.09 3729 3263004.11 55553984.00
11/10/2016 17.07 17.02 17.48 17.18 7205 4180539.72 72346157.00
13/10/2016 17.17 16.95 17.29 17.07 9052 4339990.19 74323508.00
14/10/2016 17.13 17.01 17.40 17.08 4702 1373187.85 23604625.00
17/10/2016 17.07 16.82 17.18 17.09 5145 1156433.14 19656233.00
18/10/2016 17.09 17.08 17.93 17.83 7715 2251222.48 39569737.00
19/10/2016 17.96 17.91 18.41 17.97 8700 3674704.53 66495570.00
20/10/2016 17.97 17.44 17.97 17.60 4131 995313.61 17597871.00
21/10/2016 17.60 17.32 17.69 17.59 3002 705120.45 12358516.00
24/10/2016 17.62 17.09 17.96 17.16 6473 1604630.25 28155814.00
25/10/2016 17.08 16.35 17.08 16.65 7423 2019112.44 33791408.00
26/10/2016 16.62 16.43 16.73 16.71 4486 1014897.20 16837058.00
27/10/2016 16.62 16.51 16.92 16.59 3338 736498.70 12295983.00
28/10/2016 16.51 16.09 16.64 16.41 3409 691879.27 11334104.00
31/10/2016 16.41 16.19 17.01 16.63 5852 1497921.94 25072423.00
01/11/2016 16.77 16.08 17.03 16.27 8727 3568886.39 58507059.00
03/11/2016 16.22 15.59 16.54 15.66 3964 818504.97 13162141.00
04/11/2016 15.49 15.38 16.21 15.49 5852 1133400.17 17881819.00
07/11/2016 15.59 15.59 16.53 16.27 5278 1264031.60 20469984.00
08/11/2016 16.27 15.92 16.49 16.19 5161 1053285.48 17076459.00
09/11/2016 15.46 15.09 15.95 15.80 7410 1525517.01 23923209.00
10/11/2016 15.91 14.34 15.93 14.65 10989 2400436.06 35856467.00
11/11/2016 15.23 14.77 15.64 15.23 14202 3647227.68 55403923.00
14/11/2016 15.23 15.04 15.93 15.90 8470 1667439.16 25745012.00
16/11/2016 15.83 15.58 16.14 15.86 7670 1343427.93 21405446.00
17/11/2016 16.06 15.35 16.07 15.36 4810 916981.23 14326080.00
18/11/2016 15.33 15.01 15.53 15.15 3565 1332396.41 20453936.00
21/11/2016 15.15 15.09 15.82 15.61 5983 1311489.08 20376719.00
22/11/2016 15.74 15.74 16.42 16.18 7550 2172262.13 35330664.00
23/11/2016 16.18 15.60 16.28 15.69 4114 1028241.90 16258000.00
24/11/2016 15.68 15.35 15.81 15.61 2633 451451.46 7011237.00
25/11/2016 15.38 15.13 15.49 15.38 6120 1188251.33 18178715.00
28/11/2016 15.27 15.15 16.03 15.89 6750 1948795.23 30713709.00
29/11/2016 15.80 15.42 16.37 15.42 9175 2764391.61 44465590.00
30/11/2016 15.65 15.54 16.20 15.98 6090 2103761.69 33498644.00
01/12/2016 15.56 14.97 15.57 15.35 13386 3299577.49 50786974.00
02/12/2016 15.11 14.85 15.68 15.61 6627 1195395.55 18359745.00
05/12/2016 15.57 15.21 15.82 15.21 9399 2094306.11 32230320.00
06/12/2016 14.99 14.94 15.52 15.46 4765 821689.98 12553805.00
07/12/2016 15.61 15.20 15.95 15.33 7334 1347840.53 20748344.00
08/12/2016 15.48 14.79 15.52 14.95 4389 804985.13 12118348.00
09/12/2016 15.04 14.52 15.10 14.65 7123 1293838.66 19164919.00
12/12/2016 14.46 13.82 14.71 14.09 5004 1370849.11 19472779.00
13/12/2016 13.87 13.87 14.83 14.71 5171 1412243.54 20451281.00
14/12/2016 14.82 13.63 14.82 13.71 7755 1790256.66 25188498.00
15/12/2016 13.76 13.35 13.79 13.60 6151 2458766.23 33457010.00
16/12/2016 13.74 13.55 13.88 13.55 3951 1267257.96 17330060.00
19/12/2016 13.71 13.64 13.90 13.76 5391 1723437.21 23730275.00
20/12/2016 13.85 13.68 14.15 13.90 6878 1574039.03 21822604.00
21/12/2016 13.91 13.75 14.14 13.99 4328 1239731.72 17296715.00
22/12/2016 13.99 13.84 14.54 14.54 6602 4460982.70 64017562.00
23/12/2016 14.45 14.45 15.29 15.15 5287 1269768.43 18936517.00
26/12/2016 15.28 14.93 15.37 15.15 1646 311131.94 4701738.00
27/12/2016 15.33 14.89 15.33 15.08 3576 720885.69 10865881.00
28/12/2016 15.01 14.91 15.16 15.16 2354 428073.58 6437383.00
29/12/2016 15.18 14.80 15.52 15.52 4124 1847861.15 28396739.00
02/01/2017 15.52 15.14 15.52 15.18 2976 776557.64 11869863.00
03/01/2017 15.35 15.19 16.03 16.03 5994 1643289.61 25887411.00
04/01/2017 16.10 15.57 16.16 15.95 5901 1590467.40 25496121.00
05/01/2017 15.96 15.59 16.10 15.69 5517 1621611.13 25488059.00
06/01/2017 15.70 15.48 15.82 15.57 3378 1571231.57 24565847.00
09/01/2017 15.61 15.24 15.72 15.49 4605 1052780.11 16430417.00
10/01/2017 15.62 15.38 15.67 15.47 3313 2017014.33 31221946.00
11/01/2017 15.47 15.09 15.65 15.28 4755 888613.99 13585906.00
12/01/2017 15.69 15.48 16.42 15.82 12061 4954702.38 80150997.00
13/01/2017 15.64 15.64 16.31 16.21 4335 4211018.67 68157371.00
16/01/2017 16.21 16.11 16.38 16.30 3347 1080361.65 17552170.00
17/01/2017 16.31 16.24 17.24 16.96 8835 2357966.90 39371355.00
18/01/2017 16.96 16.36 16.96 16.66 9294 3732463.75 61772845.00
19/01/2017 16.66 15.99 16.87 16.12 6127 10932262.46 179214500.00
20/01/2017 16.24 16.09 16.45 16.23 5311 942657.52 15359052.00
23/01/2017 16.27 15.45 16.30 15.77 9738 1911166.37 29910985.00
24/01/2017 15.77 15.64 15.96 15.79 7893 1579780.83 24984767.00
26/01/2017 15.95 15.90 16.31 16.08 5864 1833510.61 29554283.00
27/01/2017 16.08 15.87 16.60 16.42 3854 1203817.01 19724016.00
30/01/2017 16.31 15.82 16.51 16.11 5689 1341317.58 21555558.00
31/01/2017 16.12 15.51 16.15 15.62 5039 1018379.52 15979689.00
01/02/2017 15.72 15.01 15.85 15.26 7153 2309113.99 35521690.00
02/02/2017 15.23 15.05 15.87 15.71 7965 1457445.01 22667742.00
03/02/2017 15.71 14.91 15.87 15.22 13007 3233349.90 49336537.00
06/02/2017 14.74 14.41 15.16 14.80 18313 5479464.00 80989417.00
07/02/2017 14.61 14.25 14.71 14.30 10168 3337467.65 48081534.00
08/02/2017 14.35 13.83 14.44 13.90 8675 3206379.02 45360602.00
09/02/2017 13.90 13.79 14.35 14.30 6584 1820177.83 25746278.00
10/02/2017 14.31 14.09 14.57 14.44 6067 1445944.22 20819666.00
13/02/2017 14.54 14.28 14.66 14.59 4063 1001993.44 14501903.00
14/02/2017 14.60 14.49 14.88 14.76 7408 1559730.78 22953778.00
15/02/2017 14.91 14.67 14.97 14.74 8303 1945668.73 28747272.00
16/02/2017 14.76 14.52 14.88 14.59 11038 2446512.79 35895265.00
17/02/2017 14.39 14.35 15.43 15.43 9440 2379747.15 35559380.00
20/02/2017 15.43 15.11 15.44 15.23 3508 880980.73 13427903.00
21/02/2017 15.13 14.95 15.48 15.35 7009 1750358.89 26771063.00
22/02/2017 15.30 14.47 15.30 14.93 8326 2022713.84 29963153.00
23/02/2017 14.92 14.81 15.28 14.99 8651 1621407.57 24347724.00
24/02/2017 14.81 14.69 15.01 14.73 8396 1656113.49 24490110.00
01/03/2017 14.93 14.67 15.03 14.97 6224 1407676.11 20908659.00
02/03/2017 14.97 14.71 15.10 14.77 8553 2232984.88 33178636.00
03/03/2017 14.93 14.56 14.97 14.89 6607 1359942.75 20077685.00
06/03/2017 14.96 14.59 14.96 14.71 8920 5517935.66 81250995.00
07/03/2017 14.71 14.64 14.96 14.90 3129 809838.68 12023363.00
08/03/2017 14.87 14.40 14.97 14.53 4555 1096238.84 16053721.00
09/03/2017 14.52 14.15 14.83 14.15 7484 2305755.36 33322723.00
10/03/2017 14.27 14.20 15.18 15.18 6174 1968161.43 29246817.00
13/03/2017 15.04 14.70 15.18 14.74 4472 1172876.84 17426430.00
14/03/2017 14.81 14.44 14.81 14.49 4011 910292.47 13271498.00
15/03/2017 14.49 14.49 15.56 15.52 7646 2322752.10 35152355.00
16/03/2017 15.56 15.51 15.95 15.66 5705 1704457.51 26691481.00
17/03/2017 15.23 14.80 15.28 14.93 12846 3046996.42 45860028.00
20/03/2017 14.93 14.93 15.43 15.35 6969 3482092.61 53370486.00
21/03/2017 15.38 14.49 15.42 14.64 7070 1576625.74 23346147.00
22/03/2017 14.73 14.30 14.76 14.49 8980 2993156.45 43360710.00
23/03/2017 14.37 14.34 14.67 14.52 7044 1080768.75 15728540.00
24/03/2017 14.38 14.38 14.96 14.64 10859 2416183.28 35515273.00
27/03/2017 14.62 14.54 14.87 14.70 6828 1551792.18 22825541.00
28/03/2017 14.77 14.57 15.03 14.98 4802 1461516.09 21637627.00
29/03/2017 15.11 14.80 15.20 14.96 4280 1816920.97 27240161.00
30/03/2017 15.11 14.95 15.30 15.30 6360 1559629.00 23595365.00
31/03/2017 15.19 15.14 15.66 15.59 7139 2923133.95 44973864.00
03/04/2017 15.64 15.19 15.65 15.28 5469 1258878.31 19389871.00
04/04/2017 15.34 15.06 15.43 15.13 7451 1539375.40 23380863.00
05/04/2017 15.22 15.13 15.80 15.41 7597 1499275.31 23271301.00
06/04/2017 15.31 15.21 16.19 15.92 11422 2200110.95 34871399.00
07/04/2017 15.92 15.72 16.21 15.72 7742 1925109.80 30498647.00
10/04/2017 15.67 15.52 15.98 15.98 3196 1369713.33 21722589.00
11/04/2017 15.98 15.61 16.34 15.84 4628 1050948.13 16783907.00
12/04/2017 15.94 15.83 16.32 16.20 8936 1984852.84 31953282.00
13/04/2017 16.07 15.46 16.32 15.47 5605 1829643.08 28801182.00
17/04/2017 15.35 15.35 16.46 16.41 7638 2160010.86 35068578.00
18/04/2017 16.34 16.12 16.51 16.31 4487 1135830.05 18546795.00
19/04/2017 16.36 16.12 16.53 16.31 5530 1002095.22 16401727.00
20/04/2017 16.47 16.45 16.80 16.70 3687 1918000.00 31974935.00
24/04/2017 16.69 16.61 16.91 16.70 3858 1796200.00 30016708.00
25/04/2017 16.60 16.26 17.22 17.15 5429 2499500.00 42742788.00
26/04/2017 17.15 17.00 17.40 17.40 5021 2190700.00 37842484.00
27/04/2017 17.46 17.09 17.95 17.48 7378 2195000.00 38370456.00
28/04/2017 17.48 17.30 17.89 17.83 2762 1793700.00 31608085.00
02/05/2017 17.95 17.44 18.38 18.20 12682 2587500.00 46863507.00
03/05/2017 18.06 18.06 18.72 18.50 6540 1979700.00 36717651.00
04/05/2017 18.50 18.11 18.57 18.40 8219 1682900.00 30728788.00
05/05/2017 18.17 18.16 18.84 18.60 5792 1532700.00 28386100.00
08/05/2017 18.58 17.76 18.70 18.13 6052 1758200.00 31814394.00
09/05/2017 17.95 17.91 18.32 18.30 8257 1668800.00 30379438.00
10/05/2017 18.21 18.15 18.62 18.62 12843 2868700.00 52907799.00
11/05/2017 18.46 18.22 18.65 18.30 6316 2528100.00 46624645.00
12/05/2017 18.30 18.30 18.56 18.45 5827 1698500.00 31361334.00
15/05/2017 18.30 18.15 18.60 18.40 5899 2139400.00 39369174.00
16/05/2017 18.34 18.21 18.57 18.57 7161 3780700.00 69791882.00
17/05/2017 18.50 18.17 18.63 18.35 9576 1816600.00 33319659.00
18/05/2017 16.10 15.08 17.10 16.00 19278 4276400.00 69242873.00
19/05/2017 16.00 15.94 17.53 17.43 16305 3030900.00 51903674.00
22/05/2017 16.95 16.61 17.12 16.97 11184 1913500.00 32303548.00
23/05/2017 17.00 16.83 17.31 17.31 5008 1167600.00 19989886.00
24/05/2017 17.30 17.25 17.93 17.50 9260 1654400.00 29150809.00
25/05/2017 17.61 17.20 17.81 17.60 5365 1746800.00 30464838.00
26/05/2017 17.74 17.68 17.98 17.84 4139 3190900.00 56614625.00
29/05/2017 17.60 17.38 17.97 17.65 3933 693800.00 12200374.00
30/05/2017 17.14 17.11 17.75 17.60 4278 1133300.00 19910443.00
31/05/2017 17.50 17.18 18.01 17.39 8495 2156900.00 37938287.00
01/06/2017 17.35 17.08 17.45 17.20 5435 1164900.00 20109507.00
02/06/2017 17.40 16.84 17.48 17.10 4629 1061300.00 18232091.00
05/06/2017 16.79 15.71 16.86 15.90 12245 3807000.00 61418565.00
06/06/2017 16.09 15.72 16.64 16.56 8783 2721300.00 43964951.00
07/06/2017 16.53 16.53 17.20 17.19 12109 2671500.00 45387022.00
08/06/2017 17.04 16.56 17.12 17.12 3605 842700.00 14304872.00
09/06/2017 17.20 16.90 17.29 17.00 5192 1464600.00 25001089.00
12/06/2017 16.91 16.65 17.30 17.05 5675 1055400.00 17907998.00
13/06/2017 17.16 16.68 17.17 16.90 6349 1155900.00 19451540.00
14/06/2017 16.88 16.58 17.10 17.03 9225 2785500.00 47100393.00
16/06/2017 17.03 16.52 17.03 16.95 6440 1481700.00 24829437.00
