20/06/2016 9.60 9.40 10.00 10.00 3 160.01 1527.00
21/06/2016 9.80 9.80 10.20 10.20 5 100.01 990.00
22/06/2016 10.00 9.80 10.40 10.40 15 850.07 8662.00
23/06/2016 10.00 10.00 10.80 10.80 25 1525.13 15715.00
24/06/2016 10.80 9.80 11.00 10.40 16 1200.10 13023.00
27/06/2016 10.00 10.00 12.00 11.40 38 5005.41 54670.00
28/06/2016 10.40 10.40 11.40 11.40 23 1265.10 13684.00
29/06/2016 11.40 10.00 11.60 11.40 30 3960.33 41334.00
30/06/2016 10.20 10.00 10.80 10.20 47 4020.33 41005.00
01/07/2016 10.60 9.80 10.80 10.20 92 9960.82 100284.00
04/07/2016 10.20 10.00 10.40 10.20 26 2445.20 24993.00
05/07/2016 10.40 10.20 10.40 10.40 11 2670.22 27668.00
06/07/2016 10.60 10.00 10.60 10.00 13 1210.10 12169.00
07/07/2016 10.00 10.00 10.40 10.20 7 230.02 2338.00
08/07/2016 10.00 9.40 10.20 9.80 22 1135.09 11026.00
11/07/2016 9.80 9.60 10.20 10.00 22 2290.19 22171.00
12/07/2016 9.60 9.60 10.40 9.80 74 8705.72 85661.00
13/07/2016 9.80 9.80 10.20 10.20 33 3495.29 34532.00
14/07/2016 9.80 9.80 10.20 10.20 28 2620.22 26161.00
15/07/2016 10.00 10.00 10.40 10.00 39 4260.35 43224.00
18/07/2016 10.00 10.00 11.60 11.20 159 17621.45 193765.00
19/07/2016 11.80 10.80 12.80 11.60 277 46073.78 550209.00
20/07/2016 11.20 10.80 12.20 11.00 74 8670.71 99522.00
21/07/2016 11.40 11.00 11.80 11.40 46 3270.27 37334.00
22/07/2016 10.80 10.40 11.60 11.00 88 11675.96 126857.00
25/07/2016 11.40 10.60 11.60 10.60 38 3975.33 43544.00
26/07/2016 11.00 10.60 11.20 10.60 28 1085.09 11698.00
27/07/2016 11.00 11.00 11.20 11.20 19 945.08 10443.00
28/07/2016 11.20 10.40 11.20 11.00 41 6125.50 65455.00
29/07/2016 11.00 10.80 11.00 11.00 13 815.07 8873.00
01/08/2016 10.80 10.60 11.00 11.00 13 1165.10 12570.00
02/08/2016 11.00 10.40 11.00 10.40 19 3140.26 33261.00
03/08/2016 10.80 10.60 11.80 11.40 101 11545.95 128792.00
04/08/2016 11.40 11.00 11.60 11.60 55 2805.23 31406.00
05/08/2016 12.40 12.20 17.60 14.60 822 90472.43 1316290.00
08/08/2016 15.00 12.80 15.60 13.40 282 24397.00 342044.00
09/08/2016 13.00 13.00 14.80 13.20 145 6060.50 84284.00
10/08/2016 13.40 12.80 14.00 13.00 127 8015.66 105006.00
11/08/2016 13.40 12.00 13.40 12.40 144 14641.20 183905.00
12/08/2016 12.80 12.00 12.80 12.00 61 5010.41 62557.00
15/08/2016 12.00 11.80 12.20 12.00 58 5100.42 61164.00
16/08/2016 11.80 11.40 12.20 11.40 47 4245.35 50115.00
17/08/2016 12.00 11.60 12.60 12.20 38 3020.25 36124.00
18/08/2016 12.00 11.80 12.40 12.20 50 4525.37 54481.00
19/08/2016 12.40 11.40 12.40 11.40 54 2930.24 34653.00
22/08/2016 11.80 11.40 12.60 11.40 80 10010.82 118513.00
23/08/2016 11.60 11.60 11.80 11.60 47 5135.42 59913.00
24/08/2016 11.60 11.00 11.80 11.40 45 5605.46 64091.00
25/08/2016 11.20 11.20 11.80 11.80 40 7415.61 85339.00
26/08/2016 11.40 11.20 11.80 11.60 33 3140.26 35683.00
29/08/2016 11.60 11.60 11.80 11.80 18 2105.17 24690.00
30/08/2016 11.60 11.40 13.60 13.60 173 12961.06 163397.00
31/08/2016 14.60 12.20 14.80 12.20 412 50639.16 681310.00
01/09/2016 12.40 12.20 13.40 12.40 111 16796.38 211212.00
02/09/2016 12.40 12.20 12.80 12.20 105 14256.17 177325.00
05/09/2016 12.20 12.20 12.80 12.40 43 3995.33 49419.00
06/09/2016 12.20 12.20 13.40 13.40 198 26072.14 330804.00
08/09/2016 13.20 13.00 14.20 14.00 295 27637.27 374884.00
09/09/2016 13.80 13.40 15.00 14.00 422 41923.44 600157.00
12/09/2016 14.20 13.60 14.60 14.20 129 13466.11 188011.00
13/09/2016 14.00 13.60 14.20 13.60 57 5245.43 72428.00
14/09/2016 13.80 13.20 14.00 13.80 56 5050.41 67985.00
15/09/2016 13.80 13.40 14.20 14.20 77 7180.59 98710.00
16/09/2016 14.00 13.60 14.20 13.80 39 1975.16 27220.00
19/09/2016 13.20 13.20 14.20 13.40 36 3300.27 45067.00
20/09/2016 13.80 13.80 16.60 15.40 855 90932.47 1410502.00
21/09/2016 16.00 15.20 16.60 15.80 726 55649.57 891859.00
22/09/2016 16.00 14.00 16.20 14.40 553 48203.96 723281.00
23/09/2016 14.40 13.80 14.40 14.00 130 14426.18 202781.00
26/09/2016 14.20 13.80 14.20 14.00 85 11575.95 161523.00
27/09/2016 14.20 14.00 14.60 14.00 150 17296.42 245412.00
28/09/2016 14.20 13.80 14.40 13.80 58 8075.66 113778.00
29/09/2016 13.80 13.80 15.00 14.00 198 31662.60 452154.00
30/09/2016 14.20 14.00 14.80 14.80 184 34707.85 503495.00
03/10/2016 14.80 14.40 15.00 15.00 60 8345.69 122667.00
04/10/2016 14.80 14.60 15.40 14.60 99 14906.22 223704.00
05/10/2016 15.00 14.00 15.20 14.00 86 9500.78 138801.00
06/10/2016 14.40 14.20 15.00 14.20 181 25717.11 374410.00
07/10/2016 14.40 14.00 14.60 14.20 64 9330.77 133468.00
10/10/2016 14.40 14.00 14.40 14.00 54 5840.48 82521.00
11/10/2016 14.40 13.80 14.40 14.20 79 13236.09 186175.00
13/10/2016 14.40 14.00 14.40 14.40 35 7165.59 101549.00
14/10/2016 14.20 14.00 14.40 14.20 37 3550.29 50254.00
17/10/2016 14.20 14.00 14.40 14.40 55 5140.42 72968.00
18/10/2016 14.40 14.00 14.40 14.40 59 17046.40 242420.00
19/10/2016 14.20 14.00 14.40 14.00 21 1615.13 22785.00
20/10/2016 14.40 13.80 14.40 14.40 74 7330.60 104002.00
21/10/2016 14.20 14.20 14.60 14.60 55 5755.47 82731.00
24/10/2016 14.60 14.20 14.60 14.40 25 2695.22 38782.00
25/10/2016 14.60 14.20 14.60 14.60 48 3815.31 54953.00
26/10/2016 14.60 14.20 14.60 14.20 15 1090.09 15494.00
27/10/2016 14.20 13.20 14.20 13.60 170 25322.08 345312.00
28/10/2016 14.00 13.40 14.00 13.80 93 6525.54 89444.00
31/10/2016 13.80 13.40 13.80 13.40 62 5575.46 75123.00
01/11/2016 13.60 13.20 13.80 13.80 62 4200.35 56893.00
03/11/2016 13.60 13.20 13.80 13.40 90 6980.57 93952.00
04/11/2016 13.40 13.40 13.80 13.80 60 3485.29 47558.00
07/11/2016 13.60 13.60 14.60 14.20 206 16896.39 238244.00
08/11/2016 14.20 14.20 15.40 15.00 424 43203.55 639081.00
09/11/2016 14.20 13.40 15.20 14.00 179 16736.37 238520.00
10/11/2016 14.20 13.80 14.60 14.40 99 13456.11 191357.00
11/11/2016 14.40 13.60 14.40 14.00 27 1940.16 26696.00
14/11/2016 13.60 13.40 14.00 13.80 64 6545.54 89230.00
16/11/2016 13.80 13.40 13.80 13.40 70 7950.65 107430.00
17/11/2016 13.80 13.40 13.80 13.40 22 1345.11 18286.00
18/11/2016 13.60 13.40 13.80 13.80 25 1610.13 22076.00
21/11/2016 13.80 13.40 13.80 13.60 22 1655.14 22498.00
22/11/2016 13.60 13.40 13.80 13.80 49 4690.39 63511.00
23/11/2016 13.80 13.40 13.80 13.60 23 1980.16 26887.00
24/11/2016 13.40 13.40 13.80 13.80 16 1585.13 21434.00
25/11/2016 13.40 12.20 13.60 13.60 62 5325.44 69524.00
28/11/2016 13.40 13.20 13.60 13.60 18 655.05 8730.00
29/11/2016 13.00 13.00 13.40 13.00 33 1635.13 21391.00
30/11/2016 13.00 13.00 13.40 13.40 25 1570.13 20743.00
01/12/2016 13.20 12.80 13.40 12.80 26 1535.13 19891.00
02/12/2016 12.80 12.60 13.00 12.60 16 1320.11 16837.00
05/12/2016 13.00 12.20 13.00 12.80 27 1040.09 12990.00
06/12/2016 12.80 12.20 12.80 12.60 19 965.08 12037.00
07/12/2016 12.60 12.40 12.80 12.60 20 3075.25 38730.00
08/12/2016 12.40 12.20 13.00 12.60 14 430.04 5400.00
09/12/2016 12.60 12.20 13.00 12.40 14 970.08 12345.00
12/12/2016 13.00 12.40 13.40 13.00 45 3630.30 47152.00
13/12/2016 13.20 12.40 13.20 12.80 18 935.08 11719.00
14/12/2016 13.00 12.40 13.00 12.60 13 360.03 4579.00
15/12/2016 12.80 12.20 13.00 12.80 24 790.06 9912.00
16/12/2016 13.00 12.40 13.00 12.40 12 230.02 2939.00
19/12/2016 12.60 12.20 12.60 12.20 15 415.03 5171.00
20/12/2016 12.40 12.20 12.80 12.40 9 250.02 3102.00
21/12/2016 12.40 12.40 12.60 12.60 4 270.02 3382.00
22/12/2016 12.80 12.40 12.80 12.80 20 1625.13 20371.00
23/12/2016 12.80 12.60 12.80 12.80 8 145.01 1854.00
26/12/2016 12.40 12.40 12.80 12.60 7 215.02 2702.00
27/12/2016 12.40 12.40 12.40 12.40 3 60.00 744.00
28/12/2016 12.40 12.40 12.60 12.60 7 125.01 1558.00
29/12/2016 12.60 12.40 12.60 12.60 11 715.06 8975.00
02/01/2017 12.60 12.40 12.60 12.40 6 270.02 3349.00
03/01/2017 12.40 12.40 12.60 12.60 9 440.04 5514.00
04/01/2017 12.40 12.20 12.60 12.20 10 835.07 10416.00
05/01/2017 12.40 12.40 12.60 12.60 3 15.00 187.00
06/01/2017 12.60 12.60 12.60 12.60 4 260.02 3276.00
09/01/2017 12.60 12.40 12.60 12.40 10 665.05 8267.00
10/01/2017 12.40 12.20 12.60 12.20 14 1190.10 14762.00
11/01/2017 12.20 12.20 12.40 12.20 19 1770.15 21645.00
12/01/2017 12.20 12.20 12.20 12.20 8 520.04 6344.00
13/01/2017 12.60 12.40 12.60 12.60 10 805.07 10142.00
16/01/2017 12.80 12.20 12.80 12.40 17 1950.16 24374.00
17/01/2017 12.40 12.20 12.40 12.40 6 190.02 2337.00
18/01/2017 12.20 12.20 12.60 12.60 19 645.05 7957.00
19/01/2017 12.60 12.40 12.60 12.40 3 60.00 745.00
20/01/2017 12.60 12.60 14.80 14.00 314 38503.16 520279.00
23/01/2017 14.00 13.00 14.20 13.00 113 10000.82 134145.00
24/01/2017 13.60 12.80 13.60 13.00 71 6110.50 80394.00
26/01/2017 13.20 12.80 13.60 13.00 74 7785.64 101720.00
27/01/2017 12.80 12.60 13.20 13.00 43 4290.35 55177.00
30/01/2017 13.00 12.80 14.00 13.20 83 8770.72 118079.00
31/01/2017 13.00 12.80 14.40 14.40 450 34792.86 478199.00
01/02/2017 14.40 13.60 15.80 14.40 764 63450.21 924172.00
02/02/2017 14.40 14.20 16.00 16.00 203 25057.06 380787.00
03/02/2017 15.80 15.60 17.40 16.00 479 53834.42 887839.00
06/02/2017 16.40 15.20 16.60 15.20 118 12541.03 196402.00
07/02/2017 15.80 14.40 15.80 14.80 118 10610.87 160657.00
08/02/2017 14.80 13.80 15.20 14.40 135 12211.00 174338.00
09/02/2017 14.40 14.00 15.40 15.40 111 15436.27 230311.00
10/02/2017 15.40 14.60 15.80 14.80 122 14156.16 210833.00
13/02/2017 14.80 14.60 15.20 15.00 54 7900.65 117692.00
14/02/2017 15.20 14.40 15.60 15.00 84 18331.51 274793.00
15/02/2017 15.20 14.80 15.80 15.00 101 14981.23 227476.00
16/02/2017 15.00 14.80 15.20 15.00 15 2170.18 32729.00
17/02/2017 15.00 14.80 15.00 14.80 20 4595.38 68022.00
20/02/2017 14.60 14.40 14.80 14.60 27 1760.14 25667.00
21/02/2017 14.60 14.40 14.80 14.60 26 3295.27 48124.00
22/02/2017 14.60 14.20 14.60 14.20 32 2335.19 33665.00
23/02/2017 14.40 14.00 14.40 14.20 28 2080.17 29707.00
24/02/2017 14.20 13.60 14.20 13.80 43 7220.59 100205.00
01/03/2017 13.80 13.80 14.40 14.40 9 1165.10 16407.00
02/03/2017 14.00 14.00 14.60 14.60 8 275.02 3945.00
03/03/2017 14.40 14.00 14.40 14.40 31 4320.35 61540.00
06/03/2017 14.20 13.80 14.20 13.80 19 2820.23 39408.00
07/03/2017 14.00 14.00 14.20 14.00 14 1355.11 18980.00
08/03/2017 14.20 13.80 14.40 13.80 35 3070.25 43099.00
09/03/2017 13.60 13.60 14.20 14.20 18 2000.16 27790.00
10/03/2017 14.00 14.00 14.20 14.20 11 425.03 5957.00
13/03/2017 13.80 13.80 14.20 14.20 8 435.04 6007.00
14/03/2017 13.60 13.60 14.40 14.40 14 520.04 7369.00
15/03/2017 14.20 14.20 14.20 14.20 7 620.05 8804.00
16/03/2017 14.20 13.80 14.20 13.80 17 1530.13 21385.00
17/03/2017 14.00 13.60 14.20 13.60 25 3370.28 46343.00
20/03/2017 13.80 13.20 13.80 13.80 16 970.08 13038.00
21/03/2017 13.80 13.20 13.80 13.80 14 595.05 8064.00
22/03/2017 13.20 12.80 14.00 13.00 73 9515.78 125433.00
23/03/2017 13.00 13.00 13.40 13.00 22 1590.13 20896.00
24/03/2017 13.20 13.20 13.40 13.40 21 2050.17 27334.00
27/03/2017 13.00 13.00 13.20 13.20 12 2190.18 28867.00
28/03/2017 13.00 13.00 13.40 13.40 5 180.01 2408.00
29/03/2017 13.00 13.00 13.40 13.20 19 1530.13 20291.00
30/03/2017 13.20 13.20 13.40 13.40 7 625.05 8374.00
31/03/2017 13.40 13.00 13.40 13.20 5 305.03 4027.00
03/04/2017 13.00 13.00 13.20 13.20 6 365.03 4817.00
04/04/2017 13.00 12.60 13.40 12.60 49 7280.60 92558.00
05/04/2017 13.00 12.60 13.20 12.60 31 3875.32 49582.00
06/04/2017 12.80 12.80 13.20 13.20 52 7040.58 91310.00
07/04/2017 13.20 12.80 13.20 13.20 36 1875.15 24670.00
10/04/2017 13.20 12.80 13.20 12.80 7 405.03 5226.00
11/04/2017 13.00 12.80 13.20 13.20 40 2960.24 38347.00
12/04/2017 13.20 12.80 13.20 12.80 25 2075.17 26631.00
13/04/2017 12.80 12.40 12.80 12.40 29 3170.26 39797.00
17/04/2017 12.80 12.80 13.20 13.00 29 1355.11 17579.00
18/04/2017 13.00 12.60 13.20 13.00 54 4925.40 63141.00
19/04/2017 12.80 12.60 12.80 12.60 10 905.07 11557.00
20/04/2017 12.80 12.60 13.00 12.60 16 2465.20 31291.00
24/04/2017 12.60 12.60 12.80 12.60 10 660.05 8329.00
25/04/2017 12.80 12.60 13.00 13.00 15 630.05 8113.00
26/04/2017 12.80 12.80 13.00 12.80 11 500.04 6442.00
27/04/2017 12.80 12.60 12.80 12.60 8 920.08 11624.00
28/04/2017 12.60 12.60 13.00 13.00 16 860.07 11072.00
02/05/2017 12.80 12.60 13.20 13.00 15 1300.11 16830.00
03/05/2017 13.20 12.60 13.20 12.80 20 3125.26 39655.00
04/05/2017 13.00 12.60 13.00 12.80 14 645.05 8262.00
05/05/2017 12.80 12.60 13.00 12.60 27 1845.15 23428.00
08/05/2017 12.60 12.60 13.00 13.00 15 845.07 10742.00
09/05/2017 12.80 12.60 13.00 13.00 21 710.06 9113.00
10/05/2017 12.60 12.60 13.00 13.00 4 25.00 321.00
11/05/2017 13.00 12.60 13.00 12.60 26 4380.36 55419.00
12/05/2017 12.60 12.60 12.80 12.60 15 915.08 11581.00
15/05/2017 12.60 12.40 12.80 12.80 20 1855.15 23497.00
16/05/2017 12.40 12.40 12.80 12.60 18 1880.15 23732.00
17/05/2017 12.60 12.40 12.60 12.60 6 665.05 8357.00
18/05/2017 12.00 11.40 12.00 11.80 53 7880.65 92813.00
19/05/2017 11.60 11.60 12.20 12.00 17 670.06 8054.00
22/05/2017 12.20 12.00 12.40 12.20 13 570.05 6877.00
23/05/2017 12.60 11.60 12.60 12.40 38 975.08 11650.00
24/05/2017 12.00 12.00 12.40 12.00 19 950.08 11453.00
25/05/2017 12.40 12.00 12.40 12.20 16 2125.17 25757.00
26/05/2017 12.00 11.80 12.20 12.20 24 3410.28 40922.00
29/05/2017 12.20 12.00 12.20 12.20 8 180.01 2192.00
30/05/2017 12.20 12.00 12.40 12.40 32 2675.22 32880.00
31/05/2017 12.60 12.20 12.60 12.40 17 1130.09 13978.00
01/06/2017 11.00 10.51 11.99 11.20 63 12100.00 134618.00
02/06/2017 11.20 11.20 12.09 11.49 10 2700.00 31314.00
05/06/2017 11.70 11.00 12.10 12.00 17 3600.00 41960.00
06/06/2017 11.10 11.10 13.37 12.00 21 4500.00 55917.00
07/06/2017 11.59 11.59 12.42 12.41 16 3300.00 39688.00
08/06/2017 12.00 12.00 12.30 12.30 2 200.00 2430.00
09/06/2017 12.00 12.00 12.48 12.40 3 400.00 4888.00
12/06/2017 11.61 11.61 12.44 12.44 2 200.00 2405.00
14/06/2017 12.50 12.00 12.50 12.00 5 1000.00 12280.00
