22/12/2016 1615.00 1615.00 1615.00 1615.00 1 30.00 1453500.00
03/01/2017 1650.00 1650.00 1650.00 1650.00 2 20.00 990000.00
13/01/2017 1620.00 1620.00 1620.00 1620.00 1 25.00 1215000.00
19/01/2017 1615.00 1615.00 1615.00 1615.00 2 15.00 726750.00
20/01/2017 1607.00 1607.00 1607.00 1607.00 1 10.00 482100.00
17/02/2017 1580.00 1580.00 1580.00 1580.00 1 10.00 474000.00
07/03/2017 1470.00 1470.00 1490.00 1490.00 2 50.00 2220000.00
15/03/2017 1460.00 1460.00 1460.00 1460.00 2 30.00 1314000.00
16/03/2017 1480.00 1480.00 1480.00 1480.00 1 25.00 1110000.00
23/03/2017 1480.00 1480.00 1480.00 1480.00 2 50.00 2220000.00
27/03/2017 1480.00 1480.00 1480.00 1480.00 3 50.00 2220000.00
19/04/2017 1519.00 1519.00 1519.00 1519.00 2 67.00 3053190.00
27/04/2017 1470.00 1470.00 1470.00 1470.00 2 25.00 1102500.00
28/04/2017 1450.00 1450.00 1450.00 1450.00 4 55.00 2392500.00
12/05/2017 1415.00 1415.00 1415.00 1415.00 5 55.00 2334750.00
15/05/2017 1415.00 1415.00 1415.00 1415.00 2 23.00 976350.00
17/05/2017 1440.00 1440.00 1440.00 1440.00 2 35.00 1512000.00
22/05/2017 1470.00 1470.00 1470.00 1470.00 2 35.00 1543500.00
