01/06/2016 1417.00 1390.00 1417.00 1390.00 6 88.00 3721650.00
02/06/2016 1415.00 1415.00 1415.00 1415.00 3 27.00 1146150.00
03/06/2016 1418.00 1418.00 1418.00 1418.00 3 30.00 1276200.00
08/06/2016 1417.00 1417.00 1417.00 1417.00 3 150.00 6376500.00
10/06/2016 1400.00 1400.00 1404.00 1404.00 2 205.00 8634000.00
15/06/2016 1395.00 1395.00 1395.00 1395.00 2 20.00 837000.00
17/06/2016 1385.50 1385.00 1385.50 1385.00 6 200.00 8310300.00
20/06/2016 1390.00 1390.00 1390.00 1390.00 2 35.00 1459500.00
21/06/2016 1390.00 1385.00 1390.00 1385.00 3 145.00 6027750.00
22/06/2016 1380.00 1375.00 1380.00 1375.00 5 245.00 10113000.00
06/07/2016 1375.00 1370.00 1375.00 1375.00 5 110.00 4530000.00
07/07/2016 1385.00 1385.00 1395.00 1395.00 10 77.00 3215010.00
08/07/2016 1400.00 1400.00 1400.00 1400.00 2 20.00 840000.00
13/07/2016 1405.00 1405.00 1405.00 1405.00 2 45.00 1896750.00
14/07/2016 1405.50 1405.00 1425.00 1425.00 11 101.00 4275915.00
15/07/2016 1449.00 1449.00 1449.00 1449.00 4 27.00 1173690.00
18/07/2016 1460.00 1453.00 1460.00 1453.00 3 24.00 1046580.00
19/07/2016 1452.00 1450.00 1452.00 1450.00 3 27.00 1174620.00
20/07/2016 1469.50 1469.50 1475.00 1475.00 6 63.00 2780550.00
21/07/2016 1475.00 1475.00 1475.00 1475.00 4 110.00 4867500.00
22/07/2016 1475.00 1475.00 1475.00 1475.00 1 10.00 442500.00
27/07/2016 1474.00 1474.00 1474.00 1474.00 2 100.00 4422000.00
29/07/2016 1470.00 1469.00 1473.00 1473.00 9 381.00 16821240.00
02/08/2016 1470.00 1467.00 1470.00 1467.00 3 55.00 2423250.00
04/08/2016 1480.00 1480.00 1500.00 1500.00 6 269.00 12061500.00
05/08/2016 1503.50 1503.50 1504.00 1504.00 5 190.00 8572425.00
10/08/2016 1509.00 1509.00 1509.00 1509.00 2 95.00 4300650.00
