08/11/2016 1560.00 1560.00 1580.00 1580.00 3 100.00 4710000.00
09/11/2016 1570.00 1570.00 1570.00 1570.00 2 50.00 2355000.00
09/12/2016 1650.00 1650.00 1650.00 1650.00 1 30.00 1485000.00
12/12/2016 1680.00 1650.00 1680.00 1650.00 2 10.00 499500.00
13/12/2016 1650.00 1650.00 1650.00 1650.00 1 10.00 495000.00
20/12/2016 1630.00 1630.00 1630.00 1630.00 2 20.00 978000.00
22/12/2016 1630.00 1630.00 1630.00 1630.00 2 10.00 489000.00
28/12/2016 1650.00 1650.00 1650.00 1650.00 2 20.00 990000.00
08/03/2017 1590.00 1590.00 1590.00 1590.00 2 20.00 954000.00
16/03/2017 1515.00 1515.00 1515.00 1515.00 2 30.00 1363500.00
10/05/2017 1450.00 1450.00 1450.00 1450.00 6 70.00 3045000.00
12/05/2017 1450.00 1435.00 1450.00 1435.00 7 70.00 3027000.00
17/05/2017 1425.00 1425.00 1440.00 1440.00 5 270.00 11655750.00
22/05/2017 1460.00 1460.00 1460.00 1460.00 2 50.00 2190000.00
23/05/2017 1450.00 1450.00 1450.00 1450.00 2 50.00 2175000.00
26/05/2017 1410.00 1410.00 1410.00 1410.00 3 25.00 1057500.00
06/06/2017 1420.00 1420.00 1420.00 1420.00 2 100.00 4260000.00
07/06/2017 1410.00 1410.00 1410.00 1410.00 2 40.00 1692000.00
12/06/2017 1370.00 1360.00 1370.00 1360.00 4 60.00 2457000.00
14/06/2017 1365.00 1360.00 1365.00 1360.00 4 95.00 3886500.00
