02/06/2016 1541.00 1541.00 1548.00 1548.00 2 101.00 4690230.00
06/06/2016 1551.00 1550.50 1551.00 1550.50 2 200.00 9303015.00
07/06/2016 1560.00 1560.00 1561.00 1561.00 5 500.00 23406000.00
08/06/2016 1561.00 1561.00 1561.00 1561.00 2 100.00 4683000.00
16/06/2016 1565.00 1565.00 1565.00 1565.00 2 200.00 9390000.00
29/06/2016 1570.00 1570.00 1570.00 1570.00 1 10.00 471000.00
30/06/2016 1570.00 1570.00 1572.00 1572.00 6 90.00 4240680.00
01/07/2016 1570.00 1570.00 1570.00 1570.00 2 205.00 9655500.00
14/07/2016 1597.00 1597.00 1597.00 1597.00 2 50.00 2395500.00
22/07/2016 1630.00 1630.00 1630.00 1630.00 4 30.00 1467000.00
25/07/2016 1635.00 1635.00 1635.00 1635.00 1 10.00 490500.00
03/08/2016 1619.50 1610.00 1619.50 1619.00 4 80.00 3874290.00
04/08/2016 1615.00 1615.00 1620.00 1620.00 4 63.00 3055950.00
17/08/2016 1619.50 1619.50 1619.50 1619.50 1 2.00 97170.00
18/08/2016 1620.00 1620.00 1620.00 1620.00 5 42.00 2041200.00
22/08/2016 1614.50 1614.50 1614.50 1614.50 1 20.00 968700.00
23/08/2016 1614.50 1610.00 1614.50 1610.00 2 7.00 338370.00
26/08/2016 1618.00 1618.00 1618.00 1618.00 2 10.00 485400.00
29/08/2016 1615.00 1615.00 1615.00 1615.00 1 2.00 96900.00
30/08/2016 1610.50 1610.50 1619.00 1619.00 5 52.00 2519250.00
31/08/2016 1625.00 1625.00 1625.00 1625.00 11 56.00 2730000.00
01/09/2016 1634.50 1634.50 1634.50 1634.50 2 20.00 980700.00
02/09/2016 1634.50 1633.00 1635.00 1633.00 3 23.00 1127730.00
06/09/2016 1635.00 1635.00 1635.00 1635.00 2 25.00 1226250.00
09/09/2016 1644.00 1641.00 1644.00 1641.00 6 50.00 2463750.00
12/09/2016 1645.00 1645.00 1645.00 1645.00 6 70.00 3454500.00
13/09/2016 1645.00 1645.00 1660.00 1660.00 2 27.00 1343700.00
14/09/2016 1660.00 1660.00 1660.00 1660.00 1 1.00 49800.00
15/09/2016 1689.50 1689.50 1690.00 1690.00 6 73.00 3700380.00
16/09/2016 1710.00 1710.00 1715.00 1715.00 7 60.00 3086250.00
21/09/2016 1730.00 1730.00 1730.00 1730.00 2 23.00 1193700.00
23/09/2016 1726.00 1725.00 1730.00 1730.00 3 50.00 2590500.00
27/09/2016 1755.00 1755.00 1755.00 1755.00 2 35.00 1842750.00
28/09/2016 1770.00 1770.00 1770.00 1770.00 1 10.00 531000.00
29/09/2016 1760.00 1760.00 1760.00 1760.00 2 25.00 1320000.00
30/09/2016 1760.00 1760.00 1760.00 1760.00 2 25.00 1320000.00
04/10/2016 1791.00 1791.00 1791.00 1791.00 1 25.00 1343250.00
05/10/2016 1800.00 1800.00 1800.00 1800.00 1 10.00 540000.00
07/10/2016 1810.00 1810.00 1810.00 1810.00 1 1.00 54300.00
10/10/2016 1825.00 1825.00 1850.00 1850.00 26 215.00 11802720.00
11/10/2016 1870.00 1870.00 1870.00 1870.00 1 2.00 112200.00
13/10/2016 1860.00 1860.00 1885.00 1885.00 9 90.00 5047500.00
14/10/2016 1905.00 1905.00 1905.00 1905.00 1 42.00 2400300.00
18/10/2016 1855.00 1850.00 1865.00 1865.00 6 54.00 3015750.00
20/10/2016 1875.00 1875.00 1890.00 1885.00 4 250.00 14103750.00
21/10/2016 1895.00 1895.00 1895.00 1895.00 2 10.00 568500.00
26/10/2016 1880.00 1880.00 1880.00 1880.00 1 10.00 564000.00
31/10/2016 1870.00 1865.00 1870.00 1865.00 2 35.00 1962000.00
09/11/2016 1805.00 1805.00 1805.00 1805.00 2 25.00 1353750.00
10/11/2016 1815.00 1810.00 1815.00 1810.00 5 66.00 3587700.00
11/11/2016 1810.00 1810.00 1810.00 1810.00 2 35.00 1900500.00
18/11/2016 1810.00 1810.00 1810.00 1810.00 1 10.00 543000.00
24/11/2016 1775.00 1770.00 1775.00 1770.00 2 50.00 2658750.00
25/11/2016 1780.00 1780.00 1790.00 1790.00 4 28.00 1498200.00
29/11/2016 1775.00 1775.00 1775.00 1775.00 1 2.00 106500.00
01/12/2016 1790.00 1790.00 1790.00 1790.00 1 20.00 1074000.00
02/12/2016 1800.00 1800.00 1800.00 1800.00 1 2.00 108000.00
05/12/2016 1815.00 1815.00 1815.00 1815.00 3 7.00 381150.00
12/12/2016 1840.00 1840.00 1840.00 1840.00 3 12.00 662400.00
14/12/2016 1830.00 1830.00 1830.00 1830.00 2 15.00 823500.00
15/12/2016 1815.00 1815.00 1815.00 1815.00 1 10.00 544500.00
19/12/2016 1825.00 1815.00 1840.00 1815.00 4 30.00 1647750.00
28/12/2016 1805.00 1805.00 1805.00 1805.00 2 20.00 1083000.00
