02/05/2017 1650.00 1650.00 1650.00 1650.00 2 30.00 1485000.00
04/05/2017 1640.00 1640.00 1640.00 1640.00 4 50.00 2460000.00
17/05/2017 1620.00 1620.00 1620.00 1620.00 2 20.00 972000.00
19/05/2017 1650.00 1650.00 1650.00 1650.00 1 10.00 495000.00
22/05/2017 1650.00 1650.00 1650.00 1650.00 1 2.00 99000.00
23/05/2017 1620.00 1620.00 1620.00 1620.00 2 50.00 2430000.00
05/06/2017 1602.00 1602.00 1602.00 1602.00 2 50.00 2403000.00
06/06/2017 1595.00 1595.00 1595.00 1595.00 2 200.00 9570000.00
08/06/2017 1587.00 1570.00 1587.00 1570.00 6 211.00 9942180.00
09/06/2017 1565.00 1565.00 1565.00 1565.00 3 102.00 4788900.00
