20/02/2017 3335.40 3335.40 3335.50 3335.50 2 10.00 1667725.00
22/02/2017 3303.40 3303.40 3303.40 3303.40 2 40.00 6606800.00
08/03/2017 3392.40 3392.40 3394.30 3394.30 4 45.00 7635750.00
14/03/2017 3400.00 3400.00 3400.00 3400.00 2 125.00 21250000.00
21/03/2017 3340.40 3340.40 3340.50 3340.50 2 10.00 1670225.00
23/03/2017 3402.00 3402.00 3402.00 3402.00 2 60.00 10206000.00
27/03/2017 3421.70 3421.70 3429.10 3428.70 5 9175.00 1572910725.00
28/03/2017 3425.00 3425.00 3425.00 3425.00 1 275.00 47093750.00
29/03/2017 3399.40 3372.80 3399.40 3382.70 19 1680.00 284243625.00
30/03/2017 3382.00 3371.00 3386.00 3386.00 17 1485.00 250623450.00
31/03/2017 3400.60 3358.80 3410.00 3358.80 8 105.00 17755700.00
03/04/2017 3347.20 3339.00 3347.20 3339.00 2 10.00 1671550.00
04/04/2017 3351.10 3345.00 3351.10 3345.00 4 155.00 25943775.00
05/04/2017 3319.70 3312.70 3343.00 3343.00 8 420.00 69714400.00
06/04/2017 3333.90 3333.90 3365.00 3365.00 2 85.00 14239050.00
07/04/2017 3358.60 3350.70 3359.00 3356.50 7 120.00 20121625.00
10/04/2017 3336.00 3336.00 3336.00 3336.00 1 5.00 834000.00
11/04/2017 3344.10 3344.10 3355.50 3355.50 2 55.00 9224775.00
12/04/2017 3360.00 3351.30 3360.00 3351.30 3 30.00 5029125.00
13/04/2017 3336.50 3333.00 3353.20 3353.10 5 35.00 5850375.00
17/04/2017 3317.00 3314.00 3317.00 3316.50 3 25.00 4145250.00
18/04/2017 3327.20 3327.20 3354.80 3354.80 3 45.00 7513650.00
19/04/2017 3347.50 3347.50 3374.00 3371.00 11 490.00 82325400.00
20/04/2017 3389.40 3389.40 3394.50 3392.80 4 1160.00 196853500.00
24/04/2017 3397.50 3397.50 3407.00 3401.30 7 9145.00 1557374650.00
25/04/2017 3450.00 3447.90 3463.00 3448.00 9 685.00 118135725.00
26/04/2017 3462.00 3462.00 3473.00 3463.30 15 1115.00 193301825.00
27/04/2017 3440.00 3440.00 3470.00 3456.00 17 1200.00 207162525.00
