30/01/2017 3483.00 3483.00 3483.00 3483.00 5 3190.00 555538500.00
20/04/2017 3449.10 3449.00 3449.10 3449.00 2 10.00 1724525.00
24/04/2017 3453.70 3453.70 3462.70 3462.70 2 15.00 2594775.00
26/04/2017 3525.60 3525.60 3525.70 3525.70 3 40.00 7051250.00
27/04/2017 3530.60 3530.60 3530.60 3530.60 1 5.00 882650.00
19/05/2017 3735.70 3735.70 3735.70 3735.70 1 10.00 1867850.00
23/05/2017 3706.50 3706.50 3706.50 3706.50 2 20.00 3706500.00
25/05/2017 3722.50 3722.50 3722.50 3722.50 1 9075.00 1689084375.00
26/05/2017 3689.10 3689.10 3689.10 3689.10 2 275.00 50725125.00
29/05/2017 3688.50 3681.30 3693.20 3688.90 14 1865.00 343972150.00
30/05/2017 3673.40 3673.40 3687.00 3687.00 10 350.00 64407075.00
31/05/2017 3668.40 3655.00 3678.00 3655.00 7 115.00 21113275.00
01/06/2017 3666.00 3665.00 3666.00 3665.00 2 15.00 2749250.00
02/06/2017 3680.00 3680.00 3680.00 3680.00 1 5.00 920000.00
05/06/2017 3731.00 3730.00 3731.00 3730.00 3 15.00 2798000.00
06/06/2017 3728.50 3728.50 3728.50 3728.50 1 40.00 7457000.00
07/06/2017 3695.10 3695.10 3716.40 3716.40 5 30.00 5561400.00
08/06/2017 3704.30 3683.40 3711.30 3683.40 9 175.00 32340375.00
09/06/2017 3677.60 3677.60 3715.00 3715.00 8 130.00 23947025.00
12/06/2017 3735.50 3735.00 3741.00 3735.00 4 30.00 5604375.00
13/06/2017 3730.40 3726.70 3730.40 3726.70 3 30.00 5593375.00
14/06/2017 3729.10 3697.10 3729.10 3697.10 10 270.00 50136175.00
16/06/2017 3683.50 3683.50 3694.50 3694.50 3 70.00 12927725.00
