26/04/2017 3563.00 3563.00 3563.00 3563.00 1 5.00 890750.00
27/04/2017 3541.70 3541.70 3541.70 3541.70 2 40.00 7083400.00
09/05/2017 3550.70 3550.70 3550.70 3550.70 1 5.00 887675.00
16/05/2017 3502.20 3502.20 3502.20 3502.20 2 565.00 98937150.00
17/05/2017 3553.50 3553.50 3554.00 3553.70 4 300.00 53302825.00
18/05/2017 3752.10 3752.10 3752.10 3752.10 2 30.00 5628150.00
19/05/2017 3762.70 3724.30 3762.70 3724.30 5 320.00 60175250.00
22/05/2017 3761.70 3761.70 3761.70 3761.70 1 5.00 940425.00
23/05/2017 3719.30 3719.30 3719.30 3719.30 1 5.00 929825.00
25/05/2017 3751.70 3751.70 3751.70 3751.70 1 5.00 937925.00
26/05/2017 3719.10 3698.80 3719.10 3710.50 8 1125.00 209088950.00
29/05/2017 3715.90 3711.80 3717.00 3717.00 4 80.00 14855675.00
31/05/2017 3700.30 3699.60 3700.30 3699.60 2 10.00 1849975.00
01/06/2017 3701.00 3696.70 3701.00 3696.70 3 65.00 12022875.00
02/06/2017 3724.80 3723.00 3727.10 3727.10 3 25.00 4655225.00
05/06/2017 3757.50 3757.50 3759.50 3759.50 3 15.00 2818625.00
06/06/2017 3748.00 3748.00 3748.00 3748.00 1 10.00 1874000.00
07/06/2017 3743.70 3741.10 3743.70 3741.10 2 10.00 1871200.00
08/06/2017 3744.40 3717.60 3744.40 3717.60 2 10.00 1865500.00
09/06/2017 3729.30 3729.30 3729.30 3729.30 1 10.00 1864650.00
12/06/2017 3764.50 3758.90 3764.50 3758.90 4 25.00 4701425.00
13/06/2017 3758.00 3749.50 3758.00 3749.50 2 35.00 6563750.00
14/06/2017 3727.60 3727.60 3729.60 3729.60 3 15.00 2796700.00
