22/08/2016 3710.30 3710.30 3710.40 3710.40 2 10.00 1855175.00
29/08/2016 3724.00 3724.00 3724.00 3724.00 2 40.00 7448000.00
30/08/2016 3684.50 3684.50 3703.10 3703.10 4 50.00 9234500.00
26/09/2016 3685.40 3679.00 3685.40 3685.40 5 805.00 148109075.00
27/09/2016 3659.00 3659.00 3670.60 3661.90 5 9110.00 1666688525.00
28/09/2016 3681.90 3650.50 3682.00 3650.50 27 2380.00 436489075.00
29/09/2016 3660.30 3648.00 3670.00 3670.00 9 80.00 14626475.00
30/09/2016 3671.00 3671.00 3697.20 3697.20 2 45.00 8266300.00
03/10/2016 3658.20 3626.40 3658.20 3626.40 7 95.00 17299050.00
04/10/2016 3613.10 3613.10 3666.00 3666.00 6 150.00 27215150.00
05/10/2016 3683.20 3640.00 3683.20 3640.00 8 150.00 27448625.00
06/10/2016 3645.00 3618.20 3645.00 3630.00 6 75.00 13625250.00
07/10/2016 3634.80 3604.50 3636.20 3636.20 11 150.00 27173875.00
10/10/2016 3603.40 3594.00 3603.50 3594.00 4 20.00 3600075.00
11/10/2016 3578.00 3558.10 3578.00 3558.10 8 75.00 13388775.00
13/10/2016 3554.00 3542.80 3557.50 3542.80 6 105.00 18638950.00
14/10/2016 3517.00 3517.00 3538.00 3538.00 8 500.00 88032825.00
17/10/2016 3534.60 3529.00 3545.00 3545.00 8 40.00 7073675.00
18/10/2016 3507.60 3505.10 3510.40 3505.10 5 65.00 11395650.00
19/10/2016 3490.00 3490.00 3490.00 3490.00 1 20.00 3490000.00
20/10/2016 3481.80 3442.00 3481.80 3442.00 4 190.00 32763950.00
21/10/2016 3440.70 3440.00 3452.00 3447.00 11 330.00 56830600.00
24/10/2016 3410.00 3397.00 3412.90 3397.00 9 9285.00 1579415975.00
25/10/2016 3386.20 3382.40 3400.00 3385.30 9 115.00 19521300.00
26/10/2016 3417.50 3414.70 3435.30 3434.40 14 2895.00 495487375.00
27/10/2016 3436.50 3428.00 3445.00 3432.00 9 810.00 139156350.00
28/10/2016 3475.00 3470.00 3512.00 3512.00 11 205.00 35692550.00
