20/06/2016 3.87 3.86 3.95 3.89 1631 404300.00 1578891.00
21/06/2016 3.89 3.86 4.01 3.92 2267 630000.00 2481303.00
22/06/2016 3.94 3.83 3.97 3.87 1263 286000.00 1113120.00
23/06/2016 3.88 3.86 3.92 3.90 1445 590000.00 2291703.00
24/06/2016 3.77 3.67 3.83 3.80 1527 525900.00 1977989.00
27/06/2016 3.82 3.66 3.82 3.72 2824 806700.00 3003303.00
28/06/2016 3.75 3.74 3.87 3.82 1934 758900.00 2907813.00
29/06/2016 3.87 3.81 3.92 3.83 1710 1154700.00 4444969.00
30/06/2016 3.84 3.77 3.85 3.84 3171 1470600.00 5600897.00
01/07/2016 3.85 3.81 3.92 3.87 1848 728300.00 2805230.00
04/07/2016 3.87 3.86 3.94 3.91 972 466700.00 1821714.00
05/07/2016 3.91 3.83 3.91 3.88 1332 260100.00 1007442.00
06/07/2016 3.89 3.79 3.89 3.87 1948 451000.00 1733997.00
07/07/2016 3.87 3.80 3.87 3.81 1870 1454400.00 5569018.00
08/07/2016 3.83 3.83 3.94 3.94 3833 4971900.00 19183650.00
11/07/2016 3.99 3.87 4.04 3.95 3776 1765200.00 6944255.00
12/07/2016 3.96 3.90 4.01 3.99 3164 2030300.00 8021286.00
13/07/2016 4.02 3.97 4.08 4.03 2695 1652500.00 6627975.00
14/07/2016 4.08 4.04 4.12 4.08 2664 1329800.00 5412253.00
15/07/2016 4.12 4.05 4.22 4.22 2260 674100.00 2803035.00
18/07/2016 4.24 4.19 4.35 4.30 2764 1096700.00 4712817.00
19/07/2016 4.32 4.31 4.49 4.49 2426 1152200.00 5087855.00
20/07/2016 4.45 4.40 4.51 4.51 1153 602700.00 2685183.00
21/07/2016 4.51 4.45 4.59 4.59 1525 441000.00 1999853.00
22/07/2016 4.59 4.54 4.62 4.55 2131 845000.00 3849133.00
25/07/2016 4.58 4.42 4.61 4.50 2444 1097400.00 4934108.00
26/07/2016 4.45 4.44 4.58 4.55 1917 709900.00 3211666.00
27/07/2016 4.59 4.47 4.64 4.55 2270 913000.00 4164352.00
28/07/2016 4.57 4.49 4.61 4.53 1681 639100.00 2888007.00
29/07/2016 4.49 4.49 4.62 4.62 1787 796800.00 3644275.00
01/08/2016 4.69 4.66 4.88 4.69 2602 1136600.00 5363914.00
02/08/2016 4.70 4.56 4.72 4.66 2346 565800.00 2629361.00
03/08/2016 4.66 4.62 4.72 4.72 2628 837200.00 3910946.00
04/08/2016 4.70 4.69 4.85 4.75 2251 1152900.00 5490621.00
05/08/2016 4.80 4.71 4.82 4.75 1201 695600.00 3310908.00
08/08/2016 4.76 4.58 4.79 4.60 1326 533500.00 2484025.00
09/08/2016 4.60 4.50 4.64 4.60 1405 952100.00 4373935.00
10/08/2016 4.64 4.55 4.64 4.58 1397 636700.00 2922353.00
11/08/2016 4.62 4.47 4.78 4.75 2199 1315900.00 6064695.00
12/08/2016 4.79 4.54 4.79 4.70 3620 1679700.00 7754619.00
15/08/2016 4.70 4.53 4.72 4.55 3813 1496700.00 6935882.00
16/08/2016 4.52 4.36 4.52 4.45 1731 622000.00 2771167.00
17/08/2016 4.46 4.35 4.48 4.47 2139 560800.00 2471743.00
18/08/2016 4.45 4.40 4.63 4.61 1403 520600.00 2349874.00
19/08/2016 4.59 4.45 4.59 4.45 2671 1073900.00 4792979.00
22/08/2016 4.45 4.37 4.47 4.42 1763 883900.00 3902675.00
23/08/2016 4.48 4.39 4.48 4.47 1319 549300.00 2438897.00
24/08/2016 4.45 4.39 4.50 4.46 1298 417100.00 1849051.00
25/08/2016 4.48 4.40 4.48 4.45 1042 248800.00 1106163.00
26/08/2016 4.45 4.39 4.52 4.42 2528 953000.00 4237289.00
29/08/2016 4.46 4.41 4.46 4.45 675 142500.00 632777.00
30/08/2016 4.49 4.21 4.49 4.30 1724 619100.00 2664638.00
31/08/2016 4.33 4.15 4.39 4.21 2805 1113700.00 4701138.00
01/09/2016 4.25 4.20 4.30 4.28 3349 1085400.00 4625745.00
02/09/2016 4.30 4.29 4.42 4.42 4114 1051700.00 4588809.00
05/09/2016 4.46 4.34 4.46 4.36 1017 304700.00 1333269.00
06/09/2016 4.36 4.28 4.39 4.35 1230 371500.00 1610153.00
08/09/2016 4.35 4.30 4.43 4.43 1519 655700.00 2873694.00
09/09/2016 4.39 4.20 4.39 4.20 1564 770600.00 3274078.00
12/09/2016 4.19 4.06 4.19 4.14 1790 526700.00 2179415.00
13/09/2016 4.13 4.04 4.15 4.15 2486 615600.00 2517315.00
14/09/2016 4.15 3.98 4.15 4.07 2332 763500.00 3095393.00
15/09/2016 4.10 4.06 4.23 4.16 1092 287200.00 1189239.00
16/09/2016 4.16 4.07 4.17 4.10 1183 369900.00 1519854.00
19/09/2016 4.08 4.05 4.20 4.05 1422 223900.00 920889.00
20/09/2016 4.08 4.06 4.18 4.15 1045 195100.00 803974.00
21/09/2016 4.17 4.10 4.20 4.20 1549 490000.00 2039813.00
22/09/2016 4.23 4.14 4.30 4.17 2410 999800.00 4213236.00
23/09/2016 4.16 4.00 4.19 4.00 2187 637400.00 2578358.00
26/09/2016 3.97 3.91 4.00 3.96 1410 339500.00 1340012.00
27/09/2016 3.98 3.87 3.98 3.96 1345 529600.00 2080672.00
28/09/2016 3.98 3.87 3.99 3.94 1769 664500.00 2604595.00
29/09/2016 3.93 3.83 3.99 3.84 1855 550300.00 2143842.00
30/09/2016 3.89 3.79 3.92 3.84 1535 422600.00 1627885.00
03/10/2016 3.85 3.78 3.95 3.94 1407 571500.00 2222350.00
04/10/2016 3.96 3.86 3.96 3.93 1152 303400.00 1186174.00
05/10/2016 3.95 3.90 3.96 3.95 1217 294500.00 1159065.00
06/10/2016 3.94 3.92 3.98 3.95 1266 337400.00 1332288.00
07/10/2016 3.98 3.90 4.01 4.00 1497 484000.00 1921861.00
10/10/2016 4.02 3.94 4.07 4.01 1148 319900.00 1274891.00
11/10/2016 4.01 3.95 4.02 3.95 1672 324700.00 1286495.00
13/10/2016 3.96 3.91 4.03 4.00 2793 933300.00 3714761.00
14/10/2016 4.03 3.98 4.06 4.05 2061 822500.00 3303276.00
17/10/2016 4.05 4.00 4.15 4.15 1650 483500.00 1979799.00
18/10/2016 4.16 4.08 4.33 4.33 3083 1049000.00 4386256.00
19/10/2016 4.31 4.23 4.31 4.25 1913 611000.00 2599473.00
20/10/2016 4.25 4.19 4.28 4.26 1818 570100.00 2405851.00
21/10/2016 4.25 4.19 4.35 4.35 3460 1639700.00 7095285.00
24/10/2016 4.37 4.30 4.46 4.32 1431 407800.00 1768509.00
25/10/2016 4.33 4.20 4.42 4.37 2038 736700.00 3190784.00
26/10/2016 4.35 4.26 4.51 4.51 1988 778900.00 3447064.00
27/10/2016 4.51 4.27 4.51 4.30 4480 1195300.00 5227790.00
28/10/2016 4.32 4.26 4.40 4.39 1235 296000.00 1288782.00
31/10/2016 4.39 4.36 4.46 4.44 1298 302500.00 1337334.00
01/11/2016 4.44 4.27 4.45 4.30 2016 410500.00 1771629.00
03/11/2016 4.30 4.17 4.39 4.25 1884 856500.00 3695099.00
04/11/2016 4.21 4.20 4.33 4.22 1682 281600.00 1201093.00
07/11/2016 4.23 4.23 4.54 4.54 1958 1932200.00 8626449.00
08/11/2016 4.51 4.34 4.53 4.36 3984 717200.00 3147847.00
09/11/2016 4.22 4.19 4.53 4.51 2885 800200.00 3548123.00
10/11/2016 4.51 4.11 4.51 4.14 2307 864300.00 3656199.00
11/11/2016 4.15 3.89 4.15 4.00 3371 6710800.00 26765884.00
14/11/2016 3.95 3.77 4.05 3.98 3511 998400.00 3881110.00
16/11/2016 4.03 3.83 4.05 3.97 2244 1246400.00 4847499.00
17/11/2016 4.02 3.88 4.02 3.90 1729 2489600.00 9724686.00
18/11/2016 4.06 3.83 4.06 3.93 3717 697100.00 2720368.00
21/11/2016 3.93 3.85 3.95 3.89 1744 559500.00 2178626.00
22/11/2016 3.94 3.77 3.97 3.85 4673 1115200.00 4292912.00
23/11/2016 3.84 3.75 3.85 3.76 2111 603600.00 2281590.00
24/11/2016 3.76 3.75 3.87 3.86 1428 310900.00 1183941.00
25/11/2016 3.87 3.74 3.87 3.81 2963 745900.00 2823576.00
28/11/2016 3.79 3.75 3.91 3.86 2696 640400.00 2457872.00
29/11/2016 3.87 3.80 3.95 3.86 3372 836900.00 3246783.00
30/11/2016 3.87 3.87 4.02 3.98 1753 849300.00 3376910.00
01/12/2016 3.98 3.75 4.03 3.76 3270 662100.00 2528935.00
02/12/2016 3.70 3.63 3.79 3.74 1115 274400.00 1023760.00
05/12/2016 3.78 3.66 3.78 3.72 2040 603700.00 2234506.00
06/12/2016 3.74 3.65 3.76 3.76 1147 343300.00 1272577.00
07/12/2016 3.83 3.73 3.87 3.74 2353 655500.00 2473640.00
08/12/2016 3.79 3.62 3.79 3.66 2240 525200.00 1932917.00
09/12/2016 3.66 3.62 3.71 3.68 2218 531800.00 1947197.00
12/12/2016 3.62 3.58 3.66 3.61 1333 589100.00 2127168.00
13/12/2016 3.61 3.60 3.72 3.65 1527 643800.00 2355812.00
14/12/2016 3.65 3.59 3.69 3.65 2278 657000.00 2384806.00
15/12/2016 3.65 3.59 3.68 3.65 1868 455500.00 1652716.00
16/12/2016 3.68 3.64 3.69 3.68 1716 401300.00 1468698.00
19/12/2016 3.70 3.51 3.70 3.51 1673 629800.00 2246235.00
20/12/2016 3.55 3.39 3.55 3.40 3868 1090700.00 3745858.00
21/12/2016 3.43 3.43 3.59 3.58 1956 639000.00 2260624.00
22/12/2016 3.53 3.43 3.57 3.48 3443 1183700.00 4111773.00
23/12/2016 3.50 3.48 3.58 3.53 2207 556200.00 1965950.00
26/12/2016 3.53 3.53 3.62 3.56 1017 208800.00 747431.00
27/12/2016 3.56 3.53 3.61 3.61 1325 372000.00 1336658.00
28/12/2016 3.63 3.58 3.72 3.72 1209 291100.00 1069582.00
29/12/2016 3.71 3.61 3.76 3.70 3692 1889900.00 6950630.00
02/01/2017 3.70 3.63 3.79 3.73 843 290000.00 1075200.00
03/01/2017 3.73 3.71 3.93 3.89 2681 1327200.00 5029748.00
04/01/2017 3.88 3.86 4.02 3.90 2277 1285300.00 5064880.00
05/01/2017 3.90 3.83 4.01 3.98 2765 868600.00 3422416.00
06/01/2017 4.01 3.88 4.05 3.96 1829 500300.00 1970484.00
09/01/2017 3.96 3.93 4.01 3.94 1067 343700.00 1370045.00
10/01/2017 3.95 3.95 4.05 4.01 1282 427600.00 1711860.00
11/01/2017 4.05 3.98 4.14 4.02 2063 568300.00 2295706.00
12/01/2017 4.17 4.09 4.23 4.09 2755 3080300.00 12749272.00
13/01/2017 4.09 4.08 4.29 4.24 5181 1572900.00 6657947.00
16/01/2017 4.26 4.24 4.39 4.34 2613 1504700.00 6520954.00
17/01/2017 4.32 4.17 4.47 4.28 4169 2499400.00 10667964.00
18/01/2017 4.33 4.13 4.37 4.20 2437 1078700.00 4601286.00
19/01/2017 4.22 4.04 4.25 4.23 5958 2501200.00 10386495.00
20/01/2017 4.24 4.17 4.33 4.26 2528 851800.00 3623126.00
23/01/2017 4.28 4.19 4.30 4.27 1866 513500.00 2192344.00
24/01/2017 4.27 4.27 4.43 4.35 1772 560300.00 2443356.00
26/01/2017 4.36 4.36 4.62 4.58 2253 1431700.00 6458395.00
27/01/2017 4.62 4.50 4.64 4.52 2137 524000.00 2376310.00
30/01/2017 4.52 4.44 4.56 4.48 1725 908300.00 4071507.00
31/01/2017 4.50 4.47 4.57 4.49 1293 927900.00 4190934.00
01/02/2017 4.51 4.51 4.81 4.74 4168 2218000.00 10489959.00
02/02/2017 4.75 4.71 5.05 4.84 4284 1771500.00 8658040.00
03/02/2017 4.85 4.84 5.17 5.08 4549 2285500.00 11585382.00
06/02/2017 5.29 5.15 5.42 5.16 3803 2246700.00 11782475.00
07/02/2017 5.13 5.00 5.18 5.03 2702 1057800.00 5352268.00
08/02/2017 5.03 4.92 5.06 4.98 3187 1044000.00 5200514.00
09/02/2017 4.98 4.98 5.16 5.13 5835 1476500.00 7533113.00
10/02/2017 5.15 5.08 5.21 5.15 4506 1595700.00 8195640.00
13/02/2017 5.14 5.07 5.19 5.18 2768 688600.00 3535692.00
14/02/2017 5.17 4.94 5.18 4.94 3490 1128900.00 5669515.00
15/02/2017 4.98 4.97 5.14 5.03 2471 985500.00 4970409.00
16/02/2017 5.02 4.99 5.12 5.04 3645 758500.00 3820940.00
17/02/2017 5.07 4.93 5.07 5.00 1590 736100.00 3683044.00
20/02/2017 5.04 5.03 5.27 5.21 1464 806200.00 4161022.00
21/02/2017 5.25 5.16 5.42 5.36 3061 928900.00 4914649.00
22/02/2017 5.34 5.21 5.48 5.29 3892 1311000.00 7065088.00
23/02/2017 5.36 5.09 5.42 5.18 3623 1449400.00 7560609.00
24/02/2017 5.09 5.02 5.21 5.05 2200 850300.00 4336711.00
01/03/2017 5.10 4.95 5.19 4.98 3520 1233700.00 6196489.00
02/03/2017 5.00 4.90 5.13 4.97 2364 992600.00 4950310.00
03/03/2017 4.97 4.90 5.03 5.00 1563 400600.00 1987469.00
06/03/2017 5.03 4.98 5.18 5.01 3717 1548700.00 7801668.00
07/03/2017 5.00 4.97 5.16 5.04 1833 667200.00 3371534.00
08/03/2017 5.02 4.75 5.07 4.83 3557 2076100.00 9994503.00
09/03/2017 4.79 4.66 4.85 4.66 2392 1173800.00 5578099.00
10/03/2017 4.68 4.62 4.77 4.70 2549 679800.00 3186097.00
13/03/2017 4.72 4.60 4.78 4.77 3042 897400.00 4236799.00
14/03/2017 4.76 4.70 4.84 4.76 2244 661800.00 3158974.00
15/03/2017 4.76 4.65 4.89 4.84 2414 765000.00 3653965.00
16/03/2017 4.84 4.83 4.95 4.90 3196 1032900.00 5053447.00
17/03/2017 4.90 4.71 4.93 4.82 1275 542500.00 2600448.00
20/03/2017 4.80 4.62 4.80 4.70 1569 341600.00 1608485.00
21/03/2017 4.70 4.49 4.70 4.53 3625 1118100.00 5083568.00
22/03/2017 4.53 4.45 4.76 4.70 2953 846100.00 3909359.00
23/03/2017 4.63 4.55 4.84 4.84 2656 618700.00 2888149.00
24/03/2017 4.84 4.52 4.84 4.55 3363 990100.00 4592995.00
27/03/2017 4.46 4.46 4.66 4.56 2540 470200.00 2151446.00
28/03/2017 4.59 4.55 4.63 4.61 1727 581800.00 2669356.00
29/03/2017 4.61 4.50 4.66 4.55 2784 791300.00 3607355.00
30/03/2017 4.57 4.47 4.62 4.56 3426 819200.00 3729471.00
31/03/2017 4.55 4.51 4.63 4.60 3108 683800.00 3129385.00
03/04/2017 4.62 4.58 4.77 4.63 3152 738800.00 3440225.00
04/04/2017 4.63 4.56 4.70 4.65 2594 547800.00 2537332.00
05/04/2017 4.69 4.45 4.72 4.51 2552 857100.00 3900455.00
06/04/2017 4.53 4.36 4.53 4.36 4575 2164100.00 9568592.00
07/04/2017 4.36 4.30 4.42 4.33 3160 762100.00 3318272.00
10/04/2017 4.33 4.30 4.42 4.38 2904 905800.00 3951914.00
11/04/2017 4.40 4.31 4.41 4.35 2677 1273600.00 5539781.00
12/04/2017 4.36 4.30 4.37 4.34 1794 940900.00 4081464.00
13/04/2017 4.37 4.26 4.37 4.29 1215 463200.00 1999776.00
17/04/2017 4.32 4.30 4.62 4.60 1834 592900.00 2653960.00
18/04/2017 4.56 4.50 4.64 4.57 1379 540100.00 2452520.00
19/04/2017 4.64 4.50 4.72 4.50 2051 607800.00 2772422.00
20/04/2017 4.54 4.49 4.60 4.50 1584 704000.00 3175666.00
24/04/2017 4.53 4.50 4.56 4.50 982 591700.00 2670735.00
25/04/2017 4.52 4.50 4.65 4.56 2399 3713000.00 16943866.00
26/04/2017 4.59 4.52 4.71 4.68 1555 595900.00 2747280.00
27/04/2017 4.68 4.50 4.80 4.50 1939 1612000.00 7494393.00
28/04/2017 4.50 4.41 4.52 4.44 3166 3696100.00 16425343.00
02/05/2017 4.44 4.44 4.61 4.52 2688 839200.00 3810039.00
03/05/2017 4.51 4.43 4.54 4.48 2193 681000.00 3048644.00
04/05/2017 4.46 4.34 4.46 4.40 3430 959700.00 4194681.00
05/05/2017 4.40 4.33 4.47 4.40 2855 970000.00 4260753.00
08/05/2017 4.36 4.30 4.42 4.31 1251 561400.00 2439811.00
09/05/2017 4.34 4.32 4.47 4.40 1384 516100.00 2280237.00
10/05/2017 4.46 4.40 4.56 4.40 2174 885400.00 3943596.00
11/05/2017 4.40 4.35 4.42 4.40 1841 420400.00 1843153.00
12/05/2017 4.40 4.36 4.48 4.48 2801 663200.00 2934109.00
15/05/2017 4.48 4.39 4.54 4.42 3937 987600.00 4388123.00
16/05/2017 4.35 4.35 4.70 4.68 3190 1293500.00 5906124.00
17/05/2017 4.70 4.57 4.78 4.75 4049 1200200.00 5605286.00
18/05/2017 4.04 3.85 4.15 3.87 6970 3028900.00 12128677.00
19/05/2017 3.92 3.92 4.16 4.16 3936 1719500.00 6947657.00
22/05/2017 4.06 3.77 4.07 3.77 4120 3720000.00 14346570.00
23/05/2017 3.80 3.65 3.86 3.85 4418 1381900.00 5217412.00
24/05/2017 3.95 3.84 4.02 3.95 6017 1210100.00 4778202.00
25/05/2017 4.04 3.81 4.06 3.90 6403 1646600.00 6407736.00
26/05/2017 3.94 3.87 3.97 3.97 2210 579700.00 2280873.00
29/05/2017 3.96 3.87 4.00 3.87 1411 477800.00 1860621.00
30/05/2017 3.93 3.76 3.93 3.78 3589 1033500.00 3930809.00
31/05/2017 3.79 3.68 3.82 3.75 6445 2296500.00 8574531.00
01/06/2017 3.80 3.70 3.80 3.70 2069 612800.00 2290778.00
02/06/2017 3.73 3.70 3.79 3.73 3446 855400.00 3207223.00
05/06/2017 3.73 3.69 3.75 3.74 1994 427400.00 1595580.00
06/06/2017 3.75 3.73 3.78 3.77 1246 225200.00 843912.00
07/06/2017 3.78 3.73 3.81 3.74 1620 493200.00 1849749.00
08/06/2017 3.73 3.71 3.79 3.79 1355 448400.00 1679390.00
09/06/2017 3.75 3.73 3.79 3.73 2144 473600.00 1771573.00
12/06/2017 3.76 3.70 3.76 3.73 2910 1618700.00 6033504.00
13/06/2017 3.71 3.70 3.80 3.78 1443 531500.00 1987489.00
14/06/2017 3.79 3.79 3.94 3.94 3169 1934600.00 7494750.00
16/06/2017 3.90 3.78 3.99 3.99 2666 1386800.00 5441389.00
