20/06/2016 77.95 77.18 77.95 77.18 2 9100.00 709268.00
21/06/2016 77.18 77.18 77.18 77.18 1 100.00 7718.00
22/06/2016 76.96 76.84 76.96 76.84 2 300.00 23076.00
23/06/2016 76.20 76.20 76.20 76.20 1 200.00 15240.00
24/06/2016 75.62 75.62 75.62 75.62 1 100.00 7562.00
27/06/2016 75.41 75.24 75.41 75.24 2 300.00 22606.00
28/06/2016 74.55 74.55 74.98 74.83 4 4000.00 299657.00
29/06/2016 75.40 74.03 75.40 74.03 3 1800.00 135146.00
30/06/2016 75.03 75.03 75.59 75.59 2 2600.00 196254.00
01/07/2016 74.96 74.96 75.55 75.55 2 700.00 52649.00
05/07/2016 76.06 76.06 76.14 76.14 3 1500.00 114122.00
06/07/2016 77.66 77.66 77.66 77.66 2 1200.00 93192.00
07/07/2016 77.66 77.66 77.66 77.66 1 100.00 7766.00
08/07/2016 77.01 76.72 77.01 76.72 3 2200.00 169335.00
11/07/2016 77.91 77.37 77.91 77.37 2 300.00 23319.00
12/07/2016 76.92 76.92 76.92 76.92 1 900.00 69228.00
13/07/2016 76.92 76.92 76.92 76.92 1 100.00 7692.00
14/07/2016 76.92 76.92 76.92 76.92 1 100.00 7692.00
15/07/2016 77.20 77.20 77.20 77.20 10 1300.00 100360.00
18/07/2016 76.55 76.55 76.55 76.55 9 900.00 68895.00
19/07/2016 76.55 76.55 76.55 76.55 1 200.00 15310.00
20/07/2016 75.96 75.96 75.96 75.96 2 1800.00 136728.00
21/07/2016 76.63 76.63 76.63 76.63 3 300.00 22989.00
25/07/2016 75.35 74.92 75.35 74.92 7 1800.00 135372.00
26/07/2016 74.59 74.59 74.59 74.59 1 300.00 22377.00
27/07/2016 74.30 74.04 74.30 74.04 2 1200.00 89134.00
28/07/2016 74.20 74.20 74.20 74.20 1 3500.00 259700.00
01/08/2016 70.01 69.84 70.01 69.84 2 1600.00 111931.00
02/08/2016 70.31 70.31 70.31 70.31 2 600.00 42186.00
03/08/2016 70.49 70.48 70.49 70.48 2 300.00 21146.00
05/08/2016 69.04 69.04 69.04 69.04 1 100.00 6904.00
08/08/2016 69.86 69.84 69.86 69.84 2 200.00 13970.00
09/08/2016 69.14 69.14 69.26 69.26 16 1900.00 131414.00
10/08/2016 67.10 67.10 67.10 67.10 1 300.00 20130.00
11/08/2016 67.57 67.57 67.83 67.83 3 800.00 54108.00
12/08/2016 69.61 69.61 69.70 69.70 2 200.00 13931.00
15/08/2016 69.50 69.42 69.50 69.43 7 1100.00 76375.00
16/08/2016 70.01 70.01 70.01 70.01 1 100.00 7001.00
17/08/2016 70.90 69.89 71.00 69.89 6 43800.00 3106314.00
18/08/2016 71.58 71.58 71.63 71.63 2 1700.00 121691.00
19/08/2016 70.54 70.23 70.54 70.23 3 700.00 49249.00
22/08/2016 70.46 70.21 70.46 70.21 2 700.00 49247.00
23/08/2016 70.21 70.21 70.21 70.21 1 200.00 14042.00
24/08/2016 70.60 70.48 70.60 70.48 2 30100.00 2122396.00
25/08/2016 70.40 70.40 70.40 70.40 1 200.00 14080.00
26/08/2016 71.07 71.07 71.07 71.07 1 100.00 7107.00
29/08/2016 71.00 70.75 71.00 70.75 4 2900.00 205551.00
30/08/2016 70.69 70.69 70.69 70.69 1 900.00 63621.00
31/08/2016 70.69 70.26 70.69 70.50 3 600.00 42247.00
01/09/2016 70.87 70.87 70.87 70.87 1 100.00 7087.00
02/09/2016 70.60 70.60 70.60 70.60 1 900.00 63540.00
06/09/2016 70.88 69.91 71.26 70.74 4 6300.00 447434.00
08/09/2016 71.60 71.60 71.60 71.60 1 600.00 42960.00
12/09/2016 70.87 70.62 71.23 70.62 4 12400.00 882950.00
13/09/2016 70.54 70.54 70.54 70.54 1 400.00 28216.00
14/09/2016 70.42 70.42 70.42 70.42 1 100.00 7042.00
15/09/2016 70.50 70.16 70.50 70.16 2 900.00 63348.00
16/09/2016 69.68 69.68 69.68 69.68 2 11300.00 787384.00
19/09/2016 68.54 68.54 68.54 68.54 1 600.00 41124.00
20/09/2016 67.12 67.12 67.12 67.12 1 100.00 6712.00
23/09/2016 67.57 67.57 67.57 67.57 1 300.00 20271.00
26/09/2016 67.23 67.23 67.38 67.38 2 600.00 40368.00
27/09/2016 66.95 66.95 66.95 66.95 1 100.00 6695.00
28/09/2016 71.40 69.75 71.40 69.75 3 26800.00 1912035.00
30/09/2016 70.84 70.84 71.10 71.10 3 1200.00 85087.00
03/10/2016 69.73 69.73 70.13 70.13 4 7600.00 532738.00
04/10/2016 70.43 69.94 70.43 69.94 2 300.00 21031.00
05/10/2016 69.95 69.72 69.95 69.72 2 1200.00 83871.00
06/10/2016 69.99 69.99 69.99 69.99 1 700.00 48993.00
07/10/2016 69.61 69.61 69.61 69.61 1 200.00 13922.00
10/10/2016 70.95 70.68 70.95 70.68 3 1600.00 113250.00
13/10/2016 68.48 68.48 68.48 68.48 1 900.00 61632.00
14/10/2016 69.12 69.12 69.12 69.12 1 300.00 20736.00
17/10/2016 69.59 69.59 69.59 69.59 1 3100.00 215729.00
18/10/2016 68.91 68.91 68.91 68.91 1 200.00 13782.00
19/10/2016 69.21 68.92 69.21 68.92 3 1200.00 82957.00
20/10/2016 68.16 68.16 68.16 68.16 4 400.00 27264.00
21/10/2016 68.08 68.08 68.19 68.19 2 600.00 40903.00
24/10/2016 67.46 67.46 67.99 67.99 3 4900.00 330663.00
25/10/2016 67.16 67.16 67.70 67.70 3 4200.00 282203.00
26/10/2016 67.97 67.97 68.15 68.12 3 2500.00 170303.00
27/10/2016 68.40 68.40 68.49 68.49 3 3800.00 260010.00
28/10/2016 67.48 67.48 67.48 67.48 1 200.00 13496.00
31/10/2016 66.24 66.06 66.84 66.84 3 1100.00 72816.00
03/11/2016 67.30 67.20 67.30 67.20 2 700.00 47100.00
07/11/2016 68.09 68.09 68.09 68.09 1 1200.00 81708.00
08/11/2016 67.45 67.45 67.45 67.45 1 100.00 6745.00
10/11/2016 73.80 73.80 73.86 73.86 2 1000.00 73812.00
11/11/2016 73.08 72.26 73.08 72.26 3 5300.00 387078.00
14/11/2016 73.78 73.09 73.78 73.09 3 2800.00 206446.00
16/11/2016 73.20 73.05 73.20 73.05 2 900.00 65805.00
17/11/2016 72.93 72.64 72.93 72.64 2 1600.00 116659.00
18/11/2016 71.98 71.96 71.98 71.96 2 1000.00 71978.00
21/11/2016 72.18 72.14 72.22 72.14 4 1200.00 86612.00
25/11/2016 74.48 74.48 74.48 74.48 1 300.00 22344.00
28/11/2016 73.41 73.34 73.41 73.34 2 1000.00 73403.00
30/11/2016 74.27 74.27 74.27 74.27 1 500.00 37135.00
01/12/2016 76.32 76.26 76.32 76.26 2 700.00 53400.00
02/12/2016 76.26 75.57 76.26 75.57 2 2400.00 181437.00
05/12/2016 74.67 74.67 74.67 74.67 1 300.00 22401.00
06/12/2016 74.48 74.48 75.13 74.63 3 2600.00 193923.00
07/12/2016 74.49 74.14 74.49 74.14 3 7200.00 534775.00
08/12/2016 74.97 74.38 74.97 74.38 2 400.00 29929.00
12/12/2016 76.23 75.87 76.23 75.87 8 3600.00 273996.00
13/12/2016 76.49 76.49 77.60 77.60 6 2500.00 191985.00
14/12/2016 76.21 76.21 76.21 76.21 1 100.00 7621.00
15/12/2016 76.40 76.40 76.40 76.40 1 1100.00 84040.00
16/12/2016 76.78 76.71 76.78 76.71 2 1500.00 115149.00
19/12/2016 76.47 76.03 76.47 76.03 2 1500.00 114221.00
20/12/2016 76.08 75.98 76.08 75.98 2 400.00 30402.00
21/12/2016 75.52 75.52 75.52 75.52 1 500.00 37760.00
22/12/2016 74.69 74.44 75.38 74.44 3 800.00 59934.00
23/12/2016 74.29 74.29 74.29 74.29 1 200.00 14858.00
27/12/2016 73.99 73.99 73.99 73.99 1 1400.00 103586.00
28/12/2016 74.19 74.19 74.51 74.51 2 200.00 14870.00
29/12/2016 73.32 73.32 73.32 73.32 1 4200.00 307944.00
03/01/2017 73.96 73.96 73.96 73.96 1 300.00 22188.00
04/01/2017 73.40 72.31 73.40 72.31 2 200.00 14571.00
06/01/2017 70.68 70.68 70.68 70.68 1 400.00 28272.00
11/01/2017 69.02 69.02 69.02 69.02 1 100.00 6902.00
12/01/2017 68.56 68.56 68.56 68.56 1 100.00 6856.00
13/01/2017 69.31 69.31 69.65 69.65 2 200.00 13896.00
16/01/2017 69.80 69.80 69.80 69.80 1 100.00 6980.00
17/01/2017 70.09 69.73 70.09 69.73 3 1400.00 97866.00
19/01/2017 67.62 67.62 67.62 67.62 1 200.00 13524.00
20/01/2017 68.14 68.14 68.14 68.14 1 200.00 13628.00
23/01/2017 67.57 67.57 67.57 67.57 1 100.00 6757.00
24/01/2017 67.80 67.30 67.80 67.30 3 800.00 53940.00
26/01/2017 67.70 67.70 68.28 68.28 3 1000.00 68048.00
27/01/2017 67.33 67.33 67.33 67.33 1 100.00 6733.00
30/01/2017 66.34 65.75 66.34 65.75 2 400.00 26477.00
31/01/2017 66.19 65.46 66.21 65.46 3 300.00 19786.00
01/02/2017 64.57 64.57 64.57 64.57 1 200.00 12914.00
02/02/2017 64.89 64.89 64.89 64.89 1 100.00 6489.00
03/02/2017 64.94 64.90 64.94 64.90 2 1000.00 64912.00
06/02/2017 64.61 64.61 64.61 64.61 2 1500.00 96915.00
07/02/2017 64.20 64.20 64.20 64.20 1 1200.00 77040.00
08/02/2017 63.46 63.31 63.46 63.31 3 500.00 31715.00
13/02/2017 64.81 64.81 64.81 64.81 1 100.00 6481.00
14/02/2017 63.81 63.53 63.81 63.53 4 6500.00 414289.00
16/02/2017 63.35 63.35 63.35 63.35 1 100.00 6335.00
20/02/2017 63.14 63.14 63.14 63.14 1 100.00 6314.00
21/02/2017 62.95 62.95 63.55 63.55 2 1300.00 82015.00
22/02/2017 61.89 61.89 61.89 61.89 1 200.00 12378.00
23/02/2017 62.31 62.31 62.31 62.31 1 200.00 12462.00
24/02/2017 62.75 62.75 62.75 62.75 1 100.00 6275.00
01/03/2017 64.05 64.05 64.05 64.05 1 300.00 19215.00
02/03/2017 65.53 65.53 65.53 65.53 1 300.00 19659.00
03/03/2017 64.06 64.06 64.06 64.06 1 100.00 6406.00
06/03/2017 64.50 64.50 64.50 64.50 1 5000.00 322500.00
07/03/2017 64.13 64.04 64.13 64.04 2 800.00 51286.00
09/03/2017 65.31 65.31 65.31 65.31 1 100.00 6531.00
10/03/2017 64.43 64.43 64.43 64.43 1 100.00 6443.00
13/03/2017 64.16 64.16 64.16 64.16 1 100.00 6416.00
14/03/2017 63.12 63.12 63.12 63.12 1 100.00 6312.00
17/03/2017 63.91 63.91 63.91 63.91 6 38700.00 2473317.00
20/03/2017 63.11 62.64 63.14 63.14 3 800.00 50359.00
21/03/2017 63.32 62.90 63.32 62.90 6 16100.00 1018500.00
22/03/2017 63.70 63.70 63.70 63.70 1 14600.00 930020.00
23/03/2017 64.41 63.98 64.41 63.98 2 14700.00 946698.00
24/03/2017 63.50 63.42 63.50 63.42 2 21400.00 1358884.00
27/03/2017 63.72 63.50 63.72 63.50 2 6000.00 382298.00
29/03/2017 64.36 64.36 64.36 64.36 1 14500.00 933220.00
03/04/2017 64.08 64.08 64.08 64.08 1 100.00 6408.00
05/04/2017 64.34 64.34 64.34 64.34 2 500.00 32170.00
06/04/2017 65.10 65.10 65.68 65.14 3 1200.00 78186.00
10/04/2017 65.20 65.20 65.20 65.20 1 400.00 26080.00
11/04/2017 64.71 64.71 64.99 64.99 2 800.00 51936.00
13/04/2017 64.34 64.34 64.56 64.56 3 1300.00 83841.00
17/04/2017 63.01 63.01 63.34 63.07 3 1100.00 69587.00
18/04/2017 63.19 63.19 63.19 63.19 1 500.00 31595.00
19/04/2017 63.15 63.15 63.15 63.15 1 500.00 31575.00
20/04/2017 64.02 64.02 64.02 64.02 1 400.00 25608.00
24/04/2017 63.41 63.41 63.69 63.69 2 7700.00 488453.00
25/04/2017 64.25 64.25 64.31 64.31 2 300.00 19287.00
26/04/2017 64.85 64.58 64.85 64.58 2 200.00 12943.00
28/04/2017 64.76 64.68 64.76 64.68 2 200.00 12944.00
02/05/2017 64.31 64.31 64.32 64.32 2 2000.00 128621.00
03/05/2017 65.40 65.16 65.40 65.16 2 1600.00 104568.00
04/05/2017 65.46 64.81 65.46 64.81 3 1200.00 78152.00
05/05/2017 64.87 64.87 64.87 64.87 1 600.00 38922.00
08/05/2017 65.91 65.91 65.91 65.91 1 2000.00 131820.00
09/05/2017 65.36 65.36 65.36 65.36 1 300.00 19608.00
10/05/2017 64.51 64.51 65.01 65.01 3 300.00 19403.00
11/05/2017 65.24 65.24 65.24 65.24 1 100.00 6524.00
12/05/2017 64.16 64.16 64.16 64.16 1 300.00 19248.00
15/05/2017 64.44 64.44 64.47 64.47 2 700.00 45111.00
16/05/2017 64.35 64.35 64.35 64.35 1 300.00 19305.00
17/05/2017 64.09 63.95 64.09 63.95 2 1200.00 76894.00
18/05/2017 68.04 68.04 69.67 69.67 4 2900.00 198324.00
19/05/2017 67.20 66.90 67.20 66.90 3 57400.00 3857239.00
22/05/2017 67.36 67.36 67.62 67.62 3 15900.00 1071440.00
25/05/2017 67.19 67.19 67.26 67.26 2 13100.00 880203.00
29/05/2017 66.69 66.69 66.69 66.69 1 100.00 6669.00
30/05/2017 65.97 65.97 65.97 65.97 1 2200.00 145134.00
31/05/2017 65.08 65.08 65.08 65.08 4 30900.00 2010972.00
01/06/2017 65.72 65.65 65.72 65.65 2 600.00 39411.00
02/06/2017 64.55 64.55 64.55 64.55 1 100.00 6455.00
05/06/2017 65.80 65.80 66.11 66.11 2 3800.00 250071.00
08/06/2017 66.30 66.13 66.30 66.13 2 1000.00 66283.00
09/06/2017 67.72 67.72 67.72 67.72 1 200.00 13544.00
12/06/2017 68.63 68.63 68.63 68.63 1 100.00 6863.00
14/06/2017 67.61 67.61 67.61 67.61 1 300.00 20283.00
16/06/2017 68.81 68.81 68.81 68.81 1 100.00 6881.00
