20/06/2016 14.92 14.92 15.44 15.12 2964 490423.84 7448034.00
21/06/2016 15.12 14.90 15.34 15.26 1235 253087.88 3841465.00
22/06/2016 15.28 15.18 15.54 15.28 2044 445493.87 6849063.00
23/06/2016 15.28 15.28 15.81 15.75 1985 1439344.83 22454946.00
24/06/2016 15.13 14.85 15.70 15.32 2389 975456.09 14916223.00
27/06/2016 15.38 14.96 15.59 14.96 1210 215981.01 3274681.00
28/06/2016 15.17 14.58 15.23 14.93 3006 634305.47 9401678.00
29/06/2016 15.01 15.01 15.56 15.40 1985 484503.66 7444840.00
30/06/2016 15.25 15.13 15.48 15.13 3124 774804.13 11802209.00
01/07/2016 15.30 14.85 15.45 14.85 2512 496766.90 7490987.00
04/07/2016 14.97 14.97 15.47 15.28 2059 454797.02 6960137.00
05/07/2016 15.28 15.17 15.66 15.61 3569 964461.47 14909986.00
06/07/2016 15.55 15.28 15.70 15.58 2737 467060.26 7258606.00
07/07/2016 15.58 15.44 15.76 15.51 2104 492643.91 7672722.00
08/07/2016 15.67 15.63 16.34 16.13 4123 1024297.61 16463519.00
11/07/2016 16.36 16.04 16.74 16.22 3976 795630.49 13032244.00
12/07/2016 16.24 15.85 16.49 15.85 3255 624156.58 9999054.00
13/07/2016 16.04 15.70 16.05 15.70 2624 571086.36 9027555.00
14/07/2016 15.86 15.79 16.19 16.08 4539 981376.28 15717163.00
15/07/2016 16.22 16.16 16.51 16.22 3403 819311.23 13349700.00
18/07/2016 16.32 16.32 16.79 16.55 2909 582186.70 9654688.00
19/07/2016 16.65 16.64 17.14 17.03 3634 818994.08 13892886.00
20/07/2016 17.09 16.70 17.23 16.88 3492 982116.30 16702271.00
21/07/2016 17.00 16.88 17.27 17.05 3197 758840.78 12995632.00
22/07/2016 16.98 16.98 17.32 17.07 3696 1507109.79 25959860.00
25/07/2016 17.14 16.80 17.33 17.22 3718 1211523.45 20794937.00
26/07/2016 17.30 16.65 17.35 16.65 3706 1113734.69 18960470.00
27/07/2016 16.41 16.41 16.93 16.83 6031 1258779.20 21133960.00
28/07/2016 16.89 16.48 16.95 16.55 3883 687904.28 11511976.00
29/07/2016 16.65 16.56 17.05 16.84 5434 1112148.92 18736312.00
01/08/2016 16.87 16.87 17.32 17.01 3294 616756.35 10557205.00
02/08/2016 17.09 16.78 17.19 17.00 2882 522773.42 8867614.00
03/08/2016 17.06 16.70 17.15 17.05 2115 406906.96 6909076.00
04/08/2016 17.10 17.10 17.58 17.28 2658 556074.46 9666593.00
05/08/2016 17.36 17.09 17.55 17.15 1552 368002.89 6352119.00
08/08/2016 17.26 16.70 17.31 16.70 1904 403312.56 6812962.00
09/08/2016 16.77 16.45 17.01 16.83 2434 446656.77 7521949.00
10/08/2016 16.78 16.13 16.89 16.13 3147 659043.38 10783019.00
11/08/2016 16.22 16.08 16.36 16.08 2992 541274.00 8773211.00
12/08/2016 16.10 16.01 16.41 16.34 4408 1038780.92 16850934.00
15/08/2016 16.34 16.34 17.01 16.46 3424 643502.90 10712998.00
16/08/2016 16.37 16.15 16.59 16.27 1954 399083.86 6505115.00
17/08/2016 16.15 15.80 16.32 16.08 2482 508712.99 8160111.00
18/08/2016 16.17 16.00 16.52 16.12 4088 896696.50 14556348.00
19/08/2016 16.19 16.05 16.32 16.27 2582 633459.73 10266285.00
22/08/2016 16.31 15.91 16.40 15.91 2769 495815.44 7956144.00
23/08/2016 15.92 15.53 16.17 15.65 3414 1212052.03 19247596.00
24/08/2016 15.61 15.43 16.04 15.89 2230 563051.82 8902319.00
25/08/2016 15.81 15.64 15.89 15.65 2300 479112.06 7549466.00
26/08/2016 15.67 15.19 15.94 15.37 2751 569289.16 8852190.00
29/08/2016 15.50 15.40 15.96 15.75 1961 381217.59 6016923.00
30/08/2016 15.87 15.51 16.00 15.71 2604 446339.61 7009226.00
31/08/2016 15.80 15.30 15.96 15.69 4604 686529.95 10695405.00
01/09/2016 15.65 15.07 15.65 15.37 4747 839397.57 12826904.00
02/09/2016 15.31 15.14 15.51 15.40 6150 1200211.66 18413113.00
05/09/2016 15.39 15.31 15.82 15.74 2342 506810.07 7914151.00
06/09/2016 15.70 15.37 15.83 15.45 2793 513998.86 7961727.00
08/09/2016 15.42 15.18 15.69 15.64 4598 828402.94 12855467.00
09/09/2016 15.61 14.90 15.61 14.94 2528 561254.62 8475606.00
12/09/2016 14.90 14.56 15.03 15.02 3199 694987.36 10334250.00
13/09/2016 14.80 14.41 15.09 14.90 3061 588635.48 8660577.00
14/09/2016 14.91 14.54 15.00 15.00 1995 333327.52 4938504.00
15/09/2016 15.04 14.83 15.17 15.01 1867 300660.79 4512743.00
16/09/2016 15.07 14.72 15.12 14.82 1509 230887.19 3421086.00
19/09/2016 14.94 14.63 15.23 14.78 1847 362294.14 5385773.00
20/09/2016 14.90 14.58 14.91 14.67 1501 224226.98 3296489.00
21/09/2016 14.78 14.50 14.93 14.79 2633 430376.26 6321671.00
22/09/2016 14.85 14.85 15.10 15.03 1670 368954.35 5544986.00
23/09/2016 15.05 14.71 15.12 14.80 1390 294529.17 4366009.00
26/09/2016 14.79 14.33 14.80 14.38 3287 1150207.25 16578622.00
27/09/2016 14.38 14.38 14.67 14.47 2432 468646.02 6801166.00
28/09/2016 14.42 14.42 14.84 14.75 4041 737485.83 10780101.00
29/09/2016 14.78 14.59 15.30 14.66 2714 602273.04 8952602.00
30/09/2016 14.76 14.40 14.77 14.40 3668 652488.89 9469446.00
03/10/2016 14.51 14.33 14.55 14.50 2123 444859.57 6416330.00
04/10/2016 14.55 14.44 14.61 14.49 2038 426358.99 6174341.00
05/10/2016 14.53 14.35 14.66 14.56 2624 952832.53 13865430.00
06/10/2016 14.61 14.55 14.82 14.71 2613 748691.89 10996144.00
07/10/2016 14.73 14.42 14.82 14.47 3183 946912.35 13789099.00
10/10/2016 14.50 14.47 14.67 14.54 1774 337979.10 4922109.00
11/10/2016 14.60 14.55 15.04 14.89 4145 785693.04 11664205.00
13/10/2016 14.88 14.47 14.95 14.56 4062 786010.19 11471672.00
14/10/2016 14.66 14.65 14.86 14.83 2985 653757.50 9660862.00
17/10/2016 14.83 14.60 14.87 14.81 2914 534085.20 7855884.00
18/10/2016 14.87 14.66 15.26 15.15 4080 602167.33 8999683.00
19/10/2016 15.18 15.03 15.50 15.47 4665 858109.58 13196040.00
20/10/2016 15.50 15.04 15.50 15.49 3889 786961.65 12058797.00
21/10/2016 15.49 15.16 15.68 15.62 3499 861175.39 13361910.00
24/10/2016 15.60 15.60 16.20 16.13 4057 923125.89 14847253.00
25/10/2016 15.70 15.30 15.95 15.61 6032 1780284.02 27675655.00
26/10/2016 15.46 15.31 15.79 15.79 1860 473720.47 7418446.00
27/10/2016 15.70 15.70 16.23 16.13 2840 885596.15 14230134.00
28/10/2016 15.99 15.69 16.19 15.70 2294 588635.48 9325755.00
31/10/2016 15.70 15.64 15.94 15.64 2253 566963.37 8926774.00
01/11/2016 15.65 15.04 15.80 15.13 2904 553960.11 8453760.00
03/11/2016 15.13 14.92 15.47 14.95 2457 419804.50 6367732.00
04/11/2016 15.07 14.80 15.34 15.00 1951 469174.61 7074154.00
07/11/2016 15.16 15.14 15.68 15.65 1413 357325.41 5535470.00
08/11/2016 15.51 15.36 15.83 15.70 2213 449299.71 7049609.00
09/11/2016 15.04 14.76 15.76 15.61 1518 437882.21 6784946.00
10/11/2016 15.62 14.47 15.81 14.61 2482 772689.78 11582825.00
11/11/2016 14.47 13.76 14.53 13.76 4835 966047.23 13493058.00
14/11/2016 13.71 13.15 14.00 13.72 5397 900079.46 12113082.00
16/11/2016 13.73 13.61 14.21 14.00 2947 541062.56 7539179.00
17/11/2016 14.19 13.79 14.33 13.91 2090 618659.27 8705230.00
18/11/2016 14.14 13.63 14.14 13.65 2039 677226.81 9371766.00
21/11/2016 13.73 13.38 13.85 13.42 5802 1136675.40 15407202.00
22/11/2016 13.58 13.41 13.74 13.52 3241 517487.54 7031123.00
23/11/2016 13.53 13.43 13.68 13.63 1177 313664.05 4255810.00
24/11/2016 13.71 13.71 13.93 13.78 1148 209003.65 2885643.00
25/11/2016 13.79 13.55 13.83 13.58 1159 243573.30 3334110.00
28/11/2016 13.67 13.55 14.26 14.08 1978 413461.45 5766161.00
29/11/2016 14.14 13.90 14.23 13.90 1236 262391.03 3687382.00
30/11/2016 14.12 13.92 14.44 13.95 2091 520130.48 7312746.00
01/12/2016 14.03 13.49 14.03 13.56 3782 688221.43 9463612.00
02/12/2016 13.58 13.46 14.18 13.85 2932 463994.45 6433268.00
05/12/2016 13.92 13.80 14.14 14.01 3074 500361.30 6977912.00
06/12/2016 13.90 13.83 14.36 14.22 1663 367791.45 5166425.00
07/12/2016 14.37 14.08 14.58 14.35 4167 628491.00 9053494.00
08/12/2016 14.46 14.13 14.52 14.30 1711 274442.83 3927152.00
09/12/2016 14.37 14.14 14.80 14.70 2480 623945.15 9051477.00
12/12/2016 14.65 14.03 14.65 14.05 1136 237864.55 3377716.00
13/12/2016 14.09 14.00 14.58 14.28 1454 341044.91 4886672.00
14/12/2016 14.17 13.94 14.45 13.94 1716 378046.06 5335693.00
15/12/2016 14.03 13.75 14.07 13.90 1701 284591.72 3945537.00
16/12/2016 14.01 13.95 14.26 13.97 1564 372760.18 5233500.00
19/12/2016 14.05 13.81 14.13 13.81 1451 276345.75 3838565.00
20/12/2016 13.84 13.70 13.95 13.75 3928 715708.00 9871862.00
21/12/2016 13.74 13.73 14.16 13.93 1334 292626.26 4076950.00
22/12/2016 13.95 13.74 14.03 13.94 1679 260488.11 3621219.00
23/12/2016 13.90 13.90 14.48 14.24 1953 367685.74 5238741.00
26/12/2016 14.18 14.08 14.57 14.43 563 141555.84 2042853.00
27/12/2016 14.48 14.33 14.59 14.41 1004 185217.20 2666630.00
28/12/2016 14.50 14.38 14.86 14.75 1644 293049.13 4298082.00
29/12/2016 14.80 14.52 14.90 14.80 2139 444330.98 6533193.00
02/01/2017 14.77 14.49 15.11 14.99 774 154453.38 2302550.00
03/01/2017 15.09 15.08 15.99 15.89 3207 754717.79 11901422.00
04/01/2017 15.84 15.74 16.59 16.51 4418 1094282.65 17846770.00
05/01/2017 16.51 16.08 16.93 16.88 4169 872592.89 14412003.00
06/01/2017 16.80 16.33 16.86 16.41 2377 413038.58 6833108.00
09/01/2017 16.36 16.34 17.12 17.03 5063 1024931.92 17322580.00
10/01/2017 17.07 16.69 17.21 16.76 3325 778187.09 13131561.00
11/01/2017 16.88 16.77 17.22 17.22 3670 1337644.52 22761804.00
12/01/2017 17.51 17.50 18.07 17.79 4195 903885.29 16201066.00
13/01/2017 17.80 17.39 18.13 17.59 3394 605444.57 10700597.00
16/01/2017 17.69 17.24 17.84 17.24 2603 566223.35 9880168.00
17/01/2017 17.26 17.25 18.26 18.07 3382 672998.10 12079862.00
18/01/2017 18.08 17.52 18.57 17.52 4930 1191542.82 21747902.00
19/01/2017 17.68 17.32 17.97 17.32 3406 801444.96 14114233.00
20/01/2017 17.37 17.23 17.73 17.43 2508 735477.19 12796546.00
23/01/2017 17.30 17.28 17.67 17.36 1728 448771.12 7839018.00
24/01/2017 17.37 17.37 17.84 17.38 2566 576477.95 10105667.00
26/01/2017 17.61 17.33 17.87 17.38 3133 726174.04 12724422.00
27/01/2017 17.47 17.07 17.71 17.22 2543 842463.38 14592262.00
30/01/2017 17.23 16.89 17.40 16.89 3383 527847.87 9014127.00
31/01/2017 16.89 16.88 17.45 17.27 5181 977041.86 16794748.00
01/02/2017 17.27 17.25 17.76 17.25 2696 614324.85 10771100.00
02/02/2017 17.34 17.33 17.77 17.68 2582 595824.27 10526848.00
03/02/2017 17.75 17.74 18.52 18.47 3837 978310.47 17976238.00
06/02/2017 18.55 18.54 18.98 18.80 5327 1075887.79 20221085.00
07/02/2017 18.86 18.17 19.11 18.30 4003 1111514.62 20549869.00
08/02/2017 18.29 18.03 18.57 18.35 2166 502898.52 9232024.00
09/02/2017 18.35 18.35 18.83 18.73 3853 702916.18 13088107.00
10/02/2017 18.67 18.51 19.00 18.63 4458 858638.17 16113627.00
13/02/2017 18.66 18.27 18.91 18.27 1599 387560.64 7180884.00
14/02/2017 18.28 18.08 18.51 18.18 2976 540111.11 9879623.00
15/02/2017 18.18 17.94 18.54 18.11 4259 938243.51 17047147.00
16/02/2017 18.13 18.13 18.46 18.15 2906 555545.87 10155494.00
17/02/2017 18.30 18.11 18.40 18.29 2050 428367.63 7842747.00
20/02/2017 18.35 18.35 18.90 18.78 2469 499304.12 9329345.00
21/02/2017 18.85 18.65 19.10 18.92 2310 460822.92 8690726.00
22/02/2017 18.92 18.56 18.98 18.64 1223 264505.38 4957446.00
23/02/2017 18.73 17.82 19.09 18.09 3125 731988.51 13422339.00
24/02/2017 18.09 17.59 18.33 18.18 2367 492432.48 8903402.00
01/03/2017 18.26 17.90 18.29 18.23 1336 212915.20 3853797.00
02/03/2017 18.26 18.23 18.59 18.25 3037 621725.08 11411181.00
03/03/2017 18.29 18.29 18.63 18.49 2189 638534.17 11811151.00
06/03/2017 18.49 18.47 19.06 18.99 3354 584512.49 11044914.00
07/03/2017 19.07 18.82 19.32 19.11 3693 663483.52 12661178.00
08/03/2017 19.07 18.31 19.07 18.40 3907 911602.68 16869116.00
09/03/2017 18.38 18.08 18.55 18.34 4977 871958.58 16018433.00
10/03/2017 18.36 18.36 19.08 19.01 3028 1519901.62 28853978.00
13/03/2017 19.20 19.17 19.86 19.72 3447 628913.87 12367615.00
14/03/2017 19.72 19.18 19.76 19.18 3126 605761.72 11799784.00
15/03/2017 19.20 18.79 19.59 19.01 4672 1024720.48 19552928.00
16/03/2017 19.30 19.16 19.50 19.33 2953 577535.13 11142684.00
17/03/2017 19.35 18.49 19.49 18.49 3322 592335.59 11111416.00
20/03/2017 18.66 17.78 18.93 18.64 2811 558928.84 10409129.00
21/03/2017 18.80 18.41 19.20 18.45 2668 1175579.47 22127227.00
22/03/2017 18.46 18.07 19.14 18.81 4844 904413.88 16968556.00
23/03/2017 18.81 18.57 19.13 19.11 2389 666972.20 12629552.00
24/03/2017 19.20 18.17 19.20 18.97 4297 869949.95 16320147.00
27/03/2017 18.91 18.35 18.91 18.63 2758 528799.33 9861260.00
28/03/2017 18.58 18.58 18.82 18.62 1775 473086.16 8864571.00
29/03/2017 18.67 18.32 18.85 18.32 2059 578909.46 10689917.00
30/03/2017 18.43 18.32 18.63 18.35 2024 500467.01 9232607.00
31/03/2017 18.34 18.09 18.45 18.21 2105 556074.46 10155886.00
03/04/2017 18.24 18.24 18.68 18.63 2030 419593.07 7792562.00
04/04/2017 18.59 18.27 18.68 18.27 1361 282794.52 5201614.00
05/04/2017 18.26 17.62 18.45 17.62 4120 969535.91 17394022.00
06/04/2017 17.63 17.60 18.32 18.00 3559 742348.83 13393721.00
07/04/2017 18.05 17.93 18.35 18.11 3098 496978.33 9043363.00
10/04/2017 18.02 18.02 18.35 18.07 1407 259430.94 4717027.00
11/04/2017 18.20 17.99 18.58 18.37 2004 387772.08 7100554.00
12/04/2017 18.34 18.03 18.48 18.12 1869 597092.88 10856979.00
13/04/2017 18.00 17.99 18.34 18.20 2608 435027.83 7916840.00
17/04/2017 18.37 18.08 18.87 18.87 2714 586838.28 10945627.00
18/04/2017 18.82 18.40 18.96 18.46 1725 292837.69 5449236.00
19/04/2017 18.69 18.25 18.74 18.28 1276 234058.72 4319613.00
20/04/2017 18.44 18.42 18.84 18.45 1389 288820.42 5377632.00
24/04/2017 18.55 18.37 18.76 18.37 1739 553220.09 10286473.00
25/04/2017 18.37 18.36 19.34 19.27 3520 777764.22 14771986.00
26/04/2017 19.33 18.87 19.33 19.11 2590 495392.57 9456310.00
27/04/2017 19.11 18.70 19.34 18.87 1473 280468.73 5295069.00
28/04/2017 18.91 18.91 19.34 19.22 2608 540322.54 10385053.00
02/05/2017 19.59 19.47 20.48 20.48 3602 697100.00 14074058.00
03/05/2017 20.49 20.17 21.08 21.04 3012 606700.00 12535196.00
04/05/2017 20.94 20.54 20.95 20.76 4631 696600.00 14410578.00
05/05/2017 20.70 20.35 20.83 20.50 2007 378800.00 7773254.00
08/05/2017 20.62 20.21 20.62 20.40 1834 259500.00 5279143.00
09/05/2017 20.44 20.35 20.97 20.74 1868 287200.00 5958927.00
10/05/2017 20.90 20.87 21.48 21.30 2616 506900.00 10778789.00
11/05/2017 21.22 21.22 21.89 21.58 1852 639000.00 13802771.00
12/05/2017 21.56 21.46 21.94 21.94 2879 572800.00 12458303.00
15/05/2017 21.94 21.52 22.18 21.55 3456 686000.00 14936955.00
16/05/2017 21.52 21.41 22.34 22.06 2534 488900.00 10780839.00
17/05/2017 22.00 21.20 22.00 21.29 2322 469800.00 10174445.00
18/05/2017 18.30 18.30 19.38 18.55 6305 1627800.00 30382018.00
19/05/2017 18.72 18.59 19.24 18.70 5821 1248100.00 23538312.00
22/05/2017 18.32 17.56 18.70 17.62 8199 2175600.00 38851646.00
23/05/2017 17.80 17.69 18.25 17.95 3799 1407800.00 25365879.00
24/05/2017 18.03 18.02 19.10 18.84 4820 904200.00 16907979.00
25/05/2017 18.68 17.71 18.90 18.13 4644 1154100.00 21049663.00
26/05/2017 18.38 18.00 18.52 18.31 3601 1064200.00 19459218.00
29/05/2017 18.43 17.81 18.50 18.12 2692 482700.00 8740256.00
30/05/2017 18.30 17.95 18.30 18.15 2121 483800.00 8751433.00
31/05/2017 18.21 17.70 18.49 17.79 2656 578000.00 10369556.00
01/06/2017 17.83 17.45 18.21 17.45 1671 356200.00 6324880.00
02/06/2017 17.52 17.50 17.93 17.54 2019 380100.00 6730265.00
05/06/2017 17.59 17.38 17.80 17.55 1830 374100.00 6560041.00
06/06/2017 17.58 17.57 17.93 17.88 2102 387000.00 6891462.00
07/06/2017 17.86 17.57 18.12 17.95 1623 312500.00 5571212.00
08/06/2017 17.91 17.66 18.06 17.84 1751 274200.00 4907260.00
09/06/2017 17.99 17.90 18.48 18.30 3855 653400.00 11973045.00
12/06/2017 18.32 17.73 18.41 17.87 3715 627600.00 11276832.00
13/06/2017 18.00 17.63 18.08 17.88 1970 291100.00 5178157.00
14/06/2017 17.95 17.90 18.38 18.25 2452 481700.00 8766949.00
16/06/2017 18.07 17.85 18.24 17.85 1831 483500.00 8700353.00
