05/07/2016 496.39 496.39 499.63 499.63 2 300.00 149565.00
07/07/2016 510.18 510.18 510.18 510.18 1 100.00 51018.00
08/07/2016 513.33 513.33 513.33 513.33 1 100.00 51333.00
12/07/2016 517.53 517.53 517.53 517.53 1 100.00 51753.00
13/07/2016 525.41 525.41 525.41 525.41 1 100.00 52541.00
14/07/2016 522.59 522.59 522.59 522.59 1 100.00 52259.00
27/07/2016 524.45 524.45 524.45 524.45 1 100.00 52445.00
01/08/2016 526.28 526.28 526.28 526.28 1 100.00 52628.00
05/08/2016 514.39 514.39 514.39 514.39 1 100.00 51439.00
08/08/2016 517.10 517.10 517.10 517.10 1 100.00 51710.00
11/08/2016 518.88 518.88 518.88 518.88 1 100.00 51888.00
17/08/2016 531.95 531.95 531.95 531.95 1 200.00 106390.00
23/08/2016 542.45 542.45 542.45 542.45 1 100.00 54245.00
24/08/2016 541.10 541.10 541.10 541.10 1 100.00 54110.00
06/09/2016 529.10 519.12 529.10 519.12 2 200.00 104822.00
19/09/2016 529.11 529.11 529.11 529.11 1 100.00 52911.00
22/09/2016 555.60 555.60 555.60 555.60 1 100.00 55560.00
26/09/2016 568.72 568.72 569.34 569.34 2 200.00 113806.00
11/10/2016 555.65 555.65 555.65 555.65 1 100.00 55565.00
24/10/2016 536.25 536.25 536.25 536.25 1 400.00 214500.00
27/10/2016 548.02 548.02 548.02 548.02 1 100.00 54802.00
04/11/2016 564.35 564.35 564.35 564.35 1 100.00 56435.00
10/11/2016 620.40 620.40 620.40 620.40 1 100.00 62040.00
14/11/2016 636.34 636.34 636.34 636.34 1 100.00 63634.00
17/11/2016 629.00 627.20 629.00 627.20 4 1600.00 1004025.00
21/11/2016 628.27 628.27 628.27 628.27 1 1700.00 1068059.00
13/02/2017 600.70 600.70 600.70 600.70 1 700.00 420490.00
14/02/2017 594.27 594.27 594.27 594.27 1 100.00 59427.00
21/02/2017 604.63 604.63 604.63 604.63 1 200.00 120926.00
03/04/2017 606.56 606.56 606.56 606.56 1 1000.00 606560.00
12/05/2017 594.83 594.83 594.83 594.83 1 100.00 59483.00
