21/06/2016 9.45 9.45 9.45 9.45 4 428.22 4044.00
22/06/2016 8.93 8.93 9.06 9.06 4 963.50 8618.00
23/06/2016 9.25 9.25 9.25 9.25 2 1070.55 9900.00
27/06/2016 9.25 9.25 9.25 9.25 1 107.06 990.00
30/06/2016 9.25 9.25 9.25 9.25 1 107.06 990.00
04/07/2016 9.25 9.25 11.79 11.79 8 1926.99 21316.00
08/07/2016 14.92 14.92 14.92 14.92 1 107.06 1597.00
12/07/2016 17.75 14.01 17.75 14.01 6 1605.83 26500.00
19/07/2016 16.81 16.81 16.81 16.81 2 535.28 9000.00
08/08/2016 14.94 11.81 14.94 11.81 13 2890.50 36940.00
10/08/2016 11.91 11.91 11.91 11.91 1 107.06 1275.00
11/08/2016 11.81 11.79 11.81 11.79 2 642.33 7586.00
12/08/2016 11.68 11.68 11.68 11.68 1 107.06 1250.00
15/08/2016 11.68 11.68 11.68 11.68 1 214.11 2500.00
23/08/2016 11.58 11.58 11.58 11.58 2 214.11 2480.00
01/09/2016 11.49 11.49 12.14 12.14 3 1712.89 19750.00
02/09/2016 9.34 9.34 11.06 10.28 12 3318.72 33485.00
05/09/2016 10.28 10.28 10.75 10.75 9 6851.54 73552.00
06/09/2016 10.75 10.74 10.75 10.74 2 3318.72 35680.00
09/09/2016 10.74 10.28 10.74 10.28 4 6637.44 70550.00
12/09/2016 10.28 10.28 10.28 10.28 2 3425.78 35200.00
13/09/2016 9.81 9.10 9.81 9.10 3 3104.60 29475.00
14/09/2016 9.81 9.10 9.81 9.10 3 2141.11 19875.00
22/09/2016 9.34 9.34 9.34 9.34 1 1177.61 11000.00
27/09/2016 9.34 9.34 9.34 9.34 1 107.06 1000.00
28/09/2016 9.34 9.34 9.34 9.34 1 1070.55 10000.00
03/10/2016 9.34 9.34 9.34 9.34 1 107.06 1000.00
06/10/2016 9.39 9.34 9.39 9.34 2 1926.99 18005.00
10/10/2016 9.34 9.25 9.34 9.34 5 1498.77 13980.00
13/10/2016 9.34 9.34 9.34 9.34 2 1498.77 14000.00
17/10/2016 8.43 8.43 9.89 9.89 2 214.11 1962.00
27/10/2016 11.21 11.21 11.21 11.21 2 214.11 2400.00
01/11/2016 10.28 10.28 10.28 10.28 1 535.28 5500.00
09/11/2016 10.28 10.28 10.28 10.28 2 214.11 2200.00
10/11/2016 10.28 10.28 10.28 10.28 1 107.06 1100.00
14/11/2016 10.28 8.50 10.28 8.50 4 1070.55 10050.00
16/11/2016 9.34 9.34 9.34 9.34 2 535.28 5000.00
23/11/2016 9.34 9.34 9.34 9.34 2 1605.83 15000.00
25/11/2016 8.50 8.50 8.57 8.55 27 9849.09 83942.00
28/11/2016 9.27 8.65 9.27 8.65 3 321.16 2848.00
30/11/2016 9.25 9.22 9.25 9.22 2 214.11 1977.00
01/12/2016 9.22 9.22 9.34 9.34 4 535.28 4977.00
05/12/2016 9.33 8.12 9.33 9.31 5 3532.82 29063.00
07/12/2016 9.28 9.28 9.28 9.28 2 214.11 1988.00
08/12/2016 9.34 9.34 9.99 9.34 13 8029.15 75210.00
09/12/2016 10.18 10.10 11.21 10.98 7 749.39 7971.00
15/12/2016 10.40 10.07 12.61 10.07 8 1014.00 10843.00
20/12/2016 11.05 10.31 11.05 10.31 2 202.80 2165.00
28/12/2016 11.04 11.04 11.04 11.04 1 101.40 1119.00
29/12/2016 11.05 11.05 11.44 11.44 2 1419.60 15720.00
03/01/2017 11.24 10.96 11.82 10.96 10 3143.40 35102.00
04/01/2017 11.26 11.26 11.26 11.26 3 304.20 3426.00
05/01/2017 11.82 11.82 11.82 11.82 1 101.40 1199.00
06/01/2017 11.82 11.82 11.82 11.82 1 101.40 1199.00
09/01/2017 11.78 11.78 11.78 11.78 1 101.40 1194.00
11/01/2017 9.86 9.62 10.45 9.62 36 9734.39 95664.00
12/01/2017 9.63 9.62 10.06 9.64 26 12066.59 116584.00
13/01/2017 9.57 9.57 9.66 9.66 5 1014.00 9770.00
16/01/2017 9.81 9.81 10.00 9.86 5 811.20 8003.00
17/01/2017 9.57 9.02 9.68 9.47 41 13181.99 122030.00
18/01/2017 9.30 9.30 9.82 9.81 8 2839.20 27816.00
19/01/2017 9.81 9.80 10.04 10.04 8 2839.20 28150.00
20/01/2017 10.01 10.01 10.01 10.01 1 101.40 1015.00
24/01/2017 9.58 9.58 9.58 9.58 1 202.80 1942.00
26/01/2017 9.38 9.15 9.47 9.37 15 4563.00 42473.00
27/01/2017 9.66 9.66 9.66 9.66 1 101.40 980.00
30/01/2017 9.64 9.64 9.64 9.64 1 101.40 977.00
31/01/2017 9.73 9.73 9.73 9.73 3 304.20 2961.00
01/02/2017 9.37 9.28 9.37 9.28 3 507.00 4741.00
02/02/2017 9.29 9.29 9.30 9.29 4 2129.40 19783.00
03/02/2017 9.65 9.65 9.65 9.65 1 101.40 979.00
06/02/2017 9.37 9.37 9.37 9.37 2 405.60 3800.00
07/02/2017 9.51 9.51 9.51 9.51 1 101.40 964.00
10/02/2017 9.56 9.56 9.56 9.56 1 101.40 969.00
13/02/2017 9.27 9.27 9.47 9.47 7 1014.00 9479.00
14/02/2017 9.47 9.47 9.47 9.47 1 101.40 960.00
15/02/2017 9.66 9.66 9.66 9.66 1 101.40 980.00
17/02/2017 9.68 9.67 9.86 9.86 4 507.00 4945.00
20/02/2017 9.42 9.42 9.58 9.58 3 304.20 2881.00
21/02/2017 9.86 9.86 10.61 10.61 13 2129.40 22243.00
22/02/2017 9.86 9.86 10.60 9.86 4 405.60 4077.00
23/02/2017 10.55 10.55 10.60 10.60 4 608.40 6430.00
01/03/2017 10.60 10.60 10.60 10.60 1 101.40 1075.00
02/03/2017 10.60 10.36 10.60 10.36 2 202.80 2125.00
07/03/2017 10.36 10.36 10.36 10.36 1 101.40 1050.00
08/03/2017 10.12 10.11 10.45 10.45 3 304.20 3111.00
09/03/2017 10.17 10.16 10.17 10.16 2 507.00 5151.00
10/03/2017 10.16 10.16 10.16 10.16 1 304.20 3090.00
13/03/2017 10.65 10.65 10.65 10.65 4 1115.40 11880.00
14/03/2017 10.36 10.36 10.36 10.36 1 101.40 1050.00
15/03/2017 10.21 10.17 10.21 10.17 2 811.20 8256.00
16/03/2017 10.55 10.55 10.55 10.55 1 202.80 2140.00
17/03/2017 10.60 9.71 10.65 9.71 9 1521.00 15506.00
20/03/2017 9.76 9.74 10.45 10.45 6 709.80 7238.00
21/03/2017 10.45 10.45 10.45 10.45 1 101.40 1060.00
29/03/2017 9.82 9.82 9.82 9.82 1 101.40 996.00
31/03/2017 9.82 9.81 10.26 10.26 3 304.20 3031.00
03/04/2017 9.86 9.86 10.45 10.45 7 1115.40 11480.00
05/04/2017 10.16 10.16 10.16 10.16 1 1419.60 14420.00
07/04/2017 10.16 10.16 10.16 10.16 1 101.40 1030.00
13/04/2017 10.55 10.55 10.55 10.55 1 101.40 1070.00
20/04/2017 10.65 10.65 10.65 10.65 1 101.40 1080.00
24/04/2017 10.27 10.27 10.27 10.27 1 101.40 1041.00
25/04/2017 10.26 10.26 10.26 10.26 1 304.20 3120.00
26/04/2017 10.80 10.80 10.80 10.80 4 507.00 5475.00
02/05/2017 10.85 10.85 10.85 10.85 4 709.80 7700.00
05/05/2017 10.75 10.75 10.75 10.75 1 405.60 4360.00
09/05/2017 10.75 10.57 10.75 10.57 2 1400.00 15032.00
10/05/2017 10.57 10.57 11.10 11.10 3 700.00 7452.00
12/05/2017 11.10 10.50 11.15 11.15 4 1600.00 17055.00
15/05/2017 11.43 11.20 11.45 11.45 5 1300.00 14824.00
16/05/2017 11.45 11.45 12.00 12.00 2 1600.00 18375.00
17/05/2017 12.00 11.54 12.00 11.90 5 1600.00 19098.00
18/05/2017 10.70 10.00 11.40 11.40 12 5400.00 57274.00
19/05/2017 11.30 11.30 11.30 11.30 1 100.00 1130.00
22/05/2017 11.77 10.20 12.98 10.20 11 1200.00 12896.00
23/05/2017 10.20 10.20 10.23 10.21 6 800.00 8173.00
24/05/2017 11.00 11.00 11.00 11.00 3 300.00 3300.00
25/05/2017 11.22 11.22 12.00 11.90 7 1600.00 18740.00
29/05/2017 11.89 11.88 12.59 12.59 6 2500.00 29923.00
30/05/2017 12.00 12.00 12.00 12.00 1 500.00 6000.00
31/05/2017 12.67 12.67 12.67 12.67 1 100.00 1267.00
02/06/2017 12.58 12.58 12.58 12.58 3 700.00 8806.00
06/06/2017 11.30 11.30 11.95 11.35 8 1900.00 21665.00
07/06/2017 11.35 11.35 12.05 11.95 10 1300.00 15519.00
14/06/2017 11.52 11.52 11.90 11.90 4 500.00 5912.00
16/06/2017 11.90 11.90 11.90 11.90 1 300.00 3570.00
