20/06/2016 25.68 25.30 26.44 26.29 10136 2045997.40 53400986.00
21/06/2016 26.23 25.92 26.61 26.48 4569 1205788.68 31703191.00
22/06/2016 26.48 25.37 26.59 25.37 7231 1598938.31 41117933.00
23/06/2016 25.37 24.96 25.55 25.43 7030 1512027.23 38261505.00
24/06/2016 25.51 23.77 25.96 23.88 15209 3693105.76 89939099.00
27/06/2016 24.00 22.73 24.00 22.73 7682 2146642.06 49614717.00
28/06/2016 22.93 21.92 23.07 21.93 14420 3588976.45 80129059.00
29/06/2016 21.95 21.44 22.06 21.54 16263 5357432.35 116294616.00
30/06/2016 21.73 20.84 21.95 21.01 14474 4374558.28 92435803.00
01/07/2016 21.08 21.02 22.70 22.59 18331 6897439.21 150510205.00
04/07/2016 22.90 22.23 23.26 22.44 5760 1706757.24 38697783.00
05/07/2016 22.54 21.77 22.54 21.89 6867 2077154.20 45776981.00
06/07/2016 21.90 21.53 22.07 21.81 9040 2337887.43 50857635.00
07/07/2016 21.93 21.52 22.18 21.56 5037 1319039.55 28630356.00
08/07/2016 21.47 20.61 21.47 20.71 10859 2853921.94 59319482.00
11/07/2016 20.80 20.55 21.26 21.24 6592 1588586.87 33267660.00
12/07/2016 21.03 20.94 21.78 21.13 11152 3306412.97 70654302.00
13/07/2016 21.25 20.92 21.47 21.17 10397 2813848.55 59666630.00
14/07/2016 21.32 20.25 21.32 20.31 16065 4856873.76 99291852.00
15/07/2016 20.30 20.12 20.56 20.29 8254 2407580.27 48891058.00
18/07/2016 20.47 20.20 20.76 20.49 8137 1832101.86 37624330.00
19/07/2016 20.59 20.30 20.74 20.41 8725 1774707.76 36248067.00
20/07/2016 20.38 19.69 20.38 19.77 8722 2965123.02 58927082.00
21/07/2016 19.80 19.32 19.84 19.57 12686 4867122.70 94822591.00
22/07/2016 19.76 19.65 20.45 20.26 11544 3389224.47 68367681.00
25/07/2016 20.28 19.63 20.52 20.49 9963 3138432.72 63128956.00
26/07/2016 20.38 20.21 20.95 20.21 12388 3871129.98 79349537.00
27/07/2016 20.25 20.22 20.78 20.35 11543 3054596.33 62676845.00
28/07/2016 20.42 20.06 20.64 20.18 10089 2431767.79 49316358.00
29/07/2016 20.09 19.04 20.10 19.31 16194 6767277.58 130700400.00
01/08/2016 19.33 19.12 19.82 19.56 8351 2432382.72 47522245.00
02/08/2016 19.21 18.53 19.32 18.54 10762 3583647.00 67154615.00
03/08/2016 18.63 18.57 18.98 18.77 9271 2170112.15 40839454.00
04/08/2016 18.77 18.21 19.22 18.21 11811 3278535.83 60732640.00
05/08/2016 18.05 17.82 18.19 18.03 9136 2731754.48 49245058.00
08/08/2016 18.25 18.10 19.19 19.02 9141 2877699.49 54146450.00
09/08/2016 19.13 18.54 19.22 18.79 7053 1579670.29 29788577.00
10/08/2016 18.59 18.35 19.13 18.98 7410 1810066.63 34154409.00
11/08/2016 19.11 19.03 19.46 19.33 7498 1893903.02 36443152.00
12/08/2016 19.51 19.09 19.72 19.49 5967 1589406.79 30762519.00
15/08/2016 19.50 19.27 19.96 19.84 7030 1725307.83 34092438.00
16/08/2016 19.89 19.52 19.99 19.83 9754 2110565.77 41644115.00
17/08/2016 20.08 19.70 20.46 20.09 12450 3241742.11 64847616.00
18/08/2016 19.94 19.94 20.40 20.40 11012 2180156.12 44214354.00
19/08/2016 20.27 20.13 20.48 20.34 6300 1661149.42 33737314.00
22/08/2016 20.36 19.71 20.37 19.88 12165 2995152.43 59577678.00
23/08/2016 19.85 19.47 21.50 21.22 17483 6117186.84 127754691.00
24/08/2016 21.50 20.86 21.81 20.94 9527 2998227.12 63564534.00
25/08/2016 20.98 20.30 21.39 20.30 12484 4240502.05 87231909.00
26/08/2016 20.35 20.00 20.98 20.84 18426 5213639.62 107082192.00
29/08/2016 20.79 20.71 21.66 21.47 11255 3485154.62 74535468.00
30/08/2016 21.48 21.32 22.04 21.55 7996 2102571.59 45636212.00
31/08/2016 21.47 21.27 21.76 21.48 6668 1746113.19 37526350.00
01/09/2016 21.60 21.57 22.32 22.32 8438 2423671.12 53688640.00
02/09/2016 22.37 21.72 22.37 21.98 8215 2384212.67 52448738.00
05/09/2016 21.91 21.75 22.25 21.89 3571 943415.62 20735675.00
06/09/2016 22.01 21.62 22.28 21.99 6530 3553720.07 77764170.00
08/09/2016 21.86 21.72 22.25 22.20 11990 2415164.49 53277758.00
09/09/2016 22.18 22.08 23.03 22.84 11067 3618493.42 82161858.00
12/09/2016 23.12 22.62 23.72 23.03 8787 3119574.66 72024063.00
13/09/2016 23.27 22.80 23.51 23.50 10418 2753789.72 64159932.00
14/09/2016 23.42 23.15 23.61 23.36 7907 3596970.63 84163964.00
15/09/2016 23.27 22.86 23.38 23.12 7615 3511391.92 80991538.00
16/09/2016 23.00 22.85 23.22 23.08 7932 2021194.95 46540050.00
19/09/2016 23.07 22.75 23.22 22.93 9848 3158520.66 72505234.00
20/09/2016 22.79 22.02 22.79 22.06 13223 6744524.92 150645198.00
21/09/2016 21.95 21.30 22.10 21.33 13163 4182288.03 90121638.00
22/09/2016 21.14 20.35 21.33 20.39 12992 4420268.59 91631110.00
23/09/2016 20.83 20.70 22.11 21.89 13073 4195611.66 90927217.00
26/09/2016 21.78 20.96 22.03 21.27 5646 2005411.57 42641807.00
27/09/2016 21.08 21.01 21.58 21.44 6305 1685951.87 35984039.00
28/09/2016 21.62 21.62 22.08 21.85 7423 2450933.32 53604837.00
29/09/2016 21.78 21.78 22.61 22.28 9341 2162425.44 48309788.00
30/09/2016 22.34 21.98 22.60 22.45 5503 1462422.33 32719133.00
03/10/2016 22.43 22.13 22.98 22.43 9999 2463437.03 55728899.00
04/10/2016 22.73 22.29 22.89 22.59 5354 1716391.25 38667406.00
05/10/2016 22.60 22.45 22.84 22.73 4101 1252318.90 28449590.00
06/10/2016 22.84 22.52 23.10 22.90 5273 1528425.55 34985996.00
07/10/2016 22.70 22.25 22.71 22.34 9722 3848479.81 86414402.00
10/10/2016 22.20 22.17 22.54 22.50 4229 1398161.43 31345356.00
11/10/2016 22.70 22.46 23.09 22.93 6856 2065880.36 47226730.00
13/10/2016 22.84 22.42 22.84 22.47 8296 3192854.63 72138998.00
14/10/2016 22.49 22.49 22.91 22.73 4724 1339742.42 30473411.00
17/10/2016 22.73 22.48 23.29 22.65 7012 2128091.47 48491192.00
18/10/2016 22.60 22.57 23.17 23.06 7235 1685029.47 38684706.00
19/10/2016 23.12 22.64 23.36 22.64 3771 1071322.49 24502539.00
20/10/2016 22.80 22.11 22.80 22.13 4748 1389142.35 30972641.00
21/10/2016 22.30 22.00 22.67 22.51 7028 1723155.55 38475445.00
24/10/2016 22.73 22.30 22.81 22.60 4042 1139785.46 25737009.00
25/10/2016 22.55 22.55 23.74 23.51 12939 3933648.56 92404917.00
26/10/2016 23.66 23.52 24.20 23.74 11692 2810876.36 67154454.00
27/10/2016 23.89 23.72 24.27 23.94 8353 2075206.90 49868530.00
28/10/2016 24.05 24.04 24.69 24.46 9366 2059935.97 50393598.00
31/10/2016 24.74 24.52 25.10 24.92 6830 2063113.14 51366412.00
01/11/2016 25.08 24.57 25.58 24.95 11872 2783306.69 70080414.00
03/11/2016 25.27 24.30 25.49 24.67 10076 2760144.07 68447331.00
04/11/2016 24.95 24.26 25.04 24.30 10976 2539586.71 62345837.00
07/11/2016 24.39 23.43 24.67 24.30 9666 3246354.14 77718340.00
08/11/2016 24.54 23.89 24.84 23.89 5797 1422758.90 34550356.00
09/11/2016 23.64 23.51 24.98 24.83 8806 2535282.16 61419801.00
10/11/2016 25.06 25.06 27.83 27.59 19795 6152648.19 166242013.00
11/11/2016 28.06 27.95 30.03 29.71 25820 7816154.87 227359531.00
14/11/2016 30.25 29.20 31.22 29.57 20539 4586506.52 138948591.00
16/11/2016 28.81 26.92 29.46 26.92 14407 3662051.45 101977098.00
17/11/2016 26.93 26.25 28.24 27.92 9762 2496541.13 69027679.00
18/11/2016 28.31 26.76 28.83 27.60 9057 2443964.03 68158582.00
21/11/2016 27.36 26.87 27.80 27.61 6444 1548103.53 42321150.00
22/11/2016 27.81 27.34 29.39 28.78 10612 2898504.86 83531612.00
23/11/2016 29.27 29.09 30.55 29.56 8956 2760759.00 82089069.00
24/11/2016 29.63 29.54 30.23 29.96 4157 994762.85 29674086.00
25/11/2016 30.76 30.25 30.91 30.68 7817 2504022.87 76662585.00
28/11/2016 30.51 29.97 31.27 31.27 8635 2201473.93 68089401.00
29/11/2016 31.35 31.35 33.29 32.56 11494 3224318.90 105765823.00
30/11/2016 32.33 30.25 32.33 30.26 11069 2967685.25 91859262.00
01/12/2016 30.81 30.49 31.22 30.78 14833 3183528.09 98016157.00
02/12/2016 30.86 30.26 31.37 31.14 8032 2476043.24 76687366.00
05/12/2016 31.14 30.90 31.77 31.08 6334 1240430.12 38763818.00
06/12/2016 31.17 31.13 32.21 32.21 7948 1806274.52 57555698.00
07/12/2016 32.30 31.38 32.36 31.99 9262 1739963.83 55387538.00
08/12/2016 31.91 30.94 32.17 31.00 7093 1528528.04 47987163.00
09/12/2016 31.18 30.91 31.76 31.08 8394 1567064.08 48780917.00
12/12/2016 30.93 30.65 31.49 30.77 5586 937266.25 29196317.00
13/12/2016 30.77 29.70 31.06 30.95 8205 1642188.87 50130723.00
14/12/2016 31.03 29.79 31.59 31.31 8922 2013610.73 61485418.00
15/12/2016 32.20 31.08 32.23 31.38 10993 1973639.83 62271477.00
16/12/2016 31.22 30.73 32.14 31.69 5809 1775527.67 56428271.00
19/12/2016 31.91 30.83 31.92 31.09 4300 1628865.23 51022839.00
20/12/2016 31.09 30.18 31.13 30.41 7445 1710959.30 52124886.00
21/12/2016 30.42 29.76 30.52 30.07 3758 1037398.47 31235964.00
22/12/2016 30.01 29.10 30.08 29.57 6040 1118775.11 33051133.00
23/12/2016 29.57 29.26 29.91 29.56 3444 681555.01 20173950.00
26/12/2016 29.52 29.42 30.04 30.01 1755 372754.22 11120472.00
27/12/2016 30.22 30.10 31.15 31.05 4357 1556712.64 48085882.00
28/12/2016 31.42 30.82 31.65 30.88 5750 1095510.00 34162392.00
29/12/2016 30.91 30.34 31.12 31.12 3637 831189.65 25603674.00
02/01/2017 31.12 30.74 31.71 31.33 2457 626620.65 19675785.00
03/01/2017 31.37 30.74 31.69 31.28 7994 1727357.62 53988170.00
04/01/2017 31.07 30.27 31.37 30.53 10167 2034518.58 62243668.00
05/01/2017 30.35 30.05 30.64 30.57 6729 1574545.81 47808400.00
06/01/2017 30.65 30.48 31.03 30.98 4122 1114778.03 34350991.00
09/01/2017 30.98 30.31 31.27 30.31 5085 1844298.11 56290545.00
10/01/2017 30.52 30.44 30.80 30.60 3954 740691.44 22681497.00
11/01/2017 30.67 30.64 31.13 30.93 5030 1242684.89 38429439.00
12/01/2017 30.94 30.00 30.97 30.54 10765 2845107.84 86476279.00
13/01/2017 30.54 30.23 30.93 30.29 7371 1772350.50 54148814.00
16/01/2017 30.34 30.34 30.85 30.62 3314 739359.08 22688386.00
17/01/2017 30.35 30.33 30.89 30.67 5709 1466624.39 44994665.00
18/01/2017 30.83 30.59 30.97 30.81 4707 1312582.71 40402705.00
19/01/2017 30.95 30.73 32.17 32.16 6944 1846962.84 58932388.00
20/01/2017 31.88 30.97 32.17 31.20 6599 1489684.53 46761374.00
23/01/2017 31.13 29.64 31.31 31.00 6044 1418454.34 43744495.00
24/01/2017 31.18 31.02 31.84 31.32 8256 1741398.68 54800245.00
26/01/2017 31.61 31.32 31.91 31.59 7501 1462627.31 46169333.00
27/01/2017 31.47 30.72 31.76 30.73 6187 1193182.47 37123810.00
30/01/2017 31.02 30.62 31.30 30.83 6960 1275071.57 39411465.00
31/01/2017 30.52 28.66 30.56 28.66 15205 4129608.44 120746907.00
01/02/2017 28.79 27.40 28.95 27.88 14395 3513236.73 98499308.00
02/02/2017 27.74 26.93 27.98 26.93 9151 2342089.49 63969432.00
03/02/2017 27.11 26.37 27.21 26.55 10569 3536296.86 93984759.00
06/02/2017 26.64 26.21 26.89 26.25 8440 2323436.41 61461435.00
07/02/2017 26.42 26.32 26.80 26.46 7502 1859261.58 49318354.00
08/02/2017 26.61 26.05 26.68 26.59 6393 1455863.00 38437350.00
09/02/2017 26.62 26.23 27.02 26.34 6406 1556097.71 41289436.00
10/02/2017 26.30 25.97 26.52 26.05 6398 1642188.87 43076093.00
13/02/2017 26.15 26.07 27.05 26.64 6795 1453403.25 38690437.00
14/02/2017 26.44 26.34 27.07 26.58 7763 1778704.85 47500869.00
15/02/2017 26.83 26.60 27.46 27.23 10458 2419366.56 65771479.00
16/02/2017 27.32 26.80 27.50 26.85 5786 1614926.67 43640969.00
17/02/2017 26.71 26.65 28.08 27.62 8136 1746420.66 48277242.00
20/02/2017 27.61 27.38 28.05 27.61 2759 785581.83 21877614.00
21/02/2017 27.63 27.25 27.97 27.29 4691 1055846.58 29059559.00
22/02/2017 27.30 26.82 27.52 27.11 5563 1207428.51 32695730.00
23/02/2017 27.30 26.19 27.42 26.23 8994 2077051.71 55059161.00
24/02/2017 26.30 25.91 26.81 25.93 8164 1875967.36 49247713.00
01/03/2017 26.18 25.46 26.48 25.46 7552 1720183.36 44401011.00
02/03/2017 25.47 25.27 25.99 25.73 8182 1894312.98 48542904.00
03/03/2017 25.91 25.76 26.39 26.06 7142 1729714.88 45031428.00
06/03/2017 26.34 24.98 26.34 25.12 9977 2551577.98 64763915.00
07/03/2017 25.24 24.44 25.62 24.50 10111 2543481.31 63365035.00
08/03/2017 24.69 24.64 25.58 25.37 10862 2890613.17 73279572.00
09/03/2017 25.74 25.44 26.16 26.10 9370 2325076.24 60329149.00
10/03/2017 25.97 25.51 26.03 25.59 5818 1525248.37 39220040.00
13/03/2017 25.85 25.67 26.54 26.34 5066 1447868.82 38059740.00
14/03/2017 26.63 26.04 26.81 26.04 7335 1749700.33 46071971.00
15/03/2017 26.25 26.07 27.31 26.47 15213 3829519.25 102618446.00
16/03/2017 26.47 26.30 27.69 27.62 7888 2283977.96 62119045.00
17/03/2017 27.72 26.84 28.06 27.04 6126 2315852.19 63349335.00
20/03/2017 27.32 27.12 28.41 28.20 9143 1784239.28 50011490.00
21/03/2017 28.28 27.71 28.67 27.90 10264 2333787.85 65604042.00
22/03/2017 27.90 27.09 28.09 27.44 10891 1919832.86 52990761.00
23/03/2017 27.46 27.46 28.07 27.87 5239 1283578.19 35723997.00
24/03/2017 27.92 26.84 28.14 27.15 5088 1294954.52 35272464.00
27/03/2017 27.00 26.24 27.30 26.44 6340 1789158.77 47437444.00
28/03/2017 26.34 26.34 27.06 26.99 3683 1078291.77 28944598.00
29/03/2017 26.61 26.49 27.11 26.58 5049 1075319.58 28675097.00
30/03/2017 26.80 26.37 26.98 26.65 3828 981951.66 26139126.00
31/03/2017 27.32 27.32 28.49 28.17 14087 3891422.90 109614673.00
03/04/2017 28.26 27.92 28.79 28.79 8687 2065470.40 58770312.00
04/04/2017 28.72 28.63 29.56 29.51 11615 2347213.97 68564984.00
05/04/2017 29.51 28.45 29.63 28.65 9714 2855254.30 82525179.00
06/04/2017 28.64 28.02 28.77 28.26 7142 1669758.54 47194853.00
07/04/2017 28.26 28.05 28.65 28.27 4258 910721.48 25749685.00
10/04/2017 28.45 28.25 28.90 28.73 5062 1098072.24 31409037.00
11/04/2017 28.88 28.35 29.09 28.49 4537 1119595.03 32035742.00
12/04/2017 28.54 28.01 28.73 28.32 7398 1609597.21 45737789.00
13/04/2017 28.31 27.86 28.31 28.13 5634 1206096.15 33861457.00
17/04/2017 28.10 26.71 28.10 26.76 6808 2320156.75 62961617.00
18/04/2017 26.76 26.62 27.45 27.07 4744 1670270.98 45197866.00
19/04/2017 27.20 26.73 27.58 27.04 4607 1075832.02 29083146.00
20/04/2017 27.04 26.85 27.70 27.55 5522 1767431.01 48088187.00
24/04/2017 27.29 27.16 28.06 27.94 5117 1002962.01 27934481.00
25/04/2017 28.03 27.91 28.40 28.25 5337 1526273.27 42893752.00
26/04/2017 28.00 27.41 28.30 28.13 7320 2225353.98 62041195.00
27/04/2017 28.17 28.03 28.59 28.39 3280 958481.58 27184940.00
28/04/2017 28.49 28.38 28.94 28.69 4332 1384120.37 39603616.00
02/05/2017 28.49 28.21 29.15 28.83 8103 1428498.31 41240330.00
03/05/2017 28.97 28.41 29.00 28.44 3860 774717.95 22187113.00
04/05/2017 28.54 27.61 28.76 27.80 6738 1243094.85 34676266.00
05/05/2017 28.18 27.69 28.30 28.25 2796 662696.95 18636873.00
08/05/2017 28.36 28.09 28.92 28.40 3735 744381.06 21198420.00
09/05/2017 28.70 28.59 29.35 28.93 5460 1458220.26 42266847.00
10/05/2017 28.99 28.52 29.24 28.60 4721 1178800.00 33924940.00
11/05/2017 28.84 28.03 28.84 28.19 3280 807500.00 22798421.00
12/05/2017 28.15 28.15 29.00 29.00 3898 746700.00 21412149.00
15/05/2017 29.16 28.82 29.62 29.45 8069 2269600.00 66463085.00
16/05/2017 29.44 29.13 29.87 29.42 5294 981600.00 28849078.00
17/05/2017 29.40 28.60 29.75 28.93 4825 940900.00 27423220.00
18/05/2017 32.55 30.78 32.80 32.25 31949 9795000.00 311102018.00
19/05/2017 31.73 30.82 33.97 32.90 18293 4666800.00 153023258.00
22/05/2017 33.20 33.17 36.00 35.20 22463 4645600.00 163357484.00
23/05/2017 35.29 34.30 35.92 35.06 12828 3105400.00 108366854.00
24/05/2017 35.39 34.04 35.50 34.85 12218 2553700.00 88375092.00
25/05/2017 35.00 34.88 37.38 36.95 11051 4866300.00 176464036.00
26/05/2017 37.01 36.15 37.20 36.52 9667 3277700.00 119890594.00
29/05/2017 36.80 36.80 37.96 37.85 6415 1377600.00 51929397.00
30/05/2017 37.97 37.33 37.99 37.60 6655 1536700.00 57664193.00
31/05/2017 37.50 36.73 37.61 37.10 9503 1829600.00 67929098.00
01/06/2017 36.97 36.83 37.97 37.47 6235 1294300.00 48623559.00
02/06/2017 37.35 36.93 38.28 37.95 6919 1434900.00 53866701.00
05/06/2017 38.28 38.28 39.28 38.82 7598 1835400.00 71339136.00
06/06/2017 38.80 38.04 38.81 38.04 6001 1108100.00 42419905.00
07/06/2017 37.73 37.21 38.06 37.55 9025 1566200.00 58808574.00
08/06/2017 37.90 37.16 38.08 37.83 8473 1845000.00 69471815.00
09/06/2017 37.92 36.45 38.05 36.65 10736 2887900.00 107025770.00
12/06/2017 36.60 36.36 37.36 36.70 9399 2067800.00 76132530.00
13/06/2017 36.50 36.50 37.25 36.84 6797 1223900.00 45091741.00
14/06/2017 36.90 36.64 37.70 37.15 11172 2343500.00 87134543.00
16/06/2017 37.35 36.62 37.59 37.00 7150 2330100.00 86455542.00
