21/06/2016 1.48 1.48 1.48 1.48 1 100.00 148.00
22/06/2016 1.45 1.40 1.45 1.40 2 1100.00 1545.00
23/06/2016 1.35 1.35 1.37 1.37 5 900.00 1219.00
30/06/2016 1.55 1.55 1.59 1.59 4 1200.00 1892.00
01/07/2016 1.80 1.75 1.80 1.75 3 400.00 715.00
04/07/2016 1.70 1.70 1.70 1.70 1 700.00 1190.00
12/07/2016 1.71 1.71 1.71 1.71 2 2000.00 3420.00
14/07/2016 1.65 1.65 1.65 1.65 1 1000.00 1650.00
19/07/2016 1.63 1.63 1.64 1.64 3 2100.00 3443.00
20/07/2016 1.64 1.64 1.69 1.69 6 3100.00 5189.00
21/07/2016 1.69 1.60 1.69 1.60 20 26100.00 43774.00
22/07/2016 1.68 1.64 1.68 1.64 3 2200.00 3692.00
25/07/2016 1.68 1.68 1.87 1.78 41 44900.00 79094.00
26/07/2016 1.78 1.78 2.01 1.90 80 166900.00 318727.00
27/07/2016 1.92 1.90 1.95 1.95 33 45200.00 87310.00
28/07/2016 1.95 1.89 2.00 1.90 22 12600.00 24559.00
29/07/2016 1.95 1.95 2.05 2.05 15 11400.00 22784.00
01/08/2016 2.00 1.92 2.00 1.97 16 27500.00 54630.00
02/08/2016 1.95 1.91 2.02 2.02 18 23000.00 45320.00
03/08/2016 2.01 1.92 2.25 2.21 22 11400.00 24989.00
04/08/2016 2.48 2.45 2.48 2.45 6 1400.00 3462.00
05/08/2016 2.50 2.16 2.50 2.18 28 29600.00 67783.00
08/08/2016 2.18 2.13 2.18 2.15 8 4600.00 9833.00
09/08/2016 2.20 2.20 2.41 2.25 23 7700.00 17960.00
10/08/2016 2.35 2.34 2.35 2.34 2 200.00 469.00
11/08/2016 2.24 2.15 2.25 2.15 11 3400.00 7543.00
12/08/2016 2.15 2.15 2.35 2.35 13 5100.00 11885.00
15/08/2016 2.35 2.23 2.35 2.23 7 2000.00 4504.00
16/08/2016 2.24 2.10 2.24 2.12 22 17200.00 36836.00
17/08/2016 2.30 2.22 2.68 2.22 41 24700.00 60691.00
18/08/2016 2.16 2.16 2.16 2.16 2 200.00 432.00
22/08/2016 2.34 2.31 2.34 2.31 4 2900.00 6783.00
23/08/2016 2.05 2.05 2.09 2.09 9 4900.00 10131.00
24/08/2016 2.10 2.09 2.10 2.09 7 8400.00 17618.00
26/08/2016 2.10 2.10 2.10 2.10 2 2000.00 4200.00
29/08/2016 2.01 2.01 2.01 2.01 6 3700.00 7437.00
30/08/2016 2.02 2.02 2.02 2.02 4 700.00 1414.00
31/08/2016 2.03 2.01 2.03 2.01 3 1000.00 2014.00
02/09/2016 2.03 2.02 2.07 2.07 6 1900.00 3884.00
05/09/2016 2.09 2.09 2.09 2.09 1 1200.00 2508.00
06/09/2016 2.07 2.00 2.07 2.00 11 6500.00 13200.00
08/09/2016 2.14 2.01 2.14 2.01 5 1800.00 3649.00
09/09/2016 2.01 1.96 2.01 1.96 3 1500.00 2958.00
12/09/2016 1.91 1.87 1.91 1.87 8 2900.00 5505.00
13/09/2016 1.91 1.88 1.91 1.88 3 1400.00 2671.00
14/09/2016 1.84 1.77 1.84 1.77 11 7400.00 13385.00
15/09/2016 1.77 1.69 1.77 1.69 7 4500.00 7699.00
16/09/2016 1.80 1.80 1.80 1.80 5 2600.00 4680.00
19/09/2016 1.77 1.74 1.77 1.74 5 3300.00 5785.00
20/09/2016 1.74 1.68 1.76 1.76 13 28300.00 48026.00
21/09/2016 1.88 1.80 1.88 1.80 2 200.00 368.00
26/09/2016 1.62 1.62 1.73 1.70 28 28200.00 46479.00
28/09/2016 1.75 1.72 1.75 1.72 4 900.00 1566.00
29/09/2016 1.71 1.64 1.71 1.65 14 15800.00 26137.00
04/10/2016 1.66 1.66 1.66 1.66 1 400.00 664.00
06/10/2016 1.67 1.67 1.67 1.67 1 4000.00 6680.00
07/10/2016 1.67 1.62 1.67 1.62 9 5100.00 8373.00
10/10/2016 1.65 1.65 1.65 1.65 2 400.00 660.00
13/10/2016 1.65 1.65 1.65 1.65 2 2400.00 3960.00
14/10/2016 1.72 1.66 1.72 1.72 3 400.00 676.00
17/10/2016 1.72 1.72 1.72 1.72 2 200.00 344.00
18/10/2016 1.66 1.66 1.72 1.72 4 1000.00 1708.00
19/10/2016 1.73 1.73 1.73 1.73 1 400.00 692.00
20/10/2016 1.74 1.69 1.79 1.74 30 31600.00 55734.00
21/10/2016 1.74 1.72 1.74 1.72 8 1700.00 2946.00
24/10/2016 1.75 1.72 1.75 1.72 3 2400.00 4140.00
25/10/2016 1.72 1.72 1.72 1.72 1 2000.00 3440.00
26/10/2016 1.72 1.72 1.74 1.74 2 700.00 1206.00
27/10/2016 1.74 1.72 1.76 1.75 8 4800.00 8363.00
28/10/2016 1.74 1.74 1.76 1.76 7 2300.00 4017.00
31/10/2016 1.77 1.70 1.78 1.76 12 13500.00 23490.00
03/11/2016 1.75 1.68 1.75 1.68 7 2600.00 4414.00
04/11/2016 1.67 1.64 1.67 1.64 2 700.00 1163.00
07/11/2016 1.72 1.72 1.72 1.72 2 400.00 688.00
09/11/2016 1.72 1.71 1.80 1.75 32 48800.00 84651.00
10/11/2016 1.78 1.75 1.78 1.75 6 2800.00 4950.00
11/11/2016 1.75 1.75 1.75 1.75 2 400.00 700.00
14/11/2016 1.65 1.65 1.65 1.65 1 100.00 165.00
16/11/2016 1.65 1.65 1.65 1.65 1 100.00 165.00
18/11/2016 1.64 1.56 1.64 1.56 10 3900.00 6207.00
21/11/2016 1.55 1.55 1.70 1.57 4 800.00 1277.00
23/11/2016 1.58 1.57 1.67 1.67 4 400.00 639.00
24/11/2016 1.61 1.61 1.71 1.71 4 1200.00 2034.00
25/11/2016 1.63 1.62 1.63 1.62 6 1600.00 2603.00
29/11/2016 1.60 1.57 1.60 1.57 2 1400.00 2228.00
30/11/2016 1.67 1.56 1.67 1.56 5 2600.00 4067.00
01/12/2016 1.56 1.55 1.56 1.55 4 2400.00 3721.00
02/12/2016 1.51 1.50 1.51 1.50 4 1400.00 2109.00
05/12/2016 1.59 1.55 1.59 1.55 4 500.00 787.00
06/12/2016 1.55 1.52 1.57 1.57 3 300.00 464.00
07/12/2016 1.60 1.50 1.60 1.50 2 500.00 770.00
08/12/2016 1.50 1.50 1.50 1.50 2 4800.00 7200.00
12/12/2016 1.54 1.51 1.55 1.51 6 3100.00 4800.00
15/12/2016 1.54 1.54 1.54 1.54 3 1500.00 2310.00
16/12/2016 1.59 1.59 1.60 1.60 4 1400.00 2235.00
20/12/2016 1.59 1.59 1.93 1.83 46 22400.00 41101.00
21/12/2016 1.80 1.79 1.81 1.80 7 7000.00 12646.00
22/12/2016 1.76 1.71 1.76 1.71 5 3600.00 6236.00
23/12/2016 1.71 1.71 1.71 1.71 5 2400.00 4104.00
27/12/2016 1.60 1.59 1.60 1.59 12 2600.00 4148.00
28/12/2016 1.60 1.60 1.60 1.60 1 100.00 160.00
29/12/2016 1.61 1.61 1.61 1.61 2 300.00 483.00
03/01/2017 1.70 1.70 1.70 1.70 3 600.00 1020.00
04/01/2017 1.70 1.70 1.70 1.70 3 1000.00 1700.00
05/01/2017 1.67 1.67 1.67 1.67 1 2200.00 3674.00
06/01/2017 1.70 1.70 1.70 1.70 1 700.00 1190.00
09/01/2017 1.66 1.66 1.70 1.66 10 10800.00 18013.00
10/01/2017 1.70 1.70 1.70 1.70 1 3500.00 5950.00
11/01/2017 1.70 1.61 1.70 1.61 9 8400.00 13835.00
12/01/2017 1.63 1.61 1.63 1.61 7 4700.00 7595.00
13/01/2017 1.62 1.62 1.62 1.62 2 1300.00 2106.00
16/01/2017 1.62 1.62 1.62 1.62 1 500.00 810.00
17/01/2017 1.63 1.62 1.63 1.62 3 11600.00 18893.00
18/01/2017 1.63 1.63 1.70 1.70 6 6300.00 10605.00
19/01/2017 1.70 1.70 1.70 1.70 2 2000.00 3400.00
20/01/2017 1.66 1.66 1.70 1.70 2 1600.00 2660.00
23/01/2017 1.65 1.60 1.67 1.67 12 10600.00 17125.00
24/01/2017 1.73 1.69 1.75 1.70 12 6600.00 11365.00
27/01/2017 1.70 1.70 1.71 1.70 6 13200.00 22448.00
30/01/2017 1.75 1.70 1.75 1.70 9 13600.00 23135.00
31/01/2017 1.70 1.64 1.70 1.70 3 10200.00 17334.00
01/02/2017 1.77 1.70 1.77 1.70 8 11200.00 19096.00
02/02/2017 1.67 1.67 1.79 1.79 11 3600.00 6169.00
03/02/2017 1.73 1.73 1.79 1.78 3 1200.00 2141.00
06/02/2017 1.77 1.77 1.78 1.78 4 4100.00 7296.00
07/02/2017 1.70 1.70 1.78 1.78 4 2900.00 4938.00
08/02/2017 1.78 1.78 1.78 1.78 1 100.00 178.00
09/02/2017 1.78 1.78 1.78 1.78 4 1600.00 2848.00
10/02/2017 1.70 1.70 1.78 1.71 5 16800.00 28611.00
13/02/2017 1.75 1.69 1.75 1.70 7 12500.00 21328.00
14/02/2017 1.71 1.71 1.71 1.71 2 1600.00 2736.00
15/02/2017 1.78 1.72 1.78 1.72 13 10700.00 18725.00
16/02/2017 1.70 1.70 1.74 1.74 4 6900.00 11752.00
17/02/2017 1.71 1.70 1.71 1.71 5 5300.00 9062.00
20/02/2017 1.70 1.66 1.70 1.69 8 3600.00 6014.00
21/02/2017 1.65 1.64 1.66 1.65 10 5800.00 9545.00
22/02/2017 1.65 1.64 1.69 1.69 3 1600.00 2630.00
23/02/2017 1.69 1.69 1.77 1.77 5 1000.00 1703.00
24/02/2017 1.70 1.70 1.70 1.70 2 1100.00 1870.00
01/03/2017 1.75 1.75 1.75 1.75 1 300.00 525.00
02/03/2017 1.75 1.66 1.75 1.66 6 6100.00 10220.00
03/03/2017 1.68 1.68 1.75 1.75 7 6300.00 10687.00
06/03/2017 1.75 1.75 1.75 1.75 3 3000.00 5250.00
07/03/2017 1.70 1.70 1.70 1.70 1 200.00 340.00
08/03/2017 1.75 1.70 1.75 1.75 3 10500.00 17875.00
09/03/2017 1.75 1.75 1.75 1.75 1 300.00 525.00
10/03/2017 1.67 1.67 1.74 1.70 6 5500.00 9350.00
13/03/2017 1.67 1.66 1.67 1.66 2 1000.00 1662.00
14/03/2017 1.75 1.75 1.79 1.79 8 6700.00 11932.00
15/03/2017 1.89 1.87 1.92 1.90 11 9100.00 17242.00
16/03/2017 1.94 1.85 1.94 1.90 7 1600.00 3038.00
17/03/2017 1.93 1.80 1.93 1.80 6 2200.00 4189.00
20/03/2017 1.80 1.71 1.80 1.75 6 2600.00 4488.00
22/03/2017 1.73 1.73 1.78 1.78 6 21000.00 36860.00
23/03/2017 1.76 1.75 1.76 1.75 2 6000.00 10550.00
24/03/2017 1.76 1.75 1.76 1.75 4 12700.00 22226.00
27/03/2017 1.72 1.70 1.74 1.74 8 2500.00 4285.00
29/03/2017 1.77 1.75 1.77 1.76 5 3000.00 5279.00
31/03/2017 1.70 1.68 1.70 1.68 4 1600.00 2711.00
04/04/2017 1.68 1.68 1.68 1.68 1 100.00 168.00
05/04/2017 1.68 1.67 1.75 1.67 4 1400.00 2349.00
06/04/2017 1.67 1.67 1.67 1.67 1 2000.00 3340.00
07/04/2017 1.75 1.75 1.75 1.75 3 300.00 525.00
10/04/2017 1.75 1.75 1.75 1.75 4 4000.00 7000.00
11/04/2017 1.70 1.65 1.71 1.65 10 6600.00 11043.00
12/04/2017 1.67 1.65 1.67 1.65 3 3000.00 4962.00
13/04/2017 1.74 1.72 1.77 1.77 5 1300.00 2289.00
17/04/2017 1.78 1.75 1.78 1.75 8 3300.00 5838.00
18/04/2017 1.77 1.77 1.77 1.77 2 200.00 354.00
20/04/2017 1.74 1.74 1.74 1.74 1 100.00 174.00
25/04/2017 1.74 1.74 1.79 1.79 4 3400.00 6038.00
26/04/2017 1.80 1.76 1.80 1.76 5 4300.00 7728.00
27/04/2017 1.76 1.75 1.76 1.75 5 1700.00 2982.00
02/05/2017 1.76 1.76 1.76 1.76 1 100.00 176.00
03/05/2017 1.79 1.79 1.79 1.79 3 2900.00 5191.00
04/05/2017 1.76 1.76 1.79 1.76 4 2400.00 4275.00
05/05/2017 1.71 1.71 1.72 1.72 2 200.00 343.00
08/05/2017 1.83 1.83 1.83 1.83 2 200.00 366.00
10/05/2017 1.84 1.72 1.85 1.72 14 23200.00 40475.00
11/05/2017 1.79 1.79 1.79 1.79 1 100.00 179.00
12/05/2017 1.84 1.84 1.92 1.92 7 4500.00 8488.00
15/05/2017 1.92 1.91 2.00 1.92 32 13900.00 27006.00
16/05/2017 1.99 1.90 1.99 1.93 7 2300.00 4451.00
18/05/2017 1.70 1.66 1.85 1.85 34 13900.00 24560.00
19/05/2017 1.80 1.80 1.80 1.80 3 1000.00 1800.00
22/05/2017 1.89 1.80 1.89 1.80 6 3100.00 5761.00
23/05/2017 1.68 1.68 1.75 1.75 5 1100.00 1878.00
25/05/2017 1.77 1.77 1.77 1.77 2 1800.00 3186.00
26/05/2017 1.80 1.72 1.80 1.78 4 1100.00 1957.00
29/05/2017 1.79 1.79 1.79 1.79 3 1000.00 1790.00
31/05/2017 1.75 1.75 1.75 1.75 4 2200.00 3850.00
01/06/2017 1.76 1.76 1.76 1.76 2 500.00 880.00
06/06/2017 1.71 1.71 1.71 1.71 3 1000.00 1710.00
07/06/2017 1.79 1.79 1.79 1.79 2 1000.00 1790.00
08/06/2017 1.72 1.72 1.73 1.73 3 400.00 690.00
12/06/2017 1.71 1.71 1.71 1.71 3 500.00 855.00
14/06/2017 1.75 1.73 1.77 1.77 4 2200.00 3844.00
16/06/2017 1.77 1.77 1.78 1.78 2 3000.00 5320.00
