20/06/2016 1.37 1.37 1.40 1.40 6 800.00 1109.00
21/06/2016 1.38 1.36 1.38 1.36 5 2800.00 3812.00
22/06/2016 1.36 1.36 1.44 1.44 16 23100.00 32871.00
23/06/2016 1.39 1.39 1.44 1.44 10 8900.00 12677.00
24/06/2016 1.40 1.33 1.40 1.35 22 29400.00 40033.00
27/06/2016 1.36 1.30 1.36 1.31 17 16300.00 21437.00
28/06/2016 1.32 1.25 1.33 1.32 31 24600.00 31865.00
29/06/2016 1.41 1.33 1.43 1.43 37 52300.00 73010.00
30/06/2016 1.48 1.48 1.64 1.56 71 76100.00 118373.00
01/07/2016 1.57 1.54 1.61 1.56 22 10400.00 16535.00
04/07/2016 1.56 1.56 1.60 1.56 11 21100.00 33264.00
05/07/2016 1.56 1.45 1.57 1.48 26 31300.00 46637.00
06/07/2016 1.47 1.43 1.47 1.47 14 27900.00 40713.00
07/07/2016 1.47 1.43 1.47 1.45 9 4100.00 5951.00
08/07/2016 1.45 1.44 1.50 1.49 9 10500.00 15357.00
11/07/2016 1.49 1.43 1.49 1.45 14 7200.00 10421.00
12/07/2016 1.46 1.45 1.46 1.46 8 4900.00 7140.00
13/07/2016 1.46 1.45 1.46 1.45 7 2700.00 3937.00
14/07/2016 1.45 1.43 1.46 1.43 15 9600.00 13821.00
15/07/2016 1.43 1.42 1.43 1.42 15 13400.00 19101.00
18/07/2016 1.42 1.42 1.49 1.47 24 28300.00 41048.00
19/07/2016 1.49 1.45 1.52 1.52 30 38300.00 57746.00
20/07/2016 1.52 1.52 1.74 1.54 167 227600.00 373628.00
21/07/2016 1.60 1.60 1.78 1.72 103 160700.00 272507.00
22/07/2016 1.76 1.67 1.79 1.75 37 22500.00 38847.00
25/07/2016 1.79 1.79 1.99 1.95 193 247400.00 475727.00
26/07/2016 1.97 1.97 2.26 2.15 417 561600.00 1184424.00
27/07/2016 2.20 2.14 2.27 2.15 131 143700.00 315812.00
28/07/2016 2.15 1.94 2.15 2.03 112 85100.00 173905.00
29/07/2016 2.08 1.98 2.15 1.98 77 74300.00 151840.00
01/08/2016 2.00 1.95 2.05 1.96 76 75700.00 150622.00
02/08/2016 1.95 1.80 1.99 1.94 76 59800.00 113876.00
03/08/2016 1.91 1.90 2.35 2.30 218 245100.00 529760.00
04/08/2016 2.41 2.39 2.65 2.40 327 377700.00 937078.00
05/08/2016 2.54 2.15 2.55 2.29 104 94400.00 223768.00
08/08/2016 2.27 2.15 2.36 2.36 65 48100.00 107693.00
09/08/2016 2.39 2.39 2.58 2.43 89 49800.00 124454.00
10/08/2016 2.37 2.36 2.45 2.44 26 16400.00 39490.00
11/08/2016 2.38 2.29 2.38 2.32 53 46100.00 107203.00
12/08/2016 2.32 2.32 2.48 2.42 58 44400.00 106540.00
15/08/2016 2.45 2.24 2.54 2.29 176 117800.00 274042.00
16/08/2016 2.23 2.22 2.32 2.30 44 31400.00 71710.00
17/08/2016 2.32 2.32 2.42 2.38 90 86700.00 207426.00
18/08/2016 2.36 2.29 2.42 2.30 50 55900.00 131595.00
19/08/2016 2.36 2.21 2.36 2.21 68 51200.00 116099.00
22/08/2016 2.27 2.18 2.27 2.18 18 11500.00 25578.00
23/08/2016 2.20 2.13 2.21 2.13 30 26300.00 56982.00
24/08/2016 2.10 2.01 2.12 2.01 39 28100.00 57652.00
25/08/2016 2.04 2.02 2.05 2.05 10 3800.00 7743.00
26/08/2016 2.09 2.09 2.23 2.11 32 36600.00 79338.00
29/08/2016 2.11 2.01 2.18 2.11 33 31500.00 65809.00
30/08/2016 2.10 2.04 2.12 2.12 23 19800.00 41242.00
31/08/2016 2.15 2.11 2.15 2.11 18 18300.00 38841.00
01/09/2016 2.11 2.11 2.14 2.14 24 40400.00 85309.00
02/09/2016 2.15 2.12 2.18 2.18 23 30600.00 66082.00
05/09/2016 2.19 2.13 2.22 2.21 35 22400.00 48620.00
06/09/2016 2.15 2.04 2.15 2.04 82 103400.00 215669.00
08/09/2016 2.01 1.99 2.12 2.08 69 77800.00 158605.00
09/09/2016 2.14 2.01 2.14 2.01 53 35100.00 72164.00
12/09/2016 2.05 1.90 2.05 1.90 49 32700.00 64845.00
13/09/2016 1.87 1.83 1.90 1.84 51 35800.00 66818.00
14/09/2016 1.87 1.82 1.89 1.82 30 26500.00 48902.00
15/09/2016 1.83 1.73 1.83 1.75 39 20900.00 36960.00
16/09/2016 1.80 1.80 1.97 1.89 62 46200.00 86077.00
19/09/2016 1.90 1.82 1.94 1.90 34 39900.00 74586.00
20/09/2016 1.92 1.83 1.94 1.87 41 65600.00 123312.00
21/09/2016 1.93 1.84 1.93 1.92 20 26200.00 49507.00
22/09/2016 1.92 1.87 1.93 1.88 15 12000.00 22765.00
23/09/2016 1.90 1.85 1.94 1.90 55 44400.00 84125.00
26/09/2016 1.87 1.84 1.87 1.84 22 19200.00 35479.00
27/09/2016 1.84 1.82 1.88 1.88 24 30000.00 55322.00
28/09/2016 1.85 1.80 1.85 1.84 12 28400.00 52144.00
29/09/2016 1.85 1.80 1.88 1.80 47 59300.00 108004.00
30/09/2016 1.80 1.75 1.80 1.75 41 33700.00 60519.00
03/10/2016 1.74 1.73 1.78 1.73 31 26200.00 46053.00
04/10/2016 1.78 1.72 1.78 1.73 10 9500.00 16431.00
05/10/2016 1.74 1.73 1.78 1.78 45 20900.00 36659.00
06/10/2016 1.81 1.80 1.81 1.81 9 4200.00 7588.00
07/10/2016 1.81 1.78 1.87 1.87 23 19500.00 35361.00
10/10/2016 1.88 1.85 1.88 1.85 19 12000.00 22422.00
11/10/2016 1.88 1.83 1.88 1.84 11 4900.00 9046.00
13/10/2016 1.84 1.83 1.85 1.83 11 7000.00 12835.00
14/10/2016 1.83 1.83 1.85 1.85 9 8600.00 15898.00
17/10/2016 1.85 1.83 1.85 1.83 11 10400.00 19224.00
18/10/2016 1.82 1.80 1.83 1.83 12 26800.00 48803.00
19/10/2016 1.82 1.82 1.88 1.88 6 13900.00 26110.00
20/10/2016 1.88 1.88 2.11 1.90 137 136500.00 270950.00
21/10/2016 1.90 1.87 1.95 1.95 33 32100.00 60757.00
24/10/2016 1.93 1.84 1.95 1.84 43 26200.00 49291.00
25/10/2016 1.85 1.82 1.90 1.88 20 25100.00 47011.00
26/10/2016 1.85 1.84 1.86 1.84 9 5700.00 10512.00
27/10/2016 1.84 1.80 1.84 1.81 32 32100.00 58429.00
28/10/2016 1.81 1.80 1.81 1.80 10 10700.00 19300.00
31/10/2016 1.79 1.65 1.85 1.71 96 162300.00 283595.00
01/11/2016 1.72 1.67 1.75 1.72 27 26400.00 44864.00
03/11/2016 1.72 1.67 1.72 1.68 20 13400.00 22716.00
04/11/2016 1.68 1.64 1.72 1.70 32 31200.00 52149.00
07/11/2016 1.70 1.66 1.70 1.69 18 13700.00 23152.00
08/11/2016 1.70 1.69 1.72 1.70 18 9200.00 15690.00
09/11/2016 1.68 1.66 1.97 1.83 157 180100.00 335025.00
10/11/2016 1.90 1.82 1.94 1.87 35 62800.00 117696.00
11/11/2016 1.89 1.74 1.89 1.74 42 66200.00 120417.00
14/11/2016 1.72 1.69 1.88 1.81 23 25200.00 45796.00
16/11/2016 1.80 1.75 1.80 1.75 5 6900.00 12250.00
17/11/2016 1.75 1.69 1.75 1.69 12 9500.00 16184.00
18/11/2016 1.74 1.65 1.74 1.66 19 12700.00 21400.00
21/11/2016 1.69 1.63 1.70 1.70 21 8400.00 14078.00
22/11/2016 1.71 1.70 1.72 1.71 18 22900.00 39123.00
23/11/2016 1.75 1.71 1.75 1.72 6 3700.00 6379.00
24/11/2016 1.71 1.69 1.71 1.71 10 6400.00 10930.00
25/11/2016 1.70 1.67 1.73 1.73 15 16200.00 27519.00
28/11/2016 1.72 1.69 1.72 1.69 8 3500.00 5932.00
29/11/2016 1.67 1.65 1.67 1.66 9 9400.00 15602.00
30/11/2016 1.69 1.66 1.69 1.66 7 6400.00 10723.00
01/12/2016 1.61 1.55 1.67 1.55 46 34300.00 54948.00
02/12/2016 1.59 1.56 1.60 1.57 8 14100.00 22164.00
05/12/2016 1.60 1.57 1.60 1.57 8 5000.00 7945.00
06/12/2016 1.62 1.57 1.62 1.57 8 2300.00 3650.00
07/12/2016 1.57 1.52 1.59 1.52 24 20100.00 31043.00
08/12/2016 1.52 1.52 1.55 1.52 12 27000.00 41200.00
09/12/2016 1.53 1.52 1.54 1.52 4 3700.00 5637.00
12/12/2016 1.52 1.52 1.56 1.54 16 10200.00 15700.00
13/12/2016 1.62 1.53 1.62 1.53 10 2200.00 3411.00
14/12/2016 1.55 1.52 1.55 1.52 10 11700.00 17926.00
15/12/2016 1.53 1.53 1.56 1.54 15 24800.00 38082.00
16/12/2016 1.56 1.56 1.63 1.60 12 8200.00 13133.00
19/12/2016 1.60 1.57 1.60 1.57 7 2000.00 3180.00
20/12/2016 1.59 1.59 2.05 1.95 520 678100.00 1301063.00
21/12/2016 1.90 1.76 1.99 1.84 396 307100.00 572910.00
22/12/2016 1.95 1.72 1.95 1.72 59 61300.00 109076.00
23/12/2016 1.78 1.68 1.78 1.68 44 67800.00 116478.00
26/12/2016 1.67 1.64 1.67 1.64 24 25600.00 42512.00
27/12/2016 1.64 1.60 1.74 1.68 39 54900.00 90632.00
28/12/2016 1.66 1.66 1.71 1.71 15 10000.00 16996.00
29/12/2016 1.69 1.69 1.80 1.80 35 31400.00 55656.00
02/01/2017 1.75 1.75 1.87 1.83 17 15200.00 27806.00
03/01/2017 1.86 1.81 1.86 1.86 20 11500.00 21189.00
04/01/2017 1.81 1.74 1.84 1.74 43 56900.00 102113.00
05/01/2017 1.78 1.74 1.80 1.80 20 14900.00 26375.00
06/01/2017 1.78 1.75 1.78 1.75 5 1000.00 1762.00
09/01/2017 1.85 1.82 1.85 1.85 20 16800.00 30976.00
10/01/2017 1.80 1.80 1.86 1.85 8 2700.00 4983.00
11/01/2017 1.84 1.78 1.84 1.78 12 7800.00 13992.00
12/01/2017 1.80 1.80 1.85 1.82 32 59300.00 107709.00
13/01/2017 1.82 1.82 1.85 1.85 13 6400.00 11801.00
16/01/2017 1.85 1.78 1.90 1.78 58 68300.00 123810.00
17/01/2017 1.79 1.78 1.85 1.82 44 47100.00 85919.00
18/01/2017 1.82 1.82 1.94 1.85 48 75500.00 141419.00
19/01/2017 1.88 1.83 1.88 1.84 20 30700.00 56590.00
20/01/2017 1.82 1.79 1.83 1.83 13 10500.00 18985.00
23/01/2017 1.80 1.75 1.97 1.91 149 1400100.00 2697768.00
24/01/2017 1.94 1.85 1.94 1.85 58 71200.00 134556.00
26/01/2017 1.88 1.85 1.90 1.85 22 15400.00 28941.00
27/01/2017 1.84 1.83 1.85 1.84 15 12500.00 23002.00
30/01/2017 1.86 1.76 1.86 1.79 30 37100.00 66682.00
31/01/2017 1.82 1.79 1.84 1.81 16 20600.00 37431.00
01/02/2017 1.84 1.79 1.84 1.79 17 14300.00 25841.00
02/02/2017 1.82 1.78 1.82 1.80 6 49400.00 87998.00
03/02/2017 1.80 1.75 1.80 1.78 28 43100.00 76301.00
06/02/2017 1.79 1.77 1.80 1.78 22 21500.00 38406.00
07/02/2017 1.79 1.79 1.80 1.79 12 10900.00 19536.00
08/02/2017 1.79 1.77 1.79 1.77 11 11000.00 19587.00
09/02/2017 1.79 1.78 1.80 1.78 15 15600.00 27976.00
10/02/2017 1.78 1.78 1.78 1.78 12 14200.00 25276.00
13/02/2017 1.77 1.77 1.80 1.80 38 51200.00 91490.00
14/02/2017 1.80 1.78 1.80 1.80 50 66000.00 118603.00
15/02/2017 1.80 1.78 1.87 1.85 128 179800.00 330040.00
16/02/2017 1.85 1.79 1.85 1.80 61 82000.00 149555.00
17/02/2017 1.80 1.78 1.80 1.79 15 17200.00 30855.00
20/02/2017 1.76 1.70 1.79 1.75 81 95900.00 166315.00
21/02/2017 1.74 1.72 1.78 1.77 46 31600.00 55290.00
22/02/2017 1.77 1.70 1.77 1.77 44 31900.00 55344.00
23/02/2017 1.77 1.72 1.77 1.74 19 10900.00 18988.00
24/02/2017 1.75 1.74 1.77 1.74 18 20000.00 35102.00
01/03/2017 1.77 1.77 1.80 1.79 13 11200.00 20098.00
02/03/2017 1.79 1.77 1.79 1.79 9 5700.00 10185.00
03/03/2017 1.79 1.77 1.79 1.79 11 14200.00 25267.00
06/03/2017 1.79 1.77 1.79 1.79 8 7300.00 12945.00
07/03/2017 1.82 1.77 1.82 1.77 37 50800.00 91293.00
08/03/2017 1.77 1.76 1.81 1.76 13 10300.00 18374.00
09/03/2017 1.77 1.73 1.78 1.78 17 13100.00 22899.00
10/03/2017 1.80 1.71 1.80 1.78 33 28200.00 49090.00
13/03/2017 1.79 1.74 1.79 1.79 24 14100.00 24789.00
14/03/2017 1.79 1.78 2.05 2.04 291 427600.00 826467.00
15/03/2017 2.04 1.83 2.04 1.87 157 204100.00 391184.00
16/03/2017 1.92 1.80 1.92 1.86 73 75300.00 137865.00
17/03/2017 1.86 1.83 1.92 1.85 29 20900.00 39093.00
20/03/2017 1.85 1.76 1.87 1.80 50 52700.00 95321.00
21/03/2017 1.80 1.78 1.81 1.78 26 43400.00 77426.00
22/03/2017 1.82 1.77 1.85 1.78 29 32700.00 58824.00
23/03/2017 1.80 1.77 1.80 1.77 16 29400.00 52889.00
24/03/2017 1.83 1.79 1.83 1.82 11 9200.00 16582.00
27/03/2017 1.79 1.77 1.82 1.79 23 10900.00 19484.00
28/03/2017 1.80 1.78 1.90 1.89 36 26400.00 48570.00
29/03/2017 1.90 1.83 1.90 1.87 17 8400.00 15526.00
30/03/2017 1.85 1.84 1.86 1.86 7 2600.00 4810.00
31/03/2017 1.86 1.81 1.89 1.81 20 18800.00 34663.00
03/04/2017 1.86 1.77 1.86 1.78 38 43400.00 78157.00
04/04/2017 1.79 1.78 1.83 1.80 17 12200.00 21907.00
05/04/2017 1.80 1.73 1.80 1.73 25 26400.00 46785.00
06/04/2017 1.75 1.71 1.75 1.71 42 44400.00 76891.00
07/04/2017 1.73 1.73 1.81 1.79 26 15900.00 28435.00
10/04/2017 1.76 1.75 1.77 1.75 20 17900.00 31559.00
11/04/2017 1.76 1.75 1.80 1.76 20 25800.00 45804.00
12/04/2017 1.78 1.78 1.81 1.78 24 22900.00 41126.00
13/04/2017 1.80 1.80 1.91 1.90 63 93300.00 173873.00
17/04/2017 1.92 1.85 1.96 1.90 31 30200.00 57461.00
18/04/2017 1.90 1.85 1.90 1.85 11 7700.00 14460.00
19/04/2017 1.84 1.84 1.88 1.85 9 12500.00 23083.00
20/04/2017 1.88 1.84 1.90 1.88 21 24000.00 45142.00
24/04/2017 1.90 1.85 1.91 1.88 35 20100.00 37826.00
25/04/2017 1.86 1.85 1.94 1.90 103 51100.00 97059.00
26/04/2017 1.93 1.86 1.93 1.91 21 14100.00 26528.00
27/04/2017 1.94 1.90 1.94 1.92 15 9100.00 17398.00
28/04/2017 1.88 1.87 1.89 1.89 6 5600.00 10518.00
02/05/2017 1.94 1.83 1.98 1.85 57 59000.00 112505.00
03/05/2017 1.88 1.87 1.92 1.90 7 6000.00 11369.00
04/05/2017 1.90 1.85 1.90 1.86 13 13800.00 25697.00
05/05/2017 1.90 1.84 1.90 1.85 28 27000.00 50374.00
08/05/2017 1.88 1.85 1.91 1.88 19 29700.00 55634.00
09/05/2017 1.90 1.85 1.90 1.86 40 58900.00 110374.00
10/05/2017 1.87 1.86 1.91 1.89 26 31600.00 59508.00
11/05/2017 1.91 1.89 1.92 1.89 10 9600.00 18334.00
12/05/2017 1.92 1.91 2.05 1.99 115 96000.00 189962.00
15/05/2017 2.14 2.08 2.19 2.10 316 418100.00 893459.00
16/05/2017 2.13 2.01 2.18 2.04 128 131200.00 273029.00
17/05/2017 2.03 1.95 2.07 1.95 59 51900.00 103536.00
18/05/2017 1.79 1.70 1.85 1.85 123 128600.00 227268.00
19/05/2017 1.88 1.76 1.89 1.79 56 119000.00 215556.00
22/05/2017 1.84 1.78 1.84 1.79 29 28300.00 51019.00
23/05/2017 1.83 1.80 1.83 1.80 5 3200.00 5826.00
24/05/2017 1.82 1.78 1.83 1.80 14 9300.00 16698.00
25/05/2017 1.83 1.80 1.85 1.80 28 21000.00 38228.00
26/05/2017 1.81 1.79 1.87 1.82 32 23000.00 42272.00
29/05/2017 1.82 1.82 1.87 1.87 11 7300.00 13560.00
30/05/2017 1.84 1.84 1.90 1.87 15 8000.00 15023.00
31/05/2017 1.89 1.71 1.90 1.74 78 128100.00 225189.00
01/06/2017 1.76 1.76 1.82 1.76 25 28200.00 50164.00
02/06/2017 1.84 1.78 1.84 1.80 12 8800.00 15829.00
05/06/2017 1.77 1.77 1.80 1.77 10 5800.00 10316.00
06/06/2017 1.84 1.80 1.84 1.80 2 200.00 364.00
07/06/2017 1.77 1.75 1.83 1.77 56 58300.00 104032.00
08/06/2017 1.77 1.77 1.79 1.79 9 2900.00 5161.00
09/06/2017 1.80 1.77 1.80 1.77 8 4800.00 8524.00
12/06/2017 1.77 1.77 1.79 1.79 8 3900.00 6966.00
13/06/2017 1.77 1.76 1.79 1.77 17 24800.00 43937.00
14/06/2017 1.77 1.77 1.79 1.77 7 3500.00 6197.00
16/06/2017 1.77 1.76 1.77 1.76 5 13900.00 24513.00
