20/06/2016 25.28 24.55 25.38 24.63 2393 480392.38 11959484.00
21/06/2016 24.62 24.41 24.87 24.64 2864 576108.46 14198448.00
22/06/2016 24.71 24.58 24.96 24.68 1844 335219.45 8285566.00
23/06/2016 24.86 24.69 25.50 24.93 2256 382118.19 9578967.00
24/06/2016 24.34 24.21 24.83 24.75 1490 266363.56 6533395.00
27/06/2016 24.75 24.58 25.32 24.93 1178 234173.96 5849036.00
28/06/2016 25.12 24.91 25.80 25.24 3031 587406.79 14851675.00
29/06/2016 25.36 25.06 25.66 25.34 3611 640381.06 16314107.00
30/06/2016 25.48 25.22 25.93 25.80 3803 645817.05 16539953.00
01/07/2016 25.66 24.75 25.73 24.95 4630 1063109.30 26581728.00
04/07/2016 25.00 24.49 25.12 24.68 2019 1578142.80 38899761.00
05/07/2016 24.41 24.26 24.73 24.57 2527 439995.51 10793347.00
06/07/2016 24.57 24.30 25.00 24.60 2172 363678.46 8903161.00
07/07/2016 24.59 24.23 24.99 24.43 3125 1276285.42 31211619.00
08/07/2016 24.54 24.50 25.79 25.25 3648 674595.83 17034383.00
11/07/2016 25.53 25.23 26.25 26.15 4285 955561.95 24836708.00
12/07/2016 26.27 26.27 28.53 27.31 5234 1314657.12 35888185.00
13/07/2016 27.41 27.10 28.28 28.28 4493 1119707.56 31352932.00
14/07/2016 28.51 28.18 29.23 28.83 2927 639741.54 18507297.00
15/07/2016 28.83 28.52 29.09 28.81 3172 705080.01 20311328.00
18/07/2016 29.26 28.51 29.26 28.70 3017 837355.79 24125977.00
19/07/2016 28.58 28.57 29.93 29.41 4938 1183234.04 34828943.00
20/07/2016 29.83 28.34 29.85 28.40 3219 951085.26 27428876.00
21/07/2016 28.60 28.18 28.85 28.33 3367 861338.10 24644105.00
22/07/2016 28.33 28.09 28.76 28.47 2575 607232.18 17377093.00
25/07/2016 28.32 28.00 28.59 28.38 2185 377321.73 10692644.00
26/07/2016 28.39 28.15 28.70 28.52 1927 344812.37 9822080.00
27/07/2016 28.47 28.41 29.02 28.76 3493 773509.55 22280283.00
28/07/2016 28.52 28.40 29.20 29.08 3989 999689.40 28978438.00
29/07/2016 29.84 28.84 30.19 29.29 5247 1257312.75 36824955.00
01/08/2016 29.46 29.16 29.76 29.31 4498 1040725.81 30655579.00
02/08/2016 29.54 29.16 29.71 29.46 4568 692502.62 20437607.00
03/08/2016 29.42 29.05 31.88 30.68 4789 1058526.02 32254407.00
04/08/2016 31.02 30.57 32.03 31.53 3698 799517.03 25219555.00
05/08/2016 31.53 31.16 31.96 31.89 3258 547649.44 17344923.00
08/08/2016 32.08 31.52 32.41 32.39 5141 842472.02 27079425.00
09/08/2016 32.46 32.09 33.21 33.21 3228 579199.52 19028769.00
10/08/2016 33.21 32.46 33.87 33.19 5370 1148379.75 38156431.00
11/08/2016 33.36 32.78 33.54 32.95 1363 381265.49 12614350.00
12/08/2016 32.83 32.83 33.98 33.61 2250 434133.16 14490352.00
15/08/2016 33.74 33.35 34.35 33.56 3431 565556.24 19209588.00
16/08/2016 33.72 33.15 34.98 34.15 3309 596360.19 20355621.00
17/08/2016 33.98 33.67 34.46 34.46 1818 306973.61 10459363.00
18/08/2016 34.41 34.16 35.81 35.70 3936 843857.66 29711532.00
19/08/2016 35.77 34.79 35.77 35.11 1787 343959.66 12083413.00
22/08/2016 34.75 34.34 35.28 34.99 2348 536777.47 18614692.00
23/08/2016 35.35 34.43 35.45 34.71 2684 462805.35 16127428.00
24/08/2016 34.41 34.41 35.56 34.65 3586 657541.74 22956671.00
25/08/2016 34.50 34.50 35.18 34.95 1521 435305.64 15158257.00
26/08/2016 35.11 34.96 35.74 35.19 4207 735351.02 26021092.00
29/08/2016 35.36 35.02 35.46 35.25 1212 312729.36 11000431.00
30/08/2016 35.26 35.10 36.16 35.87 2422 603927.94 21500946.00
31/08/2016 35.89 35.75 36.27 35.87 3601 976772.97 35188031.00
01/09/2016 35.80 34.43 36.03 35.10 2598 571311.99 19872473.00
02/09/2016 35.12 34.94 35.65 35.65 2521 739721.13 26220445.00
05/09/2016 35.72 35.37 36.58 36.58 1225 337244.62 12101982.00
06/09/2016 36.47 36.31 37.87 37.51 3751 957054.18 35284004.00
08/09/2016 37.52 36.90 37.53 37.16 2471 324667.23 12077256.00
09/09/2016 37.04 36.78 37.87 37.41 3554 695167.33 25955238.00
12/09/2016 37.38 36.85 37.72 37.38 3061 694101.45 25941081.00
13/09/2016 37.46 36.41 37.62 37.34 2921 474636.63 17563866.00
14/09/2016 37.26 36.72 37.54 37.23 1378 283204.48 10533402.00
15/09/2016 37.23 35.20 37.23 35.37 4252 978265.21 34937003.00
16/09/2016 35.21 34.54 35.52 35.52 1394 594761.37 20849116.00
19/09/2016 35.52 35.29 35.89 35.37 2991 435199.04 15459084.00
20/09/2016 35.33 34.97 35.64 34.99 1171 185676.40 6533956.00
21/09/2016 35.35 35.35 36.65 36.12 5970 893634.29 32279289.00
22/09/2016 36.69 36.41 37.23 37.06 4441 1021646.55 37717502.00
23/09/2016 36.91 35.74 37.27 36.12 2129 506080.11 18296537.00
26/09/2016 36.15 35.71 36.33 35.95 1278 303349.61 10940978.00
27/09/2016 36.31 36.03 37.47 36.43 4758 732259.96 27100837.00
28/09/2016 36.47 36.26 37.16 37.06 2633 557668.73 20616691.00
29/09/2016 37.17 36.26 37.42 36.26 3305 547436.28 20235165.00
30/09/2016 36.26 35.98 36.87 35.98 2619 456196.89 16677500.00
03/10/2016 36.07 36.07 36.87 36.87 1886 406740.04 14944079.00
04/10/2016 36.87 36.69 37.10 36.87 1326 292477.63 10778112.00
05/10/2016 36.43 35.85 37.15 35.89 3582 594867.96 21756684.00
06/10/2016 36.10 36.02 37.11 36.88 2566 661592.09 24330342.00
07/10/2016 36.83 35.94 36.85 36.22 3478 552978.85 20132252.00
10/10/2016 36.50 36.50 37.00 36.77 2716 437863.74 16100307.00
11/10/2016 36.60 36.59 37.41 36.78 3197 473890.51 17452242.00
13/10/2016 36.61 36.61 38.22 37.53 5308 820195.11 30877383.00
14/10/2016 38.06 36.90 38.06 37.28 2677 443726.09 16525193.00
17/10/2016 37.28 36.66 38.55 37.81 4317 802394.91 30192152.00
18/10/2016 37.81 36.87 38.13 38.00 2548 406526.86 15381037.00
19/10/2016 38.45 36.87 38.45 37.34 4783 790989.99 29807114.00
20/10/2016 37.32 35.91 37.91 36.52 3160 625458.73 23005392.00
21/10/2016 36.73 36.44 37.53 36.99 2050 810602.19 29999796.00
24/10/2016 37.05 37.05 37.90 37.44 1430 536884.05 20154202.00
25/10/2016 37.25 36.41 37.26 36.58 2196 350248.37 12846458.00
26/10/2016 36.56 36.12 36.88 36.39 2452 467388.64 17028692.00
27/10/2016 36.39 36.21 37.07 37.06 4213 754750.05 27690319.00
28/10/2016 38.46 37.90 39.40 38.46 5061 1262748.74 48875968.00
31/10/2016 38.46 38.46 40.23 39.64 4825 1037847.93 40837258.00
01/11/2016 39.40 38.70 39.78 38.82 2903 384782.89 15038741.00
03/11/2016 38.86 38.61 39.55 38.61 2437 353019.65 13846856.00
04/11/2016 38.60 37.06 39.18 37.07 4736 890543.24 33449189.00
07/11/2016 37.62 36.40 37.91 37.16 3164 1563433.65 57898024.00
08/11/2016 37.21 36.49 37.44 37.26 3321 636437.30 23634171.00
09/11/2016 36.87 36.14 37.97 37.06 2503 608937.58 22448573.00
10/11/2016 37.40 35.65 37.72 36.57 3900 696872.73 25399131.00
11/11/2016 36.57 35.77 37.18 36.59 6824 975707.09 35809294.00
14/11/2016 36.92 36.23 36.97 36.78 2318 722347.28 26500210.00
16/11/2016 37.05 36.79 37.63 37.05 3828 652532.10 24256517.00
17/11/2016 37.00 36.92 39.40 38.18 2207 318804.89 12213114.00
18/11/2016 38.18 36.88 38.18 37.11 1781 250162.18 9333590.00
21/11/2016 37.48 36.39 37.81 37.20 3204 528889.95 19571834.00
22/11/2016 37.05 36.50 37.45 36.62 2663 476981.57 17628116.00
23/11/2016 36.81 36.20 37.06 36.21 3310 520469.49 18989264.00
24/11/2016 36.21 35.66 36.81 36.26 439 133981.19 4862858.00
25/11/2016 35.67 35.66 36.62 36.35 696 128758.38 4663535.00
28/11/2016 36.37 36.22 37.15 36.26 1340 218292.34 7970540.00
29/11/2016 36.29 35.46 36.32 35.64 2101 399065.69 14255703.00
30/11/2016 35.58 35.04 36.64 36.64 2848 712008.23 25443058.00
01/12/2016 36.58 34.66 36.59 34.66 3738 858353.64 30147247.00
02/12/2016 34.70 34.21 35.32 34.99 2443 419850.36 14649220.00
05/12/2016 35.31 34.25 35.31 34.44 2884 656262.68 22612938.00
06/12/2016 34.39 34.32 35.32 34.90 2552 496700.36 17315813.00
07/12/2016 34.90 34.57 35.54 34.57 3345 617358.03 21541563.00
08/12/2016 34.86 34.86 36.55 36.22 3546 574296.46 20733874.00
09/12/2016 37.21 36.81 39.02 37.53 5470 1012160.21 38451316.00
12/12/2016 37.42 36.51 37.43 36.70 1565 380412.79 14023027.00
13/12/2016 36.59 36.12 37.96 37.60 3901 523263.22 19358196.00
14/12/2016 37.76 36.35 37.76 36.58 1982 323159.28 11928699.00
15/12/2016 36.72 35.97 37.25 36.72 3132 381400.75 13888257.00
16/12/2016 37.26 36.07 37.65 36.14 1843 1095465.46 40040701.00
19/12/2016 36.50 34.73 36.50 34.73 3983 745915.52 26302869.00
20/12/2016 35.11 34.42 35.85 34.43 3188 627612.53 21945463.00
21/12/2016 34.63 34.02 35.01 34.44 4847 963512.13 33269952.00
22/12/2016 34.43 34.25 34.86 34.51 3764 532161.23 18413270.00
23/12/2016 34.61 34.17 34.82 34.32 3169 395051.09 13590167.00
26/12/2016 34.34 34.02 34.85 34.41 424 76947.50 2656623.00
27/12/2016 34.44 34.12 34.70 34.27 1604 201317.31 6924019.00
28/12/2016 34.41 34.30 35.55 35.02 3903 605569.75 21282307.00
29/12/2016 34.74 34.54 35.29 35.26 2870 525487.72 18414832.00
02/01/2017 35.31 34.02 35.31 34.32 1217 288679.52 9917702.00
03/01/2017 34.22 33.90 34.60 34.14 4018 701931.07 23946813.00
04/01/2017 34.09 34.09 35.05 34.90 4171 604861.95 21005540.00
05/01/2017 34.82 34.82 36.43 35.60 3360 1636726.92 57575986.00
06/01/2017 35.83 35.16 35.84 35.60 2796 457236.00 16251348.00
09/01/2017 35.28 35.23 36.02 35.47 2788 388377.59 13790476.00
10/01/2017 35.47 35.08 35.69 35.42 4352 917100.95 32445337.00
11/01/2017 35.63 35.22 36.07 35.56 2581 399500.10 14189940.00
12/01/2017 35.83 35.36 36.48 35.36 4142 777462.98 27882189.00
13/01/2017 35.37 35.21 35.55 35.41 4185 644599.62 22796664.00
16/01/2017 35.43 35.36 36.38 36.38 2183 361279.13 12970752.00
17/01/2017 36.02 35.94 37.93 37.43 5904 933582.48 34581663.00
18/01/2017 37.42 36.79 37.97 37.39 5509 860679.53 32065600.00
19/01/2017 37.40 36.65 37.54 37.38 4265 573718.94 21300599.00
20/01/2017 37.13 36.45 37.82 37.22 4608 669473.58 24722567.00
23/01/2017 36.96 36.55 37.38 37.06 2679 387872.02 14301571.00
24/01/2017 37.37 37.14 38.68 38.27 3361 684842.86 26140112.00
26/01/2017 38.46 37.70 39.08 38.30 1795 716188.10 27393648.00
27/01/2017 38.08 37.52 39.00 37.94 3093 465223.98 17607095.00
30/01/2017 38.02 36.59 38.40 36.59 2913 1344103.97 49569615.00
31/01/2017 36.63 36.62 37.96 37.56 4409 740253.15 27670408.00
01/02/2017 37.91 36.94 38.02 37.30 4408 777968.55 29077961.00
02/02/2017 37.49 35.85 37.77 36.70 4012 674428.15 24598125.00
03/02/2017 36.68 36.32 36.79 36.64 1924 325990.46 11909999.00
06/02/2017 36.99 36.75 37.88 37.54 3688 566135.42 21251974.00
07/02/2017 37.73 37.08 38.06 37.78 4480 681101.66 25539614.00
08/02/2017 38.01 37.63 39.40 39.21 5817 782518.66 30243611.00
09/02/2017 39.06 38.74 40.72 40.06 8124 1567059.60 62803802.00
10/02/2017 40.28 39.47 40.55 40.29 4122 556832.96 22326983.00
13/02/2017 40.29 40.05 41.65 41.29 4112 828525.38 33929366.00
14/02/2017 41.67 40.47 41.68 41.29 5930 883632.33 36229276.00
15/02/2017 41.29 40.69 41.53 40.91 7188 1200927.01 49231758.00
16/02/2017 40.89 39.86 40.89 40.83 5123 839850.11 34006180.00
17/02/2017 40.90 40.37 41.22 40.81 2067 539542.52 21955322.00
20/02/2017 40.81 40.81 41.88 41.59 2277 373615.00 15549413.00
21/02/2017 41.75 41.52 42.49 42.15 4177 685247.32 28772387.00
22/02/2017 42.15 41.44 42.87 42.33 4718 925796.73 39156203.00
23/02/2017 42.38 42.37 43.52 43.21 4595 740152.04 31814665.00
24/02/2017 43.17 42.62 43.38 42.84 5044 825694.20 35548817.00
01/03/2017 42.84 42.64 43.90 43.07 2277 303037.66 13115794.00
02/03/2017 43.43 42.38 44.28 42.53 3828 571191.10 24490767.00
03/03/2017 42.20 41.05 42.79 41.54 3458 609007.61 25314001.00
06/03/2017 41.67 40.57 41.94 41.54 3013 419823.94 17451959.00
07/03/2017 42.08 41.56 42.40 41.83 2375 392219.91 16427552.00
08/03/2017 41.83 40.38 42.10 41.23 2036 347628.78 14243570.00
09/03/2017 40.55 40.35 40.92 40.92 2983 543789.30 22069448.00
10/03/2017 41.04 38.93 41.13 40.15 4896 961590.97 38520674.00
13/03/2017 40.10 40.04 41.55 41.44 3567 582616.95 23879920.00
14/03/2017 41.34 40.72 42.30 41.25 3635 515275.24 21475177.00
15/03/2017 41.51 41.12 43.23 42.55 3777 561500.00 23695097.00
16/03/2017 42.50 42.47 43.88 42.90 1969 457800.00 19655233.00
17/03/2017 42.90 41.92 43.09 42.36 2795 418200.00 17750654.00
20/03/2017 42.36 41.33 42.36 42.15 1742 247500.00 10356028.00
21/03/2017 42.15 41.25 42.61 41.29 3089 422900.00 17570716.00
22/03/2017 41.39 41.00 42.07 41.92 3110 419300.00 17439607.00
23/03/2017 41.88 41.68 42.71 42.00 4215 555500.00 23373887.00
24/03/2017 41.62 40.39 42.29 40.75 5492 837300.00 34606896.00
27/03/2017 40.83 40.05 41.70 41.45 4038 520100.00 21285637.00
28/03/2017 41.42 41.12 42.02 41.60 1910 275700.00 11474325.00
29/03/2017 41.91 41.20 42.56 42.00 3226 535500.00 22420056.00
30/03/2017 41.82 41.80 43.15 42.15 3887 607600.00 25591348.00
31/03/2017 42.18 41.97 42.59 42.30 4282 659000.00 27783590.00
03/04/2017 42.51 41.72 42.90 41.72 2296 349600.00 14703582.00
04/04/2017 41.85 41.85 42.48 42.00 1890 320100.00 13450904.00
05/04/2017 42.02 41.80 44.07 43.10 4622 688400.00 29822809.00
06/04/2017 43.11 42.01 43.51 42.48 2190 307600.00 13102289.00
07/04/2017 42.09 42.09 44.12 43.65 2219 423700.00 18522699.00
10/04/2017 43.93 42.84 44.03 43.55 2500 330200.00 14352976.00
11/04/2017 43.59 43.32 44.16 43.52 2304 298900.00 13057076.00
12/04/2017 43.38 42.63 43.98 43.03 2781 407500.00 17616897.00
13/04/2017 43.02 42.27 44.37 42.74 2903 389000.00 16820514.00
17/04/2017 42.95 42.95 45.60 44.73 3015 536900.00 23948115.00
18/04/2017 44.99 44.66 46.14 44.78 4556 669000.00 30290732.00
19/04/2017 44.83 44.28 45.63 44.50 2478 382000.00 17118127.00
20/04/2017 44.51 44.20 45.10 45.10 779 217400.00 9748656.00
24/04/2017 45.33 44.54 46.50 45.02 2707 400600.00 18347255.00
25/04/2017 45.02 44.60 46.99 46.99 2464 436500.00 20146946.00
26/04/2017 47.17 46.06 47.20 46.06 1876 348800.00 16275773.00
27/04/2017 46.36 46.13 47.29 47.27 2692 390400.00 18279286.00
28/04/2017 50.83 50.83 53.21 52.52 6751 1415900.00 73903834.00
02/05/2017 52.01 52.00 54.50 53.57 4146 623200.00 33342164.00
03/05/2017 54.09 53.40 55.41 53.88 6056 1175300.00 64187599.00
04/05/2017 53.55 53.28 55.13 54.35 5201 785900.00 42810191.00
05/05/2017 54.01 54.01 58.12 57.35 6400 956200.00 53917410.00
08/05/2017 57.35 55.62 57.61 56.50 2739 403500.00 22801563.00
09/05/2017 56.50 56.28 58.03 57.69 4852 611100.00 35022858.00
10/05/2017 58.79 57.50 58.98 58.15 2898 549400.00 31912162.00
11/05/2017 57.93 57.36 59.00 58.40 4317 807300.00 47240785.00
12/05/2017 58.00 58.00 58.87 58.60 3560 461000.00 26993821.00
15/05/2017 59.36 57.83 59.36 58.37 5097 780000.00 45791396.00
16/05/2017 58.07 57.72 59.30 58.29 5077 754900.00 44114575.00
17/05/2017 57.71 57.70 58.49 57.85 2884 417900.00 24255365.00
18/05/2017 52.53 52.53 58.30 56.06 2462 536900.00 29641320.00
19/05/2017 56.31 55.53 58.09 57.20 5419 937200.00 53206404.00
22/05/2017 57.13 54.20 57.39 54.40 4558 756100.00 41992672.00
23/05/2017 54.00 54.00 58.36 57.90 4427 761200.00 43671455.00
24/05/2017 58.00 57.21 58.84 57.42 3396 491100.00 28360639.00
25/05/2017 56.60 56.60 58.16 57.38 2592 362400.00 20901079.00
26/05/2017 57.58 57.51 59.26 58.22 4423 604500.00 35212857.00
29/05/2017 57.50 57.31 58.11 57.88 1190 154200.00 8917122.00
30/05/2017 57.80 56.90 58.16 57.26 4379 658500.00 37720581.00
31/05/2017 57.48 56.10 57.72 56.77 3099 569100.00 32248569.00
01/06/2017 57.29 56.61 58.36 57.16 4881 765900.00 43928398.00
02/06/2017 57.50 56.46 58.09 57.91 3772 513500.00 29535694.00
05/06/2017 57.46 57.17 58.05 57.31 2009 286700.00 16515998.00
06/06/2017 57.39 57.20 59.00 58.19 4155 547900.00 31940922.00
07/06/2017 58.74 57.21 59.10 58.20 3634 643000.00 37144029.00
08/06/2017 58.21 57.62 58.63 58.00 2914 388500.00 22503969.00
09/06/2017 57.81 56.90 58.21 57.40 3354 571300.00 32850772.00
12/06/2017 57.40 56.13 57.68 56.55 2832 437000.00 24720217.00
13/06/2017 56.20 56.11 57.16 56.46 3408 500000.00 28303527.00
14/06/2017 56.51 55.45 56.88 56.44 3200 534800.00 30051706.00
16/06/2017 56.44 55.74 57.58 57.20 4283 1076400.00 61294471.00
