20/06/2016 3.45 3.43 3.51 3.50 13 42640.65 149626.00
21/06/2016 3.42 3.32 3.46 3.46 95 51763.29 174635.00
22/06/2016 3.38 3.34 3.48 3.34 22 10660.16 35888.00
23/06/2016 3.47 3.42 3.47 3.42 2 1127.52 3855.00
24/06/2016 3.32 3.32 3.42 3.42 9 9020.13 30679.00
27/06/2016 3.34 3.29 3.36 3.29 54 14350.22 47605.00
28/06/2016 3.29 3.28 3.37 3.28 30 5432.58 17971.00
29/06/2016 3.36 3.28 3.36 3.28 21 9020.13 29731.00
30/06/2016 3.32 3.28 3.32 3.28 9 4612.57 15220.00
01/07/2016 3.32 3.24 3.32 3.24 13 7175.10 23640.00
04/07/2016 3.40 3.29 3.40 3.32 13 7482.62 24912.00
05/07/2016 3.38 3.24 3.38 3.24 15 6047.59 19980.00
06/07/2016 3.25 3.25 3.37 3.33 13 6047.59 20121.00
07/07/2016 3.33 3.30 3.33 3.30 40 306377.14 1010945.00
08/07/2016 3.30 3.30 3.39 3.30 229 36183.05 120084.00
11/07/2016 3.30 3.22 3.32 3.22 102 222838.37 726868.00
12/07/2016 3.30 3.30 3.35 3.35 19 11275.18 37302.00
13/07/2016 3.36 3.36 3.36 3.36 1 102.50 344.00
14/07/2016 3.36 3.28 3.36 3.30 9 5227.58 17244.00
15/07/2016 3.33 3.32 3.33 3.32 65 157852.39 523606.00
18/07/2016 3.32 3.32 3.55 3.55 47 96638.63 327931.00
19/07/2016 3.57 3.41 3.57 3.41 20 7799.97 26864.00
20/07/2016 3.57 3.47 3.64 3.55 101 24311.60 85787.00
21/07/2016 3.59 3.55 3.60 3.60 9 249092.64 894885.00
22/07/2016 3.66 3.66 3.72 3.70 41 38797.27 143158.00
25/07/2016 3.73 3.59 3.73 3.59 8 1215.58 4467.00
26/07/2016 3.53 3.50 3.60 3.51 402 68680.28 244249.00
27/07/2016 3.51 3.51 3.59 3.57 17 10332.43 36958.00
28/07/2016 3.88 3.80 4.39 3.93 1313 792862.19 3156061.00
29/07/2016 4.19 4.13 4.39 4.21 631 551670.82 2356095.00
01/08/2016 4.28 4.28 4.49 4.28 403 288497.70 1265500.00
02/08/2016 4.29 3.95 4.39 4.03 182 137563.16 574026.00
03/08/2016 4.03 4.00 4.24 4.13 142 117809.98 483802.00
04/08/2016 4.15 3.99 4.16 3.99 102 89345.15 360291.00
05/08/2016 4.06 3.87 4.06 3.93 126 74656.88 293676.00
08/08/2016 3.95 3.73 3.97 3.75 189 109098.32 413328.00
09/08/2016 3.83 3.80 3.94 3.93 97 34542.74 133509.00
10/08/2016 3.93 3.80 4.03 3.84 201 35657.02 138411.00
11/08/2016 3.95 3.75 4.12 4.07 184 91269.81 360688.00
12/08/2016 4.11 3.96 4.14 4.13 76 34947.93 141356.00
15/08/2016 4.14 4.05 4.15 4.11 123 94410.06 386045.00
16/08/2016 4.13 4.00 4.15 4.00 54 86610.09 351938.00
17/08/2016 4.12 4.11 4.24 4.13 301 102210.04 423342.00
18/08/2016 4.15 4.15 4.34 4.33 256 116290.51 497106.00
19/08/2016 4.33 4.26 4.33 4.28 29 11649.31 50038.00
22/08/2016 4.34 4.24 4.34 4.29 48 129155.40 557168.00
23/08/2016 4.33 4.19 4.34 4.24 79 29680.42 126044.00
24/08/2016 4.94 4.70 5.22 4.83 2587 1460924.82 7186223.00
25/08/2016 5.00 4.80 5.06 4.82 1259 566561.68 2759575.00
26/08/2016 4.92 4.81 4.98 4.85 474 257095.21 1249655.00
29/08/2016 4.90 4.84 4.95 4.84 337 146173.52 716644.00
30/08/2016 4.94 4.79 4.95 4.84 183 101602.25 492406.00
31/08/2016 4.91 4.76 4.94 4.93 186 135638.49 656247.00
01/09/2016 4.94 4.67 4.94 4.67 170 153669.60 734253.00
02/09/2016 4.72 4.71 4.84 4.84 151 214853.80 1019113.00
05/09/2016 4.89 4.67 4.89 4.71 118 87116.58 412277.00
06/09/2016 4.75 4.61 4.75 4.71 120 78911.42 369750.00
08/09/2016 4.74 4.59 4.74 4.62 181 109199.62 506415.00
09/09/2016 4.64 4.51 4.65 4.56 177 117506.09 534409.00
12/09/2016 4.56 4.48 4.64 4.48 95 58854.34 266229.00
13/09/2016 4.51 4.34 4.52 4.40 106 102210.04 449532.00
14/09/2016 4.42 4.35 4.47 4.47 171 75568.57 334990.00
15/09/2016 4.48 4.35 4.48 4.35 113 59158.24 261782.00
16/09/2016 4.34 4.29 4.36 4.36 81 70706.25 306416.00
19/09/2016 4.49 4.32 4.49 4.32 69 46192.05 204250.00
20/09/2016 4.32 4.15 4.38 4.23 102 88433.46 376146.00
21/09/2016 4.19 4.15 4.47 4.47 101 75062.08 323134.00
22/09/2016 4.52 4.52 4.69 4.63 71 43760.89 202489.00
23/09/2016 4.65 4.49 4.65 4.49 50 16815.53 76932.00
26/09/2016 4.50 4.42 4.54 4.42 58 21880.44 97864.00
27/09/2016 4.49 4.37 4.53 4.49 56 17727.21 78831.00
28/09/2016 4.49 4.49 4.58 4.57 79 63817.96 289427.00
29/09/2016 4.62 4.49 4.73 4.57 126 60373.82 281261.00
30/09/2016 4.57 4.48 4.70 4.57 67 34340.14 157831.00
03/10/2016 4.66 4.46 4.71 4.46 75 54397.21 250983.00
04/10/2016 4.47 4.47 4.62 4.62 39 15296.05 69530.00
05/10/2016 4.62 4.58 4.66 4.60 46 18537.60 85482.00
06/10/2016 4.62 4.60 4.65 4.62 42 19449.28 90112.00
07/10/2016 4.66 4.65 4.73 4.70 63 41532.32 194717.00
10/10/2016 4.73 4.69 4.79 4.73 85 61082.91 289296.00
11/10/2016 4.74 4.65 4.74 4.70 49 18537.60 86910.00
13/10/2016 4.72 4.64 4.73 4.69 67 50345.28 236004.00
14/10/2016 4.73 4.54 4.73 4.64 66 44976.47 209103.00
17/10/2016 4.67 4.52 4.77 4.58 127 78911.42 365112.00
18/10/2016 4.60 4.56 4.64 4.59 65 63108.87 289956.00
19/10/2016 4.68 4.49 4.69 4.53 157 252941.98 1150285.00
20/10/2016 4.59 4.52 4.62 4.62 207 59056.94 271680.00
21/10/2016 4.65 4.59 4.65 4.64 107 44469.98 205398.00
24/10/2016 4.65 4.51 4.67 4.65 84 49838.79 229335.00
25/10/2016 4.64 4.56 4.64 4.57 33 10838.92 49701.00
26/10/2016 4.55 4.44 4.57 4.56 82 35555.72 159942.00
27/10/2016 4.55 4.42 4.57 4.42 78 38189.48 171861.00
28/10/2016 4.42 4.34 4.49 4.35 94 45584.26 199752.00
31/10/2016 4.39 4.28 4.39 4.32 83 53586.83 232010.00
01/11/2016 4.32 4.28 4.36 4.33 92 23703.81 102875.00
03/11/2016 4.34 4.34 4.44 4.36 57 36062.21 158414.00
04/11/2016 4.39 4.26 4.45 4.29 97 26134.97 114111.00
07/11/2016 4.31 4.27 4.39 4.27 73 35555.72 153542.00
08/11/2016 4.27 4.25 4.33 4.25 70 42849.20 184105.00
09/11/2016 4.15 3.94 4.23 4.20 125 67869.90 275744.00
10/11/2016 4.33 4.10 4.33 4.21 62 36366.11 154923.00
11/11/2016 4.27 3.90 4.27 3.95 212 320609.28 1278912.00
14/11/2016 3.95 3.90 3.99 3.95 262 61386.80 242331.00
16/11/2016 4.05 3.94 4.05 4.02 122 219918.72 875259.00
17/11/2016 4.03 3.99 4.05 4.00 88 458172.44 1833154.00
18/11/2016 4.02 3.96 4.02 4.00 40 52979.04 211615.00
21/11/2016 3.99 3.98 4.05 4.03 47 93397.08 373849.00
22/11/2016 4.13 4.01 4.15 4.02 33 18537.60 75006.00
23/11/2016 4.14 3.99 4.14 4.01 137 440141.33 1760524.00
24/11/2016 4.13 4.07 4.13 4.12 52 10231.13 41953.00
25/11/2016 4.07 4.01 4.10 4.04 51 17322.02 70360.00
28/11/2016 4.07 4.00 4.11 4.00 50 30288.21 122344.00
29/11/2016 4.10 4.00 4.10 4.02 29 22488.23 90375.00
30/11/2016 4.03 3.99 4.08 4.00 60 118113.88 472980.00
01/12/2016 4.00 3.97 4.09 3.98 103 93295.78 373048.00
02/12/2016 4.04 3.95 4.05 4.05 91 82355.56 328821.00
05/12/2016 4.10 3.95 4.10 3.98 56 23096.02 92740.00
06/12/2016 4.00 3.95 4.02 3.95 47 60373.82 241022.00
07/12/2016 4.04 3.95 4.07 3.95 96 34947.93 138911.00
08/12/2016 3.96 3.96 4.06 3.99 44 20462.27 82169.00
09/12/2016 4.06 3.95 4.06 3.96 54 15802.54 63083.00
12/12/2016 4.03 3.95 4.03 3.95 82 26844.06 107089.00
13/12/2016 3.95 3.95 4.04 4.00 42 14688.26 58591.00
14/12/2016 4.00 3.95 4.00 3.95 55 27147.96 107577.00
15/12/2016 3.99 3.94 4.03 3.95 112 35859.62 142097.00
16/12/2016 3.96 3.96 4.03 4.00 38 426769.95 1706109.00
19/12/2016 4.03 3.96 4.03 4.02 40 66046.52 262115.00
20/12/2016 4.04 4.00 4.08 4.06 42 12662.29 51261.00
21/12/2016 4.08 4.08 4.24 4.16 77 28160.94 117915.00
22/12/2016 4.20 4.15 4.20 4.19 45 18537.60 77272.00
23/12/2016 4.23 4.17 4.23 4.20 30 7698.67 32344.00
26/12/2016 4.22 4.15 4.22 4.18 32 22994.73 95779.00
27/12/2016 4.23 4.20 4.41 4.24 79 42342.71 179922.00
28/12/2016 4.28 4.21 4.29 4.29 27 26438.87 112719.00
29/12/2016 4.29 4.26 4.30 4.26 23 31706.38 135600.00
02/01/2017 4.34 4.24 4.41 4.24 42 22994.73 98732.00
03/01/2017 4.28 4.26 4.42 4.26 55 27350.55 118875.00
04/01/2017 4.29 4.24 4.34 4.27 27 12763.59 54739.00
05/01/2017 4.33 4.30 4.38 4.38 32 10433.73 45197.00
06/01/2017 4.38 4.20 4.41 4.33 102 32618.07 141541.00
09/01/2017 4.33 4.32 4.42 4.34 32 8407.76 36717.00
10/01/2017 4.34 4.32 4.41 4.32 38 11041.52 48098.00
11/01/2017 4.39 4.28 4.41 4.30 57 2203036.54 9439351.00
12/01/2017 4.34 4.34 4.43 4.34 69 27857.05 122016.00
13/01/2017 4.39 4.32 4.39 4.32 43 18335.00 79699.00
16/01/2017 4.32 4.32 4.42 4.34 48 26540.17 116476.00
17/01/2017 4.36 4.34 4.39 4.35 64 22488.23 97910.00
18/01/2017 4.34 4.34 4.42 4.39 46 30896.00 136005.00
19/01/2017 4.41 4.39 4.44 4.44 59 42747.90 188710.00
20/01/2017 4.44 4.34 4.54 4.39 97 67566.00 297562.00
23/01/2017 4.44 4.41 4.45 4.42 104 46799.84 207906.00
24/01/2017 4.44 4.41 4.49 4.49 149 70301.06 312912.00
26/01/2017 4.53 4.53 4.81 4.59 295 196923.99 918116.00
27/01/2017 4.71 4.66 4.72 4.69 152 97246.42 455742.00
30/01/2017 4.76 4.69 4.89 4.73 158 92890.59 441714.00
31/01/2017 4.73 4.63 4.74 4.65 324 58145.25 271062.00
01/02/2017 4.74 4.50 4.77 4.50 96 72833.51 342732.00
02/02/2017 4.50 4.43 4.69 4.47 272 119532.05 540487.00
03/02/2017 4.54 4.41 4.55 4.44 189 110516.50 495952.00
06/02/2017 4.45 4.33 4.48 4.33 104 51864.76 228785.00
07/02/2017 4.39 4.25 4.41 4.33 61 29781.72 129325.00
08/02/2017 4.39 4.29 4.39 4.29 68 33934.95 147671.00
09/02/2017 4.35 4.30 4.39 4.30 182 101298.35 442862.00
10/02/2017 4.32 4.32 4.44 4.34 137 112745.06 489877.00
13/02/2017 4.38 4.35 4.54 4.35 150 108490.53 484079.00
14/02/2017 4.44 4.31 4.48 4.31 215 138576.14 611852.00
15/02/2017 4.38 4.38 4.48 4.44 96 59664.73 264442.00
16/02/2017 4.42 4.24 4.47 4.38 296 119633.35 522826.00
17/02/2017 4.42 4.40 4.46 4.46 95 60576.41 269511.00
20/02/2017 4.48 4.39 4.48 4.42 257 93700.97 414813.00
21/02/2017 4.40 4.36 4.51 4.37 116 78607.52 347703.00
22/02/2017 4.37 4.25 4.38 4.31 87 58246.55 252563.00
23/02/2017 4.42 4.41 4.48 4.46 347 314733.98 1401790.00
24/02/2017 4.46 4.43 4.47 4.47 278 254360.16 1133543.00
01/03/2017 4.51 4.51 4.66 4.62 176 105350.28 483426.00
02/03/2017 4.63 4.60 4.63 4.61 238 147490.40 681052.00
03/03/2017 4.61 4.51 4.61 4.56 336 161976.06 738884.00
06/03/2017 4.59 4.45 4.59 4.46 261 218804.44 986457.00
07/03/2017 4.53 4.47 4.54 4.50 348 273708.14 1233316.00
08/03/2017 4.53 4.46 4.53 4.46 151 96841.22 437952.00
09/03/2017 4.46 4.34 4.46 4.44 108 73238.71 323334.00
10/03/2017 4.49 4.37 4.52 4.44 84 55207.60 247008.00
13/03/2017 4.51 4.45 4.51 4.48 101 46901.14 210675.00
14/03/2017 4.49 4.44 4.49 4.46 58 29579.12 132234.00
15/03/2017 4.48 4.37 4.48 4.37 85 39810.25 177084.00
16/03/2017 4.39 4.39 4.48 4.44 70 33529.75 148877.00
17/03/2017 4.51 4.39 4.51 4.43 98 42950.50 190280.00
20/03/2017 4.44 4.40 4.47 4.45 99 71921.83 319780.00
21/03/2017 4.45 4.34 4.51 4.38 64 28667.43 125459.00
22/03/2017 4.38 4.34 4.41 4.39 62 33732.35 148069.00
23/03/2017 4.38 4.24 4.38 4.27 120 59867.33 257420.00
24/03/2017 4.36 4.28 4.39 4.28 61 206040.85 898912.00
27/03/2017 4.28 4.28 4.39 4.36 65 29984.31 130733.00
28/03/2017 4.39 4.34 4.39 4.38 63 32719.37 143295.00
29/03/2017 4.37 4.35 4.39 4.38 54 32921.96 144357.00
30/03/2017 4.39 4.34 4.39 4.38 61 51358.26 225029.00
31/03/2017 4.38 4.26 4.39 4.38 85 47610.22 207087.00
03/04/2017 4.38 4.31 4.54 4.35 190 115784.02 508378.00
04/04/2017 4.39 4.34 4.42 4.35 88 47306.33 206895.00
05/04/2017 4.42 4.39 4.46 4.43 63 30592.10 135816.00
06/04/2017 4.45 4.44 4.50 4.45 65 32516.77 145145.00
07/04/2017 4.51 4.38 4.52 4.43 79 47508.93 212836.00
10/04/2017 4.44 4.40 4.52 4.52 62 29477.82 131097.00
11/04/2017 4.52 4.39 4.54 4.44 90 66249.12 296561.00
12/04/2017 4.45 4.39 4.52 4.50 81 21475.25 95345.00
13/04/2017 4.51 4.45 4.53 4.51 46 21171.36 95212.00
17/04/2017 4.52 4.45 4.64 4.50 77 31706.38 143028.00
18/04/2017 4.53 4.39 4.53 4.44 135 87217.88 387655.00
19/04/2017 4.43 4.39 4.47 4.39 80 140804.71 619519.00
20/04/2017 4.44 4.39 4.50 4.48 142 50142.68 222403.00
24/04/2017 4.51 4.48 4.61 4.54 89 56524.48 256918.00
25/04/2017 4.54 4.54 4.63 4.59 76 42849.20 196567.00
26/04/2017 4.59 4.50 4.59 4.53 55 111124.29 504011.00
27/04/2017 4.57 4.51 4.59 4.56 56 16916.82 77156.00
28/04/2017 4.59 4.50 4.59 4.50 77 47103.73 214255.00
02/05/2017 4.61 4.55 4.64 4.58 105 80127.00 369529.00
03/05/2017 4.61 4.44 4.63 4.53 153 103324.32 465208.00
04/05/2017 4.53 4.48 4.62 4.60 89 27654.45 125773.00
05/05/2017 4.65 4.61 4.75 4.73 81 36300.00 170565.00
08/05/2017 4.75 4.73 4.95 4.79 176 113900.00 550695.00
09/05/2017 4.78 4.75 4.90 4.80 205 108800.00 521255.00
10/05/2017 4.75 4.63 4.87 4.67 287 193500.00 911287.00
11/05/2017 4.70 4.69 4.75 4.74 126 79300.00 375376.00
12/05/2017 4.75 4.59 4.84 4.65 575 289500.00 1347681.00
15/05/2017 4.74 4.65 4.74 4.67 115 66300.00 311245.00
16/05/2017 4.78 4.68 4.80 4.74 107 61000.00 288518.00
17/05/2017 4.75 4.60 4.79 4.63 115 51600.00 240409.00
18/05/2017 4.20 4.10 4.51 4.44 303 273200.00 1187678.00
19/05/2017 4.44 4.44 4.62 4.48 115 67600.00 307001.00
22/05/2017 4.48 4.23 4.48 4.35 106 115000.00 492518.00
23/05/2017 4.36 4.27 4.50 4.43 83 33600.00 147949.00
24/05/2017 4.43 4.42 4.51 4.46 49 38500.00 171993.00
25/05/2017 4.47 4.47 4.55 4.50 78 28500.00 128395.00
26/05/2017 4.52 4.51 4.54 4.52 62 28200.00 127617.00
29/05/2017 4.52 4.40 4.52 4.50 38 20000.00 89207.00
30/05/2017 4.50 4.50 4.56 4.56 58 29100.00 131752.00
31/05/2017 4.56 4.48 4.56 4.50 52 16800.00 75791.00
01/06/2017 4.50 4.50 4.60 4.57 78 53100.00 243300.00
02/06/2017 4.62 4.57 4.62 4.58 69 27800.00 127567.00
05/06/2017 4.60 4.52 4.61 4.52 51 24200.00 111070.00
06/06/2017 4.52 4.52 4.61 4.59 64 29200.00 133355.00
07/06/2017 4.60 4.57 4.63 4.59 43 44400.00 204415.00
08/06/2017 4.62 4.57 4.62 4.60 47 27500.00 126403.00
09/06/2017 4.63 4.57 4.65 4.57 64 33300.00 153815.00
12/06/2017 4.57 4.52 4.57 4.54 30 15100.00 68553.00
13/06/2017 4.55 4.53 4.59 4.56 22 9200.00 41821.00
14/06/2017 4.56 4.53 4.65 4.53 56 25300.00 115268.00
16/06/2017 4.53 4.53 4.59 4.56 40 14700.00 67135.00
