01/06/2016 4.99 4.99 4.99 4.99 7 800.00 215439784.00
03/06/2016 4.78 4.78 4.78 4.78 1 100.00 27008176.00
07/06/2016 5.08 5.08 5.08 5.08 5 500.00 130054826.00
08/06/2016 5.05 5.05 5.05 5.05 2 200.00 51237950.00
09/06/2016 5.06 5.06 5.06 5.06 3 80.00 20137602.00
14/06/2016 5.06 5.06 5.06 5.06 1 100.00 25994865.00
15/06/2016 5.16 5.16 5.17 5.17 4 300.00 77593330.00
20/06/2016 5.54 5.54 5.60 5.60 2 110.00 27347579.00
21/06/2016 5.48 5.48 5.63 5.63 6 600.00 148220588.00
22/06/2016 5.60 5.45 5.60 5.45 6 510.00 127079980.00
23/06/2016 5.37 5.24 5.40 5.24 9 3540.00 879762717.00
27/06/2016 5.35 5.35 5.35 5.35 3 300.00 75111422.00
28/06/2016 5.31 5.29 5.31 5.31 10 1300.00 322176996.00
29/06/2016 5.31 5.25 5.31 5.25 8 2640.00 642609598.00
30/06/2016 5.17 5.09 5.17 5.09 12 4890.00 1179432799.00
01/07/2016 5.00 5.00 5.00 5.00 3 300.00 72335895.00
04/07/2016 4.99 4.99 4.99 4.99 3 300.00 73022276.00
06/07/2016 5.01 5.01 5.01 5.01 4 500.00 124279352.00
07/07/2016 4.88 4.88 4.88 4.88 2 500.00 126530601.00
11/07/2016 4.65 4.65 4.65 4.65 2 100.00 25324952.00
12/07/2016 4.80 4.80 4.80 4.80 8 900.00 225266464.00
13/07/2016 4.84 4.84 4.99 4.99 8 800.00 197475224.00
18/07/2016 4.93 4.93 4.93 4.93 2 510.00 125694381.00
19/07/2016 4.85 4.85 4.85 4.85 4 400.00 99100401.00
20/07/2016 4.85 4.85 4.85 4.85 4 1720.00 426733522.00
25/07/2016 4.60 4.60 4.60 4.60 9 860.00 217279914.00
27/07/2016 4.43 4.43 4.43 4.43 3 300.00 76400102.00
29/07/2016 4.48 4.48 4.48 4.48 2 200.00 50613944.00
01/08/2016 4.52 4.52 4.52 4.52 2 200.00 50304054.00
02/08/2016 4.64 4.64 4.64 4.64 2 70.00 17569864.00
03/08/2016 4.50 4.50 4.50 4.50 1 100.00 25210855.00
05/08/2016 4.55 4.55 4.55 4.55 3 1040.00 256540748.00
09/08/2016 4.57 4.57 4.57 4.57 5 500.00 121697860.00
10/08/2016 4.57 4.57 4.57 4.57 7 650.00 157022975.00
11/08/2016 4.57 4.57 4.63 4.63 3 250.00 60361644.00
12/08/2016 4.62 4.62 4.62 4.62 1 100.00 24319002.00
16/08/2016 4.49 4.49 4.49 4.49 4 400.00 98691666.00
17/08/2016 4.39 4.39 4.39 4.39 3 600.00 149114952.00
18/08/2016 4.39 4.26 4.39 4.26 6 600.00 151997750.00
19/08/2016 4.26 4.26 4.30 4.29 10 1000.00 252487415.00
22/08/2016 4.32 4.27 4.32 4.27 4 310.00 77985770.00
23/08/2016 4.27 4.27 4.37 4.37 4 270.00 67899690.00
26/08/2016 4.55 4.55 4.55 4.55 1 50.00 12627506.00
02/09/2016 4.25 4.25 4.25 4.25 2 100.00 25532400.00
05/09/2016 4.20 4.10 4.20 4.10 6 600.00 154486756.00
06/09/2016 4.10 4.10 4.10 4.10 3 1360.00 348779091.00
09/09/2016 4.12 4.12 4.14 4.12 6 900.00 229948255.00
12/09/2016 4.05 4.05 4.05 4.05 1 100.00 25929779.00
13/09/2016 4.10 4.10 4.10 4.10 2 100.00 26091869.00
15/09/2016 4.08 4.08 4.08 4.08 5 500.00 131075039.00
16/09/2016 4.10 4.10 4.10 4.10 2 210.00 55036755.00
21/09/2016 4.10 4.10 4.10 4.10 1 100.00 25595864.00
22/09/2016 4.08 4.04 4.08 4.04 11 1100.00 282284501.00
26/09/2016 4.03 4.03 4.03 4.03 1 100.00 25800510.00
27/09/2016 3.98 3.98 3.98 3.98 4 400.00 103378200.00
28/09/2016 3.94 3.94 3.94 3.94 2 200.00 51625464.00
29/09/2016 3.84 3.84 3.84 3.84 5 500.00 130797306.00
30/09/2016 3.82 3.82 3.82 3.82 3 300.00 78280893.00
04/10/2016 3.87 3.87 3.91 3.91 6 810.00 210828081.00
06/10/2016 3.82 3.82 3.82 3.82 2 220.00 57145322.00
10/10/2016 4.09 4.09 4.09 4.09 2 200.00 51157543.00
11/10/2016 4.09 4.09 4.10 4.10 5 610.00 155801561.00
13/10/2016 4.08 4.08 4.08 4.08 2 200.00 50985636.00
17/10/2016 4.09 4.09 4.09 4.09 1 100.00 25427185.00
18/10/2016 4.10 4.10 4.10 4.10 3 270.00 68411677.00
19/10/2016 4.08 4.06 4.08 4.06 2 200.00 50701480.00
20/10/2016 4.00 4.00 4.00 4.00 7 700.00 176694575.00
21/10/2016 4.00 4.00 4.08 4.08 8 1300.00 328264091.00
25/10/2016 4.16 4.16 4.16 4.16 3 300.00 74014739.00
26/10/2016 4.25 4.25 4.25 4.25 2 100.00 24726289.00
27/10/2016 4.26 4.26 4.26 4.26 2 200.00 49498138.00
01/11/2016 4.12 4.12 4.12 4.12 4 350.00 89646405.00
03/11/2016 4.17 4.17 4.17 4.17 4 300.00 76878843.00
04/11/2016 4.37 4.37 4.37 4.37 3 300.00 76157973.00
07/11/2016 4.43 4.43 4.43 4.43 7 800.00 202476798.00
08/11/2016 4.43 4.43 4.43 4.43 2 100.00 25059105.00
10/11/2016 4.80 4.80 4.80 4.80 5 500.00 126650815.00
11/11/2016 4.89 4.89 4.89 4.89 3 280.00 71870414.00
17/11/2016 4.95 4.95 4.95 4.95 1 100.00 26238128.00
18/11/2016 4.96 4.96 4.96 4.96 3 300.00 78138843.00
21/11/2016 4.79 4.79 4.79 4.79 4 300.00 77868070.00
25/11/2016 4.61 4.61 4.61 4.61 3 300.00 79641444.00
28/11/2016 4.53 4.50 4.53 4.50 7 1400.00 372891376.00
30/11/2016 4.77 4.77 4.77 4.77 5 800.00 210423413.00
01/12/2016 4.89 4.89 4.89 4.89 2 200.00 52775839.00
02/12/2016 4.76 4.76 4.77 4.77 4 300.00 80163975.00
06/12/2016 4.68 4.68 4.68 4.68 2 200.00 53409956.00
08/12/2016 4.78 4.78 4.78 4.78 1 100.00 26092816.00
12/12/2016 4.78 4.78 4.78 4.78 3 400.00 103969097.00
13/12/2016 4.75 4.69 4.75 4.69 4 860.00 223147176.00
14/12/2016 4.69 4.68 4.69 4.68 3 170.00 44144857.00
16/12/2016 4.74 4.74 4.74 4.74 2 150.00 39459030.00
21/12/2016 4.74 4.74 4.74 4.74 8 900.00 233682862.00
22/12/2016 4.67 4.67 4.67 4.67 1 100.00 25817176.00
23/12/2016 4.67 4.67 4.67 4.67 1 100.00 25686837.00
26/12/2016 4.64 4.64 4.64 4.64 1 100.00 25521910.00
27/12/2016 4.64 4.59 4.64 4.59 4 290.00 74024031.00
28/12/2016 4.61 4.57 4.61 4.57 5 360.00 92112347.00
29/12/2016 4.58 4.44 4.58 4.44 3 1100.00 280937535.00
02/01/2017 4.44 4.44 4.55 4.55 4 410.00 105179499.00
03/01/2017 4.60 4.55 4.60 4.55 6 800.00 204292837.00
04/01/2017 4.65 4.65 4.65 4.65 8 1200.00 303281570.00
05/01/2017 4.65 4.60 4.65 4.60 3 280.00 70316026.00
10/01/2017 4.46 4.46 4.46 4.46 2 200.00 50486661.00
12/01/2017 4.40 4.40 4.40 4.40 2 200.00 50426847.00
13/01/2017 4.50 4.50 4.50 4.50 9 900.00 225908252.00
16/01/2017 4.53 4.53 4.53 4.53 2 200.00 50642635.00
24/01/2017 4.58 4.58 4.58 4.58 7 700.00 173081986.00
26/01/2017 4.56 4.56 4.56 4.56 2 200.00 49831149.00
30/01/2017 4.53 4.53 4.53 4.53 1 10.00 2485897.00
01/02/2017 4.58 4.58 4.58 4.58 1 30.00 7454543.00
02/02/2017 4.39 4.39 4.39 4.39 8 1100.00 272844728.00
03/02/2017 4.36 4.36 4.36 4.36 5 600.00 148005584.00
06/02/2017 4.29 4.29 4.29 4.29 4 400.00 99590387.00
07/02/2017 4.25 4.25 4.25 4.25 5 500.00 124512409.00
08/02/2017 4.20 4.20 4.21 4.21 8 700.00 174611605.00
14/02/2017 4.32 4.32 4.32 4.32 2 400.00 98947863.00
15/02/2017 4.31 4.31 4.31 4.31 3 470.00 115292333.00
17/02/2017 4.26 4.26 4.26 4.26 3 300.00 73582887.00
20/02/2017 4.20 4.20 4.20 4.20 7 800.00 197803011.00
23/02/2017 4.18 4.18 4.18 4.18 2 200.00 49109512.00
24/02/2017 4.21 4.21 4.21 4.21 5 650.00 160477418.00
01/03/2017 4.21 4.21 4.21 4.21 1 10.00 2475859.00
02/03/2017 4.33 4.33 4.33 4.33 2 200.00 49738876.00
03/03/2017 4.33 4.33 4.35 4.35 7 1100.00 273053023.00
07/03/2017 4.21 4.21 4.21 4.21 3 400.00 99774056.00
08/03/2017 4.26 4.26 4.26 4.26 1 100.00 25075809.00
09/03/2017 4.40 4.40 4.40 4.40 5 500.00 126141551.00
13/03/2017 4.35 4.35 4.35 4.35 2 150.00 37761872.00
14/03/2017 4.37 4.37 4.37 4.37 2 700.00 176442462.00
15/03/2017 4.31 4.31 4.31 4.31 1 100.00 25048070.00
21/03/2017 4.15 4.15 4.15 4.15 5 500.00 124553050.00
27/03/2017 4.22 4.22 4.22 4.22 10 1100.00 275846555.00
28/03/2017 4.24 4.24 4.24 4.24 5 500.00 125307447.00
29/03/2017 4.18 4.18 4.18 4.18 2 200.00 50110007.00
31/03/2017 4.19 4.19 4.19 4.19 2 200.00 50403788.00
03/04/2017 4.19 4.15 4.19 4.15 6 520.00 131736448.00
04/04/2017 4.17 4.17 4.17 4.17 3 300.00 75200308.00
05/04/2017 4.19 4.17 4.19 4.17 3 300.00 75008617.00
06/04/2017 4.27 4.27 4.27 4.27 2 200.00 49839953.00
07/04/2017 4.30 4.30 4.30 4.30 2 200.00 50097705.00
12/04/2017 4.14 4.14 4.14 4.14 1 100.00 25432227.00
13/04/2017 4.05 4.05 4.05 4.05 2 300.00 76358120.00
17/04/2017 3.96 3.96 3.96 3.96 5 500.00 126328654.00
18/04/2017 3.96 3.96 3.96 3.96 2 100.00 25209984.00
19/04/2017 3.90 3.90 3.90 3.90 2 100.00 25488491.00
20/04/2017 3.88 3.85 3.88 3.85 8 1940.00 498329954.00
25/04/2017 3.82 3.82 3.82 3.82 2 660.00 169749564.00
27/04/2017 3.83 3.83 3.85 3.85 9 1110.00 288950236.00
28/04/2017 3.85 3.85 3.86 3.86 6 700.00 181971821.00
02/05/2017 3.86 3.86 3.90 3.90 2 70.00 18110400.00
03/05/2017 3.82 3.82 3.82 3.82 4 350.00 90642166.00
04/05/2017 3.83 3.82 3.83 3.82 3 300.00 77853685.00
08/05/2017 3.82 3.82 3.82 3.82 3 300.00 78341780.00
15/05/2017 3.76 3.76 3.82 3.82 6 1010.00 258345984.00
16/05/2017 3.82 3.82 3.82 3.82 5 500.00 127059361.00
17/05/2017 3.80 3.80 3.80 3.80 3 300.00 76502913.00
18/05/2017 4.11 3.93 4.11 3.93 9 1430.00 375508073.00
22/05/2017 3.78 3.78 3.85 3.85 8 1220.00 328847036.00
23/05/2017 3.85 3.85 3.88 3.87 6 1000.00 268530856.00
24/05/2017 3.94 3.94 3.94 3.94 4 560.00 149457995.00
25/05/2017 4.01 3.99 4.01 3.99 7 740.00 197777503.00
30/05/2017 4.03 4.03 4.03 4.03 1 10.00 2633481.00
31/05/2017 3.99 3.99 3.99 3.99 6 600.00 159439184.00
01/06/2017 3.99 3.99 4.02 4.02 4 290.00 76782719.00
02/06/2017 4.02 4.02 4.02 4.02 3 450.00 118962322.00
07/06/2017 4.06 4.06 4.06 4.06 2 100.00 26600337.00
09/06/2017 4.10 4.10 4.10 4.10 2 100.00 26625405.00
13/06/2017 4.11 4.09 4.11 4.09 4 770.00 206578674.00
14/06/2017 4.06 4.06 4.06 4.06 4 350.00 94355765.00
16/06/2017 4.15 4.15 4.15 4.15 3 400.00 106419854.00
