02/06/2016 3.62 3.62 3.62 3.62 2 150.00 47750602.00
07/06/2016 3.78 3.78 3.78 3.78 4 700.00 214186533.00
08/06/2016 3.85 3.73 3.85 3.73 8 790.00 238015186.00
09/06/2016 3.73 3.64 3.73 3.64 7 520.00 156129384.00
10/06/2016 3.67 3.67 3.67 3.67 3 300.00 90007283.00
13/06/2016 3.75 3.75 3.75 3.75 5 600.00 182066000.00
14/06/2016 3.89 3.89 3.89 3.89 4 400.00 121938008.00
15/06/2016 3.89 3.89 4.00 4.00 16 5000.00 1520637802.00
16/06/2016 4.05 4.05 4.05 4.05 8 1200.00 363414564.00
17/06/2016 4.32 4.32 4.32 4.32 3 400.00 119783714.00
20/06/2016 4.37 4.37 4.37 4.37 5 500.00 148010514.00
21/06/2016 4.42 4.37 4.42 4.42 24 3840.00 1122130680.00
22/06/2016 4.42 4.22 4.42 4.22 8 4300.00 1256183616.00
23/06/2016 4.10 3.95 4.10 3.95 11 1100.00 324373981.00
24/06/2016 4.00 4.00 4.06 4.02 8 1660.00 488275720.00
27/06/2016 4.00 4.00 4.05 4.05 9 2190.00 648630236.00
29/06/2016 4.05 3.90 4.05 3.90 10 810.00 233350589.00
30/06/2016 3.81 3.66 3.81 3.66 7 700.00 199749722.00
01/07/2016 3.66 3.52 3.66 3.52 14 1600.00 456531095.00
04/07/2016 3.51 3.51 3.51 3.51 4 400.00 115300095.00
06/07/2016 3.62 3.62 3.71 3.67 7 720.00 211057473.00
07/07/2016 3.67 3.63 3.67 3.63 5 400.00 118492417.00
08/07/2016 3.46 3.46 3.46 3.46 5 420.00 123889921.00
11/07/2016 3.39 3.39 3.39 3.39 3 300.00 88205328.00
12/07/2016 3.34 3.34 3.54 3.54 11 1500.00 439602646.00
13/07/2016 3.60 3.60 3.71 3.71 13 2750.00 798249314.00
14/07/2016 3.71 3.71 3.72 3.71 9 1300.00 376440863.00
15/07/2016 3.66 3.66 3.66 3.66 3 300.00 86438076.00
18/07/2016 3.61 3.61 3.61 3.61 2 200.00 57923603.00
19/07/2016 3.56 3.56 3.56 3.56 7 900.00 261163834.00
20/07/2016 3.53 3.49 3.53 3.49 10 1580.00 459465306.00
21/07/2016 3.54 3.54 3.54 3.54 4 400.00 116275045.00
22/07/2016 3.46 3.46 3.46 3.46 2 200.00 58211717.00
25/07/2016 3.40 3.40 3.40 3.40 6 600.00 175755193.00
26/07/2016 3.40 3.27 3.40 3.27 3 350.00 102776271.00
28/07/2016 3.26 3.26 3.39 3.39 2 20.00 5896795.00
29/07/2016 3.20 3.20 3.20 3.20 2 200.00 58627310.00
01/08/2016 3.20 3.20 3.27 3.27 6 440.00 128628709.00
02/08/2016 3.25 3.25 3.33 3.33 6 550.00 161159380.00
03/08/2016 3.18 3.18 3.18 3.18 4 400.00 116897936.00
04/08/2016 3.23 3.23 3.27 3.27 7 740.00 215429222.00
05/08/2016 3.27 3.27 3.27 3.27 4 400.00 114800060.00
08/08/2016 3.33 3.33 3.33 3.33 8 1300.00 370675465.00
09/08/2016 3.33 3.33 3.35 3.35 8 1760.00 499194174.00
10/08/2016 3.35 3.33 3.35 3.33 7 560.00 157646078.00
11/08/2016 3.34 3.34 3.35 3.35 9 2810.00 789908788.00
12/08/2016 3.35 3.35 3.40 3.40 14 1520.00 431359085.00
15/08/2016 3.38 3.33 3.38 3.33 2 110.00 31302054.00
16/08/2016 3.33 3.28 3.33 3.28 6 1050.00 299456439.00
17/08/2016 3.28 3.21 3.28 3.21 8 1150.00 329996516.00
18/08/2016 3.13 3.13 3.13 3.13 4 400.00 116461642.00
22/08/2016 3.13 3.13 3.13 3.13 3 300.00 87001093.00
23/08/2016 3.13 3.13 3.21 3.21 10 980.00 284344028.00
24/08/2016 3.20 3.20 3.26 3.26 3 150.00 43378712.00
26/08/2016 3.36 3.36 3.36 3.36 3 300.00 87675561.00
29/08/2016 3.29 3.29 3.29 3.29 3 400.00 116114455.00
30/08/2016 3.33 3.33 3.35 3.35 4 310.00 90592347.00
31/08/2016 3.29 3.28 3.30 3.28 9 1120.00 326433453.00
01/09/2016 3.30 3.28 3.30 3.28 8 800.00 233014485.00
02/09/2016 3.27 3.20 3.27 3.20 8 2950.00 862141773.00
05/09/2016 3.16 3.10 3.16 3.10 7 700.00 206701726.00
06/09/2016 3.07 3.07 3.07 3.07 3 300.00 88151447.00
08/09/2016 3.07 3.02 3.08 3.08 14 5180.00 1511946282.00
09/09/2016 3.11 3.11 3.35 3.14 9 1250.00 365656869.00
12/09/2016 3.09 3.09 3.09 3.09 4 400.00 118156257.00
13/09/2016 3.09 3.09 3.13 3.13 5 500.00 149675052.00
14/09/2016 3.08 3.08 3.08 3.08 4 400.00 120362924.00
15/09/2016 3.08 3.02 3.08 3.02 8 2190.00 658247116.00
16/09/2016 3.05 3.05 3.06 3.06 7 2300.00 689444327.00
19/09/2016 3.10 3.10 3.10 3.10 2 200.00 59619805.00
21/09/2016 3.19 3.09 3.19 3.09 8 1140.00 334108407.00
22/09/2016 3.08 3.08 3.08 3.08 6 600.00 175958088.00
23/09/2016 3.05 3.05 3.05 3.05 5 700.00 204708196.00
26/09/2016 3.00 3.00 3.00 3.00 6 600.00 176484484.00
27/09/2016 2.97 2.95 2.97 2.95 9 1400.00 412363053.00
28/09/2016 2.90 2.90 2.90 2.90 5 500.00 147026324.00
29/09/2016 2.90 2.90 2.90 2.90 1 10.00 2937838.00
30/09/2016 2.90 2.90 2.90 2.90 7 700.00 206150315.00
03/10/2016 2.90 2.87 2.90 2.88 10 1010.00 298434517.00
04/10/2016 2.89 2.89 2.89 2.89 5 600.00 178046771.00
05/10/2016 2.89 2.79 2.89 2.79 9 880.00 259809925.00
06/10/2016 2.82 2.82 2.86 2.86 11 1130.00 334174916.00
07/10/2016 2.90 2.90 2.90 2.90 3 800.00 235514424.00
11/10/2016 3.01 2.97 3.02 3.00 12 1240.00 362118839.00
13/10/2016 3.00 3.00 3.00 3.00 24 750.00 217831748.00
14/10/2016 2.98 2.98 2.98 2.98 4 400.00 116513303.00
18/10/2016 2.97 2.93 2.98 2.93 12 2390.00 694153647.00
19/10/2016 2.93 2.90 2.93 2.90 3 340.00 98560160.00
20/10/2016 2.92 2.77 2.92 2.80 7 540.00 156007232.00
21/10/2016 2.85 2.85 2.85 2.85 4 370.00 107258416.00
24/10/2016 2.86 2.86 2.86 2.86 2 200.00 57606970.00
25/10/2016 2.90 2.90 2.90 2.90 8 810.00 230449507.00
26/10/2016 2.91 2.90 3.03 3.01 17 2110.00 602174241.00
27/10/2016 3.03 3.00 3.03 3.00 11 1150.00 328391755.00
28/10/2016 3.02 3.02 3.02 3.02 5 700.00 202241038.00
31/10/2016 2.93 2.93 2.93 2.93 4 310.00 90345311.00
01/11/2016 2.93 2.93 2.95 2.95 3 230.00 67620808.00
03/11/2016 3.06 3.06 3.09 3.09 8 640.00 187301389.00
04/11/2016 3.10 3.10 3.10 3.10 2 200.00 58640223.00
07/11/2016 3.19 3.19 3.19 3.19 3 300.00 87777766.00
08/11/2016 3.17 3.17 3.17 3.17 7 800.00 231638739.00
10/11/2016 3.47 3.47 3.54 3.54 12 1530.00 452977047.00
11/11/2016 3.67 3.67 3.67 3.67 15 2120.00 635716906.00
14/11/2016 3.63 3.63 3.63 3.63 11 1120.00 345997093.00
16/11/2016 3.72 3.58 3.72 3.63 15 1870.00 575945999.00
17/11/2016 3.63 3.63 3.73 3.73 11 1620.00 496213907.00
18/11/2016 3.79 3.79 3.79 3.79 3 300.00 90787218.00
21/11/2016 3.79 3.55 3.79 3.55 12 3160.00 953524899.00
22/11/2016 3.44 3.44 3.44 3.44 5 600.00 181460702.00
23/11/2016 3.44 3.32 3.48 3.32 8 1550.00 472161585.00
24/11/2016 3.32 3.32 3.43 3.43 5 570.00 174616991.00
25/11/2016 3.36 3.36 3.36 3.36 6 610.00 187720192.00
28/11/2016 3.28 3.23 3.31 3.23 17 4990.00 1542671896.00
29/11/2016 3.27 3.27 3.34 3.34 9 1340.00 412871484.00
30/11/2016 3.50 3.50 3.50 3.50 5 460.00 140611749.00
01/12/2016 3.50 3.50 3.60 3.60 12 4460.00 1378375203.00
02/12/2016 3.58 3.45 3.58 3.45 8 2960.00 921191002.00
05/12/2016 3.55 3.39 3.55 3.39 8 710.00 221669366.00
06/12/2016 3.39 3.34 3.39 3.34 11 1300.00 405039361.00
07/12/2016 3.20 3.15 3.44 3.42 13 3170.00 984336235.00
08/12/2016 3.47 3.47 3.47 3.47 7 800.00 244080081.00
09/12/2016 3.47 3.47 3.47 3.47 7 700.00 213209578.00
12/12/2016 3.40 3.40 3.40 3.40 1 100.00 30518704.00
13/12/2016 3.31 3.31 3.31 3.31 1 100.00 30384327.00
14/12/2016 3.35 3.35 3.35 3.35 7 1200.00 362823463.00
15/12/2016 3.39 3.39 3.39 3.39 10 1100.00 333214163.00
16/12/2016 3.46 3.46 3.46 3.46 1 100.00 30513596.00
19/12/2016 3.46 3.38 3.48 3.38 10 2740.00 836081637.00
20/12/2016 3.40 3.40 3.40 3.40 2 1500.00 456578141.00
21/12/2016 3.21 3.21 3.37 3.37 10 5120.00 1554864302.00
22/12/2016 3.33 3.33 3.33 3.33 9 1240.00 373367994.00
23/12/2016 3.32 3.32 3.32 3.32 5 600.00 179805186.00
26/12/2016 3.28 3.27 3.28 3.27 3 12100.00 3600825436.00
27/12/2016 3.27 3.27 3.27 3.27 1 90.00 26806239.00
28/12/2016 3.21 3.21 3.22 3.22 10 1010.00 301229663.00
29/12/2016 3.20 3.20 3.20 3.20 21 3940.00 1170962078.00
02/01/2017 3.20 3.20 3.25 3.25 5 490.00 145659148.00
03/01/2017 3.20 3.20 3.20 3.20 5 600.00 178277176.00
04/01/2017 3.25 3.25 3.25 3.25 3 700.00 206529104.00
05/01/2017 3.25 3.21 3.25 3.21 5 460.00 134652388.00
09/01/2017 3.17 3.10 3.17 3.10 4 610.00 178508065.00
10/01/2017 3.08 3.08 3.08 3.08 2 1100.00 322425339.00
11/01/2017 3.08 3.08 3.08 3.08 3 300.00 87827669.00
12/01/2017 3.08 3.08 3.08 3.08 12 1700.00 497483310.00
13/01/2017 3.10 3.10 3.23 3.23 12 2350.00 683241387.00
16/01/2017 3.25 3.25 3.25 3.25 3 260.00 76186994.00
17/01/2017 3.24 3.24 3.25 3.25 10 1130.00 331072069.00
18/01/2017 3.25 3.25 3.27 3.27 10 1320.00 386440158.00
19/01/2017 3.26 3.25 3.34 3.26 8 3250.00 950009262.00
20/01/2017 3.33 3.33 3.33 3.33 4 350.00 101719110.00
23/01/2017 3.33 3.33 3.34 3.33 9 1670.00 483368571.00
24/01/2017 3.32 3.28 3.32 3.28 16 1710.00 492272563.00
26/01/2017 3.29 3.29 3.29 3.29 8 1570.00 453988041.00
27/01/2017 3.19 3.19 3.19 3.19 13 3220.00 930466126.00
30/01/2017 3.23 3.23 3.23 3.23 13 2160.00 617935834.00
31/01/2017 3.28 3.28 3.28 3.28 12 1900.00 544259238.00
01/02/2017 3.28 3.19 3.28 3.19 11 1790.00 513430762.00
02/02/2017 3.16 3.13 3.16 3.13 7 1500.00 430439778.00
03/02/2017 3.13 3.06 3.13 3.06 10 940.00 268883915.00
06/02/2017 3.06 3.01 3.06 3.01 10 1830.00 524760370.00
07/02/2017 3.01 2.98 3.01 2.98 13 7940.00 2276583373.00
08/02/2017 2.95 2.95 2.95 2.95 6 800.00 229687779.00
09/02/2017 2.97 2.97 3.00 3.00 5 530.00 152311546.00
10/02/2017 3.05 3.05 3.05 3.05 4 700.00 200240935.00
14/02/2017 3.03 3.03 3.03 3.03 3 700.00 199917082.00
15/02/2017 3.01 3.01 3.01 3.01 8 800.00 226520821.00
16/02/2017 3.01 3.01 3.03 3.03 3 300.00 84853086.00
17/02/2017 3.02 3.01 3.03 3.01 11 4300.00 1214089963.00
21/02/2017 2.98 2.98 2.98 2.98 2 300.00 85352821.00
22/02/2017 2.99 2.99 2.99 2.99 9 2300.00 653401966.00
23/02/2017 3.02 3.00 3.02 3.00 7 1670.00 471767760.00
24/02/2017 3.02 3.02 3.02 3.02 8 1000.00 283746270.00
01/03/2017 3.02 3.02 3.10 3.10 9 1190.00 338436053.00
02/03/2017 3.14 3.14 3.14 3.14 4 450.00 128827322.00
03/03/2017 3.12 3.11 3.13 3.13 27 4720.00 1350105970.00
07/03/2017 3.00 2.99 3.01 2.99 5 710.00 203610146.00
08/03/2017 3.04 3.01 3.07 3.07 15 3720.00 1074321908.00
09/03/2017 3.07 3.07 3.16 3.16 6 1940.00 564652176.00
10/03/2017 3.15 3.15 3.17 3.17 13 2090.00 605887901.00
13/03/2017 3.17 3.16 3.17 3.16 16 5060.00 1466033047.00
14/03/2017 3.16 3.16 3.16 3.16 4 650.00 189052148.00
15/03/2017 3.14 3.08 3.14 3.10 10 940.00 271106411.00
16/03/2017 3.11 3.11 3.11 3.11 7 900.00 259508526.00
17/03/2017 3.11 3.05 3.11 3.05 25 15340.00 4380942694.00
20/03/2017 2.92 2.92 2.92 2.92 7 1300.00 370896681.00
21/03/2017 2.92 2.90 2.92 2.90 8 1700.00 485332258.00
22/03/2017 2.90 2.88 2.90 2.88 15 4460.00 1272412772.00
23/03/2017 2.93 2.93 2.93 2.93 10 4300.00 1235423542.00
24/03/2017 2.95 2.95 2.95 2.95 19 3300.00 949029033.00
27/03/2017 2.97 2.94 3.00 3.00 6 1010.00 291643331.00
28/03/2017 3.02 3.02 3.06 3.03 31 5710.00 1646748734.00
29/03/2017 3.03 2.97 3.03 2.97 12 4880.00 1406988240.00
30/03/2017 2.97 2.95 2.98 2.95 20 6550.00 1892913095.00
31/03/2017 2.92 2.92 2.95 2.95 15 3440.00 994875963.00
03/04/2017 2.95 2.95 2.95 2.95 1 70.00 20346643.00
04/04/2017 2.90 2.90 2.92 2.92 11 1370.00 394298621.00
05/04/2017 2.90 2.86 2.90 2.86 8 750.00 216016668.00
06/04/2017 2.98 2.98 3.00 3.00 10 1600.00 460858535.00
07/04/2017 3.07 3.07 3.07 3.07 10 1700.00 491095409.00
10/04/2017 3.05 3.05 3.05 3.05 12 3220.00 930340580.00
11/04/2017 3.00 3.00 3.00 3.00 4 400.00 115589991.00
12/04/2017 2.94 2.94 2.94 2.94 6 840.00 244836580.00
13/04/2017 2.94 2.85 2.94 2.85 13 4500.00 1310072614.00
17/04/2017 2.73 2.73 2.73 2.73 1 100.00 28951015.00
18/04/2017 2.74 2.74 2.81 2.81 4 350.00 101092567.00
19/04/2017 2.82 2.75 2.82 2.75 18 4220.00 1222565812.00
20/04/2017 2.74 2.74 2.74 2.74 24 9410.00 2750046636.00
24/04/2017 2.74 2.70 2.74 2.70 4 590.00 172249249.00
25/04/2017 2.72 2.66 2.74 2.66 9 1010.00 295171338.00
26/04/2017 2.68 2.65 2.69 2.65 15 2800.00 827451886.00
27/04/2017 2.68 2.68 2.69 2.69 9 810.00 239593085.00
28/04/2017 2.69 2.69 2.72 2.72 7 1080.00 319285711.00
02/05/2017 2.72 2.65 2.72 2.65 9 980.00 289761449.00
03/05/2017 2.65 2.65 2.67 2.67 5 480.00 141293322.00
04/05/2017 2.67 2.64 2.70 2.64 16 2280.00 673148975.00
05/05/2017 2.64 2.61 2.64 2.61 4 500.00 148569104.00
08/05/2017 2.61 2.61 2.61 2.61 8 900.00 268410082.00
09/05/2017 2.60 2.60 2.60 2.60 9 2080.00 620480726.00
10/05/2017 2.63 2.63 2.63 2.63 12 1400.00 415689138.00
11/05/2017 2.64 2.64 2.64 2.64 6 940.00 277359284.00
12/05/2017 2.61 2.61 2.61 2.61 6 700.00 205693436.00
15/05/2017 2.65 2.65 2.65 2.65 8 1000.00 290482092.00
16/05/2017 2.67 2.67 2.67 2.67 12 1300.00 375332840.00
17/05/2017 2.65 2.65 2.65 2.65 14 1800.00 521644153.00
18/05/2017 2.80 2.80 2.83 2.83 19 4500.00 1347597107.00
19/05/2017 2.81 2.66 2.82 2.67 18 3850.00 1191974394.00
22/05/2017 2.73 2.69 2.80 2.80 22 3860.00 1180824456.00
23/05/2017 2.75 2.75 2.77 2.76 21 4040.00 1232631509.00
24/05/2017 2.76 2.76 2.81 2.81 18 2450.00 745544902.00
25/05/2017 2.88 2.84 2.88 2.87 17 2070.00 630170324.00
26/05/2017 2.82 2.82 2.85 2.85 8 700.00 212952010.00
29/05/2017 2.84 2.84 2.84 2.84 3 400.00 121476358.00
30/05/2017 2.91 2.85 2.93 2.85 12 1760.00 534936558.00
31/05/2017 2.85 2.84 2.85 2.84 9 830.00 250909298.00
01/06/2017 2.85 2.85 2.89 2.89 6 550.00 166022886.00
02/06/2017 2.90 2.90 2.90 2.90 6 650.00 195821393.00
05/06/2017 2.95 2.92 2.95 2.92 2 200.00 60674878.00
07/06/2017 2.91 2.91 2.93 2.93 4 2100.00 640268087.00
08/06/2017 2.97 2.97 3.00 3.00 18 6850.00 2079775397.00
09/06/2017 3.02 3.02 3.02 3.02 11 1510.00 460275828.00
12/06/2017 3.02 3.02 3.04 3.04 5 700.00 214115181.00
13/06/2017 3.00 3.00 3.00 3.00 2 200.00 61345495.00
14/06/2017 2.94 2.94 2.94 2.94 10 1200.00 368144750.00
16/06/2017 3.01 3.01 3.01 3.01 1 350.00 106663044.00
