01/06/2016 2.71 2.70 2.71 2.70 88 6600.00 2337696995.00
02/06/2016 2.70 2.59 2.70 2.61 73 16610.00 5890031785.00
03/06/2016 2.52 2.52 2.56 2.56 17 11360.00 3986446159.00
06/06/2016 2.50 2.50 2.61 2.61 65 11210.00 3885548941.00
07/06/2016 2.61 2.61 2.73 2.71 161 49910.00 17097167083.00
08/06/2016 2.79 2.73 2.82 2.73 120 29920.00 10083959822.00
09/06/2016 2.72 2.62 2.72 2.66 68 14610.00 4882983278.00
10/06/2016 2.66 2.66 2.71 2.71 33 11590.00 3889759440.00
13/06/2016 2.75 2.75 2.85 2.85 60 17160.00 5827492532.00
14/06/2016 2.80 2.80 2.93 2.93 77 16460.00 5627352598.00
15/06/2016 2.93 2.93 3.03 2.98 161 28290.00 9657989621.00
16/06/2016 3.03 2.86 3.08 2.86 84 13260.00 4530431246.00
17/06/2016 2.86 2.80 2.88 2.88 91 15800.00 5381659890.00
20/06/2016 2.83 2.83 3.01 3.00 34 10860.00 3648039153.00
21/06/2016 3.05 3.05 3.16 3.16 107 29810.00 9928602012.00
22/06/2016 3.17 2.67 3.20 2.67 197 41070.00 13663015136.00
23/06/2016 2.90 2.83 2.98 2.85 135 26310.00 8733592678.00
24/06/2016 2.90 2.84 3.05 3.05 198 36760.00 12180228203.00
27/06/2016 3.10 3.09 3.18 3.09 54 23510.00 7832108607.00
28/06/2016 3.08 3.00 3.17 3.14 92 17160.00 5651916889.00
29/06/2016 2.92 2.73 2.92 2.75 65 18630.00 6029996399.00
30/06/2016 2.75 2.51 2.75 2.51 213 44090.00 14037727783.00
01/07/2016 2.51 2.24 2.51 2.26 83 26310.00 8356715247.00
04/07/2016 2.22 2.22 2.27 2.23 83 16680.00 5348443244.00
05/07/2016 2.32 2.30 2.38 2.38 33 8190.00 2648702914.00
06/07/2016 2.38 2.38 2.50 2.50 37 9320.00 3045667552.00
07/07/2016 2.45 2.37 2.45 2.38 29 7580.00 2501585536.00
08/07/2016 2.30 2.28 2.30 2.28 16 4170.00 1366444625.00
11/07/2016 2.28 2.20 2.28 2.21 43 9780.00 3192629202.00
12/07/2016 2.18 2.16 2.25 2.25 44 14600.00 4759116892.00
13/07/2016 2.28 2.28 2.38 2.38 43 8290.00 2688276815.00
14/07/2016 2.38 2.38 2.43 2.41 28 11540.00 3732399397.00
15/07/2016 2.40 2.28 2.43 2.35 18 2410.00 774114244.00
18/07/2016 2.30 2.30 2.30 2.30 9 1400.00 451495249.00
19/07/2016 2.25 2.19 2.25 2.20 29 11760.00 3798396453.00
20/07/2016 2.16 2.11 2.17 2.13 66 18500.00 5983770197.00
21/07/2016 2.14 2.14 2.26 2.24 46 10140.00 3279907597.00
22/07/2016 2.24 2.24 2.26 2.26 11 1450.00 468951467.00
25/07/2016 2.26 2.21 2.29 2.21 15 16160.00 5254752148.00
26/07/2016 2.22 2.15 2.22 2.15 28 54770.00 17776926409.00
27/07/2016 2.15 2.12 2.20 2.15 41 19280.00 6254006087.00
28/07/2016 2.18 2.13 2.22 2.22 64 9080.00 2956285336.00
29/07/2016 2.15 2.05 2.15 2.07 32 13910.00 4494663369.00
01/08/2016 2.07 2.06 2.09 2.08 31 14650.00 4723903008.00
02/08/2016 2.07 2.04 2.09 2.09 201 41850.00 13538745671.00
03/08/2016 2.08 1.97 2.08 1.97 53 18390.00 5924578301.00
04/08/2016 1.98 1.98 2.02 2.02 62 34110.00 10958391885.00
05/08/2016 2.05 2.04 2.12 2.04 33 13140.00 4161163572.00
08/08/2016 2.09 2.06 2.12 2.06 9 2020.00 636587862.00
09/08/2016 2.05 2.01 2.07 2.01 29 13150.00 4122744459.00
10/08/2016 2.05 2.01 2.05 2.01 23 9050.00 2815102133.00
11/08/2016 1.97 1.95 2.01 2.01 42 20650.00 6416921629.00
12/08/2016 2.00 2.00 2.06 2.06 28 6900.00 2163714875.00
15/08/2016 2.05 2.05 2.05 2.05 8 2820.00 886566908.00
16/08/2016 2.00 1.99 2.02 2.02 11 3810.00 1200062908.00
17/08/2016 2.02 1.93 2.02 1.97 20 14220.00 4501450185.00
18/08/2016 1.93 1.92 1.97 1.94 21 8300.00 2661608883.00
19/08/2016 1.94 1.92 1.94 1.92 8 1840.00 588069195.00
22/08/2016 1.94 1.87 1.95 1.88 70 22260.00 7112212653.00
23/08/2016 1.80 1.80 1.95 1.95 64 16760.00 5358108519.00
24/08/2016 1.97 1.97 2.04 2.04 37 11810.00 3767399699.00
25/08/2016 2.05 2.05 2.10 2.10 18 4210.00 1350896764.00
26/08/2016 2.03 2.03 2.09 2.09 18 8810.00 2843933826.00
29/08/2016 2.02 1.95 2.02 1.97 14 1060.00 339985304.00
30/08/2016 2.09 2.03 2.12 2.03 30 5020.00 1619974624.00
31/08/2016 1.95 1.90 2.07 1.99 67 12620.00 4066059298.00
01/09/2016 1.99 1.99 2.03 2.02 29 10870.00 3495071502.00
02/09/2016 1.99 1.99 2.07 2.07 24 4450.00 1433134417.00
05/09/2016 2.07 2.02 2.07 2.04 16 4340.00 1403278976.00
06/09/2016 2.00 1.98 2.04 1.99 117 34100.00 10965510933.00
08/09/2016 1.98 1.97 2.03 2.03 48 22100.00 7071262968.00
09/09/2016 2.09 2.07 2.11 2.08 64 43530.00 13964390326.00
12/09/2016 2.07 2.06 2.07 2.07 15 4850.00 1567940132.00
13/09/2016 2.07 2.07 2.20 2.18 128 52880.00 17329625772.00
14/09/2016 2.16 2.14 2.20 2.20 107 30390.00 10003432697.00
15/09/2016 2.20 2.06 2.20 2.07 46 13110.00 4314806232.00
16/09/2016 2.03 2.03 2.07 2.07 46 18780.00 6163050299.00
19/09/2016 2.08 2.08 2.17 2.17 29 20890.00 6816305663.00
20/09/2016 2.20 2.19 2.29 2.28 216 29480.00 9535032197.00
21/09/2016 2.30 2.24 2.32 2.27 44 10920.00 3509351642.00
22/09/2016 2.30 2.28 2.33 2.32 110 28990.00 9297777055.00
23/09/2016 2.33 2.25 2.38 2.28 104 24160.00 7723170528.00
26/09/2016 2.29 2.24 2.29 2.24 38 16650.00 5350495649.00
27/09/2016 2.26 2.17 2.30 2.18 111 35020.00 11259920340.00
28/09/2016 2.16 2.14 2.19 2.19 72 25210.00 8086674513.00
29/09/2016 1.96 1.83 1.96 1.83 65 15040.00 4856802876.00
30/09/2016 1.81 1.79 1.87 1.87 101 24610.00 7924257663.00
03/10/2016 1.87 1.80 1.87 1.80 21 12300.00 3951829746.00
04/10/2016 1.81 1.75 1.82 1.76 77 42950.00 13864415534.00
05/10/2016 1.73 1.63 1.74 1.65 73 18980.00 6086817506.00
06/10/2016 1.70 1.70 1.79 1.79 20 7650.00 2459641363.00
07/10/2016 1.79 1.79 1.82 1.82 7 4100.00 1316474879.00
10/10/2016 1.85 1.85 1.85 1.85 12 4700.00 1502024421.00
11/10/2016 1.89 1.83 1.89 1.83 28 20000.00 6390398594.00
13/10/2016 1.84 1.82 1.88 1.82 24 16390.00 5219083366.00
14/10/2016 1.90 1.84 1.90 1.84 53 104020.00 33148968016.00
17/10/2016 1.84 1.84 1.85 1.85 17 35400.00 11245755307.00
18/10/2016 1.86 1.82 1.86 1.84 110 35070.00 11132258015.00
19/10/2016 1.80 1.80 1.85 1.84 26 7000.00 2216264442.00
20/10/2016 1.82 1.72 1.82 1.72 28 22620.00 7119434150.00
21/10/2016 1.73 1.71 1.80 1.78 44 9870.00 3110326939.00
24/10/2016 1.77 1.75 1.77 1.77 35 11160.00 3491852080.00
25/10/2016 1.75 1.75 1.75 1.75 11 4900.00 1522531664.00
26/10/2016 1.75 1.75 1.95 1.95 33 24370.00 7604260525.00
27/10/2016 2.00 1.93 2.05 2.00 31 20260.00 6328530539.00
28/10/2016 1.94 1.94 1.98 1.94 22 8700.00 2748981764.00
31/10/2016 1.85 1.73 1.85 1.73 17 10340.00 3280254053.00
01/11/2016 1.73 1.73 1.90 1.77 59 32930.00 10550992361.00
03/11/2016 1.87 1.87 1.96 1.96 20 23420.00 7515554391.00
04/11/2016 2.00 1.93 2.06 1.93 174 43470.00 13976906191.00
07/11/2016 1.93 1.90 2.01 2.01 83 39790.00 12782134703.00
08/11/2016 2.00 1.94 2.03 1.94 53 47680.00 15151669966.00
09/11/2016 2.01 1.90 2.01 1.93 60 26560.00 8479032638.00
10/11/2016 1.99 1.83 2.05 1.87 88 48030.00 15766602616.00
11/11/2016 1.85 1.80 2.00 1.99 208 43300.00 14456923515.00
14/11/2016 2.00 1.92 2.00 1.92 28 40560.00 13918085055.00
16/11/2016 1.94 1.80 1.94 1.81 86 56250.00 19259997359.00
17/11/2016 1.83 1.83 1.97 1.95 79 46380.00 15824750061.00
18/11/2016 1.94 1.88 2.00 1.96 174 62980.00 21335169679.00
21/11/2016 1.92 1.80 1.92 1.80 80 61540.00 20692265540.00
22/11/2016 1.82 1.82 1.91 1.88 527 91310.00 30562800324.00
23/11/2016 1.90 1.90 1.99 1.90 72 55910.00 18797439524.00
24/11/2016 1.92 1.91 1.96 1.93 93 70080.00 23735118451.00
25/11/2016 1.97 1.79 2.00 1.79 218 142820.00 48583400090.00
28/11/2016 1.74 1.65 1.74 1.68 258 150820.00 51325936976.00
