01/06/2016 3.10 2.97 3.10 2.97 15 4890.00 1676291984.00
02/06/2016 2.97 2.85 2.97 2.85 14 4880.00 1679870842.00
03/06/2016 2.80 2.77 2.80 2.77 8 1400.00 477569335.00
06/06/2016 2.72 2.72 2.90 2.89 19 3360.00 1129982209.00
07/06/2016 2.96 2.92 3.08 3.08 29 5710.00 1896539377.00
08/06/2016 3.08 3.08 3.14 3.08 17 4000.00 1304691932.00
09/06/2016 3.07 2.98 3.07 2.98 5 800.00 259114635.00
10/06/2016 3.01 3.00 3.08 3.08 14 3250.00 1056991366.00
14/06/2016 3.21 3.17 3.22 3.22 47 8190.00 2706526934.00
15/06/2016 3.25 3.20 3.30 3.21 14 2900.00 958232618.00
16/06/2016 3.21 3.12 3.30 3.12 33 7060.00 2335669542.00
17/06/2016 3.18 3.15 3.28 3.28 21 4850.00 1595517893.00
20/06/2016 3.26 3.26 3.50 3.40 21 7170.00 2327620382.00
21/06/2016 3.54 3.50 3.56 3.55 26 6100.00 1957946714.00
22/06/2016 3.60 3.47 3.60 3.47 43 5380.00 1725467158.00
23/06/2016 3.37 3.20 3.38 3.22 28 7320.00 2344945278.00
24/06/2016 3.24 3.19 3.39 3.36 64 9250.00 2959774972.00
27/06/2016 3.44 3.37 3.46 3.37 22 4510.00 1451238581.00
28/06/2016 3.34 3.34 3.41 3.41 23 3010.00 957736516.00
29/06/2016 3.35 3.16 3.35 3.16 55 7940.00 2487148385.00
30/06/2016 3.10 2.91 3.10 2.92 95 16540.00 5105052029.00
01/07/2016 2.91 2.68 2.91 2.71 28 8980.00 2768180440.00
04/07/2016 2.65 2.65 2.73 2.73 7 1260.00 392434651.00
05/07/2016 2.80 2.74 2.87 2.85 21 5760.00 1807714960.00
06/07/2016 2.85 2.85 2.90 2.90 29 5840.00 1851498856.00
07/07/2016 2.86 2.85 2.86 2.86 20 3400.00 1088310487.00
08/07/2016 2.75 2.75 2.75 2.75 24 3150.00 1001520228.00
11/07/2016 2.70 2.66 2.70 2.66 27 4200.00 1332795325.00
12/07/2016 2.66 2.65 2.77 2.76 39 13260.00 4198579445.00
13/07/2016 2.78 2.78 2.92 2.91 33 13310.00 4185196289.00
14/07/2016 2.91 2.86 2.93 2.93 35 8180.00 2564766175.00
15/07/2016 2.88 2.83 2.88 2.88 14 2310.00 719255324.00
18/07/2016 2.88 2.81 2.88 2.81 29 5790.00 1811626006.00
19/07/2016 2.82 2.75 2.82 2.75 16 3800.00 1191473687.00
20/07/2016 2.71 2.66 2.71 2.66 13 3860.00 1212878805.00
21/07/2016 2.70 2.70 2.73 2.72 21 1700.00 534025206.00
22/07/2016 2.72 2.64 2.72 2.64 16 4320.00 1357931438.00
25/07/2016 2.58 2.58 2.58 2.58 13 2120.00 670589120.00
26/07/2016 2.56 2.50 2.57 2.50 59 9420.00 2976156893.00
27/07/2016 2.50 2.50 2.55 2.55 15 2450.00 773297514.00
28/07/2016 2.58 2.57 2.68 2.68 6 400.00 126408848.00
29/07/2016 2.50 2.50 2.50 2.50 10 1450.00 456232455.00
01/08/2016 2.50 2.50 2.56 2.56 26 5300.00 1663551983.00
02/08/2016 2.56 2.56 2.60 2.60 57 5200.00 1637882263.00
03/08/2016 2.56 2.50 2.56 2.50 31 6300.00 1975698758.00
04/08/2016 2.46 2.46 2.52 2.52 14 2600.00 813248437.00
05/08/2016 2.60 2.54 2.60 2.54 25 4260.00 1313296381.00
08/08/2016 2.60 2.58 2.62 2.62 19 3180.00 974220431.00
09/08/2016 2.60 2.55 2.60 2.57 33 9970.00 3040944479.00
10/08/2016 2.57 2.55 2.57 2.55 14 6730.00 2036445619.00
11/08/2016 2.52 2.52 2.55 2.53 14 4710.00 1424689723.00
12/08/2016 2.52 2.52 2.57 2.57 8 1500.00 457899074.00
15/08/2016 2.56 2.56 2.56 2.56 13 2210.00 676105453.00
16/08/2016 2.56 2.50 2.56 2.50 16 4240.00 1299901349.00
17/08/2016 2.50 2.43 2.50 2.43 32 10490.00 3236081973.00
18/08/2016 2.39 2.35 2.41 2.35 18 3200.00 1001438360.00
19/08/2016 2.38 2.31 2.38 2.31 29 8150.00 2541826227.00
22/08/2016 2.32 2.30 2.33 2.30 18 3770.00 1175667221.00
23/08/2016 2.30 2.30 2.36 2.36 16 4010.00 1250618550.00
24/08/2016 2.41 2.41 2.44 2.44 15 2460.00 764864255.00
25/08/2016 2.50 2.50 2.55 2.55 15 1850.00 578339883.00
26/08/2016 2.55 2.55 2.55 2.55 10 2670.00 839243124.00
29/08/2016 2.50 2.48 2.50 2.48 19 2070.00 646387536.00
30/08/2016 2.53 2.53 2.53 2.53 1 10.00 3196260.00
31/08/2016 2.53 2.47 2.53 2.50 11 3650.00 1144895845.00
01/09/2016 2.50 2.49 2.51 2.49 14 2460.00 771075361.00
02/09/2016 2.49 2.46 2.51 2.46 23 4250.00 1334169275.00
05/09/2016 2.38 2.38 2.38 2.38 14 3290.00 1037906483.00
06/09/2016 2.35 2.33 2.35 2.34 24 3200.00 1004314976.00
08/09/2016 2.34 2.32 2.39 2.39 18 5830.00 1819452131.00
09/09/2016 2.45 2.45 2.45 2.45 12 2240.00 700682249.00
12/09/2016 2.45 2.39 2.45 2.39 11 2470.00 778755983.00
13/09/2016 2.45 2.44 2.50 2.44 46 3710.00 1185185486.00
14/09/2016 2.44 2.39 2.44 2.41 21 2780.00 892901584.00
15/09/2016 2.40 2.31 2.42 2.31 21 14050.00 4512475193.00
16/09/2016 2.34 2.34 2.34 2.34 4 450.00 144198699.00
19/09/2016 2.36 2.36 2.43 2.42 21 2710.00 862686312.00
20/09/2016 2.47 2.47 2.47 2.47 13 3420.00 1079530559.00
21/09/2016 2.47 2.41 2.47 2.41 19 7740.00 2427367276.00
22/09/2016 2.44 2.33 2.44 2.33 10 1180.00 369631165.00
23/09/2016 2.31 2.31 2.33 2.33 11 2130.00 665278300.00
26/09/2016 2.27 2.27 2.27 2.27 14 2910.00 913900556.00
27/09/2016 2.32 2.22 2.32 2.22 41 7830.00 2461241573.00
28/09/2016 2.22 2.20 2.23 2.21 35 5070.00 1591302232.00
29/09/2016 2.18 2.13 2.18 2.15 23 4350.00 1374719053.00
30/09/2016 2.15 2.14 2.21 2.21 13 2760.00 868635089.00
03/10/2016 2.21 2.16 2.21 2.16 19 3580.00 1123738725.00
04/10/2016 2.18 2.14 2.18 2.15 21 3410.00 1077201836.00
05/10/2016 2.12 2.06 2.12 2.06 14 4840.00 1518870139.00
06/10/2016 2.05 2.03 2.16 2.16 15 2640.00 830966684.00
07/10/2016 2.16 2.16 2.18 2.18 12 3500.00 1098766090.00
10/10/2016 2.22 2.22 2.22 2.22 5 500.00 155841118.00
11/10/2016 2.22 2.20 2.26 2.20 16 1310.00 408552187.00
13/10/2016 2.22 2.19 2.25 2.21 63 8260.00 2568363341.00
14/10/2016 2.21 2.20 2.23 2.20 28 2500.00 777667155.00
17/10/2016 2.21 2.21 2.21 2.21 13 3410.00 1058759890.00
18/10/2016 2.21 2.18 2.21 2.18 27 7450.00 2311143078.00
19/10/2016 2.19 2.14 2.19 2.15 20 2440.00 756282098.00
20/10/2016 2.16 1.99 2.16 1.99 16 8080.00 2489649402.00
21/10/2016 2.08 2.08 2.09 2.08 15 3060.00 944023484.00
24/10/2016 2.06 2.05 2.09 2.09 30 2150.00 659572149.00
25/10/2016 2.10 2.10 2.10 2.10 14 5410.00 1645471318.00
26/10/2016 2.11 2.11 2.27 2.27 13 2510.00 765336541.00
27/10/2016 2.25 2.25 2.30 2.29 23 5070.00 1546487855.00
28/10/2016 2.29 2.28 2.29 2.29 24 9110.00 2812352129.00
31/10/2016 2.24 2.20 2.24 2.20 19 4620.00 1433197347.00
01/11/2016 2.20 2.16 2.26 2.26 41 16880.00 5288086954.00
03/11/2016 2.29 2.29 2.35 2.35 71 5460.00 1710206502.00
04/11/2016 2.40 2.35 2.41 2.39 31 6430.00 2015824861.00
07/11/2016 2.38 2.38 2.42 2.42 42 4330.00 1354851591.00
08/11/2016 2.44 2.36 2.45 2.36 26 12790.00 3966851534.00
09/11/2016 2.41 2.41 2.45 2.43 18 2350.00 731194412.00
10/11/2016 2.55 2.55 2.71 2.71 61 14240.00 4546732794.00
11/11/2016 2.71 2.71 2.86 2.86 51 16050.00 5204452846.00
14/11/2016 2.86 2.82 2.86 2.85 30 8090.00 2696258286.00
16/11/2016 2.84 2.75 2.84 2.75 25 15200.00 5055451894.00
17/11/2016 2.80 2.80 2.84 2.84 18 5590.00 1852517873.00
18/11/2016 2.84 2.82 2.88 2.88 33 6710.00 2207835218.00
21/11/2016 2.83 2.65 2.85 2.65 40 9160.00 2995315377.00
22/11/2016 2.67 2.58 2.69 2.58 20 4720.00 1537516649.00
23/11/2016 2.58 2.50 2.63 2.50 87 14420.00 4722875135.00
24/11/2016 2.50 2.50 2.57 2.57 27 8420.00 2777309909.00
25/11/2016 2.67 2.50 2.67 2.50 14 4340.00 1438479955.00
28/11/2016 2.48 2.35 2.48 2.35 27 13840.00 4593674517.00
29/11/2016 2.40 2.40 2.48 2.48 19 7460.00 2469107772.00
30/11/2016 2.55 2.48 2.66 2.66 26 8170.00 2698148935.00
01/12/2016 2.71 2.71 2.80 2.75 61 16880.00 5628201050.00
02/12/2016 2.69 2.69 2.72 2.71 25 3620.00 1213100599.00
05/12/2016 2.72 2.61 2.72 2.61 16 4380.00 1466984403.00
06/12/2016 2.61 2.57 2.61 2.57 12 3040.00 1015371022.00
07/12/2016 2.66 2.63 2.66 2.63 18 3600.00 1196860020.00
08/12/2016 2.66 2.66 2.73 2.70 37 6110.00 2008876324.00
09/12/2016 2.70 2.62 2.70 2.62 12 3330.00 1095103318.00
12/12/2016 2.53 2.53 2.53 2.53 4 500.00 163608235.00
13/12/2016 2.50 2.43 2.53 2.43 19 20660.00 6734231440.00
14/12/2016 2.43 2.43 2.44 2.44 22 6300.00 2047139613.00
15/12/2016 2.54 2.48 2.55 2.48 27 10620.00 3457439975.00
16/12/2016 2.48 2.48 2.54 2.51 32 11130.00 3672095098.00
19/12/2016 2.56 2.54 2.56 2.54 28 5900.00 1935486636.00
20/12/2016 2.52 2.50 2.59 2.59 31 8930.00 2923541388.00
21/12/2016 2.55 2.50 2.55 2.53 31 9510.00 3095895624.00
22/12/2016 2.55 2.53 2.55 2.53 14 4070.00 1314085278.00
23/12/2016 2.53 2.50 2.54 2.54 18 3530.00 1133604114.00
27/12/2016 2.53 2.49 2.58 2.49 16 4710.00 1503025895.00
28/12/2016 2.48 2.44 2.49 2.49 16 5840.00 1867382745.00
29/12/2016 2.40 2.40 2.40 2.40 24 6840.00 2177711207.00
02/01/2017 2.40 2.40 2.40 2.40 17 3520.00 1123493563.00
03/01/2017 2.38 2.30 2.38 2.30 27 5750.00 1833356622.00
04/01/2017 2.35 2.34 2.36 2.36 20 7820.00 2477182890.00
05/01/2017 2.35 2.30 2.35 2.31 43 15870.00 4988005686.00
06/01/2017 2.31 2.27 2.32 2.32 43 11980.00 3767723958.00
09/01/2017 2.27 2.22 2.27 2.22 26 12450.00 3897590628.00
10/01/2017 2.23 2.18 2.23 2.18 52 17420.00 5461832989.00
11/01/2017 2.15 2.15 2.20 2.20 68 18060.00 5643925632.00
12/01/2017 2.18 2.15 2.20 2.15 30 4670.00 1460513053.00
13/01/2017 2.17 2.17 2.23 2.23 36 10310.00 3216806734.00
16/01/2017 2.24 2.24 2.29 2.29 25 4040.00 1271711071.00
17/01/2017 2.29 2.28 2.33 2.33 48 11430.00 3598467232.00
18/01/2017 2.33 2.33 2.35 2.34 56 23240.00 7308352485.00
19/01/2017 2.33 2.32 2.33 2.32 45 11170.00 3506522101.00
20/01/2017 2.32 2.32 2.34 2.34 10 4820.00 1505472643.00
23/01/2017 2.34 2.34 2.38 2.38 18 5070.00 1577748753.00
24/01/2017 2.35 2.28 2.38 2.28 25 16820.00 5206107125.00
26/01/2017 2.28 2.26 2.29 2.29 34 14890.00 4628738074.00
27/01/2017 2.28 2.23 2.28 2.28 24 31090.00 9633716894.00
30/01/2017 2.34 2.33 2.36 2.33 15 2390.00 733874224.00
31/01/2017 2.34 2.34 2.41 2.41 24 7100.00 2182569120.00
01/02/2017 2.41 2.34 2.42 2.34 46 17530.00 5385099228.00
02/02/2017 2.30 2.29 2.32 2.29 17 7610.00 2334921063.00
03/02/2017 2.29 2.21 2.29 2.21 13 6070.00 1852550608.00
06/02/2017 2.21 2.18 2.21 2.19 10 4520.00 1383739804.00
07/02/2017 2.19 2.18 2.22 2.22 13 6930.00 2119951964.00
08/02/2017 2.18 2.17 2.18 2.17 20 5110.00 1564366226.00
09/02/2017 2.17 2.16 2.18 2.18 23 13770.00 4220865594.00
10/02/2017 2.18 2.16 2.19 2.19 45 7500.00 2290201363.00
13/02/2017 2.19 2.17 2.19 2.17 33 35020.00 10694845757.00
14/02/2017 2.17 2.16 2.17 2.16 4 7330.00 2234780260.00
15/02/2017 2.15 2.15 2.19 2.17 32 10030.00 3029818027.00
16/02/2017 2.20 2.17 2.20 2.17 14 3330.00 1004988378.00
17/02/2017 2.22 2.16 2.23 2.16 18 4580.00 1379929422.00
20/02/2017 2.14 2.13 2.14 2.13 10 3340.00 1013343712.00
21/02/2017 2.13 2.13 2.13 2.13 12 6270.00 1903385039.00
22/02/2017 2.13 2.13 2.13 2.13 5 1980.00 600062604.00
23/02/2017 2.14 2.10 2.14 2.12 21 6600.00 1989642805.00
24/02/2017 2.17 2.17 2.18 2.17 14 5210.00 1578559835.00
01/03/2017 2.17 2.17 2.23 2.23 8 1210.00 367501277.00
02/03/2017 2.23 2.23 2.25 2.25 39 12320.00 3770525305.00
03/03/2017 2.20 2.20 2.22 2.22 23 12470.00 3813984833.00
06/03/2017 2.20 2.18 2.20 2.18 49 16650.00 5114428347.00
07/03/2017 2.15 2.13 2.15 2.15 13 6720.00 2055543231.00
08/03/2017 2.15 2.15 2.18 2.15 11 6120.00 1887090369.00
09/03/2017 2.17 2.15 2.20 2.20 21 17550.00 5461090701.00
10/03/2017 2.17 2.17 2.17 2.17 20 9300.00 2886445623.00
13/03/2017 2.20 2.20 2.20 2.20 16 6100.00 1891101266.00
14/03/2017 2.20 2.17 2.20 2.17 20 10560.00 3286666408.00
15/03/2017 2.14 2.14 2.20 2.15 39 12350.00 3808806393.00
16/03/2017 2.25 2.15 2.25 2.15 26 4990.00 1539232413.00
17/03/2017 2.15 2.15 2.17 2.16 29 11160.00 3405159474.00
20/03/2017 2.16 2.13 2.16 2.13 23 6700.00 2035846324.00
21/03/2017 2.11 2.11 2.11 2.11 11 1900.00 576507123.00
22/03/2017 2.11 2.04 2.11 2.05 24 9200.00 2791096020.00
23/03/2017 2.08 2.08 2.09 2.09 21 7220.00 2209346183.00
24/03/2017 2.05 2.05 2.05 2.05 13 3980.00 1220581620.00
27/03/2017 2.11 2.11 2.11 2.11 15 4400.00 1355295345.00
28/03/2017 2.13 2.13 2.15 2.15 19 7060.00 2173493166.00
29/03/2017 2.15 2.15 2.17 2.15 43 12740.00 3914646108.00
30/03/2017 2.09 2.07 2.11 2.09 48 9970.00 3070377479.00
31/03/2017 2.05 2.03 2.05 2.03 21 5650.00 1739670539.00
03/04/2017 2.03 1.99 2.03 1.99 9 2050.00 634240273.00
04/04/2017 1.99 1.99 2.02 2.01 22 9310.00 2849766570.00
05/04/2017 2.02 2.01 2.03 2.03 17 15260.00 4670519890.00
06/04/2017 2.06 2.05 2.10 2.10 23 8800.00 2699500878.00
07/04/2017 2.15 2.15 2.15 2.15 12 2700.00 833178133.00
10/04/2017 2.15 2.15 2.19 2.19 11 2860.00 882144628.00
11/04/2017 2.17 2.16 2.18 2.16 12 5050.00 1559204015.00
12/04/2017 2.16 2.13 2.18 2.13 15 6050.00 1876100380.00
13/04/2017 2.11 2.11 2.11 2.11 10 4500.00 1393838367.00
17/04/2017 1.99 1.97 1.99 1.98 39 12580.00 3861909534.00
18/04/2017 2.00 1.98 2.03 2.03 31 15380.00 4710363200.00
19/04/2017 2.08 2.03 2.08 2.06 24 7030.00 2160610350.00
20/04/2017 2.04 2.02 2.05 2.02 28 14580.00 4516573141.00
24/04/2017 1.98 1.98 1.98 1.98 15 3610.00 1117275573.00
25/04/2017 2.05 1.95 2.05 1.95 66 17320.00 5362705528.00
26/04/2017 2.06 1.90 2.06 1.90 64 21420.00 6698448845.00
27/04/2017 1.96 1.96 1.97 1.97 20 8610.00 2702410614.00
28/04/2017 1.99 1.95 1.99 1.98 34 8710.00 2729330813.00
02/05/2017 1.98 1.95 1.98 1.95 29 7260.00 2274545489.00
03/05/2017 1.99 1.99 1.99 1.99 17 8200.00 2557362386.00
04/05/2017 1.97 1.97 1.97 1.97 7 1900.00 594144156.00
05/05/2017 1.92 1.92 1.92 1.92 32 15100.00 4736504379.00
08/05/2017 1.90 1.90 1.91 1.90 11 3000.00 944027225.00
09/05/2017 1.87 1.86 1.87 1.86 40 8040.00 2534139362.00
10/05/2017 1.86 1.86 1.90 1.90 30 8950.00 2805627289.00
11/05/2017 1.92 1.89 1.92 1.91 24 12810.00 3992453098.00
12/05/2017 1.92 1.88 1.92 1.89 26 9900.00 3070484684.00
15/05/2017 1.90 1.90 1.94 1.94 22 15600.00 4799833890.00
16/05/2017 1.91 1.91 1.94 1.94 58 19380.00 5932584507.00
17/05/2017 2.00 1.99 2.02 2.01 29 15120.00 4639810222.00
18/05/2017 2.45 2.35 2.53 2.53 52 21860.00 6938290894.00
19/05/2017 2.38 2.23 2.38 2.23 36 20710.00 6779985850.00
22/05/2017 2.35 2.29 2.35 2.34 46 16480.00 5336361346.00
23/05/2017 2.40 2.24 2.40 2.24 72 24270.00 7841884873.00
24/05/2017 2.17 2.14 2.17 2.17 53 33340.00 10746027663.00
25/05/2017 2.17 2.15 2.21 2.15 51 32860.00 10619960330.00
26/05/2017 2.13 1.95 2.13 2.09 31 13070.00 4219941593.00
29/05/2017 2.06 2.02 2.06 2.02 17 5710.00 1842122844.00
30/05/2017 2.22 2.15 2.22 2.15 22 9910.00 3196790253.00
31/05/2017 2.10 2.10 2.19 2.19 25 14220.00 4565261385.00
01/06/2017 2.19 2.19 2.28 2.28 14 6310.00 2022250372.00
02/06/2017 2.32 2.32 2.32 2.32 12 8650.00 2766675066.00
05/06/2017 2.32 2.32 2.34 2.34 24 19580.00 6310831173.00
06/06/2017 2.34 2.32 2.36 2.32 36 11760.00 3805231199.00
07/06/2017 2.32 2.32 2.32 2.32 6 1600.00 517922639.00
08/06/2017 2.40 2.32 2.40 2.34 18 5280.00 1704744568.00
09/06/2017 2.35 2.35 2.36 2.36 10 6500.00 2106899014.00
12/06/2017 2.36 2.35 2.40 2.35 25 14300.00 4651146384.00
13/06/2017 2.35 2.33 2.35 2.34 9 3500.00 1141385306.00
14/06/2017 2.33 2.28 2.33 2.31 25 14560.00 4746455477.00
16/06/2017 2.31 2.31 2.36 2.36 3 700.00 227028871.00
