01/06/2016 4.50 4.50 4.50 4.50 3 300.00 86000819.00
02/06/2016 4.50 4.50 4.50 4.50 2 100.00 28711785.00
08/06/2016 4.60 4.60 4.60 4.60 1 100.00 27249505.00
16/06/2016 4.85 4.85 5.10 5.10 7 610.00 164839882.00
20/06/2016 5.24 5.24 5.24 5.24 2 20.00 5366947.00
21/06/2016 5.29 5.29 5.32 5.32 8 3700.00 966162857.00
22/06/2016 5.35 5.35 5.35 5.35 2 1200.00 312240722.00
27/06/2016 4.94 4.94 4.94 4.94 1 100.00 26469127.00
01/07/2016 4.64 4.64 4.64 4.64 2 220.00 56142204.00
08/07/2016 4.23 4.23 4.23 4.23 6 600.00 160877053.00
13/07/2016 4.57 4.57 4.57 4.57 2 200.00 52330636.00
19/07/2016 4.40 4.40 4.40 4.40 1 100.00 26326788.00
20/07/2016 4.40 4.30 4.40 4.30 3 420.00 110557250.00
21/07/2016 4.34 4.34 4.34 4.34 2 200.00 52800345.00
22/07/2016 4.27 4.27 4.27 4.27 4 840.00 222048578.00
25/07/2016 4.21 4.21 4.21 4.21 3 300.00 79868457.00
27/07/2016 4.00 4.00 4.00 4.00 2 200.00 53668634.00
01/08/2016 4.03 4.03 4.03 4.03 2 110.00 29260523.00
03/08/2016 4.10 4.10 4.10 4.10 3 300.00 79654155.00
09/08/2016 4.16 4.16 4.16 4.16 2 100.00 25652712.00
11/08/2016 4.14 4.14 4.14 4.14 2 160.00 40924002.00
12/08/2016 4.21 4.21 4.21 4.21 1 100.00 25633657.00
15/08/2016 4.16 4.16 4.16 4.16 2 200.00 51765843.00
16/08/2016 4.10 4.10 4.10 4.10 1 100.00 25977623.00
18/08/2016 3.96 3.96 3.96 3.96 1 200.00 53196501.00
19/08/2016 3.91 3.91 3.92 3.92 7 1560.00 413533360.00
23/08/2016 3.90 3.88 4.01 4.01 7 2780.00 738014446.00
24/08/2016 4.04 4.04 4.04 4.04 2 340.00 89578176.00
29/08/2016 4.06 4.06 4.06 4.06 2 100.00 26445897.00
31/08/2016 4.09 4.09 4.09 4.09 1 20.00 5243033.00
01/09/2016 4.09 4.03 4.09 4.03 3 210.00 55684669.00
02/09/2016 3.90 3.90 3.91 3.91 9 1300.00 348617375.00
05/09/2016 3.76 3.76 3.76 3.76 2 220.00 59515087.00
12/09/2016 3.75 3.75 3.75 3.75 2 200.00 54063819.00
13/09/2016 3.80 3.80 3.80 3.80 5 500.00 136882008.00
14/09/2016 3.79 3.79 3.79 3.79 3 300.00 82522786.00
15/09/2016 3.75 3.75 3.75 3.75 5 500.00 137610536.00
16/09/2016 3.77 3.77 3.77 3.77 2 200.00 54852636.00
19/09/2016 3.77 3.76 3.84 3.84 10 2460.00 670988205.00
21/09/2016 3.89 3.80 3.89 3.80 11 1500.00 402399340.00
27/09/2016 3.68 3.68 3.68 3.68 1 100.00 27098333.00
28/09/2016 3.64 3.64 3.64 3.64 2 100.00 26900653.00
30/09/2016 3.60 3.60 3.60 3.60 2 100.00 27127659.00
03/10/2016 3.60 3.60 3.60 3.60 3 510.00 138025252.00
04/10/2016 3.59 3.59 3.59 3.59 3 460.00 125273795.00
05/10/2016 3.57 3.53 3.57 3.53 8 2230.00 603849096.00
11/10/2016 3.80 3.80 3.85 3.83 12 310.00 82214827.00
17/10/2016 3.74 3.74 3.74 3.74 1 100.00 26698284.00
18/10/2016 3.76 3.74 3.76 3.74 6 600.00 159976869.00
19/10/2016 3.72 3.72 3.72 3.72 2 200.00 53232665.00
20/10/2016 3.72 3.72 3.72 3.72 2 340.00 89697685.00
21/10/2016 3.60 3.60 3.65 3.65 4 1000.00 265499874.00
24/10/2016 3.65 3.65 3.65 3.65 2 200.00 52536310.00
25/10/2016 3.73 3.72 3.73 3.72 3 120.00 31219558.00
28/10/2016 3.83 3.83 3.83 3.83 3 400.00 105477007.00
31/10/2016 3.81 3.65 3.81 3.65 5 960.00 256310681.00
01/11/2016 3.65 3.65 3.74 3.74 4 330.00 88795591.00
03/11/2016 3.86 3.86 3.92 3.92 3 400.00 107039263.00
08/11/2016 4.03 4.00 4.03 4.00 9 1840.00 484299699.00
09/11/2016 4.01 4.01 4.01 4.01 2 150.00 39678021.00
14/11/2016 4.51 4.51 4.51 4.51 3 400.00 111404732.00
16/11/2016 4.48 4.48 4.48 4.48 1 100.00 27805741.00
17/11/2016 4.59 4.59 4.59 4.59 2 200.00 55295703.00
18/11/2016 4.61 4.61 4.61 4.61 4 400.00 109763236.00
21/11/2016 4.40 4.40 4.40 4.40 11 3020.00 827963067.00
22/11/2016 4.40 4.29 4.40 4.29 8 700.00 192010890.00
23/11/2016 4.35 4.35 4.35 4.35 2 100.00 27385346.00
24/11/2016 4.21 4.21 4.21 4.21 2 50.00 13919959.00
25/11/2016 4.21 4.21 4.21 4.21 5 500.00 139806840.00
29/11/2016 4.13 4.13 4.13 4.13 2 200.00 55974696.00
30/11/2016 4.35 4.35 4.35 4.35 2 200.00 55545477.00
01/12/2016 4.47 4.47 4.47 4.47 3 400.00 111686378.00
02/12/2016 4.33 4.33 4.33 4.33 3 300.00 84713717.00
05/12/2016 4.40 4.40 4.40 4.40 1 10.00 2780381.00
07/12/2016 4.26 4.26 4.26 4.26 4 400.00 112158593.00
13/12/2016 4.25 4.22 4.25 4.22 5 1220.00 335284262.00
14/12/2016 4.23 4.23 4.23 4.23 2 200.00 54691514.00
15/12/2016 4.28 4.28 4.28 4.28 1 100.00 27384424.00
16/12/2016 4.35 4.35 4.35 4.35 3 300.00 83132160.00
19/12/2016 4.35 4.35 4.35 4.35 2 500.00 137791411.00
20/12/2016 4.30 4.30 4.30 4.30 2 100.00 27557396.00
27/12/2016 4.17 4.14 4.17 4.14 5 390.00 105545816.00
28/12/2016 4.13 4.13 4.13 4.13 1 100.00 27122931.00
29/12/2016 4.03 4.03 4.03 4.03 3 400.00 108334559.00
02/01/2017 4.03 4.03 4.12 4.12 5 370.00 100134791.00
04/01/2017 4.17 4.16 4.17 4.16 3 400.00 107263732.00
05/01/2017 4.17 4.13 4.17 4.13 5 440.00 117088101.00
06/01/2017 4.16 4.16 4.16 4.16 2 200.00 53230597.00
09/01/2017 4.04 4.04 4.04 4.04 5 500.00 132770031.00
12/01/2017 3.97 3.97 3.97 3.97 3 300.00 79641891.00
13/01/2017 4.11 4.11 4.11 4.11 6 600.00 158481043.00
16/01/2017 4.15 4.15 4.15 4.15 3 300.00 79926458.00
17/01/2017 4.15 4.15 4.15 4.15 2 100.00 26650867.00
18/01/2017 4.17 4.17 4.17 4.17 1 100.00 26625479.00
19/01/2017 4.22 4.22 4.22 4.22 1 100.00 26541891.00
23/01/2017 4.27 4.27 4.27 4.27 6 600.00 156862750.00
24/01/2017 4.24 4.21 4.27 4.21 6 720.00 187861154.00
26/01/2017 4.21 4.21 4.21 4.21 3 300.00 78853654.00
27/01/2017 4.15 4.15 4.15 4.15 1 100.00 26235776.00
01/02/2017 4.24 4.24 4.24 4.24 2 120.00 31058690.00
02/02/2017 3.99 3.99 3.99 3.99 1 100.00 26208814.00
03/02/2017 3.92 3.92 3.92 3.92 2 200.00 52203210.00
06/02/2017 3.87 3.87 3.87 3.87 3 300.00 78572832.00
07/02/2017 3.83 3.83 3.83 3.83 1 100.00 26192911.00
08/02/2017 3.80 3.80 3.80 3.80 1 10.00 2560609.00
13/02/2017 3.93 3.93 3.93 3.93 1 100.00 26096335.00
14/02/2017 3.93 3.93 3.93 3.93 3 520.00 135327616.00
17/02/2017 3.90 3.90 3.90 3.90 2 200.00 51533238.00
21/02/2017 3.87 3.87 3.87 3.87 4 400.00 103862048.00
23/02/2017 3.85 3.85 3.85 3.85 6 700.00 180560636.00
01/03/2017 3.89 3.89 3.97 3.97 4 260.00 67409327.00
02/03/2017 4.02 4.02 4.02 4.02 1 100.00 26103996.00
03/03/2017 4.00 4.00 4.00 4.00 2 500.00 130270072.00
07/03/2017 3.95 3.90 3.95 3.90 3 200.00 52235231.00
08/03/2017 3.96 3.96 3.96 3.96 6 600.00 157856479.00
10/03/2017 4.03 4.03 4.03 4.03 2 300.00 79190117.00
14/03/2017 4.00 4.00 4.00 4.00 2 350.00 92731252.00
15/03/2017 4.01 3.94 4.02 3.94 5 700.00 183738810.00
20/03/2017 3.78 3.78 3.78 3.78 1 100.00 26181335.00
21/03/2017 3.78 3.78 3.78 3.78 2 300.00 78160722.00
22/03/2017 3.72 3.72 3.77 3.77 4 1570.00 409815389.00
23/03/2017 3.78 3.78 3.78 3.78 8 900.00 237030910.00
27/03/2017 3.78 3.78 3.89 3.89 9 1100.00 289981271.00
29/03/2017 3.81 3.81 3.81 3.81 2 200.00 52635583.00
30/03/2017 3.83 3.83 3.83 3.83 2 200.00 52935362.00
31/03/2017 3.81 3.81 3.81 3.81 1 100.00 26470285.00
03/04/2017 3.81 3.77 3.81 3.77 5 450.00 119669904.00
04/04/2017 3.81 3.81 3.81 3.81 3 900.00 236378913.00
05/04/2017 3.81 3.81 3.81 3.81 1 100.00 26311025.00
06/04/2017 3.83 3.83 3.90 3.90 4 1290.00 339162853.00
07/04/2017 3.92 3.92 3.92 3.92 4 500.00 131785977.00
10/04/2017 3.90 3.90 3.90 3.90 5 700.00 184522640.00
13/04/2017 3.79 3.70 3.79 3.70 5 2060.00 548482850.00
18/04/2017 3.59 3.59 3.59 3.59 6 800.00 211783586.00
20/04/2017 3.51 3.49 3.51 3.49 5 1220.00 328575936.00
24/04/2017 3.47 3.47 3.47 3.47 3 300.00 80844270.00
26/04/2017 3.48 3.44 3.48 3.45 5 800.00 217925569.00
27/04/2017 3.44 3.44 3.48 3.48 4 330.00 90152656.00
28/04/2017 3.50 3.50 3.50 3.50 2 200.00 54505788.00
02/05/2017 3.50 3.48 3.50 3.48 2 200.00 54492714.00
03/05/2017 3.44 3.44 3.44 3.44 1 100.00 27159944.00
04/05/2017 3.42 3.42 3.42 3.42 4 400.00 108925003.00
08/05/2017 3.41 3.41 3.41 3.41 2 200.00 54805998.00
11/05/2017 3.45 3.45 3.45 3.45 2 200.00 54249384.00
18/05/2017 3.60 3.60 3.60 3.60 7 700.00 193326408.00
19/05/2017 3.60 3.42 3.60 3.42 11 2190.00 623214581.00
22/05/2017 3.45 3.45 3.47 3.47 3 570.00 161123406.00
23/05/2017 3.52 3.52 3.52 3.52 2 300.00 84422114.00
24/05/2017 3.57 3.57 3.57 3.57 1 100.00 28030082.00
25/05/2017 3.61 3.60 3.64 3.62 9 1160.00 325331510.00
29/05/2017 3.60 3.60 3.60 3.60 2 100.00 28014405.00
30/05/2017 3.63 3.63 3.63 3.63 2 370.00 103522473.00
31/05/2017 3.61 3.61 3.61 3.61 3 300.00 83644842.00
01/06/2017 3.61 3.61 3.61 3.61 3 120.00 33538517.00
02/06/2017 3.64 3.64 3.64 3.64 2 370.00 102746140.00
06/06/2017 3.67 3.67 3.67 3.67 4 400.00 112346921.00
08/06/2017 3.74 3.74 3.74 3.74 2 200.00 55655313.00
09/06/2017 3.74 3.74 3.74 3.74 2 100.00 28106631.00
14/06/2017 3.69 3.69 3.69 3.69 3 300.00 84858022.00
