01/06/2016 4.03 4.03 4.03 4.03 5 550.00 166262360.00
02/06/2016 4.03 3.94 4.03 3.94 8 1020.00 310266563.00
03/06/2016 3.90 3.88 3.92 3.92 20 3260.00 983267121.00
06/06/2016 3.92 3.90 4.05 4.05 10 1230.00 364330747.00
07/06/2016 4.10 4.10 4.21 4.21 21 2150.00 626469433.00
08/06/2016 4.24 4.16 4.25 4.16 16 1720.00 493293262.00
09/06/2016 4.15 4.07 4.15 4.07 5 450.00 128180516.00
10/06/2016 4.09 4.07 4.13 4.07 8 1050.00 300343884.00
13/06/2016 4.10 4.10 4.11 4.11 10 1300.00 376594088.00
14/06/2016 4.25 4.25 4.25 4.25 10 1500.00 435749495.00
15/06/2016 4.41 4.41 4.41 4.41 19 5200.00 1499344061.00
16/06/2016 4.60 4.60 4.60 4.60 31 6950.00 1991617521.00
17/06/2016 4.70 4.65 4.83 4.78 52 7580.00 2148833602.00
20/06/2016 4.80 4.77 4.85 4.77 34 5830.00 1630263955.00
21/06/2016 4.75 4.75 4.86 4.85 47 10500.00 2910630947.00
22/06/2016 4.85 4.60 4.86 4.60 38 15700.00 4348847502.00
23/06/2016 4.55 4.37 4.55 4.37 49 11670.00 3264935715.00
24/06/2016 4.31 4.31 4.31 4.31 3 200.00 56307520.00
27/06/2016 4.48 4.43 4.48 4.46 7 2470.00 694562089.00
28/06/2016 4.50 4.40 4.50 4.43 48 5110.00 1420771122.00
29/06/2016 4.42 4.30 4.42 4.33 14 1510.00 414449410.00
30/06/2016 4.20 4.14 4.20 4.14 24 4180.00 1132874397.00
01/07/2016 4.14 3.97 4.14 4.04 27 5720.00 1553367142.00
04/07/2016 4.02 4.01 4.03 4.03 13 750.00 205686758.00
05/07/2016 4.07 4.07 4.13 4.13 6 730.00 200877049.00
06/07/2016 4.14 4.13 4.14 4.14 11 1070.00 297500503.00
07/07/2016 4.12 4.05 4.12 4.05 9 1000.00 282257673.00
08/07/2016 4.00 3.83 4.00 3.85 35 4390.00 1235563253.00
11/07/2016 3.84 3.80 3.85 3.80 19 3510.00 986536244.00
12/07/2016 3.80 3.80 3.96 3.96 18 3840.00 1075339285.00
13/07/2016 4.13 4.13 4.13 4.13 7 800.00 220552339.00
14/07/2016 4.15 4.13 4.18 4.18 9 2300.00 633153739.00
15/07/2016 4.18 4.09 4.18 4.09 24 5630.00 1537885602.00
18/07/2016 4.03 4.03 4.05 4.05 13 2220.00 612173167.00
19/07/2016 3.99 3.99 4.00 4.00 7 700.00 193752218.00
20/07/2016 3.97 3.92 3.97 3.92 12 2240.00 620906165.00
21/07/2016 3.92 3.92 3.96 3.96 5 2920.00 810430566.00
22/07/2016 3.88 3.88 3.88 3.88 4 600.00 166673190.00
25/07/2016 3.90 3.83 3.90 3.83 14 1620.00 453239189.00
26/07/2016 3.83 3.67 3.83 3.68 7 1350.00 378775435.00
27/07/2016 3.67 3.63 3.67 3.63 8 1400.00 393791500.00
28/07/2016 3.66 3.66 3.74 3.74 3 210.00 59214679.00
29/07/2016 3.74 3.64 3.74 3.64 17 2550.00 713453808.00
01/08/2016 3.64 3.64 3.75 3.75 21 3210.00 895698488.00
02/08/2016 3.75 3.75 3.82 3.82 19 2050.00 572487679.00
03/08/2016 3.73 3.73 3.73 3.73 8 900.00 250732751.00
04/08/2016 3.73 3.73 3.75 3.75 8 1900.00 527452275.00
05/08/2016 3.74 3.74 3.75 3.75 13 2210.00 605059586.00
08/08/2016 3.78 3.78 3.78 3.78 7 820.00 222945209.00
09/08/2016 3.77 3.77 3.77 3.77 15 2700.00 730972650.00
10/08/2016 3.77 3.75 3.78 3.75 15 2580.00 693117029.00
11/08/2016 3.82 3.82 3.82 3.82 9 900.00 241517792.00
12/08/2016 3.81 3.81 3.81 3.81 7 1880.00 508319226.00
15/08/2016 3.77 3.77 3.77 3.77 6 1060.00 287775829.00
16/08/2016 3.80 3.74 3.80 3.74 14 1500.00 408762106.00
17/08/2016 3.70 3.65 3.70 3.65 10 1760.00 482926665.00
18/08/2016 3.65 3.56 3.65 3.56 10 1400.00 389792141.00
19/08/2016 3.58 3.56 3.58 3.56 5 500.00 138579387.00
22/08/2016 3.56 3.56 3.56 3.56 4 500.00 138742737.00
23/08/2016 3.56 3.56 3.65 3.65 9 830.00 229962457.00
24/08/2016 3.72 3.72 3.72 3.72 3 300.00 82804538.00
25/08/2016 3.83 3.83 3.83 3.83 3 300.00 83133072.00
26/08/2016 3.79 3.79 3.82 3.82 15 2350.00 655000236.00
29/08/2016 3.72 3.72 3.72 3.72 7 1100.00 305004265.00
30/08/2016 3.75 3.75 3.75 3.75 1 10.00 2857104.00
31/08/2016 3.78 3.72 3.78 3.72 7 540.00 150278100.00
01/09/2016 3.72 3.68 3.72 3.68 13 1460.00 406629612.00
02/09/2016 3.66 3.58 3.66 3.58 7 1500.00 420742405.00
05/09/2016 3.52 3.49 3.52 3.49 16 1700.00 480180059.00
06/09/2016 3.42 3.40 3.48 3.48 19 3100.00 871607313.00
08/09/2016 3.49 3.49 3.51 3.51 6 850.00 237459672.00
09/09/2016 3.57 3.56 3.57 3.56 8 860.00 240585606.00
12/09/2016 3.47 3.47 3.47 3.47 4 400.00 113086724.00
13/09/2016 3.47 3.47 3.50 3.50 9 1120.00 320844400.00
14/09/2016 3.46 3.46 3.46 3.46 9 1100.00 316807577.00
15/09/2016 3.45 3.44 3.45 3.44 7 800.00 230393830.00
16/09/2016 3.45 3.45 3.45 3.45 10 1700.00 488028256.00
19/09/2016 3.50 3.50 3.51 3.51 3 300.00 85553506.00
20/09/2016 3.55 3.53 3.55 3.53 3 700.00 197719238.00
21/09/2016 3.55 3.47 3.55 3.47 18 2400.00 673762136.00
22/09/2016 3.48 3.47 3.48 3.47 11 1700.00 477094816.00
23/09/2016 3.50 3.43 3.50 3.43 10 1150.00 321834568.00
26/09/2016 3.40 3.40 3.40 3.40 6 800.00 225379263.00
27/09/2016 3.41 3.37 3.41 3.37 12 1220.00 344221964.00
28/09/2016 3.37 3.30 3.37 3.30 12 1110.00 314334762.00
29/09/2016 3.31 3.25 3.31 3.25 6 510.00 145241137.00
30/09/2016 3.31 3.31 3.32 3.31 8 750.00 212653271.00
03/10/2016 3.31 3.28 3.31 3.30 17 4590.00 1297580067.00
04/10/2016 3.30 3.30 3.31 3.31 10 1260.00 358019350.00
05/10/2016 3.27 3.23 3.27 3.24 27 5050.00 1427944705.00
06/10/2016 3.33 3.24 3.33 3.31 7 840.00 237798342.00
07/10/2016 3.41 3.36 3.41 3.41 12 1900.00 534309726.00
10/10/2016 3.46 3.46 3.46 3.46 6 600.00 167519775.00
11/10/2016 3.46 3.44 3.49 3.44 20 780.00 218471437.00
13/10/2016 3.44 3.43 3.44 3.43 11 1600.00 446138511.00
14/10/2016 3.40 3.40 3.40 3.40 6 700.00 195264673.00
18/10/2016 3.40 3.38 3.43 3.38 20 2400.00 666790836.00
19/10/2016 3.38 3.33 3.38 3.33 11 2120.00 589851614.00
20/10/2016 3.27 3.20 3.27 3.20 15 1820.00 505452863.00
21/10/2016 3.20 3.20 3.27 3.27 13 3960.00 1100656372.00
24/10/2016 3.29 3.29 3.29 3.29 3 300.00 82730448.00
25/10/2016 3.37 3.37 3.37 3.37 9 1100.00 300499562.00
26/10/2016 3.50 3.50 3.50 3.50 4 400.00 108985238.00
27/10/2016 3.45 3.45 3.45 3.45 6 510.00 139293491.00
28/10/2016 3.46 3.46 3.46 3.46 12 1800.00 497394917.00
31/10/2016 3.36 3.36 3.36 3.36 11 1750.00 488025522.00
01/11/2016 3.36 3.36 3.43 3.42 21 4200.00 1180404869.00
03/11/2016 3.47 3.47 3.56 3.56 42 4080.00 1142388609.00
04/11/2016 3.59 3.59 3.59 3.59 11 1300.00 364112313.00
07/11/2016 3.57 3.57 3.68 3.68 15 1600.00 446559825.00
08/11/2016 3.68 3.65 3.71 3.65 20 3220.00 889986068.00
09/11/2016 3.75 3.65 3.80 3.77 16 1110.00 306903248.00
10/11/2016 3.95 3.93 4.07 4.07 25 2970.00 836673932.00
11/11/2016 4.07 4.07 4.17 4.17 28 3900.00 1110145895.00
14/11/2016 4.20 4.14 4.20 4.14 10 1540.00 450983279.00
16/11/2016 4.14 4.14 4.15 4.15 8 3460.00 1012106373.00
17/11/2016 4.23 4.23 4.23 4.23 17 2000.00 581051408.00
18/11/2016 4.23 4.23 4.25 4.25 14 2010.00 579558113.00
21/11/2016 4.26 4.02 4.26 4.02 17 4000.00 1149358673.00
22/11/2016 4.02 3.93 4.02 3.93 11 2170.00 624051956.00
23/11/2016 4.00 3.82 4.00 3.82 16 1760.00 510684613.00
24/11/2016 3.82 3.82 3.91 3.91 10 2190.00 639193406.00
25/11/2016 3.83 3.83 3.83 3.83 13 1630.00 478910842.00
28/11/2016 3.70 3.70 3.70 3.70 10 1250.00 369669666.00
29/11/2016 3.74 3.74 3.80 3.80 9 910.00 267615606.00
30/11/2016 3.88 3.88 3.95 3.95 9 740.00 215844756.00
01/12/2016 3.95 3.95 4.10 4.06 25 4460.00 1312915389.00
02/12/2016 4.02 3.95 4.02 3.95 12 1260.00 373615179.00
05/12/2016 4.05 3.88 4.05 3.88 11 2810.00 834292874.00
06/12/2016 3.88 3.84 3.88 3.84 12 3200.00 949114848.00
07/12/2016 3.84 3.84 3.89 3.89 10 1300.00 383162060.00
08/12/2016 3.92 3.92 3.92 3.92 15 1900.00 553274063.00
09/12/2016 3.91 3.91 3.91 3.91 11 1400.00 407428702.00
12/12/2016 3.86 3.86 3.86 3.86 6 800.00 231955727.00
13/12/2016 3.83 3.78 3.83 3.78 7 1280.00 370670573.00
14/12/2016 3.78 3.78 3.82 3.82 10 1660.00 478971885.00
15/12/2016 3.87 3.87 3.87 3.87 4 600.00 172910972.00
16/12/2016 3.90 3.90 3.94 3.92 11 950.00 276625408.00
19/12/2016 3.95 3.88 3.95 3.88 14 3110.00 902682388.00
20/12/2016 3.88 3.88 3.88 3.88 5 500.00 144923811.00
21/12/2016 3.87 3.87 3.87 3.87 7 700.00 201533930.00
22/12/2016 3.80 3.80 3.80 3.80 7 710.00 204075918.00
23/12/2016 3.80 3.80 3.80 3.80 1 10.00 2910359.00
26/12/2016 3.77 3.77 3.77 3.77 2 200.00 56849789.00
27/12/2016 3.77 3.69 3.77 3.69 7 890.00 253192842.00
28/12/2016 3.71 3.65 3.71 3.66 18 1240.00 354018742.00
29/12/2016 3.66 3.59 3.66 3.59 20 5140.00 1461821892.00
02/01/2017 3.59 3.59 3.69 3.69 3 390.00 110992392.00
03/01/2017 3.69 3.65 3.69 3.65 3 540.00 153339753.00
04/01/2017 3.63 3.63 3.70 3.70 10 1300.00 366484282.00
05/01/2017 3.70 3.62 3.70 3.66 3 170.00 47549681.00
06/01/2017 3.70 3.68 3.70 3.68 3 150.00 41863943.00
09/01/2017 3.57 3.57 3.57 3.57 4 500.00 140080556.00
10/01/2017 3.59 3.59 3.59 3.59 11 1310.00 366059426.00
11/01/2017 3.59 3.59 3.59 3.59 6 600.00 166885155.00
12/01/2017 3.56 3.55 3.56 3.56 24 5750.00 1606951322.00
13/01/2017 3.56 3.56 3.74 3.74 20 3590.00 998298409.00
16/01/2017 3.76 3.76 3.76 3.76 4 400.00 111804435.00
17/01/2017 3.71 3.70 3.74 3.74 21 3300.00 923597523.00
18/01/2017 3.75 3.75 3.78 3.78 18 4250.00 1187438242.00
19/01/2017 3.78 3.78 3.80 3.80 16 3790.00 1055758589.00
20/01/2017 3.80 3.80 3.90 3.88 19 2280.00 630808527.00
23/01/2017 3.85 3.84 3.85 3.84 18 2300.00 634623995.00
24/01/2017 3.83 3.79 3.85 3.79 34 2840.00 779594756.00
26/01/2017 3.79 3.77 3.79 3.77 12 3510.00 968922073.00
27/01/2017 3.75 3.71 3.75 3.71 10 920.00 253525700.00
30/01/2017 3.75 3.73 3.75 3.73 4 230.00 62733552.00
31/01/2017 3.73 3.73 3.79 3.79 10 1110.00 303119084.00
01/02/2017 3.79 3.66 3.79 3.66 11 1660.00 455267922.00
02/02/2017 3.62 3.56 3.62 3.58 17 1540.00 423144439.00
03/02/2017 3.58 3.51 3.58 3.51 21 4170.00 1139645587.00
06/02/2017 3.49 3.47 3.49 3.47 7 700.00 192123692.00
07/02/2017 3.47 3.44 3.47 3.44 9 5130.00 1407723770.00
08/02/2017 3.40 3.40 3.41 3.41 10 950.00 261015226.00
09/02/2017 3.43 3.43 3.52 3.52 14 2630.00 722018124.00
10/02/2017 3.52 3.50 3.56 3.56 11 2550.00 697093069.00
13/02/2017 3.54 3.54 3.54 3.54 10 1000.00 273488308.00
14/02/2017 3.52 3.52 3.52 3.52 7 660.00 180108817.00
15/02/2017 3.52 3.52 3.52 3.52 4 400.00 108267938.00
16/02/2017 3.53 3.53 3.53 3.53 6 700.00 189265903.00
17/02/2017 3.50 3.50 3.50 3.50 11 1300.00 351062700.00
20/02/2017 3.48 3.48 3.48 3.48 1 100.00 27192954.00
21/02/2017 3.48 3.48 3.49 3.49 5 2120.00 576800768.00
22/02/2017 3.49 3.48 3.49 3.48 16 2460.00 668137938.00
23/02/2017 3.52 3.49 3.52 3.49 11 1130.00 305352578.00
24/02/2017 3.53 3.53 3.53 3.53 6 600.00 162655912.00
01/03/2017 3.53 3.53 3.63 3.63 10 1260.00 342379356.00
02/03/2017 3.66 3.66 3.66 3.66 15 1800.00 492301915.00
03/03/2017 3.62 3.62 3.63 3.63 10 1950.00 532686263.00
06/03/2017 3.53 3.53 3.53 3.53 2 300.00 82502770.00
07/03/2017 3.47 3.47 3.47 3.47 9 900.00 246595985.00
08/03/2017 3.55 3.50 3.60 3.60 46 9100.00 2508549175.00
09/03/2017 3.60 3.60 3.67 3.65 15 3530.00 980253122.00
10/03/2017 3.67 3.65 3.67 3.65 10 1500.00 415481487.00
13/03/2017 3.62 3.62 3.64 3.64 10 3200.00 886022391.00
14/03/2017 3.64 3.62 3.67 3.67 28 3300.00 916472776.00
15/03/2017 3.60 3.58 3.64 3.58 21 2450.00 674893968.00
16/03/2017 3.54 3.54 3.60 3.59 16 2410.00 664436560.00
17/03/2017 3.56 3.53 3.61 3.54 27 12020.00 3283367275.00
20/03/2017 3.50 3.41 3.50 3.41 7 1210.00 330376144.00
21/03/2017 3.41 3.40 3.41 3.40 15 3130.00 855121161.00
22/03/2017 3.40 3.35 3.40 3.37 19 2850.00 778670951.00
23/03/2017 3.37 3.37 3.41 3.40 18 3850.00 1058115257.00
24/03/2017 3.36 3.35 3.42 3.42 9 1210.00 333121210.00
27/03/2017 3.43 3.43 3.49 3.49 9 1320.00 364729951.00
28/03/2017 3.49 3.49 3.54 3.52 30 6710.00 1850822631.00
29/03/2017 3.43 3.43 3.43 3.43 14 1630.00 449815204.00
30/03/2017 3.44 3.44 3.45 3.45 17 4860.00 1344744131.00
31/03/2017 3.45 3.41 3.45 3.41 10 1540.00 426272809.00
03/04/2017 3.41 3.35 3.41 3.35 4 460.00 128130995.00
04/04/2017 3.35 3.35 3.39 3.39 9 2030.00 559133353.00
05/04/2017 3.39 3.39 3.39 3.39 6 600.00 165391701.00
06/04/2017 3.44 3.44 3.50 3.50 22 2900.00 797258372.00
07/04/2017 3.48 3.48 3.54 3.54 17 3140.00 867946483.00
10/04/2017 3.54 3.52 3.54 3.52 15 7980.00 2206284584.00
11/04/2017 3.54 3.47 3.54 3.47 7 1640.00 454966251.00
12/04/2017 3.41 3.40 3.41 3.41 5 410.00 114583773.00
13/04/2017 3.41 3.33 3.41 3.33 18 6940.00 1935726361.00
17/04/2017 3.25 3.21 3.25 3.23 19 4290.00 1191079062.00
18/04/2017 3.26 3.26 3.26 3.26 10 2200.00 608455238.00
19/04/2017 3.28 3.18 3.28 3.18 11 2050.00 570243448.00
20/04/2017 3.17 3.15 3.24 3.15 23 3760.00 1054618406.00
24/04/2017 3.12 3.12 3.13 3.13 13 3100.00 871073879.00
25/04/2017 3.16 3.10 3.16 3.10 19 3300.00 927903619.00
26/04/2017 3.13 3.09 3.13 3.09 28 4380.00 1244098984.00
27/04/2017 3.12 3.12 3.14 3.14 5 410.00 116935853.00
28/04/2017 3.16 3.14 3.16 3.14 17 4300.00 1222874308.00
02/05/2017 3.14 3.07 3.14 3.07 14 1780.00 507007639.00
03/05/2017 3.09 3.09 3.09 3.09 10 1200.00 340485494.00
04/05/2017 3.09 3.04 3.09 3.04 14 2680.00 762452712.00
05/05/2017 3.04 3.04 3.06 3.04 14 4010.00 1144696011.00
08/05/2017 3.10 3.03 3.10 3.03 29 3050.00 873466164.00
09/05/2017 3.03 3.02 3.03 3.03 18 2800.00 802813920.00
10/05/2017 3.05 3.05 3.05 3.05 5 1000.00 285157583.00
11/05/2017 3.07 3.07 3.07 3.07 8 800.00 226813354.00
12/05/2017 3.02 2.99 3.03 3.03 6 510.00 143945245.00
15/05/2017 3.03 3.03 3.06 3.06 10 2170.00 607617162.00
16/05/2017 3.06 3.06 3.07 3.07 13 1550.00 431664016.00
17/05/2017 3.07 3.04 3.07 3.04 11 2890.00 807293063.00
18/05/2017 3.35 3.15 3.35 3.25 26 4410.00 1268318247.00
19/05/2017 3.25 3.05 3.30 3.06 22 3910.00 1165473515.00
22/05/2017 3.08 3.08 3.15 3.15 24 4010.00 1182365938.00
23/05/2017 3.15 3.10 3.15 3.13 37 6020.00 1770554972.00
24/05/2017 3.16 3.13 3.18 3.18 23 5330.00 1560376359.00
25/05/2017 3.20 3.20 3.25 3.24 19 3130.00 915509334.00
26/05/2017 3.19 3.19 3.23 3.23 19 1740.00 509097159.00
29/05/2017 3.23 3.23 3.23 3.23 5 600.00 174931693.00
30/05/2017 3.29 3.26 3.29 3.26 7 810.00 236733358.00
31/05/2017 3.26 3.21 3.26 3.25 13 2420.00 704139789.00
01/06/2017 3.25 3.25 3.28 3.28 9 920.00 267343651.00
02/06/2017 3.28 3.27 3.28 3.27 11 2740.00 794349601.00
05/06/2017 3.28 3.28 3.28 3.28 5 500.00 146361085.00
06/06/2017 3.28 3.28 3.28 3.28 2 200.00 58766717.00
07/06/2017 3.28 3.28 3.30 3.30 11 1800.00 526940536.00
08/06/2017 3.30 3.30 3.36 3.36 6 3250.00 948736442.00
09/06/2017 3.40 3.40 3.40 3.40 1 100.00 29223595.00
12/06/2017 3.40 3.38 3.42 3.40 12 1680.00 493516211.00
13/06/2017 3.40 3.37 3.40 3.37 21 4950.00 1457599767.00
14/06/2017 3.32 3.32 3.33 3.33 9 1000.00 294327724.00
