01/02/2017 2.37 2.37 2.37 2.37 1 100.00 30684786.00
02/02/2017 2.37 2.31 2.37 2.31 2 170.00 52154294.00
03/02/2017 2.31 2.31 2.31 2.31 4 5600.00 1705369759.00
06/02/2017 2.23 2.20 2.23 2.20 5 1750.00 534744472.00
07/02/2017 2.20 2.20 2.20 2.20 3 700.00 213754547.00
09/02/2017 2.17 2.17 2.19 2.19 9 1220.00 373654881.00
21/02/2017 2.14 2.14 2.14 2.14 5 1400.00 424180713.00
22/02/2017 2.15 2.15 2.15 2.15 4 800.00 241991475.00
23/02/2017 2.14 2.14 2.14 2.14 2 500.00 150452770.00
01/03/2017 2.27 2.27 2.27 2.27 11 1100.00 333409796.00
02/03/2017 2.26 2.26 2.28 2.28 13 8550.00 2611573647.00
03/03/2017 2.26 2.26 2.26 2.26 3 1150.00 351038906.00
06/03/2017 2.20 2.20 2.20 2.20 9 2400.00 736143352.00
07/03/2017 2.16 2.16 2.16 2.16 2 300.00 91502925.00
08/03/2017 2.15 2.15 2.15 2.15 7 900.00 276728435.00
09/03/2017 2.20 2.20 2.20 2.20 1 100.00 31028291.00
10/03/2017 2.17 2.17 2.17 2.17 1 100.00 30951988.00
14/03/2017 2.19 2.19 2.19 2.19 1 10.00 3135161.00
17/03/2017 2.18 2.18 2.18 2.18 5 1000.00 304571265.00
21/03/2017 2.11 2.11 2.11 2.11 4 3100.00 939625306.00
22/03/2017 2.11 2.03 2.11 2.03 9 4320.00 1308882640.00
23/03/2017 2.09 2.09 2.09 2.09 2 500.00 152684014.00
28/03/2017 2.16 2.16 2.16 2.16 4 800.00 245784404.00
30/03/2017 2.10 2.10 2.10 2.10 1 100.00 30664017.00
03/04/2017 2.07 2.03 2.07 2.03 4 630.00 194461745.00
05/04/2017 2.05 2.05 2.05 2.05 3 600.00 183309696.00
07/04/2017 2.15 2.15 2.15 2.15 1 100.00 30726558.00
11/04/2017 2.17 2.17 2.17 2.17 1 100.00 30764689.00
12/04/2017 2.15 2.15 2.15 2.15 1 100.00 30885274.00
17/04/2017 2.00 2.00 2.00 2.00 1 100.00 30569553.00
18/04/2017 2.01 2.01 2.01 2.01 2 500.00 152967999.00
20/04/2017 2.06 2.06 2.06 2.06 5 1600.00 494634485.00
24/04/2017 2.00 2.00 2.00 2.00 13 2100.00 648161042.00
25/04/2017 1.96 1.96 1.96 1.96 1 100.00 30989999.00
26/04/2017 1.92 1.92 1.92 1.92 3 300.00 93902561.00
28/04/2017 2.00 2.00 2.03 2.03 4 1310.00 409894249.00
02/05/2017 2.01 2.01 2.01 2.01 1 10.00 3147368.00
04/05/2017 1.95 1.95 1.95 1.95 5 700.00 218534572.00
05/05/2017 1.91 1.91 1.91 1.91 2 200.00 62725815.00
08/05/2017 1.90 1.90 1.90 1.90 1 100.00 31459218.00
09/05/2017 1.86 1.86 1.86 1.86 6 600.00 188993621.00
10/05/2017 1.87 1.87 1.87 1.87 2 400.00 125190006.00
11/05/2017 1.90 1.90 1.90 1.90 6 10500.00 3267425306.00
12/05/2017 1.86 1.86 1.91 1.89 11 4050.00 1253823369.00
17/05/2017 1.99 1.99 1.99 1.99 1 40.00 12183163.00
18/05/2017 2.49 2.49 2.49 2.49 1 20.00 6384884.00
19/05/2017 2.24 2.24 2.24 2.24 2 200.00 65195617.00
24/05/2017 2.16 2.16 2.16 2.16 4 500.00 161066459.00
26/05/2017 2.04 2.04 2.04 2.04 1 100.00 32292190.00
29/05/2017 2.02 2.02 2.02 2.02 1 100.00 32260405.00
01/06/2017 2.15 2.15 2.15 2.15 1 10.00 3221350.00
02/06/2017 2.31 2.30 2.31 2.30 3 930.00 296990371.00
08/06/2017 2.34 2.34 2.34 2.34 4 1800.00 580136593.00
12/06/2017 2.35 2.35 2.35 2.35 1 100.00 32526155.00
16/06/2017 2.35 2.35 2.35 2.35 2 200.00 64850259.00
