03/03/2017 2.26 2.26 2.26 2.26 2 1500.00 457077807.00
07/03/2017 2.20 2.18 2.20 2.18 4 2500.00 761808424.00
08/03/2017 2.21 2.21 2.21 2.21 2 160.00 49173393.00
09/03/2017 2.26 2.26 2.26 2.26 1 30.00 9234374.00
16/03/2017 2.18 2.18 2.18 2.18 5 800.00 245774603.00
17/03/2017 2.18 2.18 2.18 2.18 3 410.00 124674391.00
23/03/2017 2.10 2.10 2.10 2.10 3 400.00 121919680.00
27/03/2017 2.09 2.09 2.09 2.09 2 200.00 61386353.00
29/03/2017 2.16 2.16 2.16 2.16 1 60.00 18407006.00
31/03/2017 2.08 2.08 2.08 2.08 12 1700.00 521375994.00
05/04/2017 2.06 2.06 2.06 2.06 3 900.00 274504425.00
06/04/2017 2.12 2.12 2.12 2.12 4 700.00 213688276.00
11/04/2017 2.20 2.18 2.20 2.18 22 4670.00 1436083873.00
12/04/2017 2.16 2.16 2.16 2.16 1 30.00 9194533.00
13/04/2017 2.10 2.10 2.10 2.10 6 1200.00 370385051.00
18/04/2017 2.05 2.05 2.05 2.05 2 500.00 152668929.00
19/04/2017 2.07 2.07 2.07 2.07 3 300.00 91717811.00
20/04/2017 2.07 2.07 2.07 2.07 1 100.00 30820125.00
25/04/2017 1.98 1.98 1.98 1.98 2 200.00 61613485.00
27/04/2017 2.01 2.01 2.01 2.01 3 300.00 93586243.00
02/05/2017 2.02 2.02 2.02 2.02 2 30.00 9434452.00
03/05/2017 1.99 1.99 1.99 1.99 2 200.00 62176281.00
09/05/2017 1.87 1.87 1.87 1.87 1 100.00 31475221.00
11/05/2017 1.91 1.91 1.91 1.91 8 900.00 280096934.00
12/05/2017 1.92 1.92 1.92 1.92 1 100.00 30975807.00
15/05/2017 1.97 1.97 1.97 1.97 1 100.00 30736919.00
16/05/2017 1.97 1.97 1.97 1.97 1 100.00 30578201.00
18/05/2017 2.36 2.36 2.50 2.50 7 1230.00 388501123.00
19/05/2017 2.42 2.42 2.42 2.42 1 10.00 3287177.00
24/05/2017 2.18 2.18 2.18 2.18 9 1500.00 481457730.00
25/05/2017 2.21 2.18 2.21 2.18 12 3200.00 1030356200.00
01/06/2017 2.17 2.17 2.27 2.27 7 710.00 227130617.00
02/06/2017 2.32 2.32 2.32 2.32 3 800.00 254800038.00
06/06/2017 2.33 2.32 2.34 2.32 8 2300.00 741136464.00
07/06/2017 2.33 2.33 2.33 2.33 1 100.00 32166312.00
08/06/2017 2.36 2.36 2.36 2.36 1 100.00 32089803.00
12/06/2017 2.38 2.38 2.39 2.38 7 3680.00 1192076286.00
13/06/2017 2.38 2.38 2.38 2.38 2 1010.00 328026328.00
