01/06/2016 2.81 2.81 2.81 2.81 9 1300.00 456701178.00
02/06/2016 2.81 2.70 2.82 2.70 11 1780.00 626591116.00
03/06/2016 2.65 2.62 2.65 2.62 10 1700.00 592275037.00
06/06/2016 2.65 2.65 2.70 2.70 17 2500.00 860073207.00
07/06/2016 2.77 2.72 2.81 2.81 64 16210.00 5512857148.00
08/06/2016 2.86 2.84 2.86 2.84 9 2510.00 839420342.00
09/06/2016 2.81 2.71 2.81 2.71 8 1300.00 431345634.00
10/06/2016 2.83 2.83 2.83 2.83 8 1600.00 532953159.00
13/06/2016 2.90 2.85 2.97 2.97 11 1420.00 478624855.00
14/06/2016 2.97 2.97 3.03 3.03 19 4780.00 1620306060.00
15/06/2016 3.11 3.04 3.11 3.04 30 3920.00 1328662842.00
16/06/2016 2.91 2.91 2.93 2.91 16 5900.00 2001556787.00
17/06/2016 2.92 2.90 2.97 2.97 14 2080.00 703076720.00
20/06/2016 3.05 2.96 3.15 3.14 23 6650.00 2217098835.00
21/06/2016 3.20 3.15 3.26 3.26 11 1780.00 588173361.00
22/06/2016 3.26 3.18 3.26 3.18 32 10600.00 3497734033.00
23/06/2016 2.94 2.93 2.94 2.93 6 1700.00 559860725.00
24/06/2016 2.94 2.89 3.13 3.09 13 1520.00 499238099.00
27/06/2016 3.13 3.13 3.13 3.13 6 2300.00 760455848.00
28/06/2016 3.18 3.18 3.18 3.18 7 1100.00 359809575.00
29/06/2016 2.85 2.85 2.85 2.85 17 6320.00 2029592818.00
30/06/2016 2.80 2.62 2.80 2.62 125 12040.00 3803374914.00
01/07/2016 2.62 2.34 2.62 2.34 10 2020.00 636717438.00
04/07/2016 2.37 2.37 2.43 2.43 5 80.00 25691812.00
05/07/2016 2.42 2.42 2.50 2.50 10 2520.00 809413079.00
06/07/2016 2.50 2.50 2.59 2.59 2 220.00 71533321.00
07/07/2016 2.59 2.54 2.59 2.54 8 1330.00 435602920.00
08/07/2016 2.38 2.38 2.38 2.38 7 800.00 260131532.00
11/07/2016 2.34 2.32 2.35 2.32 6 590.00 191269433.00
12/07/2016 2.38 2.38 2.40 2.40 4 400.00 129257899.00
14/07/2016 2.53 2.53 2.55 2.55 5 700.00 224819346.00
15/07/2016 2.52 2.43 2.52 2.46 12 630.00 201013924.00
18/07/2016 2.40 2.40 2.40 2.40 4 520.00 166378364.00
19/07/2016 2.33 2.33 2.33 2.33 3 600.00 192494515.00
21/07/2016 2.31 2.31 2.32 2.32 8 1420.00 456351172.00
22/07/2016 2.34 2.34 2.34 2.34 3 1000.00 321379322.00
25/07/2016 2.36 2.30 2.36 2.30 8 5400.00 1744918284.00
26/07/2016 2.30 2.20 2.30 2.20 11 4210.00 1358780613.00
27/07/2016 2.20 2.20 2.26 2.21 26 3260.00 1051698879.00
28/07/2016 2.24 2.22 2.35 2.35 41 2400.00 776277031.00
29/07/2016 2.21 2.21 2.22 2.22 12 7140.00 2293068548.00
01/08/2016 2.22 2.22 2.24 2.24 14 2400.00 769741660.00
02/08/2016 2.24 2.23 2.24 2.24 16 2320.00 746344762.00
03/08/2016 2.23 2.12 2.23 2.12 17 5120.00 1640156362.00
04/08/2016 2.13 2.13 2.13 2.13 7 2000.00 638948893.00
05/08/2016 2.17 2.14 2.18 2.17 29 3610.00 1137430080.00
08/08/2016 2.21 2.21 2.21 2.21 5 700.00 219372464.00
09/08/2016 2.20 2.15 2.20 2.15 29 2850.00 887867998.00
10/08/2016 2.15 2.10 2.15 2.13 10 6020.00 1861308957.00
11/08/2016 2.13 2.12 2.13 2.12 11 2500.00 772797411.00
12/08/2016 2.13 2.13 2.18 2.18 9 3460.00 1078998690.00
15/08/2016 2.15 2.15 2.15 2.15 12 2900.00 906173240.00
16/08/2016 2.11 2.11 2.11 2.11 11 3500.00 1096898936.00
17/08/2016 2.08 2.07 2.08 2.07 6 1230.00 387422045.00
18/08/2016 2.04 2.01 2.07 2.01 17 2680.00 854476816.00
19/08/2016 2.01 2.01 2.01 2.01 6 1380.00 438631731.00
22/08/2016 1.96 1.96 1.96 1.96 12 4260.00 1353853283.00
23/08/2016 1.99 1.99 2.02 2.02 11 5010.00 1593564221.00
24/08/2016 2.06 2.06 2.12 2.10 35 6600.00 2093932767.00
25/08/2016 2.13 2.12 2.28 2.28 20 17220.00 5492417645.00
26/08/2016 2.20 2.15 2.21 2.17 10 2580.00 827926279.00
29/08/2016 2.07 2.07 2.07 2.07 6 1700.00 541830043.00
30/08/2016 2.17 2.17 2.17 2.17 2 300.00 96401623.00
31/08/2016 2.12 2.09 2.12 2.09 9 1300.00 416385359.00
01/09/2016 2.09 2.08 2.09 2.08 7 1040.00 332890277.00
02/09/2016 2.08 2.08 2.13 2.13 19 6160.00 1974234942.00
05/09/2016 2.09 2.09 2.09 2.09 7 1050.00 337784368.00
06/09/2016 2.04 2.04 2.04 2.04 9 2200.00 704126976.00
08/09/2016 2.00 2.00 2.06 2.06 10 3110.00 990017421.00
09/09/2016 2.12 2.12 2.12 2.12 17 5300.00 1691535468.00
12/09/2016 2.09 2.09 2.09 2.09 6 1360.00 437553411.00
13/09/2016 2.13 2.13 2.20 2.18 61 33400.00 10889414009.00
14/09/2016 2.18 2.14 2.18 2.17 34 3450.00 1129167557.00
15/09/2016 2.17 2.08 2.20 2.09 28 5480.00 1795037890.00
16/09/2016 2.06 2.06 2.07 2.07 5 410.00 133928634.00
19/09/2016 2.13 2.13 2.13 2.13 8 1400.00 454608388.00
20/09/2016 2.18 2.17 2.24 2.22 76 14340.00 4616768291.00
21/09/2016 2.29 2.19 2.29 2.22 44 8030.00 2567682471.00
22/09/2016 2.27 2.21 2.28 2.21 42 17280.00 5513332259.00
23/09/2016 2.21 2.18 2.21 2.18 21 6720.00 2137958971.00
26/09/2016 2.18 2.12 2.24 2.12 19 5480.00 1753077061.00
27/09/2016 2.14 2.05 2.18 2.05 84 19210.00 6146786682.00
28/09/2016 2.04 2.02 2.06 2.03 89 14000.00 4472203375.00
29/09/2016 1.90 1.84 1.90 1.84 36 5910.00 1898983380.00
30/09/2016 1.84 1.82 1.88 1.87 54 12380.00 3964741557.00
03/10/2016 1.87 1.80 1.87 1.80 16 5190.00 1659457844.00
04/10/2016 1.81 1.76 1.81 1.76 21 8830.00 2837825479.00
05/10/2016 1.70 1.70 1.74 1.74 19 8200.00 2617913090.00
06/10/2016 1.77 1.77 1.79 1.79 18 5110.00 1635002080.00
07/10/2016 1.83 1.83 1.85 1.85 12 4160.00 1329545340.00
10/10/2016 1.86 1.86 1.90 1.90 6 760.00 241602687.00
11/10/2016 1.86 1.84 1.88 1.84 17 5960.00 1895305064.00
13/10/2016 1.86 1.86 1.86 1.86 8 1500.00 475237394.00
14/10/2016 1.88 1.84 1.90 1.84 25 4530.00 1436790412.00
17/10/2016 1.85 1.85 1.89 1.89 17 7510.00 2374131332.00
18/10/2016 1.88 1.85 1.88 1.86 60 5650.00 1785407444.00
19/10/2016 1.87 1.85 1.87 1.86 15 5590.00 1761064678.00
20/10/2016 1.80 1.73 1.80 1.74 13 19440.00 6091216552.00
21/10/2016 1.74 1.74 1.82 1.82 17 7300.00 2288991493.00
24/10/2016 1.82 1.82 1.83 1.83 9 2200.00 684789984.00
25/10/2016 1.82 1.82 1.82 1.82 5 11000.00 3401747896.00
26/10/2016 1.83 1.82 2.03 2.01 20 5220.00 1620126246.00
27/10/2016 2.03 2.00 2.11 2.06 32 40810.00 12679314430.00
28/10/2016 2.05 2.03 2.05 2.05 13 1540.00 483631042.00
31/10/2016 1.95 1.87 1.95 1.87 12 2760.00 871038201.00
01/11/2016 1.87 1.87 1.98 1.97 15 4930.00 1571179834.00
03/11/2016 2.08 2.08 2.09 2.09 17 9920.00 3165797098.00
04/11/2016 2.15 2.07 2.15 2.07 22 4030.00 1288649349.00
07/11/2016 2.07 2.07 2.07 2.07 1 100.00 31902797.00
08/11/2016 2.10 2.10 2.13 2.13 11 3400.00 1074378370.00
09/11/2016 2.19 2.10 2.19 2.10 17 4650.00 1475783977.00
10/11/2016 2.20 2.18 2.25 2.18 21 10160.00 3315843012.00
11/11/2016 2.26 2.24 2.40 2.28 26 3890.00 1289986656.00
14/11/2016 2.39 2.32 2.39 2.38 16 1780.00 606939263.00
16/11/2016 2.38 2.38 2.38 2.38 9 1600.00 544062106.00
17/11/2016 2.48 2.45 2.48 2.45 10 2240.00 759083485.00
18/11/2016 2.45 2.43 2.50 2.48 15 4080.00 1372583981.00
21/11/2016 2.35 2.27 2.37 2.27 38 3770.00 1260019912.00
22/11/2016 2.27 2.25 2.27 2.25 12 4520.00 1503502407.00
23/11/2016 2.22 2.20 2.28 2.20 6 420.00 140235692.00
24/11/2016 2.20 2.18 2.20 2.18 11 3940.00 1326651385.00
25/11/2016 2.22 2.07 2.22 2.07 11 1830.00 618963293.00
28/11/2016 1.97 1.97 1.97 1.97 8 4000.00 1354064599.00
29/11/2016 2.07 2.07 2.12 2.12 18 9410.00 3173855181.00
30/11/2016 2.24 2.24 2.31 2.31 24 9900.00 3336408452.00
01/12/2016 2.29 2.29 2.45 2.45 13 9250.00 3151291094.00
02/12/2016 2.42 2.42 2.45 2.45 13 3960.00 1356198426.00
05/12/2016 2.40 2.30 2.40 2.30 9 2200.00 752242797.00
06/12/2016 2.41 2.34 2.41 2.34 15 5900.00 2011227837.00
07/12/2016 2.37 2.37 2.44 2.44 11 3200.00 1086413558.00
08/12/2016 2.56 2.52 2.56 2.53 24 8520.00 2861179642.00
09/12/2016 2.57 2.43 2.58 2.43 28 16750.00 5619166209.00
12/12/2016 2.43 2.34 2.46 2.36 23 4950.00 1653552213.00
13/12/2016 2.21 2.20 2.26 2.25 71 32690.00 10863817620.00
14/12/2016 2.24 2.20 2.26 2.26 35 23140.00 7660617229.00
15/12/2016 2.31 2.31 2.42 2.33 27 14220.00 4717485778.00
16/12/2016 2.40 2.40 2.46 2.46 23 30070.00 10106956165.00
19/12/2016 2.55 2.53 2.56 2.54 13 29200.00 9769288618.00
20/12/2016 2.53 2.45 2.53 2.46 63 24120.00 8052744610.00
21/12/2016 2.47 2.35 2.47 2.35 17 17350.00 5759451380.00
22/12/2016 2.28 2.28 2.31 2.31 11 6350.00 2091676403.00
23/12/2016 2.26 2.23 2.26 2.23 118 7010.00 2298361861.00
26/12/2016 2.19 2.19 2.29 2.29 9 4020.00 1307830689.00
27/12/2016 2.34 2.25 2.34 2.25 17 14700.00 4781564081.00
28/12/2016 2.10 2.10 2.10 2.10 12 6710.00 2187685270.00
29/12/2016 2.10 1.95 2.10 1.95 25 14400.00 4672510462.00
02/01/2017 1.95 1.87 1.95 1.87 13 3560.00 1157660310.00
03/01/2017 1.87 1.81 1.87 1.81 18 8180.00 2656426740.00
04/01/2017 1.84 1.81 1.85 1.81 29 11030.00 3559154582.00
05/01/2017 1.81 1.77 1.81 1.78 21 15980.00 5115805889.00
06/01/2017 1.76 1.74 1.76 1.75 13 6300.00 2017936575.00
09/01/2017 1.70 1.69 1.70 1.69 19 11360.00 3621727483.00
10/01/2017 1.69 1.65 1.69 1.65 25 19120.00 6100981946.00
11/01/2017 1.65 1.60 1.65 1.63 19 12970.00 4125281245.00
12/01/2017 1.64 1.62 1.66 1.64 29 21790.00 6933950095.00
13/01/2017 1.67 1.67 1.67 1.67 9 7700.00 2444748420.00
16/01/2017 1.71 1.71 1.71 1.71 6 2100.00 673208670.00
17/01/2017 1.74 1.74 1.79 1.79 5 3600.00 1153950808.00
18/01/2017 1.82 1.82 1.86 1.86 10 5300.00 1697652270.00
19/01/2017 1.87 1.86 1.87 1.86 5 1300.00 415549810.00
20/01/2017 1.86 1.86 1.86 1.86 7 3330.00 1059425320.00
23/01/2017 1.90 1.88 1.90 1.88 8 3000.00 951051173.00
24/01/2017 1.91 1.81 1.91 1.81 12 12210.00 3848722679.00
26/01/2017 1.79 1.74 1.79 1.74 54 37630.00 11910506848.00
27/01/2017 1.70 1.64 1.70 1.69 73 42300.00 13348040980.00
30/01/2017 1.69 1.69 1.72 1.72 7 3080.00 963315955.00
31/01/2017 1.75 1.75 1.84 1.84 15 8200.00 2568341712.00
01/02/2017 1.84 1.83 1.88 1.83 21 21170.00 6624254473.00
02/02/2017 1.82 1.76 1.82 1.77 43 43230.00 13506437510.00
03/02/2017 1.72 1.71 1.72 1.72 22 16300.00 5064520174.00
06/02/2017 1.70 1.70 1.70 1.70 23 16800.00 5232131564.00
07/02/2017 1.68 1.68 1.74 1.74 11 5700.00 1773517430.00
08/02/2017 1.74 1.74 1.79 1.79 49 22100.00 6881199013.00
09/02/2017 1.79 1.79 1.83 1.83 41 31620.00 9856213461.00
10/02/2017 1.83 1.79 1.83 1.83 61 27870.00 8657464305.00
13/02/2017 1.95 1.86 1.95 1.88 192 65960.00 20488392975.00
14/02/2017 1.88 1.88 2.00 2.00 166 89860.00 27855876217.00
15/02/2017 2.04 1.99 2.04 2.00 119 78440.00 24098955273.00
16/02/2017 2.03 2.01 2.10 2.10 197 78290.00 24030327067.00
17/02/2017 2.15 2.04 2.15 2.05 225 158200.00 48468410037.00
20/02/2017 2.05 2.04 2.07 2.06 141 107870.00 33266223091.00
21/02/2017 2.10 2.02 2.10 2.02 194 245460.00 75730859462.00
22/02/2017 2.02 1.95 2.04 1.99 190 202030.00 62236307465.00
