02/06/2016 3.35 3.35 3.35 3.35 1 10.00 3258937.00
03/06/2016 3.17 3.17 3.17 3.17 1 10.00 3232539.00
07/06/2016 3.57 3.57 3.57 3.57 6 600.00 189477034.00
08/06/2016 3.63 3.63 3.63 3.63 2 300.00 92998060.00
09/06/2016 3.43 3.43 3.43 3.43 2 200.00 61716011.00
10/06/2016 3.51 3.51 3.51 3.51 1 10.00 3078872.00
15/06/2016 3.68 3.68 3.68 3.68 1 100.00 31489987.00
16/06/2016 3.71 3.71 3.71 3.71 8 1000.00 314578936.00
17/06/2016 3.90 3.90 3.90 3.90 2 200.00 62228192.00
20/06/2016 3.94 3.94 4.03 4.03 4 520.00 159659295.00
21/06/2016 4.03 4.03 4.08 4.08 4 330.00 100418160.00
22/06/2016 3.97 3.97 3.97 3.97 1 100.00 30424080.00
23/06/2016 3.74 3.74 3.74 3.74 3 1450.00 442074168.00
24/06/2016 3.86 3.86 3.86 3.86 1 100.00 30298153.00
30/06/2016 3.48 3.38 3.48 3.38 7 700.00 206278258.00
01/07/2016 3.38 3.38 3.38 3.38 1 10.00 2912053.00
06/07/2016 3.38 3.38 3.40 3.40 2 520.00 157207411.00
07/07/2016 3.40 3.40 3.40 3.40 2 850.00 259388658.00
13/07/2016 3.46 3.46 3.46 3.46 4 700.00 209331414.00
14/07/2016 3.48 3.46 3.48 3.48 5 900.00 268651106.00
18/07/2016 3.38 3.38 3.38 3.38 6 1250.00 373265465.00
22/07/2016 3.14 3.14 3.14 3.14 2 100.00 30069104.00
26/07/2016 2.97 2.97 2.97 2.97 2 100.00 30234100.00
28/07/2016 3.10 3.10 3.10 3.10 1 10.00 2991259.00
01/08/2016 2.94 2.94 2.94 2.94 1 10.00 2968237.00
02/08/2016 3.00 3.00 3.00 3.00 2 300.00 90576907.00
11/08/2016 3.01 3.01 3.07 3.07 5 2890.00 837995345.00
12/08/2016 3.12 3.12 3.12 3.12 2 40.00 11677177.00
15/08/2016 3.08 3.08 3.08 3.08 2 280.00 81975204.00
31/08/2016 2.98 2.98 2.98 2.98 1 20.00 6081531.00
02/09/2016 2.93 2.93 2.93 2.93 4 400.00 120498040.00
06/09/2016 2.86 2.86 2.86 2.86 2 3000.00 904238949.00
08/09/2016 2.81 2.81 2.87 2.87 3 1100.00 330014158.00
09/09/2016 2.87 2.87 2.91 2.91 5 340.00 102010453.00
14/09/2016 2.83 2.83 2.83 2.83 1 100.00 30842342.00
15/09/2016 2.83 2.74 2.83 2.74 6 600.00 185778869.00
20/09/2016 2.84 2.84 2.84 2.84 2 250.00 75877456.00
21/09/2016 2.84 2.84 2.84 2.84 1 100.00 30112848.00
03/10/2016 2.64 2.64 2.64 2.64 4 400.00 121100527.00
05/10/2016 2.60 2.60 2.60 2.60 2 150.00 45334134.00
06/10/2016 2.56 2.56 2.56 2.56 2 20.00 5936311.00
10/10/2016 2.68 2.68 2.68 2.68 6 600.00 180651746.00
11/10/2016 2.68 2.68 2.68 2.68 2 290.00 87193882.00
17/10/2016 2.69 2.69 2.69 2.69 1 100.00 29924465.00
18/10/2016 2.68 2.68 2.68 2.68 1 100.00 29899137.00
21/10/2016 2.55 2.55 2.55 2.55 3 300.00 89161094.00
25/10/2016 2.58 2.58 2.58 2.58 2 300.00 87912664.00
07/11/2016 2.92 2.92 2.92 2.92 1 100.00 30164903.00
08/11/2016 2.87 2.87 2.87 2.87 3 300.00 89578236.00
09/11/2016 2.95 2.95 2.95 2.95 1 100.00 29808464.00
10/11/2016 3.15 3.15 3.15 3.15 3 350.00 106963497.00
11/11/2016 3.26 3.26 3.37 3.37 3 300.00 92986405.00
17/11/2016 3.38 3.38 3.38 3.38 6 600.00 190264973.00
23/11/2016 3.14 2.98 3.14 2.98 5 590.00 184859862.00
24/11/2016 2.98 2.98 2.98 2.98 1 10.00 3111123.00
01/12/2016 3.27 3.27 3.27 3.27 1 100.00 31880859.00
02/12/2016 3.16 3.16 3.16 3.16 1 100.00 32087464.00
09/12/2016 3.12 3.12 3.12 3.12 1 100.00 31459926.00
13/12/2016 2.93 2.93 2.93 2.93 1 30.00 9378381.00
14/12/2016 2.96 2.96 3.00 3.00 4 470.00 146679613.00
15/12/2016 3.03 3.03 3.03 3.03 4 400.00 125174586.00
19/12/2016 3.06 3.06 3.06 3.06 1 400.00 125922190.00
21/12/2016 3.03 3.03 3.03 3.03 5 900.00 281389949.00
28/12/2016 2.89 2.89 2.89 2.89 1 50.00 15376077.00
29/12/2016 2.75 2.75 2.75 2.75 9 1100.00 337397465.00
05/01/2017 2.85 2.85 2.85 2.85 1 80.00 24122414.00
09/01/2017 2.75 2.73 2.75 2.73 5 400.00 120385580.00
11/01/2017 2.71 2.71 2.71 2.71 2 200.00 60068903.00
12/01/2017 2.70 2.70 2.70 2.70 4 400.00 120218431.00
13/01/2017 2.69 2.69 2.87 2.87 6 1000.00 300028583.00
16/01/2017 2.89 2.89 2.89 2.89 6 600.00 181283160.00
20/01/2017 2.98 2.98 2.98 2.98 4 400.00 119888655.00
23/01/2017 2.93 2.93 2.93 2.93 7 1000.00 298884695.00
24/01/2017 2.90 2.90 2.90 2.90 2 40.00 11793758.00
01/02/2017 2.85 2.85 2.86 2.86 4 330.00 97328277.00
02/02/2017 2.75 2.75 2.75 2.75 2 20.00 5772510.00
06/02/2017 2.68 2.68 2.68 2.68 1 100.00 29567252.00
07/02/2017 2.65 2.65 2.65 2.65 2 100.00 29397727.00
09/02/2017 2.64 2.64 2.65 2.65 5 630.00 186315378.00
13/02/2017 2.68 2.68 2.68 2.68 1 100.00 29495129.00
15/02/2017 2.65 2.65 2.65 2.65 2 150.00 43707539.00
16/02/2017 2.72 2.72 2.72 2.72 5 500.00 145711714.00
21/02/2017 2.67 2.67 2.67 2.67 1 20.00 5862277.00
22/02/2017 2.65 2.65 2.65 2.65 1 100.00 29270584.00
23/02/2017 2.67 2.67 2.67 2.67 2 200.00 58161244.00
01/03/2017 2.68 2.68 2.68 2.68 1 10.00 2856599.00
07/03/2017 2.68 2.64 2.68 2.64 5 500.00 147593452.00
08/03/2017 2.66 2.66 2.68 2.66 7 1620.00 481489626.00
13/03/2017 2.71 2.71 2.71 2.71 2 200.00 59833299.00
14/03/2017 2.74 2.74 2.74 2.74 2 200.00 60025340.00
15/03/2017 2.68 2.68 2.68 2.68 2 200.00 59492861.00
16/03/2017 2.69 2.69 2.69 2.69 5 700.00 208085120.00
17/03/2017 2.69 2.65 2.69 2.65 4 1800.00 529446328.00
20/03/2017 2.65 2.65 2.65 2.65 3 2750.00 806038057.00
21/03/2017 2.55 2.53 2.55 2.53 5 3000.00 880256083.00
22/03/2017 2.53 2.53 2.53 2.53 2 90.00 26442252.00
23/03/2017 2.52 2.52 2.52 2.52 1 100.00 29553700.00
27/03/2017 2.54 2.54 2.59 2.59 2 130.00 38744007.00
28/03/2017 2.58 2.58 2.58 2.58 2 1200.00 357007944.00
29/03/2017 2.59 2.59 2.59 2.59 2 200.00 59369212.00
30/03/2017 2.55 2.55 2.59 2.57 4 2150.00 639030486.00
04/04/2017 2.47 2.47 2.52 2.52 5 6240.00 1846269386.00
10/04/2017 2.69 2.69 2.69 2.69 1 100.00 29729817.00
17/04/2017 2.38 2.38 2.38 2.38 9 1300.00 386817451.00
18/04/2017 2.46 2.46 2.46 2.46 5 500.00 147798291.00
19/04/2017 2.46 2.46 2.46 2.46 5 500.00 148300843.00
20/04/2017 2.42 2.42 2.42 2.42 2 1020.00 306045866.00
24/04/2017 2.46 2.46 2.46 2.46 1 50.00 15009245.00
25/04/2017 2.36 2.36 2.36 2.36 4 400.00 120249330.00
26/04/2017 2.45 2.35 2.45 2.35 6 610.00 185111227.00
28/04/2017 2.41 2.41 2.41 2.41 1 200.00 60620965.00
02/05/2017 2.41 2.35 2.42 2.35 6 920.00 279255082.00
05/05/2017 2.32 2.32 2.32 2.32 2 200.00 60862209.00
08/05/2017 2.30 2.30 2.30 2.30 1 100.00 30529407.00
09/05/2017 2.28 2.28 2.28 2.28 7 700.00 213985378.00
10/05/2017 2.27 2.27 2.27 2.27 4 600.00 182497674.00
11/05/2017 2.30 2.30 2.30 2.30 6 700.00 211699278.00
12/05/2017 2.29 2.29 2.29 2.29 6 600.00 180529177.00
15/05/2017 2.35 2.35 2.35 2.35 6 600.00 179076106.00
16/05/2017 2.36 2.36 2.36 2.36 5 500.00 148445877.00
18/05/2017 2.66 2.66 2.66 2.66 2 200.00 61236822.00
24/05/2017 2.50 2.50 2.50 2.50 2 250.00 78004644.00
30/05/2017 2.56 2.56 2.56 2.56 3 300.00 93716983.00
31/05/2017 2.57 2.57 2.57 2.57 4 400.00 124419669.00
01/06/2017 2.62 2.62 2.62 2.62 4 400.00 124180962.00
05/06/2017 2.64 2.64 2.64 2.64 3 300.00 93695109.00
06/06/2017 2.63 2.63 2.63 2.63 1 100.00 31352932.00
07/06/2017 2.63 2.63 2.67 2.67 6 440.00 137382485.00
08/06/2017 2.64 2.64 2.64 2.64 1 10.00 3193881.00
14/06/2017 2.64 2.64 2.65 2.65 2 210.00 66220271.00
