04/04/2017 2.10 2.10 2.10 2.10 2 2400.00 729179175.00
05/04/2017 2.13 2.13 2.13 2.13 2 600.00 182306976.00
07/04/2017 2.26 2.26 2.26 2.26 8 1100.00 336912983.00
10/04/2017 2.24 2.24 2.24 2.24 2 1000.00 306004278.00
18/04/2017 2.10 2.10 2.10 2.10 3 300.00 91233379.00
19/04/2017 2.12 2.12 2.12 2.12 3 300.00 91535333.00
20/04/2017 2.13 2.13 2.13 2.13 3 700.00 215141936.00
24/04/2017 2.09 2.09 2.09 2.09 1 20.00 6207122.00
25/04/2017 2.04 2.04 2.04 2.04 3 300.00 92238320.00
02/05/2017 2.04 2.04 2.04 2.04 1 100.00 31076984.00
03/05/2017 2.04 2.04 2.04 2.04 2 200.00 61898822.00
04/05/2017 2.00 2.00 2.00 2.00 4 1000.00 310555995.00
08/05/2017 1.95 1.95 1.95 1.95 8 7030.00 2197026036.00
09/05/2017 1.91 1.91 1.91 1.91 2 40.00 12631379.00
10/05/2017 1.94 1.94 1.94 1.94 3 400.00 124385436.00
11/05/2017 1.96 1.96 1.96 1.96 1 100.00 30924244.00
12/05/2017 1.99 1.99 1.99 1.99 3 400.00 123035812.00
15/05/2017 1.99 1.99 1.99 1.99 2 2120.00 647870961.00
16/05/2017 2.02 2.02 2.02 2.02 3 300.00 91096284.00
17/05/2017 2.08 2.08 2.08 2.08 1 100.00 30448529.00
18/05/2017 2.39 2.39 2.39 2.39 14 1600.00 504205111.00
19/05/2017 2.40 2.30 2.40 2.30 4 310.00 100772429.00
22/05/2017 2.39 2.38 2.40 2.38 13 940.00 302114901.00
23/05/2017 2.32 2.32 2.35 2.35 2 70.00 22512489.00
24/05/2017 2.27 2.27 2.27 2.27 6 1100.00 351792903.00
25/05/2017 2.28 2.28 2.28 2.28 7 1600.00 513120115.00
26/05/2017 2.22 2.22 2.22 2.22 1 200.00 64043222.00
29/05/2017 2.21 2.21 2.21 2.21 3 700.00 223925265.00
30/05/2017 2.26 2.26 2.26 2.26 1 100.00 31970600.00
01/06/2017 2.27 2.27 2.27 2.27 1 10.00 3211188.00
02/06/2017 2.34 2.34 2.34 2.34 5 3180.00 1009087592.00
06/06/2017 2.40 2.40 2.40 2.40 3 300.00 96258042.00
08/06/2017 2.46 2.46 2.46 2.46 2 300.00 96034461.00
13/06/2017 2.44 2.44 2.44 2.44 5 700.00 226348903.00
