01/06/2016 2.83 2.83 2.83 2.83 4 400.00 139477877.00
02/06/2016 2.83 2.71 2.83 2.71 6 620.00 217476584.00
06/06/2016 2.60 2.57 2.60 2.57 20 680.00 233652184.00
08/06/2016 2.93 2.88 3.03 2.88 15 2500.00 831358775.00
09/06/2016 2.80 2.80 2.80 2.80 9 2090.00 689458067.00
10/06/2016 2.90 2.90 2.90 2.90 3 400.00 132381943.00
13/06/2016 3.00 2.99 3.00 2.99 5 700.00 234364585.00
14/06/2016 3.03 3.01 3.06 3.06 4 460.00 155237942.00
15/06/2016 3.07 3.07 3.07 3.07 4 500.00 168323406.00
16/06/2016 3.07 2.94 3.07 2.94 9 860.00 290125122.00
20/06/2016 3.21 3.21 3.21 3.21 6 1000.00 331109074.00
21/06/2016 3.31 3.31 3.31 3.31 6 1000.00 328318042.00
22/06/2016 3.30 3.22 3.30 3.22 16 620.00 203963748.00
23/06/2016 3.00 3.00 3.00 3.00 8 800.00 261665705.00
24/06/2016 3.18 3.18 3.18 3.18 2 300.00 97878762.00
27/06/2016 3.20 3.18 3.20 3.18 2 300.00 98582816.00
29/06/2016 2.95 2.95 2.95 2.95 7 900.00 287823800.00
01/07/2016 2.52 2.50 2.52 2.50 6 900.00 282795485.00
04/07/2016 2.54 2.54 2.54 2.54 5 600.00 190236634.00
05/07/2016 2.60 2.60 2.60 2.60 8 1600.00 511481963.00
06/07/2016 2.69 2.69 2.69 2.69 5 500.00 161636139.00
07/07/2016 2.62 2.62 2.62 2.62 5 500.00 163214267.00
08/07/2016 2.53 2.53 2.53 2.53 6 800.00 259291719.00
11/07/2016 2.42 2.42 2.42 2.42 2 600.00 193766813.00
12/07/2016 2.36 2.36 2.46 2.46 8 1200.00 386975004.00
13/07/2016 2.54 2.54 2.59 2.59 6 900.00 288542195.00
14/07/2016 2.59 2.59 2.61 2.61 8 690.00 220741495.00
15/07/2016 2.55 2.55 2.55 2.55 3 500.00 158810078.00
18/07/2016 2.51 2.51 2.51 2.51 8 1600.00 510500998.00
20/07/2016 2.38 2.38 2.38 2.38 1 100.00 31995960.00
21/07/2016 2.40 2.39 2.40 2.39 4 530.00 169558144.00
22/07/2016 2.40 2.40 2.40 2.40 8 2020.00 646546718.00
26/07/2016 2.34 2.32 2.34 2.32 6 250.00 80463158.00
28/07/2016 2.40 2.40 2.40 2.40 10 1100.00 353862207.00
29/07/2016 2.27 2.27 2.30 2.30 6 1370.00 438054700.00
01/08/2016 2.30 2.29 2.35 2.29 10 1280.00 408548929.00
03/08/2016 2.29 2.19 2.29 2.19 2 2020.00 644371041.00
04/08/2016 2.20 2.20 2.20 2.20 6 700.00 222443853.00
05/08/2016 2.20 2.20 2.23 2.23 9 1120.00 351038373.00
09/08/2016 2.22 2.22 2.22 2.22 2 1100.00 341476003.00
10/08/2016 2.22 2.22 2.22 2.22 2 1130.00 347904847.00
11/08/2016 2.19 2.19 2.19 2.19 10 1200.00 368942094.00
12/08/2016 2.25 2.25 2.25 2.25 5 600.00 186116418.00
15/08/2016 2.24 2.21 2.24 2.22 16 2250.00 699729168.00
16/08/2016 2.17 2.17 2.17 2.17 2 600.00 187204298.00
17/08/2016 2.14 2.14 2.14 2.14 8 1200.00 376227678.00
18/08/2016 2.09 2.09 2.09 2.09 2 200.00 63409289.00
19/08/2016 2.07 2.07 2.07 2.07 9 1100.00 347820750.00
22/08/2016 2.09 2.04 2.09 2.04 4 570.00 180397720.00
23/08/2016 2.14 2.14 2.14 2.14 2 400.00 126566237.00
24/08/2016 2.17 2.17 2.17 2.17 5 800.00 252742093.00
25/08/2016 2.28 2.28 2.28 2.28 2 200.00 63420133.00
31/08/2016 2.19 2.19 2.19 2.19 3 50.00 16062506.00
01/09/2016 2.16 2.16 2.16 2.16 1 20.00 6420248.00
02/09/2016 2.18 2.18 2.18 2.18 7 900.00 287559265.00
08/09/2016 2.10 2.10 2.10 2.10 2 200.00 63545509.00
09/09/2016 2.16 2.16 2.16 2.16 6 800.00 254719450.00
13/09/2016 2.23 2.23 2.23 2.23 3 2100.00 681963589.00
14/09/2016 2.20 2.20 2.20 2.20 4 600.00 195897893.00
15/09/2016 2.12 2.12 2.12 2.12 8 2200.00 718264533.00
16/09/2016 2.15 2.15 2.15 2.15 6 1200.00 390512003.00
20/09/2016 2.29 2.26 2.29 2.26 7 4000.00 1282743955.00
21/09/2016 2.28 2.26 2.28 2.26 9 2920.00 930134533.00
22/09/2016 2.25 2.25 2.25 2.25 5 900.00 286314773.00
23/09/2016 2.20 2.20 2.20 2.20 6 900.00 285589585.00
26/09/2016 2.15 2.15 2.15 2.15 4 400.00 127733371.00
27/09/2016 2.06 2.06 2.06 2.06 4 800.00 255168713.00
28/09/2016 2.03 2.03 2.03 2.03 9 1000.00 318714313.00
29/09/2016 1.88 1.88 1.89 1.89 10 5800.00 1858015597.00
30/09/2016 1.96 1.96 1.96 1.96 3 1220.00 389418980.00
04/10/2016 1.85 1.83 1.85 1.83 8 1760.00 563968819.00
05/10/2016 1.78 1.78 1.78 1.78 2 350.00 111322730.00
06/10/2016 1.79 1.79 1.82 1.82 7 2790.00 890557650.00
07/10/2016 1.86 1.86 1.86 1.86 1 100.00 31874113.00
10/10/2016 1.94 1.94 1.94 1.94 4 600.00 190327881.00
11/10/2016 1.91 1.91 1.91 1.91 4 1000.00 317149838.00
14/10/2016 1.90 1.90 1.90 1.90 5 600.00 189800279.00
17/10/2016 1.90 1.90 1.91 1.90 17 1760.00 554588906.00
18/10/2016 1.90 1.90 1.90 1.90 13 3900.00 1227961135.00
19/10/2016 1.90 1.88 1.95 1.88 10 1440.00 452556450.00
20/10/2016 1.77 1.76 1.77 1.76 10 6910.00 2158664725.00
21/10/2016 1.79 1.79 1.85 1.85 8 1600.00 500371505.00
24/10/2016 1.83 1.83 1.86 1.86 6 640.00 198671836.00
25/10/2016 1.84 1.84 1.84 1.84 2 100.00 30843449.00
26/10/2016 2.08 2.08 2.08 2.08 3 500.00 154635930.00
27/10/2016 2.11 2.11 2.11 2.11 9 4850.00 1501433956.00
28/10/2016 2.11 2.08 2.12 2.08 14 2890.00 905329793.00
31/10/2016 2.00 1.95 2.00 1.95 4 1050.00 330192726.00
01/11/2016 1.95 1.95 1.95 1.95 2 30.00 9580552.00
03/11/2016 2.13 2.13 2.13 2.13 7 2000.00 636225502.00
04/11/2016 2.19 2.11 2.19 2.13 8 620.00 197780936.00
07/11/2016 2.16 2.16 2.17 2.16 6 1800.00 572963804.00
08/11/2016 2.15 2.10 2.15 2.10 3 700.00 220532223.00
09/11/2016 2.15 2.15 2.15 2.15 8 1500.00 474656691.00
10/11/2016 2.26 2.26 2.26 2.26 4 500.00 162659064.00
11/11/2016 2.33 2.33 2.47 2.47 14 2720.00 898753173.00
14/11/2016 2.53 2.53 2.53 2.53 2 100.00 33981393.00
16/11/2016 2.44 2.44 2.44 2.44 2 100.00 33740439.00
17/11/2016 2.52 2.52 2.54 2.54 3 200.00 67405827.00
18/11/2016 2.60 2.60 2.60 2.60 6 920.00 308118316.00
21/11/2016 2.47 2.43 2.47 2.43 12 660.00 219905247.00
22/11/2016 2.35 2.35 2.35 2.35 4 1100.00 364423821.00
23/11/2016 2.35 2.23 2.40 2.23 8 4660.00 1550925853.00
24/11/2016 2.25 2.24 2.25 2.24 5 510.00 171204690.00
25/11/2016 2.31 2.15 2.31 2.15 8 1540.00 519350910.00
28/11/2016 2.13 2.07 2.13 2.07 8 1270.00 428532676.00
29/11/2016 2.17 2.13 2.17 2.13 9 2200.00 739289658.00
30/11/2016 2.32 2.32 2.39 2.39 9 1750.00 587541953.00
01/12/2016 2.46 2.46 2.48 2.48 2 270.00 91557250.00
02/12/2016 2.50 2.50 2.50 2.50 12 2350.00 801571648.00
05/12/2016 2.42 2.42 2.42 2.42 3 410.00 139622723.00
06/12/2016 2.34 2.34 2.34 2.34 10 3270.00 1110264583.00
07/12/2016 2.45 2.41 2.45 2.45 5 1200.00 405817527.00
08/12/2016 2.55 2.55 2.55 2.55 4 700.00 234163881.00
09/12/2016 2.57 2.44 2.57 2.44 7 910.00 304199554.00
12/12/2016 2.38 2.38 2.38 2.38 1 100.00 33280249.00
13/12/2016 2.29 2.28 2.29 2.28 3 700.00 231692938.00
14/12/2016 2.23 2.23 2.23 2.23 5 1740.00 573807877.00
15/12/2016 2.35 2.35 2.35 2.35 3 600.00 198272841.00
16/12/2016 2.35 2.35 2.38 2.38 6 600.00 200914201.00
20/12/2016 2.40 2.39 2.40 2.39 8 2150.00 715219128.00
21/12/2016 2.33 2.31 2.33 2.32 6 1700.00 562299800.00
22/12/2016 2.26 2.26 2.28 2.28 7 1000.00 328300273.00
23/12/2016 2.26 2.26 2.26 2.26 6 1800.00 587825609.00
26/12/2016 2.30 2.30 2.30 2.30 10 2000.00 648200884.00
27/12/2016 2.26 2.26 2.26 2.26 4 500.00 162022819.00
28/12/2016 2.18 2.18 2.18 2.18 2 200.00 64869379.00
29/12/2016 2.07 2.07 2.07 2.07 2 1400.00 452544834.00
02/01/2017 2.06 2.06 2.06 2.06 6 930.00 301282574.00
03/01/2017 1.96 1.96 1.96 1.96 4 800.00 258911387.00
06/01/2017 1.92 1.90 1.92 1.90 8 1400.00 446362924.00
09/01/2017 1.80 1.80 1.80 1.80 10 2200.00 698935508.00
11/01/2017 1.76 1.73 1.76 1.73 20 11060.00 3506626012.00
12/01/2017 1.68 1.68 1.73 1.71 11 5170.00 1640313627.00
13/01/2017 1.76 1.76 1.76 1.76 3 400.00 126517339.00
17/01/2017 1.84 1.84 1.84 1.84 2 70.00 22437251.00
18/01/2017 1.93 1.93 1.95 1.95 7 1600.00 510694289.00
19/01/2017 1.95 1.94 1.95 1.95 16 5990.00 1908378983.00
20/01/2017 1.98 1.98 1.98 1.98 5 1700.00 538970708.00
23/01/2017 2.01 2.01 2.01 2.01 3 300.00 94621031.00
26/01/2017 1.85 1.85 1.85 1.85 8 1900.00 599190125.00
27/01/2017 1.80 1.80 1.84 1.84 5 1050.00 330298595.00
30/01/2017 1.89 1.89 1.89 1.89 7 1200.00 374516474.00
31/01/2017 1.92 1.92 2.00 2.00 6 1400.00 437046833.00
01/02/2017 2.00 1.98 2.00 1.98 8 2360.00 735622139.00
02/02/2017 1.94 1.92 1.94 1.92 12 720.00 224582366.00
03/02/2017 1.86 1.86 1.86 1.86 2 2500.00 774229912.00
06/02/2017 1.86 1.86 1.86 1.86 1 100.00 31115771.00
07/02/2017 1.86 1.86 1.86 1.86 1 100.00 31091621.00
08/02/2017 1.87 1.87 1.87 1.87 8 3650.00 1133273728.00
09/02/2017 1.87 1.87 1.90 1.90 7 820.00 254949181.00
10/02/2017 1.92 1.92 1.92 1.92 9 3200.00 991024024.00
13/02/2017 1.96 1.96 1.96 1.96 1 100.00 31033191.00
14/02/2017 1.94 1.94 1.96 1.96 6 6020.00 1860261931.00
15/02/2017 1.96 1.96 2.00 2.00 5 4620.00 1414703388.00
16/02/2017 2.03 2.03 2.03 2.03 8 3300.00 1009362864.00
17/02/2017 2.04 2.00 2.04 2.00 14 5130.00 1566210621.00
20/02/2017 1.99 1.98 1.99 1.98 6 2800.00 860636659.00
21/02/2017 1.99 1.97 2.01 1.97 29 20730.00 6375582774.00
22/02/2017 1.97 1.96 1.97 1.96 5 2700.00 829350661.00
23/02/2017 1.93 1.93 1.93 1.93 4 2300.00 702410489.00
24/02/2017 1.95 1.95 1.98 1.98 15 8140.00 2498752093.00
01/03/2017 1.98 1.98 2.02 2.02 5 730.00 224827805.00
02/03/2017 2.02 2.02 2.12 2.12 14 7480.00 2321580884.00
03/03/2017 2.08 2.05 2.09 2.09 17 13550.00 4200592399.00
06/03/2017 2.08 2.05 2.08 2.05 35 8570.00 2668892077.00
07/03/2017 2.00 2.00 2.04 2.04 19 16000.00 4958170060.00
08/03/2017 2.07 2.02 2.08 2.04 20 7800.00 2436940439.00
09/03/2017 2.01 2.01 2.04 2.04 18 2380.00 750714549.00
10/03/2017 2.05 2.05 2.05 2.05 10 3000.00 943402525.00
13/03/2017 2.06 2.06 2.06 2.06 8 2550.00 801518894.00
14/03/2017 2.06 2.01 2.06 2.02 34 16260.00 5127740900.00
15/03/2017 1.93 1.93 2.06 2.06 40 24650.00 7700693843.00
16/03/2017 2.12 2.12 2.20 2.20 40 16100.00 5028288037.00
17/03/2017 2.25 2.22 2.27 2.27 28 20660.00 6383847130.00
20/03/2017 2.30 2.21 2.30 2.21 48 15450.00 4755248722.00
21/03/2017 2.23 2.20 2.24 2.20 21 12800.00 3934704654.00
22/03/2017 2.20 2.11 2.20 2.11 18 19800.00 6080489826.00
23/03/2017 2.15 2.15 2.20 2.18 54 15920.00 4931134375.00
24/03/2017 2.18 2.12 2.18 2.16 192 21900.00 6803610647.00
27/03/2017 2.16 2.16 2.18 2.18 39 21080.00 6574864633.00
28/03/2017 2.20 2.19 2.24 2.23 27 14650.00 4568350558.00
29/03/2017 2.22 2.22 2.31 2.31 47 29800.00 9274489951.00
30/03/2017 1.98 1.97 2.00 1.99 51 33410.00 10415214418.00
31/03/2017 1.89 1.89 2.00 1.99 47 41210.00 12843058486.00
03/04/2017 2.00 1.94 2.00 1.94 12 8830.00 2764157636.00
04/04/2017 1.93 1.93 2.00 2.00 26 28160.00 8723641428.00
05/04/2017 2.05 2.03 2.11 2.09 32 15600.00 4831021898.00
06/04/2017 2.11 2.11 2.18 2.18 46 37620.00 11682126794.00
07/04/2017 2.17 2.14 2.18 2.18 19 19800.00 6184447260.00
10/04/2017 2.15 2.15 2.21 2.21 29 13620.00 4254316868.00
11/04/2017 2.25 2.22 2.30 2.27 77 51400.00 16074030581.00
12/04/2017 2.30 2.25 2.35 2.26 128 81490.00 25582210984.00
13/04/2017 2.33 2.20 2.33 2.20 55 44310.00 13892219674.00
17/04/2017 2.05 1.77 2.05 1.80 195 125970.00 39133346979.00
18/04/2017 1.79 1.76 1.84 1.79 82 79660.00 24696232140.00
19/04/2017 1.85 1.80 1.88 1.80 55 64160.00 19956228041.00
20/04/2017 1.81 1.80 1.87 1.84 120 76360.00 23942428879.00
24/04/2017 1.86 1.68 1.86 1.68 187 113570.00 35569524553.00
25/04/2017 1.68 1.48 1.73 1.48 224 150220.00 47075755139.00
26/04/2017 1.50 1.33 1.53 1.45 299 276200.00 87424345324.00
