02/06/2016 3.87 3.87 3.87 3.87 2 100.00 31142626.00
06/06/2016 3.85 3.85 3.85 3.85 1 100.00 30269173.00
13/06/2016 3.94 3.94 3.94 3.94 3 300.00 88954170.00
14/06/2016 4.08 4.08 4.08 4.08 4 400.00 119123917.00
15/06/2016 4.17 4.17 4.17 4.17 6 600.00 178358680.00
21/06/2016 4.53 4.53 4.53 4.53 2 740.00 211528193.00
22/06/2016 4.61 4.61 4.61 4.61 6 4520.00 1286936980.00
29/06/2016 4.09 4.09 4.09 4.09 2 200.00 56308602.00
30/06/2016 4.00 4.00 4.00 4.00 2 620.00 172169063.00
01/07/2016 3.85 3.73 3.85 3.73 4 430.00 119867201.00
06/07/2016 3.85 3.85 3.85 3.85 1 20.00 5669623.00
11/07/2016 3.59 3.59 3.59 3.59 2 200.00 57827883.00
13/07/2016 3.95 3.95 3.95 3.95 2 200.00 56435210.00
14/07/2016 3.96 3.96 3.96 3.96 4 400.00 112640022.00
20/07/2016 3.72 3.72 3.72 3.72 4 400.00 113666101.00
25/07/2016 3.62 3.62 3.62 3.62 4 400.00 114529035.00
26/07/2016 3.49 3.49 3.49 3.49 1 100.00 28800773.00
27/07/2016 3.44 3.44 3.44 3.44 1 100.00 28801823.00
28/07/2016 3.47 3.47 3.58 3.58 2 60.00 17324137.00
01/08/2016 3.40 3.40 3.44 3.44 3 210.00 60117497.00
02/08/2016 3.54 3.54 3.54 3.54 3 300.00 85932736.00
03/08/2016 3.44 3.44 3.44 3.44 2 200.00 57123133.00
05/08/2016 3.45 3.45 3.45 3.45 4 400.00 112334830.00
08/08/2016 3.55 3.55 3.55 3.55 2 200.00 55781066.00
09/08/2016 3.57 3.57 3.57 3.57 3 300.00 83213277.00
10/08/2016 3.57 3.57 3.57 3.57 2 200.00 55032701.00
11/08/2016 3.63 3.63 3.63 3.63 5 500.00 137340882.00
12/08/2016 3.63 3.62 3.63 3.62 5 500.00 138618347.00
15/08/2016 3.58 3.58 3.58 3.58 2 880.00 244512647.00
16/08/2016 3.50 3.50 3.50 3.50 3 300.00 83741034.00
19/08/2016 3.38 3.38 3.38 3.38 1 100.00 28359499.00
22/08/2016 3.35 3.35 3.35 3.35 1 100.00 28366073.00
23/08/2016 3.35 3.35 3.43 3.43 3 140.00 39839513.00
25/08/2016 3.63 3.63 3.63 3.63 1 100.00 28369444.00
31/08/2016 3.59 3.53 3.59 3.53 2 30.00 8641788.00
01/09/2016 3.53 3.53 3.53 3.53 2 100.00 28468633.00
08/09/2016 3.29 3.29 3.29 3.29 4 350.00 99999401.00
12/09/2016 3.26 3.26 3.26 3.26 3 300.00 86774004.00
15/09/2016 3.21 3.21 3.21 3.21 2 200.00 58948276.00
20/09/2016 3.33 3.33 3.33 3.33 4 500.00 144645141.00
21/09/2016 3.33 3.27 3.33 3.27 3 210.00 60383994.00
29/09/2016 3.05 3.05 3.05 3.05 1 100.00 29108978.00
03/10/2016 3.10 3.10 3.10 3.10 3 320.00 92448734.00
04/10/2016 3.10 3.10 3.10 3.10 2 120.00 34895501.00
06/10/2016 3.04 3.04 3.07 3.07 2 180.00 52164165.00
10/10/2016 3.21 3.21 3.21 3.21 3 300.00 85746814.00
11/10/2016 3.21 3.21 3.21 3.21 1 20.00 5746858.00
13/10/2016 3.21 3.21 3.21 3.21 1 100.00 28479097.00
17/10/2016 3.17 3.17 3.19 3.19 4 300.00 85437201.00
20/10/2016 3.00 3.00 3.00 3.00 3 300.00 85195591.00
25/10/2016 3.15 3.15 3.15 3.15 2 200.00 55943631.00
01/11/2016 3.17 3.17 3.17 3.17 1 40.00 11527312.00
07/11/2016 3.47 3.47 3.47 3.47 1 100.00 28595334.00
08/11/2016 3.45 3.45 3.45 3.45 4 500.00 141495075.00
09/11/2016 3.56 3.56 3.56 3.56 7 900.00 255072628.00
10/11/2016 3.69 3.69 3.69 3.69 4 1900.00 550834352.00
14/11/2016 3.96 3.96 3.96 3.96 3 300.00 89903064.00
18/11/2016 4.09 4.09 4.09 4.09 1 100.00 29526583.00
24/11/2016 3.61 3.61 3.71 3.71 4 360.00 107602960.00
25/11/2016 3.62 3.62 3.62 3.62 4 500.00 150400486.00
28/11/2016 3.45 3.45 3.45 3.45 3 600.00 181669639.00
29/11/2016 3.55 3.55 3.55 3.55 1 100.00 30134751.00
02/12/2016 3.81 3.81 3.81 3.81 2 450.00 136644785.00
05/12/2016 3.68 3.68 3.68 3.68 2 3200.00 973321510.00
06/12/2016 3.62 3.62 3.72 3.72 2 160.00 48570882.00
08/12/2016 3.69 3.69 3.69 3.69 4 400.00 119234100.00
09/12/2016 3.71 3.71 3.71 3.71 2 150.00 44821821.00
13/12/2016 3.51 3.51 3.51 3.51 1 120.00 35707909.00
21/12/2016 3.61 3.61 3.61 3.61 3 300.00 89000144.00
29/12/2016 3.41 3.41 3.42 3.42 13 1750.00 508692821.00
02/01/2017 3.42 3.42 3.42 3.42 2 60.00 17555881.00
05/01/2017 3.55 3.55 3.55 3.55 1 60.00 17079686.00
06/01/2017 3.49 3.49 3.49 3.49 3 300.00 85835514.00
09/01/2017 3.37 3.37 3.37 3.37 4 400.00 114750284.00
10/01/2017 3.34 3.34 3.34 3.34 3 300.00 86179266.00
12/01/2017 3.33 3.33 3.33 3.33 5 500.00 143275080.00
13/01/2017 3.33 3.33 3.48 3.48 5 670.00 190748936.00
17/01/2017 3.47 3.47 3.47 3.47 2 200.00 57303732.00
24/01/2017 3.56 3.56 3.56 3.56 2 70.00 19650916.00
26/01/2017 3.54 3.54 3.54 3.54 1 100.00 28260939.00
27/01/2017 3.45 3.45 3.45 3.45 1 100.00 28213314.00
30/01/2017 3.49 3.49 3.49 3.49 1 100.00 27933444.00
31/01/2017 3.55 3.55 3.55 3.55 2 200.00 55904528.00
01/02/2017 3.55 3.45 3.55 3.45 3 190.00 53242128.00
02/02/2017 3.36 3.36 3.37 3.36 6 700.00 196814881.00
03/02/2017 3.35 3.30 3.35 3.30 8 2550.00 712554086.00
06/02/2017 3.25 3.25 3.25 3.25 4 400.00 112302221.00
07/02/2017 3.22 3.22 3.22 3.22 2 200.00 56134280.00
08/02/2017 3.19 3.19 3.19 3.19 2 200.00 56200481.00
09/02/2017 3.21 3.21 3.24 3.24 8 630.00 177108090.00
15/02/2017 3.26 3.26 3.26 3.26 7 850.00 235498025.00
16/02/2017 3.27 3.27 3.27 3.27 2 400.00 110705135.00
22/02/2017 3.23 3.23 3.23 3.23 1 100.00 27796580.00
23/02/2017 3.25 3.25 3.25 3.25 2 220.00 60902378.00
01/03/2017 3.25 3.25 3.35 3.35 4 240.00 66783167.00
02/03/2017 3.40 3.40 3.40 3.40 2 200.00 56003244.00
03/03/2017 3.38 3.38 3.38 3.38 1 100.00 27978508.00
08/03/2017 3.24 3.24 3.24 3.24 3 500.00 141589460.00
10/03/2017 3.35 3.35 3.39 3.39 3 400.00 113533760.00
13/03/2017 3.39 3.39 3.39 3.39 2 650.00 184348234.00
14/03/2017 3.42 3.42 3.42 3.42 8 900.00 256031578.00
15/03/2017 3.32 3.32 3.32 3.32 6 800.00 225775746.00
16/03/2017 3.33 3.33 3.33 3.33 6 1650.00 465830824.00
17/03/2017 3.33 3.25 3.33 3.26 15 13800.00 3863340434.00
20/03/2017 3.13 3.13 3.15 3.15 8 2500.00 699714185.00
21/03/2017 3.13 3.13 3.13 3.13 14 2400.00 671731841.00
22/03/2017 3.12 3.11 3.12 3.11 5 470.00 131467922.00
23/03/2017 3.15 3.15 3.15 3.15 6 600.00 169344019.00
24/03/2017 3.15 3.15 3.18 3.18 7 700.00 197775878.00
28/03/2017 3.30 3.30 3.30 3.30 13 4390.00 1238772832.00
29/03/2017 3.22 3.22 3.22 3.22 3 300.00 84549388.00
30/03/2017 3.20 3.20 3.20 3.20 5 500.00 141762105.00
31/03/2017 3.17 3.17 3.17 3.17 4 500.00 141781188.00
03/04/2017 3.17 3.17 3.17 3.17 2 40.00 11332035.00
05/04/2017 3.14 3.14 3.14 3.14 3 300.00 84593065.00
07/04/2017 3.32 3.32 3.32 3.32 3 300.00 84635169.00
10/04/2017 3.29 3.28 3.29 3.29 15 8260.00 2336978289.00
11/04/2017 3.29 3.29 3.29 3.29 3 1700.00 481564926.00
12/04/2017 3.17 3.17 3.17 3.17 4 400.00 114318821.00
13/04/2017 3.08 3.08 3.08 3.08 3 300.00 85740935.00
17/04/2017 3.08 2.95 3.08 2.95 5 500.00 141710680.00
19/04/2017 2.96 2.96 2.96 2.96 1 100.00 28393649.00
20/04/2017 2.94 2.94 2.94 2.94 2 200.00 57264529.00
25/04/2017 2.87 2.87 2.87 2.87 2 200.00 57594736.00
26/04/2017 2.87 2.87 2.87 2.87 4 400.00 116328252.00
02/05/2017 2.95 2.95 2.95 2.95 1 40.00 11660981.00
03/05/2017 2.89 2.89 2.89 2.89 5 500.00 144903458.00
04/05/2017 2.91 2.91 2.91 2.91 2 100.00 28878049.00
09/05/2017 2.80 2.80 2.80 2.80 3 300.00 87880543.00
15/05/2017 2.81 2.81 2.84 2.84 5 770.00 220239384.00
16/05/2017 2.86 2.86 2.86 2.86 4 400.00 113788200.00
17/05/2017 2.83 2.83 2.83 2.83 7 700.00 199821923.00
18/05/2017 3.00 3.00 3.00 3.00 1 100.00 29350441.00
23/05/2017 2.92 2.92 2.92 2.92 4 500.00 150137388.00
24/05/2017 2.87 2.87 2.93 2.93 3 650.00 194364801.00
29/05/2017 3.02 3.02 3.02 3.02 5 500.00 148830696.00
31/05/2017 3.05 3.05 3.05 3.05 4 400.00 119121347.00
01/06/2017 3.05 3.05 3.08 3.08 5 330.00 97508586.00
05/06/2017 3.10 3.10 3.10 3.10 3 300.00 89206704.00
07/06/2017 3.11 3.11 3.11 3.11 3 300.00 89556079.00
08/06/2017 3.17 3.17 3.17 3.17 4 400.00 119036605.00
12/06/2017 3.18 3.18 3.18 3.18 5 630.00 188985236.00
14/06/2017 3.14 3.14 3.14 3.14 3 300.00 90167796.00
16/06/2017 3.19 3.19 3.19 3.19 1 100.00 29883407.00
