02/06/2016 3.39 3.29 3.39 3.29 4 410.00 133886766.00
07/06/2016 3.43 3.43 3.62 3.62 5 2160.00 676101489.00
08/06/2016 3.62 3.62 3.68 3.68 3 700.00 215201407.00
09/06/2016 3.57 3.50 3.57 3.50 3 220.00 67176679.00
10/06/2016 3.56 3.56 3.56 3.56 1 20.00 6128885.00
13/06/2016 3.58 3.58 3.58 3.58 6 1200.00 372464315.00
14/06/2016 3.59 3.59 3.71 3.71 6 510.00 159170271.00
16/06/2016 3.78 3.78 3.78 3.78 1 10.00 3115679.00
17/06/2016 3.80 3.80 3.85 3.85 6 2190.00 677937263.00
20/06/2016 4.15 4.15 4.15 4.15 3 300.00 90978145.00
21/06/2016 4.20 4.15 4.22 4.20 9 3080.00 923936257.00
22/06/2016 4.12 4.03 4.12 4.03 9 3460.00 1040191253.00
23/06/2016 3.93 3.80 3.93 3.80 11 3980.00 1198805146.00
24/06/2016 3.78 3.78 3.78 3.78 3 300.00 90428635.00
27/06/2016 3.90 3.90 3.90 3.90 4 350.00 105782031.00
28/06/2016 3.81 3.81 3.88 3.85 19 840.00 251889192.00
29/06/2016 3.70 3.70 3.70 3.70 4 940.00 277165785.00
30/06/2016 3.45 3.45 3.45 3.45 3 300.00 87744619.00
01/07/2016 3.45 3.32 3.45 3.32 8 860.00 251107018.00
05/07/2016 3.34 3.34 3.45 3.45 4 600.00 178291533.00
06/07/2016 3.45 3.45 3.52 3.52 7 740.00 221616361.00
08/07/2016 3.33 3.33 3.33 3.33 3 370.00 111462206.00
12/07/2016 3.16 3.02 3.38 3.38 8 1820.00 547810332.00
13/07/2016 3.40 3.40 3.44 3.44 3 450.00 133813530.00
14/07/2016 3.57 3.57 3.65 3.58 6 1510.00 445405856.00
15/07/2016 3.53 3.53 3.53 3.53 4 400.00 117729790.00
18/07/2016 3.47 3.47 3.53 3.53 2 300.00 88570014.00
19/07/2016 3.42 3.42 3.42 3.42 6 600.00 177841098.00
20/07/2016 3.33 3.33 3.33 3.33 5 500.00 148545290.00
21/07/2016 3.33 3.33 3.35 3.35 8 2980.00 885612386.00
22/07/2016 3.27 3.27 3.27 3.27 3 800.00 238278107.00
26/07/2016 3.06 3.06 3.06 3.06 2 350.00 105159755.00
02/08/2016 3.08 3.08 3.13 3.13 5 570.00 170546453.00
03/08/2016 3.13 3.13 3.13 3.13 1 100.00 29787412.00
05/08/2016 3.08 3.08 3.08 3.08 3 3210.00 940296051.00
08/08/2016 3.14 3.14 3.14 3.14 1 200.00 58119606.00
10/08/2016 3.15 3.13 3.15 3.13 4 1270.00 364659758.00
11/08/2016 3.13 3.11 3.17 3.17 8 3620.00 1039114847.00
12/08/2016 3.17 3.17 3.19 3.19 10 1300.00 376317589.00
15/08/2016 3.19 3.14 3.19 3.14 6 2080.00 603713071.00
16/08/2016 3.14 3.07 3.14 3.07 3 2100.00 611116071.00
18/08/2016 2.90 2.90 2.90 2.90 7 700.00 208212590.00
22/08/2016 2.89 2.89 2.89 2.89 2 200.00 59261527.00
23/08/2016 2.89 2.89 2.95 2.95 3 140.00 41530557.00
24/08/2016 3.00 3.00 3.00 3.00 1 100.00 29554339.00
25/08/2016 3.12 3.12 3.12 3.12 4 300.00 89058304.00
29/08/2016 3.06 3.06 3.06 3.06 2 200.00 59330022.00
31/08/2016 3.05 3.05 3.05 3.05 1 20.00 5893766.00
01/09/2016 3.09 3.05 3.09 3.05 6 1270.00 378257339.00
06/09/2016 2.89 2.87 2.89 2.87 8 1300.00 389288974.00
08/09/2016 2.88 2.87 2.93 2.93 9 2350.00 699174803.00
09/09/2016 2.93 2.93 2.93 2.93 4 1090.00 325006489.00
12/09/2016 2.91 2.91 2.91 2.91 3 400.00 120437767.00
14/09/2016 2.95 2.93 2.95 2.93 5 1340.00 409965252.00
15/09/2016 2.93 2.93 2.93 2.93 3 790.00 241660036.00
16/09/2016 2.86 2.86 2.86 2.86 3 300.00 91866633.00
19/09/2016 2.86 2.86 2.86 2.86 2 100.00 30287266.00
20/09/2016 2.94 2.94 2.96 2.96 5 3130.00 941308518.00
21/09/2016 2.99 2.90 2.99 2.90 6 3800.00 1134812798.00
22/09/2016 2.88 2.88 2.88 2.88 1 100.00 29939507.00
28/09/2016 2.71 2.71 2.71 2.71 2 200.00 60008923.00
29/09/2016 2.74 2.65 2.74 2.65 2 410.00 123788860.00
30/09/2016 2.71 2.70 2.71 2.70 3 500.00 150425105.00
03/10/2016 2.71 2.71 2.71 2.71 1 10.00 2951233.00
04/10/2016 2.70 2.70 2.70 2.70 2 140.00 42164008.00
05/10/2016 2.67 2.59 2.67 2.59 5 400.00 119861949.00
06/10/2016 2.62 2.61 2.62 2.61 4 430.00 129399564.00
07/10/2016 2.69 2.69 2.69 2.69 2 100.00 29984948.00
11/10/2016 2.71 2.71 2.74 2.74 3 720.00 214944297.00
13/10/2016 2.77 2.77 2.77 2.77 4 200.00 59739473.00
14/10/2016 2.76 2.76 2.76 2.76 2 200.00 59474986.00
17/10/2016 2.76 2.76 2.76 2.76 5 600.00 177863632.00
19/10/2016 2.70 2.70 2.70 2.70 1 100.00 29562431.00
20/10/2016 2.57 2.57 2.57 2.57 7 610.00 180434685.00
21/10/2016 2.65 2.65 2.65 2.65 1 40.00 11742438.00
25/10/2016 2.69 2.69 2.69 2.69 1 20.00 5865781.00
28/10/2016 2.79 2.79 2.79 2.79 2 200.00 58909693.00
01/11/2016 2.72 2.72 2.72 2.72 2 840.00 251553821.00
04/11/2016 2.91 2.91 2.91 2.91 5 600.00 179569992.00
07/11/2016 2.92 2.92 2.97 2.97 3 400.00 119549791.00
08/11/2016 2.95 2.95 2.95 2.95 2 200.00 59141235.00
10/11/2016 3.24 3.24 3.24 3.24 3 660.00 199944035.00
11/11/2016 3.31 3.31 3.41 3.41 4 1340.00 411545628.00
14/11/2016 3.40 3.40 3.40 3.40 2 200.00 63173632.00
21/11/2016 3.30 3.30 3.30 3.30 3 1000.00 309888393.00
23/11/2016 3.23 3.22 3.23 3.22 5 880.00 273372183.00
25/11/2016 3.24 3.11 3.24 3.11 9 1340.00 421673015.00
29/11/2016 3.04 3.04 3.04 3.04 4 270.00 84869559.00
01/12/2016 3.35 3.35 3.35 3.35 2 200.00 63114839.00
06/12/2016 3.12 3.12 3.12 3.12 5 500.00 159153647.00
08/12/2016 3.22 3.22 3.22 3.22 3 300.00 93509664.00
13/12/2016 2.99 2.99 2.99 2.99 1 1130.00 351162104.00
14/12/2016 3.05 3.05 3.11 3.11 10 1590.00 491228013.00
15/12/2016 3.21 3.21 3.21 3.21 2 450.00 138852103.00
16/12/2016 3.22 3.22 3.22 3.22 4 700.00 218669929.00
19/12/2016 3.17 3.17 3.17 3.17 2 1040.00 324216916.00
20/12/2016 3.20 3.20 3.20 3.20 2 200.00 62318371.00
21/12/2016 3.16 3.16 3.16 3.16 3 700.00 216633743.00
02/01/2017 3.00 3.00 3.00 3.00 2 200.00 60727626.00
05/01/2017 3.00 3.00 3.00 3.00 1 60.00 17958858.00
09/01/2017 2.92 2.85 2.92 2.85 7 1000.00 298368543.00
11/01/2017 2.84 2.84 2.84 2.84 2 400.00 119251227.00
12/01/2017 2.83 2.83 2.83 2.83 1 100.00 29911987.00
16/01/2017 3.02 3.02 3.02 3.02 2 200.00 59809979.00
17/01/2017 3.00 3.00 3.00 3.00 1 30.00 8992576.00
19/01/2017 3.01 3.01 3.01 3.01 2 210.00 62613958.00
20/01/2017 3.08 3.08 3.08 3.08 2 200.00 59346904.00
23/01/2017 3.10 3.10 3.10 3.10 2 700.00 206820221.00
24/01/2017 3.02 3.00 3.02 3.00 7 650.00 191162499.00
26/01/2017 3.02 3.01 3.02 3.01 3 540.00 159644341.00
27/01/2017 2.99 2.95 2.99 2.95 3 200.00 58926926.00
31/01/2017 3.06 3.06 3.06 3.06 4 400.00 116822438.00
01/02/2017 3.06 3.06 3.06 3.06 2 260.00 76048961.00
02/02/2017 3.00 2.92 3.00 2.92 5 510.00 149370784.00
13/02/2017 2.81 2.81 2.81 2.81 3 300.00 87609014.00
15/02/2017 2.77 2.77 2.77 2.77 6 900.00 260141825.00
16/02/2017 2.79 2.79 2.79 2.79 7 700.00 202104161.00
17/02/2017 2.79 2.76 2.79 2.76 6 7100.00 2044182984.00
22/02/2017 2.75 2.75 2.75 2.75 4 1760.00 510040319.00
23/02/2017 2.77 2.77 2.77 2.77 9 2400.00 691426600.00
24/02/2017 2.79 2.78 2.79 2.78 3 500.00 144736749.00
01/03/2017 2.86 2.86 2.87 2.87 4 330.00 95774483.00
02/03/2017 2.90 2.90 2.90 2.90 2 200.00 58463545.00
03/03/2017 2.90 2.86 2.90 2.88 8 4350.00 1269798806.00
07/03/2017 2.74 2.74 2.74 2.74 4 500.00 146202414.00
08/03/2017 2.78 2.78 2.78 2.78 2 250.00 73657401.00
10/03/2017 2.87 2.87 2.87 2.87 3 300.00 88896420.00
13/03/2017 2.84 2.84 2.85 2.85 2 350.00 103663820.00
14/03/2017 2.81 2.81 2.85 2.85 3 2040.00 606186860.00
15/03/2017 2.86 2.82 2.86 2.82 5 1800.00 529425820.00
16/03/2017 2.82 2.82 2.82 2.82 2 360.00 105976218.00
17/03/2017 2.82 2.79 2.82 2.79 2 140.00 40878217.00
21/03/2017 2.68 2.65 2.68 2.65 4 400.00 116177988.00
22/03/2017 2.59 2.59 2.59 2.59 1 200.00 58219817.00
23/03/2017 2.67 2.67 2.67 2.67 1 100.00 29261258.00
24/03/2017 2.65 2.65 2.65 2.65 4 400.00 117326345.00
27/03/2017 2.68 2.68 2.72 2.72 4 540.00 159120898.00
28/03/2017 2.75 2.74 2.80 2.80 5 1020.00 300228016.00
30/03/2017 2.70 2.70 2.70 2.70 2 300.00 88375338.00
04/04/2017 2.64 2.64 2.64 2.64 1 100.00 29398587.00
06/04/2017 2.73 2.73 2.73 2.73 1 100.00 29292849.00
07/04/2017 2.82 2.82 2.82 2.82 1 100.00 29436403.00
10/04/2017 2.82 2.82 2.82 2.82 6 1310.00 386036006.00
11/04/2017 2.77 2.77 2.77 2.77 2 200.00 58983227.00
12/04/2017 2.70 2.70 2.70 2.70 2 200.00 59254075.00
13/04/2017 2.70 2.70 2.70 2.70 4 2020.00 598815210.00
17/04/2017 2.48 2.48 2.49 2.49 5 2290.00 675559474.00
19/04/2017 2.56 2.56 2.56 2.56 2 1020.00 300703024.00
24/04/2017 2.50 2.50 2.55 2.51 3 70.00 20750162.00
25/04/2017 2.45 2.45 2.45 2.45 5 500.00 148960080.00
27/04/2017 2.48 2.46 2.48 2.46 3 1320.00 398304254.00
02/05/2017 2.48 2.48 2.48 2.48 1 10.00 3089012.00
04/05/2017 2.41 2.41 2.41 2.41 2 200.00 60137638.00
05/05/2017 2.39 2.39 2.41 2.41 2 2130.00 642956154.00
08/05/2017 2.36 2.36 2.36 2.36 5 700.00 212027298.00
09/05/2017 2.36 2.36 2.36 2.36 5 500.00 151505413.00
10/05/2017 2.37 2.37 2.37 2.37 3 300.00 90430830.00
11/05/2017 2.37 2.37 2.37 2.37 2 1520.00 456322929.00
12/05/2017 2.40 2.40 2.40 2.40 7 1100.00 328118934.00
16/05/2017 2.48 2.48 2.48 2.48 2 300.00 88396743.00
18/05/2017 2.68 2.68 2.68 2.68 7 1120.00 341139228.00
22/05/2017 2.62 2.62 2.62 2.62 1 100.00 31146535.00
23/05/2017 2.60 2.60 2.60 2.60 3 340.00 105312659.00
24/05/2017 2.53 2.53 2.53 2.53 2 250.00 77420700.00
25/05/2017 2.66 2.66 2.66 2.66 4 400.00 124191958.00
26/05/2017 2.62 2.62 2.62 2.62 3 370.00 114636420.00
29/05/2017 2.61 2.61 2.61 2.61 11 2400.00 742929221.00
31/05/2017 2.66 2.66 2.66 2.66 3 300.00 92457960.00
01/06/2017 2.72 2.72 2.72 2.72 3 400.00 123020846.00
02/06/2017 2.73 2.73 2.73 2.73 2 200.00 61402144.00
05/06/2017 2.72 2.72 2.72 2.72 3 400.00 123780872.00
06/06/2017 2.72 2.72 2.72 2.72 2 200.00 62125976.00
09/06/2017 2.82 2.82 2.82 2.82 5 600.00 186414840.00
12/06/2017 2.82 2.82 2.82 2.82 3 100.00 31036811.00
13/06/2017 2.80 2.80 2.80 2.80 4 400.00 125145304.00
14/06/2017 2.76 2.76 2.76 2.76 5 680.00 212551335.00
