01/06/2016 2.92 2.92 2.97 2.95 145 21950.00 7853529973.00
02/06/2016 2.97 2.84 3.00 2.89 23 12120.00 4343083862.00
03/06/2016 2.80 2.80 2.89 2.89 13 5600.00 1986026268.00
06/06/2016 2.85 2.85 3.02 3.02 20 9500.00 3326421526.00
07/06/2016 3.05 3.05 3.23 3.20 101 20060.00 6945293735.00
08/06/2016 3.30 3.20 3.37 3.35 91 63270.00 21553508254.00
09/06/2016 3.35 3.20 3.35 3.25 60 23740.00 8016608609.00
10/06/2016 3.25 3.20 3.31 3.31 24 10990.00 3726489590.00
13/06/2016 3.25 3.25 3.46 3.45 42 28250.00 9700407360.00
14/06/2016 3.50 3.40 3.64 3.55 95 37570.00 12986817373.00
15/06/2016 3.70 3.60 3.85 3.70 97 40670.00 14050583679.00
16/06/2016 3.90 3.55 3.95 3.61 74 43440.00 15016611126.00
17/06/2016 3.58 3.44 3.60 3.60 90 46450.00 15991233421.00
20/06/2016 3.70 3.68 3.89 3.76 55 23210.00 7892308471.00
21/06/2016 4.00 3.90 4.10 4.08 112 74200.00 25024009103.00
22/06/2016 4.10 4.02 4.15 4.06 110 64160.00 21606588287.00
23/06/2016 3.90 3.54 3.95 3.54 319 116530.00 39110637891.00
24/06/2016 3.74 3.50 3.77 3.75 223 144890.00 48547416305.00
27/06/2016 3.79 3.75 4.13 4.00 260 152700.00 51525830803.00
28/06/2016 4.00 3.88 4.20 4.15 268 167150.00 55758549696.00
