01/09/2016 2.29 2.25 2.29 2.25 13 3200.00 1013464445.00
02/09/2016 2.23 2.23 2.30 2.28 7 3390.00 1075448774.00
05/09/2016 2.26 2.22 2.26 2.22 7 2400.00 764279215.00
06/09/2016 2.18 2.18 2.18 2.18 1 40.00 12643306.00
08/09/2016 2.17 2.15 2.19 2.19 9 2480.00 781751743.00
12/09/2016 2.18 2.17 2.18 2.17 3 1500.00 477969549.00
13/09/2016 2.28 2.28 2.28 2.28 3 300.00 96869656.00
14/09/2016 2.26 2.26 2.26 2.26 6 700.00 227080789.00
15/09/2016 2.16 2.16 2.16 2.16 1 100.00 32442818.00
16/09/2016 2.23 2.23 2.23 2.23 5 830.00 268297821.00
19/09/2016 2.25 2.25 2.25 2.25 2 300.00 96443062.00
20/09/2016 2.33 2.29 2.33 2.29 15 3790.00 1208474146.00
21/09/2016 2.27 2.26 2.29 2.26 18 4100.00 1298630992.00
22/09/2016 2.25 2.25 2.25 2.25 5 700.00 221310546.00
23/09/2016 2.21 2.21 2.21 2.21 7 800.00 252145397.00
27/09/2016 2.11 2.11 2.11 2.11 2 200.00 63410714.00
28/09/2016 2.06 2.06 2.08 2.08 6 780.00 246733036.00
29/09/2016 1.98 1.98 1.98 1.98 6 4900.00 1560994976.00
30/09/2016 2.03 2.03 2.03 2.03 6 1100.00 349110147.00
04/10/2016 1.95 1.95 1.95 1.95 2 2180.00 694517990.00
05/10/2016 1.94 1.94 1.94 1.94 3 2080.00 658133729.00
06/10/2016 1.90 1.90 1.90 1.90 2 470.00 149245647.00
07/10/2016 1.98 1.98 1.98 1.98 3 300.00 94864968.00
11/10/2016 2.03 1.98 2.03 1.98 9 1540.00 485164574.00
13/10/2016 2.01 2.01 2.01 2.01 3 500.00 157114163.00
14/10/2016 2.01 2.01 2.04 2.02 6 950.00 298429711.00
17/10/2016 2.05 2.05 2.05 2.05 3 500.00 156549076.00
18/10/2016 2.03 2.03 2.03 2.03 6 1100.00 344232955.00
19/10/2016 2.07 2.00 2.07 2.00 4 1010.00 315526028.00
20/10/2016 1.86 1.86 1.86 1.86 1 100.00 31004874.00
25/10/2016 1.93 1.93 1.93 1.93 1 100.00 30604838.00
27/10/2016 2.17 2.17 2.17 2.17 3 600.00 184625720.00
28/10/2016 2.14 2.14 2.14 2.14 1 40.00 12398275.00
01/11/2016 2.10 2.10 2.10 2.10 1 10.00 3183860.00
03/11/2016 2.18 2.18 2.19 2.19 5 560.00 176758970.00
04/11/2016 2.19 2.19 2.19 2.19 2 170.00 53809612.00
07/11/2016 2.20 2.20 2.27 2.27 12 2800.00 885602993.00
08/11/2016 2.28 2.18 2.28 2.18 13 7370.00 2306985784.00
10/11/2016 2.43 2.43 2.43 2.43 3 300.00 96756419.00
11/11/2016 2.51 2.51 2.58 2.58 12 1240.00 406597937.00
14/11/2016 2.60 2.60 2.60 2.60 1 100.00 33692634.00
16/11/2016 2.59 2.59 2.59 2.59 3 700.00 235315990.00
17/11/2016 2.63 2.63 2.63 2.63 2 300.00 100492338.00
18/11/2016 2.60 2.60 2.60 2.60 1 60.00 19992308.00
21/11/2016 2.68 2.54 2.68 2.54 4 610.00 201457467.00
22/11/2016 2.41 2.41 2.41 2.41 6 1100.00 361924377.00
23/11/2016 2.42 2.40 2.42 2.40 2 20.00 6675281.00
24/11/2016 2.34 2.34 2.34 2.34 1 10.00 3362882.00
25/11/2016 2.23 2.23 2.23 2.23 2 40.00 13345071.00
28/11/2016 2.16 2.16 2.16 2.16 8 1310.00 439093643.00
29/11/2016 2.25 2.25 2.25 2.25 6 600.00 200913891.00
30/11/2016 2.45 2.45 2.45 2.45 4 500.00 166623702.00
02/12/2016 2.59 2.56 2.62 2.56 5 480.00 162585792.00
05/12/2016 2.47 2.47 2.48 2.48 4 1330.00 449910320.00
06/12/2016 2.50 2.42 2.50 2.42 2 240.00 80949513.00
07/12/2016 2.42 2.42 2.47 2.47 4 500.00 167895478.00
08/12/2016 2.57 2.57 2.57 2.57 2 300.00 99689878.00
09/12/2016 2.57 2.57 2.57 2.57 1 10.00 3347599.00
12/12/2016 2.38 2.38 2.38 2.38 6 800.00 264438932.00
13/12/2016 2.28 2.26 2.28 2.26 9 1920.00 632582371.00
14/12/2016 2.26 2.26 2.26 2.26 2 200.00 65755214.00
15/12/2016 2.36 2.36 2.36 2.36 3 600.00 197012136.00
19/12/2016 2.40 2.40 2.40 2.40 6 900.00 297964589.00
27/12/2016 2.35 2.28 2.35 2.28 4 310.00 99686241.00
28/12/2016 2.22 2.22 2.22 2.22 1 100.00 32341207.00
29/12/2016 2.13 2.13 2.13 2.13 13 2700.00 868403689.00
02/01/2017 2.17 2.17 2.17 2.17 1 60.00 19290491.00
03/01/2017 2.09 2.04 2.09 2.04 14 3890.00 1252001231.00
04/01/2017 2.04 2.04 2.08 2.08 3 210.00 67236672.00
05/01/2017 2.08 2.08 2.08 2.08 1 40.00 12764654.00
06/01/2017 2.03 2.01 2.03 2.01 6 640.00 203245454.00
09/01/2017 1.93 1.90 1.93 1.90 6 800.00 253024408.00
10/01/2017 1.86 1.86 1.86 1.86 4 600.00 189964108.00
11/01/2017 1.85 1.85 1.85 1.85 4 700.00 220921966.00
16/01/2017 2.00 2.00 2.00 2.00 6 700.00 222548413.00
17/01/2017 2.10 2.10 2.10 2.10 5 800.00 254180080.00
18/01/2017 2.09 2.09 2.09 2.09 5 1000.00 317436334.00
19/01/2017 2.08 2.07 2.08 2.07 8 1530.00 484735741.00
23/01/2017 2.10 2.10 2.10 2.10 3 500.00 157098194.00
24/01/2017 2.10 2.02 2.10 2.02 4 310.00 96962746.00
26/01/2017 1.98 1.98 1.98 1.98 6 1800.00 564728542.00
27/01/2017 1.98 1.98 1.98 1.98 4 1000.00 312869472.00
31/01/2017 2.09 2.09 2.14 2.14 7 900.00 279410491.00
01/02/2017 2.11 2.11 2.11 2.11 2 200.00 62034178.00
06/02/2017 1.95 1.95 1.95 1.95 9 4600.00 1420432005.00
07/02/2017 1.95 1.95 1.96 1.96 5 1300.00 401111574.00
10/02/2017 1.97 1.96 1.99 1.99 13 3400.00 1047267353.00
13/02/2017 1.98 1.98 1.98 1.98 7 1200.00 369591545.00
14/02/2017 1.97 1.97 1.97 1.97 4 2300.00 707090161.00
15/02/2017 1.99 1.99 1.99 1.99 4 2000.00 609393244.00
16/02/2017 1.99 1.97 1.99 1.97 7 1800.00 547963481.00
17/02/2017 1.96 1.96 1.96 1.96 4 540.00 164170473.00
20/02/2017 1.96 1.93 1.96 1.93 7 1720.00 526224782.00
22/02/2017 1.94 1.94 1.94 1.94 10 3900.00 1191712654.00
23/02/2017 1.90 1.90 1.92 1.92 7 1060.00 322124713.00
24/02/2017 1.92 1.92 1.98 1.98 5 1020.00 311634130.00
01/03/2017 2.04 2.04 2.04 2.04 4 600.00 183761788.00
02/03/2017 2.09 2.04 2.09 2.06 18 4320.00 1333336702.00
03/03/2017 2.03 2.02 2.03 2.02 7 700.00 215714116.00
06/03/2017 2.04 2.04 2.04 2.04 5 2600.00 805332794.00
07/03/2017 2.00 2.00 2.02 2.02 10 3100.00 955629479.00
08/03/2017 2.06 2.04 2.06 2.05 9 5200.00 1615747407.00
09/03/2017 2.04 2.04 2.07 2.07 6 2110.00 661767536.00
10/03/2017 2.01 2.01 2.02 2.02 11 3500.00 1094991690.00
13/03/2017 2.01 2.01 2.01 2.01 10 2200.00 687428654.00
14/03/2017 1.98 1.97 1.99 1.97 19 3900.00 1223648671.00
15/03/2017 2.00 2.00 2.00 2.00 5 1600.00 497318696.00
16/03/2017 2.06 2.05 2.06 2.05 5 1070.00 332549833.00
17/03/2017 2.06 2.06 2.06 2.06 6 1500.00 461250980.00
20/03/2017 2.03 2.03 2.03 2.03 5 900.00 275402617.00
21/03/2017 2.01 2.01 2.01 2.01 6 1100.00 336286211.00
22/03/2017 1.90 1.90 1.90 1.90 8 1200.00 366652309.00
23/03/2017 1.94 1.94 1.94 1.94 9 1700.00 524166593.00
24/03/2017 1.89 1.89 1.89 1.89 6 2200.00 679896907.00
27/03/2017 1.91 1.91 1.91 1.91 6 4000.00 1241965194.00
28/03/2017 2.00 2.00 2.00 2.00 5 1510.00 468743575.00
29/03/2017 2.01 2.01 2.01 2.01 5 2000.00 619459500.00
30/03/2017 1.84 1.84 1.84 1.84 7 1500.00 465380738.00
31/03/2017 1.82 1.80 1.82 1.80 8 2040.00 632859246.00
03/04/2017 1.80 1.75 1.80 1.75 5 1630.00 508070992.00
04/04/2017 1.77 1.77 1.79 1.79 8 3500.00 1079468918.00
05/04/2017 1.81 1.81 1.81 1.81 6 1500.00 462421555.00
06/04/2017 1.88 1.88 1.88 1.88 5 1000.00 309059229.00
07/04/2017 1.93 1.92 1.93 1.92 7 2010.00 625117107.00
10/04/2017 1.98 1.98 1.99 1.99 4 2600.00 808109162.00
11/04/2017 2.01 2.01 2.01 2.01 4 1000.00 311190188.00
12/04/2017 2.00 1.98 2.00 1.98 5 4460.00 1393465324.00
13/04/2017 1.97 1.97 1.98 1.98 12 11320.00 3532576719.00
17/04/2017 1.82 1.82 1.82 1.82 1 50.00 15509882.00
18/04/2017 1.82 1.82 1.89 1.89 5 4610.00 1422338324.00
19/04/2017 1.92 1.89 1.92 1.89 13 11010.00 3407824605.00
20/04/2017 1.89 1.89 1.91 1.91 11 4770.00 1488459298.00
24/04/2017 1.88 1.88 1.88 1.88 1 100.00 31106477.00
25/04/2017 1.86 1.71 1.86 1.71 13 4600.00 1434765451.00
26/04/2017 1.69 1.61 1.73 1.62 13 6340.00 1997868551.00
27/04/2017 1.67 1.65 1.73 1.73 5 1640.00 518724014.00
28/04/2017 1.81 1.81 1.81 1.81 10 4100.00 1294298282.00
02/05/2017 1.81 1.79 1.81 1.79 7 930.00 293742810.00
03/05/2017 1.81 1.81 1.81 1.81 9 2900.00 911437409.00
04/05/2017 1.86 1.82 1.86 1.82 13 3290.00 1036356392.00
05/05/2017 1.77 1.77 1.77 1.77 6 2200.00 695143641.00
08/05/2017 1.76 1.73 1.76 1.73 10 6330.00 2005621870.00
09/05/2017 1.72 1.68 1.72 1.68 11 3500.00 1110433055.00
10/05/2017 1.72 1.72 1.72 1.72 6 5000.00 1577847926.00
11/05/2017 1.72 1.72 1.72 1.72 10 2840.00 891893962.00
12/05/2017 1.73 1.73 1.73 1.73 10 5100.00 1592518661.00
15/05/2017 1.75 1.75 1.79 1.79 10 12260.00 3798750638.00
16/05/2017 1.73 1.73 1.76 1.76 8 6700.00 2065500070.00
17/05/2017 1.80 1.80 1.80 1.80 15 5300.00 1638918863.00
18/05/2017 2.06 2.05 2.10 2.10 17 2200.00 703463320.00
19/05/2017 1.92 1.92 1.92 1.92 11 3100.00 1024036704.00
22/05/2017 1.99 1.99 1.99 1.99 9 2700.00 881536894.00
23/05/2017 1.91 1.88 1.91 1.88 5 1720.00 560514859.00
24/05/2017 1.84 1.81 1.84 1.81 28 5930.00 1928212283.00
25/05/2017 1.82 1.72 1.82 1.72 12 4190.00 1365809229.00
26/05/2017 1.72 1.55 1.72 1.55 16 8800.00 2864381707.00
29/05/2017 1.51 1.51 1.51 1.51 5 900.00 292919278.00
30/05/2017 1.78 1.78 1.78 1.78 11 3200.00 1040923327.00
31/05/2017 1.75 1.75 1.87 1.87 14 2540.00 822348104.00
01/06/2017 1.87 1.87 2.00 1.97 23 16980.00 5486634485.00
02/06/2017 1.97 1.97 2.04 2.04 13 5310.00 1712873887.00
05/06/2017 2.04 2.04 2.06 2.05 14 10510.00 3416014278.00
06/06/2017 2.05 2.03 2.06 2.03 13 6720.00 2192917500.00
07/06/2017 2.00 2.00 2.06 2.03 25 19000.00 6201791674.00
08/06/2017 2.03 2.03 2.06 2.06 14 10200.00 3321488430.00
09/06/2017 2.05 2.03 2.05 2.03 52 26150.00 8552174261.00
12/06/2017 2.02 2.02 2.07 2.06 22 16240.00 5327801615.00
13/06/2017 2.06 2.05 2.06 2.05 14 8560.00 2815101671.00
14/06/2017 2.01 2.01 2.05 2.05 8 2640.00 867785749.00
16/06/2017 2.03 2.03 2.13 2.13 11 3540.00 1157564377.00
