01/06/2016 2.90 2.90 2.90 2.90 4 400.00 138046451.00
02/06/2016 2.90 2.76 2.90 2.76 11 1520.00 527966293.00
03/06/2016 2.68 2.68 2.70 2.70 6 550.00 189245811.00
07/06/2016 3.00 3.00 3.00 3.00 3 260.00 86870975.00
08/06/2016 3.02 3.02 3.02 3.02 4 400.00 131412925.00
09/06/2016 3.00 2.89 3.00 2.89 2 140.00 45712298.00
10/06/2016 3.01 3.01 3.01 3.01 5 600.00 196381158.00
13/06/2016 3.12 3.12 3.12 3.12 6 600.00 198556202.00
14/06/2016 3.16 3.16 3.16 3.16 5 540.00 179806411.00
16/06/2016 3.21 3.01 3.21 3.01 10 870.00 290525089.00
17/06/2016 3.08 3.04 3.15 3.15 8 730.00 242303650.00
20/06/2016 3.38 3.38 3.38 3.38 3 300.00 98192788.00
21/06/2016 3.42 3.38 3.45 3.38 4 260.00 84304371.00
22/06/2016 3.40 3.40 3.40 3.40 2 630.00 204130813.00
23/06/2016 3.15 3.15 3.15 3.15 1 100.00 32347878.00
27/06/2016 3.30 3.30 3.30 3.30 2 200.00 64996097.00
28/06/2016 3.32 3.32 3.32 3.32 3 150.00 48188884.00
01/07/2016 2.83 2.61 2.83 2.61 10 910.00 283079975.00
05/07/2016 2.75 2.75 2.75 2.75 5 500.00 158292282.00
06/07/2016 2.75 2.75 2.79 2.78 11 3020.00 965516813.00
07/07/2016 2.72 2.72 2.77 2.72 14 1510.00 488004640.00
11/07/2016 2.52 2.52 2.54 2.54 7 850.00 271916914.00
12/07/2016 2.50 2.50 2.62 2.62 18 1230.00 392591921.00
13/07/2016 2.76 2.76 2.76 2.76 5 500.00 158622789.00
14/07/2016 2.77 2.77 2.77 2.77 4 310.00 98202335.00
15/07/2016 2.74 2.74 2.74 2.74 5 500.00 157150837.00
18/07/2016 2.71 2.71 2.71 2.71 3 90.00 28367170.00
19/07/2016 2.60 2.60 2.61 2.61 15 1480.00 468358534.00
20/07/2016 2.51 2.51 2.51 2.51 6 900.00 285137397.00
21/07/2016 2.56 2.56 2.56 2.56 1 50.00 15923353.00
22/07/2016 2.56 2.51 2.57 2.51 11 6000.00 1901520102.00
25/07/2016 2.47 2.47 2.47 2.47 4 700.00 223107711.00
26/07/2016 2.35 2.35 2.37 2.37 9 1270.00 405038738.00
27/07/2016 2.38 2.38 2.38 2.38 4 400.00 127178738.00
28/07/2016 2.57 2.57 2.57 2.57 6 1800.00 573874711.00
29/07/2016 2.46 2.45 2.46 2.45 5 620.00 196152113.00
01/08/2016 2.45 2.42 2.45 2.42 6 820.00 259087823.00
02/08/2016 2.42 2.42 2.47 2.47 8 1610.00 510714396.00
03/08/2016 2.31 2.31 2.31 2.31 3 400.00 126646285.00
04/08/2016 2.33 2.33 2.34 2.33 8 1710.00 539490159.00
05/08/2016 2.36 2.36 2.36 2.36 4 400.00 124034082.00
09/08/2016 2.35 2.32 2.40 2.40 11 1040.00 319301595.00
10/08/2016 2.46 2.38 2.46 2.38 5 1420.00 433043123.00
11/08/2016 2.40 2.36 2.40 2.40 8 4000.00 1219141216.00
12/08/2016 2.40 2.40 2.40 2.40 2 200.00 61385214.00
15/08/2016 2.40 2.40 2.40 2.40 5 600.00 184910058.00
16/08/2016 2.45 2.36 2.45 2.36 9 1020.00 315012847.00
17/08/2016 2.32 2.32 2.32 2.32 3 300.00 93469552.00
18/08/2016 2.32 2.32 2.32 2.32 1 20.00 6375439.00
19/08/2016 2.25 2.25 2.25 2.25 2 300.00 94189274.00
22/08/2016 2.25 2.20 2.25 2.20 5 650.00 204071139.00
25/08/2016 2.37 2.37 2.37 2.37 1 100.00 31412480.00
26/08/2016 2.44 2.44 2.44 2.44 1 100.00 31598443.00
29/08/2016 2.32 2.32 2.35 2.35 2 120.00 37742890.00
30/08/2016 2.40 2.40 2.40 2.40 6 1150.00 364591870.00
31/08/2016 2.37 2.31 2.37 2.36 9 4060.00 1283354956.00
01/09/2016 2.36 2.36 2.38 2.36 8 2030.00 641017088.00
02/09/2016 2.33 2.33 2.36 2.34 13 3390.00 1072359861.00
05/09/2016 2.32 2.28 2.32 2.28 7 2500.00 794317853.00
06/09/2016 2.23 2.23 2.23 2.23 6 800.00 253203314.00
08/09/2016 2.23 2.22 2.26 2.26 8 2440.00 767216406.00
09/09/2016 2.29 2.29 2.30 2.29 5 630.00 198610935.00
12/09/2016 2.29 2.25 2.29 2.25 7 820.00 260844565.00
13/09/2016 2.31 2.31 2.33 2.33 6 800.00 257843752.00
14/09/2016 2.31 2.29 2.31 2.29 8 710.00 230104503.00
15/09/2016 2.31 2.20 2.31 2.20 73 8380.00 2713948909.00
16/09/2016 2.20 2.20 2.24 2.24 10 2170.00 700335930.00
19/09/2016 2.27 2.24 2.31 2.31 24 5100.00 1635860042.00
20/09/2016 2.36 2.35 2.36 2.35 5 1200.00 381503230.00
21/09/2016 2.35 2.32 2.37 2.33 15 6080.00 1920820100.00
22/09/2016 2.37 2.32 2.37 2.32 25 5860.00 1847796615.00
23/09/2016 2.28 2.27 2.30 2.28 22 5090.00 1600251930.00
26/09/2016 2.21 2.21 2.21 2.21 9 1100.00 347960903.00
27/09/2016 2.20 2.17 2.20 2.17 13 2450.00 775365760.00
28/09/2016 2.15 2.12 2.15 2.12 14 3200.00 1011149027.00
29/09/2016 2.07 2.02 2.09 2.04 15 11470.00 3645260680.00
30/09/2016 2.02 2.02 2.10 2.10 11 2510.00 794880771.00
03/10/2016 2.09 2.07 2.09 2.07 20 5630.00 1779404220.00
04/10/2016 2.07 2.00 2.07 2.02 61 10380.00 3298398584.00
05/10/2016 1.97 1.97 1.97 1.97 11 3160.00 997625740.00
06/10/2016 1.97 1.96 2.04 2.04 13 9910.00 3136384970.00
07/10/2016 2.06 2.04 2.08 2.04 12 2060.00 650853189.00
10/10/2016 2.04 2.04 2.09 2.09 8 4220.00 1327493098.00
11/10/2016 2.09 2.07 2.11 2.07 14 5660.00 1779308823.00
13/10/2016 2.10 2.08 2.12 2.10 17 2810.00 880082661.00
14/10/2016 2.10 2.08 2.10 2.08 5 520.00 163060811.00
17/10/2016 2.10 2.10 2.10 2.10 1 100.00 31243392.00
18/10/2016 2.09 2.09 2.09 2.09 7 1300.00 405792122.00
19/10/2016 2.08 2.05 2.09 2.05 21 1850.00 576070234.00
20/10/2016 1.90 1.90 1.94 1.94 10 1220.00 378418729.00
21/10/2016 1.94 1.94 1.99 1.99 9 1010.00 313083114.00
24/10/2016 1.97 1.97 2.00 2.00 5 510.00 157192199.00
25/10/2016 1.99 1.99 2.01 1.99 13 1490.00 455632762.00
26/10/2016 2.01 2.01 2.17 2.17 4 650.00 199665517.00
27/10/2016 2.14 2.14 2.25 2.25 11 1660.00 509811011.00
28/10/2016 2.21 2.20 2.22 2.20 16 1360.00 422478962.00
31/10/2016 2.08 2.08 2.08 2.08 1 100.00 31174338.00
01/11/2016 2.08 2.08 2.16 2.16 6 850.00 267910639.00
03/11/2016 2.22 2.22 2.24 2.24 44 2020.00 636824751.00
04/11/2016 2.24 2.24 2.26 2.26 8 800.00 252624480.00
07/11/2016 2.24 2.24 2.32 2.32 10 2280.00 719604237.00
08/11/2016 2.32 2.23 2.34 2.23 12 920.00 287232700.00
09/11/2016 2.28 2.28 2.28 2.28 2 850.00 266650032.00
10/11/2016 2.42 2.42 2.53 2.53 21 2950.00 950078484.00
11/11/2016 2.59 2.59 2.66 2.66 11 1250.00 409178780.00
16/11/2016 2.62 2.62 2.65 2.62 11 2400.00 805108569.00
17/11/2016 2.70 2.70 2.70 2.70 4 600.00 200530685.00
18/11/2016 2.71 2.71 2.76 2.76 8 1830.00 607106066.00
21/11/2016 2.70 2.65 2.70 2.65 3 250.00 82417240.00
22/11/2016 2.58 2.48 2.58 2.48 5 2910.00 954931505.00
23/11/2016 2.48 2.38 2.51 2.38 17 1610.00 531747910.00
24/11/2016 2.38 2.38 2.41 2.41 8 1100.00 365715699.00
28/11/2016 2.32 2.23 2.32 2.23 13 2800.00 936086541.00
29/11/2016 2.29 2.29 2.33 2.33 6 510.00 169728141.00
30/11/2016 2.39 2.39 2.53 2.53 8 900.00 299265697.00
01/12/2016 2.65 2.65 2.65 2.65 3 300.00 100778972.00
02/12/2016 2.65 2.62 2.68 2.62 11 1550.00 523627664.00
05/12/2016 2.62 2.52 2.62 2.52 7 1000.00 337422024.00
06/12/2016 2.51 2.48 2.51 2.48 4 410.00 137920189.00
07/12/2016 2.56 2.56 2.56 2.56 15 4100.00 1373399498.00
08/12/2016 2.65 2.65 2.65 2.65 6 700.00 231888300.00
09/12/2016 2.63 2.54 2.64 2.54 12 4180.00 1384502034.00
12/12/2016 2.44 2.44 2.44 2.44 3 400.00 131886670.00
13/12/2016 2.33 2.30 2.33 2.32 31 6950.00 2282450156.00
14/12/2016 2.30 2.29 2.35 2.30 16 3830.00 1253377076.00
15/12/2016 2.40 2.37 2.42 2.38 43 21610.00 7083129454.00
16/12/2016 2.41 2.39 2.41 2.40 12 2630.00 873588421.00
19/12/2016 2.44 2.44 2.44 2.44 8 1450.00 479117634.00
20/12/2016 2.44 2.36 2.47 2.47 12 2030.00 669343643.00
21/12/2016 2.44 2.42 2.44 2.42 5 2180.00 714939917.00
22/12/2016 2.38 2.38 2.38 2.38 2 100.00 32508760.00
23/12/2016 2.37 2.31 2.37 2.31 33 8500.00 2754735220.00
26/12/2016 2.37 2.37 2.37 2.37 8 1040.00 334102338.00
27/12/2016 2.42 2.33 2.42 2.33 5 1110.00 356773088.00
28/12/2016 2.30 2.30 2.30 2.30 1 10.00 3246471.00
29/12/2016 2.17 2.17 2.17 2.17 6 2200.00 705909760.00
02/01/2017 2.17 2.17 2.17 2.17 2 40.00 12957599.00
03/01/2017 2.15 2.15 2.15 2.15 2 920.00 295376155.00
04/01/2017 2.13 2.13 2.13 2.13 7 1210.00 386273799.00
05/01/2017 2.13 2.10 2.13 2.10 2 220.00 69658891.00
06/01/2017 2.06 2.06 2.08 2.08 14 2150.00 681159537.00
09/01/2017 2.04 2.00 2.05 2.02 27 8500.00 2680603916.00
10/01/2017 1.95 1.95 1.95 1.95 7 2410.00 761227657.00
11/01/2017 1.98 1.98 1.98 1.98 4 600.00 188805195.00
12/01/2017 1.97 1.97 1.97 1.97 1 40.00 12520346.00
16/01/2017 2.02 2.02 2.11 2.11 31 2810.00 890451532.00
17/01/2017 2.11 2.11 2.19 2.19 10 3290.00 1042792048.00
18/01/2017 2.19 2.16 2.21 2.18 30 7100.00 2249311513.00
19/01/2017 2.17 2.16 2.17 2.16 14 3150.00 995845519.00
20/01/2017 2.17 2.17 2.17 2.17 11 2200.00 692506241.00
23/01/2017 2.18 2.18 2.19 2.19 12 2900.00 909409636.00
24/01/2017 2.19 2.12 2.19 2.12 2 100.00 31235209.00
26/01/2017 2.11 2.08 2.11 2.08 4 700.00 219218792.00
27/01/2017 2.07 2.04 2.07 2.04 2 110.00 34253862.00
30/01/2017 2.14 2.14 2.16 2.16 8 2810.00 869192131.00
31/01/2017 2.19 2.19 2.25 2.25 4 1550.00 479725555.00
01/02/2017 2.25 2.21 2.25 2.21 6 800.00 247359388.00
02/02/2017 2.16 2.16 2.16 2.16 4 1100.00 339947062.00
03/02/2017 2.09 2.09 2.09 2.09 6 1600.00 491816685.00
06/02/2017 2.04 2.04 2.06 2.04 7 2620.00 807215236.00
07/02/2017 2.04 2.03 2.05 2.05 8 4430.00 1363988168.00
08/02/2017 2.05 2.05 2.05 2.05 8 2620.00 807281673.00
09/02/2017 2.04 2.04 2.09 2.09 13 2910.00 897694937.00
10/02/2017 2.08 2.05 2.09 2.09 21 9530.00 2929176552.00
13/02/2017 2.09 2.07 2.09 2.07 15 3850.00 1183580535.00
14/02/2017 2.05 2.05 2.05 2.05 16 4800.00 1472660630.00
15/02/2017 2.06 2.03 2.06 2.03 13 3100.00 942989804.00
16/02/2017 2.05 2.03 2.05 2.05 9 2230.00 677579705.00
17/02/2017 2.04 2.04 2.04 2.04 11 2700.00 819043212.00
20/02/2017 2.02 2.02 2.02 2.02 11 2420.00 738943575.00
21/02/2017 2.08 2.02 2.08 2.04 3 290.00 88642230.00
22/02/2017 2.02 2.02 2.02 2.02 4 1000.00 304932090.00
23/02/2017 2.02 2.00 2.02 2.00 6 1510.00 458053581.00
24/02/2017 2.05 2.05 2.08 2.08 5 1020.00 310996648.00
01/03/2017 2.05 2.05 2.11 2.10 5 580.00 177416542.00
02/03/2017 2.16 2.15 2.16 2.15 15 2490.00 767242327.00
03/03/2017 2.10 2.10 2.14 2.14 6 2400.00 738560411.00
06/03/2017 2.12 2.12 2.15 2.12 14 5800.00 1792821407.00
07/03/2017 2.05 2.05 2.09 2.09 9 2400.00 738592695.00
08/03/2017 2.10 2.10 2.12 2.10 6 1900.00 589374811.00
09/03/2017 2.10 2.10 2.13 2.12 12 8610.00 2694682024.00
10/03/2017 2.09 2.06 2.09 2.07 14 6800.00 2123724083.00
13/03/2017 2.07 2.07 2.07 2.07 8 1500.00 468113600.00
14/03/2017 2.07 2.05 2.07 2.05 11 2940.00 920818634.00
15/03/2017 2.03 2.03 2.08 2.08 10 2240.00 694911778.00
16/03/2017 2.12 2.11 2.12 2.11 16 4590.00 1423906943.00
17/03/2017 2.12 2.12 2.12 2.12 3 900.00 276276383.00
20/03/2017 2.08 2.08 2.08 2.08 3 1000.00 305695388.00
21/03/2017 2.06 2.06 2.06 2.06 5 600.00 183247018.00
22/03/2017 2.02 1.96 2.06 1.96 11 2590.00 790182336.00
23/03/2017 2.00 1.97 2.00 1.97 7 16110.00 4957979598.00
27/03/2017 1.96 1.96 1.96 1.96 12 2760.00 855328422.00
28/03/2017 2.00 2.00 2.05 2.05 10 3520.00 1090532746.00
29/03/2017 2.04 2.04 2.06 2.06 3 1250.00 386508832.00
30/03/2017 1.93 1.92 1.93 1.92 9 1910.00 591487780.00
03/04/2017 1.88 1.85 1.88 1.85 10 2560.00 796470294.00
04/04/2017 1.87 1.87 1.87 1.87 8 2500.00 769627447.00
05/04/2017 1.87 1.87 1.91 1.91 15 10010.00 3080767343.00
06/04/2017 1.92 1.92 1.99 1.99 24 6460.00 1992797621.00
07/04/2017 2.02 2.00 2.02 2.00 12 4230.00 1312621348.00
10/04/2017 2.09 2.09 2.09 2.09 5 1500.00 465141274.00
11/04/2017 2.07 2.07 2.09 2.09 8 2110.00 655103885.00
12/04/2017 2.12 2.07 2.12 2.07 8 5750.00 1792618345.00
13/04/2017 2.06 2.06 2.06 2.06 2 30.00 9383059.00
17/04/2017 1.97 1.88 1.97 1.92 63 11410.00 3522622972.00
18/04/2017 1.93 1.90 1.96 1.96 14 8180.00 2519146645.00
19/04/2017 1.96 1.96 1.98 1.97 17 4640.00 1433364830.00
20/04/2017 1.97 1.96 1.97 1.97 14 5110.00 1591320454.00
24/04/2017 1.93 1.93 1.93 1.93 5 1200.00 373091746.00
25/04/2017 1.96 1.84 1.96 1.84 48 12010.00 3737691808.00
26/04/2017 1.83 1.75 1.86 1.75 23 10080.00 3169711134.00
27/04/2017 1.82 1.81 1.83 1.83 22 8430.00 2660423910.00
28/04/2017 1.84 1.82 1.89 1.89 11 2200.00 693165803.00
02/05/2017 1.89 1.87 1.89 1.87 8 2240.00 705244101.00
03/05/2017 1.86 1.86 1.89 1.89 21 3520.00 1103916995.00
04/05/2017 1.89 1.88 1.90 1.90 16 8670.00 2724804410.00
05/05/2017 1.86 1.86 1.86 1.86 10 3400.00 1071613987.00
08/05/2017 1.83 1.83 1.83 1.83 10 5200.00 1644187366.00
09/05/2017 1.77 1.77 1.77 1.77 18 4910.00 1554438262.00
10/05/2017 1.77 1.77 1.81 1.81 16 8800.00 2772277619.00
11/05/2017 1.81 1.80 1.81 1.80 22 9410.00 2947753052.00
12/05/2017 1.81 1.78 1.81 1.80 24 7700.00 2399459953.00
15/05/2017 1.80 1.80 1.86 1.86 6 3870.00 1196602079.00
16/05/2017 1.82 1.82 1.83 1.83 10 5900.00 1815673769.00
17/05/2017 1.88 1.87 1.92 1.89 57 19240.00 5936517868.00
18/05/2017 2.17 2.17 2.30 2.30 13 3440.00 1099061095.00
19/05/2017 2.19 2.08 2.19 2.08 23 9110.00 3000549263.00
22/05/2017 2.13 2.12 2.15 2.15 51 12680.00 4131990923.00
23/05/2017 2.15 2.05 2.15 2.05 34 14580.00 4740326680.00
24/05/2017 2.01 1.94 2.01 1.94 79 36440.00 11817096344.00
25/05/2017 1.99 1.91 2.00 1.91 23 11800.00 3838085514.00
26/05/2017 1.86 1.73 1.86 1.73 26 11530.00 3745068002.00
29/05/2017 1.74 1.70 1.74 1.70 23 6500.00 2108941358.00
30/05/2017 1.99 1.95 1.99 1.95 11 2510.00 814750527.00
31/05/2017 1.95 1.93 2.02 2.02 13 4130.00 1333773761.00
01/06/2017 2.02 2.00 2.15 2.15 18 8280.00 2670121382.00
02/06/2017 2.16 2.16 2.16 2.16 7 1430.00 460067774.00
05/06/2017 2.16 2.16 2.19 2.19 7 1100.00 356475122.00
06/06/2017 2.19 2.15 2.20 2.15 19 12290.00 4001439126.00
07/06/2017 2.17 2.17 2.17 2.17 5 6710.00 2185257930.00
08/06/2017 2.17 2.17 2.17 2.17 6 3700.00 1202150561.00
09/06/2017 2.18 2.18 2.18 2.18 10 3700.00 1207078932.00
12/06/2017 2.18 2.17 2.21 2.20 14 9220.00 3017889081.00
13/06/2017 2.20 2.20 2.20 2.20 40 15410.00 5055963954.00
14/06/2017 2.16 2.15 2.19 2.19 20 5380.00 1764309272.00
16/06/2017 2.24 2.24 2.24 2.24 3 800.00 260959541.00
