01/06/2016 2.73 2.69 2.73 2.71 90 9010.00 3210708259.00
02/06/2016 2.71 2.61 2.71 2.62 21 3450.00 1230689293.00
03/06/2016 2.54 2.54 2.58 2.58 13 12170.00 4297818115.00
06/06/2016 2.48 2.48 2.68 2.68 30 5700.00 1988094992.00
07/06/2016 2.72 2.70 2.81 2.81 41 8870.00 3058047400.00
08/06/2016 2.90 2.85 2.92 2.85 53 18020.00 6109728390.00
09/06/2016 2.82 2.74 2.83 2.75 104 18610.00 6255841540.00
10/06/2016 2.74 2.74 2.77 2.77 17 6570.00 2218330276.00
13/06/2016 2.89 2.89 3.00 2.97 22 3540.00 1209424189.00
14/06/2016 2.97 2.97 3.10 3.07 37 12100.00 4161418196.00
15/06/2016 3.10 3.10 3.30 3.18 62 22900.00 7873192591.00
16/06/2016 3.27 3.05 3.27 3.05 24 12020.00 4135278525.00
17/06/2016 3.00 2.99 3.08 3.08 99 22900.00 7844544279.00
20/06/2016 3.13 3.11 3.17 3.17 38 15870.00 5370707895.00
21/06/2016 3.23 3.23 3.30 3.30 88 36820.00 12355371076.00
22/06/2016 3.37 3.27 3.37 3.29 87 27670.00 9271202478.00
23/06/2016 3.09 2.97 3.11 2.98 206 62350.00 20821424253.00
24/06/2016 2.98 2.94 3.13 3.13 41 17200.00 5734850912.00
27/06/2016 3.20 3.20 3.30 3.24 24 8280.00 2779017494.00
28/06/2016 3.18 3.17 3.31 3.31 163 34410.00 11416293967.00
29/06/2016 2.84 2.70 2.84 2.78 18 6940.00 2262094201.00
30/06/2016 2.65 2.56 2.65 2.56 17 3700.00 1186414210.00
01/07/2016 2.56 2.22 2.56 2.22 11 4760.00 1520626139.00
04/07/2016 2.20 2.20 2.20 2.20 8 3180.00 1025391507.00
05/07/2016 2.20 2.20 2.35 2.35 34 8760.00 2850697374.00
06/07/2016 2.35 2.35 2.43 2.43 22 26000.00 8551946830.00
07/07/2016 2.31 2.30 2.37 2.37 32 11560.00 3839286229.00
08/07/2016 2.36 2.36 2.36 2.36 6 3100.00 1021692102.00
11/07/2016 2.33 2.30 2.33 2.32 7 160.00 52621485.00
12/07/2016 2.20 2.20 2.27 2.22 35 8370.00 2745061438.00
13/07/2016 2.28 2.26 2.30 2.30 39 12430.00 4053722034.00
14/07/2016 2.30 2.30 2.38 2.38 18 3450.00 1123487538.00
15/07/2016 2.38 2.25 2.38 2.29 32 8060.00 2604022451.00
18/07/2016 2.28 2.28 2.28 2.28 24 8300.00 2692828011.00
19/07/2016 2.30 2.15 2.30 2.18 20 12490.00 4057551904.00
20/07/2016 2.11 2.08 2.15 2.08 35 9460.00 3077672753.00
21/07/2016 2.11 2.10 2.28 2.28 21 10850.00 3529665105.00
22/07/2016 2.30 2.30 2.30 2.30 8 4100.00 1333566704.00
25/07/2016 2.30 2.25 2.31 2.25 18 5440.00 1779468047.00
26/07/2016 2.25 2.18 2.25 2.22 46 30290.00 9885519759.00
27/07/2016 2.20 2.09 2.22 2.15 67 18060.00 5892501726.00
28/07/2016 2.23 2.17 2.23 2.20 38 21100.00 6905830546.00
29/07/2016 2.10 1.95 2.10 1.97 42 41220.00 13390141284.00
01/08/2016 1.97 1.94 1.97 1.95 30 19280.00 6251076806.00
02/08/2016 1.95 1.89 1.95 1.89 85 54600.00 17761201379.00
03/08/2016 1.87 1.78 1.87 1.78 32 32300.00 10458994169.00
04/08/2016 1.75 1.75 1.86 1.82 59 28820.00 9308321118.00
05/08/2016 1.80 1.80 1.95 1.89 107 44430.00 14147367867.00
08/08/2016 1.87 1.87 1.98 1.96 46 21170.00 6705043939.00
09/08/2016 1.86 1.86 1.95 1.88 18 16200.00 5105136094.00
10/08/2016 1.88 1.86 1.96 1.86 74 47370.00 14808449711.00
11/08/2016 1.90 1.86 1.90 1.86 12 12300.00 3842216465.00
12/08/2016 1.89 1.87 1.96 1.96 32 21020.00 6625837484.00
15/08/2016 1.92 1.92 2.00 2.00 26 26420.00 8346785040.00
16/08/2016 2.04 1.94 2.04 1.97 63 40190.00 12726602865.00
17/08/2016 2.01 1.87 2.02 1.88 177 43530.00 13851647109.00
18/08/2016 1.85 1.76 1.87 1.82 78 38870.00 12528112970.00
19/08/2016 1.83 1.81 1.85 1.85 97 40750.00 13084434619.00
22/08/2016 1.90 1.73 1.90 1.74 95 43360.00 13918849126.00
23/08/2016 1.70 1.70 1.85 1.80 130 49540.00 15918743335.00
24/08/2016 1.85 1.78 1.95 1.86 189 102480.00 32859592760.00
25/08/2016 1.90 1.90 1.98 1.94 95 51940.00 16751524209.00
26/08/2016 1.95 1.81 1.97 1.90 175 70780.00 22977072171.00
29/08/2016 1.90 1.68 1.90 1.76 239 197220.00 63520877656.00
