02/06/2016 3.96 3.96 3.96 3.96 1 20.00 6120202.00
10/06/2016 3.99 3.99 3.99 3.99 1 10.00 2981341.00
17/06/2016 4.69 4.69 4.69 4.69 7 700.00 200839938.00
21/06/2016 4.76 4.76 4.76 4.76 4 500.00 140412638.00
22/06/2016 4.77 4.75 4.77 4.75 9 9950.00 2789035744.00
23/06/2016 4.36 4.29 4.36 4.29 4 1800.00 510662115.00
01/07/2016 4.03 4.03 4.03 4.03 2 50.00 13741881.00
11/07/2016 3.68 3.68 3.68 3.68 3 300.00 85760750.00
12/07/2016 3.71 3.71 3.86 3.86 4 400.00 113390773.00
01/08/2016 3.52 3.52 3.52 3.52 1 30.00 8469883.00
05/08/2016 3.65 3.65 3.65 3.65 3 300.00 83141447.00
09/08/2016 3.71 3.71 3.71 3.71 2 150.00 41021478.00
15/08/2016 3.69 3.69 3.69 3.69 5 500.00 137435491.00
31/08/2016 3.65 3.64 3.65 3.64 2 120.00 33730203.00
01/09/2016 3.64 3.62 3.64 3.62 2 520.00 146470126.00
21/09/2016 3.46 3.46 3.46 3.46 2 1180.00 334539929.00
28/09/2016 3.22 3.22 3.22 3.22 4 400.00 113862436.00
03/10/2016 3.17 3.17 3.17 3.17 5 500.00 143208173.00
05/10/2016 3.15 3.15 3.15 3.15 2 80.00 22839208.00
06/10/2016 3.14 3.14 3.14 3.14 3 140.00 40213239.00
10/10/2016 3.35 3.35 3.35 3.35 1 100.00 28247287.00
11/10/2016 3.35 3.35 3.35 3.35 1 90.00 25383399.00
17/10/2016 3.30 3.30 3.30 3.30 1 100.00 28103756.00
25/10/2016 3.25 3.25 3.25 3.25 1 20.00 5564503.00
01/11/2016 3.28 3.28 3.28 3.28 1 10.00 2866129.00
07/11/2016 3.56 3.56 3.56 3.56 3 300.00 84836876.00
07/12/2016 3.74 3.74 3.74 3.74 5 700.00 209496456.00
13/12/2016 3.63 3.63 3.63 3.63 1 400.00 117538221.00
29/12/2016 3.47 3.40 3.47 3.40 17 3770.00 1089339953.00
02/01/2017 3.40 3.40 3.40 3.40 1 10.00 2915709.00
05/01/2017 3.58 3.55 3.58 3.55 9 980.00 277565179.00
12/01/2017 3.42 3.41 3.43 3.41 7 1750.00 495345690.00
13/01/2017 3.43 3.43 3.43 3.43 2 350.00 98903752.00
17/01/2017 3.59 3.59 3.59 3.59 2 200.00 56644021.00
20/01/2017 3.73 3.73 3.73 3.73 4 400.00 112193282.00
24/01/2017 3.66 3.66 3.66 3.66 2 200.00 55647140.00
01/02/2017 3.70 3.56 3.70 3.56 6 520.00 144624927.00
02/02/2017 3.46 3.46 3.46 3.46 4 400.00 111232878.00
03/02/2017 3.46 3.46 3.46 3.46 1 40.00 11123734.00
09/02/2017 3.27 3.27 3.27 3.27 2 30.00 8398197.00
10/02/2017 3.43 3.43 3.43 3.43 1 100.00 27667715.00
13/02/2017 3.43 3.43 3.43 3.43 3 300.00 83000464.00
16/02/2017 3.38 3.38 3.38 3.38 2 200.00 54739807.00
21/02/2017 3.36 3.36 3.36 3.36 2 200.00 55049158.00
23/02/2017 3.36 3.36 3.36 3.36 3 300.00 81925670.00
24/02/2017 3.37 3.37 3.37 3.37 1 100.00 27446106.00
01/03/2017 3.37 3.37 3.37 3.37 1 20.00 5540815.00
02/03/2017 3.53 3.53 3.53 3.53 4 400.00 110718709.00
08/03/2017 3.42 3.42 3.42 3.42 2 200.00 55823958.00
15/03/2017 3.43 3.43 3.43 3.43 2 200.00 55817761.00
16/03/2017 3.43 3.43 3.44 3.44 4 1300.00 362991244.00
17/03/2017 3.43 3.37 3.48 3.37 4 2100.00 579900784.00
20/03/2017 3.25 3.25 3.25 3.25 3 300.00 83217918.00
21/03/2017 3.22 3.22 3.22 3.22 1 100.00 27725982.00
23/03/2017 3.29 3.25 3.29 3.25 3 600.00 167129950.00
24/03/2017 3.24 3.24 3.24 3.24 2 400.00 111791725.00
27/03/2017 3.36 3.36 3.37 3.37 3 400.00 111949132.00
28/03/2017 3.41 3.41 3.41 3.41 3 620.00 173073207.00
30/03/2017 3.32 3.32 3.32 3.32 4 400.00 112155318.00
31/03/2017 3.29 3.29 3.29 3.29 3 300.00 84130347.00
06/04/2017 3.36 3.36 3.36 3.36 2 200.00 55847688.00
18/04/2017 3.12 3.12 3.12 3.12 2 300.00 83921080.00
28/04/2017 3.01 3.01 3.03 3.03 4 670.00 192711313.00
02/05/2017 3.03 3.03 3.03 3.03 1 10.00 2862304.00
10/05/2017 2.93 2.93 2.93 2.93 3 300.00 86495829.00
22/05/2017 3.05 3.05 3.05 3.05 2 200.00 59627507.00
23/05/2017 3.04 3.04 3.04 3.04 1 100.00 29739423.00
25/05/2017 3.11 3.11 3.11 3.11 2 200.00 59244718.00
26/05/2017 3.13 3.13 3.13 3.13 2 220.00 65016970.00
01/06/2017 3.17 3.17 3.18 3.18 2 110.00 32336692.00
02/06/2017 3.18 3.18 3.18 3.18 1 100.00 29362709.00
08/06/2017 3.26 3.26 3.26 3.26 1 100.00 29446438.00
13/06/2017 3.27 3.27 3.27 3.27 1 100.00 29738428.00
16/06/2017 3.32 3.32 3.32 3.32 7 1400.00 413880125.00
