30/09/2016 3.55 3.55 3.55 3.55 1 200.00 54852821.00
04/10/2016 3.54 3.54 3.54 3.54 2 230.00 63195637.00
11/10/2016 3.74 3.74 3.74 3.74 1 90.00 24328401.00
13/10/2016 3.73 3.68 3.73 3.68 3 300.00 80658500.00
20/10/2016 3.50 3.50 3.50 3.50 3 300.00 80540369.00
08/11/2016 3.95 3.95 3.95 3.95 3 810.00 215826899.00
13/12/2016 4.14 4.14 4.14 4.14 1 100.00 27796580.00
23/12/2016 4.09 4.09 4.09 4.09 1 100.00 27612350.00
27/12/2016 3.95 3.95 3.95 3.95 1 100.00 27486782.00
29/12/2016 3.87 3.87 3.87 3.87 7 900.00 247861372.00
05/01/2017 4.01 4.01 4.01 4.01 1 80.00 21540382.00
26/01/2017 4.10 4.10 4.10 4.10 2 100.00 26462164.00
09/02/2017 3.75 3.75 3.75 3.75 2 30.00 8043859.00
14/02/2017 3.89 3.89 3.89 3.89 2 100.00 26182276.00
15/02/2017 3.83 3.83 3.83 3.83 1 100.00 26135852.00
21/03/2017 3.67 3.67 3.67 3.67 1 100.00 26477223.00
20/04/2017 3.42 3.42 3.44 3.42 4 700.00 190582043.00
