01/06/2016 3.17 3.17 3.17 3.17 1 100.00 33399053.00
02/06/2016 3.17 3.06 3.17 3.06 3 280.00 93595989.00
13/06/2016 3.41 3.41 3.41 3.41 2 200.00 63977611.00
14/06/2016 3.50 3.50 3.50 3.50 2 110.00 35341666.00
20/06/2016 3.80 3.80 3.80 3.80 4 310.00 97271620.00
21/06/2016 3.80 3.80 3.87 3.87 3 230.00 71494997.00
22/06/2016 3.88 3.88 3.88 3.88 2 280.00 86898407.00
23/06/2016 3.65 3.65 3.65 3.65 2 430.00 133650471.00
01/07/2016 3.19 3.19 3.19 3.19 2 580.00 173809968.00
06/07/2016 3.15 3.15 3.15 3.15 1 20.00 6225480.00
12/07/2016 3.07 3.07 3.07 3.07 2 300.00 92460539.00
13/07/2016 3.24 3.24 3.24 3.24 4 500.00 152654007.00
14/07/2016 3.25 3.25 3.25 3.25 2 200.00 60875246.00
22/07/2016 3.02 3.02 3.02 3.02 2 240.00 73479330.00
27/07/2016 2.79 2.79 2.79 2.79 2 1320.00 407011019.00
01/08/2016 2.80 2.80 2.80 2.80 2 270.00 82621159.00
11/08/2016 2.81 2.81 2.81 2.81 2 200.00 58937095.00
12/08/2016 2.87 2.87 2.88 2.88 4 320.00 95136445.00
15/08/2016 2.87 2.87 2.87 2.87 2 230.00 68488173.00
16/08/2016 2.84 2.84 2.84 2.84 1 20.00 6005662.00
17/08/2016 2.78 2.78 2.78 2.78 2 100.00 30029256.00
22/08/2016 2.61 2.61 2.61 2.61 1 40.00 12201996.00
24/08/2016 2.71 2.71 2.71 2.71 1 100.00 30440592.00
25/08/2016 2.82 2.82 2.82 2.82 2 200.00 60859167.00
31/08/2016 2.73 2.73 2.76 2.76 2 120.00 36828257.00
01/09/2016 2.76 2.76 2.76 2.76 2 270.00 82545723.00
05/09/2016 2.61 2.61 2.61 2.61 3 300.00 92632816.00
12/09/2016 2.71 2.71 2.71 2.71 5 1100.00 339008737.00
20/09/2016 2.69 2.69 2.71 2.71 3 1100.00 339512144.00
28/09/2016 2.47 2.46 2.47 2.46 4 870.00 267435036.00
29/09/2016 2.39 2.39 2.39 2.39 2 400.00 123906164.00
30/09/2016 2.46 2.46 2.46 2.46 1 100.00 30740029.00
03/10/2016 2.46 2.46 2.46 2.46 2 40.00 12272621.00
04/10/2016 2.46 2.46 2.46 2.46 1 10.00 3163969.00
05/10/2016 2.38 2.38 2.38 2.38 2 310.00 95376675.00
06/10/2016 2.35 2.33 2.36 2.34 11 1370.00 422977136.00
07/10/2016 2.42 2.42 2.42 2.42 1 10.00 3148053.00
10/10/2016 2.50 2.50 2.50 2.50 3 210.00 64160959.00
11/10/2016 2.50 2.48 2.50 2.48 2 190.00 58047072.00
13/10/2016 2.52 2.52 2.52 2.52 1 100.00 30398153.00
17/10/2016 2.48 2.48 2.48 2.48 1 100.00 30336783.00
19/10/2016 2.47 2.44 2.47 2.44 6 1580.00 478684423.00
20/10/2016 2.40 2.40 2.40 2.40 1 10.00 3085422.00
24/10/2016 2.33 2.33 2.33 2.33 2 60.00 18106859.00
25/10/2016 2.37 2.37 2.37 2.37 1 20.00 5940153.00
27/10/2016 2.54 2.54 2.54 2.54 2 300.00 89615676.00
28/10/2016 2.54 2.54 2.54 2.54 1 100.00 30136546.00
01/11/2016 2.42 2.42 2.60 2.60 4 720.00 220814341.00
03/11/2016 2.62 2.62 2.62 2.62 4 400.00 122354122.00
08/11/2016 2.70 2.65 2.70 2.65 8 500.00 151526318.00
16/11/2016 3.10 3.10 3.10 3.10 2 200.00 64822705.00
17/11/2016 3.06 3.06 3.06 3.06 2 1190.00 384776615.00
21/11/2016 2.98 2.98 2.98 2.98 2 200.00 63898832.00
24/11/2016 2.78 2.78 2.78 2.78 2 150.00 48449386.00
25/11/2016 2.79 2.79 2.79 2.79 2 200.00 64760933.00
28/11/2016 2.67 2.67 2.67 2.67 1 100.00 32422482.00
12/12/2016 2.78 2.78 2.78 2.78 1 100.00 31982583.00
15/12/2016 2.75 2.75 2.75 2.75 1 100.00 31762654.00
19/12/2016 2.81 2.81 2.81 2.81 2 200.00 64233364.00
29/12/2016 2.58 2.58 2.58 2.58 4 400.00 124866174.00
02/01/2017 2.58 2.58 2.58 2.58 2 150.00 46937822.00
05/01/2017 2.65 2.65 2.65 2.65 2 280.00 86034951.00
06/01/2017 2.64 2.64 2.64 2.64 2 200.00 61576556.00
12/01/2017 2.50 2.50 2.50 2.50 11 1100.00 336824732.00
17/01/2017 2.63 2.63 2.65 2.65 3 310.00 95434351.00
19/01/2017 2.63 2.63 2.63 2.63 4 400.00 122956727.00
20/01/2017 2.67 2.67 2.67 2.67 1 100.00 30583125.00
23/01/2017 2.68 2.68 2.68 2.68 3 400.00 121757826.00
26/01/2017 2.61 2.60 2.61 2.60 7 1530.00 465415860.00
27/01/2017 2.57 2.57 2.57 2.57 3 400.00 121408791.00
30/01/2017 2.62 2.62 2.62 2.62 1 100.00 30056603.00
31/01/2017 2.71 2.71 2.71 2.71 1 100.00 30083393.00
01/02/2017 2.71 2.63 2.71 2.64 9 1100.00 330755157.00
02/02/2017 2.59 2.59 2.59 2.59 1 30.00 9041075.00
06/02/2017 2.46 2.46 2.46 2.46 2 200.00 59934695.00
07/02/2017 2.43 2.43 2.43 2.43 4 400.00 119805595.00
09/02/2017 2.43 2.43 2.43 2.43 5 600.00 180047142.00
10/02/2017 2.42 2.42 2.42 2.42 1 100.00 29905190.00
13/02/2017 2.43 2.43 2.43 2.43 6 700.00 209306334.00
14/02/2017 2.43 2.43 2.46 2.44 7 970.00 289751285.00
15/02/2017 2.42 2.42 2.42 2.42 3 500.00 148075777.00
17/02/2017 2.42 2.42 2.42 2.42 1 100.00 29505132.00
21/02/2017 2.45 2.45 2.45 2.45 2 40.00 11820665.00
22/02/2017 2.41 2.41 2.41 2.41 1 200.00 59490747.00
24/02/2017 2.44 2.44 2.44 2.44 2 200.00 59255538.00
01/03/2017 2.44 2.44 2.51 2.51 6 770.00 229342186.00
02/03/2017 2.50 2.50 2.50 2.50 2 200.00 59882566.00
07/03/2017 2.42 2.42 2.42 2.42 1 100.00 29915751.00
13/03/2017 2.46 2.46 2.46 2.46 1 100.00 30328161.00
15/03/2017 2.42 2.42 2.42 2.42 7 700.00 211094319.00
16/03/2017 2.44 2.44 2.44 2.44 7 1400.00 423128574.00
17/03/2017 2.43 2.43 2.43 2.43 9 1700.00 508426850.00
20/03/2017 2.35 2.35 2.35 2.35 2 200.00 59776754.00
21/03/2017 2.31 2.31 2.31 2.31 5 600.00 179056000.00
22/03/2017 2.31 2.25 2.31 2.25 4 290.00 86493354.00
23/03/2017 2.30 2.30 2.32 2.32 3 200.00 60186581.00
24/03/2017 2.28 2.28 2.28 2.28 1 100.00 30164880.00
27/03/2017 2.31 2.29 2.31 2.29 5 520.00 157375549.00
29/03/2017 2.36 2.36 2.36 2.36 5 730.00 220231585.00
30/03/2017 2.31 2.31 2.31 2.31 2 200.00 60501904.00
03/04/2017 2.31 2.31 2.31 2.31 2 120.00 36391954.00
04/04/2017 2.29 2.29 2.29 2.29 2 70.00 21062894.00
07/04/2017 2.43 2.43 2.43 2.43 5 500.00 151467770.00
10/04/2017 2.44 2.44 2.44 2.44 8 960.00 290454141.00
11/04/2017 2.40 2.40 2.40 2.40 2 200.00 60679464.00
12/04/2017 2.36 2.36 2.36 2.36 7 1030.00 313304897.00
13/04/2017 2.28 2.28 2.28 2.28 2 300.00 91328190.00
17/04/2017 2.17 2.17 2.17 2.17 2 200.00 60353471.00
19/04/2017 2.23 2.23 2.23 2.23 3 300.00 90599915.00
20/04/2017 2.21 2.21 2.21 2.21 7 800.00 243589377.00
24/04/2017 2.20 2.17 2.20 2.17 8 940.00 285950968.00
25/04/2017 2.20 2.20 2.20 2.20 1 10.00 3089902.00
28/04/2017 2.21 2.21 2.21 2.21 1 100.00 30769943.00
02/05/2017 2.21 2.18 2.21 2.18 4 340.00 104600768.00
03/05/2017 2.20 2.20 2.20 2.20 1 30.00 9172636.00
04/05/2017 2.24 2.15 2.24 2.15 6 430.00 132014730.00
05/05/2017 2.12 2.12 2.12 2.12 2 200.00 61609926.00
08/05/2017 2.12 2.12 2.12 2.12 2 60.00 18666711.00
12/05/2017 2.11 2.11 2.11 2.11 3 300.00 91353970.00
15/05/2017 2.13 2.13 2.13 2.13 2 200.00 60436938.00
16/05/2017 2.15 2.15 2.15 2.15 3 600.00 180502792.00
17/05/2017 2.19 2.19 2.20 2.20 11 1180.00 355703561.00
18/05/2017 2.49 2.49 2.65 2.65 3 250.00 77844779.00
19/05/2017 2.49 2.40 2.49 2.40 2 230.00 73938270.00
22/05/2017 2.47 2.47 2.47 2.47 1 300.00 95250374.00
23/05/2017 2.45 2.42 2.45 2.44 6 610.00 193601756.00
25/05/2017 2.42 2.42 2.42 2.42 2 280.00 88737667.00
29/05/2017 2.34 2.34 2.34 2.34 3 500.00 158270272.00
31/05/2017 2.38 2.38 2.38 2.38 5 820.00 258248676.00
01/06/2017 2.38 2.38 2.43 2.43 2 190.00 59704827.00
05/06/2017 2.46 2.46 2.46 2.46 5 930.00 294159474.00
06/06/2017 2.47 2.47 2.47 2.47 6 700.00 222252682.00
07/06/2017 2.50 2.50 2.50 2.50 9 940.00 298492477.00
08/06/2017 2.53 2.53 2.53 2.53 8 1300.00 411747493.00
09/06/2017 2.59 2.59 2.59 2.59 5 440.00 139913810.00
12/06/2017 2.57 2.57 2.57 2.57 6 700.00 223321659.00
13/06/2017 2.55 2.55 2.55 2.55 4 500.00 159933842.00
14/06/2017 2.52 2.51 2.52 2.51 8 3100.00 990949765.00
16/06/2017 2.57 2.57 2.57 2.57 3 600.00 190827109.00
