03/11/2016 2.23 2.23 2.30 2.30 6 810.00 255047896.00
07/11/2016 2.29 2.29 2.29 2.29 3 2560.00 806383049.00
08/11/2016 2.33 2.31 2.33 2.31 4 650.00 202640286.00
09/11/2016 2.37 2.37 2.37 2.37 7 1100.00 344398855.00
10/11/2016 2.62 2.62 2.62 2.62 6 900.00 289101882.00
11/11/2016 2.76 2.73 2.76 2.73 7 2040.00 665183397.00
14/11/2016 2.73 2.73 2.73 2.73 6 430.00 144409279.00
16/11/2016 2.67 2.67 2.67 2.67 3 400.00 133955567.00
17/11/2016 2.74 2.74 2.74 2.74 1 200.00 66643776.00
18/11/2016 2.76 2.76 2.81 2.81 7 970.00 320398699.00
21/11/2016 2.72 2.61 2.72 2.61 3 210.00 69205627.00
22/11/2016 2.63 2.52 2.63 2.52 5 2650.00 867255789.00
23/11/2016 2.45 2.45 2.45 2.45 3 400.00 131863052.00
24/11/2016 2.45 2.45 2.47 2.47 3 120.00 39914241.00
28/11/2016 2.26 2.26 2.26 2.26 5 900.00 300495167.00
30/11/2016 2.56 2.56 2.56 2.56 8 1000.00 332063745.00
01/12/2016 2.70 2.70 2.70 2.70 2 300.00 100649009.00
02/12/2016 2.70 2.70 2.71 2.71 2 210.00 70856285.00
05/12/2016 2.57 2.57 2.57 2.57 2 200.00 67368121.00
06/12/2016 2.57 2.50 2.57 2.50 7 2050.00 688344595.00
07/12/2016 2.50 2.50 2.56 2.56 3 400.00 133860349.00
08/12/2016 2.65 2.65 2.65 2.65 6 2400.00 793512153.00
09/12/2016 2.65 2.56 2.65 2.56 8 3010.00 994931158.00
12/12/2016 2.45 2.45 2.45 2.45 2 200.00 65874369.00
13/12/2016 2.33 2.33 2.33 2.33 5 900.00 294909408.00
14/12/2016 2.31 2.31 2.31 2.31 5 1600.00 522445748.00
15/12/2016 2.40 2.40 2.43 2.40 4 750.00 245310912.00
16/12/2016 2.41 2.41 2.41 2.41 1 100.00 33146028.00
19/12/2016 2.49 2.47 2.49 2.47 2 600.00 197960011.00
22/12/2016 2.46 2.43 2.46 2.43 3 600.00 194799380.00
26/12/2016 2.41 2.41 2.41 2.41 1 100.00 32076142.00
27/12/2016 2.37 2.37 2.37 2.37 1 100.00 32073394.00
29/12/2016 2.23 2.23 2.23 2.23 6 1100.00 351984323.00
02/01/2017 2.23 2.23 2.23 2.23 1 10.00 3235759.00
03/01/2017 2.14 2.14 2.14 2.14 6 700.00 224049008.00
05/01/2017 2.19 2.19 2.19 2.19 1 30.00 9552625.00
06/01/2017 2.16 2.16 2.16 2.16 5 700.00 221097301.00
09/01/2017 2.08 2.07 2.08 2.07 4 350.00 110049795.00
10/01/2017 2.00 2.00 2.00 2.00 3 500.00 157648817.00
11/01/2017 2.03 2.03 2.03 2.03 2 300.00 94147548.00
12/01/2017 1.99 1.99 2.00 2.00 15 4300.00 1352384406.00
13/01/2017 2.00 2.00 2.06 2.06 7 2560.00 802416313.00
16/01/2017 2.06 2.06 2.06 2.06 3 680.00 215102595.00
17/01/2017 2.18 2.18 2.18 2.18 1 100.00 31566464.00
18/01/2017 2.23 2.23 2.23 2.23 6 800.00 252499989.00
20/01/2017 2.22 2.22 2.22 2.22 3 600.00 188284792.00
23/01/2017 2.24 2.24 2.24 2.24 2 200.00 62441455.00
24/01/2017 2.16 2.16 2.16 2.16 3 300.00 93137756.00
26/01/2017 2.13 2.13 2.13 2.13 4 400.00 124686827.00
27/01/2017 2.13 2.13 2.13 2.13 3 600.00 186767661.00
31/01/2017 2.30 2.30 2.30 2.30 5 1000.00 308770583.00
01/02/2017 2.30 2.30 2.30 2.30 3 30.00 9329479.00
02/02/2017 2.22 2.22 2.22 2.22 4 700.00 215820267.00
03/02/2017 2.16 2.16 2.16 2.16 6 600.00 184400051.00
06/02/2017 2.12 2.12 2.12 2.12 8 4000.00 1229884579.00
07/02/2017 2.12 2.12 2.12 2.12 4 1200.00 368804039.00
08/02/2017 2.08 2.08 2.08 2.08 4 140.00 43198184.00
09/02/2017 2.12 2.12 2.12 2.12 3 400.00 123217460.00
10/02/2017 2.13 2.13 2.13 2.13 9 1600.00 490812781.00
13/02/2017 2.13 2.13 2.13 2.13 2 2410.00 739099311.00
14/02/2017 2.10 2.10 2.10 2.10 2 140.00 42856451.00
16/02/2017 2.12 2.09 2.12 2.09 4 400.00 121518216.00
17/02/2017 2.07 2.07 2.07 2.07 1 100.00 30329415.00
20/02/2017 2.07 2.07 2.07 2.07 1 40.00 12118784.00
21/02/2017 2.10 2.10 2.10 2.10 2 270.00 82254470.00
22/02/2017 2.04 2.04 2.04 2.04 3 300.00 91489442.00
24/02/2017 2.10 2.10 2.10 2.10 1 100.00 30456227.00
01/03/2017 2.10 2.10 2.16 2.16 6 820.00 250180263.00
03/03/2017 2.15 2.15 2.15 2.15 2 1180.00 362371370.00
06/03/2017 2.14 2.14 2.14 2.14 2 200.00 61774506.00
07/03/2017 2.10 2.10 2.10 2.10 3 600.00 184317999.00
08/03/2017 2.12 2.12 2.12 2.12 4 400.00 123964675.00
09/03/2017 2.12 2.12 2.12 2.12 1 10.00 3144021.00
14/03/2017 2.10 2.07 2.10 2.07 8 2420.00 756418505.00
15/03/2017 2.02 2.02 2.08 2.08 25 3690.00 1143571730.00
16/03/2017 2.11 2.10 2.12 2.10 32 9850.00 3050480422.00
17/03/2017 2.10 2.10 2.10 2.10 4 700.00 214552758.00
20/03/2017 2.08 2.08 2.08 2.08 2 200.00 61086501.00
21/03/2017 2.05 2.05 2.05 2.05 6 1300.00 396402468.00
22/03/2017 2.05 1.98 2.05 1.98 11 3000.00 913829152.00
23/03/2017 2.00 2.00 2.00 2.00 2 5000.00 1536266289.00
24/03/2017 1.97 1.95 1.97 1.95 5 4300.00 1324188167.00
27/03/2017 1.99 1.99 1.99 1.99 5 2200.00 680752385.00
28/03/2017 1.99 1.99 2.06 2.06 4 1540.00 476271665.00
29/03/2017 2.06 2.06 2.06 2.06 2 400.00 123446274.00
30/03/2017 1.94 1.94 1.94 1.94 11 2600.00 803824433.00
03/04/2017 1.90 1.85 1.90 1.85 7 2880.00 894476213.00
04/04/2017 1.87 1.87 1.87 1.87 9 4100.00 1260099418.00
05/04/2017 1.88 1.88 1.88 1.88 1 600.00 184340310.00
07/04/2017 2.04 2.04 2.04 2.04 4 1500.00 464649660.00
11/04/2017 2.10 2.10 2.10 2.10 9 1400.00 434164926.00
13/04/2017 2.04 2.04 2.04 2.04 6 3200.00 995045379.00
17/04/2017 1.92 1.92 1.92 1.92 6 1000.00 308090019.00
18/04/2017 1.92 1.92 1.97 1.97 4 2200.00 676445367.00
19/04/2017 1.97 1.97 1.98 1.98 3 4220.00 1301505869.00
20/04/2017 1.98 1.97 1.98 1.98 7 1800.00 559625561.00
24/04/2017 1.91 1.91 1.91 1.91 3 300.00 93164263.00
25/04/2017 1.98 1.88 1.98 1.88 9 3200.00 994268498.00
26/04/2017 1.90 1.75 1.90 1.78 16 9840.00 3089832649.00
27/04/2017 1.86 1.86 1.86 1.86 3 500.00 157508663.00
28/04/2017 1.90 1.90 1.90 1.90 3 300.00 94272199.00
02/05/2017 1.90 1.89 1.90 1.89 10 2150.00 675938391.00
03/05/2017 1.90 1.90 1.92 1.92 4 1000.00 312905954.00
04/05/2017 1.93 1.91 1.93 1.91 10 3150.00 988378761.00
05/05/2017 1.87 1.87 1.87 1.87 6 1400.00 440501786.00
08/05/2017 1.85 1.85 1.85 1.85 9 2000.00 631246487.00
09/05/2017 1.83 1.79 1.83 1.79 10 1710.00 540167037.00
10/05/2017 1.82 1.82 1.82 1.82 4 1200.00 377297700.00
11/05/2017 1.82 1.82 1.82 1.82 9 2370.00 740914308.00
12/05/2017 1.80 1.80 1.81 1.81 17 16640.00 5178225627.00
15/05/2017 1.81 1.81 1.87 1.87 6 1120.00 345798652.00
16/05/2017 1.84 1.84 1.85 1.85 3 510.00 156669328.00
17/05/2017 1.91 1.91 1.92 1.92 15 3780.00 1164621670.00
18/05/2017 2.45 2.45 2.45 2.45 2 140.00 44665973.00
19/05/2017 2.10 2.10 2.10 2.10 9 2500.00 822129533.00
22/05/2017 2.17 2.17 2.22 2.22 9 3200.00 1040575848.00
23/05/2017 2.18 2.09 2.18 2.10 11 6070.00 1969510778.00
24/05/2017 2.02 1.97 2.02 1.99 11 9300.00 3010846583.00
25/05/2017 2.04 1.94 2.04 1.94 7 3600.00 1168540044.00
26/05/2017 1.90 1.80 1.90 1.80 12 4500.00 1459138134.00
29/05/2017 1.79 1.77 1.79 1.77 10 1600.00 518067385.00
30/05/2017 1.99 1.99 1.99 1.99 4 500.00 161829298.00
31/05/2017 1.99 1.99 2.07 2.05 11 4210.00 1357585343.00
01/06/2017 2.07 2.07 2.14 2.14 11 3770.00 1213617223.00
02/06/2017 2.20 2.20 2.20 2.20 5 1500.00 482028484.00
05/06/2017 2.20 2.20 2.23 2.23 4 310.00 100240008.00
06/06/2017 2.22 2.20 2.22 2.20 11 13600.00 4419789105.00
07/06/2017 2.20 2.20 2.20 2.20 8 10110.00 3286403026.00
08/06/2017 2.24 2.24 2.24 2.24 9 4900.00 1589048538.00
09/06/2017 2.26 2.26 2.26 2.26 1 100.00 32518224.00
12/06/2017 2.25 2.25 2.25 2.25 8 2580.00 842609015.00
13/06/2017 2.25 2.22 2.25 2.22 7 1510.00 494628363.00
14/06/2017 2.25 2.25 2.25 2.25 5 500.00 163464584.00
16/06/2017 2.31 2.31 2.31 2.31 1 100.00 32523875.00
