20/06/2016 25.20 23.25 25.20 25.20 6 133.43 3270.00
21/06/2016 25.20 25.20 25.20 25.20 1 57.18 1440.00
22/06/2016 24.15 24.15 25.65 25.65 4 85.77 2144.00
28/06/2016 25.65 25.65 26.10 26.10 4 142.96 3679.00
30/06/2016 24.15 24.15 26.10 26.10 5 104.84 2661.00
04/07/2016 26.10 26.10 26.10 26.10 1 47.65 1245.00
05/07/2016 26.10 26.10 26.10 26.10 3 47.65 1245.00
07/07/2016 26.55 26.55 26.70 26.70 4 324.04 8627.00
08/07/2016 28.35 24.30 28.35 25.20 6 142.96 3666.00
11/07/2016 25.65 25.65 25.65 25.65 4 66.71 1715.00
12/07/2016 25.20 24.45 26.70 24.45 16 495.59 12497.00
13/07/2016 25.65 24.45 25.65 25.35 9 371.69 9368.00
14/07/2016 25.35 25.35 25.65 25.65 6 142.96 3638.00
15/07/2016 25.65 25.05 25.65 25.05 8 800.56 20270.00
18/07/2016 24.60 24.60 24.90 24.90 6 171.55 4255.00
19/07/2016 26.25 25.20 26.25 25.20 8 238.26 6072.00
20/07/2016 25.20 25.05 26.70 26.70 5 95.31 2474.00
21/07/2016 25.35 25.35 28.20 26.40 12 562.30 15156.00
22/07/2016 27.00 27.00 27.45 27.45 3 57.18 1550.00
25/07/2016 27.45 27.45 27.75 27.75 4 152.49 4230.00
26/07/2016 28.35 26.85 29.85 28.80 53 2906.81 83360.00
27/07/2016 27.60 27.60 34.80 34.65 107 18289.07 620553.00
28/07/2016 35.10 31.50 35.70 31.50 158 18546.39 633792.00
29/07/2016 31.50 29.40 31.50 29.70 56 8062.82 238552.00
01/08/2016 29.85 29.85 31.20 29.85 64 6957.28 209812.00
02/08/2016 30.45 29.40 31.35 29.85 63 2925.87 88606.00
03/08/2016 28.80 28.50 29.40 28.80 46 2706.67 78215.00
04/08/2016 29.40 29.25 32.70 30.00 117 6070.94 187974.00
05/08/2016 31.05 31.05 43.35 36.75 416 41400.58 1550398.00
08/08/2016 44.10 39.45 44.10 42.60 337 29849.59 1247845.00
09/08/2016 44.25 40.20 47.10 41.25 397 27284.14 1162006.00
10/08/2016 42.00 41.55 47.25 44.25 681 74759.74 3253633.00
11/08/2016 44.85 40.50 47.10 44.10 359 40162.95 1791759.00
12/08/2016 45.00 42.90 45.75 44.25 161 28717.34 1290088.00
15/08/2016 45.15 42.15 46.05 45.00 134 31150.45 1406224.00
16/08/2016 45.00 43.20 47.70 45.00 195 20504.77 923505.00
17/08/2016 46.35 43.65 48.00 45.75 221 39896.30 1823104.00
18/08/2016 47.10 44.25 47.85 44.25 155 8319.23 381204.00
19/08/2016 45.00 43.20 45.75 43.20 74 5919.45 264807.00
22/08/2016 43.65 42.90 45.75 43.65 61 5479.49 241486.00
23/08/2016 44.70 41.25 44.70 42.75 161 14398.67 604188.00
24/08/2016 41.85 41.40 43.50 42.60 82 5379.50 226233.00
25/08/2016 42.75 41.70 43.35 42.45 58 4152.95 176057.00
26/08/2016 41.55 40.65 41.85 41.25 23 1113.23 46194.00
29/08/2016 41.70 39.15 41.70 39.60 42 2619.76 106003.00
30/08/2016 40.35 37.50 40.50 38.40 103 5759.47 222294.00
31/08/2016 37.50 37.50 39.30 38.85 38 2079.81 80215.00
01/09/2016 39.90 37.95 40.05 38.25 49 3912.97 151312.00
02/09/2016 38.70 37.50 38.70 37.95 43 2486.44 94593.00
05/09/2016 38.40 37.50 40.05 39.60 203 5332.84 207266.00
06/09/2016 39.00 38.40 40.05 38.55 68 4032.96 158013.00
08/09/2016 38.70 37.65 40.20 40.20 79 6646.05 260926.00
09/09/2016 40.80 39.15 41.25 39.15 14 286.64 11539.00
12/09/2016 38.85 37.80 40.05 39.00 21 2573.09 100362.00
13/09/2016 38.25 36.60 38.25 36.60 23 813.26 30332.00
14/09/2016 36.90 36.75 39.00 39.00 35 4346.26 163939.00
15/09/2016 39.00 37.95 40.20 40.05 43 2899.73 114141.00
19/09/2016 38.10 37.50 40.20 39.15 89 3859.64 151031.00
20/09/2016 38.40 38.25 39.45 39.15 29 1346.54 52098.00
21/09/2016 39.00 38.55 40.20 40.20 20 899.92 35602.00
22/09/2016 39.60 39.45 42.00 41.70 42 1986.48 80867.00
23/09/2016 41.85 40.95 42.75 42.75 84 2926.40 122570.00
26/09/2016 42.00 40.95 42.75 40.95 9 386.63 16328.00
27/09/2016 42.45 40.95 42.45 41.25 17 413.30 16994.00
28/09/2016 41.70 39.75 42.00 41.10 16 199.98 8197.00
29/09/2016 40.65 40.35 41.85 41.10 6 166.65 6931.00
30/09/2016 41.25 40.05 42.60 42.30 32 1446.53 60360.00
03/10/2016 42.60 40.95 42.60 41.85 18 1213.22 50922.00
04/10/2016 39.75 39.75 39.75 39.75 1 6.67 265.00
05/10/2016 41.85 38.55 41.85 40.50 274 34716.78 1379032.00
06/10/2016 40.20 39.30 40.50 39.30 28 1033.24 41043.00
07/10/2016 39.30 39.00 39.75 39.75 9 173.32 6794.00
10/10/2016 39.75 39.15 40.20 39.15 18 593.28 23445.00
13/10/2016 38.25 37.65 39.60 39.00 59 4586.24 175950.00
14/10/2016 38.10 38.10 38.55 38.25 5 213.31 8195.00
17/10/2016 38.25 37.50 39.00 39.00 34 2273.12 88006.00
18/10/2016 39.15 38.55 39.45 38.55 43 1913.16 74558.00
19/10/2016 39.30 38.25 39.30 38.25 5 506.62 19594.00
20/10/2016 39.00 37.95 39.15 38.25 22 946.58 36413.00
21/10/2016 38.25 37.65 38.40 38.10 12 3886.31 149023.00
24/10/2016 38.25 37.05 39.00 38.25 67 6239.42 234670.00
25/10/2016 37.50 36.45 38.25 37.05 104 11272.29 416542.00
26/10/2016 36.90 35.25 37.20 35.25 45 3812.98 137999.00
27/10/2016 35.25 35.25 36.60 36.60 19 1513.19 53939.00
28/10/2016 36.75 36.00 37.95 36.00 72 8559.21 312702.00
31/10/2016 36.00 34.05 37.35 34.20 37 3672.99 128017.00
01/11/2016 35.40 29.85 35.40 32.40 171 11692.25 371030.00
03/11/2016 32.25 31.50 33.30 31.65 26 1326.54 42533.00
04/11/2016 33.45 32.70 33.60 32.70 23 699.94 23278.00
07/11/2016 33.00 32.70 34.95 34.80 40 2993.06 100445.00
08/11/2016 35.10 31.50 35.10 32.25 98 8932.51 290013.00
09/11/2016 32.25 30.90 32.70 32.70 7 73.33 2375.00
10/11/2016 32.25 31.50 32.40 31.50 17 846.59 27222.00
11/11/2016 30.90 27.45 30.90 27.45 139 12265.53 352021.00
14/11/2016 27.45 24.75 27.60 25.50 102 9605.78 246638.00
16/11/2016 26.25 24.90 26.25 25.35 28 1673.18 42816.00
17/11/2016 25.50 22.80 25.50 22.80 82 5206.18 125504.00
18/11/2016 23.25 21.60 25.50 24.90 152 22884.55 518894.00
21/11/2016 24.90 24.00 25.35 24.00 40 12118.88 297069.00
22/11/2016 24.15 23.85 24.45 24.45 51 2186.46 52746.00
23/11/2016 24.75 24.00 27.30 26.85 58 4919.54 127623.00
24/11/2016 27.15 25.65 27.45 26.25 38 1919.82 50905.00
25/11/2016 25.80 24.75 26.10 24.75 12 566.61 14300.00
28/11/2016 24.90 24.90 25.50 25.05 13 1173.22 29575.00
29/11/2016 25.50 25.50 25.50 25.50 1 66.66 1700.00
30/11/2016 25.65 25.50 26.10 25.50 95 1759.84 44975.00
01/12/2016 25.35 24.00 25.35 24.00 26 3339.69 83152.00
02/12/2016 24.15 23.25 24.45 23.70 32 3659.66 87527.00
05/12/2016 24.45 24.30 25.35 24.60 9 886.58 21783.00
06/12/2016 25.50 25.05 25.95 25.65 23 1219.89 31312.00
07/12/2016 26.25 25.50 26.25 25.50 15 346.63 8980.00
08/12/2016 25.50 24.90 26.10 24.90 13 459.96 11666.00
09/12/2016 25.50 25.50 25.80 25.80 9 306.64 7860.00
12/12/2016 25.50 24.75 25.95 24.75 16 299.97 7659.00
13/12/2016 25.35 24.75 25.35 24.75 12 1819.83 45229.00
14/12/2016 24.90 24.60 24.90 24.60 7 926.58 22805.00
15/12/2016 24.60 24.45 25.80 25.80 14 1479.86 36786.00
16/12/2016 26.10 24.90 26.25 25.05 17 3739.65 93342.00
19/12/2016 24.75 24.75 25.80 25.50 12 393.30 10013.00
20/12/2016 25.95 25.20 25.95 25.80 6 226.65 5807.00
21/12/2016 25.20 25.20 26.10 26.10 17 406.63 10473.00
22/12/2016 25.95 25.35 26.70 26.70 10 813.26 21277.00
23/12/2016 26.55 25.80 26.55 25.80 19 1359.87 35434.00
26/12/2016 25.50 25.50 25.95 25.50 9 526.62 13433.00
27/12/2016 25.80 25.65 26.25 25.65 14 1573.19 41165.00
28/12/2016 25.50 25.50 26.10 26.10 4 106.66 2756.00
29/12/2016 26.55 25.80 26.55 25.80 11 586.61 15431.00
02/01/2017 25.80 25.80 26.25 26.25 6 346.63 9083.00
03/01/2017 26.25 26.25 29.25 29.10 38 4099.62 112717.00
04/01/2017 28.95 28.05 29.25 29.25 32 1399.87 40153.00
05/01/2017 29.40 28.65 29.85 29.85 13 1019.91 29794.00
06/01/2017 29.70 28.95 29.70 28.95 8 793.26 22985.00
09/01/2017 28.95 28.50 29.70 29.70 7 339.97 9878.00
10/01/2017 29.70 28.95 29.70 29.55 11 506.62 14771.00
11/01/2017 29.25 27.90 29.40 28.50 18 2026.48 57369.00
12/01/2017 29.25 28.50 29.85 29.85 40 2833.07 81652.00
13/01/2017 29.85 29.85 30.90 30.00 20 486.62 14696.00
16/01/2017 30.75 30.00 31.35 31.35 49 1386.54 42501.00
17/01/2017 31.35 30.60 35.70 33.00 161 9379.13 313395.00
18/01/2017 34.35 33.00 36.00 34.50 94 6939.36 238648.00
19/01/2017 35.40 33.45 35.40 33.60 44 4239.61 146665.00
20/01/2017 33.60 33.60 35.40 35.25 22 1146.56 39984.00
23/01/2017 35.25 34.20 35.40 34.95 15 399.96 13838.00
24/01/2017 34.35 34.20 34.80 34.35 6 226.65 7806.00
26/01/2017 34.35 34.05 34.50 34.50 19 913.25 31373.00
27/01/2017 35.25 33.45 35.25 34.35 13 419.96 14611.00
30/01/2017 33.75 33.00 33.90 33.90 17 1173.22 39247.00
31/01/2017 34.50 34.35 34.50 34.35 3 146.65 5039.00
01/02/2017 33.45 33.45 34.20 33.90 13 379.96 12778.00
02/02/2017 33.90 33.90 34.95 33.90 11 219.98 7470.00
03/02/2017 33.90 33.90 35.10 34.50 4 466.62 15864.00
06/02/2017 34.50 34.35 34.80 34.50 7 259.98 8992.00
07/02/2017 34.50 32.25 34.50 34.50 21 753.26 25202.00
08/02/2017 33.00 32.85 33.45 33.15 14 433.29 14324.00
09/02/2017 32.55 32.55 34.20 33.00 11 359.97 11964.00
10/02/2017 33.00 32.25 34.05 33.60 48 16025.18 527276.00
13/02/2017 34.35 34.35 37.05 35.25 57 21571.33 774082.00
14/02/2017 36.60 36.60 38.10 36.60 90 7339.32 271608.00
15/02/2017 37.35 36.00 38.25 36.00 35 1173.22 43702.00
16/02/2017 36.00 35.70 36.75 35.70 16 433.29 15581.00
17/02/2017 35.70 34.95 38.40 37.20 24 1613.18 59947.00
20/02/2017 37.50 37.35 38.25 37.65 38 7612.63 286800.00
21/02/2017 38.25 37.20 39.00 37.50 55 15758.54 595965.00
22/02/2017 37.05 36.00 37.05 36.00 18 506.62 18405.00
23/02/2017 36.00 33.45 37.80 37.80 35 1853.16 65426.00
24/02/2017 37.35 34.65 37.35 34.95 24 633.27 22443.00
01/03/2017 36.30 36.30 36.30 36.30 1 6.67 242.00
02/03/2017 36.60 34.80 36.60 36.60 20 859.92 30857.00
03/03/2017 36.00 35.40 36.00 36.00 7 86.66 3113.00
06/03/2017 36.15 36.00 36.45 36.45 13 406.63 14657.00
07/03/2017 36.15 36.00 36.60 36.00 7 146.65 5301.00
08/03/2017 35.55 34.50 35.55 34.50 20 1086.57 37754.00
09/03/2017 34.65 34.50 34.65 34.50 4 146.65 5066.00
10/03/2017 34.50 33.00 34.50 33.00 15 1139.89 37927.00
13/03/2017 33.15 33.15 33.75 33.30 12 226.65 7578.00
14/03/2017 33.45 31.65 33.45 31.80 50 2746.41 88756.00
15/03/2017 31.65 30.30 31.65 30.60 38 2593.09 80742.00
16/03/2017 30.90 30.90 31.80 31.50 24 566.61 17781.00
17/03/2017 33.60 31.05 33.60 31.20 45 893.25 27916.00
20/03/2017 30.90 30.90 31.80 31.80 57 433.29 13510.00
21/03/2017 31.80 30.75 31.80 31.50 40 413.30 12903.00
23/03/2017 30.75 30.75 33.00 31.05 29 2039.81 64357.00
24/03/2017 32.70 32.70 32.70 32.70 3 73.33 2398.00
27/03/2017 31.65 31.65 32.40 31.95 5 53.33 1703.00
28/03/2017 32.25 32.25 32.25 32.25 1 666.60 21500.00
29/03/2017 31.65 31.65 32.25 32.25 6 179.98 5755.00
30/03/2017 31.65 31.50 31.65 31.50 3 266.64 8420.00
31/03/2017 31.65 31.50 31.65 31.50 6 326.64 10308.00
03/04/2017 31.65 31.20 31.65 31.20 16 2519.77 79371.00
04/04/2017 31.50 31.20 31.95 31.95 63 3179.71 100354.00
05/04/2017 32.10 31.50 32.40 32.40 10 1573.19 50110.00
06/04/2017 32.40 32.25 32.40 32.25 21 659.94 21351.00
07/04/2017 32.25 32.25 32.55 32.25 48 7732.62 249719.00
10/04/2017 32.25 32.25 32.25 32.25 1 33.33 1075.00
11/04/2017 32.55 30.00 32.55 30.00 8 233.31 7450.00
12/04/2017 31.50 31.50 31.50 31.50 1 6.67 210.00
13/04/2017 32.70 30.45 32.70 30.45 7 419.96 12846.00
17/04/2017 31.50 30.75 31.95 31.50 19 2499.77 78718.00
18/04/2017 31.50 30.00 31.50 30.30 20 2459.77 74219.00
19/04/2017 31.20 30.75 31.50 30.75 20 1833.16 57080.00
20/04/2017 31.35 30.75 31.50 30.75 15 1793.17 56125.00
24/04/2017 31.50 30.90 31.50 31.20 5 1459.86 45755.00
25/04/2017 31.50 31.50 31.65 31.65 2 219.98 6933.00
26/04/2017 31.80 31.80 31.80 31.80 1 66.66 2120.00
27/04/2017 30.75 30.75 30.90 30.75 11 659.94 20315.00
28/04/2017 30.45 30.45 30.75 30.75 4 666.60 20380.00
02/05/2017 31.50 30.75 31.50 31.35 117 15198.59 477907.00
03/05/2017 32.10 31.35 32.10 31.35 6 513.29 16150.00
04/05/2017 31.50 31.50 31.50 31.50 1 20.00 630.00
05/05/2017 31.95 31.20 32.25 31.50 13 1193.22 37665.00
08/05/2017 31.50 31.50 31.50 31.50 2 866.59 27300.00
09/05/2017 32.10 31.05 33.00 32.25 34 3819.65 122594.00
10/05/2017 32.85 32.55 33.00 32.55 3 46.66 1524.00
11/05/2017 33.00 31.35 33.00 31.35 54 766.60 24661.00
12/05/2017 31.35 31.35 31.65 31.35 11 379.96 11926.00
15/05/2017 31.95 31.95 32.85 32.40 6 206.65 6699.00
16/05/2017 32.85 32.40 38.85 37.35 185 13238.77 484432.00
17/05/2017 36.60 36.00 37.35 37.35 32 2573.09 95383.00
18/05/2017 34.50 33.00 34.80 34.80 28 1839.83 61182.00
19/05/2017 33.25 30.50 37.00 36.70 28 4800.00 161661.00
23/05/2017 36.71 36.71 36.71 36.71 1 200.00 7342.00
25/05/2017 36.71 36.71 36.71 36.71 1 100.00 3671.00
30/05/2017 34.50 34.50 35.60 35.00 5 700.00 24560.00
31/05/2017 35.00 34.00 35.00 34.00 3 400.00 13800.00
01/06/2017 34.00 33.01 34.00 33.01 8 1300.00 43159.00
02/06/2017 33.01 32.50 33.01 33.00 8 1000.00 32956.00
05/06/2017 32.14 30.95 32.14 30.95 11 3700.00 117724.00
06/06/2017 30.00 30.00 31.00 30.75 15 5300.00 159391.00
08/06/2017 31.00 31.00 31.00 31.00 1 100.00 3100.00
09/06/2017 31.50 31.50 31.50 31.50 1 200.00 6300.00
12/06/2017 31.39 31.00 31.40 31.00 5 600.00 18799.00
13/06/2017 31.00 31.00 31.00 31.00 1 300.00 9300.00
14/06/2017 30.13 30.11 31.00 30.11 5 800.00 24185.00
