01/06/2016 31.90 30.00 36.00 30.00 84 8345.00 1520731100.00
02/06/2016 31.40 31.40 33.50 31.70 95 10230.00 1855565350.00
03/06/2016 30.30 30.20 30.50 30.20 144 12655.00 2259716300.00
06/06/2016 28.20 28.10 28.40 28.40 78 10415.00 1842411250.00
07/06/2016 25.80 25.50 26.00 25.50 76 9255.00 1619796075.00
08/06/2016 23.00 22.50 24.00 23.90 106 14555.00 2483467475.00
09/06/2016 21.20 21.00 22.00 22.00 103 14735.00 2507129400.00
10/06/2016 20.10 19.90 22.00 21.00 118 19585.00 3374635775.00
13/06/2016 18.60 18.50 18.70 18.60 116 14825.00 2573530200.00
14/06/2016 16.40 16.40 16.90 16.40 115 20295.00 3552116750.00
15/06/2016 14.80 14.60 15.00 14.60 101 12295.00 2146513475.00
16/06/2016 13.00 12.60 15.00 15.00 137 18785.00 3290544125.00
17/06/2016 12.00 11.70 12.30 11.90 115 21610.00 3726771500.00
20/06/2016 10.30 10.10 10.60 10.50 106 17420.00 2955994025.00
21/06/2016 8.80 8.70 9.10 8.70 86 16355.00 2779171600.00
22/06/2016 7.20 7.20 9.00 9.00 116 16115.00 2735975125.00
23/06/2016 7.60 6.00 7.70 6.00 113 10410.00 1749271500.00
24/06/2016 7.30 6.60 7.30 6.60 99 10430.00 1764835650.00
27/06/2016 5.10 3.00 5.30 3.00 97 16675.00 2833459300.00
28/06/2016 3.20 3.70 6.50 3.70 109 27445.00 4569595675.00
29/06/2016 24.90 22.90 26.60 26.60 390 35650.00 5824326500.00
30/06/2016 24.90 22.00 26.00 23.00 259 40550.00 6559208250.00
01/07/2016 25.10 25.00 27.50 27.50 114 14900.00 2425023850.00
04/07/2016 27.20 26.00 27.50 26.00 62 7765.00 1271377600.00
05/07/2016 25.30 25.10 27.00 27.00 97 8215.00 1361925300.00
06/07/2016 23.50 23.50 24.00 23.50 128 16665.00 2789557150.00
07/07/2016 22.50 21.00 22.80 21.00 93 11050.00 1857198325.00
08/07/2016 22.10 19.50 24.60 24.00 149 26380.00 4377717300.00
11/07/2016 20.40 18.00 20.50 18.00 120 14940.00 2482566450.00
12/07/2016 18.80 18.00 19.40 18.50 114 28220.00 4647880525.00
13/07/2016 17.30 17.00 17.80 17.00 121 30915.00 5111787925.00
14/07/2016 15.90 15.80 16.10 16.00 194 29485.00 4786915850.00
15/07/2016 14.20 13.20 16.00 13.20 110 14575.00 2390190350.00
18/07/2016 13.10 12.80 13.20 13.20 83 9910.00 1623484925.00
19/07/2016 11.60 11.40 11.80 11.80 94 14160.00 2330517125.00
20/07/2016 10.50 9.80 10.80 9.80 127 22435.00 3658783575.00
21/07/2016 9.10 8.50 10.60 8.50 137 26275.00 4292800100.00
22/07/2016 7.40 6.50 7.50 7.20 121 13075.00 2152575125.00
25/07/2016 5.70 5.30 6.20 6.20 175 23565.00 3873620200.00
26/07/2016 4.30 4.20 5.00 5.00 92 15705.00 2578254525.00
27/07/2016 2.50 2.30 2.80 2.30 109 20745.00 3406954425.00
28/07/2016 34.60 34.60 35.20 35.20 114 10770.00 1781856350.00
29/07/2016 34.10 32.80 35.00 34.90 238 58020.00 9495648125.00
01/08/2016 33.20 32.80 33.30 33.30 72 7460.00 1230646625.00
02/08/2016 31.80 31.00 34.00 34.00 114 20130.00 3302141750.00
03/08/2016 30.60 30.00 31.10 30.30 90 15830.00 2615193950.00
04/08/2016 29.30 27.50 30.00 27.50 107 17600.00 2857881650.00
05/08/2016 27.10 26.80 27.20 27.10 95 7160.00 1150238800.00
08/08/2016 24.60 24.50 27.00 27.00 77 15925.00 2549443200.00
09/08/2016 22.70 22.20 22.70 22.20 72 8485.00 1346122100.00
10/08/2016 21.30 20.70 21.30 20.70 98 15985.00 2518696525.00
11/08/2016 19.80 19.50 20.10 20.00 121 14750.00 2327650900.00
12/08/2016 18.10 18.00 18.50 18.10 165 26415.00 4197893200.00
15/08/2016 17.00 16.70 17.10 16.90 111 13385.00 2131015025.00
16/08/2016 15.30 15.10 18.00 18.00 87 11865.00 1892617925.00
17/08/2016 13.90 13.80 14.00 13.80 94 14115.00 2285704300.00
18/08/2016 13.10 12.90 16.00 16.00 132 22095.00 3573509250.00
19/08/2016 11.90 11.60 15.00 11.70 108 14540.00 2354526425.00
22/08/2016 10.40 10.10 13.00 13.00 102 13930.00 2247375375.00
23/08/2016 8.90 8.70 9.20 8.70 138 25385.00 4079925450.00
24/08/2016 6.90 3.00 7.00 3.00 119 17390.00 2820685250.00
25/08/2016 5.10 4.90 7.00 4.90 92 9915.00 1604766100.00
26/08/2016 3.70 4.00 4.50 3.00 109 10135.00 1631039900.00
29/08/2016 2.60 2.30 2.70 2.30 129 17095.00 2789676275.00
30/08/2016 31.50 30.80 35.60 30.80 87 8420.00 1382487875.00
31/08/2016 31.20 27.50 31.30 27.50 216 42140.00 6892616125.00
01/09/2016 27.20 27.00 29.00 29.00 118 15675.00 2566341450.00
02/09/2016 25.80 25.30 26.50 25.30 95 11360.00 1856764325.00
05/09/2016 24.90 24.90 25.20 25.20 73 7580.00 1249617725.00
06/09/2016 23.60 23.60 23.90 23.80 121 22310.00 3646478075.00
08/09/2016 22.40 22.20 22.50 22.50 115 20455.00 3288946150.00
09/09/2016 20.00 19.50 20.20 19.90 91 15245.00 2503066800.00
12/09/2016 18.80 18.80 20.80 20.80 69 12805.00 2115562225.00
13/09/2016 17.40 17.40 18.00 17.60 89 13730.00 2275542275.00
14/09/2016 16.20 16.00 20.50 20.00 140 18290.00 3056822250.00
15/09/2016 15.80 14.70 16.00 14.70 121 25345.00 4243238675.00
16/09/2016 14.40 11.00 17.00 16.00 93 13360.00 2214311175.00
19/09/2016 13.10 12.50 13.30 12.50 131 23530.00 3854931475.00
20/09/2016 10.30 9.00 11.00 11.00 101 16550.00 2701229350.00
21/09/2016 8.10 5.00 8.50 5.00 98 10385.00 1687070075.00
22/09/2016 7.50 7.10 7.70 7.10 81 15975.00 2563155875.00
23/09/2016 5.80 5.60 7.50 7.50 108 14050.00 2269064000.00
26/09/2016 4.20 4.00 4.30 4.10 111 18905.00 3066529500.00
27/09/2016 2.40 2.00 2.50 2.10 99 16695.00 2702998125.00
28/09/2016 0.20 0.20 2.30 2.30 134 19745.00 3206386125.00
29/09/2016 27.00 25.00 27.60 25.00 181 23275.00 3783154225.00
30/09/2016 27.80 26.50 30.00 30.00 277 62200.00 10181427775.00
03/10/2016 25.60 25.40 26.00 25.50 96 14560.00 2372853575.00
04/10/2016 24.40 23.20 24.60 23.20 75 9655.00 1566416975.00
05/10/2016 23.70 23.50 24.40 23.50 106 18130.00 2955044825.00
06/10/2016 21.20 20.70 23.00 21.00 130 27925.00 4540965000.00
07/10/2016 19.60 19.20 19.90 19.20 89 13675.00 2210487200.00
10/10/2016 19.00 18.50 19.30 18.50 67 6715.00 1085015050.00
11/10/2016 17.30 16.90 18.50 18.50 114 37225.00 6013419300.00
13/10/2016 16.00 16.00 17.00 17.00 99 14005.00 2258140325.00
14/10/2016 14.30 14.10 15.20 14.50 186 32325.00 5173297750.00
17/10/2016 12.50 12.40 14.00 14.00 127 16070.00 2578341775.00
18/10/2016 10.60 9.00 10.80 9.00 75 13055.00 2087547700.00
19/10/2016 9.10 8.90 9.50 9.40 97 15670.00 2498726725.00
20/10/2016 8.80 8.00 9.30 8.00 148 22875.00 3625127075.00
21/10/2016 7.90 7.70 9.50 9.50 103 12105.00 1916995225.00
24/10/2016 6.30 5.00 6.50 6.40 168 38815.00 6088975675.00
25/10/2016 4.90 4.80 10.60 10.60 127 23980.00 3746252975.00
26/10/2016 4.00 3.90 6.00 5.00 175 25040.00 3913778200.00
27/10/2016 2.60 2.50 5.00 4.00 124 25780.00 4054712250.00
28/10/2016 28.60 28.50 29.00 28.50 112 21410.00 3436554400.00
31/10/2016 28.10 26.60 28.70 28.70 236 36135.00 5798343800.00
01/11/2016 27.60 27.10 29.00 29.00 97 12315.00 1990647400.00
03/11/2016 26.60 25.50 27.00 25.50 93 13750.00 2239512925.00
04/11/2016 24.90 24.80 27.50 27.50 119 19605.00 3205354575.00
07/11/2016 23.60 23.50 24.00 23.60 81 12790.00 2063010575.00
08/11/2016 21.70 20.50 21.70 20.50 99 19675.00 3171646525.00
09/11/2016 19.30 13.10 19.40 13.10 129 14375.00 2332357125.00
10/11/2016 17.80 17.50 18.00 18.00 125 21830.00 3632735775.00
11/11/2016 19.50 18.70 19.80 18.70 104 13895.00 2401731975.00
14/11/2016 17.70 17.30 19.50 17.90 126 16440.00 2846252925.00
16/11/2016 16.70 15.50 16.70 15.50 93 14795.00 2540895425.00
17/11/2016 14.80 14.60 16.00 14.60 116 18125.00 3099528750.00
18/11/2016 12.90 12.70 13.10 12.70 105 16870.00 2871738000.00
21/11/2016 11.20 10.50 11.40 10.50 95 17285.00 2906365850.00
22/11/2016 8.00 7.80 8.20 8.20 91 18725.00 3141609325.00
23/11/2016 6.20 6.20 6.40 6.20 80 12980.00 2205974075.00
24/11/2016 6.30 6.20 8.50 8.50 126 14870.00 2531616450.00
25/11/2016 4.60 4.30 5.10 4.50 193 36215.00 6215212700.00
28/11/2016 3.00 3.00 3.50 3.00 110 18670.00 3176432875.00
29/11/2016 34.70 34.40 35.00 34.40 123 17120.00 2945304650.00
30/11/2016 32.60 31.10 32.90 32.30 251 64400.00 11041837750.00
01/12/2016 29.90 28.20 29.90 28.20 95 13035.00 2258914825.00
02/12/2016 29.60 28.20 29.90 28.20 93 15480.00 2704843050.00
05/12/2016 28.70 28.60 29.00 28.80 91 23590.00 4114777150.00
06/12/2016 27.10 26.70 27.10 26.70 137 20640.00 3573231350.00
07/12/2016 24.90 24.90 25.20 25.10 122 18495.00 3157560425.00
08/12/2016 22.50 21.50 22.70 21.50 98 12690.00 2172087300.00
09/12/2016 19.80 19.50 21.00 21.00 113 19135.00 3258321600.00
12/12/2016 18.80 17.20 20.00 17.20 109 19260.00 3263088025.00
13/12/2016 17.90 17.70 18.30 17.70 169 35360.00 5926364925.00
14/12/2016 16.20 14.80 17.00 14.80 168 33690.00 5603382525.00
15/12/2016 14.70 14.60 16.10 16.10 111 21650.00 3677998075.00
16/12/2016 13.40 13.30 15.50 15.50 85 10465.00 1771015475.00
19/12/2016 11.20 10.70 11.30 10.80 171 43890.00 7436882200.00
20/12/2016 8.50 7.50 8.70 7.50 165 40460.00 6811367850.00
21/12/2016 7.30 7.20 7.70 7.70 94 20540.00 3427208675.00
22/12/2016 6.50 6.20 6.60 6.30 104 17610.00 2937921625.00
23/12/2016 5.70 5.00 6.00 5.00 72 10825.00 1772780300.00
26/12/2016 5.50 5.40 6.00 6.00 56 3485.00 570790075.00
27/12/2016 3.40 2.60 3.90 3.70 138 30305.00 4971487300.00
28/12/2016 29.90 29.30 30.20 30.00 107 18680.00 3088774200.00
29/12/2016 28.50 28.00 30.00 29.10 223 43945.00 7223691925.00
02/01/2017 27.70 27.60 28.20 27.80 97 12135.00 2002750200.00
03/01/2017 26.10 26.00 26.70 26.00 66 11110.00 1827225425.00
04/01/2017 25.30 25.30 25.60 25.40 108 17390.00 2833388500.00
05/01/2017 23.50 20.00 24.10 20.00 105 13405.00 2169307150.00
06/01/2017 22.40 22.40 22.60 22.40 80 12770.00 2061186825.00
09/01/2017 21.50 21.40 21.60 21.40 83 14580.00 2355524325.00
10/01/2017 19.80 19.70 20.00 19.70 93 15035.00 2414337650.00
11/01/2017 19.00 18.90 20.50 18.90 93 20435.00 3304819750.00
12/01/2017 16.60 16.20 17.00 17.00 162 57670.00 9176967225.00
13/01/2017 15.10 15.00 16.00 16.00 137 46870.00 7542863000.00
16/01/2017 14.90 14.90 15.40 15.10 81 8305.00 1344779025.00
17/01/2017 13.70 13.60 15.30 15.30 112 22885.00 3688792675.00
18/01/2017 12.10 11.00 12.20 11.00 73 10395.00 1680453200.00
19/01/2017 11.10 11.10 11.40 11.30 110 16220.00 2613420925.00
20/01/2017 9.50 9.40 9.80 9.80 95 26785.00 4287632375.00
23/01/2017 7.90 7.80 8.00 7.80 66 14655.00 2321941950.00
24/01/2017 6.50 5.50 6.80 5.50 85 15645.00 2480935100.00
26/01/2017 3.80 3.70 3.90 3.90 106 21350.00 3399110500.00
27/01/2017 2.70 2.40 2.70 2.50 122 16545.00 2615859475.00
30/01/2017 24.20 23.90 24.30 24.00 93 12450.00 1964432500.00
31/01/2017 22.90 22.50 26.00 26.00 248 64260.00 10120609950.00
01/02/2017 21.10 20.70 21.10 20.80 70 9295.00 1472692825.00
02/02/2017 19.90 19.80 19.90 19.80 75 7850.00 1232234650.00
03/02/2017 18.70 18.60 19.30 19.30 88 12370.00 1943862325.00
06/02/2017 17.60 17.50 18.80 18.80 66 11080.00 1737053725.00
07/02/2017 16.40 16.30 16.50 16.40 108 18040.00 2838424975.00
08/02/2017 15.20 15.20 15.40 15.20 90 14895.00 2339058600.00
09/02/2017 14.00 13.70 15.50 15.50 134 27070.00 4239641950.00
10/02/2017 12.60 11.50 12.60 11.50 138 19430.00 3038860325.00
13/02/2017 11.30 11.00 11.80 11.80 118 30505.00 4772049675.00
14/02/2017 9.80 9.60 10.10 10.00 207 57735.00 8978372775.00
15/02/2017 8.40 8.10 9.50 9.50 106 20460.00 3157216675.00
16/02/2017 5.80 5.70 6.50 6.00 121 19010.00 2905495725.00
17/02/2017 4.60 4.30 6.90 6.90 95 14070.00 2180527525.00
20/02/2017 5.10 4.80 5.10 4.80 56 4390.00 679742600.00
21/02/2017 3.10 2.00 3.30 3.30 188 51420.00 7969971225.00
22/02/2017 1.70 1.50 1.90 1.90 146 31480.00 4854349275.00
23/02/2017 27.50 27.10 27.50 27.50 108 17365.00 2683810275.00
24/02/2017 25.60 25.00 26.60 26.30 208 56500.00 8829085825.00
01/03/2017 24.90 24.40 24.90 24.70 61 9060.00 1414393200.00
02/03/2017 24.20 24.10 26.30 26.30 103 16700.00 2620270300.00
03/03/2017 23.90 23.30 26.50 26.50 69 6700.00 1058706275.00
06/03/2017 22.90 21.00 24.80 24.80 104 11690.00 1831902650.00
07/03/2017 21.90 21.60 24.10 24.10 114 16830.00 2642720375.00
08/03/2017 20.80 20.60 20.80 20.60 84 11975.00 1897094800.00
09/03/2017 20.20 18.40 20.20 18.40 123 18320.00 2925342175.00
10/03/2017 19.10 18.80 19.10 18.80 75 10135.00 1612116950.00
13/03/2017 17.70 17.50 17.80 17.70 92 18880.00 2994164725.00
14/03/2017 16.10 14.00 16.50 15.80 141 24265.00 3858157450.00
15/03/2017 15.20 14.50 15.30 15.20 100 18420.00 2927014700.00
16/03/2017 13.50 13.00 15.80 15.80 101 15200.00 2372178900.00
17/03/2017 11.70 11.50 12.00 12.00 101 15445.00 2408865125.00
20/03/2017 10.70 10.60 10.90 10.70 91 19585.00 3036179925.00
21/03/2017 9.80 8.70 18.00 18.00 91 13695.00 2113511625.00
22/03/2017 8.90 8.60 8.90 8.80 101 19680.00 3053039825.00
23/03/2017 7.80 7.60 10.30 9.00 106 15410.00 2413725300.00
24/03/2017 6.10 2.90 6.30 2.90 155 34730.00 5442670075.00
27/03/2017 4.90 4.80 7.50 7.50 73 7280.00 1139546600.00
28/03/2017 3.30 3.20 3.40 3.40 92 15055.00 2358794400.00
29/03/2017 2.00 1.90 2.10 2.00 99 18735.00 2927218625.00
30/03/2017 19.20 18.00 19.30 18.00 165 27545.00 4329909750.00
31/03/2017 18.10 17.50 18.40 18.00 290 49120.00 7826018075.00
03/04/2017 18.60 18.50 18.80 18.50 81 23420.00 3671444700.00
04/04/2017 17.30 17.30 17.50 17.30 76 13205.00 2073497250.00
05/04/2017 16.00 15.70 16.00 15.70 90 16720.00 2598434625.00
06/04/2017 15.00 15.00 17.50 17.50 132 14570.00 2281057350.00
07/04/2017 14.70 14.50 14.90 14.50 94 18030.00 2835200750.00
10/04/2017 13.50 13.40 14.00 13.40 80 18175.00 2866602725.00
11/04/2017 12.40 12.30 12.60 12.30 93 18340.00 2893008125.00
12/04/2017 11.50 11.20 12.00 11.60 112 21300.00 3363061275.00
13/04/2017 10.50 10.40 10.80 10.80 210 42760.00 6707932475.00
17/04/2017 9.30 9.00 9.50 9.10 129 20715.00 3224175025.00
18/04/2017 7.70 7.50 7.70 7.70 72 15555.00 2413718100.00
19/04/2017 6.70 6.60 8.50 6.70 115 18445.00 2892234925.00
20/04/2017 5.50 4.50 7.00 4.50 139 26875.00 4234026750.00
24/04/2017 4.40 4.10 5.00 4.10 108 24210.00 3788169600.00
25/04/2017 3.20 3.10 5.10 5.10 105 13735.00 2170744300.00
26/04/2017 2.10 2.00 2.30 2.00 165 28910.00 4606698625.00
27/04/2017 26.50 26.00 26.70 26.70 115 15920.00 2549452475.00
28/04/2017 25.80 25.40 26.00 25.90 226 57625.00 9289266075.00
02/05/2017 24.00 23.90 24.20 24.20 73 7565.00 1209054025.00
03/05/2017 22.80 22.70 22.90 22.70 53 5250.00 832573050.00
04/05/2017 21.50 21.30 21.60 21.40 81 16160.00 2585131125.00
05/05/2017 20.70 20.00 20.70 20.00 63 9665.00 1544923425.00
08/05/2017 19.90 19.70 20.10 19.80 69 15995.00 2570161250.00
09/05/2017 18.60 16.70 19.00 16.80 101 12455.00 1995487950.00
10/05/2017 17.60 17.50 17.60 17.60 84 14145.00 2247743200.00
11/05/2017 16.00 14.00 16.10 14.00 97 13355.00 2118042450.00
12/05/2017 14.70 13.10 15.00 13.10 123 20475.00 3218259750.00
15/05/2017 13.00 12.90 13.30 13.20 94 16225.00 2526352750.00
16/05/2017 11.90 11.90 13.90 13.90 72 10705.00 1661614375.00
17/05/2017 10.60 10.30 10.70 10.30 74 16660.00 2597467850.00
18/05/2017 18.40 11.00 18.40 11.00 11 1880.00 319017150.00
19/05/2017 11.00 10.10 11.50 10.10 89 8775.00 1447268075.00
22/05/2017 10.20 8.00 10.80 8.00 154 25325.00 4173385550.00
23/05/2017 8.80 7.50 9.20 8.90 153 36670.00 6002742425.00
24/05/2017 6.20 6.10 8.10 8.10 109 23950.00 3914809575.00
25/05/2017 3.50 3.40 3.80 3.80 123 18290.00 3004967575.00
26/05/2017 2.50 1.50 2.90 2.50 107 24155.00 3941961050.00
29/05/2017 2.60 1.50 2.80 1.50 90 8180.00 1338846400.00
30/05/2017 25.30 24.70 25.50 25.00 78 16250.00 2674078850.00
31/05/2017 23.90 23.60 24.10 23.60 250 61280.00 10011967800.00
01/06/2017 22.40 22.30 22.80 22.80 147 22235.00 3616726300.00
02/06/2017 21.20 20.00 21.40 20.00 82 12545.00 2045667800.00
05/06/2017 20.40 19.70 20.50 19.70 108 23160.00 3824147575.00
06/06/2017 19.40 19.30 20.60 20.60 79 11080.00 1828807425.00
07/06/2017 18.10 18.00 18.20 18.00 76 12465.00 2052238600.00
08/06/2017 16.70 16.70 17.00 16.90 107 19675.00 3246943950.00
09/06/2017 15.50 15.30 15.60 15.60 81 11275.00 1854404125.00
12/06/2017 14.40 14.00 16.00 14.00 86 15340.00 2541121825.00
13/06/2017 13.30 13.20 13.50 13.40 118 28050.00 4676156700.00
14/06/2017 12.60 12.50 14.00 12.70 112 14885.00 2453303925.00
16/06/2017 11.40 11.20 11.50 11.20 67 6920.00 1142001450.00
