22/06/2016 3.20 3.20 3.20 3.20 1 100.00 320.00
23/06/2016 3.32 3.32 3.32 3.32 1 100.00 332.00
24/06/2016 3.23 3.20 3.35 3.35 5 6300.00 20755.00
27/06/2016 3.40 3.40 3.40 3.40 1 100.00 340.00
28/06/2016 3.36 3.36 3.36 3.36 1 100.00 336.00
29/06/2016 3.36 3.36 3.36 3.36 1 400.00 1344.00
30/06/2016 3.39 3.39 3.39 3.39 1 100.00 339.00
01/07/2016 3.30 3.20 3.36 3.20 9 4000.00 13096.00
04/07/2016 3.22 3.22 3.22 3.22 2 400.00 1288.00
06/07/2016 3.35 3.35 3.36 3.36 2 200.00 671.00
07/07/2016 3.36 3.36 3.36 3.36 1 400.00 1344.00
12/07/2016 3.33 3.30 3.38 3.38 5 500.00 1670.00
14/07/2016 3.35 3.35 3.35 3.35 4 230000.00 770500.00
15/07/2016 3.35 3.30 3.36 3.36 10 70300.00 234997.00
18/07/2016 3.36 3.36 3.36 3.36 2 60000.00 201600.00
19/07/2016 3.26 3.25 3.26 3.25 3 600.00 1953.00
20/07/2016 3.25 3.25 3.25 3.25 2 400.00 1300.00
21/07/2016 3.34 3.30 3.37 3.37 9 5900.00 19626.00
22/07/2016 3.33 3.33 3.75 3.75 9 4600.00 16485.00
25/07/2016 3.60 3.50 3.60 3.50 10 19800.00 70290.00
26/07/2016 3.85 3.60 3.85 3.74 24 27300.00 99990.00
27/07/2016 3.88 3.65 3.88 3.70 8 1900.00 6993.00
28/07/2016 3.70 3.70 3.84 3.84 3 500.00 1874.00
29/07/2016 3.94 3.54 4.00 3.96 9 3300.00 12680.00
01/08/2016 3.98 3.98 3.98 3.98 1 100.00 398.00
03/08/2016 3.95 3.95 4.00 4.00 5 3200.00 12759.00
04/08/2016 3.63 3.63 3.99 3.99 6 1500.00 5669.00
05/08/2016 3.97 3.97 4.65 4.20 55 25400.00 108146.00
08/08/2016 4.19 4.19 4.35 4.35 2 1100.00 4625.00
09/08/2016 4.45 4.44 4.45 4.44 3 500.00 2222.00
11/08/2016 4.20 3.70 4.22 3.70 8 2500.00 10401.00
12/08/2016 3.90 3.71 3.90 3.71 2 200.00 761.00
16/08/2016 3.99 3.98 4.00 4.00 4 1600.00 6394.00
17/08/2016 3.71 3.71 4.09 4.09 4 400.00 1561.00
18/08/2016 3.90 3.90 4.00 4.00 7 3000.00 11933.00
19/08/2016 3.99 3.99 4.05 4.05 3 4300.00 17170.00
22/08/2016 4.25 4.06 4.25 4.18 6 9700.00 41131.00
23/08/2016 4.03 4.03 4.18 4.18 2 200.00 821.00
24/08/2016 4.20 4.10 4.20 4.10 2 1800.00 7390.00
26/08/2016 4.20 4.20 4.30 4.30 11 4500.00 19158.00
30/08/2016 4.20 4.20 4.20 4.20 3 2500.00 10500.00
31/08/2016 3.90 3.90 4.20 4.20 5 2200.00 9209.00
01/09/2016 4.20 4.20 4.20 4.20 1 200.00 840.00
02/09/2016 4.29 4.20 4.29 4.29 5 3200.00 13494.00
05/09/2016 4.34 4.34 4.35 4.35 2 1000.00 4347.00
06/09/2016 4.35 4.20 4.35 4.20 2 2200.00 9510.00
08/09/2016 4.23 4.23 4.40 4.40 9 5100.00 22020.00
09/09/2016 4.39 4.20 4.39 4.20 6 5600.00 24234.00
13/09/2016 4.20 4.20 4.40 4.40 8 3800.00 16409.00
15/09/2016 4.30 4.30 4.30 4.30 1 1000.00 4300.00
22/09/2016 4.12 4.08 4.20 4.08 9 2500.00 10275.00
23/09/2016 4.14 4.14 4.20 4.20 2 200.00 834.00
27/09/2016 4.20 4.20 4.20 4.20 1 100.00 420.00
28/09/2016 4.10 4.10 4.20 4.20 9 9700.00 39910.00
29/09/2016 4.20 4.20 4.20 4.20 1 200.00 840.00
30/09/2016 4.18 4.18 4.28 4.28 4 1500.00 6280.00
03/10/2016 4.28 4.28 4.28 4.28 2 500.00 2140.00
04/10/2016 4.20 4.20 4.25 4.25 2 600.00 2530.00
05/10/2016 4.24 4.24 4.25 4.25 2 2900.00 12305.00
06/10/2016 4.25 4.25 4.25 4.25 1 100.00 425.00
11/10/2016 4.25 4.25 4.30 4.30 2 1100.00 4700.00
14/10/2016 4.15 4.15 4.25 4.25 4 1500.00 6263.00
17/10/2016 4.20 4.20 4.26 4.26 2 500.00 2112.00
18/10/2016 4.05 4.05 4.26 4.25 7 1900.00 7849.00
19/10/2016 4.21 4.00 4.21 4.20 7 3400.00 13936.00
20/10/2016 4.18 4.18 4.25 4.25 3 300.00 1268.00
21/10/2016 4.05 4.05 4.18 4.18 5 1100.00 4518.00
24/10/2016 4.12 4.05 4.25 4.25 8 2800.00 11522.00
28/10/2016 4.05 4.05 4.05 4.05 7 1500.00 6075.00
31/10/2016 4.04 3.80 4.06 3.94 12 3800.00 14896.00
07/11/2016 3.61 3.61 3.61 3.61 1 100.00 361.00
08/11/2016 4.00 4.00 4.00 4.00 3 1000.00 4000.00
11/11/2016 3.60 3.60 4.00 4.00 2 200.00 760.00
16/11/2016 4.00 4.00 4.00 4.00 1 100.00 400.00
17/11/2016 3.90 3.85 4.10 4.10 9 11000.00 44700.00
23/11/2016 4.00 3.90 4.00 3.90 3 400.00 1570.00
24/11/2016 3.81 3.80 4.00 3.90 7 1300.00 5034.00
25/11/2016 3.98 3.98 3.98 3.98 1 100.00 398.00
02/12/2016 3.82 3.82 3.97 3.97 4 1000.00 3903.00
06/12/2016 3.97 3.97 3.97 3.97 1 100.00 397.00
07/12/2016 3.97 3.85 3.97 3.85 8 1900.00 7329.00
08/12/2016 3.85 3.80 3.85 3.80 2 200.00 765.00
12/12/2016 3.71 3.71 3.81 3.81 2 1400.00 5264.00
14/12/2016 3.90 3.90 3.90 3.90 1 200.00 780.00
22/12/2016 3.80 3.80 3.80 3.80 1 100.00 380.00
27/12/2016 3.72 3.70 3.72 3.70 3 1500.00 5559.00
29/12/2016 3.87 3.87 3.87 3.87 1 100.00 387.00
05/01/2017 3.60 3.60 3.96 3.96 6 700.00 2595.00
23/01/2017 3.71 3.71 3.80 3.80 3 2500.00 9365.00
24/01/2017 3.95 3.95 3.95 3.95 1 1000.00 3950.00
30/01/2017 3.96 3.96 3.96 3.96 1 200.00 792.00
31/01/2017 3.73 3.73 3.92 3.92 4 1000.00 3804.00
01/02/2017 3.80 3.80 3.81 3.81 3 700.00 2663.00
02/02/2017 3.90 3.90 3.90 3.90 1 100.00 390.00
03/02/2017 3.89 3.89 3.89 3.89 1 100.00 389.00
06/02/2017 3.90 3.80 3.90 3.80 2 500.00 1910.00
07/02/2017 3.89 3.77 3.89 3.80 10 2000.00 7594.00
09/02/2017 3.90 3.90 3.90 3.90 2 400.00 1560.00
10/02/2017 3.90 3.80 3.90 3.80 2 200.00 770.00
13/02/2017 3.70 3.70 3.85 3.85 3 600.00 2291.00
14/02/2017 3.90 3.90 3.90 3.90 1 200.00 780.00
20/02/2017 3.67 3.67 3.75 3.68 7 2100.00 7723.00
23/02/2017 3.70 3.70 3.70 3.70 3 1200.00 4440.00
02/03/2017 3.61 3.61 3.61 3.61 1 300.00 1083.00
06/03/2017 3.79 3.79 3.79 3.79 2 300.00 1137.00
07/03/2017 3.60 3.60 3.79 3.79 6 800.00 2958.00
10/03/2017 3.52 3.52 3.60 3.60 3 800.00 2872.00
15/03/2017 3.65 3.64 3.65 3.64 2 9100.00 33125.00
17/03/2017 3.50 3.50 3.58 3.58 5 1000.00 3516.00
22/03/2017 3.58 3.58 3.58 3.58 1 100.00 358.00
23/03/2017 3.41 3.30 3.41 3.30 4 600.00 2013.00
27/03/2017 3.31 3.31 3.31 3.31 1 200.00 662.00
29/03/2017 3.49 3.49 3.49 3.49 1 100.00 349.00
30/03/2017 3.40 3.40 3.50 3.50 4 1000.00 3430.00
31/03/2017 3.60 3.60 3.60 3.60 1 100.00 360.00
03/04/2017 3.50 3.50 3.50 3.50 1 100.00 350.00
04/04/2017 3.50 3.50 3.50 3.50 1 100.00 350.00
05/04/2017 3.50 3.50 3.50 3.50 1 100.00 350.00
06/04/2017 3.31 3.31 3.60 3.60 4 500.00 1732.00
11/04/2017 3.60 3.42 3.60 3.60 3 400.00 1404.00
12/04/2017 3.60 3.60 3.60 3.60 1 100.00 360.00
13/04/2017 3.60 3.60 3.60 3.60 2 200.00 720.00
17/04/2017 3.60 3.60 3.60 3.60 3 600.00 2160.00
20/04/2017 4.05 4.05 4.05 4.05 1 100.00 405.00
24/04/2017 4.00 3.60 4.00 3.70 12 1900.00 6922.00
25/04/2017 3.80 3.70 3.80 3.70 2 200.00 750.00
26/04/2017 3.70 3.70 3.70 3.70 1 200.00 740.00
27/04/2017 3.80 3.60 3.80 3.60 2 200.00 740.00
28/04/2017 3.98 3.98 3.98 3.98 2 300.00 1194.00
08/05/2017 3.94 3.94 3.94 3.94 3 1500.00 5910.00
18/05/2017 3.80 3.80 3.80 3.80 1 1200.00 4560.00
19/05/2017 3.75 3.52 3.80 3.69 8 2800.00 10246.00
23/05/2017 3.70 3.51 3.70 3.61 9 1900.00 6822.00
24/05/2017 3.30 3.30 3.65 3.60 12 2000.00 6794.00
25/05/2017 3.51 3.44 3.69 3.44 9 2800.00 9714.00
26/05/2017 3.35 3.30 3.48 3.40 8 1800.00 6010.00
29/05/2017 3.35 3.35 3.58 3.58 9 2400.00 8204.00
30/05/2017 3.31 3.31 3.65 3.65 12 2800.00 9638.00
31/05/2017 3.60 3.60 3.93 3.93 8 1700.00 6516.00
01/06/2017 3.65 3.65 3.65 3.65 5 1500.00 5475.00
05/06/2017 3.55 3.48 3.64 3.50 6 1500.00 5310.00
06/06/2017 3.41 3.26 3.49 3.42 10 2000.00 6707.00
07/06/2017 3.30 3.30 3.30 3.30 2 200.00 660.00
08/06/2017 3.32 3.32 3.40 3.40 4 400.00 1344.00
09/06/2017 3.45 3.43 3.45 3.43 4 7900.00 27099.00
12/06/2017 3.13 3.13 3.13 3.13 2 200.00 626.00
13/06/2017 3.11 3.09 3.30 3.21 6 1600.00 5015.00
14/06/2017 3.14 3.13 3.23 3.21 5 2200.00 6967.00
16/06/2017 3.42 3.42 3.42 3.42 2 200.00 684.00
