22/12/2016 4146.10 4146.10 4146.10 4146.10 1 55.00 7981242.00
27/12/2016 4062.40 4058.00 4090.20 4090.20 6 754.00 107315131.00
28/12/2016 4032.30 4032.30 4032.30 4032.30 1 10.00 1411305.00
02/01/2017 4056.00 4056.00 4056.00 4056.00 1 1.00 141960.00
03/01/2017 4024.00 4024.00 4024.00 4024.00 1 1.00 140840.00
04/01/2017 4000.90 4000.90 4000.90 4000.90 2 80.00 11202520.00
06/01/2017 3977.00 3977.00 3977.00 3977.00 1 1.00 139195.00
09/01/2017 3947.50 3920.00 3947.50 3920.00 3 16.00 2209637.00
10/01/2017 3902.40 3902.40 3902.40 3902.40 2 20.00 2731680.00
11/01/2017 3915.20 3906.40 3915.20 3906.40 4 30.00 4104800.00
12/01/2017 3911.10 3911.10 3911.10 3911.10 1 15.00 2053327.00
16/01/2017 3913.90 3901.30 3913.90 3901.30 4 25.00 3418047.00
17/01/2017 3943.70 3943.70 3990.00 3990.00 4 13.00 1799245.00
18/01/2017 3988.60 3988.60 3988.60 3988.60 1 10.00 1396010.00
19/01/2017 3972.00 3972.00 3972.00 3972.00 1 1.00 139020.00
20/01/2017 3928.40 3928.40 3928.40 3928.40 1 5.00 687470.00
23/01/2017 3947.00 3947.00 3952.00 3952.00 2 30.00 4146975.00
26/01/2017 3997.00 3997.00 4006.80 4006.80 3 110.00 15419267.00
27/01/2017 3977.00 3960.00 3977.00 3960.00 3 381.00 52822070.00
