26/12/2016 4089.00 4089.00 4089.00 4089.00 2 225.00 32200875.00
27/12/2016 4090.20 4090.20 4090.20 4090.20 3 80.00 11452560.00
02/01/2017 4091.70 4091.70 4091.70 4091.70 3 135.00 19333282.00
04/01/2017 4033.00 4033.00 4033.00 4033.00 1 5.00 705775.00
05/01/2017 4042.20 4042.20 4042.20 4042.20 2 170.00 24051090.00
10/01/2017 3930.00 3929.90 3930.00 3929.90 2 90.00 12379227.00
13/01/2017 3973.80 3973.80 3973.80 3973.80 2 135.00 18776205.00
18/01/2017 4001.90 4001.90 4001.90 4001.90 2 7.00 980465.00
19/01/2017 3980.30 3980.30 3980.30 3980.30 1 5.00 696552.00
20/01/2017 3962.50 3962.50 3962.50 3962.50 2 10.00 1386875.00
26/01/2017 4039.00 4027.20 4047.80 4039.60 10 241.00 34095890.00
27/01/2017 4007.80 3991.20 4007.80 3991.20 3 381.00 53237026.00
31/01/2017 3906.30 3906.30 3995.10 3995.10 4 31.00 4285554.00
01/02/2017 4003.20 4003.20 4003.20 4003.20 2 5.00 700560.00
02/02/2017 3940.10 3940.10 3940.70 3940.70 3 41.00 5654064.00
06/02/2017 3918.60 3914.00 3918.60 3914.00 2 12.00 1645490.00
07/02/2017 3890.00 3889.50 3941.20 3929.20 11 356.00 48679907.00
08/02/2017 3926.60 3926.60 3926.60 3926.60 1 35.00 4810085.00
09/02/2017 3924.00 3924.00 3924.00 3924.00 2 5.00 686700.00
10/02/2017 3887.80 3887.80 3902.80 3902.80 5 107.00 14578308.00
13/02/2017 3906.30 3906.30 3906.30 3906.30 1 3.00 410161.00
14/02/2017 3877.70 3877.70 3877.70 3877.70 1 10.00 1357195.00
15/02/2017 3840.00 3840.00 3840.00 3840.00 2 35.00 4704000.00
16/02/2017 3827.90 3827.90 3848.30 3848.30 4 395.00 52942137.00
17/02/2017 3853.30 3850.00 3853.30 3850.00 2 27.00 3638481.00
20/02/2017 3853.80 3853.80 3853.80 3853.80 2 20.00 2697660.00
21/02/2017 3857.00 3857.00 3857.00 3857.00 1 175.00 23624125.00
22/02/2017 3842.00 3827.70 3842.00 3827.70 5 324.00 43559547.00
23/02/2017 3822.00 3818.00 3845.00 3845.00 5 372.00 49721189.00
