21/02/2017 3892.80 3890.40 3892.80 3890.40 2 180.00 24524220.00
22/02/2017 3887.10 3864.60 3887.10 3864.60 6 354.00 48041731.00
23/02/2017 3863.00 3853.70 3882.00 3882.00 6 384.00 51809390.00
24/02/2017 3911.20 3909.00 3914.00 3909.90 6 361.00 49421960.00
02/03/2017 3845.20 3845.20 3887.70 3887.70 3 30.00 4044897.00
03/03/2017 3855.30 3855.30 3856.00 3856.00 2 61.00 8231212.00
06/03/2017 3852.00 3852.00 3852.00 3852.00 2 6.00 808920.00
07/03/2017 3838.70 3828.80 3838.80 3828.80 3 17.00 2282315.00
08/03/2017 3849.70 3849.70 3849.70 3849.70 1 20.00 2694790.00
09/03/2017 3891.40 3891.40 3920.60 3920.60 5 52.00 7089572.00
10/03/2017 3887.50 3887.50 3887.50 3887.50 2 55.00 7483437.00
13/03/2017 3879.60 3879.60 3879.60 3879.60 1 10.00 1357860.00
16/03/2017 3858.30 3858.30 3865.40 3865.40 2 25.00 3377255.00
17/03/2017 3859.30 3847.00 3863.40 3847.00 3 72.00 9733185.00
20/03/2017 3863.40 3863.40 3863.40 3863.40 1 10.00 1352190.00
21/03/2017 3839.00 3839.00 3872.60 3872.60 2 25.00 3376765.00
23/03/2017 3928.10 3918.90 3928.10 3923.00 4 45.00 6183362.00
24/03/2017 3912.00 3890.70 3912.00 3890.70 2 26.00 3541282.00
27/03/2017 3938.00 3938.00 3938.00 3938.00 2 240.00 33079200.00
28/03/2017 3937.30 3937.30 3937.30 3937.30 1 5.00 689027.00
29/03/2017 3889.00 3875.50 3889.00 3875.50 7 754.00 102419362.00
30/03/2017 3908.80 3908.80 3909.00 3909.00 5 50.00 6840715.00
31/03/2017 3947.60 3947.60 3947.60 3947.60 2 10.00 1381660.00
