08/03/2017 3910.10 3910.10 3910.10 3910.10 2 5.00 684267.00
29/03/2017 3914.00 3900.00 3914.00 3903.30 10 762.00 104171487.00
30/03/2017 3936.00 3931.00 3938.00 3931.00 7 100.00 13775828.00
31/03/2017 3948.00 3948.00 3948.00 3948.00 2 7.00 967260.00
03/04/2017 3934.00 3920.00 3934.00 3920.00 2 61.00 8398600.00
04/04/2017 3900.00 3900.00 3900.00 3900.00 1 30.00 4095000.00
05/04/2017 3905.00 3905.00 3905.00 3905.00 1 1.00 136675.00
06/04/2017 3912.00 3912.00 3912.00 3912.00 1 1.00 136920.00
07/04/2017 3921.10 3921.10 3921.10 3921.10 1 60.00 8234310.00
10/04/2017 3918.00 3918.00 3918.00 3918.00 1 10.00 1371300.00
13/04/2017 3937.00 3937.00 3937.00 3937.00 1 2.00 275590.00
18/04/2017 4015.80 4015.80 4015.80 4015.80 1 1.00 140553.00
19/04/2017 4021.50 4021.50 4037.00 4037.00 2 26.00 3660107.00
20/04/2017 4046.00 4046.00 4046.00 4046.00 1 1.00 141610.00
24/04/2017 4000.00 4000.00 4000.00 4000.00 2 14.00 1960000.00
26/04/2017 4096.00 4091.00 4096.00 4091.00 2 336.00 48112085.00
27/04/2017 4090.20 4086.00 4095.00 4095.00 6 282.00 40404882.00
