09/03/2017 3947.70 3947.70 3947.80 3947.80 2 200.00 27634208.00
15/03/2017 3902.30 3902.30 3902.40 3902.40 2 220.00 30048210.00
22/03/2017 3927.20 3922.40 3927.20 3922.50 4 212.00 29106332.00
27/03/2017 3994.90 3994.90 3994.90 3994.90 2 240.00 33557160.00
30/03/2017 3974.30 3974.30 3974.30 3974.30 2 5.00 695502.00
31/03/2017 3975.90 3975.90 3975.90 3975.90 2 50.00 6957825.00
04/04/2017 3918.30 3916.80 3918.30 3916.80 3 110.00 15082567.00
06/04/2017 3981.50 3981.50 3981.50 3981.50 2 15.00 2090287.00
10/04/2017 3941.80 3941.80 3941.80 3941.80 1 5.00 689815.00
12/04/2017 3990.70 3990.10 3990.70 3990.10 2 10.00 1396640.00
13/04/2017 3975.20 3975.20 3975.20 3975.20 2 50.00 6956600.00
17/04/2017 3946.20 3946.20 3946.20 3946.20 1 20.00 2762340.00
18/04/2017 3982.30 3982.30 4045.40 4045.40 4 225.00 31372355.00
19/04/2017 4047.70 4047.70 4061.60 4061.60 4 130.00 18420570.00
24/04/2017 4040.60 4040.60 4045.00 4045.00 3 62.00 8775830.00
25/04/2017 4082.40 4082.40 4082.40 4082.40 1 5.00 714420.00
26/04/2017 4128.30 4107.00 4128.30 4107.00 3 337.00 48681178.00
27/04/2017 4128.50 4122.70 4145.60 4145.60 10 404.00 58460125.00
28/04/2017 4158.50 4144.10 4158.50 4144.10 3 79.00 11470532.00
03/05/2017 4095.30 4095.30 4095.30 4095.30 1 15.00 2150032.00
04/05/2017 4145.50 4145.50 4145.50 4145.50 2 25.00 3627312.00
08/05/2017 4163.00 4163.00 4163.00 4163.00 1 7.00 1019935.00
09/05/2017 4144.00 4144.00 4146.80 4146.80 2 27.00 3918040.00
10/05/2017 4113.50 4113.50 4113.50 4113.50 1 5.00 719862.00
11/05/2017 4075.60 4075.60 4083.80 4083.80 2 105.00 14999355.00
16/05/2017 4005.50 4005.50 4019.20 4017.70 3 50.00 7021350.00
17/05/2017 4066.00 4066.00 4066.00 4066.00 2 245.00 34865950.00
19/05/2017 4306.50 4294.80 4306.50 4294.80 2 55.00 8279775.00
25/05/2017 4260.00 4260.00 4260.00 4260.00 1 220.00 32802000.00
26/05/2017 4189.10 4189.10 4189.10 4189.10 2 5.00 733092.00
29/05/2017 4202.00 4199.00 4202.00 4200.00 5 481.00 70694344.00
30/05/2017 4201.80 4189.70 4201.80 4189.80 6 72.00 10572667.00
