24/04/2017 4072.30 4072.30 4072.30 4072.30 1 12.00 1710366.00
25/05/2017 4289.40 4289.40 4293.70 4293.70 2 232.00 34863038.00
29/05/2017 4232.00 4231.80 4240.00 4240.00 4 362.00 53639250.00
30/05/2017 4238.50 4228.70 4242.40 4228.80 9 97.00 14380138.00
31/05/2017 4242.40 4198.00 4242.40 4198.00 6 106.00 15700527.00
02/06/2017 4226.00 4226.00 4226.00 4226.00 1 1.00 147910.00
05/06/2017 4270.00 4270.00 4270.00 4270.00 1 1.00 149450.00
07/06/2017 4274.80 4274.80 4274.80 4274.80 1 1.00 149618.00
08/06/2017 4268.40 4268.40 4268.50 4268.50 2 24.00 3585536.00
09/06/2017 4204.00 4204.00 4220.00 4220.00 3 14.00 2063880.00
12/06/2017 4218.00 4218.00 4218.00 4218.00 2 3.00 442890.00
13/06/2017 4248.00 4248.00 4248.00 4248.00 1 1.00 148680.00
14/06/2017 4210.00 4210.00 4210.00 4210.00 1 1.00 147350.00
