10/06/2016 4972.50 4972.50 4972.50 4972.50 1 5.00 870187.00
22/06/2016 5042.70 5027.00 5042.70 5027.00 4 465.00 81822667.00
24/06/2016 4728.10 4728.10 4728.10 4728.10 2 15.00 2482252.00
27/06/2016 4520.90 4515.20 4524.40 4515.20 9 250.00 39550035.00
28/06/2016 4467.40 4463.60 4467.40 4463.60 5 259.00 40488084.00
29/06/2016 4425.50 4425.50 4425.50 4425.50 1 25.00 3872312.00
30/06/2016 4342.00 4270.00 4342.00 4270.00 3 36.00 5452650.00
01/07/2016 4336.00 4336.00 4336.00 4336.00 1 2.00 303520.00
04/07/2016 4360.00 4360.00 4360.00 4360.00 1 1.00 152600.00
06/07/2016 4345.10 4338.40 4345.10 4338.40 3 10.00 1519612.00
08/07/2016 4292.00 4292.00 4292.00 4292.00 1 1.00 150220.00
11/07/2016 4332.00 4332.00 4332.00 4332.00 2 20.00 3032400.00
13/07/2016 4372.20 4370.00 4372.20 4370.00 2 110.00 16825270.00
19/07/2016 4274.30 4274.30 4274.30 4274.30 2 10.00 1496005.00
20/07/2016 4304.00 4294.00 4304.00 4294.00 2 56.00 8416590.00
22/07/2016 4321.00 4321.00 4321.00 4321.00 1 1.00 151235.00
25/07/2016 4312.00 4312.00 4320.00 4320.00 3 715.00 107970800.00
26/07/2016 4310.00 4310.00 4310.00 4310.00 2 275.00 41483750.00
27/07/2016 4312.00 4312.00 4312.00 4312.00 1 17.00 2565640.00
28/07/2016 4306.00 4300.00 4306.00 4300.00 2 390.00 58764300.00
