25/07/2016 4397.00 4397.00 4397.00 4397.00 2 490.00 75408550.00
26/07/2016 4399.50 4399.50 4399.50 4399.50 2 265.00 40805362.00
25/08/2016 4305.00 4305.00 4305.00 4305.00 1 225.00 33901875.00
26/08/2016 4281.00 4281.00 4343.70 4343.70 4 125.00 18861045.00
29/08/2016 4295.10 4284.20 4298.60 4284.20 5 309.00 46341267.00
01/09/2016 4338.50 4338.50 4354.00 4354.00 3 62.00 9415630.00
05/09/2016 4389.00 4389.00 4397.30 4397.30 3 85.00 13080515.00
06/09/2016 4385.00 4385.00 4385.00 4385.00 1 15.00 2302125.00
08/09/2016 4272.70 4272.70 4285.00 4285.00 3 35.00 5246972.00
13/09/2016 4397.00 4397.00 4397.00 4397.00 1 10.00 1538950.00
14/09/2016 4406.10 4406.10 4406.10 4406.10 2 85.00 13108147.00
21/09/2016 4211.50 4211.50 4211.50 4211.50 2 20.00 2948050.00
23/09/2016 4202.90 4202.90 4202.90 4202.90 1 50.00 7355075.00
26/09/2016 4206.00 4206.00 4206.00 4206.00 2 20.00 2944200.00
27/09/2016 4198.00 4198.00 4209.00 4209.00 3 226.00 33206565.00
28/09/2016 4230.00 4220.00 4230.00 4227.00 6 369.00 54586980.00
