26/09/2016 4241.40 4241.40 4241.40 4241.40 2 75.00 11133675.00
28/09/2016 4268.10 4219.80 4268.10 4219.80 9 444.00 66200708.00
30/09/2016 4236.60 4236.60 4236.60 4236.60 1 50.00 7414050.00
03/10/2016 4161.90 4157.20 4161.90 4157.20 3 16.00 2330499.00
04/10/2016 4137.40 4137.40 4176.90 4176.90 3 15.00 2179047.00
05/10/2016 4176.00 4132.90 4176.00 4132.90 2 55.00 8031257.00
06/10/2016 4119.80 4119.80 4119.80 4119.80 1 20.00 2883860.00
07/10/2016 4023.90 4004.70 4026.80 4004.70 4 46.00 6475469.00
10/10/2016 3992.00 3992.00 3992.00 3992.00 2 15.00 2095800.00
11/10/2016 3915.30 3915.30 3915.30 3915.30 1 5.00 685177.00
13/10/2016 3940.40 3927.60 3940.40 3927.60 3 40.00 5500880.00
17/10/2016 3909.40 3909.40 3912.20 3912.20 2 15.00 2053415.00
18/10/2016 3934.50 3924.30 3934.60 3924.30 5 22.00 3023881.00
19/10/2016 3906.20 3894.00 3906.20 3894.00 3 6.00 819875.00
20/10/2016 3863.80 3863.80 3863.80 3863.80 2 75.00 10142475.00
21/10/2016 3859.40 3859.40 3859.40 3859.40 1 5.00 675395.00
24/10/2016 3818.50 3815.00 3827.20 3815.00 5 128.00 17135002.00
25/10/2016 3797.40 3795.30 3803.00 3803.00 3 77.00 10230710.00
26/10/2016 3820.00 3820.00 3853.00 3853.00 5 491.00 65905087.00
27/10/2016 3830.00 3830.00 3830.00 3830.00 1 10.00 1340500.00
28/10/2016 3895.00 3895.00 3895.00 3895.00 2 5.00 681625.00
