05/07/2016 455.86 455.86 455.86 455.86 1 100.00 45586.00
11/07/2016 465.95 465.95 465.95 465.95 1 2100.00 978495.00
01/08/2016 486.51 486.51 486.51 486.51 1 1500.00 729765.00
11/11/2016 574.10 574.10 574.10 574.10 3 800.00 459280.00
18/11/2016 570.62 566.10 570.62 566.10 2 200.00 113672.00
07/12/2016 599.70 599.70 599.70 599.70 1 100.00 59970.00
09/12/2016 589.98 589.98 589.98 589.98 1 500.00 294990.00
01/03/2017 598.42 598.42 598.42 598.42 1 1500.00 897630.00
06/03/2017 595.32 595.32 598.11 598.11 2 1700.00 1013160.00
18/05/2017 643.25 643.25 643.25 643.25 1 100.00 64325.00
