19/08/2016 35.60 35.60 35.60 35.60 5 561.89 20000.00
22/08/2016 37.38 37.38 37.38 37.38 1 112.38 4202.00
10/10/2016 36.49 36.49 36.49 36.49 1 224.76 8200.00
08/12/2016 36.49 36.49 36.49 36.49 1 3215.99 117330.00
09/12/2016 36.49 36.49 36.49 36.49 1 3215.99 117330.00
28/12/2016 33.13 33.13 33.13 33.13 4 528.15 17500.00
05/01/2017 33.13 33.13 33.13 33.13 1 211.26 7000.00
23/01/2017 30.77 30.77 30.77 30.77 1 105.63 3250.00
03/03/2017 33.12 33.12 33.12 33.12 1 105.63 3499.00
10/04/2017 33.13 33.13 33.13 33.13 1 105.63 3500.00
26/04/2017 32.66 32.66 32.66 32.66 1 105.63 3450.00
18/05/2017 34.00 34.00 34.00 34.00 1 200.00 6800.00
24/05/2017 34.00 34.00 34.00 34.00 2 400.00 13600.00
06/06/2017 34.00 34.00 34.00 34.00 1 300.00 10200.00
07/06/2017 34.00 34.00 34.00 34.00 1 100.00 3400.00
12/06/2017 30.60 30.60 30.61 30.61 6 700.00 21421.00
13/06/2017 30.00 30.00 30.07 30.07 12 1900.00 57091.00
14/06/2017 30.00 30.00 30.00 30.00 4 500.00 15000.00
16/06/2017 30.20 30.20 30.25 30.25 2 300.00 9065.00
