20/06/2016 17.69 17.59 18.35 17.78 4445 424144.26 7567066.00
21/06/2016 17.78 16.93 18.16 17.88 5504 607656.89 10766601.00
22/06/2016 17.78 17.69 18.83 18.45 2704 469969.84 8551606.00
23/06/2016 18.55 18.26 20.07 19.88 5012 1011948.31 19574418.00
24/06/2016 19.21 18.64 19.78 19.12 5028 505616.63 9757642.00
27/06/2016 19.21 17.78 19.31 18.26 7542 589002.79 10792676.00
28/06/2016 18.64 17.88 18.83 18.74 12205 601957.61 11048647.00
29/06/2016 19.02 18.64 19.59 19.59 4277 518182.40 9922103.00
30/06/2016 19.50 19.21 19.88 19.50 4641 358223.98 7017727.00
01/07/2016 19.50 19.02 19.78 19.21 4347 305048.22 5876955.00
04/07/2016 19.21 19.02 19.50 19.40 2816 250547.54 4830606.00
05/07/2016 19.12 18.55 19.21 18.74 4224 344270.21 6471143.00
06/07/2016 18.74 18.35 19.21 19.02 4033 482777.46 9036838.00
07/07/2016 19.02 18.93 19.50 19.21 4938 419675.27 8055078.00
08/07/2016 19.31 19.31 20.45 19.59 5137 476804.77 9473414.00
11/07/2016 19.69 19.50 20.16 19.97 9012 636552.87 12623603.00
12/07/2016 20.07 20.07 21.01 20.64 8546 660317.40 13543773.00
13/07/2016 20.64 20.07 20.82 20.64 11981 460632.27 9455659.00
14/07/2016 20.64 20.16 20.82 20.54 6734 383344.98 7868275.00
15/07/2016 20.64 20.26 21.39 21.20 6337 459864.65 9625079.00
18/07/2016 21.20 21.20 21.87 21.78 2158 428034.92 9229999.00
19/07/2016 21.78 21.49 22.45 21.78 4348 438150.61 9604015.00
20/07/2016 21.78 21.01 22.16 21.39 4499 342566.73 7410425.00
21/07/2016 21.39 21.11 22.26 22.26 3707 248076.44 5424890.00
22/07/2016 22.54 21.49 22.83 21.68 6712 640632.81 14116169.00
25/07/2016 21.68 21.11 21.97 21.49 6218 334659.25 7166458.00
26/07/2016 21.30 20.35 21.49 20.54 4425 555900.70 11587496.00
27/07/2016 20.73 20.45 20.82 20.64 2229 276194.30 5701919.00
28/07/2016 20.73 20.45 21.39 20.73 2208 378707.75 7867407.00
29/07/2016 20.73 20.07 21.30 21.01 4804 959319.34 20046239.00
01/08/2016 21.20 20.35 21.78 20.64 2702 671495.14 14120484.00
02/08/2016 20.64 19.59 21.01 19.78 4372 510590.36 10332673.00
03/08/2016 19.78 19.31 20.16 19.97 2433 435153.75 8593879.00
04/08/2016 20.16 19.69 20.35 19.97 1951 635070.23 12653220.00
05/08/2016 20.16 19.97 20.54 19.97 2987 593871.37 11971864.00
08/08/2016 19.88 19.21 20.16 19.21 1921 321893.69 6309158.00
09/08/2016 19.31 19.21 20.54 20.16 5949 811579.69 16234205.00
10/08/2016 20.35 19.59 20.45 19.69 1318 456541.83 9070173.00
11/08/2016 19.78 19.78 20.35 20.35 2746 289348.91 5814045.00
12/08/2016 20.07 19.31 20.16 19.31 3410 609917.68 11954196.00
15/08/2016 19.50 18.83 19.59 19.02 2204 424280.96 8131842.00
16/08/2016 19.12 18.74 19.31 19.31 2678 266194.27 5085960.00
17/08/2016 19.88 19.50 21.11 21.01 9607 1105870.77 22446175.00
18/08/2016 21.78 21.39 23.49 23.30 17603 3063710.42 69003004.00
19/08/2016 23.68 22.35 25.30 25.01 14198 3244047.43 79141694.00
22/08/2016 24.53 24.06 25.96 25.01 8110 1857933.98 46107541.00
23/08/2016 25.49 23.77 25.78 24.25 5643 1254987.93 31313750.00
24/08/2016 24.15 23.49 25.49 25.01 12159 2357620.00 58879075.00
25/08/2016 25.11 22.35 25.11 22.83 5550 1153157.97 26859257.00
26/08/2016 22.83 21.97 23.96 22.54 11437 1416397.45 32449858.00
29/08/2016 22.83 21.30 23.21 21.68 4774 1028026.17 22888953.00
30/08/2016 21.87 21.20 22.07 21.39 7593 1114188.36 23978761.00
31/08/2016 21.49 20.73 22.73 22.73 7192 1401655.04 30203504.00
01/09/2016 22.83 21.59 22.83 21.87 6172 1441886.48 31737084.00
02/09/2016 21.97 21.30 22.73 22.45 5576 1481886.60 32437391.00
05/09/2016 22.45 22.16 22.73 22.16 1101 305742.23 6832561.00
06/09/2016 22.16 21.59 22.45 21.87 4090 578834.51 12726652.00
08/09/2016 22.07 21.87 24.25 23.68 9993 1399425.80 32596704.00
09/09/2016 23.49 22.35 23.77 22.45 7789 1034440.49 23812193.00
12/09/2016 22.45 21.39 22.64 21.78 5148 728288.17 15960984.00
13/09/2016 21.87 21.01 21.87 21.11 5334 739833.94 15813381.00
14/09/2016 21.20 21.11 21.97 21.59 6936 768477.55 16550224.00
15/09/2016 21.87 21.87 22.73 22.73 3163 540685.08 12086894.00
16/09/2016 22.73 21.97 22.83 22.07 3876 442535.48 9831791.00
19/09/2016 22.45 22.26 23.11 22.26 3389 445626.97 10082411.00
20/09/2016 22.35 21.97 22.64 22.16 3412 334196.56 7447937.00
21/09/2016 22.35 21.97 22.92 22.83 1327 313302.72 7040145.00
22/09/2016 23.30 23.30 24.15 23.77 6180 1169267.39 27725746.00
23/09/2016 23.58 22.92 23.77 23.30 11925 951022.78 22135413.00
26/09/2016 23.11 22.92 24.63 23.96 4329 1103210.41 26482962.00
27/09/2016 24.34 23.68 24.63 24.06 6318 768088.49 18554106.00
28/09/2016 24.06 23.39 24.34 23.87 3804 379075.78 9038628.00
29/09/2016 23.68 23.39 24.25 23.68 1090 440463.97 10455839.00
30/09/2016 23.77 23.39 24.25 23.68 3668 382072.63 9094820.00
03/10/2016 23.87 23.87 24.63 24.25 4963 421978.11 10273597.00
04/10/2016 24.44 23.96 24.63 24.34 2783 301073.44 7328460.00
05/10/2016 24.34 24.34 25.11 24.91 2638 822221.15 20331975.00
06/10/2016 24.82 24.25 25.11 24.44 1919 314659.18 7750175.00
07/10/2016 24.63 23.87 24.72 24.25 3278 326856.90 7923878.00
10/10/2016 24.63 24.15 24.72 24.34 2412 278370.95 6788350.00
11/10/2016 24.25 23.77 24.53 24.34 2380 244848.25 5908362.00
13/10/2016 23.96 23.49 24.06 23.77 5918 505343.24 12017977.00
14/10/2016 24.06 23.21 24.34 23.77 4837 747825.56 17771403.00
17/10/2016 23.77 23.58 24.34 23.87 2722 565585.26 13538735.00
18/10/2016 23.96 23.87 24.44 24.44 3061 491336.89 11870563.00
19/10/2016 25.01 24.91 26.34 25.96 8906 2026672.66 51869286.00
20/10/2016 26.15 25.58 28.24 27.86 7300 1509846.73 41227202.00
21/10/2016 27.86 27.29 28.63 27.29 13428 1928028.82 53696583.00
24/10/2016 27.58 27.48 28.91 28.24 8506 1368426.75 38600884.00
25/10/2016 28.05 25.20 28.05 25.68 18972 2367188.90 61390221.00
26/10/2016 25.68 24.53 25.68 25.11 9649 1149666.91 28898222.00
27/10/2016 25.20 24.06 25.58 24.34 8469 1146196.86 28317695.00
28/10/2016 24.44 23.30 24.53 23.87 14445 2675265.53 63770126.00
31/10/2016 23.87 22.73 24.44 23.39 12534 2015715.73 47232768.00
01/11/2016 23.49 22.83 23.96 23.21 7919 826953.03 19321266.00
03/11/2016 23.21 22.35 23.49 22.45 11791 768467.04 17539570.00
04/11/2016 22.54 22.45 23.68 23.02 13854 782778.33 18072358.00
07/11/2016 23.68 23.21 25.20 25.20 4900 1161507.12 28257879.00
08/11/2016 24.82 24.15 25.11 24.53 3361 676174.45 16571537.00
09/11/2016 22.92 22.64 23.58 22.73 4851 1165208.49 26927402.00
10/11/2016 23.30 21.11 23.30 21.20 4485 1051180.81 23188077.00
11/11/2016 21.20 19.78 21.30 20.07 7843 980381.45 19927751.00
14/11/2016 19.69 18.74 19.88 19.40 24205 1712002.95 32897807.00
16/11/2016 19.78 19.59 20.64 19.97 5615 876217.10 17517513.00
17/11/2016 20.26 19.50 20.54 19.50 10302 805964.53 16053007.00
18/11/2016 19.59 19.21 19.78 19.40 4956 520853.27 10153244.00
21/11/2016 19.59 19.12 19.88 19.40 9855 892221.35 17342046.00
22/11/2016 19.59 19.21 19.88 19.50 7363 776385.05 15086163.00
23/11/2016 19.50 19.31 19.88 19.88 3549 826427.26 16165386.00
24/11/2016 19.88 19.88 21.11 20.64 6599 1206933.11 25021653.00
25/11/2016 20.45 19.59 20.92 19.88 12033 1337280.50 26958747.00
28/11/2016 20.07 19.50 20.16 19.69 3397 710611.98 14005813.00
29/11/2016 19.69 19.31 19.88 19.31 3962 534134.08 10395854.00
30/11/2016 19.59 19.50 20.07 19.88 4983 917132.05 18150752.00
01/12/2016 19.78 18.55 19.97 18.83 7265 897384.35 17196838.00
02/12/2016 18.83 18.35 19.21 19.12 9863 1021969.37 19278566.00
05/12/2016 19.12 18.64 19.40 18.74 3754 498140.27 9438047.00
06/12/2016 18.74 18.64 19.69 19.59 6761 739623.64 14243875.00
07/12/2016 19.78 19.40 19.97 19.40 2357 540169.83 10623602.00
08/12/2016 19.50 18.55 19.69 18.64 3458 697236.54 13236614.00
09/12/2016 18.83 18.74 19.40 19.02 6197 528161.39 10071895.00
12/12/2016 19.02 18.26 19.02 18.26 2001 344848.55 6424685.00
13/12/2016 18.55 18.45 19.40 18.74 3667 773829.83 14698197.00
14/12/2016 19.59 18.64 19.78 19.31 5614 1150098.03 22166961.00
15/12/2016 19.21 18.83 19.69 19.69 5872 650622.32 12569289.00
16/12/2016 19.78 19.12 19.78 19.12 4214 509991.00 9869231.00
19/12/2016 19.12 18.07 19.12 18.35 2261 538224.52 9951333.00
20/12/2016 18.55 17.78 18.55 17.88 3384 723367.01 13050198.00
21/12/2016 17.88 17.59 18.16 17.97 1821 501536.71 8950362.00
22/12/2016 17.97 17.59 17.97 17.69 1331 428129.56 7590990.00
23/12/2016 17.78 17.50 17.88 17.50 1098 456636.47 8060844.00
26/12/2016 17.50 17.50 17.69 17.69 724 127182.29 2240031.00
27/12/2016 17.69 17.31 17.78 17.59 1631 302535.07 5312888.00
28/12/2016 17.59 17.50 18.07 18.07 1052 398055.85 7099560.00
29/12/2016 18.07 17.69 18.07 17.69 4115 387887.58 6920532.00
02/01/2017 17.69 17.50 17.88 17.88 667 271378.30 4826087.00
03/01/2017 17.97 17.97 19.88 19.69 3902 1337364.62 25652980.00
04/01/2017 19.78 19.50 20.54 20.35 6776 1056911.64 21304242.00
05/01/2017 20.54 20.26 21.11 20.92 5452 904166.71 18788445.00
06/01/2017 21.11 20.35 21.11 20.54 2235 457025.54 9433429.00
09/01/2017 20.64 20.54 21.30 21.01 1532 332303.82 6972212.00
10/01/2017 21.01 20.54 21.39 20.54 1756 561074.21 11711774.00
11/01/2017 20.73 19.50 21.01 20.16 5577 1077290.24 21578334.00
12/01/2017 21.39 20.82 21.87 21.68 4734 1497796.21 32152376.00
13/01/2017 21.78 21.68 22.73 22.73 6062 1113168.38 24738766.00
16/01/2017 22.64 22.35 23.68 23.21 5625 884944.78 20563823.00
17/01/2017 23.39 23.11 24.72 23.58 8121 2159659.37 51417545.00
18/01/2017 24.06 23.30 25.30 23.30 9526 2711732.51 65581240.00
19/01/2017 23.68 22.45 24.06 22.83 6780 1453695.14 33886585.00
20/01/2017 23.49 23.21 24.06 23.77 3788 1298395.01 30718675.00
23/01/2017 23.68 23.58 24.53 24.15 5059 1034398.43 24879905.00
24/01/2017 24.44 23.96 24.91 24.25 5732 1592149.80 38881112.00
26/01/2017 24.72 23.49 24.72 24.15 13041 1366649.67 33221677.00
27/01/2017 23.87 23.68 24.44 23.96 5959 665806.38 15991040.00
30/01/2017 23.87 22.64 23.87 22.73 6120 990255.29 22854142.00
31/01/2017 22.92 22.83 23.77 23.39 1884 486762.74 11394617.00
01/02/2017 23.87 23.77 24.72 24.63 4017 889529.45 21604478.00
02/02/2017 24.44 24.34 25.58 24.72 3264 1199824.79 29872569.00
03/02/2017 24.53 24.53 25.49 25.01 2908 903525.28 22646529.00
06/02/2017 25.49 25.01 26.15 25.01 4877 1646503.28 42130866.00
07/02/2017 25.58 24.25 25.58 24.72 4608 1131790.94 28093827.00
08/02/2017 25.01 24.34 25.20 25.11 2354 625764.20 15536652.00
09/02/2017 25.30 24.53 25.30 24.91 2282 675985.17 16829599.00
10/02/2017 25.01 24.72 25.49 25.39 3058 618329.90 15589442.00
13/02/2017 25.39 24.82 25.78 24.82 2140 519055.16 13095430.00
14/02/2017 24.91 23.96 25.11 24.53 3696 658151.26 16168217.00
15/02/2017 24.63 24.25 25.01 24.53 4567 916259.27 22628986.00
16/02/2017 24.63 24.06 24.82 24.63 4144 711137.75 17378356.00
17/02/2017 24.72 23.87 24.91 23.96 2501 988720.06 24062059.00
20/02/2017 24.34 23.87 24.44 24.15 3435 524323.31 12642823.00
21/02/2017 24.25 23.58 24.34 24.06 4671 832473.55 19990204.00
22/02/2017 24.15 23.39 24.15 23.58 2223 636153.30 15147731.00
23/02/2017 23.77 22.35 23.96 22.64 4787 883188.73 20327894.00
24/02/2017 22.35 21.39 22.92 21.78 3340 750759.31 16681029.00
01/03/2017 21.97 21.87 23.02 22.83 2587 414322.99 9287656.00
02/03/2017 22.83 21.97 23.02 22.26 2880 567246.68 12749139.00
03/03/2017 22.35 22.07 22.54 22.45 1471 208223.54 4640683.00
06/03/2017 22.45 22.16 23.21 22.92 2441 533114.09 12140022.00
07/03/2017 23.02 22.54 23.39 22.73 2006 343418.47 7889761.00
08/03/2017 22.83 21.68 22.83 22.07 3232 506110.86 11170211.00
09/03/2017 21.87 21.59 22.83 22.64 6834 731831.82 16326960.00
10/03/2017 22.73 22.45 23.02 22.45 1178 237130.04 5392556.00
13/03/2017 22.73 22.45 23.96 23.77 2847 703461.59 16384602.00
14/03/2017 23.96 23.30 24.53 24.25 3338 1111107.38 26754542.00
15/03/2017 24.34 23.77 25.01 25.01 3122 936532.74 22927383.00
16/03/2017 24.44 24.15 24.91 24.44 5619 726826.54 17866228.00
17/03/2017 22.35 20.92 22.45 21.11 16631 2136935.86 46112741.00
20/03/2017 21.20 19.50 21.39 20.07 5857 1196049.80 23997651.00
21/03/2017 20.07 19.88 20.64 19.97 3504 616048.08 12462572.00
22/03/2017 19.97 19.21 20.16 19.40 3704 917005.87 18089370.00
23/03/2017 17.68 17.53 19.73 19.42 2733 1745243.64 32812823.00
24/03/2017 18.62 18.32 19.05 18.68 1777 1419755.91 26432811.00
27/03/2017 18.50 18.16 18.97 18.97 1861 759565.87 14232714.00
28/03/2017 18.78 18.78 20.09 19.41 1211 385595.21 7475129.00
29/03/2017 19.22 19.22 19.65 19.29 2857 559113.06 10850028.00
30/03/2017 19.34 19.19 19.48 19.40 1811 732205.62 14187814.00
31/03/2017 19.22 19.22 19.52 19.22 2528 818964.54 15848403.00
03/04/2017 19.24 19.05 19.43 19.05 791 586189.78 11204076.00
04/04/2017 19.05 18.90 19.16 18.98 797 704845.37 13433391.00
05/04/2017 18.84 18.83 19.31 19.18 1557 1015022.70 19362308.00
06/04/2017 19.00 18.98 19.21 19.12 807 273602.49 5218422.00
07/04/2017 18.95 18.21 19.02 18.32 1481 539549.78 9962670.00
10/04/2017 18.49 17.53 18.49 17.92 1059 432235.22 7704391.00
11/04/2017 17.93 17.75 18.08 17.81 1066 353840.31 6318002.00
12/04/2017 17.81 17.64 17.97 17.81 869 319533.68 5693481.00
13/04/2017 17.66 17.65 18.07 17.78 891 288487.60 5143994.00
17/04/2017 17.80 17.71 18.76 18.69 683 255315.07 4694274.00
18/04/2017 18.73 18.09 18.73 18.26 970 291889.91 5351012.00
19/04/2017 18.34 18.34 19.03 18.57 821 252196.28 4688954.00
20/04/2017 18.74 18.57 19.00 18.57 412 157498.63 2949510.00
24/04/2017 18.62 18.24 18.76 18.32 369 90019.47 1657655.00
25/04/2017 18.51 18.48 20.81 20.31 2234 1428119.92 28538099.00
26/04/2017 20.41 19.66 20.46 19.86 766 293732.83 5873511.00
27/04/2017 20.03 19.38 20.03 19.47 1221 806489.40 15787296.00
28/04/2017 18.78 17.10 18.83 18.19 3668 1863000.00 33013825.00
02/05/2017 18.35 17.85 18.70 18.26 2297 628800.00 11573845.00
03/05/2017 18.21 18.06 18.54 18.06 985 243600.00 4439130.00
04/05/2017 18.00 16.81 18.50 17.22 2766 888600.00 15419764.00
05/05/2017 17.11 16.81 17.25 16.81 1541 433000.00 7342489.00
08/05/2017 16.65 15.25 16.65 15.50 2568 849500.00 13378821.00
09/05/2017 15.40 14.80 15.74 14.80 1869 615700.00 9317694.00
10/05/2017 13.90 13.70 14.37 13.92 5040 3058800.00 42866465.00
11/05/2017 14.05 13.36 14.35 13.40 2947 1706000.00 23537542.00
12/05/2017 13.55 13.26 13.93 13.36 2836 1297600.00 17578592.00
15/05/2017 13.47 13.33 14.15 14.15 3464 1417700.00 19513597.00
16/05/2017 14.26 13.77 14.28 13.90 2693 948700.00 13314412.00
17/05/2017 13.94 13.55 14.00 13.67 951 1048700.00 14569169.00
18/05/2017 10.31 10.31 12.35 12.15 1641 1298800.00 15443019.00
19/05/2017 12.12 12.09 12.44 12.18 2274 795800.00 9731376.00
22/05/2017 12.20 11.21 12.20 11.38 2115 876100.00 10089710.00
23/05/2017 11.25 11.12 11.73 11.24 1112 1101300.00 12545515.00
24/05/2017 11.30 11.26 11.62 11.59 995 348200.00 4007762.00
25/05/2017 11.55 11.27 11.78 11.27 924 479600.00 5518795.00
26/05/2017 11.26 11.23 11.49 11.35 600 182900.00 2072377.00
29/05/2017 11.32 11.21 11.41 11.41 344 116900.00 1323816.00
30/05/2017 11.35 11.26 11.57 11.26 771 213200.00 2426840.00
31/05/2017 11.32 10.70 11.34 10.70 1128 420700.00 4592509.00
01/06/2017 10.80 10.67 11.34 11.18 2104 649800.00 7181772.00
02/06/2017 11.26 10.93 11.30 10.98 916 299700.00 3316455.00
05/06/2017 11.00 10.75 11.14 10.75 629 183500.00 2005065.00
06/06/2017 10.80 10.35 10.88 10.37 1473 448000.00 4708924.00
07/06/2017 10.55 10.41 10.56 10.47 1082 319200.00 3341626.00
08/06/2017 10.46 10.36 10.50 10.40 589 210400.00 2192220.00
09/06/2017 10.41 10.37 10.76 10.60 1050 292700.00 3102280.00
12/06/2017 10.63 10.40 10.80 10.64 1123 335500.00 3563679.00
13/06/2017 10.65 10.65 11.45 11.35 1069 442800.00 4948666.00
14/06/2017 11.42 11.03 11.42 11.26 997 321600.00 3599719.00
16/06/2017 11.34 10.91 11.40 11.22 883 259200.00 2882086.00
