20/06/2016 4.29 4.15 4.34 4.20 153 1449400.00 6158154.00
21/06/2016 4.20 4.06 4.20 4.17 171 150500.00 625175.00
22/06/2016 4.22 4.16 4.28 4.20 207 130700.00 551844.00
23/06/2016 4.25 4.22 4.48 4.48 309 1245400.00 5323899.00
24/06/2016 4.26 4.07 4.27 4.17 550 492100.00 2057095.00
27/06/2016 4.22 4.03 4.22 4.14 205 130900.00 540055.00
28/06/2016 4.27 4.09 4.27 4.15 355 133600.00 557335.00
29/06/2016 4.14 4.13 4.22 4.16 177 138000.00 578062.00
30/06/2016 4.16 4.10 4.29 4.29 307 303700.00 1280403.00
01/07/2016 4.25 4.19 4.44 4.39 898 507100.00 2191207.00
04/07/2016 4.38 4.32 4.62 4.52 1040 687500.00 3128696.00
05/07/2016 4.50 4.30 4.52 4.35 885 352500.00 1543771.00
06/07/2016 4.35 4.21 4.44 4.44 410 202000.00 877920.00
07/07/2016 4.43 4.32 4.49 4.35 308 350700.00 1544030.00
08/07/2016 4.44 4.36 4.45 4.40 207 130000.00 573281.00
11/07/2016 4.45 4.45 4.57 4.53 242 205300.00 928564.00
12/07/2016 4.58 4.58 4.80 4.76 1520 450200.00 2124007.00
13/07/2016 4.78 4.51 4.99 4.99 504 295700.00 1416256.00
14/07/2016 4.99 4.81 5.05 4.86 587 351200.00 1729232.00
15/07/2016 4.85 4.85 5.00 5.00 241 177000.00 881207.00
18/07/2016 5.00 4.93 5.10 5.06 262 245700.00 1243340.00
19/07/2016 5.06 4.97 5.10 5.00 277 178800.00 898543.00
20/07/2016 5.03 4.91 5.06 4.93 264 108700.00 539131.00
21/07/2016 4.95 4.90 5.05 4.98 425 215700.00 1076636.00
22/07/2016 4.98 4.94 5.20 5.17 383 279300.00 1424717.00
25/07/2016 5.22 5.13 5.30 5.20 321 129300.00 674227.00
26/07/2016 5.25 5.20 5.40 5.40 410 247000.00 1314335.00
27/07/2016 5.41 5.41 5.72 5.61 639 284900.00 1594949.00
28/07/2016 5.62 5.30 5.67 5.55 374 311800.00 1717595.00
29/07/2016 5.51 5.39 5.55 5.53 252 193000.00 1060952.00
01/08/2016 5.53 5.53 5.70 5.66 331 222500.00 1256817.00
02/08/2016 5.55 5.42 5.68 5.45 409 135000.00 744035.00
03/08/2016 5.48 5.30 5.58 5.52 209 107600.00 591224.00
04/08/2016 5.60 5.59 5.87 5.84 849 395800.00 2286325.00
05/08/2016 5.89 5.85 6.05 6.05 511 351200.00 2098315.00
08/08/2016 6.12 5.72 6.13 5.81 322 228200.00 1342635.00
09/08/2016 5.87 5.81 5.99 5.97 297 248300.00 1469783.00
10/08/2016 6.11 5.93 6.20 6.08 1006 386700.00 2354533.00
11/08/2016 6.10 5.98 6.48 6.48 1255 454200.00 2860514.00
12/08/2016 6.48 6.29 6.59 6.38 621 226200.00 1456204.00
15/08/2016 6.43 6.41 6.89 6.88 1051 350900.00 2361357.00
16/08/2016 6.88 6.73 7.05 6.83 1967 598700.00 4134789.00
17/08/2016 6.85 6.60 7.03 7.00 638 320400.00 2201350.00
18/08/2016 6.91 6.91 7.37 7.34 1081 404300.00 2922919.00
19/08/2016 7.34 7.08 7.40 7.30 526 237400.00 1731552.00
22/08/2016 7.30 6.86 7.30 6.89 474 226200.00 1592032.00
23/08/2016 7.00 6.92 7.19 6.92 284 155700.00 1096557.00
24/08/2016 6.92 6.44 6.98 6.44 524 321200.00 2128512.00
25/08/2016 6.46 6.40 6.64 6.46 220 133000.00 868179.00
26/08/2016 6.53 6.41 6.66 6.52 229 155300.00 1018079.00
29/08/2016 6.45 6.43 6.71 6.60 1075 503200.00 3340354.00
30/08/2016 6.58 6.44 6.73 6.50 409 261900.00 1723230.00
31/08/2016 6.50 6.20 6.55 6.45 439 501200.00 3189749.00
01/09/2016 6.35 6.27 6.47 6.34 241 139400.00 885635.00
02/09/2016 6.34 6.33 6.65 6.65 1282 354400.00 2304775.00
05/09/2016 6.66 6.66 6.90 6.78 266 174600.00 1180862.00
06/09/2016 6.75 6.59 6.83 6.81 444 435000.00 2952561.00
08/09/2016 6.80 6.77 7.14 7.06 3765 1225500.00 8566963.00
09/09/2016 7.04 6.69 7.04 6.85 851 379900.00 2609195.00
12/09/2016 6.71 6.53 6.99 6.90 545 262900.00 1769058.00
13/09/2016 6.83 6.30 6.87 6.30 738 348300.00 2237071.00
14/09/2016 6.44 6.25 6.52 6.46 1253 333700.00 2150532.00
15/09/2016 6.53 6.36 6.53 6.44 491 123800.00 796418.00
16/09/2016 6.44 6.10 6.44 6.13 1029 746100.00 4615265.00
19/09/2016 6.24 6.10 6.35 6.21 270 149400.00 933473.00
20/09/2016 6.20 6.00 6.32 6.07 230 132500.00 810011.00
21/09/2016 6.10 6.10 6.39 6.39 491 304400.00 1899732.00
22/09/2016 6.40 6.29 6.49 6.30 574 190500.00 1218505.00
23/09/2016 6.32 6.15 6.40 6.35 167 62400.00 393071.00
26/09/2016 6.37 6.16 6.37 6.30 130 64700.00 403403.00
27/09/2016 6.30 6.08 6.30 6.24 214 84000.00 517362.00
28/09/2016 6.24 6.24 6.50 6.50 335 288200.00 1838788.00
29/09/2016 6.43 6.40 6.63 6.50 886 338700.00 2216670.00
30/09/2016 6.55 6.37 6.55 6.55 196 135800.00 884065.00
03/10/2016 6.64 6.41 6.64 6.60 343 325700.00 2145648.00
04/10/2016 6.53 6.40 6.60 6.44 595 132300.00 856739.00
05/10/2016 6.52 6.45 6.59 6.59 270 137900.00 900480.00
06/10/2016 6.60 6.58 6.75 6.72 330 171300.00 1144389.00
07/10/2016 6.75 6.72 6.95 6.95 855 272800.00 1874366.00
10/10/2016 6.95 6.85 6.99 6.99 462 141000.00 979353.00
11/10/2016 6.92 6.82 7.00 6.88 385 94400.00 652797.00
13/10/2016 6.88 6.60 6.88 6.75 270 92000.00 615849.00
14/10/2016 6.80 6.77 6.89 6.82 550 197900.00 1353999.00
17/10/2016 6.75 6.72 6.98 6.86 285 106500.00 733014.00
18/10/2016 6.84 6.84 7.25 7.22 1150 549000.00 3893803.00
19/10/2016 7.24 7.06 7.29 7.18 615 311400.00 2232490.00
20/10/2016 7.11 7.09 7.45 7.41 777 229000.00 1681132.00
21/10/2016 7.31 7.23 7.75 7.68 402 198800.00 1505273.00
24/10/2016 7.75 7.58 7.97 7.63 449 173600.00 1351076.00
25/10/2016 7.65 7.41 7.74 7.58 342 153500.00 1165525.00
26/10/2016 7.51 7.42 7.60 7.59 295 143200.00 1081710.00
27/10/2016 7.60 7.60 7.76 7.71 455 284900.00 2197062.00
28/10/2016 7.67 7.67 7.99 7.99 1755 889500.00 7064356.00
31/10/2016 7.99 7.82 8.14 8.10 667 532400.00 4288823.00
01/11/2016 8.10 7.60 8.11 7.70 449 274600.00 2136663.00
03/11/2016 7.70 7.35 7.70 7.43 496 284100.00 2128420.00
04/11/2016 7.30 7.29 7.80 7.60 501 562300.00 4185287.00
07/11/2016 7.80 7.73 8.00 8.00 389 171700.00 1358344.00
08/11/2016 7.90 7.89 8.15 8.15 294 185000.00 1483547.00
09/11/2016 7.56 7.50 8.75 8.63 1325 799900.00 6749105.00
10/11/2016 8.80 8.73 9.34 9.00 1759 1299900.00 11693358.00
11/11/2016 9.00 8.25 9.10 8.70 679 281400.00 2435076.00
14/11/2016 8.53 8.32 9.25 9.25 881 1363800.00 12187804.00
16/11/2016 8.99 8.62 9.06 8.96 1476 428200.00 3820825.00
17/11/2016 8.95 8.80 9.08 8.97 1521 480900.00 4315642.00
18/11/2016 8.80 8.60 9.25 9.25 2236 541600.00 4879590.00
21/11/2016 9.29 9.04 9.49 9.31 1051 608800.00 5714881.00
22/11/2016 9.54 9.43 9.70 9.59 929 551200.00 5278098.00
23/11/2016 9.57 9.37 9.80 9.80 1014 483600.00 4662697.00
24/11/2016 9.87 9.54 9.89 9.75 382 167700.00 1634902.00
25/11/2016 9.71 9.52 9.90 9.86 735 250900.00 2458100.00
28/11/2016 9.69 9.67 10.15 10.09 832 386500.00 3860505.00
29/11/2016 10.08 9.56 10.08 9.56 498 554500.00 5478978.00
30/11/2016 9.55 9.27 9.75 9.47 766 616300.00 5850450.00
01/12/2016 9.47 8.95 9.57 9.06 363 151000.00 1397096.00
02/12/2016 8.87 8.57 9.08 8.92 618 238100.00 2104304.00
05/12/2016 8.87 8.87 9.26 9.09 337 120400.00 1093697.00
06/12/2016 9.05 8.82 9.30 9.04 634 244900.00 2203402.00
07/12/2016 9.20 9.12 9.45 9.35 870 263200.00 2443572.00
08/12/2016 9.41 9.27 9.65 9.32 1132 397900.00 3752241.00
09/12/2016 9.45 8.81 9.45 8.94 459 229600.00 2070959.00
12/12/2016 8.93 8.38 8.93 8.51 788 244200.00 2080697.00
13/12/2016 8.49 8.18 8.55 8.29 420 136900.00 1137588.00
14/12/2016 8.23 7.72 8.23 7.80 453 182500.00 1442631.00
15/12/2016 7.80 7.64 8.15 8.07 330 146300.00 1161193.00
16/12/2016 8.10 7.84 8.15 7.88 212 68600.00 547173.00
19/12/2016 7.84 7.51 7.99 7.60 423 161900.00 1246649.00
20/12/2016 7.62 7.32 7.73 7.49 384 163200.00 1226269.00
21/12/2016 7.51 7.50 7.72 7.70 577 156200.00 1197164.00
22/12/2016 7.61 7.34 7.61 7.40 561 192300.00 1427853.00
23/12/2016 7.41 7.32 7.56 7.33 567 269500.00 1997308.00
26/12/2016 7.33 7.33 7.51 7.48 371 113800.00 846982.00
27/12/2016 7.53 7.53 7.79 7.79 366 140400.00 1080629.00
28/12/2016 7.80 7.64 8.00 7.68 363 143500.00 1124034.00
29/12/2016 7.68 7.54 7.90 7.90 323 271900.00 2122530.00
02/01/2017 7.84 7.57 7.84 7.67 319 215700.00 1670058.00
03/01/2017 7.79 7.78 8.04 7.98 535 1092500.00 8547268.00
04/01/2017 7.93 7.85 8.06 7.93 361 112200.00 891384.00
05/01/2017 8.00 7.99 8.42 8.38 512 183000.00 1505609.00
06/01/2017 8.44 8.18 8.48 8.39 174 56200.00 466614.00
09/01/2017 8.45 8.32 8.54 8.37 723 181700.00 1532347.00
10/01/2017 8.46 8.27 8.48 8.38 929 185700.00 1557812.00
11/01/2017 8.46 8.38 8.84 8.84 522 157900.00 1352591.00
12/01/2017 8.88 8.88 9.10 9.05 481 168900.00 1524336.00
13/01/2017 8.99 8.89 9.23 9.20 608 157400.00 1433062.00
16/01/2017 9.20 9.19 9.45 9.34 281 148900.00 1385190.00
17/01/2017 9.34 8.98 9.34 9.26 848 333300.00 3066599.00
18/01/2017 9.34 8.66 9.37 9.01 406 150500.00 1380298.00
19/01/2017 9.08 8.51 9.08 8.57 615 190600.00 1663157.00
20/01/2017 8.58 8.46 8.70 8.59 342 169700.00 1456577.00
23/01/2017 8.66 8.61 8.94 8.91 373 224300.00 1970462.00
24/01/2017 9.01 8.72 9.19 8.84 351 129000.00 1152619.00
26/01/2017 9.00 8.77 9.10 8.87 1106 886500.00 7872654.00
27/01/2017 8.89 8.70 9.08 9.08 1127 344600.00 3060437.00
30/01/2017 8.97 8.55 8.97 8.55 1016 371200.00 3214694.00
31/01/2017 8.60 8.39 8.74 8.63 721 218300.00 1871278.00
01/02/2017 8.76 8.61 8.80 8.70 286 130900.00 1141286.00
02/02/2017 8.69 8.60 8.93 8.90 514 220600.00 1938845.00
03/02/2017 8.80 8.62 8.95 8.95 587 188700.00 1662002.00
06/02/2017 9.00 8.81 9.07 8.81 307 111700.00 995713.00
07/02/2017 8.83 8.66 8.97 8.79 751 220600.00 1936208.00
08/02/2017 8.84 8.53 8.84 8.69 456 216100.00 1861558.00
09/02/2017 8.69 8.63 8.84 8.84 447 161000.00 1414546.00
10/02/2017 8.89 8.87 9.07 9.05 600 202400.00 1818122.00
13/02/2017 9.09 9.09 9.38 9.35 611 189900.00 1769362.00
14/02/2017 9.40 9.10 9.40 9.29 788 203800.00 1894349.00
15/02/2017 9.28 9.27 9.45 9.39 1239 275200.00 2581637.00
16/02/2017 9.28 9.15 9.49 9.45 822 288300.00 2711317.00
17/02/2017 9.44 9.24 9.44 9.37 410 104000.00 970170.00
20/02/2017 9.37 9.36 9.50 9.37 600 297600.00 2799586.00
21/02/2017 9.43 9.25 9.50 9.31 2427 925600.00 8679901.00
22/02/2017 9.25 8.95 9.30 9.06 712 587300.00 5306521.00
23/02/2017 9.16 8.79 9.24 8.95 1067 394100.00 3560747.00
24/02/2017 8.93 8.79 9.18 9.12 1516 635000.00 5744718.00
01/03/2017 9.20 9.01 9.36 9.15 1972 650500.00 6012420.00
02/03/2017 9.25 9.23 9.43 9.43 4509 1966800.00 18348258.00
03/03/2017 9.40 9.36 9.69 9.63 3490 983600.00 9341024.00
06/03/2017 9.60 9.37 9.69 9.50 2941 676100.00 6430294.00
07/03/2017 9.57 9.44 9.74 9.60 2550 539600.00 5186861.00
08/03/2017 12.15 11.01 12.16 11.30 13301 7713000.00 87840789.00
09/03/2017 11.16 10.97 11.67 11.26 7404 3984000.00 44730525.00
10/03/2017 11.20 10.97 11.48 11.18 2895 1109500.00 12417264.00
13/03/2017 11.16 11.16 11.60 11.60 3176 1013500.00 11620997.00
14/03/2017 11.60 11.42 11.69 11.66 3528 1551900.00 18029010.00
15/03/2017 11.67 11.65 12.24 12.20 4366 2390300.00 28584841.00
16/03/2017 12.14 12.02 12.35 12.23 2344 650600.00 7930509.00
17/03/2017 12.22 11.56 12.33 11.56 4156 2684400.00 31376740.00
20/03/2017 11.52 11.28 11.96 11.91 1577 505800.00 5937659.00
21/03/2017 11.86 10.93 11.87 11.23 3085 933100.00 10518350.00
22/03/2017 11.18 10.62 11.38 11.24 2405 987400.00 10890050.00
23/03/2017 11.12 10.95 11.41 10.95 2828 859700.00 9533755.00
24/03/2017 10.82 10.57 11.07 10.71 648 263200.00 2850213.00
27/03/2017 10.48 10.25 10.72 10.59 1594 489400.00 5152372.00
28/03/2017 10.60 10.35 10.68 10.65 1032 247400.00 2609002.00
29/03/2017 10.65 10.55 10.80 10.67 735 1783900.00 19039096.00
30/03/2017 10.74 10.28 10.74 10.44 774 276100.00 2893872.00
31/03/2017 10.40 10.24 10.70 10.55 1572 330000.00 3489213.00
03/04/2017 10.49 10.28 10.56 10.36 486 126000.00 1310397.00
04/04/2017 10.41 10.41 10.63 10.63 406 155800.00 1644602.00
05/04/2017 10.52 10.20 10.94 10.25 996 234600.00 2486119.00
06/04/2017 10.30 10.00 10.33 10.18 630 185700.00 1890410.00
07/04/2017 10.05 9.92 10.59 10.30 1222 401800.00 4113764.00
10/04/2017 10.25 9.79 10.34 9.90 1759 448000.00 4439779.00
11/04/2017 9.99 9.57 9.99 9.90 1034 274800.00 2685476.00
12/04/2017 9.76 9.26 9.76 9.30 1152 326200.00 3084760.00
13/04/2017 9.35 9.19 9.46 9.29 1295 398000.00 3700289.00
17/04/2017 9.21 9.21 9.45 9.21 867 266200.00 2471080.00
18/04/2017 9.21 8.91 9.21 9.10 1388 459200.00 4164629.00
19/04/2017 9.11 8.91 9.28 9.07 393 150700.00 1368909.00
20/04/2017 9.22 9.02 9.27 9.27 753 271100.00 2482843.00
24/04/2017 9.28 9.25 9.45 9.45 556 317400.00 2983880.00
25/04/2017 9.47 9.27 9.73 9.73 1332 421500.00 4016873.00
26/04/2017 9.68 9.41 9.69 9.58 1418 983000.00 9333623.00
27/04/2017 9.52 9.22 9.58 9.37 711 201700.00 1887944.00
28/04/2017 9.42 9.41 9.70 9.67 1147 605000.00 5818079.00
02/05/2017 9.67 9.66 9.97 9.92 1018 314300.00 3090766.00
03/05/2017 9.90 9.30 9.90 9.40 3723 908700.00 8551842.00
04/05/2017 9.35 8.92 9.35 9.07 700 207000.00 1875877.00
05/05/2017 9.07 8.91 9.30 9.13 665 254100.00 2326404.00
08/05/2017 9.13 8.87 9.14 9.00 275 98600.00 887090.00
09/05/2017 9.07 9.04 9.42 9.39 729 185800.00 1725592.00
10/05/2017 9.40 9.40 9.68 9.66 537 197900.00 1899397.00
11/05/2017 9.70 9.38 9.89 9.89 872 337000.00 3297384.00
12/05/2017 9.90 9.43 9.95 9.54 1069 431800.00 4139866.00
15/05/2017 9.54 9.47 9.90 9.90 2119 1039100.00 10092668.00
16/05/2017 9.90 9.78 10.23 10.15 1832 684400.00 6782327.00
17/05/2017 10.20 9.94 10.29 10.06 1237 301600.00 3045552.00
18/05/2017 8.00 7.60 9.44 8.95 898 310700.00 2759255.00
19/05/2017 9.00 9.00 9.49 9.40 915 269100.00 2506892.00
22/05/2017 9.20 8.85 9.31 9.31 361 193600.00 1773653.00
23/05/2017 9.16 9.10 9.77 9.77 484 298100.00 2863195.00
24/05/2017 9.67 9.56 9.81 9.64 798 340000.00 3278342.00
25/05/2017 9.49 9.32 9.80 9.45 1314 472000.00 4463006.00
26/05/2017 9.43 9.34 9.57 9.43 963 288900.00 2728856.00
29/05/2017 9.39 9.39 9.70 9.70 560 185300.00 1781196.00
30/05/2017 9.69 9.57 9.89 9.89 851 409700.00 4008384.00
31/05/2017 9.78 9.35 9.82 9.46 1621 877100.00 8364727.00
01/06/2017 9.49 9.28 9.65 9.40 819 269000.00 2544348.00
02/06/2017 9.49 9.40 9.60 9.43 1253 423000.00 4010274.00
05/06/2017 9.41 9.24 9.52 9.34 924 286000.00 2663645.00
06/06/2017 9.32 9.17 9.48 9.40 920 299000.00 2804261.00
07/06/2017 9.39 9.09 9.48 9.21 1083 336100.00 3096443.00
08/06/2017 9.10 9.00 9.52 9.45 974 371400.00 3464369.00
09/06/2017 9.50 9.44 9.79 9.54 1114 255700.00 2460092.00
12/06/2017 9.54 9.31 9.63 9.46 792 215000.00 2031659.00
13/06/2017 9.47 9.23 9.53 9.44 805 233800.00 2190208.00
14/06/2017 9.44 9.08 9.47 9.14 875 278100.00 2553414.00
16/06/2017 9.08 8.80 9.10 9.10 1037 913200.00 8264450.00
