20/06/2016 6.12 5.85 6.15 5.85 10464 10016800.00 59855566.00
21/06/2016 5.85 5.70 5.92 5.77 13683 11154400.00 64511937.00
22/06/2016 5.84 5.79 5.98 5.80 16277 9442200.00 55404575.00
23/06/2016 5.94 5.88 6.25 6.25 14950 13249100.00 80496883.00
24/06/2016 5.87 5.78 6.08 5.86 20042 14298800.00 84633369.00
27/06/2016 5.89 5.71 5.98 5.73 11021 8255700.00 47939002.00
28/06/2016 5.90 5.71 5.96 5.75 15160 12075500.00 70102590.00
29/06/2016 5.84 5.79 5.95 5.80 10562 8961600.00 52460339.00
30/06/2016 5.80 5.71 5.93 5.89 12833 11349600.00 66110494.00
01/07/2016 5.93 5.90 6.30 6.19 17413 16151800.00 99130038.00
04/07/2016 6.30 6.27 6.43 6.30 14004 7209300.00 45845804.00
05/07/2016 6.23 5.97 6.30 6.00 10359 8363800.00 51050089.00
06/07/2016 5.95 5.83 6.15 6.14 10832 10491300.00 62872870.00
07/07/2016 6.17 5.99 6.29 6.01 12709 10006000.00 61238291.00
08/07/2016 6.15 6.06 6.21 6.16 14942 7152900.00 44016741.00
11/07/2016 6.30 6.18 6.34 6.27 11172 7126300.00 44741519.00
12/07/2016 6.42 6.42 6.75 6.64 28437 22709700.00 150412409.00
13/07/2016 6.63 6.24 6.97 6.94 34384 26566500.00 176158292.00
14/07/2016 7.09 6.71 7.13 6.79 21692 18525400.00 127760927.00
15/07/2016 6.79 6.73 6.99 6.94 20580 12307800.00 84876859.00
18/07/2016 6.91 6.85 7.18 7.13 14299 15647100.00 109973830.00
19/07/2016 7.05 6.92 7.18 7.03 13833 10818000.00 76242582.00
20/07/2016 7.03 6.80 7.06 6.83 10682 11721200.00 80743096.00
21/07/2016 6.86 6.86 7.04 6.92 13742 11270600.00 78402865.00
22/07/2016 6.94 6.88 7.31 7.29 14578 14875900.00 105984659.00
25/07/2016 7.37 7.16 7.49 7.33 16633 10927400.00 80101947.00
26/07/2016 7.37 7.31 7.64 7.60 16374 15323700.00 114987960.00
27/07/2016 7.69 7.66 7.95 7.92 25075 16359500.00 129018014.00
28/07/2016 8.00 7.54 8.05 7.82 15856 16835600.00 131018791.00
29/07/2016 7.80 7.57 7.81 7.75 11830 9907200.00 76475764.00
01/08/2016 7.79 7.79 8.05 7.91 21460 14231400.00 113479132.00
02/08/2016 7.84 7.55 7.98 7.58 13309 9691100.00 74558121.00
03/08/2016 7.65 7.40 7.88 7.85 16867 11676600.00 89800828.00
04/08/2016 8.00 7.98 8.37 8.25 30046 20794600.00 170623187.00
05/08/2016 8.45 8.35 8.62 8.57 22340 16613500.00 141704439.00
08/08/2016 8.72 8.08 8.72 8.15 21751 15865100.00 132220810.00
09/08/2016 8.31 8.20 8.55 8.34 22994 22257900.00 186623005.00
10/08/2016 8.60 8.35 8.81 8.60 22645 21960100.00 189203266.00
11/08/2016 8.78 8.46 9.05 9.05 24352 18318900.00 160761870.00
12/08/2016 9.10 8.95 9.29 9.06 19849 16499000.00 150583580.00
15/08/2016 9.10 9.07 9.73 9.71 26287 18571300.00 176037522.00
16/08/2016 9.72 9.47 10.02 9.59 26811 22633200.00 220672425.00
17/08/2016 9.54 9.30 10.00 9.92 36413 25156900.00 244934450.00
18/08/2016 9.94 9.86 10.47 10.34 31227 25773200.00 265538662.00
19/08/2016 10.39 10.01 10.49 10.28 24033 18187300.00 186974721.00
22/08/2016 10.26 9.62 10.30 9.67 19259 16819800.00 167073067.00
23/08/2016 9.94 9.70 10.04 9.72 18836 18398700.00 182217576.00
24/08/2016 9.63 9.07 9.63 9.11 18686 17720400.00 166372078.00
25/08/2016 9.07 8.98 9.44 9.13 15863 14547000.00 134389080.00
26/08/2016 9.22 9.06 9.49 9.20 19537 15701500.00 145724128.00
29/08/2016 9.27 9.06 9.44 9.30 16264 12476500.00 116242718.00
30/08/2016 9.32 9.13 9.56 9.20 12757 11105900.00 103657243.00
31/08/2016 9.29 8.88 9.35 9.08 24792 14710400.00 134051430.00
01/09/2016 9.18 8.92 9.21 8.95 18288 12081100.00 108807646.00
02/09/2016 9.03 9.03 9.49 9.47 17755 12963800.00 120132690.00
05/09/2016 9.58 9.58 9.78 9.64 8433 7997900.00 77290320.00
06/09/2016 9.71 9.38 9.79 9.61 14316 11847300.00 113707206.00
08/09/2016 9.61 9.57 9.86 9.77 27121 16074600.00 156388243.00
09/09/2016 9.65 9.24 9.70 9.27 21562 16519600.00 156064565.00
12/09/2016 9.13 8.94 9.49 9.48 17567 15481400.00 142786721.00
13/09/2016 9.29 8.61 9.43 8.65 33593 25935800.00 230131528.00
14/09/2016 8.77 8.59 8.93 8.74 24344 16626800.00 145406591.00
15/09/2016 8.77 8.68 8.90 8.71 16174 10879700.00 95613160.00
16/09/2016 8.63 8.23 8.65 8.39 21219 17696600.00 148140835.00
19/09/2016 8.55 8.32 8.71 8.42 11931 9698900.00 82819183.00
20/09/2016 8.50 8.18 8.58 8.30 14454 10928900.00 91040939.00
21/09/2016 8.38 8.38 8.84 8.77 21873 16565700.00 142365883.00
22/09/2016 8.93 8.68 9.07 8.70 19544 14348400.00 127484965.00
23/09/2016 8.66 8.52 8.87 8.69 12362 8133900.00 70781520.00
26/09/2016 8.59 8.52 8.74 8.68 8737 6175200.00 53537648.00
27/09/2016 8.72 8.43 8.72 8.63 12775 9015100.00 77442437.00
28/09/2016 8.69 8.67 9.04 9.04 16035 13598400.00 121022143.00
29/09/2016 9.02 8.90 9.29 9.02 18886 15847800.00 144460150.00
30/09/2016 9.09 8.86 9.15 8.86 15958 11373300.00 102277819.00
03/10/2016 8.96 8.85 9.03 9.00 11701 8036000.00 72039156.00
04/10/2016 9.00 8.81 9.07 8.85 13209 8605200.00 76795075.00
05/10/2016 8.92 8.88 9.14 9.08 10362 8160600.00 73747287.00
06/10/2016 9.04 9.02 9.40 9.31 33727 14661000.00 136046018.00
07/10/2016 9.46 9.44 9.74 9.67 17820 17657700.00 169765221.00
10/10/2016 9.75 9.59 9.82 9.75 13150 10815600.00 105137181.00
11/10/2016 9.69 9.48 9.84 9.50 20344 12172800.00 117484806.00
13/10/2016 9.40 9.17 9.44 9.36 20305 14897600.00 138474707.00
14/10/2016 9.56 9.42 9.70 9.44 18415 10470000.00 99958597.00
17/10/2016 9.49 9.47 9.65 9.54 9910 6226500.00 59562484.00
18/10/2016 9.65 9.65 10.12 10.02 25880 18565900.00 184298823.00
19/10/2016 10.10 9.94 10.23 10.15 16744 21141000.00 212923625.00
20/10/2016 9.95 9.89 10.42 10.23 15314 13777000.00 140842461.00
21/10/2016 10.15 10.05 10.74 10.64 14975 13831000.00 144765287.00
24/10/2016 10.91 10.51 11.11 10.59 17685 15107900.00 163644793.00
25/10/2016 10.75 10.22 10.82 10.54 16048 11937400.00 125782451.00
26/10/2016 10.35 10.30 10.66 10.61 19900 9871400.00 103565614.00
27/10/2016 10.61 10.61 10.85 10.70 13757 8337000.00 89818391.00
28/10/2016 10.75 10.71 11.04 10.97 23418 12693900.00 138754323.00
31/10/2016 11.01 10.77 11.19 11.02 14492 8981400.00 98715347.00
01/11/2016 11.15 10.45 11.24 10.56 22441 12929000.00 139729132.00
03/11/2016 10.35 10.15 10.61 10.16 23579 14880100.00 154515585.00
04/11/2016 10.14 10.03 10.66 10.40 18052 10494300.00 108877383.00
07/11/2016 10.87 10.76 11.12 11.11 15666 9024800.00 98748188.00
08/11/2016 11.11 10.82 11.36 11.32 15429 8955200.00 100237389.00
09/11/2016 10.77 10.70 12.37 12.04 36105 23451300.00 274805696.00
10/11/2016 12.43 12.30 13.32 12.50 70170 59663900.00 761380116.00
11/11/2016 12.65 11.62 12.87 12.09 47871 23550500.00 287356564.00
14/11/2016 12.00 11.50 13.35 13.35 32384 18988700.00 244113496.00
16/11/2016 12.76 12.25 13.18 12.60 31247 20140900.00 256010797.00
17/11/2016 12.90 12.68 13.09 12.81 17144 8703600.00 112051379.00
18/11/2016 12.69 12.51 13.30 13.30 30285 13807500.00 178925424.00
21/11/2016 13.51 13.35 13.96 13.54 34743 15826100.00 215482989.00
22/11/2016 14.02 13.72 14.21 14.09 24125 12149500.00 169801889.00
23/11/2016 13.99 13.65 14.40 14.37 31125 15298400.00 215629938.00
24/11/2016 14.33 13.91 14.48 14.00 11124 5463200.00 77299616.00
25/11/2016 13.84 13.70 14.20 14.20 17796 8588900.00 120590883.00
28/11/2016 14.20 14.15 14.64 14.62 20740 8324900.00 120261747.00
29/11/2016 14.45 13.86 14.53 13.86 17978 10165500.00 143474401.00
30/11/2016 13.85 13.44 14.17 13.55 22999 14625000.00 201481101.00
01/12/2016 13.92 12.84 13.98 12.95 34809 14397600.00 191022014.00
02/12/2016 12.75 12.16 13.04 12.90 37498 19617900.00 247942991.00
05/12/2016 13.20 12.92 13.40 13.05 19246 8496100.00 111660132.00
06/12/2016 12.90 12.70 13.21 13.10 22912 8117000.00 105336858.00
07/12/2016 13.45 13.26 13.79 13.72 25023 10660100.00 144944861.00
08/12/2016 13.98 13.40 13.98 13.58 31260 9746100.00 133377594.00
09/12/2016 13.65 12.69 13.77 12.87 31008 15359200.00 199843168.00
12/12/2016 12.59 11.98 12.59 12.12 30233 12897300.00 157268803.00
13/12/2016 12.11 11.67 12.23 11.69 25139 11957600.00 141755507.00
14/12/2016 11.60 10.90 11.65 10.90 36687 25656600.00 287005740.00
15/12/2016 11.02 10.73 11.58 11.45 24770 13833200.00 156161440.00
16/12/2016 11.52 10.92 11.64 10.92 17958 13321200.00 149672484.00
19/12/2016 10.87 10.52 11.34 10.54 25309 14235900.00 155026697.00
20/12/2016 10.76 10.36 10.90 10.62 21051 11187200.00 118740341.00
21/12/2016 10.74 10.62 10.94 10.78 22593 10590000.00 114385053.00
22/12/2016 10.69 10.26 10.72 10.32 18677 9511000.00 99432196.00
23/12/2016 10.45 10.25 10.54 10.30 19053 9434500.00 97709801.00
26/12/2016 10.34 10.32 10.62 10.62 4438 2542400.00 26675550.00
27/12/2016 10.73 10.67 11.01 10.98 13749 8549800.00 92969837.00
28/12/2016 11.05 10.71 11.37 10.77 18483 11836800.00 130990507.00
29/12/2016 10.86 10.56 10.90 10.80 9804 6443900.00 69091803.00
02/01/2017 10.70 10.54 10.97 10.84 4877 3194600.00 34463759.00
03/01/2017 11.06 10.92 11.27 11.15 21694 12321000.00 136734848.00
04/01/2017 11.10 10.94 11.27 11.02 16465 9651100.00 107103346.00
05/01/2017 11.19 11.12 11.88 11.80 19024 17609800.00 203620883.00
06/01/2017 11.70 11.50 11.84 11.73 18928 9738700.00 113428722.00
09/01/2017 11.79 11.74 12.08 11.74 15197 10316800.00 122872580.00
10/01/2017 12.01 11.80 12.04 11.98 15731 8865100.00 105881210.00
11/01/2017 12.10 11.94 12.60 12.60 20993 18069800.00 221153981.00
12/01/2017 13.00 12.67 13.07 12.80 26168 11275000.00 145084132.00
13/01/2017 12.73 12.61 13.22 13.06 14729 9680600.00 126144772.00
16/01/2017 13.10 13.09 13.29 13.20 6263 5988500.00 78910802.00
17/01/2017 13.10 12.67 13.13 12.99 26603 11350400.00 147358139.00
18/01/2017 12.99 12.25 13.38 12.61 19164 17750000.00 230969322.00
19/01/2017 12.79 11.95 12.79 12.10 23329 15930400.00 194826180.00
20/01/2017 11.99 11.91 12.28 12.22 18048 11882600.00 143957714.00
23/01/2017 12.29 12.27 12.74 12.69 13480 9901400.00 123568875.00
24/01/2017 12.93 12.34 13.05 12.56 20975 12643900.00 160576842.00
26/01/2017 12.95 12.35 12.97 12.49 12201 8207200.00 102871106.00
27/01/2017 12.54 12.18 12.58 12.57 12882 7318100.00 90903754.00
30/01/2017 12.42 12.00 12.53 12.04 18562 6213200.00 75574610.00
31/01/2017 12.14 11.81 12.39 12.20 13205 7941700.00 96443535.00
01/02/2017 12.32 12.23 12.54 12.42 18204 11052100.00 137123872.00
02/02/2017 12.35 12.27 12.84 12.73 17627 9914000.00 125614062.00
03/02/2017 12.61 12.33 12.70 12.70 23854 14459500.00 181464349.00
06/02/2017 12.85 12.40 12.93 12.40 8241 5166600.00 65299343.00
07/02/2017 12.66 12.25 12.78 12.33 14180 7357500.00 91780473.00
08/02/2017 12.50 11.97 12.50 12.23 15110 7512200.00 91142561.00
09/02/2017 12.29 12.21 12.54 12.50 9642 6132800.00 76088568.00
10/02/2017 12.72 12.65 12.90 12.89 13408 7302300.00 93434558.00
13/02/2017 13.01 12.99 13.43 13.30 24354 13217500.00 175583254.00
14/02/2017 13.33 12.94 13.42 13.14 21205 9831300.00 129566518.00
15/02/2017 13.22 13.15 13.53 13.36 23822 13423200.00 179538132.00
16/02/2017 13.28 13.04 13.63 13.46 25178 15681600.00 209792365.00
17/02/2017 13.35 13.12 13.39 13.32 13249 7501900.00 99528409.00
20/02/2017 13.47 13.35 13.67 13.45 11073 6415200.00 86292985.00
21/02/2017 13.52 13.44 13.75 13.67 16478 9431200.00 128518568.00
22/02/2017 13.50 13.01 13.57 13.11 15728 11143600.00 146465303.00
23/02/2017 13.25 12.66 13.56 12.81 19746 11811900.00 155165928.00
24/02/2017 12.65 12.55 13.08 12.95 22139 9337100.00 120268905.00
01/03/2017 13.30 13.24 13.55 13.30 18114 11034900.00 147919220.00
02/03/2017 13.31 13.01 13.46 13.07 23128 12258100.00 161443401.00
03/03/2017 13.12 13.03 13.38 13.35 14622 7702000.00 101725480.00
06/03/2017 13.35 13.03 13.48 13.11 25177 9300300.00 122808865.00
07/03/2017 13.13 13.02 13.52 13.02 22360 9998600.00 132494580.00
08/03/2017 12.90 12.13 12.97 12.14 40321 24694300.00 304610983.00
09/03/2017 12.09 11.75 12.49 11.95 23912 16779200.00 202259535.00
10/03/2017 12.14 11.68 12.25 11.91 18649 13099400.00 156659737.00
13/03/2017 12.07 11.96 12.37 12.37 16512 8565600.00 104474141.00
14/03/2017 12.30 12.13 12.45 12.42 12600 8796000.00 108543406.00
15/03/2017 12.50 12.36 13.07 13.07 31008 14521900.00 185623315.00
16/03/2017 13.10 12.74 13.20 12.82 16238 8022700.00 103581981.00
17/03/2017 12.92 12.34 12.97 12.34 26676 14875100.00 186063048.00
20/03/2017 12.15 11.81 12.69 12.64 18962 9161700.00 113959624.00
21/03/2017 12.43 11.59 12.49 11.74 19364 11599600.00 138181405.00
22/03/2017 11.60 11.17 11.95 11.74 27640 14550200.00 168853412.00
23/03/2017 11.72 11.36 11.91 11.45 28237 10117900.00 117415525.00
24/03/2017 11.48 10.97 11.60 11.15 13676 7791100.00 88081023.00
27/03/2017 10.90 10.70 11.08 11.01 17174 9380100.00 102385566.00
28/03/2017 11.05 10.80 11.16 11.00 15542 8790700.00 96513699.00
29/03/2017 11.09 10.95 11.22 11.06 14318 6277200.00 69698822.00
30/03/2017 11.15 10.63 11.15 10.70 10796 6923800.00 74937550.00
31/03/2017 10.66 10.60 11.07 10.89 14390 7730500.00 84189728.00
03/04/2017 10.97 10.63 10.99 10.74 11924 7228700.00 77878766.00
04/04/2017 10.73 10.71 11.00 10.90 13254 4789100.00 52143100.00
05/04/2017 11.03 10.55 11.28 10.65 18729 10015100.00 109912238.00
06/04/2017 10.71 10.35 10.76 10.47 13446 7480600.00 78805827.00
07/04/2017 10.29 10.17 10.80 10.55 15363 8116500.00 85541735.00
10/04/2017 10.62 10.21 10.66 10.35 12847 9193200.00 95295409.00
11/04/2017 10.36 9.92 10.41 10.03 19638 10619400.00 107067690.00
12/04/2017 9.85 9.51 9.96 9.52 27814 17598000.00 170872873.00
13/04/2017 9.64 9.41 9.82 9.45 20622 14047100.00 135186227.00
17/04/2017 9.50 9.39 9.69 9.62 21439 8125000.00 77635719.00
18/04/2017 9.50 9.25 9.54 9.37 23732 12186700.00 114326527.00
19/04/2017 9.46 9.19 9.62 9.30 23399 9379300.00 87790776.00
20/04/2017 9.42 9.36 9.59 9.55 17686 12043100.00 114454367.00
24/04/2017 9.78 9.58 9.82 9.66 14653 8103100.00 78480639.00
25/04/2017 9.60 9.58 9.87 9.84 13068 7440600.00 72554102.00
26/04/2017 9.85 9.71 9.96 9.81 12801 9965800.00 97904711.00
27/04/2017 9.86 9.52 9.93 9.68 11260 7477800.00 72264397.00
28/04/2017 9.71 9.70 10.00 9.80 13674 9030300.00 89074404.00
02/05/2017 9.86 9.86 10.13 10.05 21339 8170000.00 81953274.00
03/05/2017 10.04 9.50 10.04 9.56 22817 15566000.00 150205548.00
04/05/2017 9.42 9.14 9.47 9.35 20286 14086900.00 130962076.00
05/05/2017 9.28 9.25 9.56 9.32 14454 7843500.00 73853186.00
08/05/2017 9.32 9.05 9.40 9.19 7605 5798000.00 53495482.00
09/05/2017 9.30 9.26 9.63 9.57 11794 11556000.00 110057981.00
10/05/2017 9.73 9.71 9.90 9.81 15748 10932800.00 107334670.00
11/05/2017 9.84 9.55 10.06 9.97 11556 8171300.00 80853165.00
12/05/2017 10.06 9.58 10.17 9.62 19559 11991300.00 117230554.00
15/05/2017 9.76 9.70 10.06 9.98 23502 16839500.00 167356507.00
16/05/2017 10.10 9.95 10.38 10.35 16246 12253500.00 125284757.00
17/05/2017 10.30 10.05 10.47 10.23 18820 11913400.00 122769524.00
18/05/2017 8.25 8.25 9.55 9.00 57499 23484300.00 213667977.00
19/05/2017 9.30 9.13 9.72 9.56 36394 18607100.00 177194407.00
22/05/2017 9.49 9.07 9.49 9.40 34916 13653800.00 126526805.00
23/05/2017 9.38 9.29 9.86 9.84 21712 13210400.00 127278847.00
24/05/2017 9.89 9.66 9.99 9.66 18970 10833600.00 106372616.00
25/05/2017 9.66 9.45 9.90 9.54 16258 8379500.00 80632258.00
26/05/2017 9.53 9.48 9.74 9.55 14180 7274800.00 69963587.00
29/05/2017 9.52 9.50 9.83 9.81 6722 3574100.00 34859590.00
30/05/2017 9.78 9.71 9.98 9.94 11959 7766600.00 76398859.00
31/05/2017 9.89 9.52 9.93 9.54 18281 10387500.00 100594428.00
01/06/2017 9.61 9.40 9.77 9.52 15757 9644000.00 92266775.00
02/06/2017 9.64 9.52 9.75 9.56 16887 9063100.00 87186720.00
05/06/2017 9.48 9.37 9.62 9.44 9976 4755800.00 44938588.00
06/06/2017 9.43 9.27 9.64 9.47 13319 8032600.00 75905222.00
07/06/2017 9.56 9.22 9.63 9.34 17701 11453700.00 107360414.00
08/06/2017 9.32 9.11 9.66 9.57 18799 13087400.00 122803974.00
09/06/2017 9.60 9.59 9.91 9.67 17123 10646000.00 103830921.00
12/06/2017 9.75 9.42 9.77 9.52 16736 7796900.00 74773864.00
13/06/2017 9.55 9.37 9.66 9.48 7893 5315300.00 50408246.00
14/06/2017 9.54 9.19 9.60 9.23 19488 11106700.00 103609623.00
16/06/2017 9.13 8.93 9.17 9.02 16688 11706300.00 105594505.00
