20/06/2016 141.00 141.00 141.00 141.00 2 1000.00 141000.00
28/06/2016 135.93 135.93 135.93 135.93 1 3500.00 475755.00
29/06/2016 134.42 134.42 134.42 134.42 1 1200.00 161304.00
01/07/2016 137.38 135.60 137.38 135.60 2 500.00 67978.00
05/07/2016 137.36 137.36 137.36 137.36 1 1200.00 164832.00
08/07/2016 142.88 142.88 142.88 142.88 1 1600.00 228608.00
11/07/2016 143.48 143.48 143.48 143.48 1 400.00 57392.00
15/07/2016 141.14 141.14 141.14 141.14 1 1000.00 141140.00
18/07/2016 140.83 140.83 140.83 140.83 9 900.00 126747.00
21/07/2016 142.66 142.66 142.66 142.66 4 400.00 57064.00
22/07/2016 143.73 143.73 143.73 143.73 1 3100.00 445563.00
25/07/2016 145.72 145.72 145.72 145.72 8 800.00 116576.00
27/07/2016 134.36 134.36 134.36 134.36 1 100.00 13436.00
01/08/2016 132.03 132.03 132.03 132.03 2 1300.00 171639.00
08/08/2016 125.79 125.79 125.79 125.79 1 100.00 12579.00
09/08/2016 124.36 124.36 124.36 124.36 3 300.00 37308.00
11/08/2016 124.22 124.22 124.22 124.22 5 800.00 99376.00
12/08/2016 126.20 126.20 126.20 126.20 1 100.00 12620.00
15/08/2016 126.01 126.01 126.01 126.01 5 1600.00 201616.00
18/08/2016 129.91 129.91 129.91 129.91 1 100.00 12991.00
19/08/2016 129.85 129.85 129.85 129.85 1 200.00 25970.00
22/08/2016 129.58 129.58 129.58 129.58 1 100.00 12958.00
29/08/2016 126.38 126.38 126.38 126.38 1 400.00 50552.00
30/08/2016 125.94 125.94 125.94 125.94 1 1000.00 125940.00
31/08/2016 125.44 125.44 125.44 125.44 1 100.00 12544.00
06/09/2016 125.35 125.35 125.36 125.36 2 5700.00 714548.00
12/09/2016 128.15 128.15 128.15 128.15 1 300.00 38445.00
13/09/2016 128.34 128.34 128.34 128.34 2 200.00 25668.00
15/09/2016 130.30 130.30 130.30 130.30 1 200.00 26060.00
19/09/2016 129.31 129.31 129.31 129.31 1 500.00 64655.00
26/09/2016 130.36 130.36 130.36 130.36 1 500.00 65180.00
28/09/2016 126.96 126.96 126.96 126.96 1 700.00 88872.00
29/09/2016 126.60 126.60 126.60 126.60 1 300.00 37980.00
30/09/2016 128.78 128.78 128.78 128.78 1 300.00 38634.00
03/10/2016 124.35 124.35 124.35 124.35 1 500.00 62175.00
06/10/2016 122.66 122.66 122.66 122.66 1 600.00 73596.00
10/10/2016 121.18 121.18 121.18 121.18 2 700.00 84826.00
14/10/2016 116.40 116.40 116.40 116.40 1 200.00 23280.00
17/10/2016 116.56 116.56 116.56 116.56 1 600.00 69936.00
19/10/2016 116.62 116.62 116.62 116.62 2 200.00 23324.00
20/10/2016 116.24 116.24 116.24 116.24 3 300.00 34872.00
24/10/2016 115.47 115.47 115.47 115.47 1 1000.00 115470.00
25/10/2016 115.49 115.49 115.49 115.49 1 100.00 11549.00
26/10/2016 118.35 118.35 118.35 118.35 1 800.00 94680.00
27/10/2016 119.59 119.59 119.59 119.59 1 700.00 83713.00
31/10/2016 117.19 117.19 117.19 117.19 1 200.00 23438.00
01/11/2016 119.19 119.19 119.19 119.19 1 100.00 11919.00
07/11/2016 118.14 118.14 118.14 118.14 1 1000.00 118140.00
10/11/2016 130.84 130.84 130.84 130.84 1 600.00 78504.00
14/11/2016 131.70 131.70 131.70 131.70 1 2600.00 342420.00
16/11/2016 130.60 130.60 130.60 130.60 1 200.00 26120.00
18/11/2016 125.77 125.77 125.77 125.77 1 700.00 88039.00
21/11/2016 125.24 125.24 125.24 125.24 1 600.00 75144.00
28/11/2016 125.69 125.69 125.69 125.69 1 200.00 25138.00
05/12/2016 123.74 123.74 123.74 123.74 1 900.00 111366.00
06/12/2016 123.62 123.62 123.62 123.62 1 600.00 74172.00
08/12/2016 121.46 121.46 121.46 121.46 1 100.00 12146.00
12/12/2016 123.45 123.45 123.45 123.45 1 9300.00 1148085.00
19/12/2016 126.62 126.62 126.62 126.62 1 800.00 101296.00
22/12/2016 120.76 120.76 120.76 120.76 1 400.00 48304.00
27/12/2016 120.93 120.93 120.93 120.93 1 1300.00 157209.00
28/12/2016 119.86 119.86 119.86 119.86 1 100.00 11986.00
03/01/2017 120.98 120.98 120.98 120.98 1 900.00 108882.00
04/01/2017 121.11 121.11 121.11 121.11 1 100.00 12111.00
09/01/2017 121.08 121.08 121.08 121.08 1 400.00 48432.00
17/01/2017 116.04 116.04 116.04 116.04 1 300.00 34812.00
23/01/2017 112.22 111.79 112.22 111.79 2 900.00 100955.00
24/01/2017 111.24 111.24 111.24 111.24 1 200.00 22248.00
26/01/2017 114.01 114.01 114.01 114.01 1 600.00 68406.00
30/01/2017 111.26 111.26 111.26 111.26 1 300.00 33378.00
31/01/2017 112.63 112.63 113.20 113.20 51 10000.00 1129150.00
02/02/2017 112.02 112.02 112.02 112.02 1 100.00 11202.00
03/02/2017 111.93 111.93 111.93 111.93 1 700.00 78351.00
06/02/2017 112.84 112.84 112.84 112.84 2 1000.00 112840.00
07/02/2017 113.68 113.68 113.68 113.68 1 1200.00 136416.00
13/02/2017 105.39 105.39 105.39 105.39 1 3200.00 337248.00
14/02/2017 105.39 104.83 105.39 104.83 3 900.00 94403.00
21/02/2017 106.35 106.35 106.35 106.35 1 1600.00 170160.00
23/02/2017 105.54 105.54 105.54 105.54 1 200.00 21108.00
01/03/2017 108.38 108.38 108.38 108.38 1 300.00 32514.00
07/03/2017 107.47 107.47 107.47 107.47 1 600.00 64482.00
13/03/2017 107.55 107.55 107.55 107.55 1 1600.00 172080.00
20/03/2017 105.37 105.37 105.37 105.37 1 800.00 84296.00
27/03/2017 106.21 106.21 106.21 106.21 1 100.00 10621.00
10/04/2017 104.31 104.31 104.31 104.31 1 7400.00 771894.00
17/04/2017 103.16 103.16 103.16 103.16 1 400.00 41264.00
24/04/2017 103.44 103.44 103.44 103.44 1 100.00 10344.00
28/04/2017 108.58 108.58 108.58 108.58 1 100.00 10858.00
02/05/2017 108.36 108.36 108.36 108.36 1 800.00 86688.00
08/05/2017 107.62 107.62 107.62 107.62 1 300.00 32286.00
15/05/2017 102.29 102.29 102.29 102.29 1 700.00 71603.00
18/05/2017 107.37 107.37 107.42 107.42 2 2700.00 290029.00
22/05/2017 105.70 105.70 105.70 105.70 1 1900.00 200830.00
29/05/2017 105.49 105.49 105.49 105.49 1 100.00 10549.00
30/05/2017 105.54 105.54 105.54 105.54 1 800.00 84432.00
05/06/2017 107.29 107.29 107.29 107.29 1 200.00 21458.00
08/06/2017 105.23 105.23 105.23 105.23 1 1400.00 147322.00
12/06/2017 107.99 107.99 107.99 107.99 1 2200.00 237578.00
14/06/2017 107.30 107.30 107.30 107.30 2 200.00 21460.00
