25/10/2016 99.42 99.42 99.42 99.42 1 100.00 9942.00
26/10/2016 98.50 98.50 98.50 98.50 1 100.00 9850.00
31/10/2016 100.81 100.81 100.81 100.81 1 11300.00 1139153.00
04/11/2016 102.75 102.75 102.75 102.75 1 200.00 20550.00
07/11/2016 102.00 102.00 102.61 102.61 2 500.00 51183.00
10/11/2016 109.56 109.56 109.56 109.56 1 100.00 10956.00
14/11/2016 115.77 115.60 115.77 115.60 3 700.00 80988.00
16/11/2016 113.53 113.53 113.53 113.53 1 2100.00 238413.00
18/11/2016 111.73 111.73 111.73 111.73 1 100.00 11173.00
21/11/2016 110.73 110.73 110.73 110.73 1 100.00 11073.00
22/11/2016 113.88 113.00 113.88 113.00 2 200.00 22688.00
25/11/2016 118.10 118.00 118.10 118.00 2 200.00 23610.00
28/11/2016 115.54 115.54 115.54 115.54 1 100.00 11554.00
06/12/2016 119.99 119.99 119.99 119.99 1 100.00 11999.00
07/12/2016 122.82 122.82 122.82 122.82 1 200.00 24564.00
08/12/2016 122.90 122.90 122.90 122.90 1 100.00 12290.00
12/12/2016 127.24 124.31 127.24 125.00 3 400.00 50086.00
19/12/2016 122.94 122.94 122.94 122.94 1 600.00 73764.00
27/12/2016 116.15 116.15 116.15 116.15 1 200.00 23230.00
28/12/2016 116.19 116.19 116.19 116.19 1 100.00 11619.00
17/01/2017 119.99 119.99 119.99 119.99 1 300.00 35997.00
26/01/2017 119.59 119.59 119.59 119.59 1 100.00 11959.00
30/01/2017 113.21 113.21 113.21 113.21 1 100.00 11321.00
03/02/2017 112.64 112.64 112.64 112.64 1 100.00 11264.00
06/02/2017 114.15 114.15 114.15 114.15 1 100.00 11415.00
07/02/2017 109.28 109.28 109.28 109.28 1 200.00 21856.00
13/02/2017 109.90 109.90 109.90 109.90 1 100.00 10990.00
14/02/2017 115.17 115.17 115.17 115.17 2 400.00 46068.00
22/02/2017 115.00 115.00 115.00 115.00 1 100.00 11500.00
06/03/2017 118.07 118.07 118.07 118.07 1 100.00 11807.00
07/03/2017 117.06 117.06 117.06 117.06 1 100.00 11706.00
20/03/2017 110.17 110.17 110.17 110.17 1 600.00 66102.00
22/03/2017 105.68 105.68 105.68 105.68 1 100.00 10568.00
17/04/2017 105.20 105.20 105.20 105.20 1 800.00 84160.00
24/04/2017 105.94 105.94 105.94 105.94 1 500.00 52970.00
26/04/2017 110.29 110.29 110.29 110.29 1 100.00 11029.00
18/05/2017 108.08 108.08 108.45 108.45 2 700.00 75878.00
22/05/2017 108.19 108.19 108.19 108.19 1 200.00 21638.00
30/05/2017 109.37 109.37 109.37 109.37 1 4200.00 459354.00
31/05/2017 108.00 108.00 108.00 108.00 1 400.00 43200.00
08/06/2017 111.50 111.50 111.50 111.50 1 100.00 11150.00
12/06/2017 114.46 114.46 114.46 114.46 1 6100.00 698206.00
