20/06/2016 2.07 2.04 2.11 2.07 17 8100.00 16836.00
21/06/2016 2.09 2.00 2.09 2.05 32 21400.00 43600.00
22/06/2016 2.05 2.01 2.10 2.08 34 53600.00 109398.00
23/06/2016 2.09 2.09 2.21 2.21 70 85800.00 186036.00
24/06/2016 2.10 2.05 2.16 2.11 35 20600.00 43091.00
27/06/2016 2.11 2.00 2.15 2.03 22 12500.00 25408.00
28/06/2016 2.07 2.04 2.19 2.06 21 30100.00 62147.00
29/06/2016 2.08 2.08 2.11 2.10 25 25500.00 53399.00
30/06/2016 2.07 2.04 2.09 2.04 33 23400.00 48421.00
01/07/2016 2.05 2.05 2.14 2.14 25 18800.00 39142.00
04/07/2016 2.14 2.14 2.20 2.15 33 29100.00 62637.00
05/07/2016 2.09 2.08 2.13 2.12 30 22800.00 48037.00
06/07/2016 2.09 2.02 2.14 2.12 33 42100.00 87217.00
07/07/2016 2.12 2.07 2.17 2.07 24 15200.00 32302.00
08/07/2016 2.05 2.05 2.17 2.11 20 21600.00 46168.00
11/07/2016 2.14 2.13 2.26 2.19 90 93600.00 205092.00
12/07/2016 2.22 2.22 2.37 2.26 905 135700.00 310015.00
13/07/2016 2.29 2.22 2.33 2.33 55 84500.00 192336.00
14/07/2016 2.35 2.33 2.42 2.36 56 35400.00 83827.00
15/07/2016 2.39 2.39 2.45 2.45 64 39300.00 95822.00
18/07/2016 2.49 2.49 2.58 2.58 56 29500.00 75450.00
19/07/2016 2.59 2.52 2.65 2.58 69 54000.00 139494.00
20/07/2016 2.58 2.42 2.59 2.44 86 96700.00 239899.00
21/07/2016 2.50 2.50 2.60 2.54 67 110500.00 283594.00
22/07/2016 2.55 2.54 2.64 2.64 90 164300.00 427105.00
25/07/2016 2.64 2.61 2.76 2.61 88 146000.00 389535.00
26/07/2016 2.62 2.62 2.69 2.67 56 61600.00 164325.00
27/07/2016 2.70 2.70 2.78 2.76 73 92800.00 254420.00
28/07/2016 2.80 2.66 2.85 2.72 67 143900.00 398198.00
29/07/2016 2.76 2.65 2.76 2.69 103 153100.00 413271.00
01/08/2016 2.73 2.73 3.00 2.83 148 215400.00 618519.00
02/08/2016 2.84 2.69 2.87 2.72 59 79800.00 220186.00
03/08/2016 2.65 2.65 2.87 2.85 71 84100.00 233165.00
04/08/2016 2.94 2.94 3.03 3.02 164 373600.00 1115751.00
05/08/2016 3.04 3.03 3.15 3.06 104 195400.00 608867.00
08/08/2016 3.15 2.98 3.22 3.02 81 87600.00 269614.00
09/08/2016 3.02 3.01 3.12 3.10 43 30600.00 94005.00
10/08/2016 3.19 3.08 3.20 3.13 47 113600.00 357657.00
11/08/2016 3.20 3.08 3.25 3.25 51 37600.00 119492.00
12/08/2016 3.26 3.20 3.29 3.27 64 54400.00 176365.00
15/08/2016 3.35 3.28 3.70 3.69 163 203000.00 713678.00
16/08/2016 3.73 3.65 3.81 3.69 140 168900.00 631515.00
17/08/2016 3.69 3.60 3.97 3.92 372 250500.00 955495.00
18/08/2016 3.96 3.92 4.09 3.95 367 198300.00 793775.00
19/08/2016 3.99 3.82 4.01 3.97 108 95000.00 374264.00
22/08/2016 4.00 3.75 4.03 3.79 147 206100.00 800905.00
23/08/2016 3.82 3.81 3.96 3.84 122 99200.00 386740.00
24/08/2016 3.84 3.62 3.86 3.64 118 114700.00 431545.00
25/08/2016 3.64 3.58 3.75 3.60 109 95000.00 346678.00
26/08/2016 3.61 3.55 3.80 3.64 151 145800.00 533906.00
29/08/2016 3.64 3.60 3.74 3.67 113 113600.00 419173.00
30/08/2016 3.70 3.66 3.80 3.72 135 174800.00 655271.00
31/08/2016 3.74 3.56 3.79 3.66 273 229600.00 845372.00
01/09/2016 3.76 3.62 3.78 3.65 99 87400.00 321374.00
02/09/2016 3.69 3.60 3.92 3.90 175 286000.00 1080788.00
05/09/2016 3.94 3.86 3.98 3.92 105 131100.00 516341.00
06/09/2016 3.92 3.80 3.95 3.91 114 118700.00 465696.00
08/09/2016 3.93 3.93 4.15 4.10 296 300400.00 1226551.00
09/09/2016 4.06 3.90 4.06 3.90 186 169600.00 676221.00
12/09/2016 3.85 3.70 4.09 4.07 244 381900.00 1502634.00
13/09/2016 4.06 3.69 4.06 3.70 211 255700.00 967016.00
14/09/2016 3.83 3.71 3.86 3.71 111 89200.00 337383.00
15/09/2016 3.80 3.69 3.80 3.74 42 39700.00 149781.00
16/09/2016 3.74 3.51 3.74 3.68 91 61800.00 224198.00
19/09/2016 3.69 3.63 3.85 3.63 75 56300.00 208661.00
20/09/2016 3.65 3.38 3.71 3.41 166 215900.00 754038.00
21/09/2016 3.47 3.41 3.65 3.65 110 145400.00 512008.00
22/09/2016 3.67 3.53 3.77 3.53 126 170600.00 627226.00
23/09/2016 3.53 3.44 3.60 3.59 94 126200.00 447734.00
26/09/2016 3.52 3.48 3.53 3.48 41 14600.00 51067.00
27/09/2016 3.52 3.31 3.52 3.38 123 117800.00 402483.00
28/09/2016 3.48 3.32 3.50 3.50 108 110200.00 379224.00
29/09/2016 3.53 3.37 3.56 3.42 95 137100.00 480451.00
30/09/2016 3.43 3.33 3.44 3.40 62 66100.00 225961.00
03/10/2016 3.45 3.38 3.50 3.50 69 88100.00 303968.00
04/10/2016 3.42 3.42 3.50 3.46 71 50700.00 175599.00
05/10/2016 3.43 3.43 3.60 3.54 141 826400.00 2945629.00
06/10/2016 3.57 3.55 3.67 3.65 126 145100.00 524429.00
07/10/2016 3.67 3.67 3.85 3.80 145 292600.00 1111026.00
10/10/2016 3.85 3.70 3.91 3.78 177 151200.00 575111.00
11/10/2016 3.80 3.67 3.82 3.73 76 102600.00 383027.00
13/10/2016 3.63 3.57 3.70 3.68 73 66100.00 240531.00
14/10/2016 3.76 3.68 3.79 3.75 62 105100.00 393522.00
17/10/2016 3.75 3.74 3.81 3.80 42 26600.00 100390.00
18/10/2016 3.83 3.77 3.93 3.88 129 135900.00 524619.00
19/10/2016 3.97 3.86 3.99 3.93 114 208300.00 825188.00
20/10/2016 3.94 3.85 4.09 4.04 160 173400.00 695715.00
21/10/2016 4.09 3.97 4.27 4.25 261 218500.00 911951.00
24/10/2016 4.32 4.31 4.69 4.35 252 204600.00 915648.00
25/10/2016 4.45 4.18 4.51 4.31 175 166900.00 717884.00
26/10/2016 4.31 4.12 4.31 4.24 104 202300.00 854664.00
27/10/2016 4.28 4.28 4.49 4.34 117 83300.00 365786.00
28/10/2016 4.44 4.40 4.55 4.41 110 57600.00 258761.00
31/10/2016 4.50 4.30 4.60 4.30 242 203100.00 892610.00
01/11/2016 4.36 4.17 4.44 4.25 166 86600.00 370287.00
03/11/2016 4.11 4.05 4.40 4.15 166 107500.00 453259.00
04/11/2016 4.14 3.90 4.18 4.05 177 179600.00 729470.00
07/11/2016 4.31 4.17 4.36 4.28 169 181000.00 764344.00
08/11/2016 4.29 4.22 4.40 4.24 173 105400.00 455626.00
09/11/2016 4.00 3.89 4.50 4.42 427 317300.00 1364349.00
10/11/2016 4.50 4.20 4.72 4.47 418 445100.00 2039703.00
11/11/2016 4.47 4.15 4.60 4.21 183 156300.00 670618.00
14/11/2016 4.26 4.16 4.50 4.46 216 187600.00 814943.00
16/11/2016 4.31 4.10 4.38 4.21 149 110300.00 462784.00
17/11/2016 4.21 4.20 4.35 4.24 86 61500.00 262881.00
18/11/2016 4.24 4.15 4.30 4.30 121 115400.00 487307.00
21/11/2016 4.33 4.33 4.46 4.44 110 66100.00 292397.00
22/11/2016 4.53 4.53 4.65 4.57 225 156200.00 714678.00
23/11/2016 4.59 4.51 5.06 5.06 299 299800.00 1445079.00
24/11/2016 5.07 5.07 5.39 5.33 492 579600.00 3042981.00
25/11/2016 5.23 5.21 5.44 5.41 329 641700.00 3423246.00
28/11/2016 5.36 5.30 5.69 5.64 262 645200.00 3475128.00
29/11/2016 5.64 5.25 5.71 5.30 301 515800.00 2773739.00
30/11/2016 5.31 4.99 5.38 5.13 316 257200.00 1332950.00
01/12/2016 5.14 4.64 5.22 4.82 319 188700.00 947729.00
02/12/2016 4.74 4.59 4.87 4.79 223 123400.00 582049.00
05/12/2016 4.91 4.82 5.04 4.98 289 238800.00 1179581.00
06/12/2016 4.92 4.83 5.01 4.91 127 47800.00 236069.00
07/12/2016 5.02 4.95 5.09 5.00 144 80300.00 401539.00
08/12/2016 5.04 4.89 5.12 5.02 230 181100.00 901009.00
09/12/2016 5.02 4.72 5.02 4.84 131 85600.00 413377.00
12/12/2016 4.64 4.30 4.69 4.30 283 200900.00 902379.00
13/12/2016 4.34 4.07 4.38 4.28 170 124900.00 525703.00
14/12/2016 4.20 4.00 4.21 4.00 207 172400.00 702583.00
15/12/2016 4.09 4.01 4.41 4.35 160 132900.00 555298.00
16/12/2016 4.35 4.08 4.44 4.18 157 90500.00 387064.00
19/12/2016 4.12 4.01 4.22 4.08 159 429800.00 1744947.00
20/12/2016 4.15 4.00 4.20 4.18 108 76600.00 317351.00
21/12/2016 4.17 4.08 4.28 4.28 155 78900.00 331847.00
22/12/2016 4.24 4.07 4.25 4.15 138 79900.00 330912.00
23/12/2016 4.15 4.01 4.18 4.13 155 146800.00 604866.00
26/12/2016 4.15 4.10 4.25 4.24 105 76200.00 319280.00
27/12/2016 4.23 4.23 4.40 4.36 140 121000.00 524811.00
28/12/2016 4.40 4.31 4.49 4.31 137 73900.00 325293.00
29/12/2016 4.33 4.25 4.34 4.32 157 114100.00 488895.00
02/01/2017 4.21 4.20 4.28 4.26 75 77100.00 327386.00
03/01/2017 4.33 4.29 4.37 4.30 115 71200.00 309013.00
04/01/2017 4.31 4.25 4.35 4.32 150 48400.00 208231.00
05/01/2017 4.34 4.34 4.58 4.49 465 364900.00 1634187.00
06/01/2017 4.50 4.37 4.52 4.47 78 40100.00 178289.00
09/01/2017 4.53 4.50 4.55 4.50 106 72500.00 327691.00
10/01/2017 4.56 4.44 4.62 4.55 254 190400.00 869767.00
11/01/2017 4.55 4.35 4.63 4.60 563 628000.00 2868216.00
12/01/2017 4.67 4.55 4.80 4.57 339 328800.00 1532611.00
13/01/2017 4.57 4.44 4.69 4.63 179 83100.00 382879.00
16/01/2017 4.64 4.64 4.80 4.79 243 141200.00 670501.00
17/01/2017 4.73 4.62 4.82 4.70 417 341700.00 1615367.00
18/01/2017 4.73 4.68 4.84 4.72 449 427000.00 2028167.00
19/01/2017 4.71 4.47 4.72 4.54 237 117000.00 534548.00
20/01/2017 4.54 4.50 4.63 4.55 271 110800.00 506704.00
23/01/2017 4.60 4.52 4.70 4.70 279 194300.00 893601.00
24/01/2017 4.75 4.62 4.85 4.68 225 174100.00 829129.00
26/01/2017 4.73 4.57 4.79 4.60 217 129200.00 599729.00
27/01/2017 4.67 4.41 4.67 4.65 201 152700.00 703512.00
30/01/2017 4.61 4.49 4.63 4.56 198 126500.00 574304.00
31/01/2017 4.64 4.52 4.66 4.66 417 154500.00 712223.00
01/02/2017 4.64 4.63 4.74 4.70 817 182100.00 856796.00
02/02/2017 4.70 4.59 4.74 4.71 171 141400.00 659775.00
03/02/2017 4.70 4.59 4.76 4.74 135 126900.00 596769.00
06/02/2017 4.74 4.67 4.85 4.67 79 54800.00 262186.00
07/02/2017 4.73 4.55 4.76 4.60 118 65100.00 302339.00
08/02/2017 4.64 4.44 4.64 4.55 150 99100.00 447843.00
09/02/2017 4.58 4.47 4.58 4.49 145 54300.00 245437.00
10/02/2017 4.57 4.52 4.62 4.62 147 59900.00 274416.00
13/02/2017 4.66 4.65 4.73 4.66 234 169800.00 796871.00
14/02/2017 4.65 4.50 4.65 4.58 135 61500.00 281395.00
15/02/2017 4.63 4.57 4.72 4.66 278 172300.00 802584.00
16/02/2017 4.69 4.66 4.79 4.71 429 262800.00 1240297.00
17/02/2017 4.71 4.64 4.72 4.71 208 132600.00 622937.00
20/02/2017 4.73 4.69 4.83 4.72 184 381600.00 1801130.00
21/02/2017 4.80 4.71 4.80 4.75 225 515400.00 2448365.00
22/02/2017 4.70 4.53 4.70 4.57 309 349700.00 1612697.00
23/02/2017 4.60 4.41 4.62 4.54 279 106800.00 483683.00
24/02/2017 4.50 4.38 4.72 4.70 644 453400.00 2107424.00
01/03/2017 4.70 4.68 4.81 4.77 289 449900.00 2138440.00
02/03/2017 4.77 4.65 4.78 4.73 371 226300.00 1071061.00
03/03/2017 4.71 4.70 4.79 4.77 208 197100.00 935411.00
06/03/2017 4.77 4.73 4.95 4.95 668 159200.00 774444.00
07/03/2017 4.95 4.93 5.10 5.04 621 562000.00 2817731.00
08/03/2017 5.30 4.80 5.30 5.16 982 568700.00 2922294.00
09/03/2017 5.08 5.01 5.30 5.09 245 180400.00 923467.00
10/03/2017 5.13 4.85 5.13 4.86 156 77300.00 383863.00
13/03/2017 4.96 4.85 5.06 4.98 86 86800.00 432481.00
14/03/2017 4.90 4.88 5.05 5.02 54 33600.00 166290.00
15/03/2017 5.05 4.89 5.05 4.96 654 450200.00 2228398.00
16/03/2017 4.97 4.95 5.03 5.01 473 164900.00 821530.00
17/03/2017 5.01 4.69 5.07 4.85 229 163800.00 793582.00
20/03/2017 4.84 4.61 4.84 4.80 126 49700.00 235594.00
21/03/2017 4.73 4.38 4.73 4.48 229 94700.00 426525.00
22/03/2017 4.47 4.31 4.60 4.58 231 96600.00 433618.00
23/03/2017 4.51 4.40 4.60 4.44 184 85500.00 380405.00
24/03/2017 4.40 4.33 4.45 4.39 86 57400.00 252699.00
27/03/2017 4.29 4.26 4.48 4.44 122 72900.00 322095.00
28/03/2017 4.40 4.38 4.48 4.43 80 38900.00 172301.00
29/03/2017 4.44 4.41 4.51 4.47 79 23000.00 102604.00
30/03/2017 4.46 4.32 4.47 4.39 145 113000.00 496697.00
31/03/2017 4.44 4.36 4.50 4.37 211 231000.00 1013057.00
03/04/2017 4.38 4.20 4.41 4.24 180 97700.00 418386.00
04/04/2017 4.25 4.24 4.35 4.26 139 103600.00 443274.00
05/04/2017 4.29 4.17 4.45 4.25 94 73200.00 315227.00
06/04/2017 4.26 4.12 4.29 4.14 100 39600.00 165998.00
07/04/2017 4.12 4.04 4.22 4.18 88 94200.00 391637.00
10/04/2017 4.19 4.07 4.19 4.12 100 99800.00 409687.00
11/04/2017 4.12 3.91 4.12 4.09 92 263200.00 1068360.00
12/04/2017 3.94 3.75 4.01 3.80 598 1170600.00 4591784.00
13/04/2017 3.85 3.78 3.99 3.81 152 576900.00 2195263.00
17/04/2017 3.85 3.84 3.96 3.92 308 183500.00 718644.00
18/04/2017 3.87 3.73 3.93 3.77 298 144500.00 549836.00
19/04/2017 3.86 3.78 3.95 3.80 60 59200.00 225860.00
20/04/2017 3.90 3.79 3.95 3.95 564 518200.00 1994468.00
24/04/2017 3.99 3.94 3.99 3.94 84 72600.00 287438.00
25/04/2017 3.94 3.89 4.00 4.00 123 89700.00 356837.00
26/04/2017 4.02 3.90 4.02 4.00 142 70100.00 278995.00
27/04/2017 4.05 3.86 4.05 3.94 49 22500.00 88205.00
28/04/2017 3.95 3.95 4.09 4.09 112 51900.00 210543.00
02/05/2017 4.08 4.07 4.18 4.18 297 165600.00 688677.00
03/05/2017 4.24 4.00 4.24 4.00 127 31600.00 129378.00
04/05/2017 4.09 3.76 4.09 3.84 359 102800.00 400067.00
05/05/2017 3.83 3.79 3.97 3.86 292 302100.00 1154176.00
08/05/2017 3.90 3.81 3.90 3.85 73 59200.00 228856.00
09/05/2017 3.89 3.87 4.03 4.03 589 195600.00 778819.00
10/05/2017 4.03 4.03 4.14 4.10 459 87600.00 357530.00
11/05/2017 4.09 3.99 4.20 4.20 66 66700.00 275059.00
12/05/2017 4.20 4.03 4.24 4.10 142 44700.00 183966.00
15/05/2017 4.17 4.07 4.23 4.23 151 160100.00 670156.00
16/05/2017 4.23 4.17 4.35 4.35 141 149200.00 637845.00
17/05/2017 4.41 4.20 4.41 4.27 201 167000.00 717066.00
18/05/2017 3.75 3.68 3.88 3.70 525 1003500.00 3745801.00
19/05/2017 3.73 3.73 4.00 3.95 146 121900.00 476646.00
22/05/2017 3.90 3.75 3.93 3.86 107 45200.00 172644.00
23/05/2017 3.88 3.88 4.10 4.10 167 114000.00 449521.00
24/05/2017 4.09 3.97 4.09 4.02 76 59600.00 240597.00
25/05/2017 4.05 3.92 4.07 4.00 60 21100.00 84453.00
26/05/2017 3.98 3.95 4.05 4.05 103 25300.00 100664.00
29/05/2017 4.03 4.03 4.15 4.07 157 197000.00 804350.00
30/05/2017 4.07 4.03 4.13 4.06 43 39700.00 161343.00
31/05/2017 4.06 3.99 4.09 4.03 92 48500.00 195049.00
01/06/2017 4.00 3.82 4.04 3.82 102 193200.00 743187.00
02/06/2017 3.88 3.84 3.99 3.96 132 74600.00 290395.00
05/06/2017 3.99 3.87 3.99 3.90 26 14700.00 57272.00
06/06/2017 3.91 3.86 4.00 4.00 81 31600.00 123673.00
07/06/2017 4.00 3.88 4.00 3.93 27 13500.00 53184.00
08/06/2017 3.90 3.86 4.00 3.98 41 26200.00 102970.00
09/06/2017 3.98 3.94 4.00 3.94 33 67000.00 264581.00
12/06/2017 3.99 3.87 3.99 3.92 19 87400.00 342241.00
13/06/2017 3.98 3.86 4.01 3.94 30 21400.00 83784.00
14/06/2017 3.94 3.85 4.00 3.91 58 47000.00 185806.00
16/06/2017 3.90 3.72 3.90 3.89 130 103700.00 391517.00
