20/06/2016 94.45 94.45 94.45 94.45 1 2000.00 188900.00
28/06/2016 89.76 89.76 89.76 89.76 2 3700.00 332112.00
29/06/2016 89.12 89.12 89.12 89.12 1 1400.00 124768.00
01/07/2016 89.53 89.53 89.53 89.53 1 400.00 35812.00
05/07/2016 91.27 91.27 91.27 91.27 1 200.00 18254.00
08/07/2016 93.04 93.04 93.04 93.04 1 5000.00 465200.00
11/07/2016 94.16 94.16 94.16 94.16 1 1500.00 141240.00
14/07/2016 93.80 93.80 93.80 93.80 1 6700.00 628460.00
15/07/2016 93.54 93.54 93.54 93.54 11 1100.00 102894.00
18/07/2016 94.92 94.92 94.92 94.92 9 900.00 85428.00
21/07/2016 96.59 96.59 96.59 96.59 4 400.00 38636.00
25/07/2016 97.39 96.88 97.39 96.88 78 10900.00 1057624.00
01/08/2016 101.16 101.16 101.16 101.16 1 12100.00 1224036.00
03/08/2016 99.89 99.89 99.89 99.89 1 100.00 9989.00
08/08/2016 98.58 98.58 98.58 98.58 1 100.00 9858.00
09/08/2016 98.56 98.56 98.56 98.56 50 5000.00 492800.00
10/08/2016 97.59 97.59 97.59 97.59 1 100.00 9759.00
11/08/2016 98.27 98.10 98.27 98.10 5 500.00 49067.00
15/08/2016 99.15 99.15 99.15 99.15 7 700.00 69405.00
19/08/2016 99.38 99.37 99.38 99.37 2 200.00 19875.00
22/08/2016 98.92 98.92 98.92 98.92 1 300.00 29676.00
25/08/2016 99.85 99.74 99.85 99.74 12 24000.00 2395102.00
26/08/2016 100.20 100.15 100.69 100.15 3 6200.00 621431.00
29/08/2016 100.09 99.63 100.09 99.63 2 3600.00 360140.00
30/08/2016 99.24 99.24 99.24 99.24 1 500.00 49620.00
06/09/2016 100.23 99.76 100.23 99.76 2 1300.00 130205.00
12/09/2016 99.52 99.52 99.52 99.52 1 2200.00 218944.00
15/09/2016 101.81 101.81 101.81 101.81 1 100.00 10181.00
19/09/2016 100.30 100.30 100.30 100.30 1 700.00 70210.00
28/09/2016 100.59 100.59 100.59 100.59 1 300.00 30177.00
30/09/2016 101.09 101.09 101.09 101.09 1 100.00 10109.00
03/10/2016 98.89 98.89 98.89 98.89 1 4500.00 445005.00
06/10/2016 100.10 100.10 100.10 100.10 1 200.00 20020.00
10/10/2016 101.05 101.05 101.05 101.05 1 1800.00 181890.00
17/10/2016 100.15 100.15 100.15 100.15 1 200.00 20030.00
20/10/2016 100.02 100.02 100.02 100.02 1 100.00 10002.00
21/10/2016 100.86 100.86 100.86 100.86 1 100.00 10086.00
24/10/2016 101.26 101.26 101.26 101.26 1 100.00 10126.00
26/10/2016 99.96 99.96 100.09 100.09 2 300.00 30014.00
27/10/2016 99.92 99.92 99.92 99.92 1 200.00 19984.00
31/10/2016 99.85 99.85 99.85 99.85 1 100.00 9985.00
03/11/2016 98.25 98.25 98.62 98.62 2 13200.00 1301747.00
04/11/2016 99.60 99.60 99.60 99.60 1 600.00 59760.00
07/11/2016 100.29 100.29 100.29 100.29 1 200.00 20058.00
10/11/2016 103.28 103.28 103.28 103.28 1 200.00 20656.00
14/11/2016 102.18 102.18 102.18 102.18 2 500.00 51090.00
16/11/2016 103.92 103.92 103.92 103.92 1 100.00 10392.00
18/11/2016 103.34 103.34 103.34 103.34 1 200.00 20668.00
21/11/2016 102.62 102.62 103.22 103.22 2 9500.00 980290.00
25/11/2016 104.72 104.72 104.72 104.72 1 200.00 20944.00
28/11/2016 105.00 104.47 105.00 104.47 2 15700.00 1648394.00
29/11/2016 105.70 105.70 105.70 105.70 1 600.00 63420.00
01/12/2016 103.04 103.04 103.04 103.04 1 200.00 20608.00
06/12/2016 103.66 103.66 103.66 103.66 1 100.00 10366.00
07/12/2016 103.55 103.55 103.74 103.74 2 300.00 31103.00
08/12/2016 105.49 105.49 105.49 105.49 1 100.00 10549.00
16/12/2016 107.70 107.70 107.70 107.70 3 2500.00 269250.00
20/12/2016 106.97 106.97 106.97 106.97 1 100.00 10697.00
22/12/2016 104.19 104.19 105.12 105.12 2 200.00 20931.00
27/12/2016 105.04 103.32 105.04 103.32 2 900.00 93676.00
03/01/2017 101.89 101.89 101.89 101.89 1 400.00 40756.00
04/01/2017 101.92 101.92 101.92 101.92 1 100.00 10192.00
06/01/2017 103.20 103.20 103.20 103.20 2 200.00 20640.00
09/01/2017 103.79 103.79 103.79 103.79 1 500.00 51895.00
12/01/2017 102.50 102.50 102.50 102.50 2 3300.00 338250.00
17/01/2017 103.47 103.07 103.47 103.07 2 400.00 41308.00
19/01/2017 103.42 103.42 103.46 103.46 3 4700.00 486258.00
24/01/2017 104.88 104.88 104.88 104.88 1 100.00 10488.00
26/01/2017 105.26 105.26 106.00 106.00 2 300.00 31726.00
30/01/2017 100.01 100.01 100.01 100.01 1 300.00 30003.00
02/02/2017 99.34 99.34 99.34 99.34 1 100.00 9934.00
03/02/2017 99.94 99.89 99.94 99.89 2 400.00 39966.00
06/02/2017 99.53 99.53 99.53 99.53 1 200.00 19906.00
07/02/2017 100.41 100.41 100.41 100.41 1 500.00 50205.00
13/02/2017 101.64 101.64 101.64 101.64 1 200.00 20328.00
14/02/2017 101.75 101.75 101.75 101.75 2 2500.00 254375.00
21/02/2017 102.36 102.36 103.25 103.25 2 200.00 20561.00
01/03/2017 103.10 103.10 103.10 103.10 1 200.00 20620.00
07/03/2017 103.70 103.56 104.15 103.56 4 9900.00 1030752.00
10/03/2017 106.30 106.30 106.30 106.30 1 400.00 42520.00
13/03/2017 106.97 106.97 106.97 106.97 1 100.00 10697.00
17/03/2017 106.02 106.02 106.02 106.02 2 4300.00 455886.00
20/03/2017 104.03 104.03 104.54 104.54 2 200.00 20857.00
21/03/2017 102.26 102.26 102.26 102.26 1 100.00 10226.00
05/04/2017 103.85 103.85 103.85 103.85 1 100.00 10385.00
07/04/2017 103.50 103.50 103.50 103.50 1 5200.00 538200.00
10/04/2017 103.35 103.35 103.35 103.35 1 100.00 10335.00
11/04/2017 103.27 103.27 103.27 103.27 1 100.00 10327.00
13/04/2017 104.18 104.18 104.18 104.18 1 100.00 10418.00
17/04/2017 103.92 103.66 103.92 103.66 2 400.00 41542.00
18/04/2017 104.05 104.05 104.05 104.05 1 300.00 31215.00
24/04/2017 108.14 108.14 108.14 108.14 1 1300.00 140582.00
25/04/2017 109.74 109.74 109.74 109.74 1 100.00 10974.00
28/04/2017 115.05 115.05 115.05 115.05 1 100.00 11505.00
03/05/2017 116.21 116.21 116.21 116.21 1 100.00 11621.00
04/05/2017 118.35 118.35 118.35 118.35 1 100.00 11835.00
09/05/2017 118.38 118.38 118.38 118.38 1 100.00 11838.00
10/05/2017 117.48 117.48 117.48 117.48 1 200.00 23496.00
16/05/2017 117.56 117.56 117.56 117.56 1 100.00 11756.00
17/05/2017 115.93 115.03 115.93 115.03 2 200.00 23096.00
18/05/2017 124.64 123.85 126.78 126.78 6 13100.00 1632255.00
22/05/2017 123.50 123.50 123.77 123.77 2 700.00 86612.00
29/05/2017 127.11 127.11 127.11 127.11 1 100.00 12711.00
30/05/2017 127.53 127.53 127.53 127.53 1 900.00 114777.00
31/05/2017 125.85 124.55 125.85 124.55 3 4500.00 563985.00
01/06/2017 125.94 125.94 125.94 125.94 1 100.00 12594.00
05/06/2017 129.74 129.74 129.74 129.74 1 4500.00 583830.00
06/06/2017 128.83 128.83 128.83 128.83 1 1000.00 128830.00
07/06/2017 128.10 128.10 128.10 128.10 1 200.00 25620.00
08/06/2017 128.64 128.64 128.64 128.64 1 800.00 102912.00
12/06/2017 121.50 121.50 125.01 125.01 2 7600.00 933930.00
13/06/2017 126.60 126.60 126.60 126.60 1 1900.00 240540.00
16/06/2017 123.94 123.94 123.94 123.94 1 100.00 12394.00
