20/06/2016 20.83 20.63 20.83 20.63 2 400.00 8272.00
21/06/2016 20.83 20.83 20.83 20.83 1 100.00 2083.00
22/06/2016 20.83 20.62 20.83 20.62 2 600.00 12393.00
23/06/2016 20.93 20.93 21.25 21.21 3 520.00 11002.00
24/06/2016 20.65 20.61 20.65 20.61 2 1700.00 35041.00
27/06/2016 20.60 20.33 20.60 20.33 2 400.00 8159.00
28/06/2016 20.67 20.65 20.67 20.65 2 200.00 4132.00
29/06/2016 20.93 20.93 21.00 21.00 2 200.00 4193.00
30/06/2016 21.04 21.04 21.27 21.27 3 5240.00 111431.80
01/07/2016 21.40 21.26 21.50 21.50 5 1300.00 27872.00
04/07/2016 21.71 21.64 21.71 21.64 2 200.00 4335.00
05/07/2016 21.59 21.40 21.59 21.40 2 400.00 8579.00
06/07/2016 21.28 21.28 21.40 21.40 3 300.00 6408.00
07/07/2016 21.62 21.45 21.62 21.45 2 400.00 8597.00
08/07/2016 21.72 21.72 21.85 21.85 3 600.00 13097.00
11/07/2016 22.10 22.10 22.15 22.15 2 300.00 6640.00
12/07/2016 22.48 22.25 22.48 22.25 2 200.00 4473.00
13/07/2016 22.31 22.31 22.50 22.50 2 300.00 6731.00
14/07/2016 22.86 22.85 22.86 22.85 2 400.00 9141.00
15/07/2016 22.91 22.90 22.91 22.90 2 500.00 11451.00
18/07/2016 22.98 22.98 23.32 23.25 3 410.00 9506.20
19/07/2016 23.28 23.28 23.34 23.34 2 1200.00 28002.00
20/07/2016 23.20 23.20 23.30 23.30 3 300.00 6971.00
21/07/2016 23.38 23.38 23.40 23.40 2 600.00 14038.00
22/07/2016 23.44 23.35 23.45 23.45 4 510.00 11957.50
25/07/2016 23.49 23.40 23.49 23.40 2 200.00 4689.00
26/07/2016 23.40 23.35 23.40 23.35 2 1000.00 23355.00
27/07/2016 23.52 23.40 23.52 23.40 2 200.00 4692.00
28/07/2016 23.17 23.17 23.30 23.30 2 500.00 11637.00
29/07/2016 23.33 23.33 23.65 23.65 3 9330.00 220622.50
01/08/2016 23.76 23.57 23.76 23.57 3 2000.00 47159.00
02/08/2016 23.60 23.37 23.60 23.37 2 900.00 21056.00
03/08/2016 23.28 23.28 23.68 23.68 2 900.00 21272.00
04/08/2016 23.84 23.84 23.90 23.90 2 200.00 4774.00
05/08/2016 23.92 23.92 23.97 23.97 3 800.00 19171.00
08/08/2016 23.91 23.86 23.91 23.86 2 700.00 16707.00
10/08/2016 23.92 23.60 23.92 23.60 2 400.00 9472.00
11/08/2016 23.74 23.74 24.11 24.10 3 2200.00 52989.00
15/08/2016 24.25 24.25 24.35 24.35 2 1400.00 34080.00
16/08/2016 24.35 24.28 24.35 24.35 3 210.00 5106.50
17/08/2016 24.20 24.20 24.35 24.35 3 1400.00 34060.00
18/08/2016 24.30 24.30 24.30 24.30 2 500.00 12150.00
19/08/2016 24.25 24.25 24.25 24.25 3 500.00 12125.00
22/08/2016 24.11 23.75 24.11 23.75 3 1500.00 35802.00
23/08/2016 23.96 23.80 23.96 23.80 2 200.00 4776.00
24/08/2016 23.92 23.70 23.92 23.70 2 200.00 4762.00
25/08/2016 23.79 23.70 23.79 23.70 2 200.00 4749.00
26/08/2016 23.85 23.70 23.85 23.70 2 200.00 4755.00
29/08/2016 23.77 23.77 24.10 24.10 2 300.00 7197.00
30/08/2016 24.17 24.17 24.18 24.18 2 200.00 4835.00
31/08/2016 24.13 23.85 24.13 23.85 2 400.00 9568.00
01/09/2016 23.96 23.95 23.96 23.95 2 200.00 4791.00
02/09/2016 24.30 24.30 24.40 24.40 2 200.00 4870.00
05/09/2016 24.46 24.45 24.46 24.45 2 120.00 2934.80
06/09/2016 24.48 24.48 24.60 24.60 3 900.00 22083.00
08/09/2016 24.61 24.60 24.61 24.60 2 700.00 17221.00
09/09/2016 24.15 23.73 24.15 23.73 2 500.00 11907.00
12/09/2016 23.58 23.58 23.88 23.88 3 440.00 10474.80
13/09/2016 23.61 23.28 23.61 23.30 6 13350.00 310866.00
14/09/2016 23.37 23.37 23.37 23.37 1 100.00 2337.00
15/09/2016 23.54 23.54 23.78 23.68 3 3400.00 80698.00
16/09/2016 23.46 23.40 23.46 23.40 2 200.00 4686.00
19/09/2016 23.70 23.50 23.70 23.50 4 3800.00 89500.00
20/09/2016 23.71 23.61 23.71 23.61 3 2700.00 63937.00
21/09/2016 23.83 23.83 23.90 23.90 2 200.00 4773.00
22/09/2016 24.31 24.10 24.31 24.10 5 10320.00 249635.20
23/09/2016 24.10 24.01 24.10 24.01 2 200.00 4811.00
26/09/2016 23.78 23.75 23.78 23.75 2 200.00 4753.00
27/09/2016 23.83 23.83 23.91 23.91 3 1300.00 31075.00
28/09/2016 24.15 24.15 24.20 24.20 2 200.00 4835.00
29/09/2016 24.29 23.88 24.29 23.88 2 200.00 4817.00
30/09/2016 23.90 23.85 23.90 23.85 2 300.00 7160.00
03/10/2016 24.28 24.26 24.28 24.26 2 200.00 4854.00
04/10/2016 24.28 24.23 24.28 24.23 2 200.00 4851.00
05/10/2016 24.64 24.55 24.65 24.55 4 5300.00 130604.00
06/10/2016 24.56 24.56 24.72 24.65 4 1300.00 32106.00
07/10/2016 24.84 24.83 24.84 24.83 2 300.00 7450.00
10/10/2016 25.08 25.06 25.08 25.06 2 200.00 5014.00
11/10/2016 24.98 24.80 24.98 24.80 4 470.00 11711.20
13/10/2016 24.72 24.72 24.80 24.80 2 400.00 9912.00
14/10/2016 25.17 25.00 25.17 25.00 2 200.00 5017.00
17/10/2016 25.06 25.06 25.30 25.30 2 300.00 7542.00
18/10/2016 25.53 25.53 25.87 25.87 2 300.00 7727.00
19/10/2016 25.77 25.60 25.77 25.60 2 600.00 15377.00
20/10/2016 25.41 25.41 25.73 25.73 2 200.00 5114.00
21/10/2016 25.62 25.62 25.81 25.81 2 2400.00 61925.00
24/10/2016 26.01 25.79 26.01 25.79 2 400.00 10338.00
25/10/2016 25.79 25.75 25.79 25.75 2 700.00 18029.00
26/10/2016 25.46 25.46 25.67 25.67 2 300.00 7680.00
27/10/2016 25.94 25.90 25.94 25.90 2 600.00 15544.00
31/10/2016 26.30 26.30 26.38 26.38 3 1300.00 34286.00
01/11/2016 26.53 25.95 26.53 25.95 3 250.00 6565.50
03/11/2016 25.63 25.63 25.63 25.63 1 100.00 2563.00
04/11/2016 25.33 25.20 25.33 25.20 2 800.00 20173.00
07/11/2016 25.83 25.83 26.07 26.07 2 300.00 7797.00
08/11/2016 25.90 25.90 26.15 26.15 2 200.00 5205.00
09/11/2016 25.64 25.64 26.09 25.80 3 320.00 8274.80
10/11/2016 25.07 25.07 25.07 25.07 1 100.00 2507.00
11/11/2016 24.26 24.26 24.26 24.26 1 600.00 14556.00
14/11/2016 24.32 24.32 24.46 24.46 2 700.00 17094.00
16/11/2016 24.38 24.38 24.81 24.81 2 800.00 19762.00
17/11/2016 24.47 24.47 24.47 24.47 1 500.00 12235.00
18/11/2016 24.51 24.51 24.57 24.57 2 200.00 4908.00
21/11/2016 24.75 24.75 24.80 24.80 2 500.00 12395.00
22/11/2016 25.36 25.21 25.36 25.21 2 200.00 5057.00
23/11/2016 25.18 25.08 25.18 25.16 3 1300.00 32662.00
24/11/2016 25.09 25.04 25.09 25.05 4 800.00 20045.00
25/11/2016 24.88 24.88 25.14 25.14 2 300.00 7516.00
28/11/2016 25.09 25.09 25.63 25.63 4 2900.00 74207.00
30/11/2016 25.23 25.14 25.39 25.14 5 1000.00 25198.00
01/12/2016 24.54 24.16 24.54 24.16 4 490.00 11930.20
02/12/2016 23.88 23.88 24.43 24.42 4 1600.00 38998.00
05/12/2016 24.43 24.29 24.43 24.29 3 500.00 12163.00
06/12/2016 24.28 24.28 24.73 24.73 2 200.00 4901.00
07/12/2016 24.86 24.86 24.93 24.93 2 200.00 4979.00
08/12/2016 24.96 24.60 24.96 24.65 6 1150.00 28351.50
09/12/2016 24.57 24.57 24.65 24.58 3 550.00 13520.50
12/12/2016 24.29 24.00 24.29 24.00 2 200.00 4829.00
13/12/2016 23.92 23.89 23.92 23.89 2 200.00 4781.00
14/12/2016 24.01 23.75 24.09 23.75 4 720.00 17172.80
15/12/2016 23.73 23.73 23.80 23.80 2 600.00 14273.00
16/12/2016 23.87 23.77 23.87 23.77 3 700.00 16649.00
19/12/2016 23.78 23.32 23.78 23.32 3 500.00 11745.00
20/12/2016 23.55 23.53 23.55 23.53 3 400.00 9418.00
21/12/2016 23.56 23.55 23.61 23.55 5 6000.00 141429.00
23/12/2016 23.70 23.70 23.79 23.75 3 2640.00 62700.60
26/12/2016 23.92 23.92 24.05 24.05 5 1110.00 26630.70
27/12/2016 24.15 24.01 24.15 24.08 5 11100.00 266694.00
28/12/2016 24.16 24.16 24.53 24.53 3 300.00 7322.00
29/12/2016 24.39 24.39 24.69 24.69 3 1400.00 34437.00
02/01/2017 24.40 24.36 24.49 24.47 4 310.00 7567.90
03/01/2017 24.84 24.84 25.27 25.27 13 410.00 10267.80
04/01/2017 25.27 25.25 25.27 25.25 2 200.00 5052.00
05/01/2017 25.28 25.28 25.43 25.43 7 39700.00 1005586.00
06/01/2017 25.34 25.27 25.34 25.27 2 200.00 5061.00
09/01/2017 25.27 25.27 25.36 25.36 2 200.00 5063.00
10/01/2017 25.55 25.50 25.55 25.50 2 300.00 7655.00
11/01/2017 25.66 25.56 25.66 25.56 2 600.00 15346.00
12/01/2017 26.24 26.16 26.28 26.16 4 1530.00 40144.40
13/01/2017 26.17 26.05 26.17 26.05 4 850.00 22154.50
16/01/2017 26.11 26.11 26.14 26.14 2 500.00 13067.00
17/01/2017 26.21 26.21 26.42 26.42 2 400.00 10547.00
18/01/2017 26.45 26.29 26.50 26.29 5 1510.00 39769.40
19/01/2017 26.26 26.18 26.26 26.18 2 200.00 5244.00
20/01/2017 26.28 26.28 26.45 26.45 2 400.00 10563.00
23/01/2017 26.57 26.57 26.99 26.99 3 1600.00 42638.00
24/01/2017 27.06 27.06 27.09 27.09 2 110.00 2979.60
26/01/2017 27.33 27.32 27.45 27.32 3 710.00 19399.50
27/01/2017 27.26 27.26 27.33 27.30 5 1220.00 33332.40
30/01/2017 27.09 26.63 27.12 26.66 5 660.00 17703.00
31/01/2017 26.79 26.74 26.79 26.78 6 6140.00 164404.60
01/02/2017 27.12 26.85 27.13 26.85 13 30960.00 839552.00
02/02/2017 26.71 26.71 26.91 26.80 3 480.00 12885.80
03/02/2017 26.75 26.75 26.93 26.91 4 6700.00 180409.00
06/02/2017 26.91 26.55 27.02 26.55 5 2400.00 63969.00
07/02/2017 26.79 26.67 26.79 26.70 3 1300.00 34686.00
08/02/2017 26.62 26.62 26.93 26.93 4 3030.00 81372.60
09/02/2017 26.94 26.93 27.05 27.05 5 1520.00 40970.80
10/02/2017 27.14 27.14 27.47 27.47 2 200.00 5461.00
13/02/2017 27.67 27.67 27.84 27.84 2 200.00 5551.00
14/02/2017 27.77 27.64 27.77 27.64 2 200.00 5541.00
15/02/2017 27.85 27.85 28.19 28.19 4 400.00 11209.00
16/02/2017 28.32 28.09 28.45 28.14 13 1100.00 31171.70
17/02/2017 28.00 27.98 28.18 28.17 31 320.00 8987.10
20/02/2017 28.42 28.42 28.53 28.52 31 1300.00 37044.00
21/02/2017 28.51 28.51 28.67 28.66 14 900.00 25772.80
22/02/2017 28.52 28.42 28.52 28.49 17 800.00 22764.70
23/02/2017 28.46 27.98 28.46 28.04 12 300.00 8451.90
24/02/2017 27.98 27.78 27.98 27.78 13 570.00 15891.20
01/03/2017 27.90 27.90 27.90 27.90 1 400.00 11160.00
02/03/2017 27.83 27.43 27.83 27.49 19 1250.00 34558.10
03/03/2017 27.66 27.57 27.88 27.86 10 100.00 2775.60
06/03/2017 27.90 27.70 27.90 27.74 20 200.00 5551.90
07/03/2017 27.68 27.52 27.68 27.60 21 3400.00 93877.30
08/03/2017 27.37 27.15 27.37 27.15 3 400.00 10882.00
09/03/2017 27.05 26.96 27.11 26.99 21 570.00 15431.30
10/03/2017 27.41 27.09 27.41 27.14 21 1380.00 37613.10
13/03/2017 27.43 27.41 27.63 27.55 26 800.00 21999.60
14/03/2017 27.59 27.35 27.62 27.39 12 400.00 11001.50
15/03/2017 27.34 27.34 27.91 27.89 11 200.00 5496.90
16/03/2017 27.87 27.71 27.87 27.71 15 560.00 15553.90
17/03/2017 27.09 27.09 27.32 27.18 12 2000.00 54480.20
20/03/2017 27.17 27.17 27.36 27.27 14 600.00 16349.20
21/03/2017 27.14 26.52 27.14 26.52 2 450.00 12151.00
22/03/2017 26.41 25.80 26.79 26.67 22 1210.00 32222.80
23/03/2017 26.55 26.55 26.83 26.72 12 300.00 8000.70
27/03/2017 26.61 26.61 26.94 26.94 11 200.00 5369.90
28/03/2017 27.02 27.02 27.18 27.04 19 1270.00 34405.30
29/03/2017 27.37 27.35 27.42 27.40 12 8200.00 224514.80
30/03/2017 27.35 27.22 27.35 27.22 14 590.00 16105.70
31/03/2017 27.35 27.17 27.35 27.17 4 26100.00 713677.00
03/04/2017 27.30 27.21 27.33 27.33 10 100.00 2728.20
04/04/2017 27.30 27.30 27.30 27.30 1 50.00 1365.00
05/04/2017 27.20 27.03 27.24 27.07 14 500.00 13573.50
07/04/2017 26.88 26.88 27.01 27.00 18 900.00 24229.60
10/04/2017 26.87 26.87 27.00 27.00 2 200.00 5387.00
11/04/2017 27.05 27.05 27.05 27.05 2 200.00 5410.00
12/04/2017 26.87 26.84 26.87 26.84 2 200.00 5371.00
13/04/2017 26.81 26.81 26.81 26.81 1 200.00 5362.00
17/04/2017 26.75 26.75 27.08 27.08 18 900.00 24195.30
18/04/2017 27.01 27.01 27.01 27.01 2 200.00 5402.00
19/04/2017 27.04 26.69 27.40 26.73 21 300.00 8058.00
20/04/2017 26.77 26.76 26.85 26.80 12 600.00 16078.10
24/04/2017 27.08 27.08 27.08 27.08 1 100.00 2708.00
25/04/2017 27.26 27.26 27.26 27.26 1 200.00 5452.00
26/04/2017 27.27 27.24 27.40 27.35 4 2250.00 61439.50
27/04/2017 27.25 27.25 27.25 27.25 1 1200.00 32700.00
28/04/2017 27.53 27.53 27.56 27.56 2 1300.00 35792.00
02/05/2017 28.18 28.14 28.22 28.22 13 400.00 11270.90
03/05/2017 27.97 27.97 28.02 28.02 2 200.00 5599.00
04/05/2017 26.00 26.00 27.37 27.37 19 1200.00 32788.40
05/05/2017 27.63 27.63 27.68 27.68 16 750.00 20743.90
08/05/2017 27.70 27.64 27.70 27.64 22 44000.00 1218774.00
09/05/2017 28.04 27.96 28.04 27.97 15 21300.00 596406.20
10/05/2017 28.28 28.28 28.36 28.36 3 300.00 8500.00
11/05/2017 28.47 28.47 28.52 28.52 2 900.00 25643.00
12/05/2017 28.64 28.57 28.64 28.58 10 100.00 2859.70
15/05/2017 28.61 28.61 28.70 28.69 3 560.00 16038.50
16/05/2017 28.88 28.88 28.88 28.88 1 100.00 2888.00
17/05/2017 28.17 28.17 28.30 28.30 2 200.00 5647.00
18/05/2017 25.88 25.88 25.88 25.88 1 800.00 20704.00
19/05/2017 26.35 26.35 26.35 26.35 2 1500.00 39525.00
22/05/2017 25.80 25.71 25.88 25.88 5 4070.00 104922.00
23/05/2017 26.35 26.33 26.35 26.33 2 500.00 13167.00
24/05/2017 26.69 26.59 26.69 26.59 2 2050.00 54694.50
25/05/2017 26.61 26.61 26.61 26.61 1 100.00 2661.00
26/05/2017 27.00 27.00 27.01 27.01 2 120.00 3241.00
29/05/2017 26.92 26.90 26.92 26.90 11 200.00 5382.90
30/05/2017 27.06 27.05 27.06 27.05 2 1010.00 27320.60
31/05/2017 26.64 26.55 26.64 26.56 19 3500.00 92996.20
01/06/2017 26.36 26.32 26.38 26.37 12 300.00 7904.40
02/06/2017 26.45 26.45 26.45 26.45 1 200.00 5290.00
05/06/2017 26.45 26.33 26.45 26.33 4 350.00 9224.00
06/06/2017 26.58 26.58 26.70 26.62 30 300.00 7994.80
07/06/2017 26.77 26.77 26.90 26.78 3 710.00 19010.00
09/06/2017 26.66 26.41 26.66 26.41 1352 80780.00 2153400.40
12/06/2017 26.18 26.18 26.18 26.18 1 200.00 5236.00
13/06/2017 26.23 26.17 26.23 26.17 2 110.00 2879.30
14/06/2017 26.54 26.19 26.54 26.29 13 400.00 10519.20
16/06/2017 26.35 26.32 26.36 26.35 19 2000.00 52687.00
