21/07/2016 6.01 6.01 6.01 6.01 1 200.00 1202.00
27/07/2016 7.90 7.90 7.90 7.90 1 100.00 790.00
02/08/2016 8.90 8.90 8.90 8.90 1 100.00 890.00
30/08/2016 4.80 4.80 4.80 4.80 3 400.00 1920.00
31/08/2016 5.00 4.00 5.00 4.00 8 4500.00 21020.00
01/09/2016 4.00 3.70 4.00 3.70 4 4700.00 17990.00
05/09/2016 3.60 3.60 3.60 3.60 2 400.00 1440.00
09/09/2016 5.00 5.00 5.00 5.00 1 300.00 1500.00
12/09/2016 6.00 6.00 6.00 6.00 2 1000.00 6000.00
13/09/2016 6.00 6.00 6.00 6.00 3 1000.00 6000.00
14/09/2016 5.00 5.00 5.00 5.00 2 600.00 3000.00
15/09/2016 4.98 4.98 4.98 4.98 1 100.00 498.00
16/09/2016 5.00 5.00 5.00 5.00 1 300.00 1500.00
04/10/2016 6.00 6.00 6.00 6.00 1 200.00 1200.00
06/10/2016 6.00 6.00 6.00 6.00 1 300.00 1800.00
17/10/2016 6.00 6.00 6.00 6.00 1 100.00 600.00
19/10/2016 6.00 6.00 6.00 6.00 1 500.00 3000.00
25/10/2016 3.85 3.85 3.85 3.85 5 1500.00 5775.00
26/10/2016 4.20 4.20 5.00 5.00 5 1000.00 4626.00
27/10/2016 6.00 6.00 7.10 7.10 4 1400.00 8840.00
28/10/2016 7.13 7.13 7.13 7.13 1 200.00 1426.00
01/11/2016 7.75 7.75 7.75 7.75 2 300.00 2325.00
10/11/2016 7.80 7.80 7.80 7.80 2 600.00 4680.00
01/12/2016 9.15 9.15 9.15 9.15 1 300.00 2745.00
06/12/2016 9.00 9.00 9.00 9.00 1 200.00 1800.00
20/12/2016 9.00 9.00 9.00 9.00 1 100.00 900.00
13/02/2017 8.10 6.45 10.49 6.45 13 1500.00 11589.00
14/02/2017 8.00 7.80 8.00 8.00 6 800.00 6300.00
15/02/2017 9.45 9.40 9.45 9.45 4 400.00 3775.00
29/03/2017 10.00 10.00 10.00 10.00 1 100.00 1000.00
10/04/2017 16.00 16.00 16.00 16.00 2 200.00 3200.00
