20/06/2016 70.10 70.10 70.10 70.10 1 800.00 56080.00
28/06/2016 68.47 68.47 68.52 68.52 2 1400.00 95913.00
29/06/2016 68.92 68.92 68.92 68.92 1 400.00 27568.00
01/07/2016 68.34 68.34 68.34 68.34 1 100.00 6834.00
05/07/2016 69.46 69.46 69.46 69.46 1 400.00 27784.00
11/07/2016 75.12 75.12 75.12 75.12 1 1100.00 82632.00
15/07/2016 75.53 75.53 75.53 75.53 3 300.00 22659.00
18/07/2016 76.80 76.80 76.80 76.80 3 300.00 23040.00
21/07/2016 79.38 79.38 79.38 79.38 1 100.00 7938.00
25/07/2016 82.09 82.09 82.09 82.09 7 700.00 57463.00
01/08/2016 83.12 83.12 83.12 83.12 1 1100.00 91432.00
11/08/2016 78.24 78.24 78.24 78.24 1 100.00 7824.00
22/08/2016 85.74 85.74 85.74 85.74 1 1000.00 85740.00
29/08/2016 85.66 85.66 85.66 85.66 1 100.00 8566.00
30/08/2016 81.94 81.94 81.94 81.94 1 300.00 24582.00
06/09/2016 75.47 75.47 75.47 75.47 1 400.00 30188.00
12/09/2016 77.87 77.87 77.87 77.87 1 700.00 54509.00
19/09/2016 75.96 75.96 75.96 75.96 1 100.00 7596.00
26/09/2016 72.38 72.38 72.38 72.38 1 400.00 28952.00
28/09/2016 70.74 70.74 70.74 70.74 1 200.00 14148.00
03/10/2016 70.39 70.39 70.39 70.39 2 400.00 28156.00
06/10/2016 73.31 73.31 73.31 73.31 1 100.00 7331.00
10/10/2016 84.85 84.85 84.85 84.85 1 900.00 76365.00
17/10/2016 83.55 83.55 83.55 83.55 1 2000.00 167100.00
24/10/2016 82.47 82.47 82.47 82.47 1 100.00 8247.00
26/10/2016 84.47 84.47 84.47 84.47 1 200.00 16894.00
27/10/2016 83.67 83.67 83.67 83.67 1 100.00 8367.00
31/10/2016 87.27 87.27 87.27 87.27 1 400.00 34908.00
07/11/2016 86.05 86.05 86.05 86.05 1 100.00 8605.00
10/11/2016 94.97 94.97 94.97 94.97 1 100.00 9497.00
14/11/2016 103.88 103.88 104.09 104.09 2 500.00 52003.00
18/11/2016 86.52 86.52 86.52 86.52 1 100.00 8652.00
21/11/2016 84.76 84.76 84.76 84.76 1 1100.00 93236.00
28/11/2016 86.78 86.78 86.78 86.78 1 100.00 8678.00
05/12/2016 85.41 85.41 85.41 85.41 1 600.00 51246.00
06/12/2016 85.81 85.81 85.81 85.81 1 400.00 34324.00
12/12/2016 85.75 85.75 85.75 85.75 1 200.00 17150.00
19/12/2016 81.32 81.32 81.32 81.32 1 800.00 65056.00
22/12/2016 73.99 73.99 73.99 73.99 1 100.00 7399.00
27/12/2016 74.02 74.02 74.02 74.02 1 300.00 22206.00
28/12/2016 74.76 74.76 74.76 74.76 1 600.00 44856.00
17/01/2017 77.72 77.72 77.72 77.72 2 1300.00 101036.00
23/01/2017 75.37 75.37 75.37 75.37 1 300.00 22611.00
26/01/2017 77.19 77.19 77.19 77.19 1 100.00 7719.00
03/02/2017 71.63 71.63 71.63 71.63 1 100.00 7163.00
06/02/2017 72.00 72.00 72.00 72.00 1 400.00 28800.00
07/02/2017 70.95 70.95 70.95 70.95 1 200.00 14190.00
13/02/2017 74.02 74.02 74.02 74.02 1 500.00 37010.00
01/03/2017 75.15 75.15 75.15 75.15 1 200.00 15030.00
06/03/2017 76.15 76.15 76.15 76.15 1 100.00 7615.00
07/03/2017 75.68 75.68 75.68 75.68 1 100.00 7568.00
13/03/2017 74.36 74.36 74.36 74.36 1 100.00 7436.00
27/03/2017 73.28 73.28 73.28 73.28 1 100.00 7328.00
03/04/2017 73.42 73.42 73.42 73.42 1 300.00 22026.00
24/04/2017 81.15 81.15 81.15 81.15 1 700.00 56805.00
08/05/2017 83.49 83.49 83.49 83.49 1 200.00 16698.00
15/05/2017 77.75 77.75 77.75 77.75 1 400.00 31100.00
18/05/2017 77.06 76.81 77.06 76.81 2 700.00 53792.00
22/05/2017 73.26 73.26 73.26 73.26 1 1400.00 102564.00
29/05/2017 73.34 73.34 73.34 73.34 1 100.00 7334.00
30/05/2017 74.04 74.04 74.04 74.04 1 100.00 7404.00
08/06/2017 73.14 73.14 73.14 73.14 1 300.00 21942.00
12/06/2017 76.69 76.69 76.69 76.69 1 100.00 7669.00
