20/06/2016 15.26 15.25 15.57 15.45 1738 577882.01 8922121.00
21/06/2016 15.34 15.32 15.69 15.69 964 145803.11 2265220.00
22/06/2016 15.79 15.45 15.79 15.53 1193 236525.05 3688616.00
23/06/2016 15.57 15.52 15.92 15.80 1586 229940.39 3633826.00
24/06/2016 15.35 15.33 15.69 15.69 535 91140.01 1412599.00
27/06/2016 15.74 15.45 15.78 15.63 631 126467.22 1968829.00
28/06/2016 15.75 15.50 15.79 15.59 734 158240.79 2473474.00
29/06/2016 15.69 15.65 15.84 15.79 592 145594.08 2297878.00
30/06/2016 15.84 15.60 15.84 15.75 745 283767.35 4456660.00
01/07/2016 15.69 15.67 15.83 15.76 578 118628.33 1869530.00
04/07/2016 15.75 15.56 15.78 15.70 838 214785.23 3360567.00
05/07/2016 15.72 15.44 15.72 15.61 787 288470.67 4480756.00
06/07/2016 15.64 15.23 15.64 15.60 921 286066.76 4403674.00
07/07/2016 15.63 15.34 15.63 15.48 1252 234643.72 3617286.00
08/07/2016 15.52 15.36 15.63 15.50 1581 278959.50 4314562.00
11/07/2016 15.63 15.51 15.87 15.57 1858 390376.08 6119650.00
12/07/2016 15.61 15.61 15.81 15.70 1412 230253.95 3620192.00
13/07/2016 15.72 15.64 16.15 15.98 4087 1066818.90 17048413.00
14/07/2016 16.14 15.65 16.27 15.75 1893 441903.62 7040393.00
15/07/2016 15.85 15.46 15.86 15.64 2452 611745.96 9617020.00
18/07/2016 15.65 15.65 15.99 15.83 1158 253143.47 4013550.00
19/07/2016 15.71 15.71 15.96 15.85 1097 202033.99 3198930.00
20/07/2016 15.87 15.71 15.97 15.78 1248 516007.15 8149102.00
21/07/2016 15.79 15.61 15.88 15.84 1409 252934.43 3975195.00
22/07/2016 15.84 15.78 16.00 15.88 1445 357661.83 5675587.00
25/07/2016 15.95 15.92 16.27 16.21 2168 375220.91 6029663.00
26/07/2016 16.27 16.00 16.27 16.10 1017 282931.20 4565181.00
27/07/2016 16.17 16.17 16.71 16.38 1971 663273.51 10970801.00
28/07/2016 16.42 16.06 16.46 16.17 1084 222833.14 3625617.00
29/07/2016 16.40 16.33 16.63 16.45 1732 529803.56 8721077.00
01/08/2016 16.48 16.48 16.88 16.64 2245 389121.85 6489315.00
02/08/2016 16.70 16.55 16.76 16.60 2200 755145.15 12581939.00
03/08/2016 16.54 16.27 16.58 16.49 1965 563667.51 9299725.00
04/08/2016 16.49 16.49 16.97 16.82 1375 794130.50 13317343.00
05/08/2016 16.93 16.88 17.29 17.13 1535 376684.16 6436959.00
08/08/2016 17.23 17.06 17.33 17.13 1095 255129.31 4374859.00
09/08/2016 17.13 17.04 17.36 17.23 1770 358916.06 6187272.00
10/08/2016 17.32 17.12 17.32 17.25 2155 399051.09 6874251.00
11/08/2016 17.22 17.22 17.47 17.41 1651 301326.43 5236620.00
12/08/2016 17.36 17.26 17.46 17.36 1130 226177.73 3925626.00
15/08/2016 17.36 17.32 17.63 17.52 899 209036.71 3658640.00
16/08/2016 17.47 17.42 17.67 17.50 1991 409921.01 7197162.00
17/08/2016 17.42 17.39 17.69 17.60 1670 274883.29 4830450.00
18/08/2016 17.61 17.41 17.69 17.49 1310 200884.29 3519748.00
19/08/2016 17.49 17.18 17.49 17.34 2201 428211.73 7404810.00
22/08/2016 17.33 16.88 17.44 17.21 1468 267985.07 4609669.00
23/08/2016 17.24 17.17 17.47 17.20 1039 176113.44 3048943.00
24/08/2016 17.09 16.95 17.28 17.22 1422 261818.48 4500782.00
25/08/2016 17.26 16.74 17.29 16.95 1570 220951.82 3753393.00
26/08/2016 17.21 16.95 17.37 17.37 1842 293696.59 5039884.00
29/08/2016 17.35 17.29 17.46 17.37 585 169424.26 2944222.00
30/08/2016 17.38 17.14 17.50 17.36 697 123749.74 2143074.00
31/08/2016 17.37 16.97 17.43 17.19 1147 217920.77 3739007.00
01/09/2016 17.32 17.32 17.55 17.46 1204 277705.28 4845809.00
02/09/2016 17.51 17.51 17.65 17.52 724 149565.77 2630145.00
05/09/2016 17.60 17.60 17.84 17.73 1042 211545.16 3756027.00
06/09/2016 17.81 17.74 17.85 17.80 1060 181025.81 3221647.00
08/09/2016 17.83 17.69 17.95 17.88 1544 616762.84 10987275.00
09/09/2016 17.85 16.96 17.86 17.49 1972 625751.42 10934555.00
12/09/2016 17.49 17.17 17.49 17.27 1984 351286.20 6068049.00
13/09/2016 17.27 16.93 17.27 17.07 3594 680310.00 11638781.00
14/09/2016 17.28 16.86 17.28 17.02 2569 497402.87 8470071.00
15/09/2016 17.15 16.87 17.45 17.26 1836 520292.39 8936594.00
16/09/2016 17.33 17.13 17.35 17.14 977 206319.24 3545823.00
19/09/2016 17.32 16.99 17.32 17.12 1950 333309.05 5721592.00
20/09/2016 17.12 17.03 17.25 17.17 973 166184.20 2853416.00
21/09/2016 17.13 17.08 17.40 17.22 1421 656061.74 11268732.00
22/09/2016 17.23 17.23 17.50 17.26 1239 286380.30 4958149.00
23/09/2016 17.35 17.11 17.37 17.13 851 174754.70 3009890.00
26/09/2016 17.13 16.98 17.20 17.11 1010 164198.35 2805561.00
27/09/2016 17.11 17.11 17.26 17.14 1216 160958.28 2767882.00
28/09/2016 17.13 17.11 17.31 17.17 1031 186147.20 3202299.00
29/09/2016 17.18 16.93 17.40 17.11 998 184788.46 3174657.00
30/09/2016 17.17 17.00 17.32 17.10 989 185102.02 3178019.00
03/10/2016 17.10 17.03 17.17 17.12 834 138277.79 2366401.00
04/10/2016 17.13 17.02 17.21 17.15 1619 300385.77 5141572.00
05/10/2016 17.15 17.15 17.36 17.20 1044 196703.55 3395780.00
06/10/2016 17.29 17.24 17.74 17.53 1876 391316.74 6856461.00
07/10/2016 17.59 17.53 17.80 17.59 1278 225237.06 3976451.00
10/10/2016 17.68 17.62 17.94 17.78 1481 291292.67 5197734.00
11/10/2016 17.78 17.48 17.82 17.58 1218 257219.68 4528924.00
13/10/2016 17.59 17.41 17.66 17.46 2045 340834.37 5961758.00
14/10/2016 17.46 17.45 17.64 17.51 1209 204124.36 3583824.00
17/10/2016 17.51 17.50 17.83 17.71 793 191582.15 3381044.00
18/10/2016 17.71 17.71 18.34 18.17 1344 306447.83 5521923.00
19/10/2016 18.31 18.02 18.41 18.21 1425 283976.38 5164103.00
20/10/2016 18.20 18.03 18.22 18.14 1598 255129.31 4622009.00
21/10/2016 18.33 18.01 18.41 18.08 1618 646655.09 11743477.00
24/10/2016 18.14 18.09 18.49 18.38 1403 1348286.84 24479331.00
25/10/2016 18.38 18.28 19.09 19.06 2042 375952.54 7054261.00
26/10/2016 18.94 18.79 19.05 18.90 1851 320557.81 6061237.00
27/10/2016 18.93 18.90 19.35 19.19 1115 246245.26 4721069.00
28/10/2016 19.27 19.08 19.91 19.78 1794 324039.67 6342325.00
31/10/2016 19.68 18.91 19.71 19.02 1759 444742.13 8556669.00
01/11/2016 19.02 18.57 19.36 18.79 2497 783328.00 14747494.00
03/11/2016 18.79 18.32 18.79 18.35 2603 428854.80 7932216.00
04/11/2016 18.46 18.30 19.16 18.87 2073 283496.03 5337600.00
07/11/2016 19.06 18.53 19.21 19.09 1816 297526.40 5632144.00
08/11/2016 19.14 18.76 19.14 18.84 1197 259046.04 4904725.00
09/11/2016 18.37 18.06 18.65 18.55 1701 380367.49 7019729.00
10/11/2016 18.66 18.07 18.70 18.13 2082 417300.37 7640783.00
11/11/2016 18.06 17.12 18.23 17.56 2774 576276.86 10053381.00
14/11/2016 17.50 16.73 17.50 17.06 2767 447218.08 7626447.00
16/11/2016 17.12 16.94 17.30 17.11 2835 403063.68 6898450.00
17/11/2016 17.39 16.67 17.39 16.97 2360 402032.03 6828739.00
18/11/2016 16.97 16.72 17.22 16.97 2800 417816.20 7079322.00
21/11/2016 17.20 16.77 17.20 17.04 1844 307636.52 5195416.00
22/11/2016 17.20 16.97 17.30 17.00 1915 411935.82 7058593.00
23/11/2016 17.00 16.65 17.10 16.77 2035 411729.50 6946050.00
24/11/2016 16.78 16.67 17.02 16.67 682 98728.42 1664669.00
25/11/2016 16.67 16.57 16.80 16.77 687 109560.69 1828753.00
28/11/2016 16.81 16.37 16.81 16.65 1291 230469.48 3821760.00
29/11/2016 16.65 16.57 17.00 16.76 1278 231707.45 3908488.00
30/11/2016 16.98 16.62 16.98 16.92 824 546771.82 9190464.00
01/12/2016 16.92 16.19 16.92 16.35 1693 279782.11 4589456.00
02/12/2016 16.35 15.96 16.47 16.14 1686 302890.96 4921021.00
05/12/2016 16.29 15.79 16.29 16.00 1479 252856.18 4039465.00
06/12/2016 15.98 15.82 16.63 16.38 2411 394810.51 6436352.00
07/12/2016 16.47 16.06 16.56 16.24 2283 394810.51 6427509.00
08/12/2016 16.24 15.87 16.31 16.13 1884 323833.35 5194121.00
09/12/2016 16.13 15.90 16.21 16.18 949 174451.16 2805515.00
12/12/2016 16.19 15.82 16.19 15.95 1071 378510.53 6030146.00
13/12/2016 15.99 15.71 16.06 15.76 1643 410182.03 6490083.00
14/12/2016 15.82 15.56 15.95 15.71 1515 254197.31 3996600.00
15/12/2016 15.71 15.52 15.96 15.90 1476 451757.32 7108714.00
16/12/2016 15.89 15.62 16.22 15.69 1174 279472.61 4431080.00
19/12/2016 15.79 15.65 16.09 15.95 1297 239032.14 3793552.00
20/12/2016 15.99 15.84 16.08 15.92 1029 199313.81 3184175.00
21/12/2016 15.92 15.92 16.27 15.98 1298 240373.27 3854474.00
22/12/2016 16.05 16.05 16.53 16.26 830 136796.12 2219561.00
23/12/2016 16.39 16.24 16.47 16.29 797 143501.81 2342838.00
26/12/2016 16.29 16.29 16.52 16.52 441 63136.67 1036515.00
27/12/2016 16.53 16.50 16.98 16.91 1545 548525.61 9145058.00
28/12/2016 16.87 16.87 17.15 17.03 895 134939.16 2296007.00
29/12/2016 17.10 16.98 17.20 17.04 1839 382740.27 6530289.00
02/01/2017 17.04 16.93 17.38 17.07 701 127717.64 2183502.00
03/01/2017 17.26 17.17 17.50 17.50 1418 240373.27 4182931.00
04/01/2017 17.52 17.45 17.85 17.78 1654 439687.08 7777934.00
05/01/2017 17.60 17.30 17.63 17.36 1530 336419.41 5863345.00
06/01/2017 17.35 17.20 17.40 17.25 1669 233151.76 4034410.00
09/01/2017 17.25 17.12 17.44 17.44 1031 196941.02 3406452.00
10/01/2017 17.43 17.25 17.50 17.29 905 236040.36 4091761.00
11/01/2017 17.29 16.96 17.40 17.09 1044 349108.64 6008891.00
12/01/2017 17.20 17.14 17.54 17.14 2072 426172.53 7388897.00
13/01/2017 17.13 16.77 17.23 16.82 2357 363242.18 6162218.00
16/01/2017 16.82 16.67 17.09 17.00 1504 216851.77 3658806.00
17/01/2017 17.00 16.90 17.39 17.25 1643 271528.95 4677432.00
18/01/2017 17.30 17.21 17.61 17.59 989 428442.15 7445890.00
19/01/2017 17.59 17.37 17.59 17.45 1338 189616.34 3316585.00
20/01/2017 17.45 17.27 17.52 17.27 944 172903.69 3001598.00
23/01/2017 17.27 17.27 17.45 17.44 944 206122.66 3578336.00
24/01/2017 17.40 17.40 17.79 17.68 977 705954.63 12395159.00
26/01/2017 17.68 17.68 18.21 18.09 1164 347354.85 6279235.00
27/01/2017 18.29 18.03 18.37 18.03 682 138549.92 2519003.00
30/01/2017 18.03 17.85 18.04 17.87 773 143914.47 2579610.00
31/01/2017 17.87 17.80 18.10 17.95 496 113687.27 2039409.00
01/02/2017 17.95 17.88 18.15 17.95 850 441853.53 7957809.00
02/02/2017 17.89 17.89 18.11 17.97 1106 180950.52 3260076.00
03/02/2017 17.98 17.95 18.09 17.95 1101 192608.11 3468410.00
06/02/2017 17.98 17.90 18.07 17.96 733 184767.61 3324079.00
07/02/2017 17.97 17.83 18.01 17.88 650 250999.21 4489240.00
08/02/2017 17.98 17.92 18.11 17.97 1176 570499.65 10239512.00
09/02/2017 17.97 17.97 18.80 18.80 1201 339308.02 6226818.00
10/02/2017 18.71 18.54 18.84 18.74 1970 401000.39 7507543.00
13/02/2017 18.74 18.63 19.02 18.90 1544 252237.19 4761575.00
14/02/2017 18.90 18.90 19.18 19.17 1316 205194.18 3921511.00
15/02/2017 19.18 19.11 19.39 19.28 1517 270290.97 5218296.00
16/02/2017 19.20 19.20 19.40 19.24 2174 343537.77 6638177.00
17/02/2017 19.37 19.24 19.54 19.29 2152 378820.02 7324060.00
20/02/2017 19.29 19.29 19.47 19.30 1155 225620.75 4367766.00
21/02/2017 19.32 19.26 19.41 19.26 1178 220359.35 4257169.00
22/02/2017 19.26 19.26 19.51 19.40 2239 738245.11 14291824.00
23/02/2017 19.51 19.24 19.75 19.24 2589 464652.88 9066773.00
24/02/2017 19.25 18.53 19.43 19.38 2201 974904.46 18473572.00
01/03/2017 19.45 19.06 19.51 19.27 2758 670156.55 12902297.00
02/03/2017 19.29 18.96 19.38 19.10 2866 633326.83 12163228.00
03/03/2017 19.10 19.05 19.25 19.11 1529 339823.84 6503467.00
06/03/2017 19.19 19.18 20.34 20.34 2336 529130.69 10497658.00
07/03/2017 20.36 20.06 20.41 20.28 1919 448456.05 9056479.00
08/03/2017 20.35 20.10 20.35 20.35 1122 240373.27 4859089.00
09/03/2017 20.34 20.10 20.56 20.36 1218 340752.32 6912767.00
10/03/2017 20.40 20.36 20.78 20.61 1716 258014.40 5317531.00
13/03/2017 20.57 20.47 20.83 20.62 1777 260696.67 5389872.00
14/03/2017 20.63 20.32 20.66 20.40 1209 223247.96 4568588.00
15/03/2017 20.54 20.28 21.00 20.87 2949 431537.08 8895961.00
16/03/2017 20.88 20.87 21.20 20.99 1410 236246.69 4958111.00
17/03/2017 21.15 20.89 21.15 21.04 1721 302478.29 6355234.00
20/03/2017 21.05 20.71 21.07 20.80 1550 271116.29 5663101.00
21/03/2017 20.81 20.51 20.87 20.81 1434 234905.55 4875666.00
22/03/2017 20.81 20.53 21.01 20.86 1698 291749.18 6087623.00
23/03/2017 20.97 20.36 20.97 20.36 945 334871.95 6878420.00
24/03/2017 20.36 20.36 20.83 20.73 1782 327856.76 6762923.00
27/03/2017 20.73 20.42 20.99 20.77 1250 204575.19 4264986.00
28/03/2017 20.79 20.69 20.91 20.87 488 112655.63 2346555.00
29/03/2017 20.84 20.78 21.47 21.47 1636 512830.69 10870171.00
30/03/2017 21.52 21.45 21.74 21.66 1358 434941.51 9389266.00
31/03/2017 21.66 21.49 22.02 21.97 1802 302168.80 6598993.00
03/04/2017 21.97 21.52 21.97 21.93 1821 301756.15 6542012.00
04/04/2017 21.74 21.62 21.93 21.93 1275 253578.32 5516587.00
05/04/2017 21.91 21.82 22.18 22.18 1560 207670.13 4569156.00
06/04/2017 22.17 21.86 22.18 21.86 1061 210558.74 4623771.00
07/04/2017 21.86 21.81 22.23 22.21 1559 235215.05 5187604.00
10/04/2017 22.20 21.96 22.20 22.11 1181 165785.34 3666869.00
11/04/2017 22.07 22.03 22.66 22.54 1253 195703.04 4380149.00
12/04/2017 22.49 22.35 22.75 22.46 1024 225930.24 5090338.00
13/04/2017 22.71 22.57 22.91 22.91 666 139121.30 3167952.00
17/04/2017 22.89 22.65 23.21 22.82 843 415541.34 9496022.00
18/04/2017 22.81 22.45 23.06 22.72 1505 778836.25 17733206.00
19/04/2017 22.72 22.36 22.85 22.45 1200 219921.00 4950750.00
20/04/2017 22.48 22.03 22.62 22.30 1417 246347.97 5503018.00
24/04/2017 22.34 22.34 22.99 22.52 1293 204328.08 4649819.00
25/04/2017 22.52 22.43 22.96 22.96 1627 320161.24 7264223.00
26/04/2017 22.90 22.63 22.93 22.93 707 414022.55 9440300.00
27/04/2017 22.96 22.78 23.17 23.01 680 98316.43 2258097.00
28/04/2017 23.11 23.11 24.35 24.35 1331 448549.74 10724606.00
02/05/2017 24.34 24.04 25.56 25.45 2601 723957.26 18035051.00
03/05/2017 25.42 25.06 26.11 25.95 2638 722800.00 18511567.00
04/05/2017 25.94 25.31 26.00 25.55 2493 556200.00 14278855.00
05/05/2017 25.31 24.89 25.85 25.55 3064 607000.00 15543487.00
08/05/2017 25.59 25.20 25.70 25.31 1943 400400.00 10160887.00
09/05/2017 25.32 25.31 25.86 25.75 2481 452000.00 11531039.00
10/05/2017 25.95 25.93 27.54 27.07 3040 638700.00 17049324.00
11/05/2017 27.07 26.95 28.47 28.27 2619 635500.00 17720715.00
12/05/2017 28.79 27.91 28.79 28.10 2525 407100.00 11485018.00
15/05/2017 28.16 27.76 28.40 27.87 1217 207800.00 5817271.00
16/05/2017 27.80 27.64 28.60 28.38 1557 344700.00 9768627.00
17/05/2017 28.30 27.66 28.48 27.73 1905 366700.00 10271130.00
18/05/2017 23.53 23.52 26.50 26.00 1968 417400.00 10719035.00
19/05/2017 26.00 25.79 27.00 26.15 1614 355400.00 9322172.00
22/05/2017 25.80 25.00 26.31 25.00 1743 356000.00 9101693.00
23/05/2017 25.10 25.10 26.89 26.81 1766 303800.00 7981707.00
24/05/2017 26.81 26.68 27.89 26.77 1189 208400.00 5702440.00
25/05/2017 27.00 26.47 27.38 27.21 804 109000.00 2937523.00
26/05/2017 27.30 26.84 27.50 27.40 1090 370300.00 10116762.00
29/05/2017 27.47 26.96 27.55 27.02 758 119300.00 3255694.00
30/05/2017 27.00 26.56 27.34 26.56 914 143700.00 3851769.00
31/05/2017 26.54 26.15 26.96 26.30 984 197800.00 5222385.00
01/06/2017 26.40 25.60 26.80 25.60 984 204100.00 5328803.00
02/06/2017 25.81 25.66 26.25 26.06 975 202400.00 5259061.00
05/06/2017 25.95 25.94 26.40 26.04 878 151400.00 3963610.00
06/06/2017 26.00 26.00 26.32 26.05 775 107700.00 2823050.00
07/06/2017 26.10 25.46 26.39 25.90 1637 258100.00 6652364.00
08/06/2017 25.90 25.50 26.16 25.86 882 260600.00 6745848.00
09/06/2017 25.86 23.28 26.03 24.01 3048 941600.00 22765841.00
12/06/2017 24.49 24.03 24.95 24.55 1673 284300.00 6931875.00
13/06/2017 24.31 24.26 25.36 24.97 1565 1877600.00 45927591.00
14/06/2017 25.00 24.88 25.33 25.18 1357 208400.00 5236627.00
16/06/2017 25.38 24.54 25.38 24.54 890 228200.00 5637901.00
