20/06/2016 50.80 50.22 50.80 50.22 2 45100.00 2290906.00
21/06/2016 50.19 50.19 50.19 50.19 1 2000.00 100380.00
23/06/2016 50.85 50.85 50.85 50.85 1 2700.00 137295.00
24/06/2016 48.65 48.35 48.65 48.35 2 5500.00 267365.00
27/06/2016 47.30 47.30 47.30 47.30 1 1900.00 89870.00
28/06/2016 46.57 46.57 47.12 47.00 4 6400.00 299946.00
29/06/2016 46.94 46.81 46.94 46.91 3 4300.00 201724.00
30/06/2016 47.44 47.43 47.44 47.43 2 3200.00 151803.00
01/07/2016 48.17 47.48 48.17 47.52 4 30000.00 1444292.00
05/07/2016 47.47 47.30 47.47 47.30 2 3700.00 175129.00
06/07/2016 48.32 48.25 48.32 48.25 2 4500.00 217195.00
08/07/2016 49.42 49.33 49.42 49.33 2 6300.00 310869.00
11/07/2016 50.12 50.12 50.52 50.52 2 7300.00 368156.00
13/07/2016 51.70 51.70 51.70 51.70 1 2200.00 113740.00
14/07/2016 52.38 52.38 52.38 52.38 1 1500.00 78570.00
15/07/2016 52.60 52.49 52.74 52.49 7 3700.00 194746.00
18/07/2016 53.02 52.64 53.02 52.64 6 2300.00 121458.00
19/07/2016 52.35 52.35 52.35 52.35 1 5100.00 266985.00
20/07/2016 52.29 52.29 52.29 52.29 1 5100.00 266679.00
21/07/2016 52.60 52.37 52.60 52.37 3 10100.00 531145.00
22/07/2016 52.53 52.25 52.53 52.25 2 11600.00 608844.00
25/07/2016 52.98 52.61 52.98 52.61 76 25000.00 1319394.00
29/07/2016 51.65 51.65 51.65 51.65 1 1300.00 67145.00
01/08/2016 51.57 51.57 51.65 51.65 3 1600.00 82576.00
03/08/2016 51.28 51.27 51.28 51.27 2 800.00 41023.00
05/08/2016 51.10 51.10 51.13 51.13 3 2100.00 107361.00
08/08/2016 51.62 51.39 51.62 51.39 3 3100.00 159778.00
09/08/2016 51.62 51.62 51.62 51.62 15 3900.00 201318.00
10/08/2016 50.37 50.37 50.37 50.37 1 1000.00 50370.00
11/08/2016 51.27 51.19 51.27 51.19 6 2400.00 122906.00
12/08/2016 51.88 51.65 51.88 51.65 2 1700.00 88173.00
15/08/2016 52.81 52.81 52.81 52.81 1 1400.00 73934.00
17/08/2016 53.05 53.05 53.05 53.05 1 1500.00 79575.00
18/08/2016 53.63 53.63 53.63 53.63 1 1000.00 53630.00
19/08/2016 53.26 53.26 53.27 53.27 2 300.00 15980.00
22/08/2016 53.35 53.35 53.35 53.35 1 400.00 21340.00
24/08/2016 53.31 53.31 53.31 53.31 1 7100.00 378501.00
25/08/2016 53.36 53.36 53.36 53.36 1 500.00 26680.00
29/08/2016 54.40 54.40 54.40 54.40 1 800.00 43520.00
30/08/2016 54.39 54.39 54.39 54.39 1 1400.00 76146.00
02/09/2016 54.90 54.90 54.90 54.90 1 700.00 38430.00
06/09/2016 54.03 54.03 54.14 54.14 2 3100.00 167735.00
08/09/2016 54.48 54.48 54.48 54.48 1 6700.00 365016.00
09/09/2016 55.37 55.37 55.37 55.37 1 2500.00 138425.00
12/09/2016 55.83 55.83 55.83 55.83 1 100.00 5583.00
13/09/2016 55.55 55.42 55.55 55.42 2 1100.00 61040.00
14/09/2016 55.37 55.37 55.37 55.37 1 400.00 22148.00
15/09/2016 55.56 55.43 55.57 55.43 3 1400.00 77750.00
19/09/2016 54.65 54.63 54.65 54.63 2 2100.00 114753.00
20/09/2016 54.13 54.13 54.13 54.13 1 700.00 37891.00
21/09/2016 53.55 53.38 53.55 53.38 2 5200.00 277695.00
22/09/2016 54.16 54.16 54.16 54.16 1 600.00 32496.00
26/09/2016 52.45 52.10 52.45 52.10 2 2200.00 115285.00
27/09/2016 52.65 52.65 52.83 52.83 2 500.00 26361.00
28/09/2016 52.31 52.31 52.80 52.80 2 1500.00 78759.00
29/09/2016 51.83 51.83 51.83 51.83 1 2300.00 119209.00
30/09/2016 52.53 52.53 52.53 52.53 1 300.00 15759.00
03/10/2016 51.69 51.69 51.90 51.90 4 2300.00 119132.00
04/10/2016 52.50 52.50 52.50 52.50 1 3300.00 173250.00
05/10/2016 53.35 53.35 53.35 53.35 1 3300.00 176055.00
06/10/2016 53.43 53.43 53.43 53.43 1 700.00 37401.00
07/10/2016 54.54 54.54 54.64 54.64 2 1900.00 103706.00
10/10/2016 55.16 54.76 55.16 54.76 2 19000.00 1046240.00
11/10/2016 54.30 54.30 54.30 54.30 1 1900.00 103170.00
13/10/2016 53.33 53.33 53.33 53.33 1 1200.00 63996.00
14/10/2016 54.43 54.43 54.43 54.43 1 200.00 10886.00
17/10/2016 54.02 54.02 54.02 54.02 1 16400.00 885928.00
18/10/2016 54.72 54.72 54.72 54.72 1 2300.00 125856.00
19/10/2016 55.51 55.51 55.51 55.51 1 2500.00 138775.00
20/10/2016 54.95 54.65 54.95 54.65 2 1000.00 54890.00
21/10/2016 55.35 55.35 55.35 55.35 1 1400.00 77490.00
24/10/2016 54.53 54.53 54.89 54.89 2 14300.00 784279.00
25/10/2016 54.23 54.23 54.23 54.23 1 7100.00 385033.00
26/10/2016 55.43 55.34 55.51 55.51 3 2100.00 116466.00
27/10/2016 56.09 56.09 56.09 56.09 1 700.00 39263.00
31/10/2016 56.61 56.61 56.61 56.61 2 13900.00 786879.00
03/11/2016 57.00 57.00 57.00 57.00 1 400.00 22800.00
07/11/2016 57.87 57.80 57.87 57.80 2 8400.00 485562.00
08/11/2016 57.67 57.67 57.67 57.67 1 700.00 40369.00
09/11/2016 60.24 59.89 60.24 59.89 2 10200.00 613398.00
10/11/2016 67.09 67.09 68.13 68.13 3 10500.00 710449.00
11/11/2016 68.73 68.73 68.73 68.73 1 3800.00 261174.00
14/11/2016 71.53 71.53 72.28 72.28 3 15900.00 1144392.00
16/11/2016 70.08 70.08 70.90 70.32 3 4000.00 282320.00
17/11/2016 70.38 70.38 71.88 71.88 3 14100.00 1000558.00
18/11/2016 71.23 71.01 71.23 71.01 2 5600.00 398778.00
21/11/2016 70.45 70.45 70.45 70.45 1 2200.00 154990.00
23/11/2016 71.90 71.67 71.90 71.67 2 3100.00 222683.00
25/11/2016 72.70 72.70 72.70 72.70 1 200.00 14540.00
28/11/2016 71.33 71.33 71.88 71.88 2 1800.00 128449.00
02/12/2016 76.31 76.31 77.06 77.06 2 4900.00 376994.00
05/12/2016 78.03 77.94 78.03 77.94 2 5500.00 428724.00
06/12/2016 78.42 78.42 78.42 78.42 1 800.00 62736.00
07/12/2016 79.46 79.46 79.46 79.46 1 1100.00 87406.00
08/12/2016 81.48 81.30 81.48 81.30 2 900.00 73188.00
09/12/2016 81.05 81.05 81.05 81.05 1 800.00 64840.00
12/12/2016 79.28 79.15 79.94 79.94 3 14100.00 1119068.00
13/12/2016 78.89 78.89 79.32 79.32 2 1000.00 79062.00
15/12/2016 82.34 82.34 82.34 82.34 1 1500.00 123510.00
16/12/2016 81.45 81.45 81.45 81.45 1 600.00 48870.00
19/12/2016 80.63 80.16 80.63 80.33 3 3600.00 289366.00
20/12/2016 81.20 81.20 81.20 81.20 1 900.00 73080.00
21/12/2016 80.40 80.40 80.40 80.40 1 700.00 56280.00
22/12/2016 79.23 79.23 79.93 79.93 2 300.00 23839.00
27/12/2016 78.87 78.87 78.87 78.87 1 800.00 63096.00
28/12/2016 79.77 79.77 79.77 79.77 1 100.00 7977.00
29/12/2016 77.39 77.39 77.39 77.39 1 900.00 69651.00
03/01/2017 78.53 78.53 78.53 78.53 1 1200.00 94236.00
04/01/2017 77.40 77.40 78.39 78.39 3 10500.00 816726.00
05/01/2017 76.75 75.98 76.75 75.98 2 1100.00 83886.00
09/01/2017 78.25 78.25 78.25 78.25 1 300.00 23475.00
11/01/2017 77.45 77.45 77.45 77.45 1 400.00 30980.00
17/01/2017 77.02 77.00 77.16 77.16 3 3900.00 300470.00
19/01/2017 75.26 75.26 75.26 75.26 1 13600.00 1023536.00
20/01/2017 74.05 74.05 74.05 74.05 1 900.00 66645.00
23/01/2017 74.17 74.17 74.17 74.17 1 2200.00 163174.00
24/01/2017 74.78 74.42 75.01 75.01 3 2200.00 164143.00
26/01/2017 75.69 75.69 76.22 76.22 2 800.00 60764.00
27/01/2017 74.79 74.79 74.79 74.79 1 900.00 67311.00
30/01/2017 72.92 72.92 72.97 72.97 2 16700.00 1218544.00
31/01/2017 71.85 71.85 72.19 72.19 2 3300.00 237479.00
01/02/2017 72.62 72.62 72.62 72.62 1 500.00 36310.00
02/02/2017 72.33 72.33 72.33 72.33 1 500.00 36165.00
03/02/2017 74.72 74.68 75.18 74.68 4 5200.00 389353.00
06/02/2017 75.35 75.35 75.35 75.35 1 13100.00 987085.00
07/02/2017 74.68 74.68 74.68 74.68 1 1600.00 119488.00
08/02/2017 74.36 74.36 74.36 74.36 1 500.00 37180.00
09/02/2017 75.83 75.83 75.83 75.83 1 1400.00 106162.00
13/02/2017 77.03 77.03 77.03 77.03 1 8400.00 647052.00
14/02/2017 77.05 77.05 77.12 77.12 2 2400.00 185011.00
17/02/2017 77.25 77.25 77.63 77.63 3 500.00 38739.00
21/02/2017 77.74 77.74 77.74 77.74 1 800.00 62192.00
23/02/2017 76.58 76.58 76.58 76.58 1 300.00 22974.00
01/03/2017 78.85 78.85 78.85 78.85 1 500.00 39425.00
03/03/2017 79.02 79.02 79.02 79.02 1 300.00 23706.00
06/03/2017 78.66 78.66 78.66 78.66 1 1100.00 86526.00
07/03/2017 78.58 78.23 78.58 78.23 2 1100.00 86123.00
08/03/2017 79.05 78.94 79.05 78.94 6 23800.00 1879842.00
10/03/2017 78.39 78.31 78.39 78.31 5 23900.00 1872269.00
13/03/2017 78.56 78.56 78.56 78.56 1 1000.00 78560.00
15/03/2017 79.25 79.25 79.25 79.25 1 1900.00 150575.00
17/03/2017 75.98 75.82 76.40 76.40 7 24600.00 1867408.00
20/03/2017 74.82 74.82 74.82 74.82 1 800.00 59856.00
24/03/2017 72.52 72.52 72.52 72.52 1 1200.00 87024.00
27/03/2017 70.96 70.96 70.99 70.99 2 3000.00 212940.00
29/03/2017 70.80 70.80 70.80 70.80 1 2200.00 155760.00
03/04/2017 71.35 71.35 71.49 71.49 2 1100.00 78569.00
04/04/2017 70.98 70.98 70.98 70.98 1 2900.00 205842.00
05/04/2017 70.96 70.96 70.96 70.96 1 100.00 7096.00
07/04/2017 70.82 70.82 70.82 70.82 1 800.00 56656.00
10/04/2017 71.71 71.71 71.71 71.71 1 1200.00 86052.00
11/04/2017 71.30 71.30 71.30 71.30 1 2500.00 178250.00
17/04/2017 70.13 70.13 70.13 70.13 1 400.00 28052.00
24/04/2017 69.90 69.90 69.90 69.90 1 100.00 6990.00
02/05/2017 71.50 71.15 71.50 71.15 2 1100.00 78300.00
08/05/2017 71.73 71.71 71.73 71.71 2 24200.00 1735402.00
10/05/2017 70.86 70.86 70.86 70.86 1 100.00 7086.00
15/05/2017 69.67 69.67 69.67 69.67 1 12300.00 856941.00
18/05/2017 71.68 71.68 71.79 71.79 2 2400.00 172285.00
22/05/2017 70.63 70.63 70.63 70.63 2 2600.00 183638.00
29/05/2017 73.12 73.12 73.12 73.12 1 100.00 7312.00
30/05/2017 71.08 71.08 71.08 71.08 1 4700.00 334076.00
05/06/2017 70.07 70.04 70.07 70.04 2 8900.00 623386.00
06/06/2017 70.62 70.62 70.62 70.62 1 2000.00 141240.00
08/06/2017 71.79 71.79 71.79 71.79 1 600.00 43074.00
12/06/2017 73.06 73.06 73.06 73.06 1 400.00 29224.00
