20/06/2016 3.50 3.40 3.50 3.50 4 3100.00 10650.00
21/06/2016 3.49 3.30 3.49 3.39 20 16100.00 53833.00
22/06/2016 3.29 3.16 3.29 3.23 21 25500.00 81473.00
23/06/2016 3.25 3.10 3.25 3.18 19 10300.00 32674.00
24/06/2016 3.01 3.01 3.10 3.10 8 4200.00 12982.00
27/06/2016 3.10 3.10 3.10 3.10 1 1000.00 3100.00
28/06/2016 3.20 3.20 3.40 3.20 12 3700.00 11992.00
29/06/2016 3.20 3.20 3.21 3.20 6 3300.00 10564.00
30/06/2016 3.20 3.20 3.50 3.40 15 290500.00 987215.00
01/07/2016 3.40 3.40 3.54 3.50 5 3700.00 12874.00
04/07/2016 3.50 3.50 3.50 3.50 1 100.00 350.00
05/07/2016 3.50 3.45 3.50 3.46 8 3800.00 13236.00
06/07/2016 3.45 3.45 3.80 3.70 15 7900.00 28915.00
07/07/2016 3.95 3.75 3.95 3.75 23 10400.00 39942.00
08/07/2016 3.78 3.78 3.87 3.87 6 2800.00 10746.00
11/07/2016 3.94 3.74 4.00 4.00 12 5800.00 22294.00
12/07/2016 4.00 3.97 4.24 4.05 22 27600.00 111597.00
13/07/2016 4.05 3.70 4.05 3.84 22 21200.00 80604.00
14/07/2016 3.87 3.86 4.00 4.00 11 6100.00 23873.00
15/07/2016 3.90 3.90 4.00 4.00 5 700.00 2768.00
18/07/2016 3.90 3.90 4.12 4.12 23 22700.00 92620.00
19/07/2016 4.11 3.97 4.11 4.05 9 4000.00 16024.00
20/07/2016 4.05 3.95 4.05 3.95 13 7900.00 31396.00
21/07/2016 3.95 3.85 3.95 3.85 11 3900.00 15136.00
22/07/2016 3.88 3.85 3.98 3.85 9 2900.00 11181.00
25/07/2016 3.90 3.85 4.00 4.00 4 1500.00 5880.00
26/07/2016 3.99 3.70 3.99 3.70 17 11700.00 44830.00
27/07/2016 3.80 3.70 3.80 3.70 7 1000.00 3725.00
28/07/2016 3.70 3.20 3.70 3.20 29 15900.00 53709.00
29/07/2016 3.30 3.23 3.35 3.23 16 13400.00 44307.00
01/08/2016 3.32 3.23 3.49 3.44 26 21400.00 72427.00
02/08/2016 3.35 3.25 3.35 3.25 19 11500.00 38112.00
03/08/2016 3.33 3.25 3.33 3.26 10 3300.00 10864.00
04/08/2016 3.35 3.35 3.60 3.54 15 16000.00 56304.00
05/08/2016 3.50 3.50 3.75 3.75 26 17500.00 63700.00
08/08/2016 3.80 3.78 4.00 3.80 36 26800.00 102775.00
09/08/2016 3.80 3.65 3.85 3.65 12 6900.00 25905.00
10/08/2016 3.65 3.50 3.75 3.70 34 20600.00 74367.00
11/08/2016 3.64 3.60 3.94 3.94 21 17200.00 64777.00
12/08/2016 3.94 3.83 3.95 3.95 12 7400.00 29106.00
15/08/2016 4.00 4.00 4.70 4.70 19 8300.00 35252.00
16/08/2016 4.64 4.25 4.64 4.50 17 9300.00 41032.00
17/08/2016 4.49 4.45 4.59 4.45 17 7700.00 34597.00
18/08/2016 4.35 4.15 4.35 4.20 10 3900.00 16652.00
19/08/2016 4.15 3.80 4.15 3.80 38 21500.00 84532.00
22/08/2016 4.05 3.98 4.06 4.00 18 8200.00 33028.00
23/08/2016 4.15 4.03 4.15 4.10 10 3800.00 15635.00
24/08/2016 4.00 3.72 4.00 3.72 16 11100.00 42647.00
25/08/2016 3.82 3.63 3.82 3.63 10 6600.00 24527.00
26/08/2016 3.74 3.65 3.85 3.65 21 12500.00 46458.00
29/08/2016 3.80 3.55 3.80 3.55 9 5800.00 20925.00
30/08/2016 3.56 3.40 3.58 3.40 26 343400.00 1168235.00
31/08/2016 3.49 3.30 3.49 3.30 14 3300.00 11095.00
01/09/2016 3.50 3.35 3.55 3.55 10 3500.00 12170.00
02/09/2016 3.50 3.50 3.79 3.79 8 3900.00 14245.00
05/09/2016 3.79 3.56 3.79 3.65 13 5500.00 19961.00
06/09/2016 3.65 3.55 3.65 3.55 5 1000.00 3566.00
08/09/2016 3.51 3.50 3.51 3.50 4 1700.00 5956.00
09/09/2016 3.52 3.50 3.75 3.75 6 1000.00 3554.00
12/09/2016 3.65 3.60 3.72 3.62 15 4300.00 15694.00
13/09/2016 3.50 3.47 3.55 3.55 6 1600.00 5647.00
14/09/2016 3.60 3.60 3.67 3.63 6 1900.00 6867.00
15/09/2016 3.63 3.63 3.63 3.63 2 400.00 1452.00
16/09/2016 3.50 3.45 3.54 3.46 10 6400.00 22174.00
19/09/2016 3.47 3.40 3.70 3.70 15 20900.00 75338.00
20/09/2016 3.70 3.70 3.99 3.99 32 19100.00 74678.00
21/09/2016 4.00 3.88 4.00 3.99 8 5600.00 22231.00
22/09/2016 3.99 3.99 4.00 3.99 5 1400.00 5595.00
23/09/2016 4.00 4.00 4.09 4.09 11 7500.00 30519.00
26/09/2016 4.05 3.93 4.05 4.00 6 1700.00 6839.00
27/09/2016 4.04 4.04 4.04 4.04 1 100.00 404.00
28/09/2016 4.03 4.03 4.03 4.03 3 3100.00 12493.00
29/09/2016 4.15 4.02 4.15 4.14 4 1600.00 6505.00
30/09/2016 4.12 4.12 4.12 4.12 1 100.00 412.00
03/10/2016 4.11 4.01 4.14 4.01 10 2600.00 10550.00
04/10/2016 4.04 3.95 4.04 3.95 2 700.00 2774.00
05/10/2016 4.04 4.03 4.04 4.03 2 500.00 2016.00
06/10/2016 4.03 4.03 4.03 4.03 2 500.00 2015.00
10/10/2016 4.10 4.10 4.16 4.16 2 200.00 826.00
11/10/2016 4.09 4.09 4.15 4.15 2 200.00 824.00
13/10/2016 4.10 4.00 4.10 4.10 4 3200.00 13000.00
14/10/2016 4.00 4.00 4.00 4.00 15 899400.00 3597600.00
17/10/2016 4.05 4.05 4.35 4.17 10 3500.00 14630.00
18/10/2016 4.24 4.24 4.50 4.50 7 2600.00 11176.00
19/10/2016 4.30 4.30 4.30 4.30 1 1000.00 4300.00
20/10/2016 4.30 4.30 4.30 4.30 1 100.00 430.00
21/10/2016 4.30 4.30 4.65 4.51 12 10100.00 45460.00
24/10/2016 4.53 4.53 4.55 4.55 3 1100.00 4985.00
25/10/2016 4.53 4.53 4.53 4.53 1 100.00 453.00
26/10/2016 4.50 4.50 4.50 4.50 2 200.00 900.00
27/10/2016 4.53 4.45 4.53 4.45 6 8100.00 36540.00
28/10/2016 4.50 4.50 4.50 4.50 1 100.00 450.00
31/10/2016 4.40 4.40 4.40 4.40 1 1000.00 4400.00
01/11/2016 4.50 4.35 4.50 4.40 7 1900.00 8320.00
03/11/2016 4.50 4.37 4.50 4.37 3 1200.00 5257.00
04/11/2016 4.50 4.30 4.50 4.30 2 1100.00 4750.00
07/11/2016 4.40 4.37 4.47 4.47 6 3200.00 14105.00
08/11/2016 4.30 4.21 4.40 4.40 8 3400.00 14500.00
09/11/2016 4.28 4.25 4.39 4.39 5 3700.00 15905.00
10/11/2016 4.42 4.30 4.42 4.30 2 1200.00 5184.00
11/11/2016 4.10 4.10 4.34 4.22 10 7200.00 30288.00
14/11/2016 4.13 4.13 4.23 4.17 4 2800.00 11697.00
16/11/2016 4.17 4.17 4.22 4.22 2 1100.00 4637.00
18/11/2016 4.20 4.10 4.23 4.23 10 1035900.00 4350720.00
21/11/2016 4.34 4.34 4.34 4.34 1 100.00 434.00
22/11/2016 4.40 4.40 4.60 4.42 10 5400.00 24180.00
23/11/2016 4.30 4.30 4.40 4.40 3 2500.00 10840.00
24/11/2016 4.25 4.25 4.25 4.25 5 1700.00 7225.00
25/11/2016 4.30 4.14 4.30 4.25 7 5700.00 23892.00
28/11/2016 4.00 3.80 4.13 3.97 30 14200.00 56479.00
29/11/2016 4.07 3.85 4.07 3.85 12 17400.00 69201.00
30/11/2016 3.86 3.86 4.00 3.99 7 3200.00 12647.00
01/12/2016 3.99 3.90 4.03 3.99 8 3600.00 14278.00
02/12/2016 3.99 3.80 3.99 3.90 13 5400.00 20967.00
05/12/2016 3.87 3.80 3.87 3.80 8 4000.00 15339.00
06/12/2016 3.76 3.65 3.76 3.68 7 3000.00 11170.00
07/12/2016 3.88 3.83 3.97 3.97 7 2300.00 8904.00
09/12/2016 3.98 3.98 3.98 3.98 1 100.00 398.00
12/12/2016 3.89 3.89 4.00 4.00 8 4000.00 15831.00
13/12/2016 3.95 3.95 4.12 4.10 7 13400.00 54636.00
14/12/2016 4.00 4.00 4.04 4.04 10 2150900.00 8603608.00
16/12/2016 4.00 4.00 4.00 4.00 5 250700.00 1002800.00
19/12/2016 4.00 4.00 4.00 4.00 1 100.00 400.00
20/12/2016 4.00 4.00 4.10 4.10 3 10000.00 40888.00
21/12/2016 4.10 4.00 4.10 4.00 3 1200.00 4810.00
22/12/2016 3.90 3.90 4.00 4.00 6 1200.00 4730.00
28/12/2016 3.89 3.89 3.99 3.99 3 1300.00 5087.00
29/12/2016 3.96 3.87 4.10 3.99 12 8900.00 35129.00
02/01/2017 3.98 3.98 4.07 4.07 6 3600.00 14577.00
03/01/2017 4.19 4.07 4.20 4.20 4 400.00 1659.00
04/01/2017 4.20 4.20 4.20 4.20 3 700.00 2940.00
05/01/2017 4.04 4.04 4.20 4.20 3 300.00 1240.00
06/01/2017 4.06 4.04 4.13 4.04 8 2300.00 9330.00
09/01/2017 4.18 4.07 4.20 4.20 9 4300.00 17955.00
10/01/2017 4.19 4.15 4.30 4.15 14 11900.00 49977.00
11/01/2017 4.15 4.15 4.15 4.15 1 200.00 830.00
12/01/2017 4.50 4.32 4.50 4.48 9 7300.00 32150.00
13/01/2017 4.50 4.43 4.50 4.46 10 4300.00 19265.00
16/01/2017 4.46 4.30 4.46 4.30 17 95100.00 422666.00
17/01/2017 4.50 4.50 4.50 4.50 3 11000.00 49500.00
18/01/2017 4.49 4.49 4.49 4.49 2 500.00 2245.00
19/01/2017 4.44 4.44 4.48 4.48 6 1900.00 8463.00
20/01/2017 4.47 4.35 4.49 4.49 13 17300.00 77329.00
23/01/2017 4.49 4.49 4.49 4.49 1 100.00 449.00
24/01/2017 4.47 4.35 4.47 4.45 4 1600.00 7023.00
26/01/2017 4.40 4.40 4.40 4.40 2 300.00 1320.00
27/01/2017 4.40 4.40 4.40 4.40 1 100.00 440.00
30/01/2017 4.36 4.36 4.36 4.36 2 1100.00 4796.00
31/01/2017 4.30 4.25 4.30 4.25 7 6300.00 26900.00
01/02/2017 4.35 4.31 4.45 4.35 9 6100.00 26785.00
02/02/2017 4.40 4.40 4.40 4.40 1 100.00 440.00
03/02/2017 4.45 4.40 4.45 4.40 2 3500.00 15450.00
06/02/2017 4.40 4.40 4.45 4.40 4 500.00 2209.00
07/02/2017 4.41 4.41 4.50 4.50 4 4000.00 17809.00
08/02/2017 4.50 4.35 4.50 4.50 11 13900.00 60883.00
09/02/2017 4.50 4.49 4.50 4.49 2 7400.00 33256.00
10/02/2017 4.49 4.49 4.49 4.49 1 100.00 449.00
13/02/2017 4.49 4.49 4.50 4.50 4 6100.00 27445.00
14/02/2017 4.42 4.42 4.50 4.50 9 17700.00 79424.00
15/02/2017 4.50 4.50 4.90 4.80 45 62000.00 293356.00
16/02/2017 4.75 4.74 4.90 4.90 8 7000.00 33929.00
17/02/2017 4.90 4.75 4.90 4.81 13 18400.00 88507.00
20/02/2017 4.85 4.85 5.05 5.05 12 13700.00 67565.00
21/02/2017 5.05 5.05 5.65 5.60 43 70200.00 385854.00
22/02/2017 5.62 5.30 5.65 5.50 29 40900.00 222611.00
23/02/2017 5.50 5.47 5.52 5.47 4 4200.00 23099.00
24/02/2017 5.45 5.45 5.65 5.64 8 10000.00 56276.00
01/03/2017 5.64 5.55 5.69 5.55 10 7100.00 39999.00
02/03/2017 5.60 5.55 5.89 5.88 35 63500.00 365683.00
03/03/2017 5.84 5.84 5.89 5.89 16 20800.00 122393.00
06/03/2017 5.89 5.85 6.25 6.10 41 30900.00 185810.00
07/03/2017 6.11 6.11 6.20 6.15 7 4500.00 27731.00
08/03/2017 6.00 5.90 6.10 5.90 10 5500.00 32729.00
09/03/2017 5.88 5.70 6.00 5.83 16 10400.00 61138.00
10/03/2017 5.88 5.82 6.22 6.10 20 14000.00 83640.00
13/03/2017 6.09 6.00 6.19 6.19 10 13800.00 84694.00
14/03/2017 6.19 5.80 6.19 5.85 27 31000.00 186564.00
15/03/2017 5.80 5.55 5.92 5.92 10 5300.00 30658.00
16/03/2017 5.75 5.70 5.75 5.70 5 6600.00 37650.00
17/03/2017 5.70 5.70 5.92 5.80 10 7500.00 43243.00
20/03/2017 5.80 5.70 5.90 5.90 4 1400.00 8020.00
21/03/2017 5.85 5.55 5.85 5.70 10 5200.00 29525.00
22/03/2017 5.69 5.61 5.69 5.61 8 7800.00 43842.00
23/03/2017 5.61 5.61 5.61 5.61 1 100.00 561.00
24/03/2017 5.52 5.52 5.62 5.62 5 1700.00 9434.00
27/03/2017 5.65 5.48 5.65 5.50 12 9100.00 50026.00
28/03/2017 5.50 5.50 5.50 5.50 1 1000.00 5500.00
29/03/2017 5.54 5.40 5.54 5.40 5 2000.00 10871.00
30/03/2017 5.44 5.44 5.44 5.44 1 100.00 544.00
31/03/2017 5.40 5.40 5.78 5.60 8 2900.00 16214.00
03/04/2017 5.65 5.56 5.65 5.61 5 1800.00 10108.00
04/04/2017 5.60 5.55 5.60 5.58 7 3400.00 18956.00
05/04/2017 5.62 5.55 5.62 5.55 5 1500.00 8374.00
06/04/2017 5.55 5.50 5.55 5.50 2 1100.00 6060.00
07/04/2017 5.40 5.40 5.40 5.40 3 1200.00 6480.00
10/04/2017 5.45 5.45 5.56 5.56 4 2000.00 11095.00
11/04/2017 5.57 5.57 5.69 5.69 3 2100.00 11897.00
12/04/2017 5.74 5.74 5.74 5.74 2 200.00 1148.00
13/04/2017 5.70 5.70 5.70 5.70 1 100.00 570.00
17/04/2017 5.70 5.60 5.90 5.90 10 3700.00 21084.00
18/04/2017 5.85 5.84 5.95 5.95 5 1600.00 9394.00
19/04/2017 5.70 5.65 5.70 5.65 6 2400.00 13645.00
20/04/2017 5.65 5.65 5.70 5.70 2 1000.00 5695.00
24/04/2017 5.89 5.89 5.89 5.89 1 100.00 589.00
25/04/2017 5.72 5.72 5.89 5.89 6 1000.00 5793.00
26/04/2017 5.89 5.89 5.89 5.89 2 400.00 2356.00
27/04/2017 5.89 5.89 5.89 5.89 2 200.00 1178.00
28/04/2017 5.89 5.89 5.89 5.89 2 300.00 1767.00
02/05/2017 5.89 5.89 5.89 5.89 1 100.00 589.00
03/05/2017 5.72 5.72 5.88 5.88 2 500.00 2924.00
04/05/2017 5.88 5.70 5.88 5.70 4 1600.00 9138.00
05/05/2017 5.71 5.71 5.85 5.84 5 1400.00 8159.00
08/05/2017 5.82 5.70 5.82 5.70 5 4100.00 23391.00
09/05/2017 5.82 5.81 5.82 5.81 3 500.00 2908.00
10/05/2017 5.81 5.81 5.82 5.82 4 600.00 3488.00
11/05/2017 5.82 5.50 5.82 5.50 27 13900.00 77619.00
12/05/2017 5.33 5.05 5.74 5.74 49 19400.00 103977.00
15/05/2017 5.80 5.40 5.80 5.51 12 4700.00 25860.00
16/05/2017 5.52 5.34 5.52 5.45 18 10400.00 56510.00
17/05/2017 5.50 5.35 5.50 5.35 9 1800.00 9689.00
18/05/2017 4.66 4.66 5.00 5.00 19 16000.00 77342.00
19/05/2017 5.00 5.00 5.00 5.00 1 100.00 500.00
22/05/2017 4.85 4.80 5.00 4.80 8 7000.00 34300.00
23/05/2017 4.75 4.75 4.85 4.85 2 1100.00 5235.00
24/05/2017 4.85 4.85 4.85 4.85 2 1000.00 4850.00
25/05/2017 4.95 4.95 4.95 4.95 1 100.00 495.00
26/05/2017 4.95 4.95 5.00 5.00 5 3000.00 14865.00
29/05/2017 4.91 4.91 4.99 4.99 2 200.00 990.00
30/05/2017 4.90 4.90 4.92 4.92 2 200.00 982.00
31/05/2017 4.99 4.99 4.99 4.99 1 100.00 499.00
01/06/2017 4.99 4.99 4.99 4.99 1 100.00 499.00
02/06/2017 4.99 4.98 4.99 4.98 3 400.00 1995.00
05/06/2017 4.90 4.90 4.99 4.99 2 200.00 989.00
06/06/2017 4.99 4.99 4.99 4.99 1 100.00 499.00
07/06/2017 5.00 5.00 5.00 5.00 2 600.00 3000.00
08/06/2017 4.85 4.77 4.89 4.77 11 3200.00 15453.00
09/06/2017 4.78 4.77 4.78 4.77 2 200.00 955.00
12/06/2017 4.74 4.70 4.74 4.70 6 1900.00 8943.00
13/06/2017 4.60 4.60 4.87 4.72 20 8400.00 39798.00
14/06/2017 4.84 4.51 4.84 4.51 17 7100.00 32410.00
16/06/2017 4.60 4.55 4.68 4.66 5 2300.00 10551.00
