20/06/2016 54.80 54.80 55.50 54.99 17 2100.00 115600.00
21/06/2016 55.09 54.50 56.49 55.58 42 7000.00 386051.00
22/06/2016 55.58 54.50 55.60 54.50 41 6000.00 331498.00
23/06/2016 55.04 54.52 55.15 54.63 38 5400.00 296806.00
24/06/2016 52.78 51.50 54.00 54.00 51 5800.00 308187.00
27/06/2016 56.59 53.75 56.59 53.75 15 1900.00 102946.00
28/06/2016 54.01 54.00 54.51 54.25 16 2500.00 135478.00
29/06/2016 54.08 54.08 54.50 54.30 12 1500.00 81465.00
30/06/2016 54.99 54.00 54.99 54.00 15 2900.00 157492.00
01/07/2016 54.00 54.00 55.20 55.20 29 3700.00 203251.00
04/07/2016 55.20 54.10 55.52 55.50 63 13800.00 758086.00
05/07/2016 55.50 55.50 56.00 56.00 71 11500.00 642930.00
06/07/2016 55.97 55.00 56.00 55.00 28 4000.00 221477.00
07/07/2016 55.00 54.08 55.60 55.00 28 6300.00 346907.00
08/07/2016 55.00 55.00 56.00 55.80 50 7300.00 406668.00
11/07/2016 55.99 55.69 56.92 56.03 49 7700.00 431645.00
12/07/2016 56.79 56.49 58.50 58.28 65 8200.00 467717.00
13/07/2016 58.05 58.05 58.36 58.26 12 1600.00 93228.00
14/07/2016 58.39 58.39 59.78 59.22 69 9900.00 584885.00
15/07/2016 59.50 59.10 59.56 59.56 27 3500.00 207895.00
18/07/2016 60.00 59.50 60.50 59.89 83 11500.00 690237.00
19/07/2016 59.61 59.20 60.75 59.70 160 21100.00 1266932.00
20/07/2016 60.30 59.51 61.39 60.50 38 8700.00 529135.00
21/07/2016 59.03 57.62 60.42 58.95 101 12200.00 714841.00
22/07/2016 59.00 58.88 59.95 59.90 30 3600.00 214148.00
25/07/2016 59.91 59.91 60.50 60.00 19 1900.00 114171.00
26/07/2016 61.74 56.03 61.74 57.80 57 9000.00 521317.00
27/07/2016 58.25 58.25 58.75 58.30 34 3500.00 205078.00
28/07/2016 58.30 57.41 58.90 58.90 25 2800.00 162788.00
29/07/2016 58.90 58.17 59.90 59.00 57 7400.00 438401.00
01/08/2016 58.99 58.98 60.50 60.00 58 7500.00 448175.00
02/08/2016 60.97 59.62 61.51 60.03 28 3700.00 224428.00
03/08/2016 61.19 60.00 61.20 60.25 33 5800.00 349280.00
04/08/2016 60.31 57.20 60.31 59.58 126 18100.00 1068816.00
05/08/2016 59.58 58.37 59.70 59.60 52 6200.00 368343.00
08/08/2016 59.69 58.88 59.69 59.20 34 4500.00 266744.00
09/08/2016 59.08 59.08 62.70 60.43 263 36600.00 2222659.00
10/08/2016 60.03 59.51 60.96 60.49 131 21400.00 1290782.00
11/08/2016 60.54 60.02 61.16 60.50 59 8700.00 526858.00
12/08/2016 60.20 60.10 62.41 61.99 44 6400.00 392529.00
15/08/2016 59.70 59.70 64.00 64.00 48 7000.00 437690.00
16/08/2016 60.10 60.10 63.45 63.30 19 2100.00 132421.00
17/08/2016 63.90 60.50 63.90 60.52 63 8000.00 489135.00
18/08/2016 60.44 60.44 62.00 60.94 39 4800.00 294839.00
19/08/2016 61.00 60.96 63.17 62.64 34 5300.00 324922.00
22/08/2016 61.15 61.15 62.80 62.25 21 2800.00 173855.00
23/08/2016 61.04 60.02 62.20 60.95 101 10600.00 644092.00
24/08/2016 60.70 59.61 61.70 60.05 65 8200.00 493743.00
25/08/2016 60.50 60.22 61.78 61.33 22 2200.00 134196.00
26/08/2016 61.13 60.88 61.85 61.01 21 2300.00 140893.00
29/08/2016 61.00 60.57 62.53 62.29 43 6800.00 419283.00
30/08/2016 59.75 59.75 62.80 62.50 30 4500.00 280870.00
31/08/2016 61.51 61.51 63.85 63.39 27 3600.00 225337.00
01/09/2016 62.00 62.00 63.48 62.30 27 2900.00 181816.00
02/09/2016 63.90 63.03 63.90 63.50 47 5100.00 322752.00
05/09/2016 63.90 63.03 65.00 63.39 25 3300.00 210710.00
06/09/2016 62.59 62.51 63.50 62.85 23 2800.00 175767.00
08/09/2016 62.79 62.55 63.05 63.05 17 9900.00 621467.00
09/09/2016 63.19 61.66 63.19 62.00 29 4300.00 267896.00
12/09/2016 61.21 61.20 61.76 61.30 23 4500.00 276068.00
13/09/2016 61.01 59.51 61.01 59.75 20 2500.00 150247.00
14/09/2016 60.70 59.51 60.70 60.00 14 1500.00 89831.00
15/09/2016 60.00 59.64 60.75 60.30 16 1800.00 108323.00
16/09/2016 60.98 60.15 62.00 62.00 21 3000.00 183065.00
19/09/2016 62.50 60.55 62.50 60.55 13 1400.00 85823.00
20/09/2016 61.10 60.78 61.49 61.41 19 2000.00 122274.00
21/09/2016 61.20 60.40 61.40 61.00 12 1500.00 91473.00
22/09/2016 62.40 60.68 62.40 62.20 26 3200.00 197733.00
23/09/2016 62.21 62.20 62.37 62.20 11 1200.00 74749.00
26/09/2016 61.82 61.02 61.82 61.30 13 1400.00 86130.00
27/09/2016 61.30 60.10 61.30 61.30 23 2500.00 151442.00
28/09/2016 61.27 60.33 61.49 61.42 25 3200.00 195733.00
29/09/2016 61.97 61.20 62.00 61.21 30 3400.00 209713.00
30/09/2016 61.51 60.31 61.52 60.90 38 5600.00 341530.00
03/10/2016 60.41 60.31 61.68 61.68 24 2800.00 170497.00
04/10/2016 61.68 61.60 62.00 61.60 15 1700.00 105149.00
05/10/2016 61.38 61.38 62.00 61.80 15 2000.00 123494.00
06/10/2016 61.81 60.40 62.00 61.22 33 4500.00 277185.00
07/10/2016 61.22 61.22 61.48 61.40 18 2100.00 128960.00
10/10/2016 62.19 61.58 62.19 61.76 18 2700.00 166903.00
11/10/2016 61.77 61.77 62.00 61.90 19 2400.00 148610.00
13/10/2016 62.29 61.00 62.29 61.25 30 4800.00 294859.00
14/10/2016 61.27 60.50 61.31 60.50 29 3800.00 230940.00
17/10/2016 60.32 60.30 62.00 61.00 30 3300.00 201088.00
18/10/2016 60.71 60.55 61.10 60.60 45 7100.00 431959.00
19/10/2016 60.54 59.90 60.73 60.01 44 6800.00 410062.00
20/10/2016 61.29 59.56 62.00 60.01 55 7000.00 423102.00
21/10/2016 60.04 59.90 61.15 60.51 21 2600.00 157321.00
24/10/2016 59.71 58.20 59.85 58.50 106 15800.00 930107.00
25/10/2016 58.51 57.00 58.51 58.06 55 8000.00 461596.00
26/10/2016 57.51 57.51 58.30 57.85 23 4900.00 284175.00
27/10/2016 58.00 57.50 58.49 58.00 18 2600.00 150667.00
28/10/2016 58.00 57.80 58.00 57.86 24 2600.00 150668.00
31/10/2016 57.86 57.14 57.99 57.14 29 3400.00 196038.00
01/11/2016 57.14 55.35 57.50 55.35 52 8200.00 465315.00
03/11/2016 55.34 54.10 56.02 54.10 79 12000.00 659440.00
04/11/2016 54.80 54.80 55.09 54.96 19 2800.00 153975.00
07/11/2016 54.99 54.99 57.34 57.00 89 15800.00 897492.00
08/11/2016 58.55 58.30 59.00 58.70 73 14100.00 827248.00
09/11/2016 56.10 55.03 58.69 57.50 109 17000.00 980107.00
10/11/2016 58.51 58.29 59.60 58.74 105 14100.00 829126.00
11/11/2016 59.24 57.09 59.28 57.70 74 10100.00 586483.00
14/11/2016 57.75 57.25 59.89 58.73 100 15400.00 901191.00
16/11/2016 59.83 57.40 59.84 58.94 76 10500.00 615684.00
17/11/2016 59.00 56.90 59.00 57.75 51 5400.00 313049.00
18/11/2016 58.00 58.00 58.77 58.77 60 8600.00 502055.00
21/11/2016 58.77 57.21 58.95 57.93 30 3400.00 197393.00
22/11/2016 58.20 58.20 59.00 59.00 26 3800.00 222724.00
23/11/2016 58.01 55.27 58.10 55.41 78 15300.00 866526.00
24/11/2016 56.01 56.00 57.84 57.84 23 2600.00 148705.00
25/11/2016 57.84 57.38 58.00 57.48 16 1800.00 103658.00
28/11/2016 58.00 57.99 58.76 58.76 14 2500.00 145302.00
29/11/2016 58.79 57.50 59.50 58.50 31 5600.00 328521.00
30/11/2016 58.52 57.00 59.10 57.00 24 3200.00 184391.00
01/12/2016 57.06 56.00 57.28 56.00 30 3000.00 169878.00
02/12/2016 56.03 55.60 56.63 56.00 19 2200.00 123296.00
05/12/2016 56.00 56.00 56.99 56.60 20 2600.00 147045.00
06/12/2016 55.32 55.15 55.79 55.15 52 5800.00 320695.00
07/12/2016 55.16 53.97 55.16 53.98 29 3500.00 190411.00
08/12/2016 54.75 53.99 54.82 54.20 22 3400.00 185444.00
09/12/2016 54.51 54.30 55.75 55.75 13 3000.00 163642.00
12/12/2016 55.39 54.11 55.49 54.32 15 1700.00 92542.00
13/12/2016 55.00 54.41 56.97 55.37 26 2800.00 155249.00
14/12/2016 54.21 54.20 54.93 54.52 21 3300.00 179402.00
15/12/2016 54.53 53.10 54.71 54.69 28 3600.00 194690.00
16/12/2016 55.84 54.70 55.84 54.70 12 1400.00 76999.00
19/12/2016 54.94 54.30 55.10 55.00 26 3300.00 181440.00
20/12/2016 54.10 52.30 54.10 52.30 29 4100.00 219627.00
21/12/2016 52.42 52.00 53.97 52.00 28 5100.00 268526.00
22/12/2016 52.00 51.83 52.27 52.27 8 900.00 46740.00
23/12/2016 53.60 53.29 53.60 53.58 12 1400.00 74920.00
26/12/2016 53.31 52.43 53.50 53.50 12 1800.00 95320.00
27/12/2016 53.50 53.49 54.00 54.00 20 2200.00 118142.00
28/12/2016 53.99 53.02 55.69 55.67 20 4000.00 217599.00
29/12/2016 55.70 55.68 57.48 57.01 33 5100.00 290050.00
02/01/2017 58.49 57.49 58.50 57.49 18 2100.00 121514.00
03/01/2017 58.48 58.01 58.48 58.20 20 2200.00 128082.00
04/01/2017 58.10 57.00 58.50 58.20 22 2500.00 144963.00
05/01/2017 58.80 58.00 58.80 58.11 26 4200.00 245047.00
06/01/2017 58.30 57.99 58.65 57.99 37 5200.00 303170.00
09/01/2017 57.98 57.48 57.98 57.95 15 1500.00 86661.00
10/01/2017 58.00 57.00 58.00 57.22 18 1800.00 103347.00
11/01/2017 57.31 57.31 58.47 57.31 30 3400.00 196240.00
12/01/2017 58.00 58.00 59.44 59.43 110 23300.00 1371359.00
13/01/2017 59.79 59.20 59.80 59.56 26 2900.00 172662.00
16/01/2017 59.30 59.01 59.67 59.01 45 5600.00 332864.00
17/01/2017 59.03 59.00 59.88 59.88 36 5400.00 321234.00
18/01/2017 59.90 59.80 61.65 61.00 28 3500.00 212226.00
19/01/2017 61.08 60.50 61.12 60.50 21 3400.00 206382.00
20/01/2017 60.38 60.38 61.51 61.00 40 9000.00 549364.00
23/01/2017 61.01 61.01 61.45 61.20 31 3900.00 238577.00
24/01/2017 62.00 61.00 62.00 61.03 38 4900.00 299498.00
26/01/2017 61.03 61.03 62.39 61.44 43 5300.00 327945.00
27/01/2017 61.50 61.50 61.91 61.80 14 1500.00 92594.00
30/01/2017 61.92 60.40 61.92 60.50 14 2700.00 164870.00
31/01/2017 60.52 60.40 60.74 60.74 6 600.00 36364.00
01/02/2017 60.74 60.50 61.52 60.50 12 1400.00 85300.00
02/02/2017 61.72 60.50 61.72 60.50 17 2100.00 127205.00
03/02/2017 60.40 60.00 60.40 60.03 16 1900.00 114169.00
06/02/2017 60.89 59.70 60.89 59.70 15 1600.00 96167.00
07/02/2017 59.70 59.59 60.10 59.59 24 5000.00 299706.00
08/02/2017 59.59 59.59 60.00 59.99 18 3200.00 191528.00
09/02/2017 59.49 59.48 60.88 59.52 45 7900.00 474394.00
10/02/2017 60.17 59.80 60.39 60.15 29 6200.00 373066.00
13/02/2017 60.77 59.50 61.34 61.34 37 6700.00 405952.00
14/02/2017 61.50 61.06 61.92 61.92 28 3100.00 191016.00
15/02/2017 61.91 61.91 63.65 62.61 63 9600.00 603234.00
16/02/2017 63.47 62.90 63.47 63.28 22 3300.00 208546.00
17/02/2017 63.15 62.70 63.15 62.90 21 2800.00 176173.00
20/02/2017 62.70 62.50 63.30 63.30 30 5700.00 358376.00
21/02/2017 63.80 63.80 66.40 66.29 41 6100.00 400068.00
22/02/2017 66.80 65.65 66.96 65.65 12 1200.00 79547.00
23/02/2017 65.21 63.30 66.40 64.99 25 2900.00 187816.00
24/02/2017 65.00 64.00 65.10 65.09 24 2600.00 168297.00
01/03/2017 65.01 65.01 71.00 67.91 34 4800.00 322675.00
02/03/2017 66.55 64.02 66.55 65.13 47 5900.00 387056.00
03/03/2017 65.15 64.71 67.29 65.52 22 2400.00 157205.00
06/03/2017 66.49 64.01 66.70 64.15 32 4300.00 281803.00
07/03/2017 66.09 64.60 66.09 64.60 15 1600.00 104709.00
08/03/2017 64.35 64.20 64.35 64.31 16 2700.00 173480.00
09/03/2017 64.31 63.84 65.60 65.11 19 3600.00 233636.00
10/03/2017 66.41 64.33 66.41 64.85 13 1400.00 91067.00
13/03/2017 65.01 64.61 65.50 65.00 26 4600.00 299559.00
14/03/2017 64.65 63.84 64.65 63.84 19 3200.00 205578.00
15/03/2017 66.19 65.00 66.30 65.80 99 14200.00 936566.00
16/03/2017 67.96 65.80 67.96 67.21 83 15400.00 1026092.00
17/03/2017 67.20 66.91 67.90 67.90 64 9900.00 665416.00
20/03/2017 68.00 67.49 68.20 68.20 36 4300.00 292002.00
21/03/2017 68.20 67.20 68.20 67.90 13 1500.00 101431.00
22/03/2017 68.01 67.02 68.20 67.26 21 2400.00 162928.00
23/03/2017 67.27 67.26 67.89 67.60 14 1500.00 101235.00
24/03/2017 67.60 65.20 67.60 66.01 26 3700.00 244023.00
27/03/2017 66.00 65.50 67.00 66.80 38 5400.00 358461.00
28/03/2017 66.49 64.56 66.50 65.31 77 9100.00 596262.00
29/03/2017 66.00 65.49 66.29 65.52 15 1800.00 118255.00
30/03/2017 65.17 64.77 65.17 64.96 16 1800.00 117040.00
31/03/2017 65.00 65.00 65.62 65.10 22 3500.00 229167.00
03/04/2017 64.79 64.79 66.03 65.67 36 5200.00 340920.00
04/04/2017 65.80 65.80 67.50 67.50 71 14100.00 943342.00
05/04/2017 67.95 67.81 68.44 68.30 41 8000.00 544258.00
06/04/2017 68.30 67.94 69.20 68.11 49 10500.00 718430.00
07/04/2017 68.11 68.10 68.88 68.88 28 6500.00 445138.00
10/04/2017 68.60 68.60 70.95 70.21 65 13900.00 975713.00
11/04/2017 70.75 70.21 71.20 70.52 66 12500.00 882455.00
12/04/2017 70.97 70.21 72.50 72.00 40 7800.00 558971.00
13/04/2017 71.50 71.50 73.01 72.56 20 2200.00 159978.00
17/04/2017 72.50 72.50 76.30 75.71 98 14800.00 1117652.00
18/04/2017 75.71 75.00 76.20 75.39 34 5300.00 399226.00
19/04/2017 75.40 72.37 75.50 72.93 43 5000.00 368821.00
20/04/2017 73.00 72.71 74.85 73.86 23 2400.00 177448.00
24/04/2017 73.80 73.80 74.99 74.10 17 2400.00 178403.00
25/04/2017 73.01 71.45 74.00 73.23 79 12800.00 934509.00
26/04/2017 73.99 71.88 73.99 71.88 28 3800.00 276797.00
27/04/2017 72.50 72.07 73.28 72.07 21 2400.00 175162.00
28/04/2017 72.00 71.95 76.25 76.00 59 9600.00 719309.00
02/05/2017 75.00 75.00 79.15 79.15 71 9200.00 716281.00
03/05/2017 79.19 79.00 79.99 79.50 29 4900.00 390173.00
04/05/2017 79.59 78.50 81.20 81.20 41 9200.00 739304.00
05/05/2017 81.50 80.73 82.50 82.50 30 5000.00 408467.00
08/05/2017 82.70 80.21 83.00 81.96 33 4600.00 378833.00
09/05/2017 82.00 81.90 82.90 82.01 43 7100.00 582560.00
10/05/2017 83.00 83.00 85.50 85.49 39 6000.00 508218.00
11/05/2017 85.49 85.49 89.86 89.11 29 3000.00 262166.00
12/05/2017 89.12 89.12 91.60 90.51 66 9100.00 821402.00
15/05/2017 90.51 90.15 92.90 90.20 51 6900.00 631842.00
16/05/2017 94.30 91.51 96.44 96.44 61 7800.00 731175.00
17/05/2017 98.25 97.50 98.98 98.10 81 10700.00 1050125.00
18/05/2017 78.50 76.00 89.00 87.00 183 25200.00 2118797.00
19/05/2017 87.00 83.90 90.20 84.99 118 15500.00 1352081.00
22/05/2017 83.01 77.17 83.90 79.01 94 12600.00 988573.00
23/05/2017 78.01 77.50 81.46 80.41 79 9600.00 774020.00
24/05/2017 81.71 81.71 87.39 84.00 65 8100.00 690239.00
25/05/2017 85.00 83.01 87.85 84.34 57 8400.00 715014.00
26/05/2017 84.36 84.33 87.00 85.86 29 3400.00 292073.00
29/05/2017 85.87 85.00 85.88 85.10 30 4700.00 400904.00
30/05/2017 86.41 85.72 86.67 85.72 23 3300.00 285062.00
31/05/2017 89.39 89.39 94.50 91.94 463 59100.00 5484939.00
01/06/2017 94.00 94.00 97.99 94.60 371 51700.00 4957456.00
02/06/2017 96.99 95.00 97.80 95.00 247 39900.00 3850140.00
05/06/2017 96.32 95.42 97.99 96.00 200 26300.00 2539063.00
06/06/2017 96.20 96.20 97.89 97.89 102 13700.00 1326276.00
07/06/2017 98.11 98.11 101.09 100.50 404 75300.00 7531028.00
08/06/2017 101.99 101.98 109.06 108.80 532 68600.00 7228407.00
09/06/2017 112.50 112.50 120.00 114.71 639 83300.00 9715673.00
12/06/2017 115.20 104.90 118.78 106.96 473 64900.00 7140659.00
13/06/2017 108.20 103.20 110.00 104.10 288 37100.00 3929349.00
14/06/2017 105.21 103.80 107.00 104.93 141 19100.00 2016540.00
16/06/2017 105.70 104.40 106.16 104.62 58 7700.00 809028.00
