20/06/2016 149.95 149.95 149.95 149.95 1 100.00 14995.00
28/06/2016 143.39 143.39 143.39 143.39 1 1600.00 229424.00
29/06/2016 144.86 144.86 145.07 145.07 2 600.00 86958.00
01/07/2016 145.13 145.13 145.13 145.13 1 100.00 14513.00
05/07/2016 142.08 142.08 142.08 142.08 1 300.00 42624.00
11/07/2016 147.56 147.56 147.56 147.56 1 300.00 44268.00
15/07/2016 147.71 147.71 147.71 147.71 1 200.00 29542.00
19/07/2016 146.75 146.75 146.75 146.75 1 600.00 88050.00
25/07/2016 140.11 140.11 140.11 140.11 1 200.00 28022.00
01/08/2016 137.48 137.48 138.30 138.30 2 12100.00 1673266.00
02/08/2016 136.07 136.07 136.07 136.07 2 1900.00 258533.00
05/08/2016 138.35 138.35 138.35 138.35 1 200.00 27670.00
09/08/2016 138.57 138.57 138.57 138.57 3 300.00 41571.00
11/08/2016 137.74 137.74 137.74 137.74 1 100.00 13774.00
12/08/2016 138.52 138.52 138.52 138.52 1 100.00 13852.00
15/08/2016 141.09 141.09 141.09 141.09 1 100.00 14109.00
19/08/2016 148.25 148.25 148.25 148.25 1 100.00 14825.00
22/08/2016 144.35 144.35 144.35 144.35 1 500.00 72175.00
23/08/2016 146.60 146.60 146.60 146.60 1 300.00 43980.00
29/08/2016 145.15 145.15 145.15 145.15 1 100.00 14515.00
30/08/2016 142.84 142.84 142.84 142.84 1 200.00 28568.00
01/09/2016 138.30 138.30 138.30 138.30 2 11100.00 1535130.00
12/09/2016 137.81 137.81 137.81 137.81 1 1800.00 248058.00
26/09/2016 134.53 134.53 134.53 134.53 1 8000.00 1076240.00
29/09/2016 144.23 144.23 144.23 144.23 2 200.00 28846.00
03/10/2016 145.60 144.82 145.60 144.82 3 14300.00 2081378.00
07/10/2016 148.30 148.30 148.30 148.30 1 100.00 14830.00
14/10/2016 149.20 149.20 149.20 149.20 1 200.00 29840.00
21/10/2016 152.60 152.60 152.60 152.60 1 200.00 30520.00
28/10/2016 148.10 148.10 148.10 148.10 1 100.00 14810.00
01/11/2016 147.80 147.80 147.80 147.80 1 13600.00 2010080.00
16/11/2016 167.94 167.94 167.94 167.94 2 1200.00 201528.00
20/12/2016 179.80 179.80 179.80 179.80 1 100.00 17980.00
14/02/2017 174.22 174.22 174.22 174.22 1 200.00 34844.00
21/03/2017 155.48 155.48 155.58 155.58 4 11900.00 1851054.00
22/03/2017 152.88 152.88 155.28 155.28 2 6100.00 946968.00
23/03/2017 156.76 156.76 156.76 156.76 2 18000.00 2821680.00
24/03/2017 154.36 154.36 154.36 154.36 1 2600.00 401336.00
27/03/2017 149.77 149.77 149.77 149.77 1 4300.00 644011.00
29/03/2017 153.66 153.66 153.66 153.66 1 2700.00 414882.00
31/03/2017 152.09 152.09 152.09 152.09 1 1000.00 152090.00
05/04/2017 154.82 154.82 154.82 154.82 1 500.00 77410.00
07/04/2017 157.50 157.50 157.50 157.50 1 5800.00 913500.00
11/04/2017 156.50 156.50 156.50 156.50 1 5900.00 923350.00
12/04/2017 155.57 155.57 155.57 155.57 1 600.00 93342.00
13/04/2017 152.26 152.26 152.26 152.26 1 700.00 106582.00
17/04/2017 150.83 150.83 150.83 150.83 1 200.00 30166.00
18/04/2017 150.96 150.96 150.96 150.96 1 600.00 90576.00
19/04/2017 148.81 148.81 148.81 148.81 1 1100.00 163691.00
20/04/2017 150.46 150.46 150.46 150.46 1 300.00 45138.00
24/04/2017 147.01 147.01 147.01 147.01 1 1700.00 249917.00
26/04/2017 149.75 149.75 149.75 149.75 1 400.00 59900.00
27/04/2017 146.81 146.81 146.81 146.81 1 1300.00 190853.00
02/05/2017 143.16 143.16 143.16 143.16 1 1200.00 171792.00
03/05/2017 143.22 143.22 143.22 143.22 1 300.00 42966.00
10/05/2017 144.97 144.97 144.97 144.97 1 700.00 101479.00
12/05/2017 141.01 141.01 141.01 141.01 1 1000.00 141010.00
15/05/2017 143.25 143.25 143.25 143.25 1 10000.00 1432500.00
16/05/2017 144.23 144.23 144.23 144.23 1 1100.00 158653.00
17/05/2017 145.08 145.08 145.08 145.08 1 600.00 87048.00
19/05/2017 155.94 155.94 155.94 155.94 1 1000.00 155940.00
22/05/2017 154.48 154.48 154.48 154.48 1 500.00 77240.00
25/05/2017 155.29 151.70 155.29 151.70 2 49000.00 7452327.00
01/06/2017 147.75 147.75 149.00 149.00 3 9800.00 1448500.00
