20/06/2016 1.42 1.40 1.44 1.42 146 129838.80 184955.00
21/06/2016 1.43 1.36 1.44 1.36 788 214440.11 296441.00
22/06/2016 1.36 1.36 1.42 1.36 323 231545.86 320653.00
23/06/2016 1.39 1.36 1.40 1.36 237 154363.91 212588.00
24/06/2016 1.34 1.32 1.36 1.33 194 217428.47 291243.00
27/06/2016 1.35 1.33 1.37 1.36 85 100058.31 135519.00
28/06/2016 1.36 1.32 1.37 1.32 794 1037989.07 1382104.00
29/06/2016 1.34 1.32 1.36 1.33 130 193212.50 258002.00
30/06/2016 1.35 1.33 1.36 1.34 361 118709.76 160523.00
01/07/2016 1.35 1.34 1.37 1.34 136 58118.32 78792.00
04/07/2016 1.36 1.35 1.37 1.35 86 65434.63 89034.00
05/07/2016 1.35 1.32 1.37 1.32 438 194242.97 258523.00
06/07/2016 1.32 1.30 1.36 1.36 226 238243.89 315478.00
07/07/2016 1.35 1.34 1.37 1.36 184 122728.58 166214.00
08/07/2016 1.36 1.33 1.37 1.33 1092 406416.05 551457.00
11/07/2016 1.35 1.34 1.36 1.36 124 197231.32 267038.00
12/07/2016 1.36 1.35 1.48 1.41 2104 2268881.51 3194491.00
13/07/2016 1.43 1.40 1.47 1.42 496 416205.49 590937.00
14/07/2016 1.43 1.43 1.54 1.53 1437 2650875.50 3976814.00
15/07/2016 1.57 1.55 1.60 1.55 541 1467075.39 2320333.00
18/07/2016 1.56 1.56 1.71 1.65 1133 2789576.31 4681505.00
19/07/2016 1.70 1.66 1.82 1.79 922 2817708.05 4858263.00
20/07/2016 1.82 1.74 2.15 2.05 1146 2327618.11 4501314.00
21/07/2016 2.08 1.93 2.28 2.18 1278 2245902.10 4832787.00
22/07/2016 2.18 2.12 2.27 2.20 1259 2747636.32 6035191.00
25/07/2016 2.24 2.13 2.27 2.19 552 733280.08 1618469.00
26/07/2016 2.18 2.18 2.38 2.28 763 961425.40 2218952.00
27/07/2016 2.35 2.25 2.38 2.31 809 1301994.63 3029917.00
28/07/2016 2.32 2.18 2.34 2.30 499 740493.35 1672155.00
29/07/2016 2.30 2.22 2.31 2.27 432 586850.77 1338196.00
01/08/2016 2.28 2.21 2.29 2.21 210 324390.91 727866.00
02/08/2016 2.20 2.15 2.23 2.23 198 249991.21 553694.00
03/08/2016 2.24 2.17 2.46 2.38 744 2296601.06 5352934.00
04/08/2016 2.46 2.46 2.70 2.62 1014 1864320.29 4833415.00
05/08/2016 2.71 2.67 2.86 2.79 720 1126403.11 3128008.00
08/08/2016 2.81 2.75 2.91 2.76 522 890426.25 2515850.00
09/08/2016 2.76 2.62 2.88 2.73 808 842612.59 2334182.00
10/08/2016 2.74 2.52 2.76 2.56 1276 1779203.75 4632850.00
11/08/2016 2.56 2.46 2.64 2.57 441 449077.37 1147081.00
12/08/2016 2.58 2.33 2.65 2.33 934 1601757.39 3933330.00
15/08/2016 2.36 2.12 2.40 2.18 1183 1903168.89 4159775.00
16/08/2016 2.19 2.14 2.32 2.18 911 1169579.67 2598632.00
17/08/2016 2.21 2.15 2.30 2.30 332 573454.70 1268985.00
18/08/2016 2.33 2.18 2.38 2.27 875 503795.15 1145452.00
19/08/2016 2.23 2.19 2.30 2.23 370 430219.83 966585.00
22/08/2016 2.23 2.15 2.30 2.17 904 610036.27 1350941.00
23/08/2016 2.21 2.04 2.21 2.04 961 1007384.21 2113274.00
24/08/2016 2.04 1.91 2.11 2.09 2035 1629476.94 3259648.00
25/08/2016 2.13 2.07 2.26 2.21 1697 2018684.20 4395164.00
26/08/2016 2.23 2.15 2.27 2.18 1353 950811.59 2101640.00
29/08/2016 2.18 2.10 2.21 2.13 988 893517.65 1925411.00
30/08/2016 2.13 2.10 2.19 2.15 1565 675986.13 1457954.00
31/08/2016 2.18 2.04 2.21 2.11 565 370246.67 778968.00
01/09/2016 2.13 2.08 2.13 2.11 421 218768.07 461733.00
02/09/2016 2.11 2.08 2.20 2.20 606 683920.73 1461058.00
05/09/2016 2.26 2.20 2.40 2.38 1021 930099.21 2172782.00
06/09/2016 2.38 2.33 2.49 2.37 1074 1047366.32 2518600.00
08/09/2016 2.41 2.30 2.42 2.30 1211 779754.13 1816759.00
09/09/2016 2.31 2.20 2.31 2.25 903 614261.18 1378187.00
12/09/2016 2.22 2.11 2.24 2.13 1314 1218114.65 2628984.00
13/09/2016 2.10 1.99 2.12 2.00 1206 663620.53 1357453.00
14/09/2016 2.01 2.01 2.09 2.05 468 308624.77 629453.00
15/09/2016 2.08 2.04 2.15 2.13 680 282244.82 592927.00
16/09/2016 2.11 2.04 2.11 2.04 458 250506.45 516640.00
19/09/2016 2.07 2.04 2.10 2.06 327 166420.37 344435.00
20/09/2016 2.09 2.04 2.12 2.06 270 117679.29 244092.00
21/09/2016 2.00 1.91 2.04 1.98 3469 2801632.77 5508493.00
22/09/2016 2.00 1.92 2.00 1.92 711 768625.09 1496654.00
23/09/2016 1.95 1.93 2.00 1.97 1377 700820.38 1383948.00
26/09/2016 1.93 1.89 1.98 1.89 294 408300.00 787520.00
27/09/2016 1.94 1.89 2.07 2.07 1016 1179500.00 2366270.00
28/09/2016 2.10 2.05 2.11 2.10 1106 523600.00 1089983.00
29/09/2016 2.12 2.10 2.22 2.14 1286 1154700.00 2491310.00
30/09/2016 2.16 2.05 2.17 2.05 586 323400.00 675385.00
03/10/2016 2.08 1.98 2.08 2.03 392 486900.00 984377.00
04/10/2016 2.03 1.94 2.04 1.96 621 915200.00 1807738.00
05/10/2016 1.96 1.90 1.97 1.91 596 718800.00 1382008.00
06/10/2016 1.92 1.90 1.98 1.96 462 543500.00 1055582.00
07/10/2016 1.97 1.91 1.97 1.92 475 543300.00 1048545.00
10/10/2016 1.94 1.91 1.95 1.93 404 246600.00 476560.00
11/10/2016 1.94 1.91 1.96 1.93 295 171800.00 332508.00
13/10/2016 1.93 1.91 1.97 1.93 359 259500.00 502917.00
14/10/2016 1.93 1.93 2.04 2.00 677 1438000.00 2870838.00
17/10/2016 2.04 1.99 2.09 1.99 878 966100.00 1962753.00
18/10/2016 2.01 1.94 2.03 1.97 632 926400.00 1831478.00
19/10/2016 1.98 1.98 2.07 2.02 1132 1655800.00 3351353.00
20/10/2016 2.02 2.00 2.17 2.17 1110 1594600.00 3291987.00
21/10/2016 2.19 2.14 2.27 2.21 1296 1953600.00 4346471.00
24/10/2016 2.24 2.09 2.26 2.13 1222 1125900.00 2453294.00
25/10/2016 2.15 2.03 2.16 2.06 733 1027400.00 2127373.00
26/10/2016 2.07 2.00 2.07 2.02 470 606100.00 1224042.00
27/10/2016 2.03 1.98 2.08 2.00 309 613500.00 1236948.00
28/10/2016 2.00 2.00 2.05 2.04 535 359100.00 729313.00
31/10/2016 2.05 1.95 2.06 2.03 503 703300.00 1412029.00
01/11/2016 1.99 1.85 2.00 1.88 1321 2132700.00 4082577.00
03/11/2016 1.88 1.75 1.88 1.78 1084 1574600.00 2842882.00
04/11/2016 1.78 1.71 1.80 1.76 1016 1109700.00 1940665.00
07/11/2016 1.80 1.75 1.84 1.79 389 681000.00 1223919.00
08/11/2016 1.80 1.76 1.80 1.77 205 250300.00 445399.00
09/11/2016 1.68 1.63 1.80 1.74 528 1073600.00 1847251.00
10/11/2016 1.78 1.67 1.78 1.68 701 452100.00 775566.00
11/11/2016 1.68 1.45 1.69 1.46 1855 2461500.00 3723534.00
14/11/2016 1.46 1.39 1.52 1.42 766 1208900.00 1736409.00
16/11/2016 1.44 1.39 1.47 1.45 457 795900.00 1149959.00
17/11/2016 1.47 1.45 1.53 1.48 998 671100.00 990423.00
18/11/2016 1.49 1.45 1.51 1.48 168 268600.00 396379.00
21/11/2016 1.49 1.45 1.52 1.45 152 376900.00 556456.00
22/11/2016 1.47 1.47 1.50 1.47 180 401500.00 595748.00
23/11/2016 1.47 1.45 1.48 1.48 123 206700.00 302808.00
24/11/2016 1.49 1.48 1.64 1.62 1166 2330600.00 3724739.00
25/11/2016 1.59 1.54 1.64 1.54 1996 1681600.00 2673003.00
28/11/2016 1.55 1.53 1.63 1.59 713 681600.00 1081925.00
29/11/2016 1.59 1.58 1.69 1.61 749 734900.00 1201942.00
30/11/2016 1.65 1.62 1.68 1.65 250 794700.00 1309109.00
01/12/2016 1.67 1.54 1.68 1.54 554 832700.00 1347815.00
02/12/2016 1.52 1.48 1.59 1.58 368 435500.00 666845.00
05/12/2016 1.60 1.58 1.68 1.64 263 730500.00 1188391.00
06/12/2016 1.64 1.61 1.69 1.63 550 530600.00 878097.00
07/12/2016 1.65 1.53 1.67 1.54 1850 1335600.00 2105989.00
08/12/2016 1.57 1.52 1.59 1.52 371 462700.00 716619.00
09/12/2016 1.54 1.51 1.57 1.55 753 461300.00 710863.00
12/12/2016 1.54 1.46 1.54 1.46 531 773500.00 1155540.00
13/12/2016 1.46 1.46 1.55 1.52 623 664100.00 1003214.00
14/12/2016 1.52 1.47 1.54 1.48 420 535900.00 804597.00
15/12/2016 1.49 1.47 1.51 1.48 138 258700.00 385090.00
16/12/2016 1.52 1.49 1.55 1.50 208 495100.00 750637.00
19/12/2016 1.50 1.47 1.51 1.47 372 134600.00 199370.00
20/12/2016 1.48 1.45 1.49 1.49 136 317900.00 468403.00
21/12/2016 1.50 1.49 1.54 1.52 360 164400.00 247857.00
22/12/2016 1.52 1.50 1.52 1.51 66 104100.00 157111.00
23/12/2016 1.52 1.50 1.53 1.51 2354 585500.00 885805.00
26/12/2016 1.52 1.50 1.53 1.50 160 328000.00 497732.00
27/12/2016 1.51 1.49 1.53 1.49 245 212500.00 318766.00
28/12/2016 1.49 1.49 1.51 1.51 245 304100.00 456458.00
29/12/2016 1.49 1.49 1.54 1.54 148 1119400.00 1687168.00
02/01/2017 1.55 1.51 1.60 1.59 197 423700.00 661213.00
03/01/2017 1.60 1.60 1.90 1.90 2007 2353900.00 4142926.00
04/01/2017 1.87 1.79 1.94 1.89 1417 2027300.00 3794893.00
05/01/2017 1.92 1.85 2.03 1.97 1647 3078900.00 6019097.00
06/01/2017 1.99 1.97 2.06 2.00 1149 1322700.00 2665107.00
09/01/2017 2.02 1.99 2.06 2.04 650 809500.00 1638304.00
10/01/2017 2.04 2.02 2.09 2.04 427 924000.00 1899266.00
11/01/2017 2.06 1.87 2.07 1.98 872 1920300.00 3751943.00
12/01/2017 2.05 2.05 2.21 2.12 1912 3666900.00 7851060.00
13/01/2017 2.13 2.13 2.24 2.21 818 2408100.00 5289001.00
16/01/2017 2.22 2.22 2.38 2.35 3276 3949000.00 9214116.00
17/01/2017 2.39 2.30 2.49 2.34 3183 4494100.00 10747612.00
18/01/2017 2.39 2.31 2.46 2.34 2896 4039900.00 9659766.00
19/01/2017 2.37 2.21 2.41 2.24 2264 2166100.00 4909894.00
20/01/2017 2.23 2.13 2.28 2.21 2608 1724800.00 3779207.00
23/01/2017 2.24 2.20 2.32 2.29 2474 2054100.00 4657211.00
24/01/2017 2.28 2.16 2.30 2.17 3818 2750200.00 6141469.00
26/01/2017 2.20 2.15 2.23 2.17 1828 1678400.00 3678166.00
27/01/2017 2.21 2.21 2.67 2.46 4160 7481300.00 18435912.00
30/01/2017 2.47 2.32 2.48 2.36 2031 3537600.00 8471982.00
31/01/2017 2.40 2.30 2.52 2.49 2467 3297900.00 8103037.00
01/02/2017 2.53 2.45 2.56 2.49 1615 2518900.00 6300392.00
02/02/2017 2.52 2.46 2.72 2.68 3131 4401600.00 11555834.00
03/02/2017 2.71 2.69 2.93 2.90 6911 7133700.00 20268404.00
06/02/2017 3.01 2.92 3.19 3.04 6880 9015000.00 27662913.00
07/02/2017 3.12 2.91 3.13 2.96 2698 3385300.00 10113274.00
08/02/2017 2.96 2.86 3.03 3.00 2625 2990800.00 8789805.00
09/02/2017 3.03 2.97 3.10 3.07 1899 2362000.00 7205043.00
10/02/2017 3.08 3.03 3.14 3.08 3681 2141700.00 6612864.00
13/02/2017 3.10 3.04 3.14 3.06 1083 1360900.00 4196203.00
14/02/2017 3.07 2.98 3.09 2.98 1345 1469900.00 4430087.00
15/02/2017 2.98 2.98 3.30 3.29 1857 3300300.00 10439876.00
16/02/2017 3.33 3.27 3.52 3.40 3815 4903700.00 16728865.00
17/02/2017 3.44 3.37 3.52 3.51 1963 2131400.00 7345193.00
20/02/2017 3.60 3.42 3.68 3.50 1938 2531100.00 9075163.00
21/02/2017 3.56 3.30 3.56 3.41 1677 1818900.00 6270016.00
22/02/2017 3.44 3.30 3.44 3.35 1609 1554200.00 5247903.00
23/02/2017 3.41 3.07 3.47 3.13 3693 3540000.00 11368879.00
24/02/2017 3.06 2.96 3.20 3.08 2335 2415700.00 7515329.00
01/03/2017 3.12 3.11 3.25 3.17 1155 1171100.00 3714356.00
02/03/2017 3.19 2.98 3.21 3.03 1454 1647300.00 5097810.00
03/03/2017 3.08 3.01 3.13 3.07 1250 1147600.00 3518408.00
06/03/2017 3.06 3.03 3.14 3.05 937 906500.00 2783005.00
07/03/2017 3.08 2.97 3.13 2.98 1321 1420800.00 4318525.00
08/03/2017 3.02 2.76 3.02 2.76 2003 2497300.00 7038800.00
09/03/2017 2.75 2.66 2.93 2.81 1879 2211700.00 6213968.00
10/03/2017 2.84 2.84 2.95 2.89 1206 1231800.00 3565231.00
13/03/2017 2.94 2.86 3.05 3.05 1034 676400.00 2006937.00
14/03/2017 3.15 3.00 3.20 3.04 1979 2578300.00 8005162.00
15/03/2017 3.10 2.86 3.10 2.96 2531 2075500.00 6127993.00
16/03/2017 3.00 2.87 3.04 2.95 2031 1262500.00 3711022.00
17/03/2017 2.96 2.78 2.98 2.89 1856 1766700.00 5050053.00
20/03/2017 2.86 2.79 2.94 2.86 1007 1137000.00 3252265.00
21/03/2017 2.87 2.74 2.87 2.75 1029 1210600.00 3385119.00
22/03/2017 2.76 2.59 2.78 2.63 3361 2467900.00 6597864.00
23/03/2017 2.60 2.53 2.67 2.55 2066 1579500.00 4074797.00
24/03/2017 2.36 2.27 2.47 2.28 3835 3398600.00 8030382.00
27/03/2017 2.25 2.23 2.53 2.52 1558 1937400.00 4610488.00
28/03/2017 2.56 2.38 2.61 2.46 2788 2550200.00 6376741.00
29/03/2017 2.46 2.36 2.51 2.36 3101 2687600.00 6462985.00
30/03/2017 2.41 2.28 2.41 2.31 1470 1540000.00 3583240.00
31/03/2017 2.32 2.28 2.44 2.43 1200 1764600.00 4178445.00
03/04/2017 2.43 2.40 2.62 2.61 1369 1629600.00 4076801.00
04/04/2017 2.59 2.57 2.69 2.60 2259 1682200.00 4434328.00
05/04/2017 2.61 2.45 2.66 2.46 1813 1531000.00 3905961.00
06/04/2017 2.43 2.43 2.54 2.45 1107 1005900.00 2481380.00
07/04/2017 2.46 2.40 2.55 2.46 1331 1373400.00 3392847.00
10/04/2017 2.45 2.43 2.54 2.49 900 771400.00 1919203.00
11/04/2017 2.52 2.43 2.53 2.44 360 583300.00 1441346.00
12/04/2017 2.44 2.40 2.49 2.45 592 458500.00 1126413.00
13/04/2017 2.50 2.35 2.50 2.37 1180 1337600.00 3261211.00
17/04/2017 2.39 2.37 2.51 2.51 914 2760600.00 6765391.00
18/04/2017 2.49 2.45 2.55 2.46 1038 811300.00 2028380.00
19/04/2017 2.50 2.43 2.52 2.43 700 496400.00 1223258.00
20/04/2017 2.45 2.43 2.48 2.47 591 382500.00 940159.00
24/04/2017 2.48 2.46 2.53 2.47 412 324300.00 808432.00
25/04/2017 2.49 2.46 2.67 2.60 2209 3131500.00 8131296.00
26/04/2017 2.60 2.55 2.69 2.57 3264 1856300.00 4857200.00
27/04/2017 2.60 2.45 2.61 2.45 1916 1690500.00 4228635.00
28/04/2017 2.46 2.41 2.53 2.53 719 1225000.00 3054769.00
02/05/2017 2.54 2.52 2.65 2.63 1339 2925300.00 7634671.00
03/05/2017 2.65 2.57 2.67 2.63 836 1497600.00 3920927.00
04/05/2017 2.63 2.52 2.63 2.53 800 949200.00 2436803.00
05/05/2017 2.56 2.54 2.59 2.56 506 593300.00 1526126.00
08/05/2017 2.59 2.57 2.63 2.59 925 872800.00 2272592.00
09/05/2017 2.63 2.61 2.78 2.78 2030 3852300.00 10498279.00
10/05/2017 2.87 2.82 2.90 2.82 2486 2722500.00 7771415.00
11/05/2017 2.85 2.73 2.87 2.80 1176 1554200.00 4320461.00
12/05/2017 2.75 2.58 2.75 2.70 2125 3331200.00 8939508.00
15/05/2017 2.76 2.72 2.80 2.74 1074 1306200.00 3593618.00
16/05/2017 2.76 2.66 2.77 2.69 892 1354900.00 3658203.00
17/05/2017 2.69 2.60 2.70 2.61 1383 1224400.00 3229159.00
18/05/2017 2.12 2.11 2.29 2.12 2100 2953200.00 6466905.00
19/05/2017 2.20 2.13 2.28 2.21 1798 2220900.00 4893660.00
22/05/2017 2.20 2.01 2.20 2.02 1855 2677200.00 5554609.00
23/05/2017 2.04 2.03 2.10 2.05 2131 2837200.00 5860988.00
24/05/2017 2.09 2.07 2.26 2.23 3483 3652500.00 7975293.00
25/05/2017 2.24 2.16 2.29 2.20 2788 2914000.00 6485986.00
26/05/2017 2.21 2.16 2.25 2.17 1727 1586100.00 3484317.00
29/05/2017 2.19 2.13 2.19 2.18 1664 705600.00 1529032.00
30/05/2017 2.18 2.17 2.24 2.20 1377 1240900.00 2731059.00
31/05/2017 2.20 2.13 2.21 2.15 1616 1147400.00 2473827.00
01/06/2017 2.18 2.13 2.21 2.14 1258 1032400.00 2226103.00
02/06/2017 2.16 2.13 2.17 2.14 736 504100.00 1082505.00
05/06/2017 2.14 2.12 2.16 2.14 928 567200.00 1215784.00
06/06/2017 2.13 2.11 2.16 2.15 662 478100.00 1020504.00
07/06/2017 2.15 2.12 2.19 2.12 1022 644000.00 1378413.00
08/06/2017 2.13 2.11 2.15 2.15 651 520900.00 1108549.00
09/06/2017 2.14 2.12 2.17 2.13 695 726600.00 1551573.00
12/06/2017 2.14 2.08 2.15 2.10 608 614700.00 1298824.00
13/06/2017 2.12 2.07 2.13 2.10 725 659800.00 1382053.00
14/06/2017 2.10 2.09 2.13 2.12 1042 642600.00 1356470.00
16/06/2017 2.12 2.10 2.13 2.10 925 633400.00 1339706.00
