04/07/2016 5.20 5.20 5.98 5.98 5 500.00 2796.00
05/07/2016 5.50 5.50 5.50 5.50 2 500.00 2750.00
06/07/2016 4.50 4.50 5.00 5.00 14 3900.00 17710.00
12/07/2016 5.46 5.46 5.46 5.46 1 100.00 546.00
13/07/2016 5.00 5.00 5.00 5.00 3 1100.00 5500.00
14/07/2016 5.00 4.90 5.05 5.05 4 500.00 2495.00
15/07/2016 5.00 4.87 5.10 5.10 10 1200.00 5915.00
18/07/2016 4.97 4.85 4.97 4.85 5 600.00 2966.00
19/07/2016 5.11 5.11 5.16 5.11 5 600.00 3071.00
20/07/2016 5.45 5.20 5.60 5.60 16 3800.00 20295.00
21/07/2016 5.74 5.74 5.74 5.74 1 100.00 574.00
22/07/2016 5.40 5.40 5.40 5.40 2 300.00 1620.00
25/07/2016 5.21 5.21 5.21 5.21 5 700.00 3647.00
27/07/2016 5.21 5.21 5.58 5.58 5 1300.00 6968.00
28/07/2016 5.88 5.50 5.88 5.60 16 2800.00 16292.00
29/07/2016 5.60 5.60 5.85 5.85 4 400.00 2310.00
02/08/2016 5.97 5.40 6.15 5.40 13 2800.00 15693.00
03/08/2016 5.50 5.50 5.70 5.70 3 500.00 2830.00
04/08/2016 5.90 5.90 6.10 6.10 4 400.00 2405.00
05/08/2016 6.20 6.20 6.21 6.21 3 300.00 1861.00
09/08/2016 6.40 6.26 7.00 6.60 13 1900.00 12401.00
10/08/2016 6.19 6.02 6.45 6.45 11 1300.00 8047.00
11/08/2016 5.70 5.70 5.70 5.70 1 100.00 570.00
15/08/2016 5.70 5.70 5.71 5.71 3 300.00 1711.00
16/08/2016 6.20 6.20 6.20 6.20 1 100.00 620.00
17/08/2016 6.20 6.20 6.43 6.40 6 900.00 5664.00
19/08/2016 6.98 6.07 6.98 6.07 5 900.00 5554.00
22/08/2016 6.07 6.07 6.07 6.07 1 100.00 607.00
23/08/2016 6.39 6.39 6.39 6.39 1 200.00 1278.00
25/08/2016 5.72 5.72 6.30 6.19 3 300.00 1821.00
01/09/2016 6.00 6.00 6.48 6.48 2 200.00 1248.00
05/09/2016 5.82 5.82 5.82 5.82 1 100.00 582.00
06/09/2016 6.10 5.80 6.75 5.80 14 4000.00 25652.00
08/09/2016 6.68 6.68 6.68 6.68 3 300.00 2004.00
12/09/2016 6.92 6.92 6.92 6.92 1 100.00 692.00
13/09/2016 6.91 6.00 6.91 6.83 12 6700.00 42634.00
21/09/2016 6.01 6.01 6.31 6.31 2 200.00 1232.00
22/09/2016 6.01 6.01 6.01 6.01 1 100.00 601.00
23/09/2016 6.01 6.01 6.01 6.01 1 100.00 601.00
28/09/2016 6.39 6.39 6.39 6.39 1 200.00 1278.00
30/09/2016 6.74 6.74 6.74 6.74 1 100.00 674.00
04/10/2016 5.30 5.30 6.15 6.15 11 2000.00 10825.00
05/10/2016 5.51 5.10 5.51 5.10 36 12500.00 65372.00
06/10/2016 5.29 5.15 5.29 5.15 8 3200.00 16608.00
07/10/2016 5.16 5.10 5.20 5.20 10 4300.00 22153.00
10/10/2016 5.19 5.10 5.19 5.10 6 2000.00 10265.00
11/10/2016 5.10 5.10 5.10 5.10 1 1100.00 5610.00
14/10/2016 5.05 5.05 5.28 5.28 7 3600.00 18686.00
18/10/2016 5.02 5.01 5.15 5.01 11 2300.00 11552.00
19/10/2016 4.81 4.81 4.81 4.81 5 1200.00 5772.00
20/10/2016 5.13 5.13 5.13 5.13 1 100.00 513.00
21/10/2016 5.13 5.13 5.13 5.13 1 500.00 2565.00
24/10/2016 5.10 5.10 5.10 5.10 1 200.00 1020.00
25/10/2016 5.19 5.19 5.19 5.19 1 100.00 519.00
28/10/2016 5.19 5.19 5.19 5.19 2 300.00 1557.00
04/11/2016 5.18 5.18 5.18 5.18 2 200.00 1036.00
09/11/2016 5.17 5.00 5.17 5.00 4 700.00 3551.00
11/11/2016 5.00 5.00 5.19 5.19 5 800.00 4098.00
16/11/2016 4.81 4.81 4.81 4.81 1 100.00 481.00
17/11/2016 4.97 4.97 4.97 4.97 1 100.00 497.00
18/11/2016 5.10 5.10 5.10 5.10 1 100.00 510.00
22/11/2016 5.10 5.10 5.10 5.10 1 300.00 1530.00
24/11/2016 5.01 5.01 5.01 5.01 1 200.00 1002.00
25/11/2016 5.00 4.26 5.09 5.00 14 2100.00 10003.00
29/11/2016 5.00 5.00 5.00 5.00 1 2000.00 10000.00
30/11/2016 5.05 5.05 5.05 5.05 1 200.00 1010.00
15/12/2016 4.51 3.90 4.51 4.01 30 10100.00 41000.00
16/12/2016 4.05 3.94 4.05 4.05 7 3200.00 12688.00
19/12/2016 3.93 3.93 3.93 3.93 2 300.00 1179.00
20/12/2016 4.00 4.00 4.00 4.00 1 100.00 400.00
21/12/2016 4.01 4.01 4.40 4.20 6 2700.00 11288.00
29/12/2016 4.16 4.16 4.18 4.18 2 800.00 3342.00
02/01/2017 4.18 4.18 4.18 4.18 1 200.00 836.00
03/01/2017 4.08 4.08 4.08 4.08 1 100.00 408.00
04/01/2017 4.20 4.20 4.20 4.20 1 100.00 420.00
06/01/2017 4.20 4.20 4.20 4.20 5 800.00 3360.00
17/01/2017 4.20 4.20 4.20 4.20 1 200.00 840.00
18/01/2017 4.12 4.12 4.12 4.12 2 300.00 1236.00
20/01/2017 4.07 4.07 4.07 4.07 5 600.00 2442.00
23/01/2017 4.16 4.16 4.16 4.16 2 200.00 832.00
26/01/2017 4.35 4.35 4.49 4.35 5 500.00 2199.00
27/01/2017 4.35 4.35 4.35 4.35 1 300.00 1305.00
30/01/2017 4.35 4.35 4.35 4.35 1 100.00 435.00
31/01/2017 4.10 4.02 4.10 4.02 6 700.00 2827.00
01/02/2017 4.35 4.35 4.35 4.35 1 100.00 435.00
06/02/2017 4.21 4.21 4.21 4.21 1 200.00 842.00
09/02/2017 4.21 4.21 4.29 4.29 3 1300.00 5560.00
13/02/2017 4.30 4.30 4.80 4.70 17 2600.00 11651.00
16/02/2017 4.40 4.40 4.60 4.51 4 400.00 1791.00
17/02/2017 4.58 4.30 4.58 4.30 3 1000.00 4412.00
20/02/2017 4.69 4.31 4.69 4.31 6 700.00 3059.00
22/02/2017 4.41 4.31 4.41 4.31 3 300.00 1313.00
03/03/2017 4.50 4.50 4.50 4.50 1 100.00 450.00
06/03/2017 4.52 4.52 4.52 4.52 4 1800.00 8136.00
07/03/2017 4.52 4.52 4.52 4.52 3 1300.00 5876.00
09/03/2017 4.41 4.32 4.41 4.32 5 900.00 3951.00
10/03/2017 4.31 4.31 4.31 4.31 1 100.00 431.00
21/03/2017 4.31 4.31 4.31 4.31 1 100.00 431.00
29/03/2017 4.30 4.30 4.50 4.50 4 1100.00 4750.00
30/03/2017 4.64 4.50 4.64 4.50 3 500.00 2264.00
06/04/2017 4.30 4.30 4.30 4.30 6 1300.00 5590.00
07/04/2017 4.30 4.30 4.30 4.30 1 100.00 430.00
11/04/2017 4.30 4.30 4.65 4.50 6 1700.00 7778.00
20/04/2017 4.31 4.31 4.31 4.31 1 200.00 862.00
24/04/2017 4.64 4.64 4.64 4.64 1 100.00 464.00
25/04/2017 4.62 4.62 5.00 4.85 25 5100.00 24628.00
26/04/2017 4.99 4.99 5.90 5.32 20 7200.00 37584.00
27/04/2017 5.79 5.06 5.79 5.51 7 2800.00 14855.00
28/04/2017 5.60 5.60 7.49 5.82 27 12300.00 77528.00
02/05/2017 5.81 5.75 5.81 5.75 3 600.00 3456.00
03/05/2017 5.82 5.82 6.89 6.89 6 2300.00 15429.00
05/05/2017 6.69 6.69 6.89 6.89 2 1000.00 6790.00
08/05/2017 6.85 6.85 8.10 8.10 19 10200.00 75550.00
09/05/2017 8.48 8.48 9.49 9.35 13 2600.00 23454.00
10/05/2017 9.33 9.24 11.36 11.30 23 3700.00 38547.00
12/05/2017 11.15 11.15 11.15 11.15 1 300.00 3345.00
15/05/2017 11.08 11.01 11.08 11.01 10 2500.00 27686.00
16/05/2017 9.95 8.91 10.89 8.91 11 1600.00 15249.00
17/05/2017 10.60 10.60 10.60 10.60 3 300.00 3180.00
18/05/2017 8.80 8.80 8.80 8.80 3 500.00 4400.00
19/05/2017 8.80 8.80 9.89 9.70 3 600.00 5749.00
23/05/2017 9.87 9.87 9.87 9.87 2 400.00 3948.00
