20/06/2016 217.25 217.25 218.25 218.25 2 1500.00 327075.00
21/06/2016 216.10 214.90 216.10 214.90 2 3300.00 711690.00
22/06/2016 216.30 215.32 216.30 215.32 2 1800.00 389242.00
23/06/2016 214.55 213.32 214.55 213.32 2 400.00 85697.00
24/06/2016 213.90 213.90 213.90 213.90 1 1500.00 320850.00
27/06/2016 212.30 210.95 212.30 211.44 3 3100.00 655749.00
28/06/2016 209.63 209.63 210.58 210.58 3 2300.00 482887.00
29/06/2016 207.58 206.00 207.58 206.35 4 1500.00 310053.00
30/06/2016 202.95 202.95 204.47 204.47 2 600.00 122074.00
01/07/2016 206.40 206.40 207.11 207.11 3 5000.00 1034982.00
05/07/2016 212.31 212.31 212.61 212.61 2 1900.00 403419.00
06/07/2016 217.86 217.71 217.86 217.71 2 1200.00 261312.00
07/07/2016 219.00 218.98 219.00 218.98 2 3300.00 722672.00
08/07/2016 219.10 219.10 220.05 220.05 3 1400.00 307940.00
11/07/2016 222.99 222.99 223.14 223.14 2 500.00 111510.00
12/07/2016 220.32 220.10 221.95 221.95 3 1500.00 331925.00
13/07/2016 218.27 218.27 218.27 218.27 1 300.00 65481.00
14/07/2016 216.05 216.05 216.05 216.05 1 100.00 21605.00
15/07/2016 219.54 219.28 219.54 219.28 2 1300.00 285376.00
18/07/2016 221.32 220.37 221.32 220.37 2 2000.00 442545.00
19/07/2016 222.80 222.80 222.80 222.80 1 700.00 155960.00
20/07/2016 222.30 222.29 222.30 222.29 2 2600.00 577955.00
21/07/2016 223.30 223.20 223.30 223.20 2 5100.00 1138690.00
22/07/2016 222.60 222.60 222.60 222.60 1 300.00 66780.00
25/07/2016 225.33 223.65 225.33 223.74 3 5700.00 1281792.00
26/07/2016 223.40 223.40 223.40 223.40 1 900.00 201060.00
27/07/2016 223.40 223.40 223.40 223.40 1 800.00 178720.00
28/07/2016 225.27 225.27 226.80 226.46 3 3500.00 791182.00
29/07/2016 224.00 224.00 224.00 224.00 1 400.00 89600.00
01/08/2016 226.88 224.50 226.88 224.50 4 1700.00 384508.00
02/08/2016 223.35 223.35 223.68 223.68 2 400.00 89373.00
03/08/2016 221.70 221.70 221.70 221.70 1 700.00 155190.00
04/08/2016 218.05 218.05 218.05 218.05 1 500.00 109025.00
05/08/2016 217.70 216.55 217.70 217.33 4 5000.00 1086809.00
08/08/2016 215.70 215.70 215.70 215.70 1 400.00 86280.00
10/08/2016 210.92 210.92 210.92 210.92 1 400.00 84368.00
11/08/2016 214.36 214.36 214.36 214.36 1 2400.00 514464.00
12/08/2016 215.20 215.20 217.04 216.88 3 1200.00 260232.00
15/08/2016 217.05 216.99 217.20 216.99 3 900.00 195444.00
16/08/2016 216.70 216.70 216.70 216.70 1 700.00 151690.00
17/08/2016 218.36 218.36 218.36 218.36 1 1900.00 414884.00
18/08/2016 217.72 217.72 217.72 217.72 1 400.00 87088.00
19/08/2016 217.60 217.60 217.60 217.60 1 100.00 21760.00
22/08/2016 216.54 216.54 217.09 217.09 2 400.00 86726.00
23/08/2016 220.25 219.00 220.25 219.00 2 1200.00 263800.00
24/08/2016 217.72 217.05 217.72 217.05 2 4500.00 978534.00
25/08/2016 218.15 218.15 218.15 218.15 1 1000.00 218150.00
26/08/2016 218.81 218.81 218.81 218.81 1 100.00 21881.00
29/08/2016 217.50 217.50 217.50 217.50 1 200.00 43500.00
30/08/2016 216.77 216.77 216.77 216.77 1 100.00 21677.00
31/08/2016 217.29 217.29 217.29 217.29 2 1200.00 260748.00
01/09/2016 218.50 218.50 218.50 218.50 2 800.00 174800.00
02/09/2016 218.40 218.40 219.16 219.16 2 2400.00 524616.00
06/09/2016 216.58 215.20 216.86 215.20 4 2100.00 454171.00
08/09/2016 209.68 209.68 211.05 211.05 2 2300.00 484593.00
12/09/2016 208.44 208.44 208.78 208.78 2 600.00 125200.00
13/09/2016 209.45 209.06 209.45 209.06 2 1200.00 251301.00
14/09/2016 210.12 210.12 210.12 210.12 1 800.00 168096.00
15/09/2016 210.20 210.00 210.20 210.00 2 500.00 105060.00
16/09/2016 206.10 206.10 207.15 207.15 2 1400.00 289905.00
19/09/2016 207.18 207.18 207.18 207.18 1 700.00 145026.00
20/09/2016 205.44 205.44 205.44 205.44 1 200.00 41088.00
21/09/2016 205.10 204.73 205.10 204.73 2 2100.00 430155.00
22/09/2016 208.48 207.45 208.48 207.45 2 1000.00 208171.00
23/09/2016 206.70 206.70 206.90 206.90 2 500.00 103410.00
26/09/2016 204.40 204.40 204.40 204.40 1 800.00 163520.00
27/09/2016 204.57 204.57 204.57 204.57 1 500.00 102285.00
28/09/2016 202.14 202.14 202.14 202.14 1 800.00 161712.00
29/09/2016 207.95 207.29 207.95 207.29 2 700.00 145169.00
30/09/2016 210.79 209.83 210.79 209.83 2 800.00 168440.00
03/10/2016 207.80 207.10 207.80 207.10 3 1500.00 310860.00
04/10/2016 208.05 208.05 208.05 208.05 1 2100.00 436905.00
05/10/2016 205.67 205.55 205.67 205.55 2 1300.00 267227.00
06/10/2016 208.45 208.45 208.45 208.45 1 900.00 187605.00
07/10/2016 206.00 206.00 207.31 207.31 2 300.00 62062.00
10/10/2016 205.30 204.19 205.82 204.19 3 600.00 123225.00
11/10/2016 202.75 202.75 202.75 202.75 1 900.00 182475.00
13/10/2016 200.88 200.88 201.60 201.60 2 900.00 181152.00
14/10/2016 201.75 201.75 201.95 201.95 2 500.00 100955.00
17/10/2016 201.05 201.05 201.21 201.21 2 400.00 80436.00
19/10/2016 199.85 199.85 199.85 199.85 1 300.00 59955.00
20/10/2016 197.80 197.80 197.80 197.80 1 700.00 138460.00
21/10/2016 198.85 198.85 200.24 200.24 2 300.00 59933.00
24/10/2016 199.90 198.97 199.90 198.97 3 600.00 119551.00
25/10/2016 193.05 192.94 193.05 192.94 2 2300.00 443773.00
26/10/2016 193.06 192.81 193.06 192.81 2 600.00 115811.00
27/10/2016 192.89 192.89 192.89 192.89 1 300.00 57867.00
28/10/2016 196.66 196.66 196.70 196.70 2 3200.00 629376.00
31/10/2016 195.20 195.20 195.20 195.20 1 2000.00 390400.00
01/11/2016 195.50 194.70 195.50 194.70 2 1100.00 214650.00
03/11/2016 194.78 194.78 194.82 194.82 2 3800.00 740220.00
04/11/2016 195.75 195.75 195.75 195.75 1 1100.00 215325.00
07/11/2016 197.45 197.45 197.45 197.45 1 300.00 59235.00
08/11/2016 197.70 197.70 197.70 197.70 1 500.00 98850.00
09/11/2016 199.07 199.07 201.15 200.42 3 1900.00 379335.00
10/11/2016 217.50 217.47 217.54 217.47 5 5400.00 1174382.00
11/11/2016 217.54 217.54 219.83 219.83 3 1200.00 261569.00
14/11/2016 220.65 220.65 221.49 220.66 3 900.00 198670.00
16/11/2016 214.60 213.06 214.60 213.06 2 4800.00 1028386.00
17/11/2016 215.56 215.56 217.90 217.90 2 3400.00 738052.00
18/11/2016 215.85 215.85 218.03 217.20 4 800.00 173686.00
21/11/2016 214.55 214.55 214.55 214.55 1 200.00 42910.00
22/11/2016 218.70 218.70 218.70 218.70 1 1300.00 284310.00
23/11/2016 224.00 221.44 224.00 221.44 2 1700.00 377728.00
28/11/2016 220.66 220.66 220.66 220.66 1 1000.00 220660.00
01/12/2016 224.00 224.00 224.00 224.00 2 300.00 67200.00
02/12/2016 224.55 224.55 226.60 225.21 3 1200.00 269929.00
05/12/2016 223.28 222.35 223.28 222.35 2 5500.00 1224134.00
06/12/2016 221.35 220.22 221.35 220.22 2 4400.00 969872.00
07/12/2016 223.70 223.00 223.96 223.96 3 1300.00 290834.00
08/12/2016 224.65 224.65 224.65 224.65 1 1100.00 247115.00
09/12/2016 223.31 223.31 223.31 223.31 1 800.00 178648.00
12/12/2016 224.47 224.47 224.47 224.47 1 1000.00 224470.00
13/12/2016 226.40 226.40 226.40 226.40 1 1900.00 430160.00
15/12/2016 230.55 230.55 230.55 230.55 1 700.00 161385.00
16/12/2016 228.00 228.00 229.29 229.22 4 4500.00 1026380.00
19/12/2016 229.61 229.61 229.61 229.61 1 500.00 114805.00
20/12/2016 230.23 230.23 230.99 230.99 2 500.00 115191.00
21/12/2016 228.68 228.68 228.68 228.68 1 300.00 68604.00
22/12/2016 224.15 224.15 225.11 225.11 2 1300.00 291491.00
23/12/2016 220.20 220.20 220.20 220.20 1 21900.00 4822380.00
27/12/2016 217.72 217.72 217.72 217.72 1 21400.00 4659208.00
28/12/2016 221.30 221.30 221.30 221.30 1 300.00 66390.00
29/12/2016 219.85 219.85 219.85 219.85 1 200.00 43970.00
03/01/2017 217.00 217.00 217.00 217.00 1 100.00 21700.00
04/01/2017 217.71 217.71 218.23 218.23 2 1200.00 261304.00
05/01/2017 215.46 214.28 215.46 214.28 2 2200.00 471888.00
11/01/2017 214.47 214.47 214.47 214.47 1 300.00 64341.00
17/01/2017 219.38 218.28 219.38 218.28 3 1500.00 328465.00
20/01/2017 214.60 214.60 215.65 215.65 2 400.00 86155.00
23/01/2017 216.35 216.35 218.10 218.10 2 4000.00 867500.00
26/01/2017 220.14 220.14 221.81 221.81 2 800.00 177281.00
27/01/2017 218.15 218.15 218.15 218.15 1 300.00 65445.00
30/01/2017 215.56 215.56 215.56 215.56 1 200.00 43112.00
31/01/2017 215.63 215.63 215.63 215.63 1 800.00 172504.00
01/02/2017 215.35 215.35 216.60 216.60 2 1100.00 238135.00
02/02/2017 214.00 213.64 214.00 213.64 2 300.00 64164.00
03/02/2017 215.45 214.93 215.45 214.93 2 700.00 150763.00
06/02/2017 214.04 214.04 214.04 214.04 1 300.00 64212.00
07/02/2017 214.28 214.28 214.28 214.28 1 400.00 85712.00
08/02/2017 213.93 213.93 215.50 215.50 2 900.00 193165.00
09/02/2017 216.31 216.31 216.31 216.31 1 300.00 64893.00
10/02/2017 216.11 216.11 216.11 216.11 1 200.00 43222.00
14/02/2017 217.88 217.88 218.17 218.17 2 1700.00 370802.00
15/02/2017 217.56 217.56 217.56 217.56 1 200.00 43512.00
16/02/2017 217.78 217.78 217.78 217.78 1 300.00 65334.00
17/02/2017 219.60 218.94 219.79 218.94 3 1400.00 306837.00
21/02/2017 222.22 221.59 223.53 223.53 5 2200.00 488832.00
22/02/2017 222.07 222.07 222.36 222.36 2 500.00 111151.00
23/02/2017 223.95 221.03 223.95 221.03 2 300.00 66601.00
24/02/2017 225.35 225.35 226.42 226.42 3 1100.00 247992.00
01/03/2017 226.30 226.30 228.20 228.20 5 600.00 136154.00
02/03/2017 230.58 230.58 230.58 230.58 1 500.00 115290.00
10/03/2017 231.45 231.08 231.45 231.08 2 1100.00 254262.00
13/03/2017 231.80 231.80 231.80 231.80 1 200.00 46360.00
14/03/2017 233.54 233.54 233.54 233.54 1 100.00 23354.00
15/03/2017 233.24 233.24 233.24 233.24 1 700.00 163268.00
20/03/2017 227.02 227.02 227.02 227.02 1 100.00 22702.00
22/03/2017 227.54 227.54 227.54 227.54 1 100.00 22754.00
23/03/2017 231.53 231.53 232.66 232.66 3 1600.00 371451.00
24/03/2017 232.56 232.56 232.56 232.56 1 400.00 93024.00
29/03/2017 228.18 228.18 228.18 228.18 1 700.00 159726.00
31/03/2017 232.67 232.67 232.67 232.67 1 400.00 93068.00
03/04/2017 229.50 228.07 229.50 228.07 2 900.00 205549.00
04/04/2017 228.39 226.97 228.39 226.97 3 1400.00 319272.00
05/04/2017 229.07 229.07 229.07 229.07 1 100.00 22907.00
06/04/2017 229.99 229.99 230.95 230.95 2 800.00 184664.00
07/04/2017 230.33 230.33 230.42 230.42 2 500.00 115192.00
10/04/2017 232.52 232.52 232.52 232.52 1 700.00 162764.00
11/04/2017 231.71 231.71 231.71 231.71 1 100.00 23171.00
12/04/2017 231.32 231.32 231.32 231.32 1 500.00 115660.00
18/04/2017 229.34 229.34 229.34 229.34 1 400.00 91736.00
20/04/2017 233.71 233.71 233.71 233.71 1 400.00 93484.00
24/04/2017 237.52 237.52 237.52 237.52 1 700.00 166264.00
25/04/2017 241.27 241.27 241.27 241.27 1 100.00 24127.00
26/04/2017 245.00 245.00 245.00 245.00 1 800.00 196000.00
27/04/2017 246.96 246.96 246.96 246.96 1 400.00 98784.00
02/05/2017 244.28 243.25 244.28 244.24 4 1400.00 341346.00
03/05/2017 244.09 244.09 244.09 244.09 1 200.00 48818.00
05/05/2017 246.25 246.25 246.25 246.25 1 300.00 73875.00
08/05/2017 249.77 249.77 249.77 249.77 1 400.00 99908.00
09/05/2017 250.10 250.10 250.10 250.10 1 200.00 50020.00
10/05/2017 250.45 249.60 250.45 249.60 2 1500.00 375590.00
11/05/2017 246.53 246.53 246.53 246.53 1 700.00 172571.00
16/05/2017 245.88 245.29 245.88 245.29 2 1900.00 466936.00
17/05/2017 245.27 245.27 245.27 245.27 1 200.00 49054.00
18/05/2017 261.64 261.64 261.64 261.64 1 2300.00 601772.00
19/05/2017 256.15 256.09 256.15 256.09 2 800.00 204914.00
23/05/2017 253.00 253.00 253.00 253.00 3 800.00 202400.00
26/05/2017 252.60 252.60 252.60 252.60 1 200.00 50520.00
30/05/2017 251.80 251.80 251.80 251.80 1 1600.00 402880.00
02/06/2017 252.86 252.86 252.86 252.86 1 600.00 151716.00
06/06/2017 252.79 251.85 252.79 251.85 2 1100.00 277693.00
07/06/2017 253.76 253.76 253.76 253.76 1 300.00 76128.00
08/06/2017 251.25 251.25 251.25 251.25 1 300.00 75375.00
12/06/2017 253.35 253.35 253.35 253.35 1 800.00 202680.00
13/06/2017 253.47 253.47 253.47 253.47 1 200.00 50694.00
14/06/2017 256.64 256.64 256.64 256.64 3 900.00 230976.00
