08/07/2016 390.57 390.57 390.57 390.57 1 400.00 156228.00
25/07/2016 381.34 381.34 381.34 381.34 2 900.00 343206.00
12/09/2016 370.00 370.00 370.00 370.00 2 400.00 148000.00
22/09/2016 374.97 374.97 374.97 374.97 1 100.00 37497.00
07/10/2016 344.00 343.84 344.00 343.84 3 500.00 171984.00
11/11/2016 393.03 393.03 393.03 393.03 3 800.00 314424.00
21/11/2016 375.32 375.32 375.32 375.32 1 100.00 37532.00
14/02/2017 382.38 382.38 382.38 382.38 1 200.00 76476.00
06/03/2017 392.45 392.45 392.45 392.45 1 11500.00 4513175.00
23/03/2017 394.79 394.79 394.79 394.79 1 100.00 39479.00
24/03/2017 395.67 395.67 395.67 395.67 1 400.00 158268.00
29/03/2017 391.93 391.93 391.93 391.93 1 1200.00 470316.00
03/04/2017 386.98 386.98 386.98 386.98 1 800.00 309584.00
04/04/2017 386.84 386.84 386.84 386.84 1 900.00 348156.00
07/04/2017 386.73 386.73 386.73 386.73 1 200.00 77346.00
10/04/2017 392.75 392.75 392.75 392.75 1 1700.00 667675.00
24/04/2017 406.74 406.74 408.22 408.22 2 10200.00 4163696.00
02/05/2017 413.39 413.39 413.39 413.39 1 1100.00 454729.00
08/05/2017 418.57 418.57 418.57 418.57 1 200.00 83714.00
10/05/2017 414.86 414.86 414.86 414.86 1 1200.00 497832.00
15/05/2017 407.87 407.87 407.87 407.87 1 100.00 40787.00
18/05/2017 435.58 435.58 435.89 435.89 2 800.00 348681.00
22/05/2017 435.14 433.02 435.14 433.02 3 900.00 390990.00
29/05/2017 435.86 435.86 435.86 435.86 1 100.00 43586.00
30/05/2017 434.78 434.78 434.78 434.78 1 300.00 130434.00
31/05/2017 432.84 432.84 432.84 432.84 1 400.00 173136.00
06/06/2017 437.34 437.34 437.34 437.34 1 300.00 131202.00
08/06/2017 436.33 436.33 436.33 436.33 1 400.00 174532.00
