20/06/2016 3.11 3.11 3.11 3.11 1 100.00 311.00
21/06/2016 3.12 3.12 3.12 3.12 2 300.00 936.00
22/06/2016 3.09 3.09 3.09 3.09 2 200.00 618.00
23/06/2016 3.09 3.09 3.09 3.09 2 500.00 1545.00
24/06/2016 3.11 3.00 3.11 3.00 3 9200.00 28590.00
27/06/2016 3.00 3.00 3.00 3.00 2 200.00 600.00
28/06/2016 3.00 3.00 3.00 3.00 1 400.00 1200.00
30/06/2016 3.00 3.00 3.00 3.00 1 100.00 300.00
01/07/2016 3.00 3.00 3.00 3.00 1 600.00 1800.00
04/07/2016 3.00 3.00 3.00 3.00 2 200.00 600.00
05/07/2016 2.70 2.70 2.90 2.90 7 2300.00 6310.00
06/07/2016 2.75 2.75 2.90 2.90 3 400.00 1145.00
07/07/2016 2.90 2.90 2.90 2.90 1 400.00 1160.00
08/07/2016 2.90 2.90 2.90 2.90 1 200.00 580.00
11/07/2016 2.90 2.90 2.90 2.90 1 100.00 290.00
13/07/2016 2.90 2.90 2.90 2.90 1 1300.00 3770.00
14/07/2016 2.90 2.90 2.90 2.90 1 700.00 2030.00
15/07/2016 2.90 2.90 2.90 2.90 1 800.00 2320.00
18/07/2016 2.85 2.85 2.90 2.90 2 900.00 2605.00
19/07/2016 2.78 2.78 3.00 3.00 4 4000.00 11650.00
20/07/2016 2.99 2.99 3.00 3.00 2 2000.00 5990.00
21/07/2016 3.00 3.00 3.10 3.10 4 2800.00 8420.00
22/07/2016 3.10 3.10 3.10 3.10 1 100.00 310.00
25/07/2016 3.10 3.10 3.94 3.94 38 12700.00 42045.00
26/07/2016 3.94 3.49 3.97 3.49 17 5000.00 18616.00
27/07/2016 3.10 3.10 3.78 3.78 26 6200.00 20483.00
28/07/2016 3.40 3.21 3.40 3.25 17 9400.00 30710.00
29/07/2016 3.34 3.01 3.50 3.12 23 7000.00 22824.00
01/08/2016 3.13 3.13 3.13 3.13 7 1500.00 4695.00
02/08/2016 3.13 3.00 3.15 3.00 10 5400.00 16799.00
03/08/2016 3.02 3.00 3.25 3.25 17 7800.00 23602.00
04/08/2016 3.30 3.28 3.49 3.40 21 4500.00 14993.00
05/08/2016 3.45 3.30 3.45 3.45 10 1900.00 6332.00
08/08/2016 3.42 3.42 3.44 3.44 6 800.00 2740.00
10/08/2016 3.10 3.10 3.29 3.14 13 3100.00 9733.00
11/08/2016 3.20 3.13 3.20 3.13 12 2700.00 8605.00
12/08/2016 3.39 3.13 3.39 3.13 15 3300.00 10532.00
15/08/2016 3.14 3.05 3.14 3.05 6 1300.00 4034.00
16/08/2016 3.05 3.05 3.05 3.05 2 800.00 2440.00
17/08/2016 3.24 3.24 3.24 3.24 2 200.00 648.00
18/08/2016 3.10 3.10 3.10 3.10 1 600.00 1860.00
19/08/2016 3.05 2.95 3.14 2.95 8 3200.00 9813.00
22/08/2016 2.95 2.90 3.00 2.95 15 5500.00 16219.00
23/08/2016 2.96 2.96 2.96 2.96 1 100.00 296.00
24/08/2016 2.97 2.97 2.97 2.97 2 300.00 891.00
25/08/2016 2.86 2.86 2.88 2.88 5 600.00 1718.00
26/08/2016 2.88 2.82 2.90 2.82 9 2900.00 8294.00
29/08/2016 3.00 3.00 3.00 3.00 1 100.00 300.00
31/08/2016 2.93 2.93 2.93 2.93 2 300.00 879.00
02/09/2016 2.95 2.95 3.00 2.99 3 500.00 1488.00
05/09/2016 3.18 3.18 3.20 3.20 5 800.00 2552.00
06/09/2016 3.15 3.15 3.15 3.15 1 100.00 315.00
08/09/2016 2.90 2.90 2.90 2.90 4 900.00 2610.00
09/09/2016 3.00 2.99 3.00 2.99 2 300.00 898.00
12/09/2016 3.00 3.00 3.00 3.00 1 500.00 1500.00
13/09/2016 2.90 2.90 3.00 3.00 2 800.00 2380.00
14/09/2016 3.15 3.15 3.17 3.17 3 700.00 2217.00
15/09/2016 3.00 3.00 3.16 3.16 2 500.00 1548.00
16/09/2016 3.15 3.15 3.15 3.15 1 200.00 630.00
19/09/2016 3.15 3.14 3.15 3.14 2 9100.00 28575.00
20/09/2016 3.05 3.05 3.05 3.05 1 400.00 1220.00
21/09/2016 3.05 3.05 3.05 3.05 1 600.00 1830.00
22/09/2016 3.07 3.05 3.10 3.10 3 500.00 1534.00
23/09/2016 3.05 3.05 3.10 3.10 2 500.00 1545.00
26/09/2016 3.10 3.10 3.10 3.10 1 800.00 2480.00
27/09/2016 3.10 3.10 3.10 3.10 1 100.00 310.00
28/09/2016 3.17 3.17 3.18 3.18 3 600.00 1903.00
29/09/2016 3.18 3.18 3.18 3.18 2 800.00 2544.00
30/09/2016 3.19 3.19 3.19 3.19 1 100.00 319.00
03/10/2016 3.19 3.19 3.19 3.19 1 400.00 1276.00
04/10/2016 3.10 3.10 3.10 3.10 1 300.00 930.00
05/10/2016 2.90 2.90 3.15 3.15 2 300.00 920.00
06/10/2016 3.20 3.20 3.20 3.20 1 600.00 1920.00
07/10/2016 2.90 2.85 3.05 3.00 7 2500.00 7225.00
11/10/2016 3.19 3.19 3.19 3.19 1 100.00 319.00
13/10/2016 3.00 2.88 3.15 3.15 6 700.00 2089.00
14/10/2016 3.15 3.15 3.15 3.15 1 400.00 1260.00
17/10/2016 3.19 3.19 3.19 3.19 1 200.00 638.00
18/10/2016 3.10 3.09 3.10 3.09 2 500.00 1547.00
19/10/2016 3.04 3.04 3.04 3.04 1 100.00 304.00
20/10/2016 3.10 3.10 3.10 3.10 2 200.00 620.00
21/10/2016 3.09 3.09 3.09 3.09 3 600.00 1854.00
24/10/2016 3.17 3.17 3.17 3.17 1 100.00 317.00
25/10/2016 3.10 3.10 3.10 3.10 1 100.00 310.00
26/10/2016 3.08 3.08 3.10 3.10 3 600.00 1852.00
27/10/2016 3.10 3.10 3.10 3.10 1 100.00 310.00
28/10/2016 3.10 3.10 3.10 3.10 2 200.00 620.00
31/10/2016 3.10 3.10 3.10 3.10 1 100.00 310.00
01/11/2016 3.05 3.05 3.05 3.05 2 500.00 1525.00
03/11/2016 2.81 2.80 3.00 3.00 3 400.00 1142.00
04/11/2016 3.15 3.00 3.15 3.00 2 200.00 615.00
07/11/2016 2.79 2.75 3.00 3.00 3 1100.00 3058.00
08/11/2016 2.78 2.78 2.78 2.78 10 2000.00 5560.00
09/11/2016 2.92 2.92 3.00 2.97 4 600.00 1781.00
10/11/2016 2.81 2.80 3.00 3.00 3 500.00 1441.00
11/11/2016 2.95 2.95 2.95 2.95 1 400.00 1180.00
14/11/2016 2.99 2.99 2.99 2.99 1 100.00 299.00
16/11/2016 2.92 2.92 2.92 2.92 1 600.00 1752.00
18/11/2016 3.32 3.32 3.32 3.32 2 400.00 1328.00
21/11/2016 3.32 3.30 3.32 3.30 2 400.00 1326.00
23/11/2016 3.00 3.00 3.00 3.00 7 2600.00 7800.00
24/11/2016 3.00 3.00 3.00 3.00 4 1500.00 4500.00
25/11/2016 3.05 2.71 3.05 2.72 11 2500.00 6959.00
29/11/2016 2.75 2.70 2.75 2.70 8 2700.00 7325.00
02/12/2016 2.80 2.80 2.83 2.83 4 1500.00 4218.00
05/12/2016 2.83 2.83 2.89 2.89 3 700.00 1991.00
07/12/2016 2.95 2.95 2.98 2.98 3 500.00 1478.00
09/12/2016 2.98 2.98 2.99 2.99 2 800.00 2389.00
12/12/2016 3.00 3.00 3.00 3.00 1 100.00 300.00
14/12/2016 3.00 2.99 3.00 2.99 4 10800.00 32293.00
15/12/2016 3.10 3.10 3.10 3.10 1 100.00 310.00
16/12/2016 3.04 3.04 3.05 3.05 2 700.00 2134.00
19/12/2016 3.05 3.05 3.05 3.05 1 500.00 1525.00
20/12/2016 2.76 2.76 2.95 2.95 4 1000.00 2836.00
21/12/2016 2.99 2.99 3.10 3.10 4 800.00 2457.00
22/12/2016 3.10 3.10 3.10 3.10 1 100.00 310.00
26/12/2016 3.10 3.10 3.10 3.10 1 600.00 1860.00
27/12/2016 3.10 3.10 3.20 3.20 2 1700.00 5290.00
28/12/2016 3.10 3.10 3.20 3.20 5 900.00 2863.00
29/12/2016 3.31 3.31 3.31 3.31 1 100.00 331.00
06/01/2017 3.00 3.00 3.29 3.29 3 400.00 1229.00
09/01/2017 2.95 2.95 3.15 2.96 10 2100.00 6330.00
10/01/2017 3.10 3.10 3.10 3.10 1 100.00 310.00
11/01/2017 2.97 2.97 2.97 2.97 1 6000.00 17820.00
12/01/2017 3.07 3.07 3.07 3.07 2 500.00 1535.00
13/01/2017 2.98 2.98 2.98 2.98 3 1100.00 3278.00
16/01/2017 3.00 3.00 3.00 3.00 3 700.00 2100.00
18/01/2017 3.05 3.05 3.05 3.05 1 600.00 1830.00
19/01/2017 2.95 2.92 2.95 2.92 4 2500.00 7324.00
20/01/2017 2.92 2.92 2.92 2.92 1 1000.00 2920.00
23/01/2017 2.79 2.79 2.86 2.81 9 9500.00 26575.00
24/01/2017 2.85 2.81 2.85 2.81 4 4400.00 12444.00
26/01/2017 2.81 2.75 2.81 2.80 9 6400.00 17658.00
27/01/2017 2.92 2.90 2.95 2.95 3 1200.00 3487.00
31/01/2017 2.95 2.95 2.95 2.95 2 1100.00 3245.00
01/02/2017 2.95 2.95 4.57 3.31 379 203100.00 787291.00
02/02/2017 3.53 3.01 3.58 3.11 123 58200.00 190282.00
03/02/2017 3.11 3.10 3.30 3.20 32 16400.00 52196.00
06/02/2017 3.16 3.00 3.16 3.00 30 14900.00 45641.00
07/02/2017 3.06 3.03 3.50 3.30 73 32300.00 104034.00
08/02/2017 3.37 3.15 3.37 3.16 13 4200.00 13420.00
09/02/2017 3.34 3.16 3.34 3.16 10 3700.00 12232.00
10/02/2017 3.34 3.20 3.34 3.27 7 1800.00 5897.00
13/02/2017 3.29 3.27 3.29 3.27 3 300.00 984.00
14/02/2017 3.25 3.25 3.25 3.25 2 1300.00 4225.00
15/02/2017 3.24 3.05 3.24 3.05 5 1500.00 4692.00
16/02/2017 3.25 3.14 3.35 3.15 31 13600.00 44009.00
17/02/2017 3.30 3.14 3.30 3.14 12 4800.00 15164.00
20/02/2017 3.30 3.30 3.30 3.30 2 300.00 990.00
22/02/2017 3.30 3.29 3.30 3.29 2 200.00 659.00
23/02/2017 2.86 2.86 2.86 2.86 7 5000.00 14300.00
24/02/2017 2.96 2.85 3.13 2.85 26 11900.00 34307.00
02/03/2017 2.95 2.95 2.95 2.95 2 300.00 885.00
06/03/2017 2.87 2.87 2.87 2.87 1 1000.00 2870.00
07/03/2017 3.00 2.86 3.00 2.86 9 7800.00 22675.00
08/03/2017 2.86 2.81 2.86 2.81 7 4800.00 13682.00
09/03/2017 3.00 2.99 3.00 2.99 2 10400.00 31097.00
13/03/2017 2.97 2.97 2.97 2.97 4 600.00 1782.00
14/03/2017 2.94 2.80 2.94 2.85 11 1700.00 4815.00
15/03/2017 2.95 2.95 2.95 2.95 1 200.00 590.00
16/03/2017 2.97 2.78 2.98 2.80 23 5700.00 16091.00
17/03/2017 2.82 2.81 2.82 2.81 4 1300.00 3665.00
20/03/2017 2.88 2.79 2.88 2.79 5 1600.00 4504.00
21/03/2017 2.80 2.79 2.80 2.79 3 1300.00 3637.00
22/03/2017 2.80 2.79 2.87 2.79 6 800.00 2244.00
23/03/2017 2.80 2.80 2.95 2.90 9 1500.00 4342.00
24/03/2017 2.80 2.80 2.80 2.80 1 200.00 560.00
27/03/2017 2.84 2.84 2.90 2.90 4 900.00 2585.00
28/03/2017 2.90 2.90 2.90 2.90 1 100.00 290.00
29/03/2017 2.90 2.77 2.90 2.90 7 2300.00 6530.00
30/03/2017 2.90 2.90 2.94 2.94 3 500.00 1457.00
31/03/2017 2.90 2.89 2.90 2.90 4 600.00 1739.00
03/04/2017 2.90 2.90 2.90 2.90 1 100.00 290.00
04/04/2017 2.90 2.85 2.92 2.92 4 800.00 2305.00
05/04/2017 2.79 2.70 2.88 2.88 13 5700.00 15808.00
06/04/2017 2.80 2.80 2.80 2.80 1 200.00 560.00
07/04/2017 2.85 2.85 2.85 2.85 1 800.00 2280.00
10/04/2017 2.89 2.85 2.89 2.85 2 1500.00 4303.00
11/04/2017 2.85 2.85 2.85 2.85 1 100.00 285.00
12/04/2017 2.71 2.71 2.87 2.87 3 300.00 845.00
13/04/2017 2.85 2.85 2.85 2.85 1 100.00 285.00
17/04/2017 2.85 2.85 2.90 2.90 5 6400.00 18267.00
18/04/2017 2.90 2.90 3.15 3.00 30 19000.00 57743.00
19/04/2017 3.00 2.86 3.00 2.95 6 800.00 2366.00
20/04/2017 2.86 2.80 2.86 2.80 4 1100.00 3122.00
24/04/2017 2.71 2.71 2.98 2.98 2 200.00 569.00
25/04/2017 2.97 2.97 2.97 2.97 1 100.00 297.00
27/04/2017 2.95 2.95 2.95 2.95 1 100.00 295.00
28/04/2017 2.96 2.72 2.96 2.72 2 600.00 1656.00
04/05/2017 2.75 2.75 2.75 2.75 3 500.00 1375.00
08/05/2017 2.72 2.72 2.95 2.95 4 900.00 2530.00
09/05/2017 2.95 2.95 2.96 2.96 2 200.00 591.00
10/05/2017 2.97 2.96 2.97 2.96 2 1200.00 3562.00
11/05/2017 2.95 2.95 2.96 2.96 2 500.00 1477.00
12/05/2017 2.96 2.96 2.96 2.96 1 200.00 592.00
15/05/2017 2.92 2.89 2.96 2.96 4 1300.00 3795.00
16/05/2017 2.95 2.95 2.95 2.95 1 200.00 590.00
17/05/2017 2.81 2.81 2.81 2.81 1 200.00 562.00
18/05/2017 2.76 2.72 2.76 2.72 2 300.00 820.00
19/05/2017 2.79 2.79 2.79 2.79 3 1600.00 4464.00
22/05/2017 2.72 2.70 2.72 2.70 7 1700.00 4604.00
23/05/2017 2.79 2.78 2.79 2.78 3 500.00 1394.00
24/05/2017 2.78 2.78 2.78 2.78 1 600.00 1668.00
25/05/2017 2.78 2.78 2.78 2.78 1 400.00 1112.00
26/05/2017 2.78 2.70 2.78 2.70 2 500.00 1382.00
29/05/2017 2.62 2.62 2.78 2.78 4 500.00 1357.00
31/05/2017 2.77 2.77 2.77 2.77 1 300.00 831.00
01/06/2017 2.77 2.77 2.77 2.77 2 300.00 831.00
02/06/2017 2.77 2.77 2.78 2.78 9 17400.00 48231.00
05/06/2017 2.85 2.85 2.97 2.97 3 1400.00 4038.00
06/06/2017 2.97 2.97 2.97 2.97 1 200.00 594.00
07/06/2017 2.97 2.97 2.97 2.97 1 200.00 594.00
08/06/2017 2.97 2.97 2.97 2.97 1 600.00 1782.00
14/06/2017 2.90 2.90 2.90 2.90 1 800.00 2320.00
16/06/2017 2.95 2.65 2.95 2.67 8 2400.00 6404.00
