05/07/2016 40.72 40.72 40.72 40.72 1 36500.00 1486280.00
11/07/2016 43.55 43.55 43.55 43.55 2 80800.00 3518840.00
15/07/2016 45.07 45.07 45.07 45.07 7 2300.00 103661.00
18/07/2016 45.11 45.08 45.11 45.08 31 6500.00 293087.00
21/07/2016 45.82 45.71 45.82 45.71 8 800.00 36624.00
25/07/2016 46.36 46.10 46.36 46.10 21 2100.00 96914.00
01/08/2016 46.11 46.11 46.11 46.11 1 2100.00 96831.00
08/08/2016 45.11 45.11 45.11 45.11 3 300.00 13533.00
09/08/2016 44.56 44.48 44.56 44.48 27 2700.00 120147.00
11/08/2016 44.67 44.67 44.67 44.67 7 1700.00 75939.00
12/08/2016 45.30 45.30 45.30 45.30 2 200.00 9060.00
15/08/2016 46.02 46.02 46.02 46.02 4 2400.00 110448.00
19/08/2016 46.25 46.25 46.25 46.25 1 400.00 18500.00
22/08/2016 46.08 46.08 46.08 46.08 1 1600.00 73728.00
29/08/2016 46.82 46.82 46.82 46.82 1 1900.00 88958.00
30/08/2016 46.36 46.36 46.36 46.36 1 2100.00 97356.00
06/09/2016 47.01 47.01 47.01 47.01 1 200.00 9402.00
12/09/2016 47.04 47.04 47.04 47.04 1 2400.00 112896.00
15/09/2016 47.68 47.68 47.68 47.68 1 500.00 23840.00
19/09/2016 47.75 47.75 47.75 47.75 1 2000.00 95500.00
26/09/2016 48.53 48.53 48.53 48.53 1 3400.00 165002.00
28/09/2016 49.74 49.74 49.74 49.74 1 1300.00 64662.00
30/09/2016 50.44 50.44 50.44 50.44 1 400.00 20176.00
03/10/2016 49.98 49.98 49.98 49.98 1 3400.00 169932.00
06/10/2016 50.06 50.06 50.06 50.06 1 1000.00 50060.00
10/10/2016 50.19 50.19 50.19 50.19 1 2300.00 115437.00
14/10/2016 46.64 46.64 46.64 46.64 1 400.00 18656.00
17/10/2016 45.52 45.52 45.52 45.52 1 4400.00 200288.00
20/10/2016 44.11 44.11 44.11 44.11 1 600.00 26466.00
24/10/2016 43.58 43.58 43.58 43.58 1 2800.00 122024.00
26/10/2016 43.57 43.57 43.57 43.57 1 1500.00 65355.00
27/10/2016 43.94 43.94 43.94 43.94 2 1300.00 57122.00
31/10/2016 45.75 45.75 45.75 45.75 1 3100.00 141825.00
07/11/2016 48.15 48.15 48.15 48.15 1 6200.00 298530.00
10/11/2016 52.86 52.86 52.86 52.86 1 1000.00 52860.00
14/11/2016 55.84 55.84 55.84 55.84 2 3300.00 184272.00
18/11/2016 53.65 53.65 53.65 53.65 1 1100.00 59015.00
21/11/2016 53.44 53.44 53.44 53.44 1 2100.00 112224.00
28/11/2016 51.41 51.41 51.41 51.41 2 200.00 10282.00
05/12/2016 52.83 52.83 52.83 52.83 1 3000.00 158490.00
06/12/2016 52.96 52.96 52.96 52.96 1 800.00 42368.00
12/12/2016 52.70 52.70 52.70 52.70 1 300.00 15810.00
19/12/2016 50.32 50.32 50.32 50.32 1 10700.00 538424.00
22/12/2016 49.51 49.51 49.51 49.51 1 400.00 19804.00
27/12/2016 49.49 49.49 49.49 49.49 1 1300.00 64337.00
28/12/2016 49.00 49.00 49.00 49.00 1 35400.00 1734600.00
09/01/2017 47.34 47.34 47.34 47.34 1 100.00 4734.00
17/01/2017 46.99 46.99 46.99 46.99 1 5100.00 239649.00
23/01/2017 46.08 46.08 46.08 46.08 1 10000.00 460800.00
08/05/2017 62.00 62.00 62.13 62.13 2 17900.00 1112114.00
15/05/2017 59.90 59.90 59.90 59.90 1 3900.00 233610.00
18/05/2017 62.40 62.40 62.53 62.53 2 900.00 56264.00
22/05/2017 62.83 62.83 62.83 62.83 1 400.00 25132.00
29/05/2017 60.42 60.42 60.42 60.42 1 200.00 12084.00
30/05/2017 62.03 62.03 62.03 62.03 1 100.00 6203.00
05/06/2017 61.64 61.64 61.64 61.64 1 13600.00 838304.00
