20/06/2016 65.59 65.59 65.59 65.59 1 500.00 32795.00
28/06/2016 63.77 63.77 63.77 63.77 2 1300.00 82901.00
29/06/2016 63.00 63.00 63.00 63.00 1 400.00 25200.00
01/07/2016 71.89 71.89 71.89 71.89 1 100.00 7189.00
05/07/2016 73.58 73.58 73.58 73.58 1 6600.00 485628.00
11/07/2016 72.40 72.40 72.40 72.40 1 500.00 36200.00
15/07/2016 72.07 72.07 72.07 72.07 5 500.00 36035.00
21/07/2016 71.50 71.50 71.50 71.50 2 200.00 14300.00
01/08/2016 72.19 72.19 72.19 72.19 2 300.00 21657.00
11/08/2016 69.94 69.94 69.94 69.94 4 400.00 27976.00
15/08/2016 70.70 70.70 70.70 70.70 9 900.00 63630.00
19/08/2016 72.74 72.74 72.74 72.74 1 100.00 7274.00
22/08/2016 73.30 73.30 73.30 73.30 1 100.00 7330.00
29/08/2016 72.07 72.07 72.07 72.07 1 6900.00 497283.00
30/08/2016 64.33 64.33 64.33 64.33 1 400.00 25732.00
06/09/2016 64.19 64.19 64.19 64.19 1 1500.00 96285.00
12/09/2016 63.47 63.47 63.47 63.47 1 100.00 6347.00
15/09/2016 63.23 63.23 63.23 63.23 1 100.00 6323.00
28/09/2016 61.10 61.10 61.10 61.10 1 200.00 12220.00
30/09/2016 61.95 61.95 61.95 61.95 1 100.00 6195.00
03/10/2016 61.22 61.22 61.22 61.22 1 100.00 6122.00
06/10/2016 61.15 61.15 61.15 61.15 1 200.00 12230.00
10/10/2016 61.18 61.18 61.18 61.18 1 300.00 18354.00
17/10/2016 61.73 61.73 61.73 61.73 1 300.00 18519.00
20/10/2016 59.49 59.49 59.49 59.49 1 100.00 5949.00
24/10/2016 59.29 59.29 59.29 59.29 1 300.00 17787.00
26/10/2016 60.37 60.37 60.37 60.37 1 300.00 18111.00
27/10/2016 60.66 60.66 60.66 60.66 1 200.00 12132.00
31/10/2016 64.88 64.88 64.88 64.88 1 1200.00 77856.00
07/11/2016 64.75 64.75 64.75 64.75 1 100.00 6475.00
10/11/2016 65.87 65.87 65.87 65.87 1 200.00 13174.00
14/11/2016 68.08 68.08 68.08 68.08 1 1600.00 108928.00
18/11/2016 66.12 66.12 66.12 66.12 1 200.00 13224.00
21/11/2016 65.47 65.47 65.47 65.47 1 100.00 6547.00
12/12/2016 68.08 68.08 68.08 68.08 1 3200.00 217856.00
19/12/2016 68.67 68.67 68.67 68.67 1 3400.00 233478.00
22/12/2016 68.61 68.61 68.61 68.61 1 100.00 6861.00
27/12/2016 67.65 67.65 67.65 67.65 1 500.00 33825.00
28/12/2016 68.12 68.12 68.12 68.12 1 2900.00 197548.00
03/01/2017 67.90 67.90 67.90 67.90 1 2100.00 142590.00
09/01/2017 66.53 66.53 66.53 66.53 1 800.00 53224.00
17/01/2017 67.80 67.80 67.80 67.80 1 1700.00 115260.00
23/01/2017 66.90 66.90 66.90 66.90 1 100.00 6690.00
24/01/2017 68.07 68.07 68.07 68.07 1 100.00 6807.00
26/01/2017 67.71 67.71 67.71 67.71 1 300.00 20313.00
30/01/2017 65.41 65.41 65.41 65.41 1 100.00 6541.00
03/02/2017 66.38 66.38 66.38 66.38 1 400.00 26552.00
06/02/2017 67.16 67.16 67.16 67.16 1 1700.00 114172.00
07/02/2017 66.94 66.94 66.94 66.94 1 700.00 46858.00
13/02/2017 67.47 67.47 67.47 67.47 1 7000.00 472290.00
21/02/2017 66.66 66.66 66.66 66.66 1 1800.00 119988.00
23/02/2017 66.48 66.48 66.48 66.48 1 100.00 6648.00
01/03/2017 67.65 67.65 67.65 67.65 1 3000.00 202950.00
06/03/2017 68.07 68.07 68.07 68.07 1 200.00 13614.00
07/03/2017 67.48 67.48 67.48 67.48 1 400.00 26992.00
13/03/2017 68.62 68.62 68.62 68.62 1 200.00 13724.00
20/03/2017 67.14 67.14 67.14 67.14 1 200.00 13428.00
27/03/2017 67.84 67.84 67.84 67.84 1 2600.00 176384.00
03/04/2017 67.63 67.63 67.63 67.63 1 2700.00 182601.00
10/04/2017 67.73 67.73 67.73 67.73 1 1400.00 94822.00
24/04/2017 67.71 67.71 67.71 67.71 1 900.00 60939.00
02/05/2017 67.02 67.02 67.02 67.02 1 3100.00 207762.00
08/05/2017 68.11 68.11 68.11 68.11 1 300.00 20433.00
18/05/2017 73.65 73.65 73.77 73.77 2 1400.00 103266.00
22/05/2017 73.80 73.80 73.80 73.80 2 1800.00 132840.00
29/05/2017 75.86 75.86 75.86 75.86 1 100.00 7586.00
30/05/2017 75.64 75.64 75.64 75.64 1 200.00 15128.00
05/06/2017 75.76 75.76 75.76 75.76 1 5200.00 393952.00
08/06/2017 74.53 74.53 74.53 74.53 1 400.00 29812.00
12/06/2017 75.01 75.01 75.01 75.01 1 1000.00 75010.00
