20/06/2016 27.81 27.71 28.26 27.82 9887 2211295.72 61627099.00
21/06/2016 27.69 27.69 28.23 28.12 6187 2334644.68 65644068.00
22/06/2016 28.03 27.55 28.14 27.84 7046 2139410.23 59514575.00
23/06/2016 27.98 27.76 28.51 28.25 7895 2634746.19 74510661.00
24/06/2016 27.43 27.37 28.02 27.73 9344 2298089.28 63310610.00
27/06/2016 27.37 27.36 28.01 27.76 5752 1108609.05 30776625.00
28/06/2016 25.95 25.36 26.83 25.41 22881 9195624.64 239438359.00
29/06/2016 25.59 21.79 25.59 21.79 43205 35211637.21 798428408.00
30/06/2016 22.48 22.04 22.96 22.86 27585 13981421.60 314613580.00
01/07/2016 23.21 22.94 23.41 23.27 18702 10042525.58 232646422.00
04/07/2016 23.41 23.37 24.24 23.90 16352 4838894.20 115320821.00
05/07/2016 23.80 23.32 23.90 23.62 8101 2603296.28 61275991.00
06/07/2016 23.60 23.09 23.60 23.21 6997 2573480.14 59738898.00
07/07/2016 23.40 23.22 24.19 23.91 16651 6199408.80 148479217.00
08/07/2016 24.19 24.01 24.37 24.20 10790 6318264.92 152533341.00
11/07/2016 24.46 24.01 24.57 24.24 9060 4668574.60 113602073.00
12/07/2016 24.39 24.04 24.46 24.22 11228 3618066.18 87931374.00
13/07/2016 24.36 24.14 25.21 24.45 12413 3441926.31 84213047.00
14/07/2016 24.88 24.58 24.92 24.76 11404 2800572.94 69210102.00
15/07/2016 24.67 24.42 24.83 24.78 8063 2644548.75 65184828.00
18/07/2016 24.72 24.47 24.88 24.83 5592 1565551.62 38769197.00
19/07/2016 24.83 24.60 25.27 25.12 9861 2930763.28 73540545.00
20/07/2016 25.36 24.49 25.45 25.14 8603 3181647.73 79927359.00
21/07/2016 25.23 24.83 25.23 25.07 8941 4320277.14 108197981.00
22/07/2016 25.21 24.97 25.37 25.12 8770 3192879.84 80374196.00
25/07/2016 25.67 25.07 25.71 25.46 13007 7082150.37 180162809.00
26/07/2016 25.36 25.35 26.18 25.95 9911 3972081.80 102658756.00
27/07/2016 25.97 25.89 26.60 26.50 16281 3862824.02 101796838.00
28/07/2016 26.18 26.17 26.78 26.73 13564 3432940.62 91054892.00
29/07/2016 26.82 26.71 27.16 26.88 13681 2754929.74 74271490.00
01/08/2016 26.68 26.13 26.78 26.32 14228 2844582.38 74994574.00
02/08/2016 26.29 26.00 26.56 26.21 7902 1638151.88 42976501.00
03/08/2016 25.96 25.96 26.83 26.72 7712 1567083.27 41559068.00
04/08/2016 26.74 26.40 27.13 26.53 11137 2742472.31 73074497.00
05/08/2016 26.59 26.46 26.82 26.77 8551 1670622.89 44521657.00
08/08/2016 26.84 26.51 26.88 26.82 4559 956158.71 25518739.00
09/08/2016 26.86 26.67 27.37 26.93 6297 1590977.03 43018426.00
10/08/2016 27.10 26.61 27.22 26.90 6167 1459765.59 39177289.00
11/08/2016 26.66 26.65 27.33 27.27 7704 2218137.09 60114187.00
12/08/2016 27.32 27.09 27.45 27.15 7295 1488254.30 40597346.00
15/08/2016 27.03 26.96 27.63 27.36 6600 1382366.15 37819949.00
16/08/2016 27.12 27.07 27.50 27.27 6489 2809864.96 76519310.00
17/08/2016 27.07 26.87 27.36 27.23 9316 1910581.56 51822297.00
18/08/2016 27.01 26.72 27.22 26.79 5349 1459357.15 39234503.00
19/08/2016 26.50 26.48 27.16 26.92 11821 2123174.73 57043559.00
22/08/2016 26.70 26.34 26.81 26.54 9130 2213031.59 58789578.00
23/08/2016 26.54 25.60 26.73 25.82 12625 3833314.21 99734420.00
24/08/2016 25.82 25.31 26.14 25.86 8053 2024434.29 52282344.00
25/08/2016 25.86 25.36 25.86 25.51 7443 1714734.44 43749496.00
26/08/2016 25.38 25.16 26.15 25.50 13012 2546420.97 65197084.00
29/08/2016 25.44 25.44 25.93 25.85 6254 1203877.75 31086072.00
30/08/2016 25.73 25.63 26.20 26.00 7322 1166913.90 30324080.00
31/08/2016 26.06 25.46 26.13 25.56 13365 3520244.73 90376016.00
01/09/2016 25.53 25.20 26.07 25.89 11704 2751968.55 70711955.00
02/09/2016 26.15 25.92 26.78 26.72 14272 3397712.64 90251331.00
05/09/2016 26.76 26.72 27.16 26.88 7033 1517662.00 41028891.00
06/09/2016 27.14 26.87 27.83 27.62 10752 3133553.89 85867711.00
08/09/2016 27.62 27.01 27.63 27.36 14308 3497576.29 95666416.00
09/09/2016 27.03 26.35 27.03 26.49 11538 2383146.97 63395124.00
12/09/2016 27.01 26.59 27.12 26.75 9725 1832263.13 49107425.00
13/09/2016 26.75 25.61 26.78 26.16 10662 2226203.79 57853594.00
14/09/2016 25.97 25.83 26.41 26.16 8988 1386450.56 36231082.00
15/09/2016 26.17 26.17 27.18 26.87 14295 2691927.83 72118127.00
16/09/2016 26.93 26.05 26.93 26.21 6525 1851970.37 48597217.00
19/09/2016 26.42 26.07 26.42 26.30 3874 771543.70 20264968.00
20/09/2016 26.30 26.07 26.53 26.28 6390 1222359.67 32199864.00
21/09/2016 26.34 26.21 27.10 27.07 10886 2818748.54 75374307.00
22/09/2016 27.32 27.08 27.93 27.58 15142 3847609.62 106130940.00
23/09/2016 27.59 27.34 27.91 27.62 12464 2476884.02 68399977.00
26/09/2016 27.61 27.05 27.61 27.28 6890 1403707.16 38224730.00
27/09/2016 27.47 26.99 27.53 27.28 6954 1455987.52 39742724.00
28/09/2016 27.28 27.11 27.62 27.33 7438 1594857.21 43711744.00
29/09/2016 27.42 26.80 27.53 27.26 7066 2049859.69 55762078.00
30/09/2016 27.20 26.82 27.70 27.29 11570 2771063.13 75723866.00
03/10/2016 27.57 27.36 28.31 28.06 21504 4456185.65 124759410.00
04/10/2016 28.34 27.62 28.46 28.09 8899 1787334.70 50048884.00
05/10/2016 28.34 28.16 28.66 28.48 6405 1248908.29 35475665.00
06/10/2016 28.48 28.03 28.48 28.23 9534 2460035.85 69507798.00
07/10/2016 28.50 27.66 28.51 28.01 7663 2144107.29 60052239.00
10/10/2016 28.32 27.62 28.34 28.06 6426 1314973.51 36711536.00
11/10/2016 28.06 27.64 28.13 27.99 6163 1503060.26 41888710.00
13/10/2016 27.99 26.40 27.99 27.02 21653 6780210.89 182859348.00
14/10/2016 27.09 26.83 27.69 27.36 10447 2854997.61 78138496.00
17/10/2016 27.17 27.07 27.58 27.38 11043 2336789.00 63903769.00
18/10/2016 27.38 27.17 28.10 27.82 15318 3001015.01 83283116.00
19/10/2016 27.82 27.46 28.10 27.81 7294 2830286.97 78665037.00
20/10/2016 27.51 27.27 27.90 27.69 11802 2326782.21 64268107.00
21/10/2016 27.52 27.39 28.09 27.81 12137 3397814.75 94328084.00
24/10/2016 27.81 27.53 28.02 27.69 8028 1606089.32 44483851.00
25/10/2016 27.42 25.82 27.42 26.29 23351 6899883.89 181236924.00
26/10/2016 26.41 25.56 26.51 25.73 22623 6126502.21 158539890.00
27/10/2016 25.76 25.64 26.48 26.30 16181 3149687.28 82429719.00
28/10/2016 26.30 26.05 26.69 26.36 9809 1980935.40 52365543.00
31/10/2016 26.90 25.87 27.08 26.21 13148 3119666.92 82479606.00
01/11/2016 26.44 25.41 26.55 25.46 17706 4375825.02 111883133.00
03/11/2016 25.35 24.91 25.52 25.11 18083 4176608.27 105479940.00
04/11/2016 25.18 24.57 25.36 24.70 13864 3030218.49 75581824.00
07/11/2016 25.40 24.96 25.60 25.25 14207 3085357.93 78036176.00
08/11/2016 25.36 25.11 25.56 25.33 11167 2215278.01 56023167.00
09/11/2016 24.48 24.29 25.62 25.35 12574 3219530.57 81122657.00
10/11/2016 25.46 24.08 25.59 24.41 22648 4420242.90 109184856.00
11/11/2016 24.01 23.22 24.49 23.78 22717 5464522.61 130338148.00
14/11/2016 23.50 23.40 24.55 24.09 17256 2986004.83 71734267.00
16/11/2016 24.09 24.01 25.12 24.83 16828 4365818.24 107453056.00
17/11/2016 25.02 24.50 25.28 24.56 16032 2874704.86 70957227.00
18/11/2016 24.57 24.29 24.96 24.77 12829 2459831.63 60962632.00
21/11/2016 24.73 24.41 24.97 24.78 13922 4586273.88 113137130.00
22/11/2016 25.12 24.98 25.65 25.53 19598 7594742.93 193610061.00
23/11/2016 25.50 25.07 25.70 25.27 13089 2899313.38 73399496.00
24/11/2016 25.26 25.04 25.43 25.13 3221 740910.68 18627663.00
25/11/2016 24.97 24.65 25.53 25.28 4126 1240331.04 31338106.00
28/11/2016 25.03 24.84 25.36 25.25 9859 7334566.47 185247878.00
29/11/2016 25.10 24.74 25.15 24.94 9073 1742916.82 43442605.00
30/11/2016 25.17 24.98 25.68 25.43 12370 3053601.70 77603059.00
01/12/2016 24.81 23.99 25.01 24.37 25206 4193047.99 102998139.00
02/12/2016 23.94 23.52 24.56 24.29 17207 2793731.57 67604054.00
05/12/2016 24.56 24.12 24.68 24.50 13304 1967354.76 48147957.00
06/12/2016 24.23 24.11 25.31 25.13 19515 3468883.36 86532025.00
07/12/2016 25.46 24.57 25.46 25.25 16429 2848564.68 71140641.00
08/12/2016 25.32 24.88 25.63 25.34 11149 2156054.17 54673683.00
09/12/2016 25.47 24.91 25.64 25.35 14727 2627904.81 66535364.00
12/12/2016 25.17 24.29 25.17 24.62 10044 2000948.97 49317037.00
13/12/2016 24.34 24.19 24.88 24.56 10823 1895877.71 46444950.00
14/12/2016 24.57 24.04 24.76 24.34 12778 2624535.18 64039126.00
15/12/2016 24.16 23.82 24.88 24.59 10352 2016571.81 49027862.00
16/12/2016 24.73 24.43 25.18 24.67 7692 2043630.98 50475666.00
19/12/2016 24.67 24.19 24.88 24.42 10840 4490698.85 109449492.00
20/12/2016 24.60 23.96 24.62 24.07 10285 2110206.75 50984915.00
21/12/2016 23.95 23.67 24.27 24.07 7806 1922528.43 46057455.00
22/12/2016 25.17 23.47 25.29 23.71 15515 3529026.20 84897438.00
23/12/2016 24.31 24.31 24.73 24.47 14746 3326337.70 81292971.00
26/12/2016 24.50 24.50 25.11 24.92 7182 1675217.84 41815116.00
27/12/2016 25.27 25.19 25.76 25.49 15251 3205030.94 81730786.00
28/12/2016 25.42 25.27 25.65 25.55 9137 2294106.99 58541682.00
29/12/2016 25.61 25.29 25.61 25.59 7583 1976442.55 50397977.00
02/01/2017 25.51 25.27 25.63 25.63 4534 1083183.64 27643906.00
03/01/2017 25.64 25.49 26.52 26.34 16135 6487563.42 170029815.00
04/01/2017 26.54 26.20 26.64 26.50 8360 1505204.57 39852246.00
05/01/2017 26.44 26.26 26.64 26.48 10151 2412554.67 63896832.00
06/01/2017 26.49 26.06 26.49 26.28 8177 1997170.90 52346821.00
09/01/2017 26.24 26.08 26.30 26.22 7605 1268411.31 33255032.00
10/01/2017 26.24 25.94 26.36 26.04 6499 1348159.28 35184446.00
11/01/2017 26.06 25.36 26.34 25.80 10021 3396793.65 87948733.00
12/01/2017 26.38 26.05 26.52 26.11 17897 4679398.27 122619917.00
13/01/2017 25.95 25.48 26.13 25.55 16933 3594785.08 92254916.00
16/01/2017 25.53 25.27 25.81 25.54 7137 1555953.28 39689826.00
17/01/2017 25.46 25.14 25.72 25.49 14025 3060851.52 77746736.00
18/01/2017 25.51 25.51 25.73 25.66 6819 1991656.95 51080373.00
19/01/2017 25.72 25.42 25.72 25.71 9105 2767285.06 70772156.00
20/01/2017 25.71 25.60 26.60 26.51 16325 3497269.96 91965337.00
23/01/2017 26.45 26.35 26.86 26.78 11133 2859388.34 76233285.00
24/01/2017 26.78 26.64 27.36 27.27 13694 3952987.22 107246190.00
26/01/2017 27.32 27.24 27.96 27.87 16392 4072353.89 112947098.00
27/01/2017 27.88 27.60 27.90 27.85 8829 2936073.01 81547477.00
30/01/2017 27.84 27.21 27.95 27.37 11282 2609729.22 71931004.00
31/01/2017 27.39 27.20 27.76 27.37 12604 2598088.67 71238737.00
01/02/2017 27.75 27.25 27.96 27.37 22761 5289403.84 146469275.00
02/02/2017 27.30 27.23 27.78 27.61 11013 2465141.36 67940619.00
03/02/2017 27.74 27.45 27.88 27.81 10405 2203943.79 61274140.00
06/02/2017 27.92 27.35 28.09 27.65 11467 2513133.09 69545374.00
07/02/2017 27.88 27.15 27.88 27.34 6456 2102956.93 57744323.00
08/02/2017 27.34 27.20 27.77 27.77 7676 1612624.37 44432641.00
09/02/2017 27.91 27.73 28.16 27.89 7245 2084781.34 58131448.00
10/02/2017 28.07 27.47 28.07 28.00 7944 1887198.35 52436875.00
13/02/2017 28.36 28.17 28.50 28.20 9125 1912827.98 54184659.00
14/02/2017 28.40 27.76 28.50 27.87 13134 2283487.54 63959877.00
15/02/2017 28.11 27.98 28.65 28.44 15766 2868782.47 81452651.00
16/02/2017 28.30 27.19 28.30 27.80 18179 5791100.00 160906913.00
17/02/2017 27.72 27.22 27.81 27.25 18660 3380000.00 92683662.00
20/02/2017 27.31 27.03 27.62 27.28 3897 1181000.00 32392205.00
21/02/2017 27.50 27.17 27.70 27.37 7585 1856700.00 50762829.00
22/02/2017 27.40 26.84 27.42 27.11 16431 3024200.00 81995063.00
23/02/2017 27.13 26.70 27.25 27.04 17222 3252300.00 87614134.00
24/02/2017 26.72 26.45 27.39 27.09 12046 2838600.00 76866034.00
01/03/2017 27.09 26.38 27.12 26.95 13732 2755800.00 73636825.00
02/03/2017 26.71 26.69 27.15 27.02 16332 2981400.00 80402642.00
03/03/2017 27.02 26.69 27.39 27.26 13541 2294000.00 62104741.00
06/03/2017 27.31 26.90 27.61 27.21 8382 1682000.00 45624445.00
07/03/2017 27.22 26.78 27.28 27.08 14069 2223000.00 60050042.00
08/03/2017 27.11 26.49 27.20 27.14 12161 5345500.00 143846517.00
09/03/2017 27.31 27.15 27.58 27.42 12753 4286800.00 117444081.00
10/03/2017 27.47 27.31 27.84 27.61 9089 2094000.00 57887810.00
13/03/2017 27.62 27.57 28.00 27.88 6764 1909700.00 52993412.00
14/03/2017 27.79 27.64 28.40 28.27 17410 4886200.00 137882892.00
15/03/2017 28.32 28.15 28.60 28.43 9907 11729400.00 331082336.00
16/03/2017 28.40 28.34 28.95 28.85 12703 4694800.00 135356477.00
17/03/2017 28.90 28.90 29.47 29.15 17048 5187500.00 151522944.00
20/03/2017 29.01 28.91 29.47 29.32 16533 3949800.00 115783525.00
21/03/2017 29.27 28.64 29.33 29.10 14024 2714800.00 78632189.00
22/03/2017 29.05 27.73 29.05 28.50 18398 4297100.00 121929952.00
23/03/2017 28.47 28.25 28.89 28.54 12237 2711300.00 77636852.00
24/03/2017 28.49 28.49 28.97 28.68 8666 1825100.00 52476203.00
27/03/2017 28.67 28.45 29.30 28.90 8998 1517700.00 43930051.00
28/03/2017 29.00 28.62 29.20 28.86 9139 1643900.00 47496236.00
29/03/2017 28.91 28.79 29.08 29.00 8660 2252300.00 65184125.00
30/03/2017 29.10 28.97 29.38 29.26 10289 1990800.00 58175214.00
31/03/2017 29.21 28.56 29.36 29.00 10854 2034400.00 58928732.00
03/04/2017 29.05 28.91 29.35 29.11 11614 1981400.00 57668022.00
04/04/2017 29.20 28.82 29.68 29.03 6709 1754100.00 51301107.00
05/04/2017 29.08 28.76 29.30 29.04 8737 2319700.00 67292701.00
06/04/2017 28.99 28.90 29.42 29.17 9676 1786700.00 52165780.00
07/04/2017 29.15 28.75 29.74 29.09 11830 2291800.00 67029998.00
10/04/2017 29.28 28.88 29.43 29.24 7717 1823000.00 53189472.00
11/04/2017 29.28 29.15 30.34 30.07 17572 4305400.00 128246222.00
12/04/2017 29.95 29.25 29.99 29.32 15568 9216100.00 271668504.00
13/04/2017 29.09 28.54 29.66 29.40 7789 2942200.00 86384976.00
17/04/2017 29.61 29.54 29.89 29.77 11522 4439800.00 132160286.00
18/04/2017 29.74 29.49 29.93 29.71 9761 1826300.00 54360424.00
19/04/2017 29.90 29.34 29.90 29.61 7820 1566100.00 46247651.00
20/04/2017 29.70 29.11 29.75 29.23 9992 2485200.00 73075065.00
24/04/2017 30.00 30.00 31.38 30.35 22158 14494400.00 442918355.00
25/04/2017 30.40 29.87 30.46 30.00 14281 4568600.00 137166155.00
26/04/2017 30.16 29.55 30.40 30.25 9965 2943800.00 88340459.00
27/04/2017 30.40 29.82 30.66 30.05 5316 1312500.00 39518068.00
28/04/2017 30.19 29.76 30.32 30.06 12322 2237200.00 67075380.00
02/05/2017 30.30 29.93 30.63 30.38 16770 3340600.00 101183198.00
03/05/2017 30.50 30.14 30.66 30.37 8703 2227200.00 67503352.00
04/05/2017 30.37 29.51 30.44 29.80 13738 2788400.00 82996933.00
05/05/2017 29.80 29.63 30.16 29.90 8259 1842400.00 54989623.00
08/05/2017 29.99 29.94 30.39 30.20 9228 2391200.00 72238300.00
09/05/2017 30.42 30.17 30.65 30.56 17604 3239100.00 98801973.00
10/05/2017 30.65 30.65 31.34 31.30 17324 4590900.00 143070671.00
11/05/2017 31.29 31.20 31.57 31.47 8412 1977700.00 62176825.00
12/05/2017 31.60 31.13 31.64 31.24 10166 1911000.00 59993099.00
15/05/2017 31.11 30.74 31.49 31.35 8965 2734800.00 85382690.00
16/05/2017 31.33 31.15 31.63 31.42 10634 2731700.00 85807757.00
17/05/2017 31.10 30.61 31.24 30.85 15434 2571800.00 79531380.00
18/05/2017 26.23 25.95 29.52 28.93 27414 6516600.00 182314413.00
19/05/2017 28.80 28.50 29.70 29.51 21062 4895300.00 143277305.00
22/05/2017 28.91 28.61 29.67 29.18 19388 3907500.00 114062404.00
23/05/2017 29.15 28.83 29.94 29.90 14819 4084700.00 121526002.00
24/05/2017 30.10 29.90 30.64 30.00 18209 4715300.00 142448230.00
25/05/2017 30.30 30.11 30.61 30.20 9760 2323700.00 70537364.00
26/05/2017 30.49 29.92 30.76 30.00 6813 1721900.00 51980941.00
29/05/2017 30.12 29.45 30.12 30.08 8242 1542900.00 45843723.00
30/05/2017 30.12 30.12 30.47 30.34 11125 2049100.00 62182976.00
31/05/2017 30.32 29.50 30.32 29.50 12529 2755800.00 81779192.00
01/06/2017 29.53 29.51 29.97 29.70 11578 1704200.00 50768529.00
02/06/2017 29.72 29.37 29.79 29.55 7126 1306300.00 38552684.00
05/06/2017 29.40 28.91 29.67 29.51 7235 1468400.00 43127288.00
06/06/2017 29.45 29.05 29.58 29.45 5211 1121400.00 32922846.00
07/06/2017 29.60 29.35 29.85 29.80 9017 1585300.00 46963512.00
08/06/2017 29.72 29.40 29.72 29.58 12077 3182500.00 93866555.00
09/06/2017 29.43 28.80 29.51 28.82 10969 2550500.00 74359184.00
12/06/2017 28.81 28.24 28.96 28.72 7148 1388800.00 39778340.00
13/06/2017 28.71 28.50 29.03 28.70 7323 1434000.00 41248326.00
14/06/2017 28.62 28.54 29.08 28.82 8380 2010700.00 57883050.00
16/06/2017 28.68 28.44 29.18 29.10 5699 2282200.00 66132212.00
