24/06/2016 497.00 497.00 497.00 497.00 1 100.00 49700.00
29/06/2016 481.00 481.00 481.00 481.00 1 100.00 48100.00
30/06/2016 489.17 489.17 489.17 489.17 1 100.00 48917.00
01/07/2016 491.80 491.80 491.80 491.80 1 100.00 49180.00
08/07/2016 505.66 505.66 507.01 507.01 2 300.00 151833.00
11/07/2016 511.94 511.94 511.94 511.94 1 200.00 102388.00
14/07/2016 518.40 518.40 518.40 518.40 1 100.00 51840.00
19/07/2016 518.73 518.73 518.73 518.73 1 100.00 51873.00
20/07/2016 523.79 523.79 523.79 523.79 1 200.00 104758.00
21/07/2016 527.00 527.00 527.00 527.00 1 500.00 263500.00
25/07/2016 531.60 531.60 533.47 533.47 3 600.00 319303.00
26/07/2016 530.15 530.15 530.15 530.15 2 2100.00 1113315.00
01/08/2016 525.45 525.45 525.45 525.45 1 100.00 52545.00
03/08/2016 518.45 518.45 518.45 518.45 1 200.00 103690.00
10/08/2016 504.39 504.39 504.39 504.39 1 100.00 50439.00
11/08/2016 513.50 511.36 513.50 512.00 3 400.00 204822.00
16/08/2016 512.19 512.19 512.19 512.19 1 300.00 153657.00
18/08/2016 521.45 521.45 521.45 521.45 1 300.00 156435.00
22/08/2016 514.53 514.53 514.53 514.53 1 2000.00 1029060.00
24/08/2016 512.70 512.70 512.70 512.70 2 2000.00 1025400.00
26/08/2016 515.90 515.90 515.90 515.90 1 100.00 51590.00
29/08/2016 519.57 515.27 519.57 515.27 2 600.00 311312.00
06/09/2016 514.58 506.67 514.58 506.67 2 200.00 102125.00
12/09/2016 513.18 513.18 513.18 513.18 1 100.00 51318.00
13/09/2016 516.31 516.31 516.31 516.31 1 100.00 51631.00
29/09/2016 511.00 511.00 511.00 511.00 1 100.00 51100.00
05/10/2016 506.43 506.43 506.43 506.43 1 100.00 50643.00
10/10/2016 505.40 505.40 505.40 505.40 1 100.00 50540.00
13/10/2016 490.00 487.15 490.00 487.15 3 300.00 146715.00
24/10/2016 470.74 470.74 470.74 470.74 1 400.00 188296.00
25/10/2016 467.35 467.35 467.35 467.35 1 300.00 140205.00
26/10/2016 475.56 475.56 475.56 475.56 1 100.00 47556.00
31/10/2016 487.00 487.00 487.00 487.00 1 100.00 48700.00
01/11/2016 494.50 494.50 494.50 494.50 2 200.00 98900.00
03/11/2016 490.20 490.20 490.20 490.20 1 100.00 49020.00
09/11/2016 493.80 493.80 493.80 493.80 1 1200.00 592560.00
10/11/2016 534.00 534.00 536.00 536.00 2 200.00 107000.00
11/11/2016 553.00 553.00 554.00 554.00 2 300.00 166000.00
14/11/2016 543.11 543.11 543.11 543.11 1 100.00 54311.00
28/11/2016 555.32 555.32 555.32 555.32 1 2300.00 1277236.00
08/12/2016 557.63 557.63 557.63 557.63 1 100.00 55763.00
12/12/2016 557.00 557.00 557.00 557.00 1 100.00 55700.00
13/12/2016 562.62 562.62 562.62 562.62 1 100.00 56262.00
14/12/2016 556.00 556.00 556.00 556.00 1 100.00 55600.00
15/12/2016 570.00 566.60 570.00 566.60 3 300.00 170660.00
19/12/2016 560.00 560.00 560.00 560.00 1 100.00 56000.00
21/12/2016 558.66 558.66 558.66 558.66 1 100.00 55866.00
28/12/2016 538.40 538.40 541.50 541.50 2 1000.00 539950.00
29/12/2016 538.00 535.10 538.00 535.10 2 600.00 322220.00
04/01/2017 541.00 541.00 541.00 541.00 1 600.00 324600.00
31/01/2017 547.37 547.37 547.37 547.37 1 100.00 54737.00
14/02/2017 556.30 556.30 556.30 556.30 2 300.00 166890.00
20/02/2017 556.30 556.30 556.30 556.30 1 100.00 55630.00
17/03/2017 545.34 545.34 545.34 545.34 1 1300.00 708942.00
20/03/2017 541.02 541.02 541.02 541.02 1 2200.00 1190244.00
28/03/2017 544.50 544.50 544.50 544.50 1 100.00 54450.00
03/04/2017 545.02 545.02 545.02 545.02 1 1200.00 654024.00
27/04/2017 509.46 509.46 509.46 509.46 2 400.00 203784.00
02/05/2017 505.30 505.30 505.30 505.30 1 300.00 151590.00
03/05/2017 501.80 501.80 501.80 501.80 1 700.00 351260.00
05/05/2017 491.50 491.50 491.80 491.80 2 1400.00 688400.00
08/05/2017 488.66 488.66 488.66 488.66 1 100.00 48866.00
10/05/2017 478.79 478.79 478.79 478.79 1 100.00 47879.00
16/05/2017 471.00 471.00 474.00 474.00 2 200.00 94500.00
18/05/2017 502.36 498.00 502.96 498.00 4 600.00 300328.00
29/05/2017 498.79 498.79 498.79 498.79 1 100.00 49879.00
30/05/2017 496.33 496.33 496.33 496.33 1 100.00 49633.00
31/05/2017 492.71 492.71 492.71 492.71 1 100.00 49271.00
08/06/2017 497.32 497.32 497.32 497.32 1 100.00 49732.00
13/06/2017 513.58 513.58 514.00 514.00 3 300.00 154158.00
