20/06/2016 1895.00 1895.00 1941.00 1925.00 798456 430623800.00 5347070501.00
21/06/2016 1924.00 1901.00 1945.00 1945.00 706463 452648000.00 5286584396.00
22/06/2016 1944.00 1918.00 1960.00 1922.00 818819 437063100.00 5587384105.00
23/06/2016 1922.00 1922.00 1979.00 1975.00 712781 400155300.00 4907396114.00
24/06/2016 1974.00 1900.00 1974.00 1923.00 893430 487122200.00 6271621436.00
27/06/2016 1923.00 1880.00 1925.00 1892.00 748506 377024800.00 4948758599.00
28/06/2016 1892.00 1892.00 1931.00 1921.00 785477 414830100.00 5405849795.00
29/06/2016 1921.00 1921.00 1965.00 1957.00 842408 477345700.00 6903014903.00
30/06/2016 1957.00 1941.00 1980.00 1977.00 821915 510533000.00 7407776187.00
01/07/2016 1978.00 1973.00 2005.00 2001.00 799609 481818700.00 6746697949.00
04/07/2016 2002.00 2002.00 2027.00 2014.00 490448 247407100.00 3248299967.00
05/07/2016 2014.00 1978.00 2014.00 1990.00 747819 365873400.00 4927757781.00
06/07/2016 1990.00 1953.00 1992.00 1992.00 693935 388504300.00 4846990058.00
07/07/2016 1992.00 1991.00 2021.00 1997.00 807505 430660100.00 5693721279.00
08/07/2016 1997.00 1997.00 2039.00 2039.00 735861 362050100.00 5357873407.00
11/07/2016 2039.00 2039.00 2073.00 2071.00 756946 387672200.00 5536734372.00
12/07/2016 2071.00 2071.00 2099.00 2082.00 966483 474759400.00 6458611044.00
13/07/2016 2082.00 2064.00 2097.00 2095.00 942461 476587500.00 6207611775.00
14/07/2016 2095.00 2095.00 2135.00 2129.00 999999 512983600.00 7714336223.00
15/07/2016 2129.00 2120.00 2135.00 2132.00 888165 437842000.00 6140556014.00
18/07/2016 2132.00 2125.00 2167.00 2166.00 770769 472634300.00 6566306744.00
19/07/2016 2166.00 2159.00 2175.00 2175.00 859450 448835400.00 6472817270.00
20/07/2016 2175.00 2158.00 2183.00 2171.00 733374 470822900.00 6503665546.00
21/07/2016 2171.00 2159.00 2182.00 2173.00 736807 417462500.00 5934049346.00
22/07/2016 2173.00 2170.00 2193.00 2188.00 697713 353578700.00 5088575585.00
25/07/2016 2188.00 2165.00 2195.00 2183.00 697892 377539800.00 5141391104.00
26/07/2016 2183.00 2176.00 2198.00 2179.00 715541 396782100.00 5719457190.00
27/07/2016 2179.00 2179.00 2200.00 2182.00 781961 444922300.00 6225441027.00
28/07/2016 2182.00 2150.00 2182.00 2175.00 766933 440148700.00 6173294753.00
29/07/2016 2175.00 2165.00 2207.00 2202.00 999999 521642000.00 7828111075.00
01/08/2016 2202.00 2181.00 2218.00 2184.00 859745 481555000.00 5957174713.00
02/08/2016 2184.00 2145.00 2191.00 2162.00 859000 449719600.00 6485885318.00
03/08/2016 2162.00 2148.00 2196.00 2195.00 836990 470063600.00 6519645804.00
04/08/2016 2195.00 2195.00 2232.00 2215.00 881732 494847000.00 7149345901.00
05/08/2016 2216.00 2205.00 2229.00 2220.00 730875 393625400.00 5736958224.00
08/08/2016 2220.00 2213.00 2228.00 2218.00 636754 364633400.00 4936086974.00
09/08/2016 2218.00 2217.00 2235.00 2220.00 697527 365596500.00 4972134886.00
10/08/2016 2220.00 2185.00 2230.00 2191.00 688779 416254900.00 5838397472.00
11/08/2016 2191.00 2191.00 2242.00 2242.00 836843 453509000.00 6646957909.00
12/08/2016 2242.00 2231.00 2259.00 2243.00 818832 447094800.00 6640531062.00
15/08/2016 2243.00 2243.00 2279.00 2272.00 753999 406462900.00 5596387423.00
16/08/2016 2272.00 2252.00 2274.00 2262.00 763807 444183700.00 6521504577.00
17/08/2016 2262.00 2233.00 2279.00 2279.00 895243 488755300.00 7359230468.00
18/08/2016 2279.00 2261.00 2282.00 2274.00 705902 440864800.00 5956204454.00
19/08/2016 2274.00 2252.00 2276.00 2270.00 653986 337698300.00 4820160358.00
22/08/2016 2269.00 2215.00 2270.00 2221.00 716311 377712600.00 5271540325.00
23/08/2016 2221.00 2221.00 2249.00 2228.00 730148 428892700.00 6117288665.00
24/08/2016 2228.00 2207.00 2239.00 2217.00 674012 393827500.00 5375545269.00
25/08/2016 2217.00 2214.00 2231.00 2217.00 710785 356888200.00 5162260197.00
26/08/2016 2217.00 2202.00 2253.00 2219.00 933035 436451700.00 6645911411.00
29/08/2016 2219.00 2217.00 2265.00 2252.00 702224 322647500.00 4821500411.00
30/08/2016 2252.00 2240.00 2262.00 2252.00 658879 323168000.00 4840606805.00
31/08/2016 2252.00 2213.00 2264.00 2228.00 932514 474811900.00 7747323441.00
01/09/2016 2228.00 2218.00 2246.00 2241.00 865282 430834500.00 7090392531.00
02/09/2016 2241.00 2241.00 2294.00 2293.00 865281 452492800.00 7000897887.00
05/09/2016 2293.00 2285.00 2306.00 2291.00 440124 210470400.00 3072673470.00
06/09/2016 2291.00 2277.00 2313.00 2313.00 720682 368490200.00 5662298294.00
08/09/2016 2313.00 2299.00 2320.00 2317.00 916998 449334100.00 7052734259.00
09/09/2016 2317.00 2233.00 2317.00 2234.00 968812 461348700.00 7104892837.00
12/09/2016 2234.00 2215.00 2255.00 2255.00 812681 411889900.00 6126730486.00
13/09/2016 2255.00 2175.00 2255.00 2190.00 999999 506076400.00 7466536724.00
14/09/2016 2190.00 2185.00 2208.00 2198.00 788497 383785100.00 5443711259.00
15/09/2016 2199.00 2199.00 2237.00 2229.00 678876 323310000.00 5039031994.00
16/09/2016 2229.00 2187.00 2229.00 2198.00 678742 438714100.00 6896075555.00
19/09/2016 2198.00 2198.00 2233.00 2207.00 619065 313042700.00 4722220909.00
20/09/2016 2207.00 2207.00 2228.00 2222.00 682260 343557400.00 4838835097.00
21/09/2016 2222.00 2207.00 2252.00 2245.00 871109 440385700.00 6631159075.00
22/09/2016 2245.00 2245.00 2286.00 2268.00 811724 401287900.00 6030487268.00
23/09/2016 2268.00 2245.00 2272.00 2256.00 756197 335864300.00 5088023627.00
26/09/2016 2256.00 2226.00 2256.00 2232.00 521431 258569100.00 4047296625.00
27/09/2016 2232.00 2208.00 2247.00 2243.00 736164 345310500.00 5121849017.00
28/09/2016 2243.00 2242.00 2281.00 2279.00 717223 381868700.00 5721172216.00
29/09/2016 2279.00 2240.00 2289.00 2242.00 739116 376401200.00 5652394624.00
30/09/2016 2241.00 2238.00 2261.00 2241.00 737964 336053300.00 5613374095.00
03/10/2016 2241.00 2241.00 2284.00 2282.00 736693 321212000.00 5434385416.00
04/10/2016 2282.00 2261.00 2286.00 2278.00 815778 441198400.00 7140258905.00
05/10/2016 2278.00 2278.00 2319.00 2311.00 707122 393511900.00 6187140522.00
06/10/2016 2311.00 2304.00 2329.00 2326.00 710546 400838400.00 6236205222.00
07/10/2016 2326.00 2320.00 2349.00 2342.00 845282 486975300.00 7605513695.00
10/10/2016 2342.00 2342.00 2367.00 2363.00 668145 342340700.00 5920487851.00
11/10/2016 2363.00 2334.00 2363.00 2339.00 798641 408013400.00 7085382793.00
13/10/2016 2339.00 2312.00 2351.00 2344.00 999999 573264000.00 9900534585.00
14/10/2016 2344.00 2344.00 2377.00 2367.00 924460 433458900.00 8005932054.00
17/10/2016 2367.00 2365.00 2401.00 2401.00 836315 393586500.00 7137530700.00
18/10/2016 2401.00 2401.00 2446.00 2441.00 999999 499797700.00 8811675538.00
19/10/2016 2441.00 2422.00 2453.00 2430.00 757229 458874700.00 7224012710.00
20/10/2016 2429.00 2401.00 2445.00 2442.00 783129 423512600.00 6803189152.00
21/10/2016 2442.00 2426.00 2462.00 2452.00 736486 458892000.00 7022332801.00
24/10/2016 2453.00 2446.00 2474.00 2451.00 754577 434074100.00 6638088909.00
25/10/2016 2451.00 2419.00 2458.00 2443.00 820886 467627700.00 7373657622.00
26/10/2016 2443.00 2415.00 2444.00 2441.00 860898 493289200.00 8121405521.00
27/10/2016 2441.00 2441.00 2471.00 2457.00 829629 429944700.00 7425177019.00
28/10/2016 2457.00 2441.00 2475.00 2460.00 840024 454188200.00 7310395427.00
31/10/2016 2460.00 2460.00 2487.00 2482.00 930166 465119900.00 7831089685.00
01/11/2016 2482.00 2411.00 2496.00 2422.00 999999 530939400.00 8737135793.00
03/11/2016 2422.00 2363.00 2428.00 2363.00 999999 477195300.00 8011408774.00
04/11/2016 2363.00 2353.00 2396.00 2356.00 989269 485159300.00 7926699564.00
07/11/2016 2356.00 2356.00 2450.00 2444.00 808464 398115300.00 6497668076.00
08/11/2016 2444.00 2421.00 2470.00 2448.00 793745 394091700.00 6470522741.00
09/11/2016 2448.00 2359.00 2453.00 2414.00 999999 642371600.00 10357935390.00
10/11/2016 2414.00 2310.00 2437.00 2333.00 999999 870230900.00 14906068562.00
11/11/2016 2333.00 2245.00 2346.00 2258.00 999999 876077600.00 14760764976.00
14/11/2016 2258.00 2225.00 2286.00 2273.00 999999 631551200.00 9665095217.00
16/11/2016 2273.00 2261.00 2320.00 2316.00 999999 555922400.00 9263258382.00
17/11/2016 2316.00 2279.00 2342.00 2280.00 959694 421100800.00 7324811332.00
18/11/2016 2280.00 2264.00 2295.00 2287.00 870163 410200400.00 6544292466.00
21/11/2016 2287.00 2287.00 2327.00 2327.00 879074 414034700.00 6866524238.00
22/11/2016 2327.00 2327.00 2380.00 2357.00 962008 473820400.00 7931836489.00
23/11/2016 2357.00 2330.00 2359.00 2357.00 850015 418335200.00 6347591280.00
24/11/2016 2358.00 2338.00 2362.00 2338.00 355430 202885600.00 2821627437.00
25/11/2016 2338.00 2308.00 2343.00 2343.00 584902 324327200.00 5031738254.00
28/11/2016 2343.00 2332.00 2392.00 2388.00 756824 330235000.00 5745136327.00
29/11/2016 2389.00 2323.00 2389.00 2323.00 793049 397351800.00 7115631975.00
30/11/2016 2323.00 2323.00 2380.00 2357.00 920036 612016700.00 10827093687.00
01/12/2016 2357.00 2251.00 2357.00 2267.00 999999 616425800.00 10854965870.00
02/12/2016 2266.00 2214.00 2296.00 2293.00 999999 505569600.00 8195955218.00
05/12/2016 2294.00 2269.00 2308.00 2276.00 749555 332812300.00 5499009541.00
06/12/2016 2276.00 2260.00 2326.00 2321.00 947055 418657600.00 7035968228.00
07/12/2016 2321.00 2320.00 2350.00 2332.00 975931 447083300.00 7502588445.00
08/12/2016 2332.00 2300.00 2351.00 2307.00 808485 348184500.00 5949358100.00
09/12/2016 2308.00 2294.00 2324.00 2302.00 850720 387244900.00 6908400778.00
12/12/2016 2302.00 2248.00 2302.00 2253.00 794822 367811200.00 6217990311.00
13/12/2016 2253.00 2240.00 2282.00 2258.00 999403 422292400.00 6988937171.00
14/12/2016 2258.00 2220.00 2260.00 2220.00 991093 467439400.00 7614063157.00
15/12/2016 2220.00 2196.00 2235.00 2227.00 970206 419637500.00 6812059907.00
16/12/2016 2227.00 2227.00 2261.00 2228.00 741992 436040500.00 7370770025.00
19/12/2016 2228.00 2183.00 2236.00 2183.00 707704 396339100.00 6492073672.00
20/12/2016 2183.00 2178.00 2210.00 2197.00 740685 321132900.00 5406129675.00
21/12/2016 2197.00 2184.00 2214.00 2200.00 624554 287829600.00 4693483543.00
22/12/2016 2200.00 2171.00 2200.00 2187.00 709463 331031300.00 5461844381.00
23/12/2016 2187.00 2187.00 2220.00 2212.00 567226 252845400.00 4305676801.00
26/12/2016 2212.00 2212.00 2243.00 2237.00 204342 84929400.00 1339314566.00
27/12/2016 2237.00 2229.00 2253.00 2240.00 469153 191330700.00 3092508309.00
28/12/2016 2240.00 2240.00 2285.00 2281.00 547910 235365400.00 3881067911.00
29/12/2016 2281.00 2262.00 2299.00 2298.00 593020 266138700.00 4559118783.00
02/01/2017 2298.00 2267.00 2298.00 2276.00 281322 110185500.00 1680825389.00
03/01/2017 2277.00 2277.00 2357.00 2357.00 861255 410764000.00 6798710243.00
04/01/2017 2356.00 2340.00 2363.00 2351.00 731881 354048600.00 5512306910.00
05/01/2017 2351.00 2351.00 2381.00 2369.00 803578 403625900.00 6503483576.00
06/01/2017 2369.00 2344.00 2369.00 2354.00 660838 290328800.00 4720475146.00
09/01/2017 2354.00 2341.00 2370.00 2355.00 667203 294821500.00 5181496948.00
10/01/2017 2356.00 2356.00 2382.00 2370.00 660613 325195000.00 5555033752.00
11/01/2017 2370.00 2352.00 2390.00 2380.00 772329 388422400.00 6115172329.00
12/01/2017 2380.00 2380.00 2451.00 2438.00 999999 560399300.00 9723903334.00
13/01/2017 2438.00 2417.00 2443.00 2427.00 808176 346789600.00 5932905649.00
16/01/2017 2427.00 2424.00 2440.00 2434.00 502621 249054300.00 3694840622.00
17/01/2017 2434.00 2422.00 2465.00 2455.00 849795 412770000.00 6517983273.00
18/01/2017 2455.00 2442.00 2466.00 2446.00 765959 414391500.00 6709305198.00
19/01/2017 2445.00 2423.00 2455.00 2436.00 799314 383198400.00 6418490901.00
20/01/2017 2436.00 2436.00 2464.00 2459.00 818904 422317100.00 7190442884.00
23/01/2017 2458.00 2458.00 2505.00 2503.00 803400 364326800.00 6400116484.00
24/01/2017 2503.00 2499.00 2519.00 2507.00 867541 466689700.00 8328262719.00
26/01/2017 2507.00 2507.00 2537.00 2523.00 918767 437201100.00 8262409289.00
27/01/2017 2523.00 2511.00 2525.00 2516.00 706688 322055600.00 5795003939.00
30/01/2017 2516.00 2448.00 2516.00 2452.00 748221 289820700.00 5058757380.00
31/01/2017 2452.00 2452.00 2474.00 2467.00 776446 339190300.00 5830379295.00
01/02/2017 2467.00 2467.00 2500.00 2473.00 840557 409782300.00 7172278392.00
02/02/2017 2473.00 2449.00 2485.00 2465.00 792476 366733200.00 6553225906.00
03/02/2017 2466.00 2455.00 2497.00 2481.00 990178 434786200.00 7809780097.00
06/02/2017 2481.00 2444.00 2495.00 2447.00 809123 332622900.00 5766819030.00
07/02/2017 2447.00 2445.00 2475.00 2455.00 702581 350305300.00 6473606311.00
08/02/2017 2455.00 2438.00 2479.00 2479.00 798998 376464700.00 6966147782.00
09/02/2017 2479.00 2469.00 2496.00 2485.00 775359 338604000.00 6450855839.00
10/02/2017 2485.00 2484.00 2533.00 2527.00 891678 415478500.00 7886232022.00
13/02/2017 2527.00 2527.00 2562.00 2558.00 927509 382256100.00 7441409374.00
14/02/2017 2558.00 2531.00 2562.00 2548.00 903087 417830400.00 7824829445.00
15/02/2017 2548.00 2548.00 2597.00 2595.00 999999 506245900.00 10083554629.00
16/02/2017 2595.00 2584.00 2613.00 2591.00 883927 426455900.00 8471901781.00
17/02/2017 2591.00 2566.00 2591.00 2588.00 726558 355497700.00 6659741414.00
20/02/2017 2589.00 2589.00 2622.00 2617.00 541266 271404700.00 5438869172.00
21/02/2017 2617.00 2617.00 2638.00 2637.00 873996 390990100.00 7540673045.00
22/02/2017 2637.00 2608.00 2637.00 2618.00 962284 427072700.00 8010650523.00
23/02/2017 2618.00 2571.00 2652.00 2579.00 999999 493503100.00 9461997149.00
24/02/2017 2579.00 2542.00 2579.00 2550.00 953249 382148000.00 7430382799.00
01/03/2017 2550.00 2550.00 2576.00 2563.00 833389 292538400.00 5654651526.00
02/03/2017 2563.00 2513.00 2565.00 2522.00 981188 381343100.00 7390482421.00
03/03/2017 2522.00 2522.00 2556.00 2555.00 769844 318366000.00 6299363797.00
06/03/2017 2555.00 2533.00 2560.00 2542.00 823871 392616500.00 7301613833.00
07/03/2017 2542.00 2518.00 2552.00 2521.00 799507 342761300.00 6616260465.00
08/03/2017 2521.00 2473.00 2523.00 2481.00 924755 446991600.00 7505745216.00
09/03/2017 2481.00 2460.00 2491.00 2473.00 959350 452553300.00 7959113612.00
10/03/2017 2473.00 2469.00 2514.00 2477.00 875178 422097400.00 7764846524.00
13/03/2017 2477.00 2477.00 2514.00 2510.00 713391 271494500.00 5146086418.00
14/03/2017 2509.00 2480.00 2511.00 2480.00 786547 349086400.00 6505935971.00
15/03/2017 2480.00 2472.00 2538.00 2534.00 945617 450775000.00 8675624710.00
16/03/2017 2534.00 2510.00 2546.00 2519.00 804009 349410400.00 6843382582.00
17/03/2017 2519.00 2458.00 2534.00 2461.00 999999 626037500.00 11544758045.00
20/03/2017 2461.00 2440.00 2492.00 2483.00 988745 447486600.00 8204549203.00
21/03/2017 2483.00 2406.00 2486.00 2414.00 999999 447237700.00 8072266712.00
22/03/2017 2414.00 2395.00 2442.00 2434.00 999999 472332000.00 8417638049.00
23/03/2017 2434.00 2410.00 2450.00 2436.00 844138 402799700.00 8133853955.00
24/03/2017 2436.00 2433.00 2452.00 2447.00 758966 331156000.00 6678672810.00
27/03/2017 2446.00 2417.00 2464.00 2462.00 815082 320596100.00 5911304630.00
28/03/2017 2462.00 2453.00 2482.00 2474.00 789526 386649900.00 7395506824.00
29/03/2017 2474.00 2468.00 2507.00 2507.00 892020 426176000.00 8899324851.00
30/03/2017 2507.00 2490.00 2516.00 2497.00 657826 287050100.00 5358011566.00
31/03/2017 2497.00 2483.00 2510.00 2488.00 737425 323228300.00 6192195826.00
03/04/2017 2489.00 2481.00 2503.00 2498.00 647922 336552600.00 6033823936.00
04/04/2017 2498.00 2489.00 2518.00 2517.00 585757 259141400.00 5002820062.00
05/04/2017 2517.00 2472.00 2533.00 2482.00 929674 361834900.00 6977026255.00
06/04/2017 2482.00 2444.00 2486.00 2461.00 858647 346920000.00 6487626378.00
07/04/2017 2460.00 2453.00 2496.00 2475.00 847373 336646600.00 6279462787.00
10/04/2017 2475.00 2457.00 2487.00 2476.00 595619 350038900.00 6645728506.00
11/04/2017 2476.00 2429.00 2484.00 2467.00 869749 378134500.00 7074577963.00
12/04/2017 2467.00 2447.00 2470.00 2449.00 888132 506848500.00 9329653915.00
13/04/2017 2449.00 2412.00 2453.00 2412.00 717374 370259000.00 6525348710.00
17/04/2017 2412.00 2412.00 2471.00 2468.00 709089 360264300.00 6529165889.00
18/04/2017 2468.00 2446.00 2477.00 2462.00 801947 367669500.00 6570434127.00
19/04/2017 2462.00 2428.00 2477.00 2436.00 796179 354268300.00 6248751616.00
20/04/2017 2436.00 2433.00 2461.00 2446.00 712784 346916600.00 6064235751.00
24/04/2017 2446.00 2446.00 2483.00 2469.00 830423 369542600.00 7125382495.00
25/04/2017 2468.00 2450.00 2497.00 2497.00 798168 366025000.00 6816904216.00
26/04/2017 2497.00 2480.00 2507.00 2487.00 813520 381114600.00 6929996967.00
27/04/2017 2487.00 2466.00 2504.00 2481.00 734974 364766200.00 7242618983.00
28/04/2017 2481.00 2478.00 2511.00 2511.00 749761 374274900.00 7138083858.00
02/05/2017 2511.00 2511.00 2568.00 2561.00 999999 443480600.00 8558437730.00
03/05/2017 2562.00 2533.00 2564.00 2541.00 907944 425000900.00 7921512037.00
04/05/2017 2541.00 2492.00 2542.00 2497.00 999999 445761800.00 8296247726.00
05/05/2017 2497.00 2497.00 2531.00 2529.00 740934 342039200.00 6044997596.00
08/05/2017 2529.00 2514.00 2541.00 2524.00 710376 288503100.00 5174097298.00
09/05/2017 2524.00 2524.00 2561.00 2552.00 772799 358897300.00 6094801965.00
10/05/2017 2552.00 2552.00 2599.00 2592.00 991834 416175500.00 7732866885.00
11/05/2017 2592.00 2587.00 2606.00 2601.00 805789 376653800.00 7266394907.00
12/05/2017 2601.00 2601.00 2633.00 2624.00 980248 463983400.00 8895062625.00
15/05/2017 2625.00 2619.00 2637.00 2633.00 831041 400982700.00 7602528674.00
16/05/2017 2633.00 2621.00 2646.00 2643.00 999999 452029000.00 8394878182.00
17/05/2017 2642.00 2587.00 2642.00 2600.00 999999 400387200.00 7336650171.00
18/05/2017 2600.00 2331.00 2600.00 2371.00 999999 1299137900.00 22507920485.00
19/05/2017 2371.00 2371.00 2442.00 2412.00 999999 729849500.00 12466643618.00
22/05/2017 2412.00 2345.00 2412.00 2373.00 999999 689612000.00 11171296180.00
23/05/2017 2373.00 2373.00 2416.00 2413.00 999999 559618500.00 8676114391.00
24/05/2017 2413.00 2413.00 2464.00 2436.00 999999 513417500.00 8522284357.00
25/05/2017 2436.00 2419.00 2464.00 2435.00 948052 476065700.00 7745790698.00
26/05/2017 2435.00 2435.00 2472.00 2469.00 910508 458193700.00 7756318095.00
29/05/2017 2468.00 2449.00 2468.00 2457.00 512065 199232100.00 3356535987.00
30/05/2017 2457.00 2456.00 2469.00 2464.00 675446 276811100.00 4777310972.00
31/05/2017 2464.00 2418.00 2465.00 2419.00 999999 578313800.00 10667428351.00
01/06/2017 2419.00 2398.00 2441.00 2403.00 917880 391952800.00 6663544637.00
02/06/2017 2403.00 2398.00 2421.00 2412.00 818244 343056100.00 6023918664.00
05/06/2017 2412.00 2393.00 2422.00 2409.00 741769 293732500.00 5211254757.00
06/06/2017 2409.00 2408.00 2440.00 2428.00 791996 374063700.00 6226225169.00
07/06/2017 2428.00 2427.00 2453.00 2438.00 887090 346453900.00 6091798554.00
08/06/2017 2438.00 2408.00 2438.00 2422.00 810755 325831200.00 5736604222.00
09/06/2017 2422.00 2397.00 2434.00 2402.00 936099 375418500.00 6629734935.00
12/06/2017 2402.00 2367.00 2404.00 2383.00 860027 353540000.00 6199731556.00
13/06/2017 2383.00 2376.00 2395.00 2389.00 673741 294806400.00 5472588030.00
14/06/2017 2389.00 2377.00 2412.00 2393.00 973030 498278700.00 9216818629.00
16/06/2017 2392.00 2369.00 2392.00 2384.00 842142 585650200.00 10720340317.00
