20/06/2016 8335.00 8335.00 8541.00 8464.00 598932 327314300.00 4664659958.00
21/06/2016 8464.00 8355.00 8552.00 8547.00 524881 318143900.00 4527657066.00
22/06/2016 8546.00 8415.00 8611.00 8431.00 602381 347270800.00 4744408850.00
23/06/2016 8431.00 8431.00 8685.00 8665.00 528541 305412800.00 4046722278.00
24/06/2016 8665.00 8331.00 8665.00 8426.00 693403 397433600.00 5459140194.00
27/06/2016 8426.00 8232.00 8436.00 8281.00 576408 316730300.00 4372301202.00
28/06/2016 8282.00 8282.00 8456.00 8406.00 578616 325033300.00 4508828693.00
29/06/2016 8406.00 8406.00 8610.00 8573.00 625494 385435900.00 5983977288.00
30/06/2016 8573.00 8504.00 8677.00 8663.00 618554 422607700.00 6472741758.00
01/07/2016 8665.00 8642.00 8801.00 8781.00 600122 395220400.00 5867449513.00
04/07/2016 8783.00 8783.00 8891.00 8829.00 348652 183083500.00 2600843893.00
05/07/2016 8829.00 8655.00 8829.00 8712.00 554597 298569000.00 4177923756.00
06/07/2016 8712.00 8540.00 8723.00 8722.00 496629 314277700.00 4080670851.00
07/07/2016 8722.00 8719.00 8858.00 8740.00 618804 353668300.00 4918662530.00
08/07/2016 8741.00 8741.00 8932.00 8928.00 547553 282335400.00 4531850559.00
11/07/2016 8929.00 8929.00 9072.00 9062.00 551031 304426500.00 4630474944.00
12/07/2016 9064.00 9064.00 9198.00 9116.00 713423 377836300.00 5465735949.00
13/07/2016 9116.00 9025.00 9179.00 9171.00 676171 378763800.00 5206589296.00
14/07/2016 9172.00 9172.00 9345.00 9320.00 818035 426577300.00 6756282992.00
15/07/2016 9320.00 9273.00 9343.00 9331.00 660151 349382100.00 5180731485.00
18/07/2016 9330.00 9291.00 9486.00 9482.00 565301 385530600.00 5580743833.00
19/07/2016 9482.00 9441.00 9515.00 9515.00 636915 360588600.00 5545833067.00
20/07/2016 9516.00 9435.00 9554.00 9497.00 542746 360580600.00 5422680959.00
21/07/2016 9498.00 9438.00 9550.00 9506.00 536662 334883400.00 5048797597.00
22/07/2016 9506.00 9483.00 9592.00 9562.00 497583 276144700.00 4131301402.00
25/07/2016 9563.00 9462.00 9596.00 9541.00 477590 292491700.00 4159763908.00
26/07/2016 9542.00 9512.00 9614.00 9525.00 535873 322417400.00 4867707954.00
27/07/2016 9526.00 9526.00 9626.00 9541.00 571954 357377400.00 5231402264.00
28/07/2016 9541.00 9396.00 9541.00 9510.00 563603 371481700.00 5294545045.00
29/07/2016 9509.00 9450.00 9641.00 9612.00 758172 428217500.00 6721595771.00
01/08/2016 9612.00 9504.00 9681.00 9517.00 643696 399223900.00 5039774479.00
02/08/2016 9517.00 9341.00 9556.00 9419.00 647691 380055700.00 5622537851.00
03/08/2016 9418.00 9358.00 9572.00 9566.00 627376 394699800.00 5605474196.00
04/08/2016 9567.00 9567.00 9726.00 9651.00 646221 407887800.00 6033559311.00
05/08/2016 9654.00 9603.00 9712.00 9664.00 537286 320563100.00 4796112296.00
08/08/2016 9663.00 9637.00 9712.00 9667.00 453964 306339500.00 4170047880.00
09/08/2016 9667.00 9660.00 9742.00 9673.00 509876 296606300.00 4175692289.00
10/08/2016 9673.00 9511.00 9718.00 9542.00 502811 343493600.00 4945352523.00
11/08/2016 9543.00 9543.00 9773.00 9772.00 609402 362682600.00 5594738231.00
12/08/2016 9772.00 9724.00 9849.00 9778.00 608003 360094000.00 5659921586.00
15/08/2016 9781.00 9781.00 9952.00 9922.00 567644 332561300.00 4722301776.00
16/08/2016 9922.00 9829.00 9931.00 9876.00 570609 373191500.00 5560537609.00
17/08/2016 9875.00 9748.00 9953.00 9953.00 674504 397661500.00 6314420461.00
18/08/2016 9953.00 9867.00 9967.00 9924.00 512435 338748700.00 4981044309.00
19/08/2016 9923.00 9828.00 9931.00 9906.00 479310 250557600.00 4007702533.00
22/08/2016 9903.00 9659.00 9906.00 9685.00 530704 296268400.00 4462747441.00
23/08/2016 9685.00 9685.00 9822.00 9725.00 535846 348824300.00 5267984155.00
24/08/2016 9725.00 9629.00 9774.00 9670.00 473243 304255100.00 4482988882.00
25/08/2016 9670.00 9656.00 9740.00 9671.00 509505 285774400.00 4363872133.00
26/08/2016 9671.00 9595.00 9826.00 9671.00 691096 350747900.00 5542282256.00
29/08/2016 9672.00 9658.00 9876.00 9819.00 529948 262860600.00 4099424360.00
30/08/2016 9819.00 9766.00 9864.00 9815.00 487818 259740900.00 4055736853.00
31/08/2016 9816.00 9638.00 9871.00 9701.00 726029 394716900.00 6740727511.00
01/09/2016 9702.00 9654.00 9787.00 9756.00 677291 360027600.00 6239818938.00
02/09/2016 9756.00 9756.00 9995.00 9985.00 660309 358488300.00 5908872570.00
05/09/2016 9985.00 9949.00 10047.00 9976.00 334808 174687200.00 2617571036.00
06/09/2016 9976.00 9912.00 10070.00 10070.00 549156 309694800.00 4853725803.00
08/09/2016 10070.00 10008.00 10105.00 10092.00 700380 380160600.00 6182420697.00
09/09/2016 10090.00 9713.00 10090.00 9720.00 763685 390406400.00 6183180007.00
12/09/2016 9720.00 9639.00 9820.00 9818.00 619496 346129100.00 5301134927.00
13/09/2016 9817.00 9463.00 9817.00 9524.00 863227 432154200.00 6590823890.00
14/09/2016 9522.00 9503.00 9612.00 9563.00 602217 323737800.00 4746612493.00
15/09/2016 9565.00 9565.00 9742.00 9706.00 527247 280275900.00 4470714481.00
16/09/2016 9706.00 9518.00 9706.00 9565.00 510894 365845000.00 5894644234.00
19/09/2016 9565.00 9565.00 9724.00 9611.00 449911 259760000.00 4044137726.00
20/09/2016 9612.00 9612.00 9705.00 9676.00 522021 293581300.00 4179450284.00
21/09/2016 9676.00 9609.00 9816.00 9786.00 680645 384412600.00 5836561125.00
22/09/2016 9788.00 9788.00 9964.00 9887.00 606197 326077800.00 5090377175.00
23/09/2016 9887.00 9791.00 9912.00 9839.00 553161 271715700.00 4314485227.00
26/09/2016 9839.00 9705.00 9839.00 9731.00 373092 204242800.00 3377622457.00
27/09/2016 9734.00 9623.00 9805.00 9787.00 544187 288149200.00 4419514833.00
28/09/2016 9786.00 9780.00 9959.00 9948.00 530880 315009200.00 4892935796.00
29/09/2016 9946.00 9771.00 9993.00 9780.00 565131 315082400.00 4878178619.00
30/09/2016 9779.00 9766.00 9874.00 9784.00 572575 280608800.00 4823625962.00
03/10/2016 9784.00 9784.00 9980.00 9966.00 567614 270726900.00 4741176213.00
04/10/2016 9966.00 9872.00 9986.00 9947.00 647305 387425600.00 6424533180.00
05/10/2016 9947.00 9947.00 10136.00 10099.00 537939 331568800.00 5427461437.00
06/10/2016 10099.00 10070.00 10180.00 10167.00 545062 345210800.00 5534326773.00
07/10/2016 10167.00 10136.00 10270.00 10242.00 667702 415094500.00 6721465709.00
10/10/2016 10245.00 10245.00 10352.00 10336.00 507913 285425900.00 5145583238.00
11/10/2016 10336.00 10202.00 10336.00 10225.00 633732 352477700.00 6219758138.00
13/10/2016 10223.00 10093.00 10274.00 10238.00 839183 483005700.00 8553287571.00
14/10/2016 10239.00 10239.00 10391.00 10346.00 717696 362365200.00 7087873011.00
17/10/2016 10347.00 10337.00 10506.00 10506.00 641601 327975800.00 6233606449.00
18/10/2016 10507.00 10507.00 10709.00 10682.00 784427 417459900.00 7617289027.00
19/10/2016 10682.00 10602.00 10734.00 10635.00 537223 355809500.00 5966742563.00
20/10/2016 10633.00 10503.00 10705.00 10690.00 588339 339546000.00 5815899652.00
21/10/2016 10690.00 10614.00 10782.00 10738.00 526677 353560700.00 5729913084.00
24/10/2016 10743.00 10705.00 10836.00 10730.00 559432 360649100.00 5709619974.00
25/10/2016 10730.00 10592.00 10764.00 10694.00 622874 383547000.00 6368887869.00
26/10/2016 10692.00 10561.00 10701.00 10687.00 650697 421438700.00 7153082901.00
27/10/2016 10687.00 10687.00 10820.00 10759.00 630171 354343800.00 6358962416.00
28/10/2016 10760.00 10678.00 10839.00 10767.00 643623 375500100.00 6349372300.00
31/10/2016 10767.00 10767.00 10892.00 10870.00 702413 374102000.00 6663899013.00
01/11/2016 10869.00 10550.00 10929.00 10602.00 801684 441668300.00 7457379462.00
03/11/2016 10601.00 10335.00 10634.00 10335.00 789647 407538900.00 7091446135.00
04/11/2016 10335.00 10291.00 10492.00 10308.00 779633 393737500.00 6416369235.00
07/11/2016 10308.00 10308.00 10738.00 10714.00 624326 329098100.00 5624225369.00
08/11/2016 10714.00 10604.00 10834.00 10732.00 599412 322955000.00 5427190226.00
09/11/2016 10732.00 10342.00 10766.00 10580.00 892175 560609400.00 9298310617.00
10/11/2016 10580.00 10130.00 10686.00 10241.00 999999 751358000.00 13333669177.00
11/11/2016 10240.00 9862.00 10314.00 9905.00 999999 743539500.00 13208293198.00
14/11/2016 9905.00 9761.00 10033.00 9983.00 999999 531725900.00 8527781779.00
16/11/2016 9983.00 9937.00 10194.00 10168.00 923308 448557400.00 7869754580.00
17/11/2016 10168.00 10001.00 10291.00 10005.00 725347 346077600.00 6422772998.00
18/11/2016 10005.00 9929.00 10075.00 10034.00 655483 335901800.00 5687865506.00
21/11/2016 10034.00 10034.00 10214.00 10214.00 673713 342338900.00 5988370119.00
22/11/2016 10215.00 10215.00 10459.00 10362.00 717733 388252100.00 6836708371.00
23/11/2016 10362.00 10241.00 10379.00 10369.00 631352 339543000.00 5383792428.00
24/11/2016 10371.00 10270.00 10388.00 10272.00 258148 159451000.00 2431651400.00
25/11/2016 10272.00 10136.00 10297.00 10297.00 439024 262233100.00 4349737968.00
28/11/2016 10297.00 10244.00 10527.00 10514.00 564827 270561100.00 4925206015.00
29/11/2016 10514.00 10204.00 10514.00 10205.00 599601 334870900.00 6189453345.00
30/11/2016 10207.00 10207.00 10472.00 10356.00 670790 453466200.00 8221595714.00
01/12/2016 10356.00 9887.00 10358.00 9963.00 999999 522779700.00 9615213152.00
02/12/2016 9961.00 9724.00 10106.00 10095.00 889594 425544600.00 7242689348.00
05/12/2016 10096.00 9983.00 10165.00 10015.00 571567 280016000.00 4819540148.00
06/12/2016 10014.00 9939.00 10245.00 10220.00 752212 354842100.00 6204740551.00
07/12/2016 10223.00 10212.00 10355.00 10269.00 734297 363971000.00 6429899466.00
08/12/2016 10271.00 10113.00 10355.00 10142.00 627924 287900400.00 5226041700.00
09/12/2016 10144.00 10085.00 10219.00 10116.00 649366 324313000.00 6051867141.00
12/12/2016 10118.00 9870.00 10118.00 9896.00 637985 309501000.00 5440877995.00
13/12/2016 9896.00 9830.00 10025.00 9916.00 774476 350668000.00 6133376627.00
14/12/2016 9916.00 9737.00 9927.00 9737.00 769022 381288000.00 6538567586.00
15/12/2016 9737.00 9632.00 9807.00 9766.00 753186 352733800.00 5965328846.00
16/12/2016 9767.00 9760.00 9916.00 9764.00 546215 362175600.00 6331511988.00
19/12/2016 9764.00 9549.00 9799.00 9549.00 534270 332837200.00 5605624992.00
20/12/2016 9550.00 9536.00 9684.00 9627.00 553413 262001600.00 4634937550.00
21/12/2016 9627.00 9565.00 9704.00 9635.00 476688 242474400.00 4102214151.00
22/12/2016 9635.00 9498.00 9635.00 9571.00 539874 279187500.00 4808320088.00
23/12/2016 9571.00 9571.00 9719.00 9685.00 438824 212116400.00 3794722993.00
26/12/2016 9685.00 9685.00 9826.00 9799.00 145189 65739300.00 1115669982.00
27/12/2016 9800.00 9763.00 9873.00 9812.00 361801 158247200.00 2730133287.00
28/12/2016 9810.00 9810.00 10013.00 9991.00 417997 192390100.00 3382603123.00
29/12/2016 9991.00 9908.00 10071.00 10066.00 421075 204983900.00 3785987375.00
02/01/2017 10066.00 9922.00 10066.00 9959.00 199355 78712000.00 1367416471.00
03/01/2017 9966.00 9966.00 10329.00 10329.00 650441 326910800.00 5899545320.00
04/01/2017 10328.00 10239.00 10349.00 10286.00 518513 275401100.00 4636192983.00
05/01/2017 10286.00 10286.00 10426.00 10368.00 586780 323942600.00 5566551898.00
06/01/2017 10368.00 10257.00 10368.00 10303.00 474106 225382300.00 3969975168.00
09/01/2017 10305.00 10243.00 10376.00 10307.00 482721 240804600.00 4455427712.00
10/01/2017 10308.00 10308.00 10432.00 10379.00 476624 253882000.00 4775046901.00
11/01/2017 10379.00 10303.00 10469.00 10429.00 569198 308273600.00 5271924506.00
12/01/2017 10430.00 10430.00 10743.00 10672.00 938962 437315500.00 8237429660.00
13/01/2017 10669.00 10570.00 10695.00 10617.00 571881 258522600.00 4920286278.00
16/01/2017 10617.00 10598.00 10675.00 10644.00 331814 169172600.00 3002439876.00
17/01/2017 10643.00 10582.00 10780.00 10729.00 594592 285881800.00 5371721794.00
18/01/2017 10730.00 10683.00 10784.00 10698.00 550559 289361100.00 5479361403.00
19/01/2017 10697.00 10608.00 10751.00 10671.00 545970 274163800.00 5220060349.00
20/01/2017 10671.00 10671.00 10792.00 10763.00 593755 323705800.00 6154822926.00
23/01/2017 10761.00 10760.00 10975.00 10962.00 610944 292637300.00 5577763309.00
24/01/2017 10963.00 10942.00 11036.00 10979.00 666165 379017100.00 7286990914.00
26/01/2017 10979.00 10979.00 11105.00 11038.00 697210 341247000.00 7068698089.00
27/01/2017 11039.00 10985.00 11046.00 11013.00 514400 251565000.00 4878942529.00
30/01/2017 11011.00 10703.00 11012.00 10726.00 557014 217960200.00 4224581996.00
31/01/2017 10728.00 10723.00 10824.00 10783.00 585365 267654100.00 4932224695.00
01/02/2017 10786.00 10786.00 10937.00 10806.00 621418 308682500.00 5968468653.00
02/02/2017 10805.00 10688.00 10851.00 10758.00 587850 286570900.00 5615757888.00
03/02/2017 10758.00 10704.00 10892.00 10821.00 770389 332757900.00 6567967923.00
06/02/2017 10821.00 10648.00 10883.00 10658.00 596223 245111700.00 4814619196.00
07/02/2017 10663.00 10648.00 10795.00 10692.00 501569 265220800.00 5364702999.00
08/02/2017 10693.00 10616.00 10797.00 10797.00 586872 301418100.00 5968487467.00
09/02/2017 10799.00 10753.00 10873.00 10816.00 562033 253196300.00 5266776534.00
10/02/2017 10815.00 10809.00 11027.00 10999.00 660127 334059900.00 6707644884.00
13/02/2017 10999.00 10999.00 11156.00 11133.00 702476 303845700.00 6317962262.00
14/02/2017 11134.00 11020.00 11163.00 11098.00 671352 329835600.00 6619205646.00
15/02/2017 11101.00 11101.00 11313.00 11308.00 953822 403616400.00 8570889989.00
16/02/2017 11308.00 11257.00 11389.00 11283.00 641656 349780400.00 7273778681.00
17/02/2017 11283.00 11174.00 11283.00 11272.00 520659 275148800.00 5466913579.00
20/02/2017 11273.00 11273.00 11420.00 11397.00 378812 206375900.00 4429095792.00
21/02/2017 11397.00 11397.00 11496.00 11488.00 613979 294063100.00 6097629205.00
22/02/2017 11487.00 11362.00 11487.00 11416.00 678363 325875400.00 6561377898.00
23/02/2017 11416.00 11197.00 11563.00 11227.00 860010 381754700.00 7933637064.00
24/02/2017 11226.00 11058.00 11226.00 11089.00 670539 293190500.00 6054615299.00
01/03/2017 11089.00 11089.00 11212.00 11138.00 599106 228722400.00 4633936614.00
02/03/2017 11140.00 10909.00 11147.00 10954.00 720586 298432100.00 6072047954.00
03/03/2017 10955.00 10955.00 11111.00 11108.00 571934 256934200.00 5317423259.00
06/03/2017 11108.00 10997.00 11126.00 11035.00 632203 329946600.00 6353396018.00
07/03/2017 11035.00 10924.00 11083.00 10935.00 602516 283737400.00 5634473818.00
08/03/2017 10936.00 10733.00 10949.00 10769.00 695226 367449500.00 6324369058.00
09/03/2017 10769.00 10683.00 10831.00 10751.00 699454 347456400.00 6484078969.00
10/03/2017 10752.00 10738.00 10942.00 10771.00 638272 335674300.00 6479655703.00
13/03/2017 10771.00 10771.00 10930.00 10912.00 517985 214198800.00 4297013841.00
14/03/2017 10909.00 10774.00 10916.00 10774.00 595800 278915500.00 5497091507.00
15/03/2017 10774.00 10748.00 11044.00 11030.00 720487 364777300.00 7404385481.00
16/03/2017 11030.00 10912.00 11085.00 10955.00 598011 279179800.00 5818912570.00
17/03/2017 10955.00 10687.00 11025.00 10695.00 891933 513628400.00 10014802581.00
20/03/2017 10695.00 10602.00 10846.00 10808.00 730473 354609500.00 7038781411.00
21/03/2017 10808.00 10461.00 10821.00 10493.00 915651 362364300.00 6957376950.00
22/03/2017 10493.00 10414.00 10620.00 10584.00 904173 401049000.00 7411246034.00
23/03/2017 10583.00 10470.00 10654.00 10586.00 641251 336463900.00 7120936453.00
24/03/2017 10590.00 10575.00 10664.00 10641.00 559040 251228500.00 5199291174.00
27/03/2017 10637.00 10505.00 10729.00 10721.00 588980 259197300.00 4936575728.00
28/03/2017 10721.00 10685.00 10823.00 10789.00 592807 323787500.00 6332091030.00
29/03/2017 10788.00 10760.00 10947.00 10944.00 659885 341002700.00 7672655796.00
30/03/2017 10946.00 10865.00 10986.00 10897.00 475602 227507300.00 4386048628.00
31/03/2017 10897.00 10828.00 10953.00 10849.00 533134 253889700.00 5107470376.00
03/04/2017 10850.00 10816.00 10918.00 10890.00 488757 284219400.00 5235706098.00
04/04/2017 10890.00 10852.00 10983.00 10982.00 444161 204897400.00 4147690850.00
05/04/2017 10983.00 10774.00 11057.00 10822.00 671092 290231100.00 5787147145.00
06/04/2017 10822.00 10656.00 10850.00 10734.00 616170 275262500.00 5292206693.00
07/04/2017 10731.00 10701.00 10900.00 10799.00 616133 274306100.00 5237227665.00
10/04/2017 10799.00 10720.00 10855.00 10812.00 421698 294495500.00 5755425028.00
11/04/2017 10813.00 10592.00 10849.00 10760.00 658533 310848800.00 6007200003.00
12/04/2017 10761.00 10670.00 10778.00 10684.00 681142 415723900.00 7804617050.00
13/04/2017 10683.00 10504.00 10699.00 10504.00 537008 316996900.00 5704447849.00
17/04/2017 10504.00 10504.00 10775.00 10759.00 551227 310178200.00 5662877229.00
18/04/2017 10759.00 10655.00 10802.00 10724.00 591005 302832100.00 5517424012.00
19/04/2017 10725.00 10564.00 10791.00 10596.00 589455 297725700.00 5295748901.00
20/04/2017 10596.00 10587.00 10721.00 10648.00 519871 281785000.00 5017499972.00
24/04/2017 10648.00 10648.00 10816.00 10757.00 610732 313494200.00 6091768605.00
25/04/2017 10756.00 10669.00 10877.00 10877.00 580742 291449200.00 5637358480.00
26/04/2017 10876.00 10797.00 10924.00 10829.00 601913 312287300.00 5758996398.00
27/04/2017 10830.00 10736.00 10907.00 10800.00 561728 307616000.00 6248898958.00
28/04/2017 10800.00 10781.00 10915.00 10914.00 516902 285590900.00 5551454698.00
02/05/2017 10914.00 10914.00 11165.00 11132.00 893379 344430200.00 7026313807.00
03/05/2017 11135.00 10995.00 11142.00 11031.00 664210 341355600.00 6599656512.00
04/05/2017 11027.00 10808.00 11032.00 10830.00 777889 375941900.00 7086202086.00
05/05/2017 10831.00 10831.00 10983.00 10974.00 508468 272129900.00 4820979775.00
08/05/2017 10973.00 10905.00 11027.00 10947.00 498800 223678500.00 4100408623.00
09/05/2017 10948.00 10948.00 11112.00 11067.00 536795 264404400.00 4783019497.00
10/05/2017 11068.00 11068.00 11276.00 11244.00 700522 311777700.00 6097053899.00
11/05/2017 11245.00 11215.00 11303.00 11276.00 565671 282549800.00 5688534178.00
12/05/2017 11276.00 11276.00 11426.00 11390.00 727433 380639200.00 7574567991.00
15/05/2017 11391.00 11366.00 11455.00 11435.00 595730 326623700.00 6235725826.00
16/05/2017 11435.00 11377.00 11491.00 11472.00 775279 365044900.00 6964560910.00
17/05/2017 11470.00 11220.00 11470.00 11284.00 757832 325897400.00 6110596852.00
18/05/2017 11283.00 10077.00 11283.00 10296.00 999999 1096943000.00 19751177673.00
19/05/2017 10296.00 10296.00 10611.00 10471.00 999999 602496300.00 10669135679.00
22/05/2017 10470.00 10185.00 10470.00 10313.00 999999 577343900.00 9553584509.00
23/05/2017 10313.00 10313.00 10497.00 10479.00 872797 471902700.00 7406935609.00
24/05/2017 10481.00 10481.00 10699.00 10572.00 841798 411550700.00 7144942359.00
25/05/2017 10572.00 10489.00 10694.00 10569.00 699230 395960100.00 6607906221.00
26/05/2017 10569.00 10569.00 10724.00 10711.00 679343 381693300.00 6518358737.00
29/05/2017 10706.00 10620.00 10706.00 10657.00 388765 163666700.00 2843723332.00
30/05/2017 10657.00 10648.00 10713.00 10690.00 467442 220700600.00 3889260949.00
31/05/2017 10690.00 10472.00 10694.00 10478.00 851978 450059400.00 8540504350.00
01/06/2017 10478.00 10391.00 10580.00 10412.00 715747 332272200.00 5702018997.00
02/06/2017 10412.00 10391.00 10492.00 10449.00 619564 285131800.00 5093380287.00
05/06/2017 10447.00 10364.00 10497.00 10438.00 550976 238116700.00 4345440238.00
06/06/2017 10438.00 10435.00 10583.00 10523.00 593002 295978800.00 5209650298.00
07/06/2017 10523.00 10518.00 10638.00 10562.00 665978 282501900.00 5006943448.00
08/06/2017 10562.00 10431.00 10562.00 10496.00 597260 263628500.00 4709583954.00
09/06/2017 10496.00 10390.00 10549.00 10408.00 665806 295150100.00 5238869027.00
12/06/2017 10410.00 10247.00 10421.00 10321.00 660864 291375200.00 5252883768.00
13/06/2017 10322.00 10290.00 10374.00 10344.00 507560 241874800.00 4601598122.00
14/06/2017 10344.00 10293.00 10456.00 10362.00 755464 420220600.00 8028195102.00
16/06/2017 10360.00 10248.00 10362.00 10304.00 639243 500510300.00 9245357331.00
