20/06/2016 20457.00 20457.00 20958.00 20781.00 780843 425750500.00 5296159881.00
21/06/2016 20780.00 20524.00 21009.00 21001.00 691291 448350400.00 5236889529.00
22/06/2016 21000.00 20715.00 21169.00 20751.00 800155 431488000.00 5532903231.00
23/06/2016 20752.00 20752.00 21374.00 21330.00 696009 394255800.00 4853094486.00
24/06/2016 21327.00 20518.00 21327.00 20763.00 877103 480948700.00 6217583362.00
27/06/2016 20763.00 20298.00 20787.00 20427.00 732949 371825900.00 4910056933.00
28/06/2016 20428.00 20428.00 20856.00 20744.00 767527 409421000.00 5352767059.00
29/06/2016 20744.00 20744.00 21229.00 21135.00 823209 470753800.00 6828252048.00
30/06/2016 21135.00 20966.00 21385.00 21350.00 801658 503572200.00 7326206387.00
01/07/2016 21355.00 21301.00 21658.00 21615.00 778097 474373700.00 6657805006.00
04/07/2016 21618.00 21618.00 21895.00 21757.00 478084 242795700.00 3179404495.00
05/07/2016 21757.00 21360.00 21757.00 21496.00 730120 360816400.00 4866377490.00
06/07/2016 21496.00 21086.00 21514.00 21512.00 674572 383048500.00 4777919194.00
07/07/2016 21512.00 21511.00 21833.00 21566.00 786450 422770200.00 5604439975.00
08/07/2016 21566.00 21566.00 22026.00 22018.00 716061 353665200.00 5280911022.00
11/07/2016 22018.00 22018.00 22382.00 22363.00 732885 377510900.00 5414801494.00
12/07/2016 22363.00 22363.00 22673.00 22487.00 940868 466288800.00 6364236159.00
13/07/2016 22487.00 22278.00 22638.00 22621.00 917277 468794200.00 6111630427.00
14/07/2016 22621.00 22621.00 23044.00 22980.00 999999 502981400.00 7617497282.00
15/07/2016 22980.00 22881.00 23043.00 23018.00 862045 424796400.00 5997418073.00
18/07/2016 23018.00 22936.00 23391.00 23384.00 747731 461410900.00 6450538408.00
19/07/2016 23384.00 23302.00 23477.00 23477.00 835228 439836900.00 6369502689.00
20/07/2016 23478.00 23289.00 23569.00 23431.00 711175 455999000.00 6359957585.00
21/07/2016 23431.00 23301.00 23555.00 23461.00 712455 406269800.00 5795928078.00
22/07/2016 23461.00 23418.00 23677.00 23613.00 675692 345232900.00 4994968178.00
25/07/2016 23615.00 23371.00 23698.00 23563.00 668802 368911200.00 5050448727.00
26/07/2016 23565.00 23488.00 23727.00 23517.00 696994 391098000.00 5651040346.00
27/07/2016 23519.00 23519.00 23753.00 23550.00 760606 435443600.00 6132123645.00
28/07/2016 23550.00 23199.00 23550.00 23477.00 749131 433057700.00 6083594493.00
29/07/2016 23476.00 23362.00 23827.00 23765.00 984427 512820300.00 7709226814.00
01/08/2016 23766.00 23538.00 23943.00 23568.00 837221 473474800.00 5854424421.00
02/08/2016 23568.00 23139.00 23644.00 23333.00 837352 442491400.00 6395487369.00
03/08/2016 23333.00 23173.00 23691.00 23677.00 816612 462858900.00 6429250710.00
04/08/2016 23677.00 23677.00 24083.00 23903.00 854225 484457600.00 7038914693.00
05/08/2016 23909.00 23789.00 24051.00 23949.00 710504 382945400.00 5631150757.00
08/08/2016 23949.00 23878.00 24037.00 23930.00 612582 356516500.00 4850189807.00
09/08/2016 23931.00 23913.00 24115.00 23944.00 678941 358791300.00 4899505336.00
10/08/2016 23944.00 23571.00 24056.00 23636.00 666150 403647100.00 5710544678.00
11/08/2016 23636.00 23636.00 24196.00 24195.00 816273 444151400.00 6561452017.00
12/08/2016 24195.00 24072.00 24376.00 24197.00 798660 438450300.00 6539239807.00
15/08/2016 24204.00 24204.00 24594.00 24518.00 733869 400359400.00 5522243826.00
16/08/2016 24519.00 24294.00 24536.00 24410.00 741917 436886300.00 6409615468.00
17/08/2016 24406.00 24086.00 24587.00 24587.00 876653 482746100.00 7296533967.00
18/08/2016 24587.00 24394.00 24626.00 24527.00 683445 433479200.00 5842930114.00
19/08/2016 24527.00 24299.00 24553.00 24491.00 634182 330394600.00 4738214691.00
22/08/2016 24484.00 23888.00 24488.00 23950.00 696931 369553700.00 5195220459.00
23/08/2016 23951.00 23951.00 24264.00 24030.00 711333 421270900.00 6038381515.00
24/08/2016 24031.00 23802.00 24157.00 23913.00 657262 387154800.00 5291866618.00
25/08/2016 23913.00 23883.00 24071.00 23916.00 690689 349263300.00 5070625087.00
26/08/2016 23917.00 23754.00 24307.00 23935.00 909900 429215200.00 6553831278.00
29/08/2016 23936.00 23909.00 24433.00 24298.00 686818 317458500.00 4761590801.00
30/08/2016 24298.00 24167.00 24401.00 24293.00 641027 316963200.00 4771306716.00
31/08/2016 24295.00 23860.00 24423.00 24031.00 907981 465950400.00 7634977235.00
01/09/2016 24032.00 23922.00 24228.00 24167.00 846037 423336000.00 7001570430.00
02/09/2016 24167.00 24167.00 24748.00 24732.00 844921 442900800.00 6873202051.00
05/09/2016 24732.00 24647.00 24878.00 24711.00 426822 204545500.00 3009163379.00
06/09/2016 24711.00 24563.00 24959.00 24959.00 706488 362822200.00 5605944976.00
08/09/2016 24959.00 24804.00 25035.00 25001.00 902925 444846800.00 7007659606.00
09/09/2016 25001.00 24090.00 25001.00 24106.00 956269 456936000.00 7063678454.00
12/09/2016 24105.00 23893.00 24328.00 24327.00 795503 405701200.00 6074176985.00
13/09/2016 24326.00 23467.00 24326.00 23620.00 999999 498962600.00 7412911461.00
14/09/2016 23620.00 23573.00 23818.00 23711.00 771041 378429600.00 5391517097.00
15/09/2016 23714.00 23714.00 24132.00 24043.00 665643 319365800.00 4997243036.00
16/09/2016 24043.00 23591.00 24044.00 23707.00 662845 429543800.00 6783013635.00
19/09/2016 23707.00 23707.00 24083.00 23809.00 604443 307717000.00 4671114171.00
20/09/2016 23810.00 23810.00 24028.00 23973.00 665784 337668300.00 4791511667.00
21/09/2016 23973.00 23804.00 24293.00 24221.00 854865 434255700.00 6581509434.00
22/09/2016 24221.00 24221.00 24657.00 24465.00 796089 395107700.00 5981369513.00
23/09/2016 24465.00 24216.00 24507.00 24330.00 742538 329972000.00 5031198520.00
26/09/2016 24330.00 24013.00 24330.00 24073.00 508369 252976900.00 4006723336.00
27/09/2016 24073.00 23816.00 24240.00 24196.00 721496 339727300.00 5065157112.00
28/09/2016 24196.00 24190.00 24611.00 24584.00 703473 373653500.00 5642542182.00
29/09/2016 24584.00 24164.00 24701.00 24180.00 724762 369146800.00 5592649627.00
30/09/2016 24179.00 24141.00 24388.00 24176.00 720566 327582300.00 5546994796.00
03/10/2016 24176.00 24176.00 24644.00 24616.00 724510 315418500.00 5387120347.00
04/10/2016 24616.00 24389.00 24663.00 24572.00 802173 435266000.00 7089109674.00
05/10/2016 24573.00 24573.00 25015.00 24925.00 693336 387547000.00 6115775328.00
06/10/2016 24925.00 24857.00 25119.00 25089.00 694083 394356000.00 6172620487.00
07/10/2016 25089.00 25019.00 25335.00 25265.00 832287 482002200.00 7546111782.00
10/10/2016 25265.00 25265.00 25536.00 25495.00 656923 338036200.00 5879528479.00
11/10/2016 25495.00 25172.00 25495.00 25232.00 785181 403489200.00 7037694238.00
13/10/2016 25232.00 24929.00 25359.00 25280.00 999999 567625600.00 9835343872.00
14/10/2016 25281.00 25281.00 25642.00 25531.00 909567 427904700.00 7949968299.00
17/10/2016 25532.00 25508.00 25900.00 25900.00 823530 387687900.00 7070359963.00
18/10/2016 25902.00 25902.00 26395.00 26336.00 999999 489924100.00 8694473821.00
19/10/2016 26337.00 26137.00 26463.00 26216.00 739584 447080200.00 7145726820.00
20/10/2016 26211.00 25902.00 26380.00 26347.00 767193 408335700.00 6705075379.00
21/10/2016 26347.00 26174.00 26568.00 26463.00 722472 449718200.00 6935357824.00
24/10/2016 26475.00 26391.00 26701.00 26450.00 738755 424950700.00 6556752858.00
25/10/2016 26450.00 26107.00 26522.00 26367.00 806679 459480100.00 7314186956.00
26/10/2016 26364.00 26052.00 26373.00 26346.00 844233 486515700.00 8047666681.00
27/10/2016 26347.00 26347.00 26666.00 26513.00 816441 421324400.00 7266073574.00
28/10/2016 26513.00 26331.00 26709.00 26540.00 824543 448181500.00 7235998377.00
31/10/2016 26542.00 26542.00 26827.00 26776.00 915685 458086200.00 7759471288.00
01/11/2016 26776.00 26002.00 26923.00 26119.00 999999 523580500.00 8637155819.00
03/11/2016 26119.00 25486.00 26192.00 25486.00 990915 470502900.00 7937165823.00
04/11/2016 25485.00 25373.00 25848.00 25412.00 973990 477656500.00 7855512342.00
07/11/2016 25412.00 25412.00 26430.00 26373.00 794694 391824700.00 6410774947.00
08/11/2016 26374.00 26116.00 26651.00 26415.00 778462 383761200.00 6232510010.00
09/11/2016 26415.00 25452.00 26471.00 26046.00 999999 634586400.00 10257903130.00
10/11/2016 26047.00 24927.00 26301.00 25179.00 999999 861483100.00 14812424350.00
11/11/2016 25179.00 24225.00 25325.00 24362.00 999999 863136400.00 14630299317.00
14/11/2016 24362.00 24014.00 24668.00 24533.00 999999 618938400.00 9534966772.00
16/11/2016 24533.00 24409.00 25044.00 24991.00 999999 541877800.00 9170647118.00
17/11/2016 24992.00 24597.00 25280.00 24606.00 940053 411838700.00 7260801266.00
18/11/2016 24606.00 24427.00 24769.00 24684.00 852097 400169500.00 6490930139.00
21/11/2016 24685.00 24685.00 25110.00 25110.00 862379 407066300.00 6807695818.00
22/11/2016 25110.00 25110.00 25690.00 25442.00 937708 466097400.00 7835368919.00
23/11/2016 25442.00 25148.00 25464.00 25444.00 832996 411655700.00 6268402030.00
24/11/2016 25449.00 25237.00 25494.00 25237.00 343372 195393600.00 2782137513.00
25/11/2016 25236.00 24904.00 25295.00 25295.00 572338 317741900.00 4991275105.00
28/11/2016 25295.00 25171.00 25825.00 25792.00 740377 322940500.00 5648161592.00
29/11/2016 25793.00 25074.00 25793.00 25077.00 777587 388981100.00 6957549698.00
30/11/2016 25077.00 25077.00 25692.00 25437.00 901868 603393300.00 10742034023.00
01/12/2016 25437.00 24293.00 25439.00 24462.00 999999 606861000.00 10772838003.00
02/12/2016 24459.00 23893.00 24783.00 24754.00 999999 495880400.00 8127204091.00
05/12/2016 24756.00 24486.00 24918.00 24563.00 734203 328197400.00 5445031697.00
06/12/2016 24562.00 24390.00 25109.00 25053.00 933204 413120500.00 6977882213.00
07/12/2016 25054.00 25048.00 25372.00 25178.00 955459 440496600.00 7449375451.00
08/12/2016 25178.00 24825.00 25387.00 24904.00 793382 339151300.00 5894893184.00
09/12/2016 24908.00 24765.00 25085.00 24845.00 837291 380683400.00 6841336132.00
12/12/2016 24851.00 24262.00 24851.00 24322.00 782275 362739600.00 6160269958.00
13/12/2016 24322.00 24174.00 24633.00 24378.00 979747 413903500.00 6935714795.00
14/12/2016 24378.00 23958.00 24398.00 23958.00 970889 453984100.00 7397400980.00
15/12/2016 23958.00 23703.00 24126.00 24036.00 954277 412461000.00 6759899042.00
16/12/2016 24036.00 24035.00 24405.00 24043.00 724109 429586600.00 7295013867.00
19/12/2016 24043.00 23552.00 24127.00 23552.00 689471 389135800.00 6379202550.00
20/12/2016 23554.00 23498.00 23847.00 23708.00 727546 316665900.00 5361644338.00
21/12/2016 23708.00 23571.00 23894.00 23740.00 612190 282854900.00 4642040465.00
22/12/2016 23740.00 23423.00 23740.00 23596.00 693872 323999800.00 5381448558.00
23/12/2016 23596.00 23596.00 23944.00 23862.00 556894 249226900.00 4277979675.00
26/12/2016 23862.00 23861.00 24198.00 24134.00 197444 82174300.00 1321133544.00
27/12/2016 24134.00 24046.00 24309.00 24167.00 458957 187611600.00 3063948343.00
28/12/2016 24164.00 24164.00 24651.00 24609.00 534992 226342500.00 3824839465.00
29/12/2016 24609.00 24401.00 24799.00 24788.00 574034 257785300.00 4487531903.00
02/01/2017 24788.00 24450.00 24788.00 24538.00 267361 100686600.00 1640214975.00
03/01/2017 24554.00 24554.00 25420.00 25419.00 836638 395485200.00 6712321477.00
04/01/2017 25418.00 25238.00 25482.00 25352.00 708912 338880100.00 5421841579.00
05/01/2017 25354.00 25350.00 25675.00 25546.00 780502 387435900.00 6388194156.00
06/01/2017 25547.00 25268.00 25547.00 25375.00 640625 277777400.00 4645258878.00
09/01/2017 25381.00 25235.00 25553.00 25392.00 650145 287286500.00 5122085318.00
10/01/2017 25396.00 25396.00 25680.00 25552.00 637777 305189100.00 5441485637.00
11/01/2017 25552.00 25357.00 25765.00 25660.00 741980 366972600.00 5995893637.00
12/01/2017 25661.00 25661.00 26432.00 26282.00 999999 534997300.00 9596772852.00
13/01/2017 26282.00 26063.00 26343.00 26177.00 776410 328485600.00 5831922832.00
16/01/2017 26177.00 26138.00 26317.00 26248.00 469604 217051500.00 3566766160.00
17/01/2017 26247.00 26110.00 26580.00 26463.00 798478 360147300.00 6276173610.00
18/01/2017 26463.00 26334.00 26582.00 26367.00 728668 369413600.00 6449368495.00
19/01/2017 26365.00 26117.00 26471.00 26266.00 752928 347646100.00 6170026720.00
20/01/2017 26266.00 26266.00 26569.00 26505.00 785144 398476000.00 7029690192.00
23/01/2017 26504.00 26496.00 27010.00 26984.00 774860 346771600.00 6289753200.00
24/01/2017 26986.00 26945.00 27166.00 27031.00 840945 448137600.00 8202619094.00
26/01/2017 27031.00 27031.00 27344.00 27191.00 887268 417465500.00 8069174571.00
27/01/2017 27193.00 27059.00 27210.00 27116.00 679467 307725100.00 5666912624.00
30/01/2017 27116.00 26372.00 27116.00 26423.00 726073 275356600.00 4932995227.00
31/01/2017 26426.00 26420.00 26664.00 26574.00 749554 317791400.00 5684124329.00
01/02/2017 26574.00 26574.00 26942.00 26645.00 805791 379621300.00 6973650984.00
02/02/2017 26645.00 26385.00 26774.00 26562.00 759854 349273800.00 6428245267.00
03/02/2017 26562.00 26449.00 26904.00 26729.00 959952 404407300.00 7554531943.00
06/02/2017 26729.00 26329.00 26879.00 26354.00 778783 308665800.00 5617055610.00
07/02/2017 26354.00 26329.00 26662.00 26433.00 677461 330947100.00 6333328262.00
08/02/2017 26433.00 26253.00 26696.00 26695.00 765864 360949200.00 6828122488.00
09/02/2017 26700.00 26590.00 26878.00 26747.00 744499 320314800.00 6272279642.00
10/02/2017 26747.00 26741.00 27272.00 27205.00 864367 400806200.00 7759958495.00
13/02/2017 27205.00 27205.00 27593.00 27551.00 897927 366939200.00 7283281566.00
14/02/2017 27551.00 27251.00 27592.00 27438.00 875555 401976100.00 7660464922.00
15/02/2017 27438.00 27438.00 27964.00 27946.00 999999 478480100.00 9743633036.00
16/02/2017 27946.00 27829.00 28139.00 27894.00 848129 411525400.00 8297952695.00
17/02/2017 27894.00 27632.00 27897.00 27869.00 693887 335218800.00 6380111153.00
20/02/2017 27872.00 27872.00 28232.00 28177.00 515478 254141400.00 5296115173.00
21/02/2017 28179.00 28179.00 28411.00 28396.00 832730 371957500.00 7328149230.00
22/02/2017 28396.00 28083.00 28396.00 28199.00 923722 408671500.00 7823834886.00
23/02/2017 28199.00 27686.00 28559.00 27769.00 999999 463600900.00 9262914422.00
24/02/2017 27769.00 27367.00 27769.00 27452.00 914107 368688800.00 7250249072.00
01/03/2017 27452.00 27452.00 27741.00 27589.00 802110 282935300.00 5522012165.00
02/03/2017 27590.00 27047.00 27609.00 27143.00 949087 367497800.00 7206826014.00
03/03/2017 27145.00 27145.00 27512.00 27506.00 743039 309550900.00 6186012162.00
06/03/2017 27506.00 27263.00 27559.00 27358.00 797321 380820200.00 7181199385.00
07/03/2017 27359.00 27094.00 27466.00 27123.00 773915 332123300.00 6480293184.00
08/03/2017 27125.00 26613.00 27152.00 26699.00 887853 426452000.00 7257397313.00
09/03/2017 26699.00 26487.00 26817.00 26630.00 903254 414691100.00 7535761189.00
10/03/2017 26630.00 26590.00 27081.00 26675.00 827777 397950900.00 7510903253.00
13/03/2017 26675.00 26675.00 27072.00 27029.00 678739 260176500.00 5024318894.00
14/03/2017 27021.00 26701.00 27039.00 26701.00 762071 337240200.00 6369992670.00
15/03/2017 26701.00 26621.00 27336.00 27298.00 909235 433409200.00 8449615421.00
16/03/2017 27298.00 27037.00 27427.00 27131.00 771127 338435800.00 6712103350.00
17/03/2017 27131.00 26472.00 27297.00 26505.00 999999 604007200.00 11290974065.00
20/03/2017 26504.00 26287.00 26852.00 26748.00 950843 423875800.00 7950006983.00
21/03/2017 26748.00 25919.00 26783.00 26003.00 999999 431109700.00 7915004160.00
22/03/2017 26003.00 25796.00 26298.00 26209.00 999999 462228500.00 8310752582.00
23/03/2017 26209.00 25946.00 26386.00 26230.00 819034 392792800.00 8016008312.00
24/03/2017 26230.00 26201.00 26411.00 26353.00 731428 319090100.00 6567331995.00
27/03/2017 26343.00 26030.00 26540.00 26522.00 774077 307390800.00 5771968040.00
28/03/2017 26522.00 26424.00 26738.00 26657.00 771794 380977900.00 7337787212.00
29/03/2017 26655.00 26593.00 27017.00 27014.00 858089 410516100.00 8729626207.00
30/03/2017 27014.00 26831.00 27110.00 26904.00 635889 277112600.00 5268860493.00
31/03/2017 26904.00 26752.00 27040.00 26806.00 706973 309523600.00 6054413396.00
03/04/2017 26808.00 26731.00 26967.00 26905.00 624929 329038900.00 5953269564.00
04/04/2017 26905.00 26817.00 27122.00 27120.00 567489 249562800.00 4891779024.00
05/04/2017 27121.00 26627.00 27295.00 26738.00 899819 354400500.00 6896329569.00
06/04/2017 26738.00 26328.00 26781.00 26508.00 830907 336601100.00 6383373351.00
07/04/2017 26501.00 26427.00 26892.00 26659.00 824601 329777800.00 6202342472.00
10/04/2017 26659.00 26459.00 26787.00 26672.00 575748 344410000.00 6577225687.00
11/04/2017 26673.00 26159.00 26760.00 26567.00 845716 368198300.00 6956742782.00
12/04/2017 26568.00 26354.00 26605.00 26382.00 859182 486215700.00 9095122973.00
13/04/2017 26382.00 25974.00 26429.00 25974.00 695859 359228800.00 6405675608.00
17/04/2017 25974.00 25974.00 26617.00 26583.00 690897 352512900.00 6436885924.00
18/04/2017 26583.00 26344.00 26683.00 26516.00 774645 357593100.00 6441039226.00
19/04/2017 26518.00 26146.00 26681.00 26225.00 773753 346030000.00 6153495158.00
20/04/2017 26225.00 26201.00 26509.00 26350.00 686457 336041000.00 5949833072.00
24/04/2017 26350.00 26350.00 26741.00 26589.00 809237 363556200.00 7054420823.00
25/04/2017 26586.00 26388.00 26903.00 26903.00 775343 355014600.00 6721274515.00
26/04/2017 26904.00 26713.00 27010.00 26788.00 790726 373481700.00 6837719327.00
27/04/2017 26789.00 26561.00 26972.00 26722.00 710021 354250400.00 7131566799.00
28/04/2017 26723.00 26689.00 27041.00 27041.00 718846 358970000.00 6979034178.00
02/05/2017 27041.00 27041.00 27658.00 27585.00 999999 426911500.00 8420936819.00
03/05/2017 27593.00 27280.00 27611.00 27366.00 877277 409705200.00 7796892576.00
04/05/2017 27366.00 26832.00 27373.00 26888.00 999999 433220300.00 8174695741.00
05/05/2017 26890.00 26890.00 27260.00 27239.00 714989 330557800.00 5926832465.00
08/05/2017 27238.00 27081.00 27370.00 27181.00 681090 277035800.00 5066413226.00
09/05/2017 27184.00 27184.00 27584.00 27487.00 741431 340991300.00 5949062275.00
10/05/2017 27489.00 27489.00 27996.00 27923.00 953218 398598800.00 7559995866.00
11/05/2017 27925.00 27864.00 28072.00 28011.00 770653 361278100.00 7094939391.00
12/05/2017 28012.00 28012.00 28358.00 28268.00 943647 449778400.00 8778942641.00
15/05/2017 28269.00 28210.00 28403.00 28358.00 797154 387905300.00 7464778655.00
16/05/2017 28358.00 28224.00 28501.00 28460.00 999999 438947400.00 8259656039.00
17/05/2017 28454.00 27852.00 28454.00 28000.00 969089 389851700.00 7220629163.00
18/05/2017 27999.00 25056.00 27999.00 25537.00 999999 1272305400.00 22265612656.00
19/05/2017 25536.00 25536.00 26311.00 25977.00 999999 709846100.00 12274365855.00
22/05/2017 25977.00 25268.00 25977.00 25564.00 999999 668394700.00 11002351386.00
23/05/2017 25563.00 25563.00 26031.00 25992.00 999999 543855300.00 8547466019.00
24/05/2017 25992.00 25992.00 26547.00 26244.00 999999 490659300.00 8342379857.00
25/05/2017 26244.00 26050.00 26540.00 26229.00 904234 457593100.00 7593443031.00
26/05/2017 26230.00 26229.00 26627.00 26594.00 876575 443123900.00 7586977167.00
29/05/2017 26583.00 26370.00 26583.00 26466.00 490093 190275600.00 3276425805.00
30/05/2017 26467.00 26451.00 26593.00 26545.00 645177 266583700.00 4688884977.00
31/05/2017 26545.00 26035.00 26554.00 26052.00 999999 562355700.00 10501707975.00
01/06/2017 26052.00 25828.00 26286.00 25881.00 891726 382466300.00 6574116296.00
02/06/2017 25881.00 25822.00 26071.00 25969.00 787178 331968700.00 5931901163.00
05/06/2017 25969.00 25768.00 26086.00 25938.00 715638 285830100.00 5130632506.00
06/06/2017 25938.00 25928.00 26282.00 26148.00 770065 367953700.00 6157062949.00
07/06/2017 26148.00 26131.00 26419.00 26253.00 862909 337999200.00 5998221633.00
08/06/2017 26253.00 25925.00 26253.00 26077.00 786092 317096700.00 5632458177.00
09/06/2017 26077.00 25808.00 26209.00 25863.00 906401 365695500.00 6501218209.00
12/06/2017 25866.00 25488.00 25890.00 25657.00 836066 343235400.00 6101995440.00
13/06/2017 25660.00 25579.00 25786.00 25716.00 655159 287604900.00 5404721078.00
14/06/2017 25717.00 25581.00 25965.00 25754.00 946814 483294600.00 9095031193.00
16/06/2017 25750.00 25504.00 25750.00 25658.00 813735 573551200.00 10577530341.00
