02/06/2016 153.95 153.95 154.25 154.25 6 25.00 1379151.00
03/06/2016 157.90 157.90 157.90 157.90 1 3.00 166970.00
06/06/2016 164.20 164.00 165.65 165.45 9 19.00 1094319.00
07/06/2016 166.50 166.00 166.50 166.50 8 101.00 5796639.00
08/06/2016 171.95 171.95 174.50 174.50 6 55.00 3210331.00
09/06/2016 173.70 168.60 179.40 169.00 10 80.00 4838873.00
10/06/2016 169.00 169.00 169.00 169.00 1 1.00 58018.00
13/06/2016 172.45 172.45 175.00 173.80 5 35.00 2113095.00
14/06/2016 170.20 170.20 172.25 172.25 24 86.00 5137829.00
17/06/2016 176.00 176.00 177.60 177.60 3 33.00 1990666.00
20/06/2016 178.50 176.00 178.50 176.00 3 5.00 302096.00
23/06/2016 175.25 175.25 175.25 175.25 1 1.00 58626.00
27/06/2016 169.50 169.50 170.00 170.00 4 300.00 17318415.00
01/07/2016 182.00 182.00 182.00 182.00 2 15.00 878651.00
12/07/2016 181.00 181.00 181.00 181.00 1 1.00 59375.00
25/07/2016 174.50 174.50 175.90 175.90 28 37.00 2132431.00
26/07/2016 177.00 175.80 177.50 175.80 14 26.00 1503344.00
27/07/2016 175.70 175.70 176.00 176.00 4 5.00 288063.00
28/07/2016 175.50 175.50 177.00 177.00 7 9.00 519799.00
29/07/2016 179.50 179.50 180.00 180.00 3 4.00 232657.00
02/08/2016 181.50 177.15 181.50 177.15 2 2.00 116959.00
03/08/2016 175.80 175.80 175.80 175.80 1 1.00 57146.00
04/08/2016 176.70 176.70 176.70 176.70 1 1.00 56657.00
05/08/2016 178.80 177.00 179.00 179.00 3 3.00 169505.00
10/08/2016 175.55 174.00 175.55 174.00 11 24.00 1311163.00
11/08/2016 172.30 172.30 172.30 172.30 1 1.00 54056.00
12/08/2016 173.10 171.50 173.10 171.50 2 2.00 109710.00
06/09/2016 186.00 186.00 186.50 186.50 2 2.00 119438.00
08/09/2016 188.90 188.80 189.00 188.80 6 11.00 663334.00
09/09/2016 187.20 187.20 187.20 187.20 1 1.00 61196.00
12/09/2016 184.80 184.55 184.95 184.90 15 22.00 1320906.00
13/09/2016 186.75 182.05 186.75 182.05 21 31.00 1910081.00
14/09/2016 181.80 181.50 182.00 182.00 6 109.00 6609058.00
15/09/2016 182.00 182.00 182.00 182.00 2 100.00 6028932.00
19/09/2016 182.90 182.90 187.75 187.60 32 93.00 5614032.00
20/09/2016 188.15 188.00 192.00 191.00 118 120.00 7432828.00
21/09/2016 191.25 190.80 192.70 191.40 68 293.00 18128219.00
22/09/2016 195.15 189.15 195.15 189.15 56 68.00 4218841.00
23/09/2016 185.35 185.35 185.35 185.35 1 1.00 59933.00
26/09/2016 186.10 186.05 187.10 187.10 11 12.00 725348.00
27/09/2016 187.20 187.20 188.10 187.20 15 15.00 910707.00
28/09/2016 187.50 185.70 187.50 187.45 18 22.00 1326018.00
29/09/2016 187.30 185.65 187.50 185.65 16 18.00 1090931.00
30/09/2016 182.90 182.90 186.00 185.00 6 6.00 360285.00
03/10/2016 182.45 182.05 182.55 182.10 6 6.00 351760.00
04/10/2016 180.60 179.10 180.60 180.00 3 9.00 526436.00
05/10/2016 182.80 182.80 183.10 183.10 2 2.00 117922.00
10/10/2016 184.65 184.55 184.65 184.65 5 17.00 1007509.00
11/10/2016 185.00 185.00 185.00 185.00 1 1.00 59420.00
13/10/2016 184.50 184.50 186.80 186.40 25 58.00 3424349.00
14/10/2016 186.50 185.00 189.80 189.80 10 114.00 6780427.00
17/10/2016 188.50 188.00 192.00 190.30 33 233.00 14159264.00
18/10/2016 190.75 190.50 194.30 193.50 54 96.00 5891650.00
19/10/2016 193.50 191.50 193.50 192.00 65 336.00 20467559.00
20/10/2016 191.90 190.00 192.45 190.00 39 87.00 5243542.00
21/10/2016 189.50 189.40 191.00 189.60 24 33.00 1981714.00
24/10/2016 189.25 188.40 192.25 191.10 22 83.00 4906823.00
25/10/2016 193.25 192.90 200.25 199.20 50 107.00 6570723.00
26/10/2016 200.00 199.50 204.35 200.50 191 400.00 25391170.00
27/10/2016 200.40 198.05 201.70 200.00 76 156.00 9830608.00
28/10/2016 201.00 199.00 202.70 201.45 102 156.00 10045283.00
31/10/2016 200.50 200.00 201.90 201.40 22 27.00 1727497.00
01/11/2016 200.90 196.55 201.00 196.75 61 120.00 7739780.00
03/11/2016 199.80 199.75 202.45 201.40 108 150.00 9789107.00
04/11/2016 203.90 203.90 209.30 209.30 63 98.00 6540296.00
07/11/2016 208.50 208.00 215.00 214.25 162 329.00 22324864.00
08/11/2016 211.55 205.85 211.55 207.00 274 373.00 24681927.00
09/11/2016 203.55 202.50 208.70 208.20 108 195.00 12840595.00
10/11/2016 208.20 199.70 208.30 200.00 167 267.00 18129000.00
11/11/2016 201.05 194.15 201.50 195.65 240 474.00 31631355.00
14/11/2016 195.40 193.70 198.00 197.45 81 93.00 6277408.00
16/11/2016 198.00 196.00 199.30 197.15 93 256.00 17227657.00
17/11/2016 197.15 194.30 197.15 195.00 91 164.00 10992287.00
18/11/2016 194.15 193.00 196.25 193.95 172 228.00 15011201.00
21/11/2016 193.50 191.00 195.50 194.30 260 451.00 29207211.00
22/11/2016 194.90 192.45 195.75 192.45 150 204.00 13353740.00
23/11/2016 192.55 188.20 192.55 188.20 246 433.00 27834434.00
24/11/2016 188.50 188.05 189.30 189.00 26 39.00 2497446.00
25/11/2016 188.00 184.50 188.40 186.30 117 181.00 11547420.00
28/11/2016 186.00 183.10 186.95 186.20 198 231.00 14496213.00
29/11/2016 186.25 181.00 187.00 181.50 292 491.00 30664400.00
30/11/2016 181.70 179.60 182.25 179.65 344 422.00 25763593.00
01/12/2016 180.50 171.75 180.50 172.00 269 406.00 24888249.00
02/12/2016 174.00 171.85 176.50 173.85 404 553.00 33257460.00
05/12/2016 174.80 171.40 175.20 171.50 159 243.00 14384109.00
06/12/2016 171.50 168.65 172.75 169.00 225 305.00 17731529.00
07/12/2016 169.05 167.30 172.10 168.50 110 125.00 7195449.00
08/12/2016 168.20 167.50 170.00 168.00 187 413.00 23494364.00
09/12/2016 168.05 165.00 169.00 165.30 183 378.00 21336748.00
12/12/2016 166.05 165.20 170.95 170.95 178 296.00 16541412.00
13/12/2016 171.10 168.60 172.20 170.45 198 291.00 16506050.00
14/12/2016 170.00 167.65 172.40 171.90 264 450.00 25573222.00
15/12/2016 171.95 166.00 171.95 170.00 197 314.00 17902086.00
16/12/2016 170.00 168.00 171.10 169.00 62 91.00 5236008.00
19/12/2016 169.00 169.00 172.75 171.90 152 271.00 15647220.00
20/12/2016 172.00 170.00 172.00 171.50 109 207.00 11837762.00
21/12/2016 171.10 170.50 172.50 172.00 116 174.00 9924336.00
22/12/2016 171.50 165.40 171.50 166.10 181 281.00 15634905.00
23/12/2016 166.10 161.95 166.80 162.00 158 227.00 12226434.00
26/12/2016 161.30 161.30 163.65 163.50 26 32.00 1706159.00
27/12/2016 163.50 159.85 163.50 161.00 85 129.00 6818714.00
28/12/2016 161.00 158.00 161.05 158.40 196 425.00 22256478.00
29/12/2016 158.40 158.30 162.50 161.15 129 197.00 10243821.00
02/01/2017 160.15 160.15 162.00 162.00 3 3.00 158487.00
03/01/2017 163.70 160.50 165.35 163.45 266 546.00 29083597.00
04/01/2017 163.70 163.55 170.00 169.00 243 405.00 21904815.00
05/01/2017 170.90 169.00 172.95 171.25 140 210.00 11483804.00
06/01/2017 170.95 170.00 173.10 171.00 249 471.00 26038342.00
09/01/2017 170.85 169.60 175.30 174.50 317 767.00 42197498.00
10/01/2017 174.00 174.00 178.45 178.25 245 381.00 21502292.00
11/01/2017 178.00 177.25 180.60 178.00 266 490.00 28048870.00
12/01/2017 178.50 178.50 182.20 181.90 219 495.00 28436671.00
13/01/2017 181.75 176.95 181.75 178.70 249 431.00 24685395.00
16/01/2017 179.00 177.65 179.00 178.50 16 20.00 1150099.00
17/01/2017 178.20 178.20 182.00 181.25 238 473.00 27416963.00
18/01/2017 181.25 177.75 182.00 180.00 201 352.00 20396825.00
19/01/2017 179.85 179.00 182.00 181.10 195 348.00 20098320.00
20/01/2017 181.20 181.05 184.45 183.90 196 284.00 16594233.00
23/01/2017 184.80 184.65 188.50 186.50 228 390.00 23094274.00
24/01/2017 186.90 182.80 188.40 182.80 245 392.00 23082159.00
26/01/2017 183.00 180.50 184.95 182.00 188 292.00 16995827.00
27/01/2017 182.00 180.25 183.65 183.10 81 126.00 7256617.00
30/01/2017 183.00 180.10 183.00 181.15 109 218.00 12320380.00
31/01/2017 181.15 175.00 182.80 179.55 267 459.00 25776234.00
01/02/2017 179.50 177.05 181.25 180.00 107 176.00 9952656.00
02/02/2017 180.50 175.95 181.45 176.90 168 268.00 14928487.00
03/02/2017 176.00 173.80 177.00 176.25 138 201.00 10966012.00
06/02/2017 175.50 172.30 175.50 173.00 62 101.00 5464561.00
07/02/2017 172.60 171.25 173.00 171.35 86 113.00 6065035.00
08/02/2017 171.35 169.55 172.50 170.70 51 67.00 3570334.00
09/02/2017 172.30 171.40 174.40 173.75 70 104.00 5636284.00
10/02/2017 173.50 173.00 175.75 174.05 151 225.00 12202292.00
13/02/2017 173.15 170.50 173.50 170.50 47 52.00 2781654.00
14/02/2017 170.55 168.30 172.75 169.50 78 307.00 16331866.00
15/02/2017 169.90 167.00 170.00 168.90 175 255.00 13179510.00
16/02/2017 168.50 168.50 171.70 170.70 178 279.00 14611395.00
17/02/2017 170.70 170.05 173.50 172.10 48 173.00 9160277.00
20/02/2017 174.00 172.00 174.00 172.25 7 78.00 4147061.00
21/02/2017 172.95 172.80 176.30 175.30 91 98.00 5296175.00
22/02/2017 175.50 173.50 177.25 174.00 35 45.00 2427170.00
23/02/2017 173.30 173.30 176.50 176.50 18 62.00 3304979.00
24/02/2017 176.00 169.00 176.00 169.15 13 77.00 4088895.00
01/03/2017 161.80 159.00 161.80 160.00 7 55.00 2750218.00
02/03/2017 158.00 156.20 158.00 156.20 2 5.00 247205.00
03/03/2017 158.50 158.50 159.85 159.85 2 5.00 249288.00
17/03/2017 172.00 166.00 172.00 172.00 3 108.00 5612804.00
