13/10/2016 197.75 197.75 199.30 199.00 56 56.00 3548162.00
14/10/2016 200.60 200.60 200.60 200.60 2 20.00 1281674.00
17/10/2016 202.90 202.90 203.50 203.50 3 3.00 194912.00
18/10/2016 205.15 205.15 205.95 205.95 28 28.00 1826432.00
19/10/2016 204.80 204.60 204.80 204.60 5 5.00 324375.00
24/10/2016 201.50 201.50 201.50 201.50 1 1.00 62866.00
25/10/2016 208.00 208.00 209.00 209.00 3 5.00 323281.00
26/10/2016 208.45 208.45 209.70 209.70 2 2.00 131617.00
28/10/2016 208.00 208.00 208.00 208.00 1 3.00 199487.00
31/10/2016 207.65 207.65 209.45 208.00 7 12.00 795738.00
01/11/2016 208.60 204.00 209.50 204.00 7 11.00 735053.00
03/11/2016 208.65 207.00 209.75 207.00 7 14.00 940567.00
04/11/2016 210.50 208.60 210.50 208.65 8 8.00 540408.00
22/11/2016 205.50 205.50 205.50 205.50 25 25.00 1724864.00
23/11/2016 202.25 200.55 202.65 202.25 42 48.00 3281244.00
29/11/2016 199.00 194.70 199.00 195.00 36 101.00 6719850.00
08/02/2017 184.60 184.60 185.00 185.00 2 2.00 115171.00
22/02/2017 192.00 192.00 192.00 192.00 2 13.00 768643.00
02/03/2017 185.20 185.00 186.05 185.70 17 58.00 3383255.00
03/03/2017 184.70 184.00 184.70 184.00 3 12.00 692142.00
06/03/2017 183.50 183.00 183.50 183.05 17 39.00 2230097.00
07/03/2017 183.75 182.00 183.75 182.00 19 48.00 2732649.00
08/03/2017 181.25 181.25 182.00 182.00 3 63.00 3618999.00
09/03/2017 182.50 182.00 182.80 182.80 3 11.00 638809.00
10/03/2017 182.75 182.75 182.75 182.75 3 31.00 1782798.00
13/03/2017 181.85 181.60 182.25 181.60 42 62.00 3554073.00
14/03/2017 185.75 185.75 186.15 186.15 5 6.00 354042.00
15/03/2017 184.05 183.60 184.05 183.60 3 11.00 631532.00
16/03/2017 186.00 186.00 186.00 186.00 1 1.00 57933.00
17/03/2017 183.00 183.00 184.50 183.50 21 41.00 2337243.00
20/03/2017 184.95 184.75 186.80 186.80 10 16.00 913390.00
21/03/2017 187.50 187.50 187.50 187.50 1 1.00 57804.00
22/03/2017 186.50 183.30 186.50 183.30 28 44.00 2512990.00
23/03/2017 184.25 182.20 184.30 183.25 17 90.00 5158854.00
24/03/2017 182.90 180.70 182.90 181.20 72 392.00 22191528.00
27/03/2017 182.00 182.00 182.25 182.05 15 42.00 2396652.00
28/03/2017 181.00 180.45 181.00 180.50 35 89.00 5041430.00
29/03/2017 180.80 180.80 183.90 183.90 14 18.00 1025323.00
31/03/2017 181.20 181.20 181.20 181.20 3 5.00 283696.00
03/04/2017 185.50 183.00 185.50 183.00 6 6.00 345621.00
04/04/2017 178.95 178.95 178.95 178.95 1 1.00 55478.00
06/04/2017 179.15 179.15 179.15 179.15 1 1.00 56144.00
07/04/2017 181.00 181.00 181.00 181.00 1 1.00 56981.00
10/04/2017 182.20 182.20 183.60 183.45 6 6.00 343779.00
11/04/2017 183.00 183.00 183.00 183.00 1 1.00 57385.00
12/04/2017 183.00 182.50 183.50 183.50 3 31.00 1786825.00
17/04/2017 183.10 183.10 184.50 183.80 5 7.00 398972.00
18/04/2017 184.50 184.50 186.25 186.25 2 3.00 172943.00
19/04/2017 187.90 181.00 187.90 181.00 13 64.00 3757768.00
20/04/2017 181.10 181.10 181.10 181.10 1 1.00 57155.00
24/04/2017 172.15 171.55 173.20 171.55 14 209.00 11264978.00
25/04/2017 171.30 171.00 171.60 171.60 7 16.00 862827.00
26/04/2017 169.00 169.00 169.00 169.00 1 1.00 53767.00
27/04/2017 168.90 167.50 168.90 168.50 24 314.00 16732930.00
28/04/2017 169.70 169.00 173.25 173.25 6 7.00 378694.00
02/05/2017 176.50 174.50 176.50 175.35 18 75.00 4146532.00
03/05/2017 177.50 176.35 179.60 179.50 6 6.00 337108.00
04/05/2017 176.30 173.00 176.30 174.00 15 25.00 1385298.00
05/05/2017 176.00 176.00 176.00 176.00 1 1.00 55889.00
08/05/2017 176.00 176.00 177.50 177.50 4 6.00 338745.00
09/05/2017 176.90 175.75 177.50 175.75 21 75.00 4226807.00
10/05/2017 176.50 176.50 177.00 177.00 10 29.00 1618702.00
11/05/2017 177.00 172.95 177.00 173.70 29 211.00 11647456.00
12/05/2017 174.00 174.00 175.50 174.65 6 15.00 818597.00
15/05/2017 174.80 174.10 175.40 174.40 9 19.00 1031632.00
16/05/2017 172.95 171.10 172.95 171.10 6 13.00 692791.00
17/05/2017 171.25 169.25 175.20 174.90 21 45.00 2437736.00
18/05/2017 170.95 169.00 172.00 169.00 131 159.00 9002324.00
19/05/2017 171.20 171.20 171.20 171.20 1 1.00 55724.00
22/05/2017 171.25 168.00 171.25 170.30 38 120.00 6652824.00
23/05/2017 170.00 169.15 171.20 170.25 46 292.00 16265494.00
24/05/2017 169.20 167.40 169.50 167.50 26 31.00 1703624.00
25/05/2017 166.80 166.80 168.30 167.90 16 33.00 1818823.00
26/05/2017 169.85 169.05 171.50 171.00 14 19.00 1053848.00
31/05/2017 172.25 172.25 172.25 172.25 1 1.00 55788.00
01/06/2017 168.50 167.90 169.05 168.10 5 35.00 1914306.00
02/06/2017 166.35 163.65 166.50 163.65 33 87.00 4673841.00
05/06/2017 164.25 164.25 168.65 167.85 10 57.00 3091999.00
06/06/2017 167.00 164.05 167.50 165.15 17 70.00 3824887.00
08/06/2017 165.25 164.25 165.50 165.50 13 22.00 1188209.00
12/06/2017 165.65 165.65 165.65 165.65 1 1.00 54938.00
13/06/2017 164.50 164.50 165.75 165.45 15 204.00 11130471.00
14/06/2017 165.15 164.50 166.50 165.35 15 225.00 12211204.00
16/06/2017 162.60 162.60 162.60 162.60 2 10.00 533539.00
