20/06/2016 2670.00 2670.00 2716.00 2699.00 183797 60029200.00 1105449881.00
21/06/2016 2699.00 2686.00 2744.00 2739.00 179102 69026800.00 1260159186.00
22/06/2016 2740.00 2669.00 2745.00 2680.00 177277 71598900.00 1331387678.00
23/06/2016 2680.00 2680.00 2752.00 2744.00 164091 60468100.00 1109138940.00
24/06/2016 2744.00 2658.00 2744.00 2703.00 184256 63372800.00 1262381766.00
27/06/2016 2703.00 2671.00 2711.00 2703.00 162713 56777200.00 1047554340.00
28/06/2016 2703.00 2680.00 2736.00 2689.00 179285 63259400.00 1278952701.00
29/06/2016 2689.00 2689.00 2741.00 2733.00 232106 105716400.00 2131498038.00
30/06/2016 2733.00 2713.00 2758.00 2758.00 206588 90048500.00 1777463453.00
01/07/2016 2758.00 2758.00 2799.00 2793.00 205234 107327400.00 2048763512.00
04/07/2016 2793.00 2793.00 2831.00 2819.00 125513 44907200.00 883106801.00
05/07/2016 2818.00 2786.00 2818.00 2798.00 174560 54898700.00 1116269893.00
06/07/2016 2798.00 2756.00 2798.00 2795.00 165033 54649900.00 1058581793.00
07/07/2016 2795.00 2788.00 2818.00 2798.00 168123 50158500.00 1051285471.00
08/07/2016 2798.00 2798.00 2859.00 2857.00 166785 56897700.00 1179658257.00
11/07/2016 2857.00 2857.00 2886.00 2884.00 175166 58085700.00 1185582867.00
12/07/2016 2884.00 2884.00 2925.00 2911.00 202478 61355300.00 1300844010.00
13/07/2016 2911.00 2900.00 2934.00 2929.00 217441 67371700.00 1327528958.00
14/07/2016 2929.00 2929.00 2963.00 2950.00 216450 71098600.00 1494743281.00
15/07/2016 2951.00 2928.00 2956.00 2956.00 190946 58442500.00 1200108776.00
18/07/2016 2956.00 2937.00 2981.00 2981.00 155532 60414700.00 1228678911.00
19/07/2016 2981.00 2972.00 3010.00 3010.00 177997 60970200.00 1373782887.00
20/07/2016 3010.00 2970.00 3018.00 2979.00 167574 56361900.00 1226018276.00
21/07/2016 2980.00 2958.00 2983.00 2980.00 176657 55132600.00 1129274827.00
22/07/2016 2981.00 2979.00 3013.00 3007.00 150643 51107500.00 1149277395.00
25/07/2016 3007.00 2975.00 3007.00 2990.00 144071 51125100.00 1100301436.00
26/07/2016 2990.00 2972.00 3004.00 2972.00 157242 55467500.00 1192362842.00
27/07/2016 2975.00 2963.00 2984.00 2966.00 195064 54943200.00 1171516842.00
28/07/2016 2966.00 2937.00 2983.00 2982.00 183290 52883000.00 1196597171.00
29/07/2016 2982.00 2968.00 3044.00 3036.00 247174 89587900.00 2034597591.00
01/08/2016 3036.00 3030.00 3054.00 3039.00 186273 55490300.00 1220978120.00
02/08/2016 3039.00 2980.00 3039.00 3009.00 183290 50822500.00 1134849191.00
03/08/2016 3009.00 2978.00 3009.00 3005.00 191585 54748500.00 1203299957.00
04/08/2016 3005.00 2991.00 3037.00 3018.00 179770 55645200.00 1217028351.00
05/08/2016 3017.00 3013.00 3043.00 3037.00 147905 48194800.00 1084770405.00
08/08/2016 3038.00 3033.00 3065.00 3053.00 163574 74032100.00 1325364045.00
09/08/2016 3053.00 3052.00 3075.00 3061.00 163015 45374200.00 991455946.00
10/08/2016 3061.00 3030.00 3074.00 3045.00 143241 54347800.00 1126189579.00
11/08/2016 3045.00 3029.00 3081.00 3079.00 206269 82246900.00 1501007317.00
12/08/2016 3079.00 3075.00 3111.00 3088.00 206809 76832800.00 1480861835.00
15/08/2016 3088.00 3085.00 3127.00 3110.00 175765 57667700.00 1126588475.00
16/08/2016 3110.00 3076.00 3110.00 3087.00 176986 58886800.00 1275283840.00
17/08/2016 3087.00 3034.00 3093.00 3093.00 222160 77999600.00 1773729186.00
18/08/2016 3093.00 3060.00 3094.00 3075.00 154906 55106000.00 1215813437.00
19/08/2016 3075.00 3054.00 3097.00 3084.00 153480 43357100.00 919460730.00
22/08/2016 3084.00 3032.00 3085.00 3043.00 163618 53992800.00 1098539322.00
23/08/2016 3043.00 3036.00 3063.00 3037.00 173017 58623200.00 1191974585.00
24/08/2016 3037.00 3017.00 3063.00 3046.00 157199 48868200.00 1074296754.00
25/08/2016 3047.00 3039.00 3061.00 3042.00 170939 57903100.00 1271860547.00
26/08/2016 3043.00 3021.00 3084.00 3042.00 215668 59330000.00 1368864839.00
29/08/2016 3044.00 3038.00 3088.00 3075.00 165073 46068200.00 1041282955.00
30/08/2016 3076.00 3052.00 3081.00 3066.00 154197 49950000.00 1133920877.00
31/08/2016 3066.00 3023.00 3071.00 3049.00 209443 67857300.00 1499216286.00
01/09/2016 3049.00 3027.00 3065.00 3061.00 204047 77168400.00 1732728507.00
02/09/2016 3061.00 3061.00 3112.00 3112.00 194981 63611900.00 1395646410.00
05/09/2016 3114.00 3091.00 3122.00 3097.00 124529 42742300.00 688954710.00
06/09/2016 3098.00 3087.00 3135.00 3135.00 223135 83717400.00 1435994840.00
08/09/2016 3135.00 3120.00 3167.00 3167.00 268389 102065800.00 1811398367.00
09/09/2016 3167.00 3093.00 3167.00 3097.00 249988 93502000.00 1620993222.00
12/09/2016 3097.00 3070.00 3106.00 3105.00 199537 64610000.00 1184913445.00
13/09/2016 3105.00 3023.00 3105.00 3058.00 260213 78177700.00 1373974832.00
14/09/2016 3058.00 3035.00 3066.00 3061.00 199764 67032300.00 1105946293.00
15/09/2016 3064.00 3063.00 3089.00 3081.00 159922 54362900.00 1053126673.00
16/09/2016 3081.00 3028.00 3082.00 3065.00 178737 85629200.00 1673003441.00
19/09/2016 3065.00 3065.00 3103.00 3078.00 182497 64485900.00 1181896063.00
20/09/2016 3078.00 3078.00 3097.00 3094.00 157700 46535200.00 890258817.00
21/09/2016 3094.00 3076.00 3131.00 3121.00 222785 61452200.00 1276063419.00
22/09/2016 3121.00 3121.00 3175.00 3149.00 214656 77027800.00 1432424053.00
23/09/2016 3149.00 3125.00 3167.00 3129.00 200819 66036900.00 1171603048.00
26/09/2016 3129.00 3094.00 3129.00 3107.00 157792 68453500.00 1166827413.00
27/09/2016 3108.00 3094.00 3133.00 3125.00 202350 60347400.00 1105601130.00
28/09/2016 3125.00 3123.00 3157.00 3150.00 178673 61039300.00 1071812103.00
29/09/2016 3150.00 3104.00 3158.00 3108.00 195561 63757500.00 1132946354.00
30/09/2016 3108.00 3108.00 3137.00 3115.00 203714 63203100.00 1250414650.00
03/10/2016 3115.00 3110.00 3166.00 3162.00 213018 64674900.00 1281158629.00
04/10/2016 3162.00 3121.00 3169.00 3148.00 215438 76239400.00 1426541972.00
05/10/2016 3148.00 3148.00 3211.00 3201.00 201543 67927200.00 1245472294.00
06/10/2016 3202.00 3186.00 3210.00 3204.00 175425 67536000.00 1319665661.00
07/10/2016 3205.00 3185.00 3215.00 3208.00 199948 93220300.00 1607183865.00
10/10/2016 3208.00 3208.00 3228.00 3222.00 158412 56079000.00 1128458558.00
11/10/2016 3222.00 3193.00 3222.00 3195.00 207635 71036600.00 1446269904.00
13/10/2016 3195.00 3153.00 3195.00 3170.00 281360 107801200.00 2264517232.00
14/10/2016 3170.00 3170.00 3206.00 3198.00 229669 85298700.00 1600764998.00
17/10/2016 3196.00 3188.00 3210.00 3207.00 201525 67629100.00 1259728153.00
18/10/2016 3209.00 3203.00 3249.00 3242.00 258128 85532500.00 1668316202.00
19/10/2016 3242.00 3220.00 3253.00 3230.00 191211 102259300.00 1587447320.00
20/10/2016 3230.00 3189.00 3230.00 3220.00 194141 80203800.00 1202563465.00
21/10/2016 3220.00 3197.00 3234.00 3224.00 195019 98767900.00 1611905024.00
24/10/2016 3223.00 3217.00 3245.00 3218.00 184959 76450400.00 1336835492.00
25/10/2016 3218.00 3169.00 3218.00 3181.00 217774 98214000.00 1570492073.00
26/10/2016 3180.00 3104.00 3180.00 3135.00 252409 140554300.00 2066542108.00
27/10/2016 3135.00 3119.00 3152.00 3122.00 239626 94550700.00 1539231836.00
28/10/2016 3122.00 3096.00 3152.00 3128.00 253274 114682500.00 1923363824.00
31/10/2016 3128.00 3119.00 3137.00 3128.00 237679 99857200.00 1642153339.00
01/11/2016 3128.00 3054.00 3149.00 3055.00 278148 108056700.00 1866056344.00
03/11/2016 3055.00 2986.00 3066.00 2986.00 281992 100022300.00 1773184172.00
04/11/2016 2986.00 2954.00 3010.00 2955.00 265750 109945000.00 2132610063.00
07/11/2016 2955.00 2955.00 3051.00 3044.00 223401 87010300.00 1377762566.00
08/11/2016 3044.00 3021.00 3064.00 3049.00 225071 73823700.00 1279418140.00
09/11/2016 3049.00 2942.00 3049.00 3005.00 260176 95486200.00 1547686343.00
10/11/2016 3006.00 2867.00 3018.00 2898.00 438052 142118700.00 2418126053.00
11/11/2016 2898.00 2803.00 2910.00 2813.00 492084 144141800.00 2380391375.00
14/11/2016 2812.00 2787.00 2854.00 2842.00 439198 114953300.00 1820090741.00
16/11/2016 2842.00 2839.00 2906.00 2905.00 289939 93189500.00 1475815031.00
17/11/2016 2906.00 2886.00 2932.00 2887.00 261434 93102500.00 1871192832.00
18/11/2016 2887.00 2863.00 2897.00 2869.00 240382 83342300.00 1231260221.00
21/11/2016 2869.00 2869.00 2896.00 2888.00 224648 81424400.00 1277228875.00
22/11/2016 2888.00 2888.00 2940.00 2899.00 252717 95884300.00 1578887559.00
23/11/2016 2895.00 2857.00 2896.00 2890.00 233179 83022100.00 1308823575.00
24/11/2016 2890.00 2879.00 2900.00 2886.00 102519 45902000.00 541760544.00
25/11/2016 2886.00 2843.00 2886.00 2871.00 138616 58885200.00 745705643.00
28/11/2016 2871.00 2854.00 2918.00 2914.00 179268 59691800.00 1054784067.00
29/11/2016 2914.00 2839.00 2914.00 2840.00 219287 68669900.00 1141057442.00
30/11/2016 2840.00 2840.00 2899.00 2871.00 220866 90418400.00 1568669060.00
01/12/2016 2871.00 2728.00 2871.00 2745.00 413432 126729800.00 2180869037.00
02/12/2016 2745.00 2686.00 2755.00 2752.00 298606 101610800.00 1560713570.00
05/12/2016 2753.00 2719.00 2770.00 2720.00 211583 65539300.00 1120705859.00
06/12/2016 2717.00 2700.00 2820.00 2819.00 296907 106877900.00 1661728198.00
07/12/2016 2819.00 2819.00 2861.00 2836.00 276634 98397000.00 1579484387.00
08/12/2016 2836.00 2785.00 2860.00 2802.00 220675 69835000.00 1084142704.00
09/12/2016 2802.00 2778.00 2823.00 2802.00 245764 85268700.00 1405360766.00
12/12/2016 2802.00 2737.00 2802.00 2742.00 197688 66878700.00 1050305449.00
13/12/2016 2742.00 2728.00 2784.00 2784.00 284860 100001200.00 1519008387.00
14/12/2016 2784.00 2739.00 2798.00 2739.00 270765 110144400.00 1654355342.00
15/12/2016 2739.00 2706.00 2745.00 2740.00 270032 86169700.00 1333559824.00
16/12/2016 2742.00 2742.00 2780.00 2748.00 207611 98757100.00 1624856877.00
19/12/2016 2748.00 2711.00 2760.00 2711.00 183976 96088900.00 1433997897.00
20/12/2016 2711.00 2694.00 2727.00 2708.00 220633 73058000.00 1125446215.00
21/12/2016 2709.00 2705.00 2733.00 2723.00 164980 63254900.00 1019878589.00
22/12/2016 2723.00 2698.00 2737.00 2721.00 200826 72849300.00 1135490478.00
23/12/2016 2721.00 2720.00 2752.00 2740.00 139880 46189000.00 707186187.00
26/12/2016 2740.00 2740.00 2774.00 2767.00 59023 18595100.00 283497339.00
27/12/2016 2767.00 2759.00 2787.00 2774.00 142030 40813200.00 683635411.00
28/12/2016 2775.00 2773.00 2807.00 2804.00 147967 43916600.00 729399093.00
29/12/2016 2804.00 2783.00 2824.00 2824.00 175859 61766700.00 1014964179.00
02/01/2017 2824.00 2794.00 2824.00 2806.00 89500 31299400.00 415583731.00
03/01/2017 2806.00 2806.00 2888.00 2888.00 232817 94367600.00 1430997519.00
04/01/2017 2888.00 2865.00 2899.00 2881.00 209808 78461100.00 1134005820.00
05/01/2017 2881.00 2869.00 2897.00 2875.00 200545 78566100.00 1210759260.00
06/01/2017 2875.00 2825.00 2875.00 2838.00 180507 58608500.00 1026270912.00
09/01/2017 2838.00 2817.00 2854.00 2839.00 191299 64511100.00 1056372777.00
10/01/2017 2842.00 2828.00 2863.00 2833.00 179849 83032100.00 1179839382.00
11/01/2017 2833.00 2798.00 2857.00 2828.00 195854 82057300.00 1087965683.00
12/01/2017 2829.00 2829.00 2939.00 2916.00 342852 161264800.00 2497270056.00
13/01/2017 2916.00 2892.00 2926.00 2905.00 227367 94604100.00 1335821858.00
16/01/2017 2905.00 2889.00 2911.00 2902.00 156298 75374900.00 834694629.00
17/01/2017 2901.00 2891.00 2942.00 2939.00 276812 147621500.00 1711422775.00
18/01/2017 2939.00 2918.00 2950.00 2921.00 240928 132408500.00 1544037759.00
19/01/2017 2921.00 2896.00 2931.00 2909.00 252589 114879200.00 1679711836.00
20/01/2017 2910.00 2910.00 2944.00 2940.00 237960 103868000.00 1394893721.00
23/01/2017 2940.00 2917.00 2952.00 2948.00 207532 83321700.00 1239285907.00
24/01/2017 2948.00 2938.00 2979.00 2967.00 218537 91728800.00 1423586493.00
26/01/2017 2967.00 2967.00 2999.00 2979.00 251152 102207000.00 1677358193.00
27/01/2017 2979.00 2959.00 2980.00 2970.00 205825 93098700.00 1490994536.00
30/01/2017 2970.00 2899.00 2970.00 2910.00 192919 67891300.00 1062428876.00
31/01/2017 2911.00 2903.00 2925.00 2917.00 205760 72321600.00 1138297824.00
01/02/2017 2917.00 2912.00 2945.00 2916.00 250017 106363000.00 1614245682.00
02/02/2017 2916.00 2908.00 2948.00 2935.00 219821 86364900.00 1290737717.00
03/02/2017 2935.00 2928.00 2973.00 2956.00 288193 103319300.00 1549655606.00
06/02/2017 2956.00 2902.00 2959.00 2904.00 255703 104609500.00 1406414494.00
07/02/2017 2904.00 2889.00 2920.00 2895.00 204428 92295800.00 1331735580.00
08/02/2017 2897.00 2882.00 2906.00 2898.00 212232 81660800.00 1272193508.00
09/02/2017 2899.00 2888.00 2915.00 2901.00 207034 75068400.00 1296115661.00
10/02/2017 2901.00 2897.00 2945.00 2939.00 225504 80143800.00 1423455728.00
13/02/2017 2939.00 2938.00 2957.00 2950.00 205682 64569200.00 1137813534.00
14/02/2017 2950.00 2943.00 2974.00 2962.00 229111 78618500.00 1379591094.00
15/02/2017 2962.00 2962.00 3025.00 3017.00 316397 107658200.00 1906082725.00
16/02/2017 3017.00 3002.00 3019.00 3006.00 241341 90736800.00 1740875156.00
17/02/2017 3006.00 2975.00 3006.00 2997.00 210509 91442900.00 1631603973.00
20/02/2017 2998.00 2998.00 3017.00 3000.00 150782 62023500.00 1037215595.00
21/02/2017 3001.00 2995.00 3014.00 3010.00 225219 81661000.00 1477737082.00
22/02/2017 3010.00 2972.00 3010.00 2988.00 259684 90004900.00 1631969894.00
23/02/2017 2988.00 2972.00 3033.00 2979.00 304534 112786700.00 1820534618.00
24/02/2017 2979.00 2927.00 2979.00 2944.00 273945 93214400.00 1780242252.00
01/03/2017 2944.00 2941.00 2969.00 2952.00 233632 65591700.00 1315075122.00
02/03/2017 2951.00 2901.00 2951.00 2910.00 288822 85684400.00 1677691563.00
03/03/2017 2910.00 2890.00 2928.00 2928.00 209579 64271900.00 1206556837.00
06/03/2017 2928.00 2914.00 2953.00 2924.00 223569 94827500.00 1673021837.00
07/03/2017 2924.00 2894.00 2932.00 2894.00 204839 71251200.00 1445120009.00
08/03/2017 2894.00 2858.00 2900.00 2879.00 219175 87819300.00 1568867154.00
09/03/2017 2878.00 2868.00 2891.00 2881.00 260405 92709600.00 1668734901.00
10/03/2017 2881.00 2881.00 2911.00 2896.00 233789 94632700.00 1738355880.00
13/03/2017 2896.00 2896.00 2933.00 2923.00 189652 55389800.00 1006209580.00
14/03/2017 2925.00 2886.00 2928.00 2888.00 197549 64593500.00 1211827999.00
15/03/2017 2888.00 2875.00 2952.00 2941.00 232086 93000000.00 1768673882.00
16/03/2017 2941.00 2941.00 2973.00 2962.00 206231 66553000.00 1307688035.00
17/03/2017 2962.00 2875.00 2975.00 2882.00 333031 138067600.00 2491150017.00
20/03/2017 2882.00 2820.00 2912.00 2905.00 315763 132219200.00 2380052898.00
21/03/2017 2904.00 2853.00 2910.00 2858.00 298959 88292100.00 1610470326.00
22/03/2017 2858.00 2815.00 2858.00 2856.00 291072 90225800.00 1653734904.00
23/03/2017 2856.00 2831.00 2884.00 2870.00 227074 71595700.00 1475207408.00
24/03/2017 2870.00 2863.00 2883.00 2883.00 209486 77592200.00 1477235124.00
27/03/2017 2883.00 2870.00 2908.00 2899.00 231436 63245000.00 1240834507.00
28/03/2017 2899.00 2895.00 2946.00 2936.00 217454 78667600.00 1509945259.00
29/03/2017 2936.00 2932.00 2961.00 2960.00 211748 64481700.00 1233727397.00
30/03/2017 2960.00 2943.00 2967.00 2954.00 176332 54970700.00 1075338091.00
31/03/2017 2954.00 2937.00 2962.00 2951.00 202877 65821000.00 1399233943.00
03/04/2017 2951.00 2933.00 2958.00 2942.00 170005 61300200.00 1150859213.00
04/04/2017 2942.00 2930.00 2950.00 2946.00 170473 56816200.00 1193604040.00
05/04/2017 2945.00 2935.00 2972.00 2939.00 272134 70950100.00 1454238005.00
06/04/2017 2939.00 2924.00 2954.00 2939.00 239881 63864700.00 1258332817.00
07/04/2017 2939.00 2934.00 2972.00 2959.00 242348 72353700.00 1431035761.00
10/04/2017 2960.00 2945.00 2973.00 2966.00 163572 72408400.00 1425608035.00
11/04/2017 2966.00 2910.00 2985.00 2966.00 230073 77253200.00 1506628221.00
12/04/2017 2966.00 2956.00 2987.00 2970.00 240600 102956200.00 2062939043.00
13/04/2017 2970.00 2950.00 2991.00 2965.00 181054 62909400.00 1255314355.00
17/04/2017 2965.00 2965.00 3036.00 3025.00 189964 67547300.00 1362526988.00
18/04/2017 3025.00 3013.00 3052.00 3044.00 201277 63492500.00 1294921401.00
19/04/2017 3045.00 3021.00 3052.00 3027.00 216417 69458500.00 1426192613.00
20/04/2017 3027.00 3027.00 3053.00 3041.00 184113 72882900.00 1301879400.00
24/04/2017 3041.00 3041.00 3082.00 3065.00 266214 91027800.00 1869227996.00
25/04/2017 3065.00 3051.00 3097.00 3097.00 264590 97607800.00 1908107246.00
26/04/2017 3096.00 3069.00 3098.00 3085.00 234401 75051700.00 1418980634.00
27/04/2017 3085.00 3055.00 3095.00 3086.00 217733 73087400.00 1511962480.00
28/04/2017 3087.00 3081.00 3145.00 3145.00 234405 97094500.00 2123925212.00
02/05/2017 3146.00 3145.00 3239.00 3236.00 358894 107632900.00 2247523764.00
03/05/2017 3236.00 3226.00 3257.00 3245.00 262807 89348200.00 1845795530.00
04/05/2017 3245.00 3213.00 3246.00 3225.00 314297 110688600.00 2384023016.00
05/05/2017 3224.00 3216.00 3244.00 3240.00 214520 78208400.00 1593576094.00
08/05/2017 3239.00 3224.00 3249.00 3241.00 212730 62303900.00 1267280868.00
09/05/2017 3241.00 3241.00 3296.00 3290.00 231053 80338500.00 1689653139.00
10/05/2017 3291.00 3291.00 3371.00 3371.00 310896 102686900.00 2247917768.00
11/05/2017 3371.00 3354.00 3383.00 3366.00 246397 93402700.00 2070773781.00
12/05/2017 3366.00 3361.00 3386.00 3377.00 308612 119333100.00 2464006556.00
15/05/2017 3377.00 3355.00 3382.00 3360.00 247810 87614000.00 1937550492.00
16/05/2017 3360.00 3339.00 3364.00 3355.00 317792 111656900.00 2203034730.00
17/05/2017 3355.00 3297.00 3355.00 3303.00 322162 96471000.00 1903930707.00
18/05/2017 3302.00 2964.00 3302.00 3066.00 688333 244347900.00 4490318168.00
19/05/2017 3066.00 3066.00 3124.00 3101.00 441320 161709900.00 2992565165.00
22/05/2017 3101.00 3010.00 3101.00 3018.00 510783 202506400.00 3145689298.00
23/05/2017 3016.00 3015.00 3099.00 3096.00 382055 176263100.00 2366720767.00
24/05/2017 3096.00 3096.00 3153.00 3134.00 350241 148259200.00 2291313099.00
25/05/2017 3134.00 3134.00 3170.00 3164.00 298227 141002000.00 1988291618.00
26/05/2017 3164.00 3163.00 3201.00 3199.00 301574 140974500.00 2271444721.00
29/05/2017 3199.00 3160.00 3199.00 3176.00 173063 64456000.00 1006715445.00
30/05/2017 3176.00 3162.00 3183.00 3162.00 233674 76498500.00 1368204790.00
31/05/2017 3162.00 3118.00 3170.00 3123.00 350720 157331700.00 3105564922.00
01/06/2017 3123.00 3096.00 3145.00 3102.00 326412 121689400.00 2053440637.00
02/06/2017 3105.00 3084.00 3127.00 3099.00 246195 99720500.00 1793558332.00
05/06/2017 3099.00 3075.00 3103.00 3099.00 241564 91041600.00 1629030264.00
06/06/2017 3097.00 3094.00 3151.00 3143.00 262861 111514600.00 1810035102.00
07/06/2017 3143.00 3136.00 3168.00 3157.00 285260 88840100.00 1683037499.00
08/06/2017 3157.00 3112.00 3157.00 3121.00 243396 81538000.00 1519278907.00
09/06/2017 3121.00 3077.00 3129.00 3089.00 279675 101415600.00 1931589345.00
12/06/2017 3089.00 3050.00 3089.00 3058.00 265629 99351400.00 1646403542.00
13/06/2017 3058.00 3044.00 3067.00 3064.00 202612 79958900.00 1480120566.00
14/06/2017 3064.00 3028.00 3082.00 3054.00 278373 114834800.00 2186547049.00
16/06/2017 3054.00 3023.00 3054.00 3037.00 253446 157316500.00 2970853300.00
