20/06/2016 2380.00 2380.00 2454.00 2432.00 222204 93552400.00 1275630970.00
21/06/2016 2431.00 2390.00 2437.00 2434.00 187045 92039600.00 1287296132.00
22/06/2016 2433.00 2426.00 2468.00 2429.00 222703 93172100.00 1247894894.00
23/06/2016 2429.00 2429.00 2509.00 2505.00 171397 82437500.00 1119671909.00
24/06/2016 2505.00 2399.00 2505.00 2422.00 231763 109558000.00 1448244240.00
27/06/2016 2422.00 2380.00 2429.00 2394.00 191689 83333800.00 1125123690.00
28/06/2016 2394.00 2394.00 2460.00 2456.00 200066 93897800.00 1163046259.00
29/06/2016 2456.00 2456.00 2521.00 2511.00 219715 107439700.00 1475093726.00
30/06/2016 2511.00 2493.00 2550.00 2549.00 209321 135854400.00 1814290887.00
01/07/2016 2549.00 2531.00 2561.00 2552.00 187553 98315100.00 1322352792.00
04/07/2016 2552.00 2552.00 2591.00 2576.00 116534 50042200.00 687936948.00
05/07/2016 2576.00 2528.00 2577.00 2539.00 202245 80451100.00 1161357394.00
06/07/2016 2539.00 2480.00 2539.00 2532.00 201864 89669400.00 1302730685.00
07/07/2016 2532.00 2526.00 2559.00 2528.00 225011 108786100.00 1410652610.00
08/07/2016 2528.00 2528.00 2591.00 2591.00 203665 100998000.00 1426481219.00
11/07/2016 2591.00 2591.00 2650.00 2649.00 197173 89580800.00 1336403776.00
12/07/2016 2649.00 2647.00 2696.00 2648.00 257189 109301900.00 1667771937.00
13/07/2016 2648.00 2634.00 2670.00 2666.00 244723 103813900.00 1533822826.00
14/07/2016 2666.00 2666.00 2721.00 2709.00 288836 137800100.00 2027475150.00
15/07/2016 2709.00 2702.00 2722.00 2719.00 266478 115411000.00 1785895424.00
18/07/2016 2719.00 2708.00 2769.00 2767.00 185794 93275900.00 1411902133.00
19/07/2016 2768.00 2744.00 2776.00 2776.00 222446 109497800.00 1665001813.00
20/07/2016 2776.00 2757.00 2803.00 2788.00 189663 110356800.00 1708391388.00
21/07/2016 2788.00 2775.00 2810.00 2797.00 196080 98828800.00 1554796968.00
22/07/2016 2797.00 2783.00 2812.00 2803.00 189065 78433600.00 1194985729.00
25/07/2016 2803.00 2781.00 2817.00 2807.00 178693 83643500.00 1276282486.00
26/07/2016 2807.00 2802.00 2842.00 2823.00 200760 91919500.00 1476229421.00
27/07/2016 2823.00 2823.00 2867.00 2845.00 202724 92711700.00 1593113524.00
28/07/2016 2845.00 2804.00 2847.00 2835.00 186714 93593600.00 1412002781.00
29/07/2016 2835.00 2815.00 2879.00 2873.00 230962 87240000.00 1439185051.00
01/08/2016 2874.00 2846.00 2905.00 2849.00 213599 83704400.00 1330695646.00
02/08/2016 2849.00 2799.00 2860.00 2822.00 210069 86825400.00 1494322381.00
03/08/2016 2822.00 2801.00 2881.00 2880.00 207065 101490600.00 1500823638.00
04/08/2016 2880.00 2872.00 2923.00 2913.00 249180 106819600.00 1728332907.00
05/08/2016 2913.00 2892.00 2935.00 2914.00 201889 82939200.00 1325533141.00
08/08/2016 2914.00 2890.00 2922.00 2897.00 153453 60521300.00 981409254.00
09/08/2016 2898.00 2896.00 2919.00 2897.00 182655 80367400.00 1266261086.00
10/08/2016 2897.00 2853.00 2913.00 2855.00 180576 108439000.00 1594857525.00
11/08/2016 2855.00 2854.00 2928.00 2928.00 229909 104731100.00 1759717975.00
12/08/2016 2928.00 2905.00 2938.00 2920.00 210266 101221400.00 1745679139.00
15/08/2016 2920.00 2920.00 2978.00 2969.00 191883 74946000.00 1244567014.00
16/08/2016 2969.00 2948.00 2983.00 2955.00 198569 103514500.00 1527307455.00
17/08/2016 2955.00 2910.00 2970.00 2970.00 211416 103941800.00 1605612094.00
18/08/2016 2970.00 2955.00 2981.00 2972.00 172953 76290700.00 1304104115.00
19/08/2016 2972.00 2942.00 2988.00 2982.00 168338 64533600.00 1137443531.00
22/08/2016 2981.00 2898.00 2982.00 2905.00 172100 81552500.00 1319575721.00
23/08/2016 2905.00 2905.00 2957.00 2922.00 182820 92954200.00 1489344805.00
24/08/2016 2922.00 2898.00 2943.00 2910.00 172364 82825800.00 1261903641.00
25/08/2016 2910.00 2908.00 2934.00 2919.00 163164 62237900.00 1053938528.00
26/08/2016 2919.00 2902.00 2979.00 2920.00 231943 88622200.00 1460676993.00
29/08/2016 2920.00 2912.00 2994.00 2973.00 176497 66080400.00 1093747324.00
30/08/2016 2973.00 2957.00 2987.00 2967.00 167386 67733800.00 1152780623.00
31/08/2016 2968.00 2913.00 2983.00 2927.00 263408 125818800.00 2220465658.00
01/09/2016 2927.00 2923.00 2970.00 2964.00 233255 100837600.00 1598780878.00
02/09/2016 2964.00 2964.00 3036.00 3035.00 226133 89194300.00 1521603839.00
05/09/2016 3035.00 3012.00 3049.00 3020.00 113471 46096500.00 776416083.00
06/09/2016 3021.00 3006.00 3055.00 3055.00 183100 74664100.00 1286333328.00
08/09/2016 3056.00 3024.00 3056.00 3029.00 204656 91606400.00 1493118003.00
09/09/2016 3029.00 2900.00 3029.00 2900.00 238284 105032400.00 1639646205.00
12/09/2016 2900.00 2867.00 2933.00 2932.00 214669 96859500.00 1501359471.00
13/09/2016 2932.00 2821.00 2932.00 2840.00 271047 108544000.00 1636175978.00
14/09/2016 2840.00 2829.00 2859.00 2843.00 209442 88260100.00 1209375025.00
15/09/2016 2845.00 2845.00 2897.00 2884.00 201071 90101500.00 1238588809.00
16/09/2016 2884.00 2832.00 2885.00 2844.00 168496 97882500.00 1469179622.00
19/09/2016 2844.00 2844.00 2899.00 2864.00 142222 64296500.00 1021432606.00
20/09/2016 2864.00 2864.00 2888.00 2886.00 165616 65076600.00 1015385401.00
21/09/2016 2886.00 2885.00 2945.00 2935.00 223838 98121600.00 1517866199.00
22/09/2016 2935.00 2935.00 2984.00 2972.00 191637 81833100.00 1274656520.00
23/09/2016 2972.00 2941.00 2978.00 2955.00 189117 67656600.00 1084462979.00
26/09/2016 2955.00 2914.00 2955.00 2920.00 121203 50781600.00 797337953.00
27/09/2016 2921.00 2890.00 2949.00 2944.00 187836 72165800.00 1033643407.00
28/09/2016 2944.00 2944.00 2994.00 2994.00 184123 78702600.00 1218258499.00
29/09/2016 2994.00 2936.00 3011.00 2936.00 191924 84140200.00 1267091321.00
30/09/2016 2935.00 2919.00 2952.00 2919.00 218082 78887900.00 1267696622.00
03/10/2016 2919.00 2919.00 2976.00 2970.00 184560 64919600.00 1073266396.00
04/10/2016 2970.00 2932.00 2975.00 2952.00 223995 139815400.00 1674770947.00
05/10/2016 2952.00 2952.00 3004.00 2984.00 195487 90932700.00 1290366183.00
06/10/2016 2985.00 2966.00 3004.00 2998.00 202094 93352500.00 1388811094.00
07/10/2016 3000.00 3000.00 3045.00 3036.00 224083 108474800.00 1702765762.00
10/10/2016 3036.00 3036.00 3066.00 3060.00 199767 97830600.00 1898916871.00
11/10/2016 3060.00 3030.00 3062.00 3032.00 206841 91771500.00 1520492762.00
13/10/2016 3032.00 3002.00 3050.00 3037.00 280873 135594700.00 2234071660.00
14/10/2016 3037.00 3037.00 3097.00 3077.00 233458 92707200.00 1589643196.00
17/10/2016 3077.00 3077.00 3141.00 3141.00 233103 94063500.00 1628048428.00
18/10/2016 3141.00 3140.00 3198.00 3195.00 256356 107526900.00 1881787243.00
19/10/2016 3195.00 3164.00 3206.00 3169.00 185987 89290400.00 1534598903.00
20/10/2016 3169.00 3146.00 3214.00 3203.00 222033 100005300.00 1716854589.00
21/10/2016 3203.00 3181.00 3241.00 3223.00 208136 95635600.00 1668038075.00
24/10/2016 3223.00 3223.00 3263.00 3230.00 199202 94149800.00 1684743540.00
25/10/2016 3230.00 3207.00 3256.00 3248.00 222640 110539500.00 1998125259.00
26/10/2016 3246.00 3223.00 3269.00 3259.00 248468 108849000.00 2111882525.00
27/10/2016 3258.00 3258.00 3318.00 3302.00 240428 124635600.00 2305536971.00
28/10/2016 3302.00 3275.00 3327.00 3302.00 208999 94086900.00 1737698999.00
31/10/2016 3303.00 3303.00 3360.00 3353.00 253161 104645100.00 1798986137.00
01/11/2016 3353.00 3254.00 3377.00 3274.00 258120 106470800.00 1921366346.00
03/11/2016 3274.00 3193.00 3278.00 3193.00 261711 99453800.00 1907437039.00
04/11/2016 3193.00 3176.00 3260.00 3208.00 246209 120365000.00 2305958553.00
07/11/2016 3208.00 3208.00 3351.00 3348.00 211206 85790500.00 1584462889.00
08/11/2016 3349.00 3322.00 3390.00 3363.00 223220 97772200.00 1830366150.00
09/11/2016 3362.00 3234.00 3379.00 3316.00 274976 127932800.00 2521276113.00
10/11/2016 3315.00 3188.00 3368.00 3237.00 435517 191481200.00 3690699483.00
11/11/2016 3237.00 3080.00 3252.00 3096.00 501944 208607300.00 3691921225.00
14/11/2016 3096.00 3066.00 3163.00 3150.00 363935 126290200.00 2201950385.00
16/11/2016 3150.00 3105.00 3195.00 3179.00 350695 134032800.00 2487544467.00
17/11/2016 3179.00 3126.00 3217.00 3129.00 246712 102462500.00 1718469415.00
18/11/2016 3128.00 3099.00 3151.00 3142.00 227605 100664400.00 1837714799.00
21/11/2016 3142.00 3142.00 3237.00 3237.00 225059 94958600.00 1770358237.00
22/11/2016 3237.00 3237.00 3342.00 3294.00 258360 119002900.00 2220964077.00
23/11/2016 3293.00 3251.00 3302.00 3272.00 222056 91219900.00 1680563501.00
24/11/2016 3272.00 3234.00 3284.00 3234.00 78618 35250500.00 639123206.00
25/11/2016 3234.00 3203.00 3261.00 3261.00 148287 67649300.00 1297403649.00
28/11/2016 3261.00 3241.00 3363.00 3358.00 195289 78979900.00 1620784346.00
29/11/2016 3358.00 3265.00 3358.00 3265.00 202308 107007900.00 2334274737.00
30/11/2016 3265.00 3265.00 3316.00 3279.00 233729 157991000.00 2930392686.00
01/12/2016 3279.00 3106.00 3281.00 3130.00 374809 134004400.00 2513601296.00
02/12/2016 3130.00 3064.00 3206.00 3202.00 297062 115021000.00 2099031864.00
05/12/2016 3202.00 3183.00 3228.00 3198.00 203656 76409000.00 1475087376.00
06/12/2016 3197.00 3165.00 3255.00 3243.00 220755 80779700.00 1523827644.00
07/12/2016 3243.00 3243.00 3302.00 3293.00 250962 103896200.00 1917515711.00
08/12/2016 3293.00 3239.00 3322.00 3246.00 201606 90380700.00 1746120039.00
09/12/2016 3247.00 3228.00 3274.00 3245.00 203239 83877200.00 1552648437.00
12/12/2016 3245.00 3162.00 3245.00 3170.00 215966 86044000.00 1594970792.00
13/12/2016 3170.00 3150.00 3208.00 3157.00 244038 92253900.00 1662419562.00
14/12/2016 3157.00 3113.00 3166.00 3113.00 240870 95469300.00 1717715603.00
15/12/2016 3113.00 3087.00 3162.00 3152.00 237700 93649600.00 1780088487.00
16/12/2016 3153.00 3139.00 3193.00 3139.00 178103 84709500.00 1637201812.00
19/12/2016 3139.00 3066.00 3151.00 3069.00 172290 101220000.00 1819873585.00
20/12/2016 3070.00 3064.00 3102.00 3093.00 179306 75288900.00 1309122426.00
21/12/2016 3093.00 3077.00 3116.00 3102.00 145632 56418100.00 976701706.00
22/12/2016 3102.00 3051.00 3102.00 3075.00 176924 76720800.00 1312093271.00
23/12/2016 3075.00 3074.00 3123.00 3114.00 140779 62221500.00 1044762153.00
26/12/2016 3114.00 3114.00 3161.00 3148.00 52768 23047100.00 356113024.00
27/12/2016 3148.00 3142.00 3175.00 3159.00 118821 40796200.00 746792796.00
28/12/2016 3159.00 3159.00 3235.00 3226.00 137192 50512100.00 953562496.00
29/12/2016 3226.00 3204.00 3259.00 3250.00 167760 67358400.00 1165165802.00
02/01/2017 3246.00 3205.00 3246.00 3226.00 63013 20243300.00 325044713.00
03/01/2017 3227.00 3227.00 3343.00 3343.00 185801 67702600.00 1097974952.00
04/01/2017 3342.00 3329.00 3361.00 3353.00 155485 60529700.00 1030891677.00
05/01/2017 3355.00 3335.00 3361.00 3347.00 173850 61525100.00 996444621.00
06/01/2017 3347.00 3314.00 3353.00 3331.00 146820 46815400.00 774159650.00
09/01/2017 3331.00 3293.00 3353.00 3334.00 145016 52660400.00 1034709583.00
10/01/2017 3336.00 3336.00 3367.00 3352.00 127768 49034000.00 818812168.00
11/01/2017 3352.00 3316.00 3376.00 3355.00 167003 54857600.00 920456007.00
12/01/2017 3356.00 3356.00 3457.00 3439.00 279049 105951100.00 1730567433.00
13/01/2017 3438.00 3385.00 3454.00 3398.00 211413 70854400.00 1200757024.00
16/01/2017 3398.00 3395.00 3420.00 3403.00 131267 40734000.00 676887343.00
17/01/2017 3402.00 3400.00 3471.00 3456.00 211923 75394500.00 1247358595.00
18/01/2017 3456.00 3422.00 3473.00 3423.00 190379 71589600.00 1172692665.00
19/01/2017 3422.00 3385.00 3435.00 3406.00 186814 80553200.00 1295423424.00
20/01/2017 3407.00 3407.00 3453.00 3443.00 180305 65437600.00 1143210332.00
23/01/2017 3442.00 3442.00 3527.00 3524.00 183075 62144100.00 1105358484.00
24/01/2017 3524.00 3478.00 3535.00 3495.00 200684 69179700.00 1239694476.00
26/01/2017 3495.00 3495.00 3573.00 3570.00 211892 88116500.00 1582832284.00
27/01/2017 3572.00 3556.00 3576.00 3559.00 150121 52177100.00 935686468.00
30/01/2017 3559.00 3475.00 3559.00 3489.00 172457 57150100.00 976110556.00
31/01/2017 3489.00 3489.00 3533.00 3529.00 202739 69815700.00 1075968939.00
01/02/2017 3529.00 3526.00 3563.00 3538.00 204551 76336000.00 1243529074.00
02/02/2017 3538.00 3501.00 3569.00 3546.00 175203 56265700.00 967815340.00
03/02/2017 3546.00 3523.00 3596.00 3555.00 218291 83953300.00 1440000085.00
06/02/2017 3555.00 3514.00 3584.00 3514.00 185464 62573300.00 1037448791.00
07/02/2017 3515.00 3515.00 3567.00 3534.00 180514 67494600.00 1105857970.00
08/02/2017 3536.00 3506.00 3565.00 3565.00 180985 67884600.00 1159597865.00
09/02/2017 3565.00 3555.00 3597.00 3587.00 198438 78204300.00 1301662524.00
10/02/2017 3587.00 3584.00 3652.00 3641.00 232247 95385400.00 1655855103.00
13/02/2017 3641.00 3641.00 3689.00 3686.00 231252 78763700.00 1396443472.00
14/02/2017 3687.00 3639.00 3690.00 3667.00 224016 115118300.00 1958259774.00
15/02/2017 3668.00 3668.00 3740.00 3740.00 292766 96026800.00 1678731667.00
16/02/2017 3740.00 3719.00 3780.00 3766.00 234632 99725800.00 2020762820.00
17/02/2017 3765.00 3726.00 3791.00 3788.00 197943 85184100.00 1609726481.00
20/02/2017 3788.00 3788.00 3835.00 3831.00 135392 54008800.00 1046664051.00
21/02/2017 3831.00 3831.00 3882.00 3882.00 207835 80010900.00 1459971067.00
22/02/2017 3882.00 3864.00 3891.00 3879.00 230291 89343300.00 1674647873.00
23/02/2017 3879.00 3803.00 3919.00 3813.00 301598 99949500.00 1875223205.00
24/02/2017 3812.00 3760.00 3812.00 3776.00 231404 72987400.00 1403998207.00
01/03/2017 3776.00 3776.00 3819.00 3810.00 222894 65027300.00 1273546999.00
02/03/2017 3810.00 3755.00 3814.00 3769.00 239298 78292000.00 1466780218.00
03/03/2017 3772.00 3770.00 3839.00 3837.00 199702 63491600.00 1293096395.00
06/03/2017 3837.00 3816.00 3846.00 3841.00 189007 70388400.00 1405467425.00
07/03/2017 3841.00 3800.00 3847.00 3812.00 186621 63631000.00 1217325993.00
08/03/2017 3814.00 3723.00 3819.00 3733.00 210934 77768700.00 1438955934.00
09/03/2017 3733.00 3676.00 3735.00 3683.00 234996 99429100.00 1578547870.00
10/03/2017 3683.00 3683.00 3762.00 3714.00 213818 86551600.00 1419909368.00
13/03/2017 3714.00 3714.00 3765.00 3756.00 183480 53726300.00 958164831.00
14/03/2017 3755.00 3720.00 3774.00 3720.00 181066 62203500.00 1168737813.00
15/03/2017 3720.00 3699.00 3792.00 3778.00 215466 85084100.00 1599098718.00
16/03/2017 3779.00 3770.00 3803.00 3784.00 202518 64070800.00 1207460671.00
17/03/2017 3784.00 3700.00 3813.00 3709.00 249709 112271200.00 2006724546.00
20/03/2017 3709.00 3686.00 3736.00 3698.00 217521 83051800.00 1432933976.00
21/03/2017 3698.00 3590.00 3711.00 3613.00 282458 91115700.00 1458004485.00
22/03/2017 3612.00 3574.00 3661.00 3659.00 259297 94824300.00 1565981493.00
23/03/2017 3659.00 3627.00 3678.00 3659.00 188022 64824300.00 1106653236.00
24/03/2017 3659.00 3656.00 3699.00 3683.00 173239 53669100.00 911560554.00
27/03/2017 3682.00 3642.00 3701.00 3700.00 194888 54845900.00 997825740.00
28/03/2017 3700.00 3654.00 3701.00 3678.00 188380 66945100.00 1248126268.00
29/03/2017 3677.00 3665.00 3732.00 3731.00 187733 74310300.00 1400411128.00
30/03/2017 3731.00 3706.00 3745.00 3724.00 155170 59954900.00 1114055342.00
31/03/2017 3724.00 3702.00 3734.00 3706.00 172491 67531800.00 1248004742.00
03/04/2017 3706.00 3685.00 3729.00 3715.00 138988 48846300.00 959741956.00
04/04/2017 3714.00 3693.00 3721.00 3720.00 139794 53796700.00 1014374982.00
05/04/2017 3720.00 3658.00 3736.00 3670.00 198073 55758700.00 1101517911.00
06/04/2017 3670.00 3603.00 3676.00 3626.00 217287 70206600.00 1370180649.00
07/04/2017 3626.00 3613.00 3672.00 3644.00 224413 71637600.00 1481199072.00
10/04/2017 3643.00 3622.00 3662.00 3637.00 156953 71505800.00 1298450404.00
11/04/2017 3637.00 3598.00 3672.00 3646.00 209341 73010000.00 1367864157.00
12/04/2017 3646.00 3606.00 3649.00 3611.00 222834 111944900.00 1966329753.00
13/04/2017 3611.00 3524.00 3611.00 3524.00 182524 79253200.00 1358284079.00
17/04/2017 3524.00 3524.00 3623.00 3617.00 165193 70449500.00 1307211787.00
18/04/2017 3617.00 3595.00 3651.00 3634.00 201674 71260100.00 1352629514.00
19/04/2017 3636.00 3582.00 3654.00 3587.00 190408 59394700.00 1084101600.00
20/04/2017 3587.00 3587.00 3629.00 3608.00 158641 59795800.00 1020917052.00
24/04/2017 3608.00 3608.00 3664.00 3646.00 213388 66622900.00 1248605937.00
25/04/2017 3646.00 3624.00 3678.00 3678.00 184493 68875900.00 1262611589.00
26/04/2017 3679.00 3659.00 3693.00 3666.00 191761 82534800.00 1543762249.00
27/04/2017 3666.00 3657.00 3692.00 3677.00 160684 63356800.00 1107392571.00
28/04/2017 3677.00 3672.00 3740.00 3740.00 177538 75751600.00 1295787240.00
02/05/2017 3741.00 3741.00 3820.00 3819.00 269119 93570800.00 1704742124.00
03/05/2017 3819.00 3781.00 3824.00 3794.00 193054 75305500.00 1337204167.00
04/05/2017 3794.00 3686.00 3795.00 3697.00 211861 71114200.00 1281819731.00
05/05/2017 3699.00 3697.00 3755.00 3751.00 154382 59308500.00 1033373177.00
08/05/2017 3749.00 3726.00 3769.00 3744.00 162421 61429400.00 1068877700.00
09/05/2017 3746.00 3746.00 3798.00 3785.00 171896 59597900.00 1138347263.00
10/05/2017 3786.00 3786.00 3847.00 3830.00 216889 79594200.00 1433377547.00
11/05/2017 3830.00 3830.00 3868.00 3858.00 192269 80172200.00 1575994001.00
12/05/2017 3860.00 3860.00 3922.00 3922.00 215953 79280600.00 1588490213.00
15/05/2017 3924.00 3900.00 3929.00 3908.00 188389 72314900.00 1445799130.00
16/05/2017 3908.00 3896.00 3929.00 3922.00 235876 91541500.00 1615807603.00
17/05/2017 3922.00 3827.00 3922.00 3850.00 244895 81722200.00 1530017271.00
18/05/2017 3849.00 3347.00 3849.00 3398.00 564383 237882000.00 3903136060.00
19/05/2017 3398.00 3398.00 3548.00 3488.00 367180 136008100.00 2291926186.00
22/05/2017 3488.00 3365.00 3488.00 3393.00 344343 113216600.00 1882296900.00
23/05/2017 3390.00 3390.00 3473.00 3461.00 220212 82573600.00 1356037369.00
24/05/2017 3461.00 3461.00 3570.00 3509.00 261681 94223800.00 1546015479.00
25/05/2017 3509.00 3469.00 3553.00 3492.00 206229 85543400.00 1316097272.00
26/05/2017 3492.00 3492.00 3573.00 3565.00 195546 86924000.00 1475824741.00
29/05/2017 3564.00 3528.00 3564.00 3552.00 105069 33492400.00 557340450.00
30/05/2017 3551.00 3549.00 3581.00 3576.00 161452 47690700.00 838420159.00
31/05/2017 3576.00 3518.00 3590.00 3527.00 282472 132545000.00 2445586058.00
01/06/2017 3527.00 3490.00 3561.00 3496.00 187188 63515300.00 1205177058.00
02/06/2017 3497.00 3497.00 3532.00 3517.00 190860 62141500.00 1154544216.00
05/06/2017 3517.00 3489.00 3530.00 3497.00 172039 52194200.00 1049574040.00
06/06/2017 3498.00 3495.00 3551.00 3533.00 168941 56737500.00 1115951104.00
07/06/2017 3533.00 3533.00 3584.00 3568.00 196246 57504700.00 1153030004.00
08/06/2017 3565.00 3510.00 3567.00 3532.00 161106 52205100.00 961289789.00
09/06/2017 3532.00 3489.00 3562.00 3503.00 198939 66896100.00 1239339421.00
12/06/2017 3504.00 3436.00 3505.00 3462.00 175244 58864600.00 1083294564.00
13/06/2017 3464.00 3456.00 3486.00 3477.00 140203 54831100.00 1062584065.00
14/06/2017 3478.00 3475.00 3524.00 3504.00 219532 95131000.00 1714090488.00
16/06/2017 3501.00 3483.00 3519.00 3506.00 171531 97457200.00 1861390283.00
