20/06/2016 7.21 6.90 7.46 6.90 13 1700.00 12007.00
21/06/2016 7.00 7.00 7.01 7.01 12 1200.00 8403.00
22/06/2016 7.01 6.74 7.01 6.74 8 1300.00 8976.00
23/06/2016 6.74 6.74 6.74 6.74 2 200.00 1348.00
24/06/2016 6.55 6.21 6.55 6.48 11 1800.00 11661.00
27/06/2016 6.31 6.21 6.39 6.39 14 2100.00 13261.00
28/06/2016 6.22 6.14 6.22 6.14 6 700.00 4333.00
29/06/2016 6.05 6.05 6.28 6.23 5 1900.00 11590.00
30/06/2016 6.47 6.44 6.47 6.44 7 700.00 4511.00
01/07/2016 6.30 6.30 6.52 6.48 6 1300.00 8338.00
04/07/2016 6.22 6.07 6.30 6.07 18 3300.00 20212.00
05/07/2016 6.08 5.76 6.08 5.97 15 3800.00 22563.00
06/07/2016 5.97 5.76 6.28 6.28 24 7700.00 47195.00
07/07/2016 5.87 5.62 6.00 5.62 41 11800.00 68621.00
08/07/2016 5.68 5.27 5.70 5.27 18 7200.00 40088.00
11/07/2016 5.29 5.23 5.35 5.23 22 5200.00 27362.00
12/07/2016 5.25 5.24 5.48 5.48 10 1200.00 6414.00
13/07/2016 5.64 5.35 5.85 5.54 23 4300.00 24075.00
14/07/2016 5.55 5.44 5.87 5.44 14 2700.00 15184.00
15/07/2016 5.55 5.41 5.55 5.41 5 500.00 2733.00
18/07/2016 5.30 5.30 5.70 5.64 9 1200.00 6580.00
19/07/2016 5.72 5.71 5.90 5.90 11 2900.00 16686.00
20/07/2016 6.00 5.96 7.00 6.89 55 30500.00 190132.00
21/07/2016 6.80 5.80 7.35 5.80 148 53200.00 328652.00
22/07/2016 5.79 4.50 5.79 5.00 138 50500.00 256209.00
25/07/2016 5.03 4.10 5.03 4.10 128 52300.00 236435.00
26/07/2016 4.15 3.41 4.16 3.47 259 142700.00 512913.00
27/07/2016 3.58 3.40 3.88 3.49 283 160900.00 584697.00
28/07/2016 3.50 3.38 3.56 3.45 68 45800.00 158197.00
29/07/2016 3.40 3.35 3.49 3.35 47 22600.00 77086.00
01/08/2016 3.35 3.33 3.40 3.39 34 17100.00 57653.00
02/08/2016 3.40 3.31 3.64 3.31 101 56400.00 196607.00
03/08/2016 3.32 3.32 3.50 3.40 39 31700.00 108012.00
04/08/2016 3.48 3.35 3.61 3.55 64 49300.00 169357.00
05/08/2016 3.59 3.50 3.89 3.64 127 95400.00 347104.00
08/08/2016 3.65 3.60 3.80 3.78 60 22900.00 84668.00
09/08/2016 3.78 3.57 3.86 3.57 52 17900.00 65528.00
10/08/2016 3.62 3.35 3.70 3.38 46 21000.00 72190.00
11/08/2016 3.33 3.18 3.52 3.33 68 30100.00 99503.00
12/08/2016 3.43 3.25 3.50 3.30 56 30500.00 103273.00
15/08/2016 3.30 3.27 3.44 3.27 20 5000.00 16645.00
16/08/2016 3.30 3.16 3.32 3.25 45 28300.00 91191.00
17/08/2016 3.20 3.17 3.24 3.20 7 800.00 2560.00
18/08/2016 3.18 3.11 3.18 3.11 20 10300.00 32614.00
19/08/2016 3.11 2.94 3.12 3.08 74 68300.00 206761.00
22/08/2016 3.02 2.92 3.02 2.92 28 10600.00 31305.00
23/08/2016 2.85 2.78 2.86 2.84 27 9800.00 27581.00
24/08/2016 2.80 2.73 2.80 2.73 18 8900.00 24635.00
25/08/2016 2.74 2.73 2.95 2.79 49 18300.00 50976.00
26/08/2016 2.84 2.70 2.84 2.71 41 28800.00 78426.00
29/08/2016 2.70 2.61 2.70 2.61 44 24300.00 64325.00
30/08/2016 2.62 2.30 2.62 2.31 106 69000.00 165178.00
31/08/2016 2.35 2.31 2.38 2.33 44 25500.00 59678.00
01/09/2016 2.33 2.23 2.33 2.23 18 9000.00 20243.00
02/09/2016 2.20 2.05 2.25 2.19 85 73900.00 160287.00
05/09/2016 2.19 2.12 3.00 3.00 147 124600.00 315574.00
06/09/2016 3.12 2.70 3.20 2.70 171 98100.00 286233.00
08/09/2016 2.98 2.72 2.99 2.90 96 44000.00 127873.00
09/09/2016 2.91 2.83 2.96 2.92 42 30700.00 88772.00
12/09/2016 2.86 2.84 2.90 2.86 16 4700.00 13394.00
13/09/2016 2.88 2.80 2.90 2.89 30 28400.00 81423.00
14/09/2016 2.88 2.86 2.96 2.89 20 13000.00 37693.00
15/09/2016 2.87 2.84 2.96 2.90 31 14400.00 41957.00
16/09/2016 2.91 2.87 2.91 2.87 13 2100.00 6040.00
19/09/2016 2.83 2.81 2.83 2.81 7 1700.00 4793.00
20/09/2016 2.77 2.70 3.30 3.30 110 84500.00 255870.00
21/09/2016 3.40 2.95 3.50 2.96 147 85100.00 268098.00
22/09/2016 3.01 2.96 3.10 2.96 29 11400.00 34145.00
23/09/2016 2.99 2.99 3.10 3.05 21 11000.00 33644.00
26/09/2016 3.08 2.82 3.14 3.09 46 14400.00 42342.00
27/09/2016 3.09 3.05 3.25 3.05 47 21900.00 68161.00
28/09/2016 3.23 3.15 3.30 3.19 53 26000.00 84451.00
29/09/2016 3.12 2.97 3.19 3.13 40 11400.00 35195.00
30/09/2016 3.10 3.10 3.22 3.20 33 22800.00 72383.00
03/10/2016 3.25 3.20 3.28 3.22 28 16400.00 52766.00
04/10/2016 3.25 3.23 3.39 3.39 75 56700.00 187378.00
05/10/2016 3.31 3.31 3.59 3.45 134 57800.00 196841.00
06/10/2016 3.49 3.35 3.60 3.56 42 17800.00 62387.00
07/10/2016 3.54 3.25 3.55 3.50 73 26400.00 89218.00
10/10/2016 3.46 3.46 3.46 3.46 1 500.00 1730.00
11/10/2016 3.46 3.32 3.46 3.40 27 15600.00 52827.00
13/10/2016 3.40 3.40 3.58 3.53 84 34000.00 118767.00
14/10/2016 3.58 3.50 3.74 3.50 29 16900.00 61187.00
17/10/2016 3.67 3.56 3.82 3.65 49 16600.00 60872.00
18/10/2016 3.69 3.69 3.80 3.80 58 54200.00 202865.00
19/10/2016 3.80 3.80 3.92 3.87 40 41600.00 160334.00
20/10/2016 3.86 3.85 4.06 4.06 47 17100.00 67735.00
21/10/2016 4.02 4.01 4.60 4.50 57 31400.00 136312.00
24/10/2016 4.55 4.55 5.33 5.30 190 124100.00 638977.00
25/10/2016 5.40 5.20 5.80 5.80 214 147100.00 798507.00
26/10/2016 5.78 4.40 5.88 5.00 268 172100.00 855921.00
27/10/2016 5.27 5.00 5.39 5.15 64 25300.00 131527.00
28/10/2016 5.10 4.21 5.39 5.00 141 90800.00 424216.00
31/10/2016 5.19 4.46 5.19 4.47 99 35200.00 159404.00
01/11/2016 4.74 4.04 5.16 4.30 105 43300.00 192857.00
03/11/2016 4.22 3.85 4.27 3.95 97 43500.00 173759.00
04/11/2016 3.95 3.95 4.15 3.95 68 22400.00 90682.00
07/11/2016 4.01 3.90 4.13 4.13 35 24800.00 99666.00
08/11/2016 4.15 4.13 4.34 4.29 36 27900.00 118309.00
09/11/2016 4.20 4.00 4.51 4.10 23 9900.00 40428.00
10/11/2016 4.40 3.85 4.40 3.85 25 11200.00 47351.00
11/11/2016 3.87 3.74 4.09 3.95 38 24900.00 97783.00
14/11/2016 4.05 3.95 4.21 4.06 35 12400.00 50702.00
16/11/2016 4.08 3.68 4.10 3.99 54 21100.00 79837.00
17/11/2016 3.90 3.48 4.00 3.98 84 26200.00 98020.00
18/11/2016 3.99 3.90 3.99 3.90 20 9800.00 38489.00
21/11/2016 3.98 3.73 4.03 3.88 39 17200.00 66175.00
22/11/2016 3.92 3.64 3.92 3.64 50 23000.00 86562.00
23/11/2016 3.74 3.50 3.86 3.78 72 25700.00 94796.00
24/11/2016 3.70 3.60 3.75 3.75 41 10700.00 39267.00
25/11/2016 3.70 3.70 3.80 3.80 15 5800.00 21856.00
28/11/2016 3.78 3.68 3.78 3.77 18 3300.00 12336.00
29/11/2016 3.70 3.70 3.81 3.78 14 3800.00 14300.00
30/11/2016 3.69 3.68 3.73 3.70 11 5000.00 18487.00
01/12/2016 3.65 3.44 3.65 3.49 35 8900.00 31151.00
02/12/2016 3.28 3.25 3.46 3.45 48 21700.00 72601.00
05/12/2016 3.45 3.41 3.53 3.50 16 8600.00 29866.00
06/12/2016 3.55 3.45 3.70 3.70 23 9700.00 34299.00
07/12/2016 3.73 3.65 3.74 3.71 11 7000.00 25994.00
08/12/2016 3.74 3.56 3.78 3.70 19 5200.00 19209.00
09/12/2016 3.77 3.71 4.00 3.97 44 31300.00 121726.00
12/12/2016 4.03 3.78 4.08 4.00 57 17300.00 68015.00
13/12/2016 4.02 3.90 4.70 4.66 85 74700.00 323613.00
14/12/2016 4.66 4.50 4.94 4.50 85 47200.00 225562.00
15/12/2016 4.50 4.20 4.60 4.58 44 13700.00 60126.00
16/12/2016 4.74 4.30 4.77 4.30 63 16900.00 76154.00
19/12/2016 4.39 4.11 4.48 4.29 50 14200.00 60657.00
20/12/2016 4.18 4.06 4.25 4.10 31 7100.00 29372.00
21/12/2016 4.19 4.07 4.67 4.20 33 8000.00 33616.00
22/12/2016 4.40 3.90 4.40 4.35 87 44500.00 183496.00
23/12/2016 4.22 4.22 4.40 4.35 11 4000.00 17462.00
26/12/2016 4.28 4.10 4.49 4.30 50 18300.00 79243.00
27/12/2016 4.21 3.96 4.30 4.22 53 26400.00 109991.00
28/12/2016 4.21 4.21 4.28 4.28 9 2500.00 10605.00
29/12/2016 4.40 4.25 4.40 4.29 14 11500.00 49368.00
02/01/2017 4.39 4.26 4.39 4.29 5 1700.00 7395.00
03/01/2017 4.33 4.20 4.33 4.28 14 4000.00 17084.00
04/01/2017 4.21 4.10 4.28 4.28 35 18600.00 78044.00
05/01/2017 4.24 4.06 4.24 4.06 38 12500.00 51677.00
06/01/2017 4.10 4.05 4.10 4.05 12 3100.00 12622.00
09/01/2017 4.10 4.10 4.39 4.29 42 12800.00 54737.00
10/01/2017 4.31 4.20 4.31 4.23 19 5600.00 23749.00
11/01/2017 4.25 4.00 4.46 4.05 64 23900.00 98860.00
12/01/2017 4.08 4.07 4.10 4.07 12 5500.00 22508.00
13/01/2017 4.13 4.00 4.16 4.00 34 14800.00 59660.00
16/01/2017 4.02 3.72 4.08 3.88 61 32300.00 125664.00
17/01/2017 3.81 3.62 3.90 3.62 56 29400.00 109647.00
18/01/2017 3.70 3.70 3.75 3.72 15 4900.00 18248.00
19/01/2017 3.74 3.74 3.85 3.79 14 2800.00 10622.00
20/01/2017 3.78 3.77 3.87 3.87 15 6400.00 24685.00
23/01/2017 3.90 3.85 4.00 3.93 25 14600.00 57421.00
24/01/2017 3.99 3.70 3.99 3.85 36 20000.00 76748.00
26/01/2017 3.90 3.88 3.97 3.94 23 14600.00 57395.00
27/01/2017 3.91 3.91 3.91 3.91 1 100.00 391.00
30/01/2017 3.81 3.63 3.85 3.66 38 21300.00 79860.00
31/01/2017 3.88 3.80 4.24 4.10 72 24600.00 99562.00
01/02/2017 4.05 4.05 4.08 4.08 5 1500.00 6099.00
02/02/2017 3.84 3.84 4.12 4.06 10 2800.00 11274.00
03/02/2017 3.97 3.93 4.11 4.10 10 1700.00 6864.00
06/02/2017 3.80 3.72 4.00 4.00 85 39100.00 150039.00
07/02/2017 4.03 3.92 4.10 4.09 53 26100.00 105568.00
08/02/2017 4.10 4.01 4.24 4.10 61 17900.00 74152.00
09/02/2017 4.19 4.08 4.30 4.20 52 18000.00 76592.00
10/02/2017 4.10 4.10 4.25 4.23 18 10200.00 42909.00
13/02/2017 4.30 4.30 5.45 4.80 356 127700.00 630772.00
14/02/2017 4.90 4.65 5.60 4.80 194 91000.00 469228.00
15/02/2017 4.85 4.73 5.07 4.84 44 16800.00 80894.00
16/02/2017 4.86 4.54 4.86 4.82 32 18000.00 85326.00
17/02/2017 4.80 4.58 4.80 4.58 29 7400.00 34402.00
20/02/2017 4.65 4.40 4.70 4.40 36 14600.00 65653.00
21/02/2017 4.40 4.25 4.54 4.25 33 12700.00 54762.00
22/02/2017 4.39 4.21 4.39 4.22 17 3900.00 16628.00
23/02/2017 4.32 4.10 4.32 4.10 18 3800.00 15765.00
24/02/2017 4.27 4.10 4.40 4.40 29 4900.00 20908.00
01/03/2017 4.25 4.25 4.37 4.26 4 400.00 1713.00
02/03/2017 4.35 4.26 4.35 4.26 3 300.00 1287.00
03/03/2017 4.24 4.12 4.24 4.12 6 800.00 3358.00
06/03/2017 4.08 4.08 4.08 4.08 6 700.00 2856.00
07/03/2017 4.35 4.15 4.40 4.37 30 12600.00 54659.00
08/03/2017 4.34 4.26 4.38 4.38 22 7400.00 31908.00
09/03/2017 4.29 4.12 4.29 4.12 10 1400.00 5849.00
10/03/2017 4.30 4.20 4.30 4.29 14 2800.00 11952.00
13/03/2017 4.26 4.26 4.73 4.61 45 27000.00 123497.00
14/03/2017 4.50 4.49 4.64 4.50 16 5100.00 23095.00
15/03/2017 4.50 4.50 4.93 4.90 76 58600.00 279925.00
16/03/2017 4.87 4.65 4.99 4.78 50 286100.00 1358547.00
17/03/2017 4.80 4.80 5.04 5.02 30 18800.00 93431.00
20/03/2017 5.05 5.00 5.21 5.17 52 42000.00 214738.00
21/03/2017 5.21 5.10 5.25 5.20 16 10300.00 53673.00
22/03/2017 5.10 5.10 5.30 5.23 24 26800.00 140370.00
23/03/2017 5.20 5.10 5.37 5.30 32 21200.00 111966.00
24/03/2017 5.30 5.02 5.41 5.41 75 51400.00 274297.00
27/03/2017 5.38 5.38 5.50 5.47 21 23400.00 127220.00
28/03/2017 5.50 5.30 5.50 5.44 46 23200.00 126267.00
29/03/2017 5.48 5.39 5.50 5.45 44 38900.00 212019.00
30/03/2017 5.40 5.35 5.48 5.44 54 21800.00 118135.00
31/03/2017 5.48 5.32 5.55 5.53 58 39500.00 216881.00
03/04/2017 5.57 5.57 5.74 5.70 23 20100.00 114201.00
04/04/2017 5.65 5.65 6.15 6.13 68 54200.00 325082.00
05/04/2017 6.28 6.02 6.30 6.12 50 26300.00 162485.00
06/04/2017 6.25 6.25 6.30 6.28 49 27600.00 173296.00
07/04/2017 6.34 6.34 6.48 6.40 18 18300.00 116671.00
10/04/2017 6.46 6.30 6.55 6.55 16 20200.00 130473.00
11/04/2017 6.53 6.39 6.54 6.54 34 19900.00 129564.00
12/04/2017 6.43 6.42 6.58 6.57 29 23300.00 152727.00
13/04/2017 6.50 6.41 6.59 6.59 23 12000.00 78881.00
17/04/2017 6.60 6.50 6.68 6.65 24 20900.00 138091.00
18/04/2017 6.77 6.60 6.77 6.77 24 13000.00 87794.00
19/04/2017 6.87 6.87 7.14 7.00 20 7900.00 55353.00
20/04/2017 7.15 7.03 7.19 7.19 23 23400.00 167021.00
24/04/2017 7.29 7.22 7.29 7.27 7 6400.00 46609.00
25/04/2017 7.40 7.30 7.40 7.37 14 12600.00 92990.00
26/04/2017 7.40 7.40 8.10 7.79 51 18400.00 142393.00
27/04/2017 7.80 7.80 7.99 7.90 8 15900.00 125630.00
28/04/2017 8.14 7.75 8.14 8.05 44 255200.00 2054335.00
02/05/2017 8.15 7.90 8.15 8.15 32 10600.00 85347.00
03/05/2017 8.15 8.02 8.35 8.28 38 31400.00 258608.00
04/05/2017 8.25 8.25 8.39 8.39 12 4300.00 35886.00
05/05/2017 8.30 8.30 9.05 9.00 32 11700.00 103715.00
08/05/2017 9.00 9.00 9.22 9.18 28 7800.00 71237.00
09/05/2017 9.25 9.24 9.25 9.25 8 4500.00 41610.00
10/05/2017 9.30 9.25 9.39 9.30 30 16900.00 157811.00
11/05/2017 9.37 9.28 9.43 9.39 28 22000.00 206080.00
12/05/2017 9.30 9.29 9.48 9.45 40 17000.00 160660.00
15/05/2017 9.51 9.01 9.63 9.40 148 64000.00 603019.00
16/05/2017 9.38 9.38 10.27 10.09 84 40600.00 408916.00
17/05/2017 10.00 9.77 10.19 10.00 45 15900.00 159788.00
18/05/2017 9.50 9.49 10.23 10.23 48 33300.00 325289.00
19/05/2017 10.03 9.71 10.20 10.00 51 101800.00 1018779.00
22/05/2017 10.19 9.92 10.20 10.10 16 7500.00 75740.00
23/05/2017 10.10 9.80 10.10 10.00 54 15100.00 150171.00
24/05/2017 9.85 9.70 10.00 10.00 53 11400.00 112526.00
25/05/2017 9.87 9.82 10.00 9.98 56 21400.00 212446.00
26/05/2017 9.83 9.55 10.00 10.00 60 20600.00 203428.00
29/05/2017 9.99 9.79 10.18 10.00 55 31100.00 312605.00
30/05/2017 10.05 9.94 10.09 10.00 35 13900.00 139149.00
31/05/2017 9.81 9.81 10.03 10.00 32 21100.00 210207.00
01/06/2017 10.02 9.73 10.02 10.00 35 14900.00 148200.00
02/06/2017 9.90 9.90 10.00 10.00 20 18900.00 188319.00
05/06/2017 9.94 9.76 10.05 10.02 52 24700.00 245647.00
06/06/2017 9.88 9.87 10.00 10.00 77 28600.00 285039.00
07/06/2017 9.95 9.88 10.00 10.00 20 7800.00 77775.00
08/06/2017 10.20 9.82 10.20 10.00 44 21200.00 211686.00
09/06/2017 9.97 9.90 10.28 10.28 51 26400.00 264873.00
12/06/2017 10.22 10.18 10.22 10.19 3 1000.00 10201.00
13/06/2017 10.19 10.18 10.20 10.19 11 3900.00 39749.00
14/06/2017 10.19 10.09 10.19 10.19 13 3700.00 37614.00
16/06/2017 10.30 10.24 10.60 10.30 16 17600.00 181733.00
