20/06/2016 1.21 1.19 1.25 1.19 23 37400.00 45475.00
21/06/2016 1.19 1.18 1.19 1.18 4 6000.00 7085.00
22/06/2016 1.17 1.16 1.21 1.21 10 13300.00 15617.00
23/06/2016 1.21 1.15 1.21 1.15 6 5100.00 6059.00
24/06/2016 1.11 1.10 1.28 1.16 24 39900.00 45307.00
27/06/2016 1.16 1.16 1.24 1.21 19 22800.00 26861.00
28/06/2016 1.21 1.17 1.23 1.23 6 2300.00 2725.00
29/06/2016 1.17 1.17 1.24 1.24 13 11300.00 13592.00
30/06/2016 1.25 1.16 1.26 1.18 129 253300.00 299845.00
01/07/2016 1.18 1.18 1.18 1.18 1 5000.00 5900.00
04/07/2016 1.16 1.15 1.17 1.16 12 20500.00 23640.00
05/07/2016 1.16 1.16 1.24 1.24 11 9300.00 10995.00
08/07/2016 1.21 1.18 1.22 1.22 8 15700.00 18633.00
11/07/2016 1.19 1.18 1.19 1.18 7 7200.00 8504.00
12/07/2016 1.18 1.18 1.22 1.22 10 12400.00 15101.00
13/07/2016 1.24 1.24 1.27 1.26 10 3900.00 4861.00
14/07/2016 1.28 1.25 1.31 1.31 19 27600.00 35433.00
15/07/2016 1.31 1.27 1.32 1.28 8 8000.00 10502.00
18/07/2016 1.32 1.31 1.32 1.32 5 3700.00 4874.00
19/07/2016 1.29 1.29 1.32 1.32 4 10400.00 13722.00
20/07/2016 1.30 1.30 1.33 1.30 7 13500.00 17760.00
21/07/2016 1.30 1.30 1.36 1.35 9 10700.00 13968.00
22/07/2016 1.35 1.35 1.35 1.35 3 2900.00 3915.00
25/07/2016 1.35 1.32 1.37 1.35 7 15500.00 20603.00
26/07/2016 1.36 1.36 1.36 1.36 1 1000.00 1360.00
27/07/2016 1.36 1.34 1.36 1.36 4 3100.00 4196.00
01/08/2016 1.30 1.30 1.36 1.36 8 6400.00 8358.00
02/08/2016 1.36 1.32 1.36 1.32 2 600.00 812.00
03/08/2016 1.32 1.32 1.47 1.47 65 53000.00 75646.00
04/08/2016 1.40 1.33 1.45 1.42 20 17400.00 24396.00
05/08/2016 1.41 1.40 1.50 1.49 114 17000.00 25087.00
08/08/2016 1.45 1.45 1.79 1.50 168 141400.00 226662.00
09/08/2016 1.45 1.34 1.58 1.48 55 15900.00 23042.00
10/08/2016 1.50 1.48 1.55 1.48 16 6300.00 9437.00
11/08/2016 1.41 1.40 1.51 1.42 36 18100.00 26175.00
12/08/2016 1.51 1.35 1.64 1.39 75 51900.00 77047.00
15/08/2016 1.36 1.36 1.49 1.37 40 18900.00 26229.00
16/08/2016 1.37 1.36 1.40 1.36 19 9100.00 12416.00
17/08/2016 1.34 1.33 1.35 1.33 18 20500.00 27277.00
18/08/2016 1.31 1.30 1.34 1.34 20 8400.00 10956.00
19/08/2016 1.31 1.30 1.33 1.31 17 15900.00 20735.00
22/08/2016 1.30 1.30 1.30 1.30 7 62000.00 80600.00
23/08/2016 1.29 1.29 1.33 1.29 15 8400.00 10890.00
24/08/2016 1.29 1.29 1.30 1.29 9 6200.00 8010.00
25/08/2016 1.45 1.27 1.45 1.27 15 14700.00 18965.00
26/08/2016 1.28 1.27 1.28 1.28 9 33500.00 42567.00
29/08/2016 1.32 1.28 1.41 1.41 4 500.00 674.00
30/08/2016 1.35 1.30 1.38 1.31 12 7200.00 9655.00
31/08/2016 1.31 1.31 1.31 1.31 1 100.00 131.00
01/09/2016 1.31 1.29 1.31 1.29 7 3800.00 4943.00
02/09/2016 1.34 1.29 1.34 1.29 19 18300.00 23830.00
05/09/2016 1.36 1.28 1.36 1.28 7 3100.00 4001.00
06/09/2016 1.35 1.30 1.39 1.30 34 17600.00 23562.00
08/09/2016 1.29 1.29 1.34 1.34 4 900.00 1170.00
09/09/2016 1.30 1.30 1.31 1.31 6 4600.00 5987.00
12/09/2016 1.31 1.30 1.31 1.30 10 3000.00 3901.00
13/09/2016 1.38 1.30 1.38 1.30 46 26700.00 34776.00
14/09/2016 1.30 1.30 1.40 1.40 6 3900.00 5080.00
15/09/2016 1.40 1.30 1.40 1.32 24 12400.00 16349.00
16/09/2016 1.31 1.31 1.32 1.31 8 22300.00 29215.00
19/09/2016 1.32 1.29 1.32 1.30 7 1700.00 2234.00
20/09/2016 1.30 1.26 1.31 1.26 35 68300.00 87539.00
21/09/2016 1.29 1.29 1.29 1.29 3 3000.00 3870.00
22/09/2016 1.30 1.29 1.38 1.31 9 3700.00 4799.00
23/09/2016 1.30 1.30 1.30 1.30 2 1100.00 1430.00
26/09/2016 1.30 1.30 1.31 1.31 5 4700.00 6146.00
27/09/2016 1.31 1.31 1.31 1.31 2 200.00 262.00
29/09/2016 1.32 1.32 1.32 1.32 3 1900.00 2508.00
30/09/2016 1.32 1.32 1.32 1.32 2 400.00 528.00
04/10/2016 1.32 1.27 1.38 1.38 43 521800.00 673292.00
05/10/2016 1.38 1.31 1.38 1.31 14 21000.00 28042.00
07/10/2016 1.34 1.34 1.38 1.38 4 3100.00 4158.00
11/10/2016 1.32 1.30 1.32 1.30 7 9300.00 12135.00
13/10/2016 1.30 1.30 1.38 1.37 10 4700.00 6304.00
18/10/2016 1.34 1.34 1.44 1.44 25 89500.00 125033.00
19/10/2016 1.40 1.40 1.40 1.40 1 2500.00 3500.00
20/10/2016 1.35 1.34 1.38 1.34 8 15500.00 20814.00
21/10/2016 1.34 1.34 1.34 1.34 1 3800.00 5092.00
24/10/2016 1.34 1.31 1.34 1.31 13 44300.00 58468.00
25/10/2016 1.38 1.38 1.38 1.38 1 100.00 138.00
27/10/2016 1.35 1.35 1.35 1.35 2 1000.00 1350.00
28/10/2016 1.32 1.31 1.33 1.33 9 7000.00 9258.00
31/10/2016 1.32 1.31 1.34 1.32 8 18400.00 24305.00
01/11/2016 1.31 1.31 1.34 1.34 34 53000.00 69879.00
03/11/2016 1.31 1.31 1.31 1.31 3 21500.00 28165.00
04/11/2016 1.31 1.30 1.31 1.31 9 18000.00 23536.00
07/11/2016 1.31 1.31 1.31 1.31 3 400.00 524.00
08/11/2016 1.32 1.32 1.34 1.34 3 1100.00 1464.00
09/11/2016 1.32 1.32 1.35 1.35 6 6000.00 7968.00
10/11/2016 1.33 1.32 1.33 1.32 3 11700.00 15484.00
11/11/2016 1.31 1.31 1.33 1.33 2 4800.00 6326.00
16/11/2016 1.33 1.33 1.33 1.33 1 2000.00 2660.00
17/11/2016 1.31 1.31 1.37 1.37 3 4000.00 5249.00
21/11/2016 1.37 1.37 1.37 1.37 1 700.00 959.00
22/11/2016 1.33 1.32 1.33 1.32 8 11200.00 14865.00
23/11/2016 1.32 1.32 1.33 1.32 5 13900.00 18388.00
24/11/2016 1.34 1.34 1.34 1.34 2 200.00 268.00
25/11/2016 1.37 1.37 1.37 1.37 1 100.00 137.00
28/11/2016 1.34 1.34 1.37 1.37 3 3100.00 4157.00
30/11/2016 1.34 1.34 1.37 1.37 5 8400.00 11319.00
01/12/2016 1.34 1.34 1.35 1.34 15 47900.00 64256.00
02/12/2016 1.35 1.30 1.35 1.31 30 179000.00 236384.00
06/12/2016 1.37 1.37 1.39 1.39 8 9000.00 12372.00
08/12/2016 1.33 1.33 1.34 1.34 3 1900.00 2536.00
09/12/2016 1.39 1.39 1.39 1.39 2 1200.00 1668.00
14/12/2016 1.34 1.34 1.34 1.34 1 200.00 268.00
15/12/2016 1.34 1.34 1.34 1.34 1 3000.00 4020.00
16/12/2016 1.38 1.38 1.38 1.38 1 100.00 138.00
19/12/2016 1.34 1.34 1.38 1.38 6 5200.00 6990.00
20/12/2016 1.35 1.32 1.35 1.32 10 20900.00 28053.00
22/12/2016 1.35 1.35 1.35 1.35 1 100.00 135.00
28/12/2016 1.35 1.33 1.35 1.35 13 32100.00 43333.00
29/12/2016 1.35 1.35 1.39 1.39 9 29000.00 39270.00
02/01/2017 1.39 1.39 1.39 1.39 2 4800.00 6672.00
05/01/2017 1.36 1.36 1.36 1.36 2 1100.00 1496.00
09/01/2017 1.35 1.35 1.35 1.35 1 2900.00 3915.00
11/01/2017 1.39 1.39 1.39 1.39 2 200.00 278.00
12/01/2017 1.38 1.37 1.38 1.37 5 2100.00 2878.00
13/01/2017 1.37 1.37 1.37 1.37 2 600.00 822.00
16/01/2017 1.37 1.36 1.37 1.37 4 4600.00 6301.00
17/01/2017 1.38 1.38 1.38 1.38 4 47500.00 65550.00
18/01/2017 1.39 1.39 1.44 1.40 8 10500.00 14890.00
20/01/2017 1.37 1.37 1.37 1.37 1 500.00 685.00
24/01/2017 1.39 1.39 1.48 1.47 12 29000.00 42326.00
26/01/2017 1.48 1.40 1.48 1.45 11 9800.00 13992.00
31/01/2017 1.37 1.37 1.44 1.44 6 7000.00 9644.00
01/02/2017 1.43 1.39 1.43 1.39 2 200.00 282.00
02/02/2017 1.39 1.39 1.39 1.39 2 300.00 417.00
03/02/2017 1.43 1.43 1.47 1.45 15 21400.00 31023.00
06/02/2017 1.46 1.40 1.46 1.40 7 7500.00 10840.00
07/02/2017 1.39 1.39 1.39 1.39 6 2400.00 3336.00
08/02/2017 1.44 1.44 1.45 1.45 5 4800.00 6914.00
09/02/2017 1.45 1.45 1.47 1.47 14 32900.00 48050.00
10/02/2017 1.47 1.47 1.47 1.47 2 600.00 882.00
13/02/2017 1.43 1.43 1.46 1.46 3 600.00 861.00
15/02/2017 1.41 1.40 1.41 1.40 8 10700.00 14987.00
17/02/2017 1.43 1.43 1.44 1.44 2 10500.00 15020.00
20/02/2017 1.44 1.38 1.46 1.38 9 8200.00 11787.00
21/02/2017 1.40 1.39 1.46 1.39 10 27500.00 38889.00
22/02/2017 1.46 1.45 1.46 1.46 10 22400.00 32672.00
23/02/2017 1.47 1.40 1.50 1.40 12 15700.00 22945.00
24/02/2017 1.39 1.39 1.44 1.39 7 2200.00 3065.00
01/03/2017 1.44 1.44 1.44 1.44 2 200.00 288.00
02/03/2017 1.39 1.39 1.45 1.44 9 2000.00 2840.00
06/03/2017 1.46 1.40 1.48 1.40 11 22200.00 31959.00
07/03/2017 1.41 1.41 1.41 1.41 1 400.00 564.00
08/03/2017 1.41 1.41 1.41 1.41 2 3900.00 5499.00
09/03/2017 1.41 1.41 1.41 1.41 4 3500.00 4935.00
13/03/2017 1.47 1.45 1.47 1.47 5 1500.00 2202.00
17/03/2017 1.47 1.47 1.47 1.47 1 2400.00 3528.00
20/03/2017 1.46 1.42 1.46 1.42 6 20500.00 29770.00
21/03/2017 1.41 1.40 1.45 1.40 5 6200.00 8852.00
22/03/2017 1.43 1.40 1.43 1.42 10 19800.00 27736.00
23/03/2017 1.41 1.40 1.44 1.44 5 4100.00 5879.00
27/03/2017 1.41 1.41 1.41 1.41 1 400.00 564.00
28/03/2017 1.40 1.39 1.40 1.39 3 5500.00 7680.00
30/03/2017 1.39 1.39 1.39 1.39 1 500.00 695.00
03/04/2017 1.40 1.40 1.40 1.40 3 800.00 1120.00
06/04/2017 1.41 1.41 1.41 1.41 1 4000.00 5640.00
07/04/2017 1.45 1.45 1.45 1.45 3 1900.00 2755.00
11/04/2017 1.40 1.40 1.41 1.41 4 4400.00 6196.00
12/04/2017 1.45 1.45 1.45 1.45 1 4000.00 5800.00
17/04/2017 1.41 1.40 1.41 1.40 6 5000.00 7035.00
18/04/2017 1.45 1.45 1.46 1.46 3 2700.00 3916.00
19/04/2017 1.42 1.42 1.42 1.42 1 100.00 142.00
24/04/2017 1.46 1.46 1.46 1.46 1 28500.00 41610.00
25/04/2017 1.46 1.46 1.46 1.46 2 2000.00 2920.00
26/04/2017 1.46 1.46 1.46 1.46 2 3000.00 4380.00
27/04/2017 1.46 1.46 1.46 1.46 2 200.00 292.00
28/04/2017 1.46 1.46 1.49 1.49 3 8600.00 12559.00
02/05/2017 1.50 1.50 1.51 1.51 5 12400.00 18704.00
04/05/2017 1.47 1.47 1.47 1.47 1 800.00 1176.00
05/05/2017 1.47 1.47 1.47 1.47 1 300.00 441.00
10/05/2017 1.50 1.50 1.50 1.50 1 5000.00 7500.00
11/05/2017 1.47 1.47 1.48 1.48 2 7900.00 11663.00
12/05/2017 1.47 1.47 1.50 1.50 3 1200.00 1770.00
15/05/2017 1.50 1.50 1.50 1.50 2 10000.00 15000.00
16/05/2017 1.50 1.50 1.50 1.50 1 400.00 600.00
17/05/2017 1.49 1.49 1.49 1.49 3 20000.00 29800.00
18/05/2017 1.48 1.36 1.48 1.45 9 21800.00 30464.00
19/05/2017 1.48 1.48 1.49 1.49 2 200.00 297.00
29/05/2017 1.46 1.46 1.46 1.46 1 100.00 146.00
01/06/2017 1.49 1.49 1.49 1.49 2 5000.00 7450.00
02/06/2017 1.50 1.50 1.51 1.51 5 10500.00 15854.00
07/06/2017 1.51 1.51 1.51 1.51 2 11500.00 17365.00
09/06/2017 1.51 1.51 1.51 1.51 1 1000.00 1510.00
14/06/2017 1.52 1.48 1.52 1.48 5 32900.00 49677.00
