20/06/2016 1810.00 1810.00 1848.00 1838.00 404493 144204200.00 2302740898.00
21/06/2016 1838.00 1826.00 1862.00 1862.00 387373 157092300.00 2510595942.00
22/06/2016 1862.00 1827.00 1864.00 1831.00 409638 151554300.00 2524644229.00
23/06/2016 1831.00 1831.00 1873.00 1870.00 357188 141502900.00 2293174085.00
24/06/2016 1870.00 1810.00 1870.00 1833.00 441723 149953300.00 2508691541.00
27/06/2016 1833.00 1803.00 1833.00 1818.00 358859 115560300.00 1971385549.00
28/06/2016 1818.00 1816.00 1843.00 1824.00 396595 137268600.00 2363060205.00
29/06/2016 1824.00 1824.00 1860.00 1854.00 477029 189899800.00 3566781667.00
30/06/2016 1853.00 1841.00 1873.00 1873.00 447506 193842000.00 3503946912.00
01/07/2016 1874.00 1872.00 1883.00 1878.00 417664 181955100.00 3155051820.00
04/07/2016 1878.00 1878.00 1901.00 1894.00 276650 112844800.00 1828039975.00
05/07/2016 1894.00 1867.00 1894.00 1875.00 377563 123768000.00 2191285928.00
06/07/2016 1875.00 1848.00 1875.00 1870.00 361373 129903100.00 2104951647.00
07/07/2016 1870.00 1869.00 1889.00 1877.00 395395 142976900.00 2463881226.00
08/07/2016 1877.00 1877.00 1916.00 1914.00 387443 152570700.00 2629738620.00
11/07/2016 1914.00 1914.00 1936.00 1935.00 392090 151003300.00 2567583512.00
12/07/2016 1935.00 1935.00 1955.00 1944.00 463568 152703000.00 2653806354.00
13/07/2016 1944.00 1937.00 1958.00 1954.00 472323 159919700.00 2618815578.00
14/07/2016 1954.00 1954.00 1984.00 1978.00 509602 177885000.00 3240411173.00
15/07/2016 1978.00 1969.00 1989.00 1988.00 453187 157584300.00 2831418133.00
18/07/2016 1988.00 1980.00 2011.00 2011.00 395193 159240400.00 2841271716.00
19/07/2016 2011.00 2007.00 2034.00 2034.00 432301 174894100.00 3241460617.00
20/07/2016 2034.00 2017.00 2040.00 2022.00 397754 184984300.00 3148743653.00
21/07/2016 2022.00 2010.00 2025.00 2020.00 410812 156563500.00 2723596338.00
22/07/2016 2020.00 2019.00 2040.00 2035.00 372052 143877900.00 2562393015.00
25/07/2016 2035.00 2017.00 2036.00 2030.00 363610 141785000.00 2475690705.00
26/07/2016 2030.00 2024.00 2042.00 2024.00 374460 152343000.00 2766660355.00
27/07/2016 2024.00 2020.00 2034.00 2020.00 395950 161248300.00 2777216448.00
28/07/2016 2020.00 2003.00 2033.00 2033.00 354257 116630700.00 2192161047.00
29/07/2016 2033.00 2027.00 2061.00 2058.00 514685 195208900.00 3612417061.00
01/08/2016 2058.00 2045.00 2069.00 2047.00 422921 134961200.00 2447370206.00
02/08/2016 2047.00 2001.00 2047.00 2017.00 447144 140739400.00 2800376418.00
03/08/2016 2017.00 1999.00 2025.00 2022.00 401808 138255400.00 2479926768.00
04/08/2016 2022.00 2022.00 2056.00 2044.00 419061 165937400.00 2826052672.00
05/08/2016 2045.00 2038.00 2057.00 2054.00 367134 145980600.00 2381428992.00
08/08/2016 2054.00 2043.00 2055.00 2048.00 338346 138102700.00 2189013949.00
09/08/2016 2048.00 2048.00 2061.00 2051.00 348241 118206000.00 2064191469.00
10/08/2016 2051.00 2027.00 2058.00 2032.00 347456 140491900.00 2395605845.00
11/08/2016 2032.00 2032.00 2070.00 2070.00 436356 177181100.00 2985848949.00
12/08/2016 2070.00 2051.00 2078.00 2065.00 428511 172924600.00 2886085790.00
15/08/2016 2066.00 2062.00 2079.00 2070.00 396364 143274600.00 2457719600.00
16/08/2016 2070.00 2047.00 2070.00 2056.00 394950 140402700.00 2593483416.00
17/08/2016 2056.00 2022.00 2067.00 2067.00 468203 171199600.00 3105348475.00
18/08/2016 2067.00 2046.00 2067.00 2054.00 383617 172086300.00 2593211071.00
19/08/2016 2054.00 2038.00 2058.00 2056.00 375702 155573100.00 2285706538.00
22/08/2016 2056.00 2017.00 2056.00 2023.00 391454 152890500.00 2319408088.00
23/08/2016 2023.00 2023.00 2040.00 2024.00 391642 146015200.00 2399506940.00
24/08/2016 2024.00 2008.00 2038.00 2025.00 359229 135365300.00 2097138689.00
25/08/2016 2026.00 2021.00 2035.00 2024.00 373032 125659200.00 2226585705.00
26/08/2016 2024.00 2005.00 2048.00 2019.00 481957 151223100.00 2810355516.00
29/08/2016 2020.00 2017.00 2056.00 2047.00 381566 118987000.00 2156258875.00
30/08/2016 2047.00 2034.00 2049.00 2042.00 356605 122153500.00 2151319594.00
31/08/2016 2042.00 2014.00 2053.00 2032.00 454801 175789100.00 3266136632.00
01/09/2016 2032.00 2018.00 2036.00 2027.00 433987 159418700.00 3083867110.00
02/09/2016 2028.00 2028.00 2069.00 2067.00 444513 166635400.00 3041618408.00
05/09/2016 2067.00 2056.00 2075.00 2057.00 255278 85232900.00 1443844733.00
06/09/2016 2058.00 2054.00 2083.00 2082.00 405659 144111500.00 2609012564.00
08/09/2016 2082.00 2074.00 2091.00 2090.00 479102 167407900.00 3083409837.00
09/09/2016 2090.00 2028.00 2090.00 2030.00 489678 173234200.00 3071569457.00
12/09/2016 2030.00 2013.00 2040.00 2039.00 402637 136154800.00 2425527665.00
13/09/2016 2039.00 1984.00 2039.00 2001.00 513388 171921900.00 2944254507.00
14/09/2016 2001.00 1991.00 2007.00 2004.00 374863 136748800.00 2284987093.00
15/09/2016 2005.00 2005.00 2030.00 2027.00 329724 119068700.00 2252561716.00
16/09/2016 2027.00 1996.00 2027.00 2014.00 340988 173877700.00 3129509346.00
19/09/2016 2013.00 2013.00 2038.00 2022.00 323329 113407700.00 2064294476.00
20/09/2016 2022.00 2022.00 2035.00 2034.00 345714 128838700.00 2156688191.00
21/09/2016 2034.00 2016.00 2050.00 2044.00 431381 136317900.00 2546559504.00
22/09/2016 2044.00 2044.00 2076.00 2059.00 418667 148020400.00 2720959401.00
23/09/2016 2059.00 2039.00 2067.00 2045.00 379152 119226900.00 2079926976.00
26/09/2016 2045.00 2016.00 2045.00 2023.00 289338 109227500.00 1877594170.00
27/09/2016 2023.00 2011.00 2038.00 2034.00 368089 118650400.00 2027343048.00
28/09/2016 2034.00 2031.00 2059.00 2054.00 353342 115137100.00 2017139519.00
29/09/2016 2054.00 2026.00 2061.00 2026.00 368225 120193100.00 2107001526.00
30/09/2016 2026.00 2025.00 2044.00 2028.00 365924 125984900.00 2479421618.00
03/10/2016 2028.00 2028.00 2067.00 2065.00 411015 132728900.00 2508028550.00
04/10/2016 2065.00 2042.00 2069.00 2061.00 372054 134083900.00 2445129212.00
05/10/2016 2061.00 2061.00 2093.00 2086.00 367767 156627800.00 2741379353.00
06/10/2016 2086.00 2077.00 2094.00 2092.00 351621 131547200.00 2345330010.00
07/10/2016 2092.00 2084.00 2105.00 2101.00 407656 180567400.00 3267865600.00
10/10/2016 2101.00 2101.00 2114.00 2112.00 309760 106571700.00 1938094205.00
11/10/2016 2112.00 2088.00 2112.00 2090.00 385789 149468700.00 2788033202.00
13/10/2016 2090.00 2073.00 2100.00 2093.00 559325 216690800.00 4275271767.00
14/10/2016 2093.00 2093.00 2113.00 2097.00 456365 179417300.00 3716395421.00
17/10/2016 2097.00 2097.00 2120.00 2120.00 413767 145098700.00 2908676683.00
18/10/2016 2120.00 2118.00 2148.00 2147.00 489129 189332100.00 3685661745.00
19/10/2016 2147.00 2130.00 2154.00 2138.00 388550 184858200.00 3084274602.00
20/10/2016 2138.00 2111.00 2146.00 2142.00 379044 151714400.00 2531719592.00
21/10/2016 2142.00 2126.00 2151.00 2145.00 362491 156580300.00 2705108497.00
24/10/2016 2145.00 2136.00 2155.00 2138.00 351988 136086900.00 2424126376.00
25/10/2016 2138.00 2111.00 2138.00 2123.00 402125 160126800.00 2724737097.00
26/10/2016 2123.00 2088.00 2123.00 2105.00 445101 211118800.00 3472260515.00
27/10/2016 2104.00 2103.00 2123.00 2110.00 413954 158512200.00 2885141527.00
28/10/2016 2109.00 2094.00 2125.00 2112.00 416647 155325800.00 2748592642.00
31/10/2016 2112.00 2109.00 2135.00 2133.00 430704 173910900.00 2995531534.00
01/11/2016 2133.00 2081.00 2142.00 2085.00 524054 191250500.00 3338744748.00
03/11/2016 2085.00 2038.00 2085.00 2038.00 515516 180909500.00 3350437098.00
04/11/2016 2038.00 2024.00 2060.00 2025.00 510182 187986700.00 3453411677.00
07/11/2016 2025.00 2025.00 2089.00 2085.00 397383 149056200.00 2550843505.00
08/11/2016 2085.00 2066.00 2095.00 2084.00 398876 136075600.00 2521868483.00
09/11/2016 2084.00 2014.00 2084.00 2046.00 485312 182122600.00 3064830975.00
10/11/2016 2046.00 1949.00 2053.00 1968.00 816096 271774900.00 5078648040.00
11/11/2016 1968.00 1890.00 1970.00 1910.00 979697 334166100.00 5556965646.00
14/11/2016 1909.00 1886.00 1932.00 1925.00 829079 238710700.00 3925874198.00
16/11/2016 1925.00 1922.00 1967.00 1966.00 619881 217668500.00 3692853908.00
17/11/2016 1966.00 1948.00 1985.00 1953.00 523451 181540100.00 3367249290.00
18/11/2016 1953.00 1946.00 1965.00 1956.00 429743 148278700.00 2439875035.00
21/11/2016 1956.00 1956.00 1979.00 1973.00 445337 155360900.00 2709349025.00
22/11/2016 1973.00 1973.00 2011.00 1992.00 500490 182488500.00 3241737191.00
23/11/2016 1992.00 1967.00 1992.00 1979.00 432478 150959700.00 2474058609.00
24/11/2016 1979.00 1968.00 1983.00 1972.00 178571 81198600.00 1143228314.00
25/11/2016 1971.00 1946.00 1978.00 1972.00 277627 114018300.00 1671085276.00
28/11/2016 1972.00 1959.00 2002.00 1999.00 375325 120829900.00 2170625783.00
29/11/2016 1998.00 1959.00 1998.00 1959.00 373629 126525200.00 2350356331.00
30/11/2016 1959.00 1959.00 1988.00 1975.00 434405 191482900.00 3582994073.00
01/12/2016 1975.00 1883.00 1975.00 1896.00 792693 225407200.00 4052940558.00
02/12/2016 1895.00 1861.00 1909.00 1907.00 560561 178442400.00 2997156040.00
05/12/2016 1907.00 1884.00 1916.00 1887.00 401902 124594500.00 2259183600.00
06/12/2016 1887.00 1873.00 1929.00 1926.00 494680 182805100.00 3099484258.00
07/12/2016 1926.00 1925.00 1951.00 1943.00 508234 186294800.00 3078222164.00
08/12/2016 1943.00 1912.00 1958.00 1920.00 402238 132468400.00 2239430261.00
09/12/2016 1921.00 1905.00 1932.00 1914.00 427980 164964000.00 2860057021.00
12/12/2016 1913.00 1872.00 1913.00 1876.00 395327 147818200.00 2518192045.00
13/12/2016 1876.00 1868.00 1905.00 1901.00 491029 176737800.00 2933009062.00
14/12/2016 1901.00 1867.00 1902.00 1867.00 489573 187065400.00 3147413089.00
15/12/2016 1867.00 1847.00 1868.00 1862.00 457801 164089100.00 2764230708.00
16/12/2016 1863.00 1863.00 1899.00 1879.00 396822 180794000.00 3223968198.00
19/12/2016 1879.00 1857.00 1884.00 1858.00 351185 168265500.00 2730275394.00
20/12/2016 1858.00 1850.00 1872.00 1864.00 399014 131093400.00 2337402339.00
21/12/2016 1864.00 1859.00 1880.00 1874.00 337083 126009100.00 2150694602.00
22/12/2016 1874.00 1863.00 1882.00 1882.00 371638 134681300.00 2295094987.00
23/12/2016 1882.00 1882.00 1902.00 1894.00 272953 110990400.00 1823227831.00
26/12/2016 1894.00 1894.00 1912.00 1909.00 114285 38153600.00 621384564.00
27/12/2016 1909.00 1904.00 1920.00 1913.00 257484 81796500.00 1408897146.00
28/12/2016 1912.00 1909.00 1940.00 1939.00 285175 94629000.00 1644023961.00
29/12/2016 1939.00 1925.00 1960.00 1958.00 315919 121656000.00 2150121975.00
02/01/2017 1958.00 1934.00 1958.00 1941.00 160772 53122300.00 799674494.00
03/01/2017 1941.00 1941.00 1998.00 1998.00 444978 178224100.00 2884747700.00
04/01/2017 1998.00 1989.00 2007.00 1999.00 405604 149480800.00 2413343743.00
05/01/2017 1999.00 1991.00 2007.00 1995.00 411840 152278000.00 2490039142.00
06/01/2017 1995.00 1970.00 1995.00 1981.00 350435 130558700.00 2148334936.00
09/01/2017 1981.00 1966.00 1989.00 1977.00 378940 136739400.00 2455511576.00
10/01/2017 1978.00 1974.00 1992.00 1978.00 347546 159307400.00 2624022550.00
11/01/2017 1978.00 1956.00 1991.00 1972.00 409890 152240700.00 2324172380.00
12/01/2017 1973.00 1973.00 2029.00 2011.00 706965 277378300.00 4555662216.00
13/01/2017 2010.00 1992.00 2016.00 1998.00 433358 163435800.00 2598012248.00
16/01/2017 1998.00 1989.00 2001.00 1994.00 289907 119344100.00 1458781641.00
17/01/2017 1994.00 1992.00 2019.00 2012.00 478640 228781200.00 2927687195.00
18/01/2017 2012.00 1995.00 2021.00 1998.00 420678 212801000.00 2689721596.00
19/01/2017 1997.00 1989.00 2006.00 1999.00 454833 189346300.00 2886460655.00
20/01/2017 1999.00 1999.00 2022.00 2018.00 449928 196748100.00 3151320437.00
23/01/2017 2018.00 2015.00 2041.00 2039.00 419221 167534100.00 2767581727.00
24/01/2017 2039.00 2031.00 2050.00 2045.00 438639 214685500.00 3563144635.00
26/01/2017 2045.00 2045.00 2074.00 2072.00 513091 211354900.00 3791074282.00
27/01/2017 2072.00 2061.00 2072.00 2067.00 390390 170259600.00 2789642817.00
30/01/2017 2067.00 2020.00 2067.00 2028.00 373483 140159100.00 2252066006.00
31/01/2017 2028.00 2028.00 2041.00 2038.00 416103 158358900.00 2651546583.00
01/02/2017 2038.00 2031.00 2057.00 2034.00 455197 199640800.00 3149581783.00
02/02/2017 2034.00 2026.00 2057.00 2046.00 407514 172392600.00 2565510453.00
03/02/2017 2046.00 2044.00 2078.00 2062.00 506312 194525400.00 3137256664.00
06/02/2017 2062.00 2037.00 2073.00 2038.00 436859 181459700.00 2631728923.00
07/02/2017 2038.00 2030.00 2050.00 2041.00 361764 165255800.00 2589805271.00
08/02/2017 2041.00 2029.00 2051.00 2049.00 408025 147380300.00 2595477260.00
09/02/2017 2049.00 2042.00 2059.00 2055.00 397249 149626200.00 2597995184.00
10/02/2017 2055.00 2053.00 2078.00 2074.00 459939 212307300.00 3142178896.00
13/02/2017 2074.00 2074.00 2092.00 2090.00 461132 165374000.00 2887290021.00
14/02/2017 2090.00 2073.00 2094.00 2087.00 482072 195522600.00 3442268207.00
15/02/2017 2087.00 2087.00 2132.00 2129.00 648158 230380000.00 4353940786.00
16/02/2017 2129.00 2125.00 2142.00 2132.00 480192 202556500.00 3847047404.00
17/02/2017 2132.00 2113.00 2132.00 2131.00 403469 171769900.00 3119944299.00
20/02/2017 2131.00 2131.00 2142.00 2138.00 278840 117368700.00 1773181265.00
21/02/2017 2138.00 2138.00 2154.00 2153.00 451398 174203700.00 2953445062.00
22/02/2017 2153.00 2129.00 2153.00 2138.00 495757 184792400.00 3309439854.00
23/02/2017 2138.00 2106.00 2158.00 2113.00 623648 208917800.00 3621983229.00
24/02/2017 2113.00 2080.00 2113.00 2092.00 500689 158513200.00 2962107348.00
01/03/2017 2092.00 2092.00 2113.00 2100.00 458400 137892600.00 2711994601.00
02/03/2017 2100.00 2076.00 2100.00 2086.00 515683 155239000.00 2974855123.00
03/03/2017 2086.00 2086.00 2113.00 2113.00 435114 140897700.00 2761237279.00
06/03/2017 2113.00 2106.00 2123.00 2110.00 446296 187361300.00 3481932796.00
07/03/2017 2110.00 2092.00 2117.00 2094.00 427306 141386500.00 2829344883.00
08/03/2017 2094.00 2062.00 2097.00 2076.00 439865 152101400.00 2773302027.00
09/03/2017 2076.00 2060.00 2084.00 2067.00 500468 168903700.00 3222229411.00
10/03/2017 2067.00 2067.00 2097.00 2088.00 435344 159721300.00 3213263145.00
13/03/2017 2088.00 2086.00 2107.00 2103.00 365538 110763400.00 2184298861.00
14/03/2017 2103.00 2085.00 2110.00 2085.00 409852 135798500.00 2609543266.00
15/03/2017 2085.00 2073.00 2124.00 2118.00 483469 180057700.00 3551273967.00
16/03/2017 2118.00 2117.00 2130.00 2121.00 425782 147959200.00 2916117452.00
17/03/2017 2121.00 2072.00 2131.00 2082.00 588486 247591600.00 4698151285.00
20/03/2017 2082.00 2060.00 2094.00 2082.00 538220 213492700.00 4116116119.00
21/03/2017 2082.00 2043.00 2087.00 2051.00 582124 174909500.00 3373086267.00
22/03/2017 2051.00 2026.00 2062.00 2061.00 563117 188451900.00 3776830940.00
23/03/2017 2061.00 2046.00 2078.00 2069.00 455858 195993300.00 4626301999.00
24/03/2017 2069.00 2066.00 2080.00 2080.00 409023 162960600.00 3738725035.00
27/03/2017 2080.00 2068.00 2085.00 2084.00 414099 123707000.00 2647975347.00
28/03/2017 2084.00 2082.00 2104.00 2097.00 402349 160393000.00 3498994608.00
29/03/2017 2097.00 2092.00 2121.00 2121.00 493309 234126100.00 5539742606.00
30/03/2017 2121.00 2112.00 2128.00 2118.00 347282 121948100.00 2340847981.00
31/03/2017 2118.00 2108.00 2128.00 2118.00 388951 134536600.00 2765041399.00
03/04/2017 2118.00 2112.00 2129.00 2126.00 337549 159189500.00 2704629295.00
04/04/2017 2126.00 2118.00 2136.00 2136.00 322118 119467300.00 2434479738.00
05/04/2017 2136.00 2116.00 2148.00 2123.00 485076 140091300.00 2836895662.00
06/04/2017 2123.00 2096.00 2123.00 2108.00 454728 130169200.00 2612433651.00
07/04/2017 2107.00 2104.00 2134.00 2120.00 438496 128214400.00 2502432655.00
10/04/2017 2120.00 2106.00 2130.00 2121.00 311211 128471200.00 2634494599.00
11/04/2017 2121.00 2090.00 2134.00 2120.00 416174 134272000.00 2814843556.00
12/04/2017 2120.00 2114.00 2133.00 2120.00 440848 180155100.00 3796574968.00
13/04/2017 2120.00 2094.00 2123.00 2095.00 347871 143207600.00 2758604451.00
17/04/2017 2095.00 2095.00 2142.00 2139.00 357985 140225100.00 2823661642.00
18/04/2017 2139.00 2129.00 2152.00 2145.00 383585 131344700.00 2599827579.00
19/04/2017 2145.00 2116.00 2151.00 2120.00 367547 115938100.00 2334776415.00
20/04/2017 2120.00 2114.00 2135.00 2125.00 343546 126234100.00 2493448480.00
24/04/2017 2125.00 2125.00 2151.00 2139.00 431602 177459600.00 3621252367.00
25/04/2017 2139.00 2126.00 2152.00 2152.00 465026 185304200.00 3443519797.00
26/04/2017 2152.00 2134.00 2152.00 2142.00 408444 145076300.00 2889889962.00
27/04/2017 2143.00 2123.00 2152.00 2137.00 366285 123165000.00 2487295374.00
28/04/2017 2137.00 2133.00 2164.00 2164.00 401787 161488100.00 3268372985.00
02/05/2017 2164.00 2164.00 2213.00 2209.00 606054 187260500.00 3823594686.00
03/05/2017 2209.00 2200.00 2215.00 2207.00 447333 156847800.00 3232132764.00
04/05/2017 2207.00 2174.00 2209.00 2182.00 508360 157447000.00 3444841057.00
05/05/2017 2182.00 2181.00 2201.00 2200.00 379547 123987200.00 2567833595.00
08/05/2017 2200.00 2193.00 2210.00 2199.00 360883 106447900.00 2116811335.00
09/05/2017 2199.00 2199.00 2237.00 2230.00 426847 141307400.00 2817243274.00
10/05/2017 2231.00 2231.00 2274.00 2273.00 537313 176592500.00 3813191478.00
11/05/2017 2273.00 2269.00 2283.00 2273.00 405497 153696200.00 3370995450.00
12/05/2017 2273.00 2273.00 2293.00 2293.00 513826 178694600.00 3637398661.00
15/05/2017 2293.00 2283.00 2297.00 2289.00 444672 150454500.00 3251860428.00
16/05/2017 2289.00 2280.00 2297.00 2295.00 580150 185159200.00 3796123257.00
17/05/2017 2295.00 2248.00 2295.00 2257.00 554821 171270500.00 3325141079.00
18/05/2017 2257.00 2027.00 2257.00 2075.00 999999 470461200.00 8808224136.00
19/05/2017 2075.00 2075.00 2129.00 2114.00 828827 301209600.00 5623497601.00
22/05/2017 2114.00 2045.00 2114.00 2063.00 882679 332306400.00 5290809777.00
23/05/2017 2063.00 2061.00 2107.00 2105.00 627277 279339500.00 4157396159.00
24/05/2017 2105.00 2105.00 2157.00 2138.00 632935 235457500.00 3917961285.00
25/05/2017 2138.00 2133.00 2160.00 2152.00 533794 232035300.00 3604078389.00
26/05/2017 2152.00 2152.00 2181.00 2181.00 509231 213943800.00 3790251752.00
29/05/2017 2181.00 2153.00 2181.00 2166.00 285997 94877800.00 1606055456.00
30/05/2017 2166.00 2164.00 2174.00 2168.00 372727 116145900.00 2080533390.00
31/05/2017 2168.00 2134.00 2171.00 2135.00 603625 261557700.00 5187633173.00
01/06/2017 2135.00 2127.00 2161.00 2130.00 527889 181075100.00 3185317979.00
02/06/2017 2130.00 2130.00 2148.00 2138.00 448302 146617400.00 2734670181.00
05/06/2017 2138.00 2123.00 2141.00 2129.00 419408 137869300.00 2535558580.00
06/06/2017 2129.00 2127.00 2154.00 2146.00 462968 178716200.00 3094079030.00
07/06/2017 2146.00 2146.00 2164.00 2160.00 515195 157846600.00 2984287923.00
08/06/2017 2160.00 2132.00 2160.00 2144.00 439982 135106700.00 2555864898.00
09/06/2017 2144.00 2123.00 2152.00 2130.00 514756 170475000.00 3287969796.00
12/06/2017 2129.00 2101.00 2130.00 2108.00 483714 163164800.00 2823735855.00
13/06/2017 2108.00 2102.00 2117.00 2114.00 372226 134548100.00 2570548352.00
14/06/2017 2114.00 2101.00 2131.00 2119.00 489067 190495800.00 3722680726.00
16/06/2017 2118.00 2110.00 2130.00 2126.00 435717 235863200.00 4843315568.00
