20/06/2016 26.65 26.64 27.12 26.81 1721 295944.65 7977520.00
21/06/2016 26.77 26.44 26.78 26.75 2241 382993.20 10207912.00
22/06/2016 26.68 26.13 26.78 26.52 1862 258594.40 6852756.00
23/06/2016 26.58 26.57 27.34 27.09 2593 425548.00 11473087.00
24/06/2016 26.44 26.22 26.92 26.86 2613 499636.21 13360954.00
27/06/2016 26.75 26.22 26.85 26.48 1444 239000.82 6318845.00
28/06/2016 26.69 26.44 26.96 26.73 2229 362175.03 9687828.00
29/06/2016 26.88 26.88 27.89 27.41 2328 524026.14 14402671.00
30/06/2016 27.42 27.13 27.69 27.60 1844 779150.84 21397885.00
01/07/2016 27.45 27.45 28.05 27.79 1767 557192.35 15507960.00
04/07/2016 28.07 27.79 28.26 28.03 1131 221652.34 6207050.00
05/07/2016 27.91 27.54 27.99 27.73 1838 392994.09 10889505.00
06/07/2016 27.70 26.97 27.70 27.44 1547 279616.67 7644492.00
07/07/2016 27.44 27.35 27.67 27.42 2240 430650.50 11826854.00
08/07/2016 27.49 27.49 28.24 27.96 2407 527087.63 14729477.00
11/07/2016 27.97 27.76 28.42 28.13 4356 796397.27 22404229.00
12/07/2016 28.39 27.81 28.52 27.93 2344 407281.07 11394097.00
13/07/2016 28.16 27.80 28.42 28.21 1711 291454.46 8222604.00
14/07/2016 28.61 28.36 28.93 28.71 3338 908448.04 26075168.00
15/07/2016 28.57 28.47 29.24 29.10 3686 637913.80 18471063.00
18/07/2016 29.11 28.88 29.63 29.37 3956 719451.66 21120436.00
19/07/2016 29.37 29.23 29.48 29.48 3356 541374.62 15915157.00
20/07/2016 29.48 29.04 29.55 29.35 2481 492798.87 14434675.00
21/07/2016 29.29 28.97 29.43 29.10 1778 350847.49 10235853.00
22/07/2016 29.11 29.05 29.69 29.53 3264 844768.91 24942124.00
25/07/2016 29.59 28.76 29.59 29.35 3747 833645.47 24397711.00
26/07/2016 29.35 29.21 29.50 29.35 2612 455652.72 13377199.00
27/07/2016 29.30 29.17 29.52 29.38 3964 764353.61 22438799.00
28/07/2016 29.17 29.17 29.79 29.59 3562 657303.28 19409262.00
29/07/2016 29.65 29.37 30.03 29.93 2753 516372.40 15443603.00
01/08/2016 29.98 29.85 30.41 30.18 2875 494533.72 14960499.00
02/08/2016 30.22 29.50 30.22 29.79 2800 461367.51 13717625.00
03/08/2016 29.61 29.40 29.96 29.79 1840 347071.64 10301569.00
04/08/2016 29.70 29.70 30.39 30.00 1758 355643.83 10717488.00
05/08/2016 30.22 29.86 30.55 30.33 2658 491166.07 14845163.00
08/08/2016 30.42 29.65 30.44 29.89 2421 530455.28 15896806.00
09/08/2016 29.78 29.74 30.08 30.08 3399 706899.52 21149327.00
10/08/2016 30.07 29.31 30.13 29.89 5487 1098056.71 32613166.00
11/08/2016 30.12 29.64 30.12 29.85 1874 597297.95 17827853.00
12/08/2016 29.84 29.00 29.86 29.54 4445 775783.19 22863634.00
15/08/2016 29.47 29.38 29.81 29.72 2776 1892923.23 56062043.00
16/08/2016 29.51 29.10 29.71 29.27 2033 775272.94 22760002.00
17/08/2016 29.22 28.77 29.39 29.20 2611 359725.83 10443783.00
18/08/2016 28.98 28.49 29.38 28.88 2824 437283.74 12643751.00
19/08/2016 28.67 28.52 29.13 28.75 1719 372992.31 10753708.00
22/08/2016 28.76 28.14 28.88 28.52 2201 332580.56 9450610.00
23/08/2016 28.53 28.17 28.75 28.52 1731 305231.19 8678984.00
24/08/2016 28.31 28.22 29.14 29.01 3843 859668.19 24748196.00
25/08/2016 28.84 28.66 29.42 29.01 3877 535047.52 15542000.00
26/08/2016 28.77 28.33 28.93 28.43 3201 558927.20 15927268.00
29/08/2016 28.56 28.06 28.81 28.48 1601 295842.60 8397977.00
30/08/2016 28.52 28.12 28.52 28.24 2225 359419.68 10148865.00
31/08/2016 28.36 27.96 28.52 28.12 1991 385850.60 10852545.00
01/09/2016 28.12 27.83 29.01 28.66 4666 1149081.65 32642971.00
02/09/2016 28.95 28.78 29.65 29.40 4731 1335424.74 38835185.00
05/09/2016 29.40 29.15 29.75 29.41 2186 332070.31 9758565.00
06/09/2016 29.52 29.40 29.89 29.77 2667 469327.40 13903393.00
08/09/2016 29.78 29.37 29.78 29.64 2076 279208.47 8251466.00
09/09/2016 29.45 28.89 29.58 29.10 2188 409730.27 11929344.00
12/09/2016 28.93 28.59 29.36 29.23 2400 330539.56 9614350.00
13/09/2016 29.15 28.18 29.15 28.48 2675 403913.43 11476456.00
14/09/2016 28.54 28.32 28.80 28.54 1306 213488.35 6092732.00
15/09/2016 28.60 28.41 28.92 28.73 3219 507085.86 14555313.00
16/09/2016 28.48 28.37 28.93 28.75 2466 405648.28 11653270.00
19/09/2016 29.06 28.58 29.22 28.82 2137 286556.06 8290113.00
20/09/2016 28.97 28.61 29.05 28.73 1143 153278.92 4416096.00
21/09/2016 28.88 28.72 29.63 29.05 3350 588521.66 17050273.00
22/09/2016 29.40 28.81 29.53 28.89 3041 478715.99 13953321.00
23/09/2016 28.80 28.09 29.07 28.22 4720 806092.01 22854213.00
26/09/2016 28.03 28.02 28.48 28.25 1762 263288.69 7428326.00
27/09/2016 28.42 28.39 28.84 28.62 1780 309313.19 8850019.00
28/09/2016 28.91 28.54 29.22 28.95 2028 289923.71 8372656.00
29/09/2016 29.23 28.79 29.28 28.91 1793 345234.75 10006730.00
30/09/2016 29.13 28.71 29.21 29.10 3022 552293.95 15998336.00
03/10/2016 29.10 28.87 29.89 29.48 3618 686693.65 20232747.00
04/10/2016 29.49 29.02 29.64 29.34 1465 197772.67 5801964.00
05/10/2016 29.44 29.24 29.83 29.51 1186 204610.01 6036342.00
06/10/2016 29.64 29.32 29.64 29.49 1325 193384.52 5694812.00
07/10/2016 29.49 29.03 29.98 29.72 3562 586174.51 17297294.00
10/10/2016 29.99 29.64 30.14 29.73 1940 340336.35 10165528.00
11/10/2016 29.67 28.96 29.78 28.96 1597 2931484.87 84958667.00
13/10/2016 28.84 28.66 29.78 29.54 4619 1221435.02 35678611.00
14/10/2016 29.54 29.41 29.89 29.66 1719 258492.35 7654578.00
17/10/2016 29.51 29.08 29.87 29.84 2422 494023.47 14628989.00
18/10/2016 29.79 29.70 30.30 30.13 3191 671794.36 20243183.00
19/10/2016 30.29 29.89 30.56 30.33 4222 688632.59 20809810.00
20/10/2016 30.08 29.60 30.48 30.33 3161 536680.32 16149650.00
21/10/2016 30.26 29.78 30.31 30.08 3097 555355.45 16681117.00
24/10/2016 30.28 29.96 30.30 30.08 1306 218488.79 6579671.00
25/10/2016 30.26 29.18 30.26 29.32 3573 665467.27 19624727.00
26/10/2016 29.38 28.83 29.48 29.34 3556 616585.38 17981141.00
27/10/2016 29.51 28.74 29.66 29.29 5019 1472987.98 42799162.00
28/10/2016 29.10 28.84 29.50 29.05 2325 355235.63 10317024.00
31/10/2016 29.14 28.74 29.69 29.54 3051 642914.25 18792441.00
01/11/2016 29.49 28.28 29.50 28.69 4669 848952.96 24302154.00
03/11/2016 28.38 27.76 28.69 28.26 4728 740269.83 20901955.00
04/11/2016 28.05 27.87 28.60 28.12 4080 697000.68 19631072.00
07/11/2016 28.23 28.20 28.79 28.72 3694 853851.35 24438610.00
08/11/2016 28.72 28.35 28.91 28.91 2504 1396858.76 40012712.00
09/11/2016 28.46 28.05 28.87 28.52 4986 1231946.16 34997857.00
10/11/2016 28.49 26.66 28.55 27.04 5689 1067747.90 29080446.00
11/11/2016 26.95 25.29 26.95 26.38 5274 1285114.15 33432653.00
14/11/2016 26.14 25.33 26.52 26.02 5680 1199188.15 30811060.00
16/11/2016 26.05 25.75 26.65 26.61 2453 386564.95 10210452.00
17/11/2016 26.89 25.93 26.90 26.31 2103 458612.16 12021412.00
18/11/2016 25.93 25.75 26.56 26.35 2095 382687.05 10018378.00
21/11/2016 26.35 25.94 26.60 26.60 3396 566580.94 14841981.00
22/11/2016 26.60 25.85 26.73 26.64 3150 641995.80 16876061.00
23/11/2016 26.70 25.88 27.14 27.14 3740 761394.16 20210495.00
24/11/2016 26.86 26.49 26.87 26.58 1290 270738.33 7209611.00
25/11/2016 26.48 26.05 26.76 26.68 2324 363705.77 9628636.00
28/11/2016 26.35 26.35 26.84 26.84 1686 387483.40 10330643.00
29/11/2016 26.81 26.25 26.81 26.45 2135 395647.39 10441196.00
30/11/2016 26.74 26.56 27.05 26.75 2364 564233.79 15082106.00
01/12/2016 26.75 25.31 26.75 25.49 2781 538006.97 13845558.00
02/12/2016 25.48 25.00 25.82 25.58 3398 576887.97 14656245.00
05/12/2016 25.78 25.38 25.91 25.63 2740 380544.00 9769534.00
06/12/2016 25.63 25.48 26.21 25.99 2206 492492.72 12693052.00
07/12/2016 26.21 25.74 26.65 26.65 2215 572091.63 15007503.00
08/12/2016 26.56 26.08 26.74 26.44 2603 448407.17 11852020.00
09/12/2016 26.20 26.15 27.03 26.83 2452 516780.59 13769627.00
12/12/2016 26.82 26.30 26.99 26.70 1337 277575.68 7372522.00
13/12/2016 26.52 26.35 26.74 26.64 2064 373808.71 9942940.00
14/12/2016 26.67 26.07 26.67 26.07 2005 364113.97 9572960.00
15/12/2016 26.22 24.90 26.22 25.72 3572 801499.76 20358047.00
16/12/2016 25.72 25.24 25.83 25.38 4932 946308.54 24165353.00
19/12/2016 25.43 25.18 25.77 25.54 2668 439324.74 11194132.00
20/12/2016 25.77 25.04 25.77 25.18 2406 381462.45 9627668.00
21/12/2016 25.32 24.94 25.40 25.28 2854 470858.15 11851952.00
22/12/2016 25.21 24.85 25.21 25.11 3704 704858.52 17666929.00
23/12/2016 25.01 25.01 25.42 25.28 3325 655568.43 16510422.00
26/12/2016 25.43 25.25 25.86 25.48 1604 400851.93 10210238.00
27/12/2016 25.58 25.23 25.69 25.42 1528 266656.34 6771773.00
28/12/2016 25.58 25.47 25.99 25.99 2610 420547.56 10829403.00
29/12/2016 26.09 25.49 26.13 26.13 3131 759353.16 19685746.00
02/01/2017 25.90 25.72 26.13 26.09 1125 197976.77 5145731.00
03/01/2017 26.09 26.03 26.66 26.59 3635 916101.78 24209091.00
04/01/2017 26.38 26.38 27.58 27.27 5933 1652697.81 44971380.00
05/01/2017 27.51 27.26 28.14 27.87 7790 1282664.95 35635635.00
06/01/2017 28.02 27.78 28.27 28.03 6861 1032744.79 28952490.00
09/01/2017 28.18 27.58 28.30 27.92 6519 1570445.61 43790663.00
10/01/2017 28.06 27.50 28.06 27.77 2309 644649.10 17850690.00
11/01/2017 27.87 27.17 27.87 27.46 3425 1735970.52 47758252.00
12/01/2017 27.71 27.71 29.60 29.32 9857 2062836.28 59878267.00
13/01/2017 29.05 29.05 29.81 29.72 6316 1261846.77 37217831.00
16/01/2017 29.51 29.39 29.76 29.59 3113 521474.89 15424115.00
17/01/2017 29.41 29.23 29.70 29.25 2700 655058.18 19262112.00
18/01/2017 29.25 28.73 29.56 28.80 3188 637505.60 18502842.00
19/01/2017 28.74 28.56 29.01 28.71 4001 674243.56 19405863.00
20/01/2017 28.64 28.47 28.94 28.76 2530 512698.60 14728053.00
23/01/2017 28.88 28.45 29.30 29.01 5430 1266030.82 36734822.00
24/01/2017 29.34 28.98 29.37 29.25 3556 830890.13 24263030.00
26/01/2017 29.40 29.16 29.68 29.20 4096 726595.15 21301340.00
27/01/2017 29.20 28.98 29.35 29.20 2056 652506.94 19073952.00
30/01/2017 28.84 28.39 28.97 28.52 3000 635056.41 18204976.00
31/01/2017 28.73 28.50 29.77 29.20 4130 759149.06 22242512.00
01/02/2017 29.51 29.00 30.03 29.20 1472 347785.99 10172177.00
02/02/2017 29.27 29.20 29.56 29.43 2088 438610.39 12895539.00
03/02/2017 29.48 29.24 30.25 30.06 4177 1220924.77 36552827.00
06/02/2017 30.09 29.70 30.18 29.85 3790 914571.03 27417080.00
07/02/2017 30.13 29.64 30.16 29.87 4665 827318.38 24718175.00
08/02/2017 29.88 29.61 30.04 29.89 4679 1024070.55 30590978.00
09/02/2017 29.93 29.72 30.28 30.25 3552 680978.85 20485176.00
10/02/2017 30.28 30.05 30.47 30.33 3968 614850.53 18632831.00
13/02/2017 30.31 30.30 31.11 30.91 8386 1325117.70 40728605.00
14/02/2017 31.07 30.46 31.25 30.67 3597 635464.61 19571586.00
15/02/2017 30.56 30.43 31.25 31.04 5902 812827.30 25178507.00
16/02/2017 31.15 30.44 31.26 30.57 4209 632096.96 19370918.00
17/02/2017 30.45 30.08 30.53 30.09 4642 991924.84 29901389.00
20/02/2017 30.24 30.24 30.91 30.78 3799 668018.52 20414537.00
21/02/2017 30.92 30.79 31.73 31.49 3750 1102036.66 34418464.00
22/02/2017 32.03 30.90 32.03 31.24 3767 1118058.49 34751786.00
23/02/2017 31.24 30.48 31.34 30.67 3789 869669.08 26826290.00
24/02/2017 30.39 30.04 30.88 30.48 4391 988557.19 30165573.00
01/03/2017 30.54 29.71 30.85 30.38 4379 682713.70 20689049.00
02/03/2017 30.18 30.15 30.81 30.74 6759 1603815.92 49008917.00
03/03/2017 30.59 30.19 30.82 30.52 5718 1275623.51 38945573.00
06/03/2017 30.29 30.29 31.06 30.92 4683 715369.66 22077020.00
07/03/2017 30.92 30.84 31.28 31.11 2072 424017.25 13187508.00
08/03/2017 31.21 30.53 31.21 30.73 5731 993659.69 30539084.00
09/03/2017 30.83 30.53 30.98 30.81 4119 1718622.04 52961369.00
10/03/2017 31.10 30.60 31.42 30.87 2979 482593.88 14925250.00
13/03/2017 30.90 30.89 31.84 31.80 4489 695367.89 21934734.00
14/03/2017 31.82 31.59 32.56 31.91 8003 1745563.21 56098327.00
15/03/2017 32.29 31.34 32.40 32.24 7514 1338894.43 42954744.00
16/03/2017 32.64 32.11 32.95 32.58 5489 987026.44 32260957.00
17/03/2017 32.75 31.87 32.99 32.41 6420 1314402.46 42573800.00
20/03/2017 32.25 31.84 32.40 32.27 7429 1038663.68 33400409.00
21/03/2017 32.47 31.46 32.50 31.75 4595 923041.17 29287037.00
22/03/2017 31.74 31.02 31.74 31.50 4111 786498.43 24637289.00
23/03/2017 31.35 30.96 31.53 30.96 5180 1267357.47 39492637.00
24/03/2017 31.06 30.78 32.05 31.18 8784 20800112.80 643460718.00
27/03/2017 31.02 30.90 31.70 31.65 8162 1385327.13 43511127.00
28/03/2017 31.68 31.60 32.08 31.83 7373 1182962.21 37618589.00
29/03/2017 31.85 31.78 32.26 32.26 6329 1476253.57 47259011.00
30/03/2017 32.32 31.91 32.41 32.21 4839 1671270.89 53837259.00
31/03/2017 32.05 31.97 32.36 32.14 2482 480552.89 15459230.00
03/04/2017 32.29 32.02 32.40 32.28 2504 651996.69 20994991.00
04/04/2017 32.12 32.12 32.49 32.32 1812 873444.93 28212056.00
05/04/2017 32.32 32.18 32.97 32.53 6639 1212250.53 39652856.00
06/04/2017 32.34 31.97 32.65 32.28 5003 755679.37 24398676.00
07/04/2017 32.14 32.06 32.69 32.44 4730 675162.01 21939149.00
10/04/2017 32.38 32.08 32.55 32.34 2595 390238.74 12595034.00
11/04/2017 32.19 31.74 32.51 32.29 3119 917224.33 29627306.00
12/04/2017 32.25 32.17 32.60 32.34 3844 2987204.10 96694199.00
13/04/2017 32.39 32.07 32.79 32.34 5392 1142346.36 36841451.00
17/04/2017 32.44 32.29 33.21 33.21 4297 740473.93 24352476.00
18/04/2017 33.15 32.49 33.32 33.22 5537 1271643.56 41808355.00
19/04/2017 33.06 32.58 33.29 32.72 7105 1508909.53 49706769.00
20/04/2017 32.94 32.62 33.21 33.02 5694 1103669.46 36385438.00
24/04/2017 33.19 32.52 33.25 32.58 4249 801601.81 26330898.00
25/04/2017 32.38 32.36 33.34 33.27 5007 954574.58 31428184.00
26/04/2017 33.32 32.78 33.42 33.25 4389 692510.49 22994439.00
27/04/2017 33.54 32.54 33.54 32.64 3850 653200.00 21375281.00
28/04/2017 32.80 32.18 33.29 33.17 5760 1049800.00 34592027.00
02/05/2017 33.17 33.15 33.96 33.32 4920 840800.00 28152516.00
03/05/2017 33.47 33.05 33.79 33.69 5377 900300.00 30159257.00
04/05/2017 33.78 33.07 33.78 33.35 4967 778000.00 25979221.00
05/05/2017 33.69 33.09 33.95 33.91 7117 1381300.00 46415049.00
08/05/2017 33.91 33.68 34.43 34.04 4569 683300.00 23203588.00
09/05/2017 34.09 33.76 34.50 34.50 6055 2024600.00 68890587.00
10/05/2017 35.30 34.24 35.30 35.11 10334 1366700.00 47665133.00
11/05/2017 35.12 34.86 35.80 35.60 5197 844800.00 29937338.00
12/05/2017 35.42 35.30 35.64 35.50 2991 1083600.00 38412836.00
15/05/2017 35.34 34.93 35.57 35.43 5906 908500.00 31991281.00
16/05/2017 35.50 35.35 36.00 36.00 6359 1465300.00 52205384.00
17/05/2017 35.98 35.63 36.16 35.95 5212 1154800.00 41436648.00
18/05/2017 31.75 30.84 32.54 30.99 7321 2114500.00 67073201.00
19/05/2017 31.34 31.34 32.74 32.02 7306 1264800.00 40327543.00
22/05/2017 31.62 29.57 31.68 30.70 12785 2620800.00 79338684.00
23/05/2017 31.24 30.88 31.74 31.50 10689 1791400.00 56012181.00
24/05/2017 31.23 31.23 32.93 32.15 5683 1263200.00 40742832.00
25/05/2017 32.10 31.00 32.33 31.48 6578 1135000.00 35660475.00
26/05/2017 31.22 31.22 32.39 32.32 4047 1084800.00 34850614.00
29/05/2017 32.00 31.71 32.38 32.33 2365 410000.00 13136340.00
30/05/2017 32.42 31.88 32.42 32.10 3351 569800.00 18256513.00
31/05/2017 32.36 31.31 32.36 31.80 3985 939500.00 29774759.00
01/06/2017 32.05 31.46 32.05 31.61 3949 651200.00 20685007.00
02/06/2017 31.91 31.57 32.20 31.85 3831 572900.00 18259216.00
05/06/2017 31.52 31.35 32.12 31.65 6253 1000800.00 31697480.00
06/06/2017 31.76 31.35 32.34 32.25 6719 1424500.00 45389520.00
07/06/2017 31.91 31.91 32.85 32.85 8119 1358300.00 44155755.00
08/06/2017 32.80 32.20 32.80 32.50 4960 778900.00 25275293.00
09/06/2017 32.75 32.60 33.17 33.15 4555 791100.00 26033904.00
12/06/2017 33.15 31.84 33.15 32.14 5775 914700.00 29480667.00
13/06/2017 32.49 31.96 32.49 32.40 3797 555300.00 17875191.00
14/06/2017 32.40 31.95 32.62 32.50 5469 1016800.00 32784478.00
16/06/2017 32.52 32.32 33.25 32.91 4482 1230200.00 40473945.00
