20/06/2016 1186.00 1182.00 1218.00 1202.00 115370 90297300.00 728248680.00
21/06/2016 1201.00 1179.00 1208.00 1202.00 98497 82675500.00 619483591.00
22/06/2016 1201.00 1193.00 1219.00 1193.00 146704 109377200.00 768639340.00
23/06/2016 1193.00 1191.00 1246.00 1246.00 127876 106906300.00 726101792.00
24/06/2016 1246.00 1172.00 1249.00 1175.00 172169 132712200.00 1102152807.00
27/06/2016 1175.00 1143.00 1178.00 1152.00 112547 89122900.00 681866485.00
28/06/2016 1154.00 1154.00 1186.00 1158.00 121667 109882900.00 936493267.00
29/06/2016 1158.00 1156.00 1174.00 1164.00 119090 107035800.00 1014720256.00
30/06/2016 1164.00 1146.00 1176.00 1169.00 146409 125706900.00 1108700054.00
01/07/2016 1170.00 1170.00 1231.00 1228.00 145488 128473100.00 1061555101.00
04/07/2016 1228.00 1228.00 1258.00 1251.00 90817 68264100.00 477260569.00
05/07/2016 1251.00 1206.00 1252.00 1208.00 122277 91577600.00 768353871.00
06/07/2016 1208.00 1175.00 1216.00 1214.00 106833 105766900.00 772196130.00
07/07/2016 1215.00 1182.00 1235.00 1183.00 121782 101247700.00 831321996.00
08/07/2016 1183.00 1179.00 1196.00 1184.00 100997 62952000.00 594718046.00
11/07/2016 1185.00 1185.00 1209.00 1204.00 103813 77771900.00 729737755.00
12/07/2016 1203.00 1200.00 1249.00 1237.00 178294 142128700.00 1131092660.00
13/07/2016 1238.00 1212.00 1250.00 1248.00 171326 149402700.00 1163992411.00
14/07/2016 1249.00 1230.00 1261.00 1239.00 177924 133481400.00 1209195851.00
15/07/2016 1239.00 1235.00 1254.00 1247.00 135052 116496400.00 867635128.00
18/07/2016 1246.00 1237.00 1274.00 1274.00 122455 127963200.00 903355987.00
19/07/2016 1273.00 1254.00 1277.00 1261.00 151630 127294300.00 1022625045.00
20/07/2016 1261.00 1234.00 1265.00 1250.00 108673 121670600.00 882307318.00
21/07/2016 1250.00 1248.00 1284.00 1281.00 123268 138257100.00 1094598499.00
22/07/2016 1281.00 1278.00 1310.00 1306.00 114186 107747000.00 818896415.00
25/07/2016 1308.00 1287.00 1319.00 1304.00 127167 107220900.00 756451523.00
26/07/2016 1304.00 1303.00 1331.00 1320.00 130255 132283100.00 1116272966.00
27/07/2016 1321.00 1320.00 1355.00 1347.00 152782 147959000.00 1147252078.00
28/07/2016 1347.00 1318.00 1361.00 1346.00 154284 172654200.00 1256066779.00
29/07/2016 1345.00 1304.00 1345.00 1331.00 196210 149146500.00 1181845154.00
01/08/2016 1331.00 1324.00 1357.00 1326.00 173546 198934500.00 1298613065.00
02/08/2016 1326.00 1272.00 1329.00 1281.00 149015 160448000.00 1080401134.00
03/08/2016 1282.00 1270.00 1323.00 1320.00 161554 166370000.00 1257683815.00
04/08/2016 1322.00 1322.00 1368.00 1342.00 184522 172905900.00 1492745286.00
05/08/2016 1342.00 1341.00 1359.00 1350.00 143703 120701200.00 970918507.00
08/08/2016 1350.00 1345.00 1372.00 1351.00 129904 128001100.00 941133598.00
09/08/2016 1351.00 1351.00 1369.00 1361.00 136862 130944900.00 1035982687.00
10/08/2016 1360.00 1340.00 1379.00 1343.00 141601 142813600.00 1270048437.00
11/08/2016 1343.00 1337.00 1384.00 1381.00 151999 130814600.00 1114153245.00
12/08/2016 1382.00 1360.00 1388.00 1372.00 135254 111177000.00 1004827449.00
15/08/2016 1372.00 1372.00 1429.00 1427.00 136243 137182900.00 1040226961.00
16/08/2016 1428.00 1406.00 1448.00 1409.00 133356 140168400.00 1131659314.00
17/08/2016 1410.00 1387.00 1420.00 1419.00 163579 152747300.00 1312486888.00
18/08/2016 1420.00 1416.00 1437.00 1426.00 139103 148254500.00 1158234784.00
19/08/2016 1424.00 1404.00 1433.00 1426.00 101377 95607000.00 839740103.00
22/08/2016 1427.00 1368.00 1427.00 1370.00 135076 113528800.00 1020439272.00
23/08/2016 1370.00 1366.00 1430.00 1402.00 136280 134668100.00 1291804830.00
24/08/2016 1402.00 1362.00 1405.00 1364.00 128290 131211900.00 1139932759.00
25/08/2016 1364.00 1355.00 1384.00 1357.00 126188 120484000.00 1004799271.00
26/08/2016 1358.00 1339.00 1376.00 1352.00 173749 139217500.00 1213911051.00
29/08/2016 1353.00 1352.00 1386.00 1375.00 120669 98900700.00 800234300.00
30/08/2016 1375.00 1370.00 1396.00 1375.00 113878 92651400.00 839246004.00
31/08/2016 1375.00 1354.00 1386.00 1365.00 167051 125970000.00 1242547102.00
01/09/2016 1365.00 1365.00 1398.00 1391.00 144899 107750200.00 1032800126.00
02/09/2016 1391.00 1391.00 1433.00 1431.00 138927 123838500.00 1098509537.00
05/09/2016 1432.00 1423.00 1443.00 1426.00 68886 66046600.00 582085920.00
06/09/2016 1426.00 1405.00 1438.00 1427.00 116624 109508000.00 1009614485.00
08/09/2016 1427.00 1413.00 1433.00 1427.00 177331 137117900.00 1193714840.00
09/09/2016 1426.00 1381.00 1426.00 1381.00 171654 129501700.00 1145603128.00
12/09/2016 1381.00 1363.00 1405.00 1404.00 167494 141419300.00 1224919821.00
13/09/2016 1403.00 1332.00 1404.00 1340.00 208738 149659800.00 1257140621.00
14/09/2016 1340.00 1339.00 1362.00 1351.00 139772 112009500.00 941286054.00
15/09/2016 1350.00 1344.00 1362.00 1350.00 88829 72278900.00 612318656.00
16/09/2016 1349.00 1320.00 1350.00 1329.00 133706 109616800.00 967988328.00
19/09/2016 1330.00 1330.00 1363.00 1341.00 110218 95211300.00 851219769.00
20/09/2016 1341.00 1321.00 1349.00 1327.00 117705 106087000.00 882730324.00
21/09/2016 1327.00 1325.00 1362.00 1357.00 172438 154770700.00 1378288333.00
22/09/2016 1356.00 1344.00 1378.00 1348.00 154575 125917200.00 1062061994.00
23/09/2016 1347.00 1345.00 1379.00 1363.00 152296 92790700.00 894127164.00
26/09/2016 1362.00 1343.00 1362.00 1351.00 82940 58789600.00 530841766.00
27/09/2016 1350.00 1331.00 1360.00 1356.00 101926 87160500.00 681515910.00
28/09/2016 1356.00 1356.00 1411.00 1410.00 141381 113077500.00 1068235498.00
29/09/2016 1410.00 1395.00 1434.00 1404.00 141357 107889800.00 978585372.00
30/09/2016 1404.00 1389.00 1411.00 1390.00 130296 85583000.00 795561478.00
03/10/2016 1390.00 1390.00 1423.00 1420.00 126923 79903100.00 769101692.00
04/10/2016 1420.00 1392.00 1427.00 1398.00 118373 79412700.00 795447877.00
05/10/2016 1398.00 1398.00 1429.00 1424.00 97832 73346500.00 627853485.00
06/10/2016 1424.00 1417.00 1439.00 1435.00 128625 93845400.00 809431918.00
07/10/2016 1435.00 1435.00 1456.00 1443.00 197225 136813500.00 1366636433.00
10/10/2016 1444.00 1444.00 1472.00 1472.00 122892 99635200.00 1098548470.00
11/10/2016 1473.00 1459.00 1475.00 1462.00 168932 102546400.00 1231152025.00
13/10/2016 1461.00 1429.00 1461.00 1439.00 229271 160518500.00 1736089081.00
14/10/2016 1440.00 1440.00 1478.00 1459.00 124866 76203300.00 834280727.00
17/10/2016 1459.00 1459.00 1480.00 1471.00 122280 74094000.00 828682644.00
18/10/2016 1471.00 1468.00 1513.00 1507.00 150934 113046800.00 1140413384.00
19/10/2016 1508.00 1492.00 1521.00 1496.00 111209 110390400.00 1022409749.00
20/10/2016 1496.00 1484.00 1516.00 1507.00 138624 121630700.00 1220881881.00
21/10/2016 1507.00 1498.00 1551.00 1542.00 186493 166007900.00 1663488581.00
24/10/2016 1543.00 1543.00 1581.00 1562.00 160088 158592200.00 1451368733.00
25/10/2016 1562.00 1562.00 1600.00 1594.00 199047 176441300.00 2040408805.00
26/10/2016 1593.00 1569.00 1607.00 1602.00 191309 149661600.00 1830231011.00
27/10/2016 1602.00 1602.00 1628.00 1615.00 172014 135881300.00 1882497287.00
28/10/2016 1615.00 1613.00 1647.00 1634.00 167913 151813800.00 1547574347.00
31/10/2016 1634.00 1620.00 1653.00 1638.00 149072 121616700.00 1242930379.00
01/11/2016 1639.00 1594.00 1659.00 1613.00 196712 157833200.00 1641927135.00
03/11/2016 1613.00 1563.00 1616.00 1563.00 162742 132605900.00 1389774463.00
04/11/2016 1562.00 1540.00 1588.00 1550.00 160846 138500400.00 1327729820.00
07/11/2016 1551.00 1551.00 1632.00 1631.00 151110 113420600.00 1278052110.00
08/11/2016 1632.00 1617.00 1665.00 1649.00 153233 121177100.00 1421686437.00
09/11/2016 1648.00 1597.00 1713.00 1686.00 255077 231303400.00 2759240544.00
10/11/2016 1686.00 1686.00 1820.00 1785.00 345931 295971900.00 3884825477.00
11/11/2016 1784.00 1741.00 1842.00 1754.00 350148 216990800.00 3184888365.00
14/11/2016 1754.00 1732.00 1815.00 1807.00 261668 175721100.00 2020295651.00
16/11/2016 1807.00 1699.00 1807.00 1718.00 224335 143051900.00 1954286108.00
17/11/2016 1719.00 1714.00 1748.00 1724.00 140692 92073800.00 1259367513.00
18/11/2016 1724.00 1682.00 1727.00 1722.00 188460 125139900.00 1681039739.00
21/11/2016 1722.00 1722.00 1765.00 1765.00 189786 112119100.00 1466854931.00
22/11/2016 1766.00 1766.00 1859.00 1844.00 197058 128829100.00 1777473198.00
23/11/2016 1844.00 1835.00 1883.00 1883.00 197390 148351900.00 1801478506.00
24/11/2016 1884.00 1862.00 1897.00 1863.00 82270 74465500.00 757538107.00
25/11/2016 1861.00 1858.00 1898.00 1898.00 127465 108406100.00 1475054792.00
28/11/2016 1898.00 1892.00 1981.00 1980.00 170272 106580600.00 1647487711.00
29/11/2016 1979.00 1927.00 1990.00 1928.00 170147 144482000.00 2504622226.00
30/11/2016 1928.00 1870.00 1940.00 1870.00 173261 158856600.00 2424049454.00
01/12/2016 1870.00 1810.00 1905.00 1828.00 292403 156348300.00 2273478830.00
02/12/2016 1828.00 1773.00 1879.00 1879.00 230057 149627000.00 1984616619.00
05/12/2016 1881.00 1879.00 1923.00 1895.00 139868 90720900.00 1196142223.00
06/12/2016 1894.00 1879.00 1936.00 1927.00 156208 80137200.00 1138828460.00
07/12/2016 1929.00 1927.00 1978.00 1975.00 179807 112297800.00 1665017482.00
08/12/2016 1976.00 1930.00 1995.00 1943.00 172892 96125600.00 1575732892.00
09/12/2016 1945.00 1895.00 1952.00 1902.00 165847 90743500.00 1394459981.00
12/12/2016 1903.00 1856.00 1904.00 1864.00 137977 86544400.00 1063154160.00
13/12/2016 1864.00 1807.00 1869.00 1828.00 179785 103217600.00 1368618269.00
14/12/2016 1827.00 1772.00 1827.00 1800.00 195434 128514100.00 1632729174.00
15/12/2016 1800.00 1796.00 1854.00 1846.00 179363 110635100.00 1444705921.00
16/12/2016 1846.00 1820.00 1863.00 1820.00 131963 111918600.00 1433625343.00
19/12/2016 1820.00 1760.00 1833.00 1760.00 158347 112290100.00 1613633094.00
20/12/2016 1760.00 1742.00 1779.00 1757.00 130187 75262300.00 986940355.00
21/12/2016 1758.00 1753.00 1781.00 1768.00 97990 65015000.00 777282372.00
22/12/2016 1767.00 1702.00 1767.00 1709.00 127720 66531000.00 904190135.00
23/12/2016 1710.00 1698.00 1722.00 1718.00 98491 57901100.00 809899619.00
26/12/2016 1718.00 1718.00 1753.00 1751.00 32447 18619100.00 237524731.00
27/12/2016 1752.00 1752.00 1792.00 1782.00 85834 54385500.00 652815511.00
28/12/2016 1784.00 1784.00 1828.00 1807.00 115087 70262100.00 967221120.00
29/12/2016 1807.00 1778.00 1812.00 1805.00 95999 57479400.00 836209716.00
02/01/2017 1805.00 1769.00 1805.00 1783.00 44670 25249000.00 303217450.00
03/01/2017 1784.00 1783.00 1849.00 1849.00 145608 92011800.00 1181968526.00
04/01/2017 1847.00 1810.00 1850.00 1820.00 138129 102499100.00 1171552466.00
05/01/2017 1822.00 1822.00 1882.00 1873.00 162984 125045400.00 1561431909.00
06/01/2017 1873.00 1837.00 1873.00 1847.00 125382 80781800.00 1007722739.00
09/01/2017 1848.00 1848.00 1884.00 1854.00 113905 72147200.00 1005404467.00
10/01/2017 1855.00 1855.00 1901.00 1898.00 120849 79995000.00 1228030692.00
11/01/2017 1900.00 1895.00 1929.00 1927.00 154895 132490500.00 1584360298.00
12/01/2017 1927.00 1926.00 1977.00 1964.00 187406 101863300.00 1557742205.00
13/01/2017 1964.00 1948.00 1980.00 1972.00 128628 75593400.00 1219348579.00
16/01/2017 1972.00 1972.00 2013.00 2005.00 88561 72042900.00 1084619523.00
17/01/2017 2006.00 1953.00 2006.00 1982.00 143875 86597100.00 1370257855.00
18/01/2017 1982.00 1982.00 2040.00 1995.00 172163 125538500.00 2178331600.00
19/01/2017 1996.00 1958.00 2006.00 1975.00 162223 103820600.00 1624082851.00
20/01/2017 1975.00 1961.00 2002.00 1995.00 149867 119627100.00 1899820022.00
23/01/2017 1994.00 1992.00 2058.00 2057.00 158208 101910300.00 1556878263.00
24/01/2017 2058.00 2037.00 2103.00 2062.00 181387 126699500.00 2261948794.00
26/01/2017 2063.00 2048.00 2094.00 2048.00 139650 92997000.00 1737991038.00
27/01/2017 2047.00 2023.00 2060.00 2044.00 118936 70537600.00 1149542003.00
30/01/2017 2041.00 1973.00 2041.00 1974.00 128945 64237700.00 1068627846.00
31/01/2017 1972.00 1957.00 1991.00 1964.00 118259 76244200.00 1142043479.00
01/02/2017 1967.00 1967.00 2013.00 1974.00 145120 89293300.00 1466231570.00
02/02/2017 1974.00 1962.00 1999.00 1971.00 131069 71740200.00 1210019099.00
03/02/2017 1969.00 1910.00 1973.00 1919.00 209848 112359100.00 1913118460.00
06/02/2017 1919.00 1886.00 1939.00 1886.00 132452 69647600.00 1183702797.00
07/02/2017 1887.00 1887.00 1940.00 1907.00 130605 74556000.00 1280475590.00
08/02/2017 1908.00 1891.00 1924.00 1919.00 128778 76348000.00 1313903466.00
09/02/2017 1921.00 1917.00 1942.00 1937.00 114087 64291100.00 1106117207.00
10/02/2017 1936.00 1934.00 2000.00 1999.00 160344 100188000.00 1681279325.00
13/02/2017 2000.00 2000.00 2075.00 2068.00 206587 115616300.00 2329557854.00
14/02/2017 2067.00 2019.00 2069.00 2041.00 162837 94629100.00 1751913638.00
15/02/2017 2042.00 2042.00 2063.00 2050.00 186919 98043500.00 1828652524.00
16/02/2017 2050.00 2039.00 2075.00 2044.00 135558 92680900.00 1537270887.00
17/02/2017 2044.00 2032.00 2056.00 2050.00 107940 70449200.00 1241518919.00
20/02/2017 2054.00 2054.00 2127.00 2119.00 116681 80796200.00 1974306279.00
21/02/2017 2121.00 2094.00 2147.00 2112.00 150804 91714200.00 1834151406.00
22/02/2017 2112.00 2051.00 2113.00 2069.00 169164 93377300.00 1664324755.00
23/02/2017 2069.00 1992.00 2095.00 1999.00 223834 140341600.00 2720482628.00
24/02/2017 1998.00 1961.00 2026.00 1996.00 210805 108597100.00 2092884191.00
01/03/2017 1996.00 1996.00 2027.00 2010.00 142201 62060400.00 1021453593.00
02/03/2017 2011.00 1957.00 2031.00 1967.00 181297 92487000.00 1756757750.00
03/03/2017 1969.00 1953.00 1990.00 1984.00 139739 88996000.00 1620040829.00
06/03/2017 1984.00 1938.00 1987.00 1944.00 184796 118274200.00 1933011032.00
07/03/2017 1944.00 1924.00 1976.00 1924.00 169757 98270700.00 1615603881.00
08/03/2017 1924.00 1876.00 1933.00 1877.00 207615 148959400.00 1926697739.00
09/03/2017 1877.00 1845.00 1911.00 1884.00 182260 116766800.00 1773757820.00
10/03/2017 1884.00 1859.00 1916.00 1870.00 163247 106193500.00 1651690300.00
13/03/2017 1871.00 1871.00 1927.00 1926.00 136308 75879000.00 1323368714.00
14/03/2017 1924.00 1890.00 1926.00 1908.00 132750 80219200.00 1434662154.00
15/03/2017 1909.00 1909.00 1983.00 1982.00 202631 111960500.00 2051038588.00
16/03/2017 1984.00 1960.00 2003.00 1968.00 143747 93421900.00 1683611495.00
17/03/2017 1969.00 1907.00 1984.00 1907.00 182804 128432400.00 2200716217.00
20/03/2017 1906.00 1885.00 1954.00 1949.00 133209 76772700.00 1264022545.00
21/03/2017 1949.00 1837.00 1953.00 1839.00 215171 110558900.00 1797212280.00
22/03/2017 1839.00 1800.00 1859.00 1844.00 222660 116683900.00 1806143569.00
23/03/2017 1844.00 1813.00 1856.00 1833.00 158586 86491700.00 1325024399.00
24/03/2017 1835.00 1792.00 1844.00 1807.00 111914 60556900.00 892001882.00
27/03/2017 1807.00 1760.00 1826.00 1819.00 158453 99794600.00 1508835416.00
28/03/2017 1819.00 1805.00 1839.00 1829.00 145799 91432100.00 1333644373.00
29/03/2017 1828.00 1822.00 1850.00 1842.00 127008 68193000.00 1042017366.00
30/03/2017 1843.00 1814.00 1854.00 1819.00 113521 63927700.00 918519147.00
31/03/2017 1819.00 1815.00 1857.00 1838.00 160989 81573000.00 1352534461.00
03/04/2017 1838.00 1809.00 1847.00 1830.00 134538 73318800.00 1260840754.00
04/04/2017 1830.00 1828.00 1877.00 1877.00 107173 57357600.00 918628199.00
05/04/2017 1876.00 1814.00 1903.00 1823.00 166061 92527100.00 1644874780.00
06/04/2017 1823.00 1783.00 1835.00 1795.00 145791 94564500.00 1498861698.00
07/04/2017 1795.00 1751.00 1827.00 1805.00 175410 101934000.00 1710315777.00
10/04/2017 1805.00 1779.00 1816.00 1796.00 117461 77788700.00 1191030489.00
11/04/2017 1797.00 1751.00 1813.00 1774.00 173229 91026100.00 1427464432.00
12/04/2017 1774.00 1716.00 1777.00 1716.00 195545 144444500.00 2249226549.00
13/04/2017 1716.00 1694.00 1729.00 1698.00 149392 92590300.00 1317139938.00
17/04/2017 1698.00 1678.00 1701.00 1700.00 146295 91405100.00 1245767420.00
18/04/2017 1700.00 1664.00 1701.00 1679.00 165235 104500600.00 1491937906.00
19/04/2017 1680.00 1660.00 1710.00 1668.00 163149 107059000.00 1476064577.00
20/04/2017 1667.00 1667.00 1723.00 1723.00 140992 99854700.00 1358474304.00
24/04/2017 1723.00 1723.00 1747.00 1743.00 135390 81541100.00 1172993344.00
25/04/2017 1743.00 1732.00 1781.00 1781.00 123513 88465200.00 1367644378.00
26/04/2017 1781.00 1762.00 1791.00 1780.00 143137 103160600.00 1453151066.00
27/04/2017 1781.00 1736.00 1798.00 1752.00 133599 106758700.00 1610119552.00
28/04/2017 1752.00 1752.00 1798.00 1784.00 106862 81715300.00 1084203474.00
02/05/2017 1784.00 1784.00 1825.00 1815.00 176970 80575500.00 1198898071.00
03/05/2017 1816.00 1763.00 1816.00 1763.00 173306 109282600.00 1568529135.00
04/05/2017 1763.00 1699.00 1764.00 1707.00 191450 119486800.00 1629057433.00
05/05/2017 1707.00 1701.00 1750.00 1738.00 126803 96239000.00 1190828220.00
08/05/2017 1737.00 1717.00 1751.00 1724.00 107536 66534900.00 978557434.00
09/05/2017 1724.00 1724.00 1771.00 1762.00 114684 92498800.00 1155945482.00
10/05/2017 1762.00 1750.00 1789.00 1763.00 139868 84814800.00 1197474675.00
11/05/2017 1763.00 1737.00 1770.00 1751.00 107140 77994700.00 1203202700.00
12/05/2017 1751.00 1729.00 1769.00 1735.00 129377 77294600.00 1039900397.00
15/05/2017 1735.00 1735.00 1775.00 1768.00 143528 119420300.00 1764264705.00
16/05/2017 1768.00 1764.00 1798.00 1796.00 166615 118173100.00 1750798160.00
17/05/2017 1796.00 1749.00 1800.00 1765.00 153928 111288500.00 1447585109.00
18/05/2017 1741.00 1669.00 1748.00 1721.00 452382 259256200.00 3650224316.00
19/05/2017 1721.00 1712.00 1782.00 1762.00 229943 143173000.00 1828557389.00
22/05/2017 1762.00 1753.00 1797.00 1790.00 282945 136414600.00 1811813724.00
23/05/2017 1789.00 1779.00 1827.00 1824.00 166868 111769000.00 1446762028.00
24/05/2017 1824.00 1797.00 1837.00 1799.00 146109 92349300.00 1287413021.00
25/05/2017 1799.00 1797.00 1839.00 1836.00 141853 83921400.00 1329037060.00
26/05/2017 1836.00 1827.00 1850.00 1837.00 116153 64581800.00 930911485.00
29/05/2017 1837.00 1836.00 1881.00 1869.00 90798 48289700.00 776805012.00
30/05/2017 1868.00 1858.00 1878.00 1878.00 108720 63177700.00 1041275382.00
31/05/2017 1877.00 1820.00 1877.00 1821.00 197799 113281400.00 1836152024.00
01/06/2017 1821.00 1807.00 1843.00 1813.00 133974 77734900.00 1178944355.00
02/06/2017 1813.00 1803.00 1829.00 1819.00 122846 65489800.00 948500057.00
05/06/2017 1818.00 1808.00 1836.00 1828.00 122706 55744200.00 880973438.00
06/06/2017 1828.00 1814.00 1839.00 1818.00 112412 60130700.00 942434113.00
07/06/2017 1818.00 1801.00 1833.00 1810.00 129734 66657100.00 960321112.00
08/06/2017 1810.00 1798.00 1830.00 1828.00 135200 77153400.00 1154417769.00
09/06/2017 1828.00 1806.00 1844.00 1812.00 157217 81103700.00 1183923357.00
12/06/2017 1813.00 1776.00 1817.00 1794.00 138664 73405300.00 1224878694.00
13/06/2017 1795.00 1780.00 1805.00 1790.00 111552 59571300.00 969604060.00
14/06/2017 1790.00 1770.00 1806.00 1780.00 163983 91016300.00 1510339968.00
16/06/2017 1779.00 1755.00 1786.00 1772.00 136896 102804800.00 1666328299.00
