20/06/2016 1632.00 1629.00 1635.00 1634.00 3472 182021.00 14560733.25
21/06/2016 1634.00 1628.00 1634.00 1633.00 4055 421692.00 28834798.56
22/06/2016 1633.00 1631.00 1636.00 1632.00 3834 185322.00 14704707.51
23/06/2016 1632.00 1628.00 1633.00 1631.00 4088 224919.00 21867035.20
24/06/2016 1631.00 1626.00 1632.00 1629.00 2808 192948.00 16549942.47
27/06/2016 1630.00 1627.00 1632.00 1629.00 3210 158851.00 16270213.60
28/06/2016 1629.00 1626.00 1634.00 1632.00 4071 300557.00 19385048.11
29/06/2016 1632.00 1631.00 1637.00 1635.00 2834 192325.00 14686457.94
30/06/2016 1635.00 1632.00 1639.00 1638.00 3090 138796.00 9457985.49
01/07/2016 1638.00 1638.00 1651.00 1647.00 3544 209178.00 16272889.50
04/07/2016 1647.00 1642.00 1647.00 1645.00 4383 282632.00 17196872.44
05/07/2016 1645.00 1642.00 1646.00 1646.00 2584 182553.00 14812265.22
06/07/2016 1646.00 1641.00 1647.00 1643.00 2694 226837.00 13676937.31
07/07/2016 1643.00 1643.00 1648.00 1645.00 12763 267674.00 17183079.39
08/07/2016 1645.00 1645.00 1651.00 1651.00 4448 203208.00 19739877.49
11/07/2016 1655.00 1649.00 1656.00 1654.00 2860 411688.00 27826480.25
12/07/2016 1654.00 1653.00 1657.00 1654.00 2488 261991.00 20903539.96
13/07/2016 1654.00 1654.00 1657.00 1655.00 6669 273841.00 18849779.08
14/07/2016 1655.00 1655.00 1664.00 1661.00 12829 389797.00 34017377.14
15/07/2016 1661.00 1661.00 1673.00 1673.00 4869 325404.00 27240059.67
18/07/2016 1673.00 1669.00 1685.00 1685.00 4551 491068.00 30773223.77
19/07/2016 1685.00 1684.00 1701.00 1700.00 7022 417095.00 32565265.71
20/07/2016 1700.00 1693.00 1710.00 1709.00 3757 353272.00 29827688.55
21/07/2016 1710.00 1706.00 1718.00 1715.00 4363 268976.00 27486285.66
22/07/2016 1715.00 1713.00 1725.00 1725.00 4003 344595.00 24707700.23
25/07/2016 1725.00 1721.00 1731.00 1731.00 4525 277247.00 25509744.42
26/07/2016 1731.00 1725.00 1732.00 1728.00 4410 314931.00 32585402.07
27/07/2016 1728.00 1726.00 1738.00 1735.00 4742 268800.00 25671596.51
28/07/2016 1735.00 1731.00 1741.00 1736.00 4522 250410.00 22238298.37
29/07/2016 1736.00 1732.00 1741.00 1735.00 4413 232157.00 23125087.88
01/08/2016 1735.00 1731.00 1745.00 1735.00 4373 225980.00 23710991.71
02/08/2016 1735.00 1732.00 1745.00 1741.00 3619 222377.00 21111794.64
03/08/2016 1741.00 1738.00 1746.00 1742.00 4063 238328.00 22497526.94
04/08/2016 1742.00 1741.00 1750.00 1750.00 4454 267727.00 22934262.41
05/08/2016 1750.00 1748.00 1754.00 1750.00 3086 205586.00 21367534.25
08/08/2016 1751.00 1744.00 1756.00 1753.00 5002 226493.00 22614349.96
09/08/2016 1753.00 1746.00 1753.00 1751.00 7735 292086.00 31488513.26
10/08/2016 1751.00 1746.00 1753.00 1751.00 4112 368966.00 28245639.18
11/08/2016 1751.00 1742.00 1751.00 1748.00 4542 324201.00 29353595.83
12/08/2016 1748.00 1748.00 1754.00 1752.00 5764 338438.00 31549299.40
15/08/2016 1752.00 1748.00 1755.00 1755.00 8880 368268.00 28737518.14
16/08/2016 1754.00 1750.00 1757.00 1753.00 8961 441071.00 31506197.47
17/08/2016 1753.00 1740.00 1755.00 1740.00 16253 397855.00 31060323.74
18/08/2016 1740.00 1735.00 1742.00 1740.00 6601 314120.00 30163376.36
19/08/2016 1740.00 1739.00 1751.00 1748.00 7152 241134.00 23361939.73
22/08/2016 1748.00 1740.00 1748.00 1746.00 3932 224093.00 20472831.24
23/08/2016 1746.00 1742.00 1749.00 1745.00 3134 207291.00 20609686.16
24/08/2016 1745.00 1742.00 1749.00 1748.00 2195 277338.00 16150813.54
25/08/2016 1748.00 1744.00 1751.00 1751.00 4038 165925.00 15147324.89
26/08/2016 1751.00 1750.00 1758.00 1758.00 6183 209769.00 16002472.78
29/08/2016 1758.00 1754.00 1763.00 1762.00 4841 334554.00 14268660.50
30/08/2016 1762.00 1760.00 1765.00 1762.00 3779 173844.00 17460367.24
31/08/2016 1762.00 1759.00 1767.00 1767.00 3948 221564.00 16670724.25
01/09/2016 1767.00 1758.00 1774.00 1760.00 5462 261825.00 18786400.99
02/09/2016 1760.00 1760.00 1775.00 1773.00 22883 287708.00 26969388.06
05/09/2016 1773.00 1770.00 1776.00 1774.00 6647 230230.00 17746000.40
06/09/2016 1774.00 1769.00 1775.00 1771.00 5676 209429.00 17521785.88
08/09/2016 1771.00 1770.00 1777.00 1777.00 6050 208488.00 14492618.02
09/09/2016 1777.00 1772.00 1779.00 1774.00 7262 264090.00 20390079.65
12/09/2016 1774.00 1768.00 1780.00 1770.00 4275 195993.00 15940861.65
13/09/2016 1770.00 1763.00 1772.00 1766.00 2733 233884.00 19325919.90
14/09/2016 1766.00 1765.00 1774.00 1772.00 4356 176258.00 17771250.74
15/09/2016 1772.00 1768.00 1776.00 1770.00 5638 198011.00 18237546.24
16/09/2016 1770.00 1768.00 1775.00 1768.00 3625 267213.00 17438071.86
19/09/2016 1768.00 1767.00 1777.00 1775.00 7134 295744.00 23074394.35
20/09/2016 1775.00 1775.00 1779.00 1775.00 5119 339020.00 19946815.43
21/09/2016 1775.00 1775.00 1780.00 1775.00 5887 214360.00 16288116.83
22/09/2016 1775.00 1775.00 1783.00 1781.00 7305 358924.00 30972738.81
23/09/2016 1781.00 1781.00 1792.00 1790.00 6423 190080.00 19453683.02
26/09/2016 1790.00 1790.00 1797.00 1793.00 7139 200791.00 20813432.68
27/09/2016 1793.00 1793.00 1801.00 1801.00 5418 233090.00 19394684.67
28/09/2016 1801.00 1796.00 1805.00 1803.00 3022 197112.00 19377285.52
29/09/2016 1803.00 1801.00 1812.00 1810.00 2010 124772.00 11871813.38
30/09/2016 1810.00 1809.00 1818.00 1816.00 6604 164673.00 18082373.79
03/10/2016 1816.00 1807.00 1817.00 1816.00 4939 201375.00 21216234.51
04/10/2016 1816.00 1810.00 1819.00 1810.00 4917 203052.00 19122404.41
05/10/2016 1810.00 1809.00 1815.00 1815.00 4045 196874.00 19041296.51
06/10/2016 1815.00 1811.00 1816.00 1814.00 6880 213056.00 18304362.30
07/10/2016 1814.00 1813.00 1817.00 1815.00 5524 215434.00 23744733.22
10/10/2016 1815.00 1814.00 1821.00 1820.00 4478 259968.00 21091527.36
11/10/2016 1820.00 1816.00 1826.00 1818.00 4735 264276.00 33830832.37
13/10/2016 1818.00 1816.00 1822.00 1818.00 4711 214001.00 22809522.14
14/10/2016 1818.00 1815.00 1826.00 1826.00 3467 228455.00 19624688.54
17/10/2016 1826.00 1823.00 1833.00 1831.00 6119 349441.00 30883643.97
18/10/2016 1831.00 1831.00 1842.00 1838.00 8391 294510.00 29217907.78
19/10/2016 1838.00 1838.00 1843.00 1842.00 4644 285816.00 30520413.58
20/10/2016 1843.00 1842.00 1850.00 1845.00 4240 256923.00 28522782.55
21/10/2016 1845.00 1845.00 1852.00 1848.00 5120 235811.00 25238175.16
24/10/2016 1848.00 1845.00 1861.00 1853.00 5265 300231.00 26416533.07
25/10/2016 1853.00 1850.00 1861.00 1857.00 4945 297275.00 25077208.67
26/10/2016 1857.00 1857.00 1868.00 1863.00 4593 310691.00 26620985.10
27/10/2016 1863.00 1863.00 1872.00 1869.00 4793 230701.00 23424239.89
28/10/2016 1869.00 1867.00 1880.00 1879.00 5417 237796.00 25617913.30
31/10/2016 1879.00 1876.00 1886.00 1885.00 4676 184927.00 19445941.09
01/11/2016 1885.00 1885.00 1894.00 1889.00 3961 223102.00 21600224.90
03/11/2016 1889.00 1880.00 1897.00 1880.00 3724 443957.00 27266627.43
04/11/2016 1880.00 1878.00 1888.00 1881.00 3946 424638.00 23669225.31
07/11/2016 1881.00 1872.00 1883.00 1874.00 3824 232623.00 25984232.36
08/11/2016 1875.00 1869.00 1877.00 1872.00 4485 172861.00 21515133.25
09/11/2016 1872.00 1857.00 1872.00 1868.00 3281 180963.00 19976667.89
10/11/2016 1868.00 1855.00 1880.00 1856.00 3954 306308.00 29497226.46
11/11/2016 1856.00 1846.00 1861.00 1848.00 9323 270512.00 28786812.08
14/11/2016 1848.00 1836.00 1853.00 1838.00 4189 205439.00 24352127.78
16/11/2016 1839.00 1836.00 1846.00 1837.00 5766 329367.00 25244048.92
17/11/2016 1837.00 1835.00 1847.00 1840.00 5243 286753.00 26615157.73
18/11/2016 1840.00 1828.00 1840.00 1837.00 5393 313876.00 41492381.08
21/11/2016 1837.00 1829.00 1837.00 1829.00 5147 352927.00 33962518.20
22/11/2016 1829.00 1828.00 1839.00 1837.00 3656 286948.00 29693991.71
23/11/2016 1837.00 1830.00 1838.00 1831.00 3154 333472.00 24820599.37
24/11/2016 1831.00 1825.00 1832.00 1830.00 7037 210066.00 17243974.12
25/11/2016 1830.00 1826.00 1836.00 1830.00 3243 192003.00 27814491.51
28/11/2016 1830.00 1828.00 1834.00 1832.00 4889 272186.00 23753848.36
29/11/2016 1832.00 1826.00 1836.00 1835.00 5524 372852.00 22040245.04
30/11/2016 1835.00 1831.00 1840.00 1837.00 4750 284049.00 22975901.58
01/12/2016 1837.00 1834.00 1845.00 1836.00 3611 170895.00 23745301.57
02/12/2016 1836.00 1833.00 1842.00 1839.00 3709 303308.00 18153097.44
05/12/2016 1839.00 1832.00 1843.00 1832.00 3448 351275.00 28322604.16
06/12/2016 1832.00 1827.00 1836.00 1835.00 3984 264003.00 23099433.93
07/12/2016 1835.00 1831.00 1840.00 1835.00 3548 226137.00 16719681.13
08/12/2016 1835.00 1831.00 1840.00 1837.00 6108 317998.00 18339751.39
09/12/2016 1837.00 1837.00 1851.00 1848.00 3193 344818.00 70236762.74
12/12/2016 1848.00 1840.00 1852.00 1851.00 10009 329653.00 23703556.13
13/12/2016 1851.00 1840.00 1851.00 1843.00 8166 308431.00 16645936.83
14/12/2016 1843.00 1840.00 1851.00 1842.00 8999 219740.00 19572985.01
15/12/2016 1842.00 1838.00 1850.00 1848.00 10995 246206.00 16760773.97
16/12/2016 1848.00 1845.00 1850.00 1848.00 7512 275651.00 16478178.03
19/12/2016 1848.00 1843.00 1851.00 1845.00 9553 414731.00 22001009.42
20/12/2016 1845.00 1845.00 1851.00 1846.00 5835 201310.00 18693149.92
21/12/2016 1846.00 1846.00 1859.00 1857.00 7451 604329.00 18650787.00
22/12/2016 1857.00 1850.00 1865.00 1857.00 3221 231890.00 17379971.57
23/12/2016 1857.00 1851.00 1860.00 1852.00 2649 219803.00 17271175.10
26/12/2016 1852.00 1850.00 1861.00 1860.00 2482 102851.00 13698205.86
27/12/2016 1860.00 1855.00 1864.00 1861.00 2328 112119.00 12896443.64
28/12/2016 1861.00 1854.00 1861.00 1858.00 1943 152726.00 11590792.41
29/12/2016 1858.00 1857.00 1866.00 1864.00 3519 218740.00 10589131.38
02/01/2017 1864.00 1864.00 1876.00 1872.00 2485 126131.00 11321455.37
03/01/2017 1872.00 1871.00 1876.00 1873.00 3030 306052.00 15407428.96
04/01/2017 1873.00 1872.00 1877.00 1874.00 3454 275250.00 15188973.69
05/01/2017 1873.00 1871.00 1878.00 1873.00 7232 258035.00 19356881.10
06/01/2017 1873.00 1872.00 1879.00 1879.00 5949 208878.00 20268078.74
09/01/2017 1879.00 1873.00 1882.00 1873.00 5019 278020.00 22880782.92
10/01/2017 1873.00 1873.00 1883.00 1882.00 5627 292142.00 26401480.82
11/01/2017 1882.00 1879.00 1887.00 1883.00 3770 243065.00 21073596.59
12/01/2017 1883.00 1883.00 1897.00 1892.00 5544 557541.00 43754711.29
13/01/2017 1892.00 1892.00 1906.00 1903.00 3768 334293.00 21126681.64
16/01/2017 1903.00 1902.00 1914.00 1907.00 5928 486369.00 28074358.85
17/01/2017 1907.00 1904.00 1916.00 1912.00 5446 282296.00 29820593.01
18/01/2017 1912.00 1912.00 1920.00 1916.00 4031 286105.00 28369093.43
19/01/2017 1916.00 1916.00 1923.00 1918.00 12032 391406.00 20162141.40
20/01/2017 1918.00 1918.00 1924.00 1921.00 10425 658821.00 20286088.88
23/01/2017 1921.00 1915.00 1929.00 1928.00 9429 366939.00 25602169.88
24/01/2017 1928.00 1924.00 1931.00 1926.00 8129 358405.00 22212716.42
26/01/2017 1926.00 1919.00 1926.00 1922.00 9150 430140.00 26864248.25
27/01/2017 1922.00 1920.00 1928.00 1923.00 6447 298524.00 21525865.66
30/01/2017 1923.00 1923.00 1930.00 1926.00 12293 251301.00 19130528.75
31/01/2017 1926.00 1926.00 1936.00 1934.00 3324 273587.00 18155933.15
01/02/2017 1934.00 1930.00 1942.00 1933.00 3080 235999.00 15605120.71
02/02/2017 1933.00 1932.00 1945.00 1941.00 8839 257310.00 20910611.24
03/02/2017 1941.00 1940.00 1950.00 1947.00 3022 263726.00 18410830.35
06/02/2017 1947.00 1944.00 1950.00 1947.00 9311 466557.00 23482113.94
07/02/2017 1947.00 1946.00 1953.00 1949.00 7710 344128.00 22600981.76
08/02/2017 1948.00 1945.00 1953.00 1952.00 5233 426987.00 27095987.71
09/02/2017 1951.00 1950.00 1956.00 1955.00 5424 285787.00 21335113.00
10/02/2017 1955.00 1951.00 1959.00 1954.00 3311 232293.00 20851652.17
13/02/2017 1954.00 1951.00 1966.00 1965.00 3976 329497.00 28019430.98
14/02/2017 1965.00 1960.00 1977.00 1977.00 5977 358041.00 30085163.62
15/02/2017 1977.00 1971.00 1981.00 1979.00 5828 453984.00 29436069.47
16/02/2017 1979.00 1974.00 1984.00 1977.00 9293 561655.00 31587137.66
17/02/2017 1977.00 1975.00 1986.00 1985.00 3725 251253.00 19033925.23
20/02/2017 1985.00 1983.00 1992.00 1990.00 5680 336850.00 28074869.16
21/02/2017 1990.00 1985.00 1996.00 1995.00 5666 342044.00 33151556.98
22/02/2017 1995.00 1991.00 2009.00 2009.00 4646 341517.00 30051791.09
23/02/2017 2009.00 2003.00 2011.00 2010.00 3263 280687.00 23281963.14
24/02/2017 2010.00 2010.00 2035.00 2028.00 7825 297495.00 25345126.03
01/03/2017 2028.00 2016.00 2037.00 2033.00 3751 144130.00 13351368.35
02/03/2017 2033.00 2027.00 2036.00 2030.00 3558 167563.00 18806933.41
03/03/2017 2030.00 2030.00 2041.00 2040.00 4923 243967.00 23613192.54
06/03/2017 2040.00 2034.00 2041.00 2038.00 3081 264752.00 22949936.09
07/03/2017 2038.00 2038.00 2045.00 2043.00 3364 214774.00 19133804.67
08/03/2017 2043.00 2036.00 2047.00 2038.00 4064 215913.00 19809738.59
09/03/2017 2038.00 2031.00 2038.00 2037.00 2764 176720.00 18401599.24
10/03/2017 2037.00 2030.00 2041.00 2041.00 3935 267791.00 23735554.79
13/03/2017 2041.00 2031.00 2041.00 2038.00 3184 270255.00 21789825.25
14/03/2017 2038.00 2033.00 2041.00 2037.00 3141 233537.00 19996195.23
15/03/2017 2037.00 2028.00 2039.00 2038.00 5285 302362.00 28458114.34
16/03/2017 2038.00 2034.00 2048.00 2047.00 5600 352220.00 25661746.94
17/03/2017 2047.00 2042.00 2051.00 2043.00 3379 252786.00 21891537.64
20/03/2017 2043.00 2036.00 2045.00 2042.00 19562 293682.00 25038066.98
21/03/2017 2042.00 2032.00 2043.00 2035.00 4262 245782.00 20071583.12
22/03/2017 2035.00 2033.00 2040.00 2040.00 4140 235406.00 20128416.46
23/03/2017 2040.00 2030.00 2042.00 2035.00 4698 198665.00 22285124.19
24/03/2017 2035.00 2031.00 2040.00 2034.00 3161 276471.00 21480066.70
27/03/2017 2034.00 2020.00 2040.00 2025.00 4651 307967.00 26945650.19
28/03/2017 2025.00 2017.00 2027.00 2023.00 7551 252018.00 26529248.88
29/03/2017 2022.00 2016.00 2028.00 2016.00 3620 190702.00 22499340.69
30/03/2017 2016.00 2016.00 2027.00 2026.00 3903 176014.00 18669486.19
31/03/2017 2026.00 2023.00 2032.00 2032.00 3793 212129.00 18825815.37
03/04/2017 2032.00 2014.00 2033.00 2014.00 5507 289206.00 31932203.72
04/04/2017 2014.00 2012.00 2021.00 2017.00 4540 273399.00 27418190.74
05/04/2017 2017.00 2009.00 2020.00 2016.00 3583 173998.00 20560958.67
06/04/2017 2017.00 2014.00 2021.00 2021.00 4200 193849.00 18167174.35
07/04/2017 2021.00 2016.00 2025.00 2024.00 3186 215612.00 17560002.56
10/04/2017 2024.00 2020.00 2029.00 2024.00 13802 240410.00 25887588.08
11/04/2017 2024.00 2023.00 2031.00 2026.00 6009 256225.00 21187201.46
12/04/2017 2026.00 2023.00 2032.00 2028.00 3738 211587.00 20722914.85
13/04/2017 2028.00 2022.00 2031.00 2029.00 3668 296527.00 20862769.59
17/04/2017 2029.00 2019.00 2029.00 2027.00 5282 454964.00 22092069.91
18/04/2017 2028.00 2022.00 2028.00 2028.00 3813 278709.00 20040050.92
19/04/2017 2028.00 2021.00 2029.00 2027.00 3330 307561.00 18108713.10
20/04/2017 2027.00 2024.00 2030.00 2026.00 4610 217075.00 17122067.27
24/04/2017 2026.00 2022.00 2032.00 2028.00 3192 222616.00 19937241.80
25/04/2017 2028.00 2021.00 2030.00 2023.00 2693 206663.00 17233213.75
26/04/2017 2023.00 2016.00 2026.00 2026.00 3654 200683.00 20344453.43
27/04/2017 2026.00 2021.00 2028.00 2025.00 3424 190495.00 24918718.64
28/04/2017 2025.00 2025.00 2037.00 2035.00 5890 206628.00 21265477.20
02/05/2017 2035.00 2032.00 2044.00 2039.00 3957 274072.00 22262244.60
03/05/2017 2039.00 2038.00 2049.00 2045.00 5614 289213.00 27860247.45
04/05/2017 2045.00 2036.00 2045.00 2038.00 4417 292149.00 27986458.42
05/05/2017 2038.00 2038.00 2049.00 2047.00 5185 264681.00 22208390.39
08/05/2017 2047.00 2042.00 2050.00 2046.00 7245 396303.00 31114091.97
09/05/2017 2046.00 2043.00 2050.00 2050.00 4637 364827.00 25857630.16
10/05/2017 2050.00 2044.00 2052.00 2051.00 5545 256142.00 28276211.67
11/05/2017 2051.00 2045.00 2053.00 2049.00 8426 283696.00 21333591.67
12/05/2017 2048.00 2046.00 2064.00 2059.00 4402 390365.00 35790917.23
15/05/2017 2059.00 2059.00 2069.00 2067.00 6038 447309.00 37718346.15
16/05/2017 2067.00 2067.00 2073.00 2072.00 5034 372289.00 40903933.39
17/05/2017 2072.00 2065.00 2075.00 2072.00 6826 386593.00 32889246.61
18/05/2017 2072.00 1975.00 2072.00 2009.00 7609 700014.00 51268095.11
19/05/2017 2009.00 2009.00 2034.00 2034.00 5874 375709.00 32878905.28
22/05/2017 2034.00 2018.00 2042.00 2027.00 7729 278567.00 27320808.75
23/05/2017 2027.00 2023.00 2036.00 2032.00 4423 201855.00 15169368.94
24/05/2017 2032.00 2032.00 2044.00 2041.00 5232 247893.00 24081637.61
25/05/2017 2041.00 2039.00 2047.00 2041.00 4225 223977.00 16099800.98
26/05/2017 2041.00 2040.00 2054.00 2054.00 4273 237392.00 20259091.85
29/05/2017 2054.00 2052.00 2058.00 2056.00 3478 243237.00 19442343.27
30/05/2017 2056.00 2048.00 2057.00 2055.00 4833 303406.00 25271783.13
31/05/2017 2055.00 2048.00 2059.00 2056.00 5856 504398.00 30898358.19
01/06/2017 2056.00 2055.00 2069.00 2068.00 4407 350635.00 25372768.27
02/06/2017 2068.00 2059.00 2077.00 2077.00 11093 310425.00 27898651.94
05/06/2017 2077.00 2063.00 2078.00 2063.00 11576 270286.00 21641873.13
06/06/2017 2063.00 2063.00 2069.00 2065.00 12016 355636.00 20481663.70
07/06/2017 2065.00 2064.00 2069.00 2068.00 11156 287301.00 23608355.28
08/06/2017 2068.00 2056.00 2070.00 2057.00 8256 384022.00 31941503.64
09/06/2017 2057.00 2056.00 2064.00 2064.00 13393 462982.00 44994903.94
12/06/2017 2064.00 2054.00 2066.00 2058.00 23124 450986.00 35133033.05
13/06/2017 2058.00 2049.00 2062.00 2054.00 19745 340923.00 27306983.22
14/06/2017 2054.00 2051.00 2062.00 2061.00 14255 362853.00 22043374.46
16/06/2017 2061.00 2057.00 2065.00 2064.00 17860 286047.00 20531943.13
