01/06/2016 52600.00 52575.00 52800.00 52800.00 13 4580.00 240912500.00
14/06/2016 52900.00 52900.00 52900.00 52900.00 2 70.00 3703000.00
17/06/2016 53360.00 53360.00 53360.00 53360.00 2 500.00 26680000.00
27/07/2016 61000.00 61000.00 61000.00 61000.00 3 220.00 13420000.00
01/08/2016 60900.00 60900.00 60900.00 60900.00 2 30.00 1827000.00
04/08/2016 61200.00 61200.00 61200.00 61200.00 2 25.00 1530000.00
18/08/2016 62600.00 62600.00 62700.00 62700.00 3 80.00 5013000.00
02/09/2016 62000.00 62000.00 62000.00 62000.00 2 540.00 33480000.00
29/09/2016 62000.00 61900.00 62000.00 61900.00 11 505.00 31292000.00
03/10/2016 61800.00 61800.00 61800.00 61800.00 3 105.00 6489000.00
10/10/2016 64100.00 64000.00 64400.00 64000.00 6 380.00 24353000.00
11/10/2016 64000.00 63400.00 64000.00 63540.00 6 530.00 33751400.00
13/10/2016 62900.00 62700.00 63800.00 63800.00 10 630.00 39904000.00
14/10/2016 64300.00 64200.00 64300.00 64200.00 4 200.00 12845000.00
17/10/2016 64400.00 64400.00 64900.00 64900.00 5 225.00 14527500.00
18/10/2016 65700.00 65700.00 65900.00 65900.00 6 210.00 13810000.00
19/10/2016 66400.00 66000.00 66400.00 66000.00 6 820.00 54400000.00
20/10/2016 66400.00 66400.00 66400.00 66400.00 1 25.00 1660000.00
21/10/2016 66600.00 66600.00 66600.00 66600.00 3 125.00 8325000.00
25/10/2016 66000.00 66000.00 66300.00 66300.00 5 145.00 9592500.00
26/10/2016 65600.00 65600.00 65910.00 65910.00 11 700.00 46027900.00
27/10/2016 66800.00 66700.00 66900.00 66900.00 10 1215.00 81211000.00
28/10/2016 66700.00 66300.00 66700.00 66300.00 7 265.00 17650500.00
31/10/2016 67100.00 67000.00 67100.00 67000.00 3 145.00 9722000.00
01/11/2016 65600.00 65250.00 65700.00 65700.00 11 1365.00 89482500.00
03/11/2016 65400.00 64320.00 65400.00 64500.00 9 530.00 34331200.00
04/11/2016 64090.00 63600.00 64800.00 63600.00 6 325.00 20793100.00
07/11/2016 65800.00 65800.00 65800.00 65800.00 6 385.00 25333000.00
08/11/2016 65900.00 65800.00 65900.00 65800.00 3 40.00 2635500.00
09/11/2016 64700.00 64600.00 65600.00 65600.00 4 75.00 4852000.00
10/11/2016 63800.00 63800.00 63800.00 63800.00 1 5.00 319000.00
11/11/2016 61815.00 60950.00 61900.00 60950.00 6 1095.00 67752550.00
14/11/2016 61280.00 61100.00 61280.00 61100.00 8 1080.00 66095200.00
16/11/2016 61500.00 61200.00 62600.00 62400.00 19 3260.00 201958500.00
17/11/2016 62400.00 61700.00 62500.00 61700.00 6 1300.00 80340000.00
18/11/2016 61600.00 61600.00 61800.00 61700.00 5 750.00 46283000.00
21/11/2016 62260.00 62260.00 62700.00 62700.00 9 240.00 14985000.00
22/11/2016 64000.00 63500.00 64400.00 63500.00 8 950.00 61059000.00
23/11/2016 63200.00 63200.00 63400.00 63400.00 3 60.00 3795000.00
25/11/2016 62600.00 62600.00 63000.00 62800.00 8 1180.00 74302900.00
28/11/2016 63200.00 63200.00 64170.00 64170.00 10 455.00 29155000.00
29/11/2016 63700.00 63600.00 63700.00 63700.00 6 935.00 59519500.00
30/11/2016 63500.00 63500.00 64000.00 64000.00 4 40.00 2545000.00
01/12/2016 62700.00 61100.00 62700.00 61100.00 7 820.00 50263950.00
02/12/2016 59910.00 59900.00 61500.00 61300.00 20 4470.00 272721550.00
05/12/2016 61600.00 61200.00 61775.00 61200.00 9 845.00 52150325.00
06/12/2016 61400.00 61400.00 62435.00 62200.00 12 1750.00 108940575.00
07/12/2016 63335.00 62560.00 63335.00 62960.00 20 1150.00 72034425.00
08/12/2016 63155.00 62000.00 63155.00 62100.00 16 340.00 21188625.00
09/12/2016 61900.00 61705.00 62395.00 61705.00 104 1170.00 72491425.00
12/12/2016 61145.00 60295.00 61385.00 60775.00 977 8135.00 494420875.00
13/12/2016 60700.00 59985.00 61145.00 60520.00 1698 11990.00 725939050.00
14/12/2016 60520.00 58980.00 60595.00 58980.00 14405 83825.00 5035224825.00
15/12/2016 59185.00 58720.00 59800.00 59655.00 10694 61585.00 3645851100.00
16/12/2016 59640.00 59400.00 60440.00 59460.00 9320 54665.00 3276625000.00
19/12/2016 59400.00 58100.00 59680.00 58100.00 8791 50995.00 3001543875.00
20/12/2016 58240.00 58040.00 58990.00 58645.00 10222 59035.00 3451929825.00
21/12/2016 58500.00 58240.00 59120.00 58525.00 9289 58130.00 3411549175.00
22/12/2016 58400.00 57815.00 58710.00 58200.00 9558 54980.00 3201906075.00
23/12/2016 58150.00 58150.00 59190.00 59140.00 6778 38370.00 2257984950.00
26/12/2016 59090.00 59080.00 59815.00 59730.00 1693 9450.00 563122950.00
27/12/2016 59600.00 59300.00 60095.00 59630.00 5883 35985.00 2147717800.00
28/12/2016 59800.00 59685.00 60890.00 60695.00 7990 45845.00 2772274350.00
29/12/2016 60720.00 60085.00 61175.00 60950.00 8208 49235.00 2992642275.00
02/01/2017 60895.00 60215.00 60895.00 60290.00 4581 25885.00 1565312750.00
03/01/2017 60800.00 60770.00 62800.00 62730.00 16771 101075.00 6277850625.00
04/01/2017 62505.00 62160.00 62885.00 62540.00 8476 48690.00 3042299950.00
05/01/2017 62440.00 62430.00 63280.00 62685.00 10096 59260.00 3726456975.00
06/01/2017 62670.00 62170.00 62770.00 62500.00 8047 48610.00 3034512700.00
09/01/2017 62410.00 62050.00 62935.00 62500.00 8106 45840.00 2869893850.00
10/01/2017 62645.00 62645.00 63210.00 63080.00 7344 43605.00 2744698475.00
11/01/2017 63400.00 62330.00 63475.00 63135.00 11938 68500.00 4307876200.00
12/01/2017 64380.00 64300.00 65250.00 64680.00 14870 89440.00 5796055050.00
13/01/2017 64600.00 63965.00 64795.00 64390.00 8691 52290.00 3366783875.00
16/01/2017 64175.00 64005.00 64690.00 64440.00 3992 23405.00 1507328800.00
17/01/2017 64270.00 64045.00 65320.00 64850.00 10377 63645.00 4118921575.00
18/01/2017 64860.00 64500.00 65230.00 64500.00 9034 56065.00 3643381850.00
19/01/2017 64595.00 64075.00 65050.00 64700.00 12120 70050.00 4520801150.00
20/01/2017 64695.00 64545.00 65240.00 65030.00 10465 61295.00 3979888650.00
23/01/2017 65030.00 65000.00 66430.00 66430.00 8645 54740.00 3596790750.00
24/01/2017 66495.00 66035.00 66650.00 66300.00 11388 66675.00 4424529925.00
26/01/2017 67000.00 66505.00 67100.00 66600.00 8640 52545.00 3511076675.00
27/01/2017 66600.00 66300.00 66630.00 66490.00 6513 40375.00 2683671300.00
30/01/2017 66200.00 64450.00 66260.00 64595.00 12468 77645.00 5055641650.00
31/01/2017 64650.00 64535.00 65260.00 64945.00 9664 56925.00 3696673400.00
01/02/2017 65200.00 64915.00 65900.00 65150.00 10317 60090.00 3933061050.00
02/02/2017 64905.00 64420.00 65425.00 64850.00 11496 66775.00 4338247575.00
03/02/2017 64565.00 64470.00 65630.00 65275.00 10128 60040.00 3910917275.00
06/02/2017 65200.00 64065.00 65560.00 64235.00 10109 71065.00 4598654075.00
07/02/2017 64435.00 64070.00 65015.00 64190.00 9300 57765.00 3732939300.00
08/02/2017 64500.00 63855.00 65155.00 65135.00 12560 77075.00 4964621675.00
09/02/2017 65150.00 64690.00 65450.00 64950.00 9532 56860.00 3698287650.00
10/02/2017 65320.00 65180.00 66385.00 66200.00 11729 72645.00 4783883875.00
13/02/2017 66410.00 66410.00 67170.00 66920.00 10661 65075.00 4348148275.00
14/02/2017 67040.00 66250.00 67165.00 66890.00 12401 70870.00 4734790450.00
15/02/2017 67150.00 67045.00 68000.00 67900.00 2370 17375.00 1172204275.00
