14/02/2017 70000.00 70000.00 70000.00 70000.00 3 1045.00 73150000.00
15/02/2017 70400.00 70400.00 70600.00 70600.00 3 90.00 6345000.00
22/02/2017 72700.00 72700.00 72700.00 72700.00 2 700.00 50890000.00
16/03/2017 68700.00 68700.00 68700.00 68700.00 2 40.00 2748000.00
23/03/2017 66300.00 66300.00 66300.00 66300.00 2 150.00 9945000.00
29/03/2017 67300.00 67300.00 67500.00 67500.00 3 840.00 56616000.00
04/04/2017 67700.00 67700.00 67800.00 67800.00 9 2215.00 149962500.00
07/04/2017 66500.00 66500.00 66500.00 66500.00 2 440.00 29260000.00
10/04/2017 66500.00 66500.00 66900.00 66900.00 2 455.00 30271500.00
11/04/2017 66700.00 66700.00 66700.00 66700.00 1 30.00 2001000.00
12/04/2017 66000.00 66000.00 66100.00 66100.00 2 65.00 4294000.00
13/04/2017 65900.00 65100.00 65900.00 65300.00 6 460.00 30006000.00
17/04/2017 65600.00 65600.00 65600.00 65600.00 2 30.00 1968000.00
19/04/2017 66000.00 65500.00 66000.00 65500.00 5 640.00 41945000.00
20/04/2017 66000.00 65600.00 66100.00 65600.00 4 175.00 11552000.00
24/04/2017 66200.00 66200.00 66200.00 66200.00 2 65.00 4303000.00
25/04/2017 65900.00 65900.00 66900.00 66800.00 9 765.00 50728000.00
03/05/2017 68100.00 68000.00 68100.00 68000.00 3 155.00 10543500.00
04/05/2017 66900.00 66500.00 66900.00 66500.00 9 255.00 17014500.00
05/05/2017 66300.00 66300.00 67380.00 67380.00 5 1020.00 67644175.00
08/05/2017 67500.00 67500.00 67500.00 67500.00 5 1015.00 68512500.00
09/05/2017 68050.00 68050.00 68150.00 68150.00 4 630.00 42876500.00
10/05/2017 68800.00 68800.00 69100.00 69100.00 4 285.00 19621500.00
11/05/2017 68900.00 68900.00 69200.00 69200.00 3 735.00 50691000.00
12/05/2017 69800.00 69800.00 69800.00 69800.00 5 570.00 39786000.00
16/05/2017 70100.00 70100.00 70100.00 70100.00 1 45.00 3154500.00
17/05/2017 68820.00 68820.00 68820.00 68820.00 2 55.00 3785100.00
19/05/2017 64500.00 64220.00 64500.00 64220.00 6 630.00 40633600.00
22/05/2017 62700.00 62700.00 63100.00 62800.00 5 715.00 44862500.00
23/05/2017 63800.00 63800.00 63800.00 63800.00 3 300.00 19140000.00
24/05/2017 63800.00 63800.00 63800.00 63800.00 2 575.00 36685000.00
25/05/2017 64200.00 64200.00 64200.00 64200.00 1 35.00 2247000.00
26/05/2017 65100.00 65100.00 65500.00 65500.00 7 1245.00 81257500.00
29/05/2017 64900.00 64900.00 64900.00 64900.00 1 15.00 973500.00
30/05/2017 65000.00 65000.00 65300.00 65200.00 3 225.00 14662500.00
31/05/2017 64400.00 64400.00 64400.00 64400.00 3 370.00 23828000.00
02/06/2017 63400.00 63400.00 63400.00 63400.00 3 530.00 33602000.00
05/06/2017 63300.00 63300.00 63300.00 63300.00 2 110.00 6963000.00
06/06/2017 63700.00 63700.00 64100.00 64100.00 4 1135.00 72434500.00
07/06/2017 64700.00 64200.00 64700.00 64200.00 12 635.00 41004000.00
08/06/2017 63570.00 63520.00 63640.00 63600.00 11 1015.00 64563625.00
09/06/2017 63500.00 63165.00 63705.00 63210.00 20 350.00 22220375.00
12/06/2017 62950.00 62275.00 63385.00 62550.00 331 3610.00 226748775.00
13/06/2017 62985.00 62450.00 63055.00 62755.00 1688 10910.00 684295950.00
14/06/2017 62800.00 62370.00 63445.00 62800.00 13492 77215.00 4866841475.00
16/06/2017 62690.00 62145.00 62720.00 62695.00 8297 49155.00 3070002775.00
