20/06/2016 11330.00 11330.00 11489.00 11399.00 216291 114880700.00 1062807401.00
21/06/2016 11399.00 11302.00 11511.00 11481.00 173133 106294000.00 981731895.00
22/06/2016 11481.00 11260.00 11506.00 11271.00 231491 137368000.00 1186075594.00
23/06/2016 11270.00 11270.00 11603.00 11580.00 225470 144666900.00 1105758440.00
24/06/2016 11580.00 11203.00 11582.00 11273.00 266776 151256800.00 1368551346.00
27/06/2016 11274.00 11105.00 11274.00 11229.00 197507 107662200.00 926378686.00
28/06/2016 11230.00 11132.00 11357.00 11138.00 255643 152678000.00 1553835678.00
29/06/2016 11139.00 11139.00 11316.00 11270.00 270484 174059600.00 2300757445.00
30/06/2016 11270.00 11144.00 11338.00 11338.00 265541 162271400.00 1751341929.00
01/07/2016 11344.00 11324.00 11577.00 11553.00 271266 189543700.00 2029669124.00
04/07/2016 11552.00 11552.00 11805.00 11756.00 186344 102681900.00 1025438915.00
05/07/2016 11755.00 11528.00 11755.00 11596.00 212192 115398000.00 1186671494.00
06/07/2016 11596.00 11439.00 11648.00 11647.00 204089 137281600.00 1160744698.00
07/07/2016 11648.00 11584.00 11759.00 11602.00 225839 127878000.00 1195143836.00
08/07/2016 11603.00 11603.00 11738.00 11725.00 222889 113413300.00 1225289529.00
11/07/2016 11725.00 11725.00 11822.00 11795.00 216140 118741600.00 1226399665.00
12/07/2016 11796.00 11796.00 11928.00 11863.00 276541 169958300.00 1346703369.00
13/07/2016 11863.00 11789.00 11948.00 11912.00 304615 175366700.00 1480560113.00
14/07/2016 11912.00 11899.00 12007.00 11959.00 286844 165514300.00 1559733486.00
15/07/2016 11959.00 11903.00 11985.00 11952.00 263365 152868600.00 1307683650.00
18/07/2016 11943.00 11889.00 12065.00 12065.00 226284 167491500.00 1315262449.00
19/07/2016 12065.00 12040.00 12190.00 12190.00 270375 165653400.00 1377582459.00
20/07/2016 12196.00 12082.00 12223.00 12111.00 229102 162441200.00 1315786078.00
21/07/2016 12112.00 12052.00 12196.00 12194.00 246814 167047000.00 1382953400.00
22/07/2016 12194.00 12194.00 12394.00 12356.00 231647 152668800.00 1368593930.00
25/07/2016 12360.00 12251.00 12380.00 12344.00 246302 149094700.00 1298384828.00
26/07/2016 12345.00 12292.00 12419.00 12344.00 209981 147617600.00 1257435665.00
27/07/2016 12349.00 12349.00 12452.00 12393.00 258014 172681600.00 1383410395.00
28/07/2016 12391.00 12302.00 12483.00 12478.00 236976 186980000.00 1421149741.00
29/07/2016 12478.00 12309.00 12529.00 12510.00 363602 222700600.00 2442258716.00
01/08/2016 12510.00 12443.00 12575.00 12468.00 295660 242173300.00 1820673406.00
02/08/2016 12468.00 12214.00 12473.00 12279.00 261791 189494800.00 1544719276.00
03/08/2016 12280.00 12192.00 12338.00 12336.00 272697 188500700.00 1517981532.00
04/08/2016 12336.00 12336.00 12537.00 12449.00 292665 213049300.00 1875601747.00
05/08/2016 12449.00 12449.00 12559.00 12537.00 235958 169938000.00 1526250637.00
08/08/2016 12538.00 12520.00 12685.00 12605.00 228767 162953900.00 1361551925.00
09/08/2016 12605.00 12597.00 12708.00 12643.00 225588 162029400.00 1297589962.00
10/08/2016 12645.00 12494.00 12681.00 12539.00 223801 168531200.00 1469739301.00
11/08/2016 12540.00 12498.00 12727.00 12718.00 260180 182781800.00 1729421380.00
12/08/2016 12718.00 12675.00 12802.00 12769.00 257869 154383900.00 1500671384.00
15/08/2016 12769.00 12744.00 13011.00 12953.00 252691 176407400.00 1454235097.00
16/08/2016 12954.00 12813.00 12954.00 12870.00 250495 176230400.00 1631194723.00
17/08/2016 12870.00 12680.00 12880.00 12880.00 302345 207463800.00 2094483717.00
18/08/2016 12879.00 12811.00 12907.00 12878.00 257363 203875900.00 1606343680.00
19/08/2016 12878.00 12787.00 12951.00 12909.00 224745 154044800.00 1297585096.00
22/08/2016 12909.00 12624.00 12918.00 12649.00 253229 162364700.00 1483319952.00
23/08/2016 12650.00 12650.00 12828.00 12744.00 266318 187787900.00 1814865314.00
24/08/2016 12744.00 12639.00 12802.00 12702.00 232443 180080700.00 1481003479.00
25/08/2016 12703.00 12620.00 12768.00 12620.00 257857 168589000.00 1576896788.00
26/08/2016 12621.00 12536.00 12776.00 12618.00 322173 184280000.00 1727806969.00
29/08/2016 12628.00 12624.00 12817.00 12752.00 236948 139166600.00 1340864023.00
30/08/2016 12755.00 12710.00 12803.00 12784.00 218976 124715100.00 1237273987.00
31/08/2016 12785.00 12644.00 12826.00 12736.00 298205 164192500.00 1715747417.00
01/09/2016 12736.00 12702.00 12827.00 12818.00 287900 169307200.00 2016956532.00
02/09/2016 12819.00 12819.00 13079.00 13079.00 278783 181531300.00 1808537402.00
05/09/2016 13090.00 12990.00 13142.00 12992.00 153239 94113600.00 877488714.00
06/09/2016 12991.00 12928.00 13081.00 13081.00 262302 164810100.00 1707136771.00
08/09/2016 13081.00 13019.00 13204.00 13202.00 338791 196583200.00 1987314666.00
09/09/2016 13202.00 12894.00 13204.00 12903.00 303682 183860900.00 1853586651.00
12/09/2016 12903.00 12798.00 12940.00 12912.00 247193 160407500.00 1481373666.00
13/09/2016 12912.00 12602.00 12912.00 12704.00 338848 194124000.00 1740164061.00
14/09/2016 12704.00 12652.00 12787.00 12753.00 248625 147628300.00 1377605934.00
15/09/2016 12753.00 12753.00 12855.00 12810.00 173314 101330600.00 1072204404.00
16/09/2016 12810.00 12575.00 12816.00 12689.00 222550 145007900.00 1635442333.00
19/09/2016 12689.00 12664.00 12840.00 12721.00 201638 115917200.00 1134610086.00
20/09/2016 12721.00 12694.00 12789.00 12710.00 204866 130091400.00 1185072945.00
21/09/2016 12710.00 12657.00 12865.00 12804.00 257355 156469300.00 1409026811.00
22/09/2016 12805.00 12805.00 13009.00 12874.00 249205 156132700.00 1416029197.00
23/09/2016 12874.00 12870.00 12992.00 12919.00 249624 124722100.00 1264585368.00
26/09/2016 12919.00 12733.00 12920.00 12767.00 170450 92640400.00 940528199.00
27/09/2016 12766.00 12676.00 12855.00 12823.00 229691 118513600.00 1066781969.00
28/09/2016 12825.00 12825.00 13049.00 13028.00 223654 134491000.00 1302694340.00
29/09/2016 13028.00 12861.00 13097.00 12917.00 236419 135378900.00 1273531177.00
30/09/2016 12916.00 12887.00 13015.00 12944.00 236229 116735200.00 1258826596.00
03/10/2016 12944.00 12943.00 13125.00 13108.00 241839 113990300.00 1324497743.00
04/10/2016 13108.00 12952.00 13145.00 13043.00 217735 117458400.00 1335124530.00
05/10/2016 13044.00 13044.00 13302.00 13269.00 202200 118644500.00 1209436096.00
06/10/2016 13269.00 13222.00 13344.00 13316.00 225028 130306000.00 1390285786.00
07/10/2016 13317.00 13250.00 13366.00 13298.00 249593 165471100.00 1716349773.00
10/10/2016 13299.00 13299.00 13403.00 13367.00 172101 99546200.00 1009824524.00
11/10/2016 13366.00 13235.00 13366.00 13246.00 246715 117144900.00 1418049757.00
13/10/2016 13246.00 13038.00 13246.00 13105.00 348119 195852800.00 2349145934.00
14/10/2016 13109.00 13109.00 13279.00 13211.00 261254 127338500.00 1573477715.00
17/10/2016 13211.00 13195.00 13298.00 13260.00 218647 104764800.00 1206048251.00
18/10/2016 13260.00 13234.00 13424.00 13383.00 281679 151325400.00 1626309950.00
19/10/2016 13384.00 13259.00 13431.00 13289.00 218882 164578200.00 1442289886.00
20/10/2016 13289.00 13125.00 13326.00 13257.00 218312 154479400.00 1290010255.00
21/10/2016 13257.00 13179.00 13357.00 13307.00 240746 207880000.00 1922181613.00
24/10/2016 13308.00 13290.00 13455.00 13322.00 236050 187211000.00 1541183743.00
25/10/2016 13322.00 13184.00 13346.00 13235.00 264152 191354500.00 1712246689.00
26/10/2016 13235.00 12891.00 13237.00 13064.00 310914 225792100.00 2314645039.00
27/10/2016 13067.00 13036.00 13142.00 13042.00 252976 156572400.00 1611292682.00
28/10/2016 13043.00 12926.00 13199.00 13095.00 309197 220360300.00 2205587783.00
31/10/2016 13095.00 13052.00 13158.00 13077.00 276914 179802100.00 1761775045.00
01/11/2016 13077.00 12845.00 13179.00 12846.00 332439 206534300.00 2028897335.00
03/11/2016 12845.00 12531.00 12855.00 12531.00 332309 188895300.00 1981359313.00
04/11/2016 12530.00 12402.00 12658.00 12419.00 301986 179286700.00 1668516294.00
07/11/2016 12422.00 12422.00 12808.00 12794.00 253881 159380200.00 1515185776.00
08/11/2016 12794.00 12714.00 12911.00 12795.00 257850 149929800.00 1390452045.00
09/11/2016 12795.00 12385.00 12851.00 12751.00 347554 251697000.00 2224505934.00
10/11/2016 12753.00 12598.00 13078.00 12743.00 550560 339502500.00 3668386287.00
11/11/2016 12743.00 12345.00 12817.00 12431.00 574710 273518400.00 2980728035.00
14/11/2016 12430.00 12359.00 12634.00 12604.00 509933 236556800.00 2331882658.00
16/11/2016 12605.00 12524.00 12725.00 12701.00 338794 170330000.00 1790907868.00
17/11/2016 12704.00 12691.00 12872.00 12777.00 291029 129653700.00 1343267422.00
18/11/2016 12778.00 12627.00 12807.00 12740.00 276150 146618500.00 1434127490.00
21/11/2016 12740.00 12682.00 12816.00 12741.00 280389 144499600.00 1528676314.00
22/11/2016 12742.00 12727.00 12972.00 12782.00 314222 172414300.00 1877267214.00
23/11/2016 12763.00 12745.00 12947.00 12947.00 297789 189907800.00 1831562515.00
24/11/2016 12946.00 12836.00 12986.00 12858.00 140279 106939300.00 815405687.00
25/11/2016 12857.00 12753.00 12937.00 12892.00 187035 127288400.00 1113255936.00
28/11/2016 12892.00 12804.00 13111.00 13091.00 220827 119463900.00 1330543122.00
29/11/2016 13091.00 12851.00 13091.00 12853.00 241116 130311000.00 1376310253.00
30/11/2016 12852.00 12776.00 13053.00 12778.00 255685 175438500.00 1915618138.00
01/12/2016 12778.00 12224.00 12781.00 12280.00 473375 201737300.00 2309920775.00
02/12/2016 12275.00 12014.00 12418.00 12416.00 360999 191375200.00 1958521982.00
05/12/2016 12422.00 12335.00 12550.00 12340.00 237530 118343700.00 1242939349.00
06/12/2016 12337.00 12244.00 12742.00 12736.00 317942 152756100.00 1695675495.00
07/12/2016 12737.00 12737.00 12919.00 12874.00 315707 154582000.00 1714550212.00
08/12/2016 12874.00 12622.00 12968.00 12695.00 276566 118036400.00 1265987021.00
09/12/2016 12695.00 12532.00 12777.00 12634.00 277721 129008600.00 1461962994.00
12/12/2016 12629.00 12332.00 12630.00 12371.00 225007 117586600.00 1177121211.00
13/12/2016 12371.00 12234.00 12504.00 12429.00 322322 146687400.00 1490401155.00
14/12/2016 12429.00 12290.00 12455.00 12316.00 299269 171551200.00 1752023374.00
15/12/2016 12317.00 12221.00 12436.00 12413.00 289648 140461700.00 1409516927.00
16/12/2016 12422.00 12393.00 12569.00 12393.00 239363 154217700.00 1717994780.00
19/12/2016 12394.00 12149.00 12412.00 12150.00 223365 128060500.00 1362681355.00
20/12/2016 12151.00 12045.00 12221.00 12124.00 233376 106795300.00 1111938190.00
21/12/2016 12124.00 12123.00 12281.00 12200.00 177732 98994800.00 1022791066.00
22/12/2016 12200.00 11981.00 12207.00 12055.00 212897 93007900.00 1004086934.00
23/12/2016 12055.00 12052.00 12158.00 12124.00 159474 82039200.00 773164778.00
26/12/2016 12124.00 12124.00 12289.00 12253.00 66968 30436400.00 315474997.00
27/12/2016 12253.00 12253.00 12395.00 12352.00 158504 74375600.00 781132842.00
28/12/2016 12359.00 12359.00 12541.00 12464.00 166094 82844300.00 845152847.00
29/12/2016 12464.00 12356.00 12559.00 12559.00 181580 88180700.00 995011995.00
02/01/2017 12559.00 12409.00 12560.00 12474.00 95255 48510000.00 446175684.00
03/01/2017 12474.00 12474.00 12830.00 12830.00 254957 148947900.00 1472776316.00
04/01/2017 12831.00 12707.00 12867.00 12752.00 248808 153305900.00 1371332957.00
05/01/2017 12757.00 12757.00 12909.00 12851.00 250057 163559700.00 1523085133.00
06/01/2017 12851.00 12641.00 12851.00 12685.00 219612 109109300.00 1140526772.00
09/01/2017 12685.00 12635.00 12780.00 12688.00 217261 108626200.00 1196366600.00
10/01/2017 12688.00 12688.00 12825.00 12721.00 203499 115167100.00 1107510764.00
11/01/2017 12721.00 12614.00 12831.00 12746.00 252381 177935600.00 1530615259.00
12/01/2017 12746.00 12746.00 13043.00 12999.00 336889 186810700.00 1930967057.00
13/01/2017 12999.00 12872.00 13020.00 12921.00 238967 127994600.00 1281470486.00
16/01/2017 12922.00 12904.00 13003.00 12949.00 178193 127649500.00 971993592.00
17/01/2017 12949.00 12886.00 13092.00 13060.00 288804 207651900.00 1758403860.00
18/01/2017 13060.00 13006.00 13197.00 13006.00 264910 216106300.00 1876176422.00
19/01/2017 13006.00 12896.00 13089.00 12971.00 297966 168786000.00 1651547953.00
20/01/2017 12971.00 12971.00 13096.00 13074.00 273179 174081100.00 1610784446.00
23/01/2017 13074.00 13057.00 13227.00 13214.00 245981 138832700.00 1253721935.00
24/01/2017 13217.00 13199.00 13327.00 13251.00 247232 158704700.00 1609323323.00
26/01/2017 13252.00 13241.00 13378.00 13243.00 257429 140927600.00 1571715259.00
27/01/2017 13243.00 13132.00 13245.00 13195.00 233670 126841700.00 1351534564.00
30/01/2017 13195.00 12883.00 13195.00 12907.00 232647 109257700.00 1115047145.00
31/01/2017 12907.00 12870.00 12996.00 12968.00 229121 124928900.00 1296707483.00
01/02/2017 12969.00 12969.00 13124.00 13004.00 271698 152733200.00 1637691020.00
02/02/2017 13003.00 12955.00 13160.00 13057.00 239854 124005400.00 1288583432.00
03/02/2017 13051.00 13012.00 13181.00 13110.00 319163 158649200.00 1632478612.00
06/02/2017 13111.00 12877.00 13188.00 12887.00 252770 140041900.00 1288969601.00
07/02/2017 12888.00 12866.00 13033.00 12902.00 200814 121721800.00 1282716443.00
08/02/2017 12902.00 12815.00 12961.00 12890.00 222298 115463900.00 1245801985.00
09/02/2017 12890.00 12843.00 12968.00 12918.00 203715 100945700.00 1157037343.00
10/02/2017 12911.00 12886.00 13137.00 13114.00 249494 167702300.00 1459340923.00
13/02/2017 13122.00 13122.00 13254.00 13203.00 247124 128173700.00 1307799236.00
14/02/2017 13206.00 13125.00 13283.00 13201.00 266222 129582300.00 1396237611.00
15/02/2017 13201.00 13201.00 13487.00 13454.00 341655 152873000.00 1829472945.00
16/02/2017 13454.00 13368.00 13479.00 13398.00 251361 140110300.00 1589210219.00
17/02/2017 13398.00 13301.00 13404.00 13324.00 193253 105642700.00 1164368480.00
20/02/2017 13332.00 13332.00 13416.00 13348.00 146077 81461100.00 779726125.00
21/02/2017 13351.00 13291.00 13428.00 13360.00 221668 121021600.00 1338425446.00
22/02/2017 13359.00 13196.00 13359.00 13245.00 275868 139480000.00 1556319969.00
23/02/2017 13245.00 13040.00 13430.00 13061.00 330751 171531000.00 1725933858.00
24/02/2017 13061.00 12850.00 13111.00 13012.00 303069 131331000.00 1534802013.00
01/03/2017 13012.00 13012.00 13158.00 13048.00 264241 101378700.00 1254998346.00
02/03/2017 13048.00 12820.00 13065.00 12852.00 309615 133053200.00 1680305760.00
03/03/2017 12858.00 12808.00 12989.00 12989.00 238547 117741000.00 1328679454.00
06/03/2017 12988.00 12877.00 13103.00 12899.00 287838 138787200.00 1601696846.00
07/03/2017 12900.00 12737.00 12956.00 12737.00 257298 126316200.00 1569420492.00
08/03/2017 12737.00 12647.00 12759.00 12712.00 335284 204864400.00 2205345670.00
09/03/2017 12712.00 12681.00 12927.00 12834.00 305822 164000300.00 1837720991.00
10/03/2017 12834.00 12766.00 12926.00 12806.00 240703 128832200.00 1507401094.00
13/03/2017 12807.00 12807.00 12959.00 12933.00 216376 93948500.00 1065094107.00
14/03/2017 12934.00 12782.00 12952.00 12782.00 213306 111260600.00 1265109775.00
15/03/2017 12783.00 12727.00 12991.00 12955.00 303171 154427500.00 1984656764.00
16/03/2017 12955.00 12955.00 13103.00 13040.00 236900 113712600.00 1347013711.00
17/03/2017 13040.00 12629.00 13111.00 12666.00 354124 207612300.00 2534457281.00
20/03/2017 12666.00 12327.00 12843.00 12794.00 367970 170917800.00 2310211959.00
21/03/2017 12793.00 12476.00 12825.00 12490.00 332650 145730800.00 1631448251.00
22/03/2017 12488.00 12226.00 12488.00 12438.00 312447 144281800.00 1581162536.00
23/03/2017 12438.00 12315.00 12561.00 12484.00 234712 112471400.00 1335112737.00
24/03/2017 12484.00 12390.00 12524.00 12466.00 206858 92236400.00 1020871171.00
27/03/2017 12466.00 12429.00 12572.00 12547.00 238022 112599900.00 1210246775.00
28/03/2017 12547.00 12528.00 12694.00 12649.00 237370 119364600.00 1374493478.00
29/03/2017 12651.00 12618.00 12729.00 12722.00 250173 114045200.00 1258221771.00
30/03/2017 12722.00 12617.00 12754.00 12650.00 197861 92607300.00 1112828525.00
31/03/2017 12648.00 12636.00 12771.00 12691.00 238019 107013700.00 1383350367.00
03/04/2017 12691.00 12577.00 12693.00 12652.00 196320 105646200.00 1262977415.00
04/04/2017 12651.00 12609.00 12722.00 12721.00 177910 78840600.00 954764072.00
05/04/2017 12724.00 12521.00 12780.00 12551.00 267487 111757000.00 1336659739.00
06/04/2017 12551.00 12427.00 12575.00 12494.00 255575 114426900.00 1280073130.00
07/04/2017 12494.00 12384.00 12634.00 12558.00 271892 119590100.00 1437914551.00
10/04/2017 12561.00 12460.00 12615.00 12532.00 184010 107996900.00 1369536121.00
11/04/2017 12535.00 12324.00 12606.00 12523.00 266440 126800200.00 1553902029.00
12/04/2017 12526.00 12443.00 12544.00 12443.00 279581 165891500.00 2029737756.00
13/04/2017 12443.00 12349.00 12489.00 12382.00 219866 112527700.00 1323530697.00
17/04/2017 12383.00 12373.00 12549.00 12527.00 218885 112573500.00 1252735846.00
18/04/2017 12527.00 12452.00 12590.00 12528.00 227270 117517200.00 1237103411.00
19/04/2017 12528.00 12404.00 12586.00 12445.00 247927 124276700.00 1333123881.00
20/04/2017 12445.00 12445.00 12562.00 12507.00 224856 130953100.00 1314514133.00
24/04/2017 12507.00 12507.00 12683.00 12626.00 262869 124597000.00 1677008829.00
25/04/2017 12626.00 12546.00 12740.00 12740.00 275939 140126800.00 1742549776.00
26/04/2017 12740.00 12644.00 12768.00 12735.00 266661 131838000.00 1362460745.00
27/04/2017 12738.00 12550.00 12780.00 12666.00 214370 119702100.00 1306739561.00
28/04/2017 12670.00 12629.00 12836.00 12799.00 214585 127737500.00 1451235548.00
02/05/2017 12799.00 12798.00 13124.00 13110.00 324075 132112800.00 1591716759.00
03/05/2017 13113.00 13049.00 13155.00 13112.00 262540 136000700.00 1415593410.00
04/05/2017 13112.00 12916.00 13112.00 12967.00 326302 161990100.00 1956271804.00
05/05/2017 12962.00 12932.00 13074.00 13034.00 212338 118187500.00 1203598094.00
08/05/2017 13034.00 12986.00 13097.00 13039.00 210873 88996900.00 1064875029.00
09/05/2017 13040.00 13040.00 13321.00 13269.00 218109 140785700.00 1462526109.00
10/05/2017 13271.00 13271.00 13532.00 13531.00 292252 141546400.00 1866177057.00
11/05/2017 13531.00 13447.00 13591.00 13552.00 238175 122458500.00 1657149630.00
12/05/2017 13551.00 13551.00 13650.00 13576.00 291243 124449500.00 1489474120.00
15/05/2017 13576.00 13523.00 13612.00 13585.00 271662 133548600.00 1557710588.00
16/05/2017 13586.00 13392.00 13589.00 13455.00 330632 158844200.00 1877830551.00
17/05/2017 13455.00 13143.00 13455.00 13185.00 320421 160895100.00 1768534664.00
18/05/2017 13183.00 12178.00 13183.00 12527.00 755055 372013700.00 4232247319.00
19/05/2017 12526.00 12490.00 12748.00 12658.00 460286 242953000.00 2741384277.00
22/05/2017 12658.00 12424.00 12658.00 12526.00 534347 269363200.00 2963161504.00
23/05/2017 12526.00 12470.00 12809.00 12800.00 385509 234692100.00 2266128801.00
24/05/2017 12801.00 12797.00 12950.00 12858.00 320405 177279300.00 1864657481.00
25/05/2017 12858.00 12858.00 13166.00 13156.00 316541 176508700.00 1945764736.00
26/05/2017 13156.00 13135.00 13255.00 13182.00 301905 162907500.00 1895784091.00
29/05/2017 13182.00 13111.00 13212.00 13155.00 184413 84393000.00 917642311.00
30/05/2017 13159.00 13114.00 13203.00 13115.00 232360 100573100.00 1211520454.00
31/05/2017 13113.00 12891.00 13122.00 12905.00 384630 197899400.00 2777805608.00
01/06/2017 12908.00 12817.00 13041.00 12829.00 320694 150968900.00 1785076088.00
02/06/2017 12830.00 12754.00 12959.00 12817.00 249107 124772200.00 1534511370.00
05/06/2017 12815.00 12777.00 12903.00 12890.00 230755 96599000.00 1271774570.00
06/06/2017 12890.00 12883.00 13027.00 12970.00 246692 140770600.00 1507732472.00
07/06/2017 12970.00 12851.00 13061.00 12917.00 278542 112477100.00 1322614175.00
08/06/2017 12917.00 12725.00 12917.00 12799.00 229534 115906600.00 1375729520.00
09/06/2017 12799.00 12545.00 12831.00 12567.00 306790 144146100.00 1882267221.00
12/06/2017 12567.00 12472.00 12584.00 12485.00 271542 128659400.00 1479872313.00
13/06/2017 12485.00 12465.00 12542.00 12527.00 195494 94752500.00 1195626111.00
14/06/2017 12528.00 12372.00 12612.00 12447.00 276893 138801300.00 1847754402.00
16/06/2017 12445.00 12306.00 12481.00 12351.00 275498 194172100.00 2752287688.00
