01/06/2016 50500.00 50500.00 50500.00 50500.00 2 1000.00 50500000.00
03/06/2016 52500.00 52500.00 52500.00 52500.00 2 25.00 1312500.00
15/06/2016 51000.00 51000.00 51000.00 51000.00 2 25.00 1275000.00
16/06/2016 50700.00 50700.00 50700.00 50700.00 3 930.00 47151000.00
17/06/2016 51900.00 51700.00 51900.00 51700.00 7 400.00 20745000.00
20/06/2016 52400.00 52400.00 52500.00 52500.00 3 140.00 7342000.00
21/06/2016 52420.00 52400.00 52420.00 52400.00 4 165.00 8646100.00
23/06/2016 53100.00 53100.00 53500.00 53500.00 4 345.00 18411500.00
24/06/2016 51500.00 51460.00 51500.00 51460.00 2 140.00 7204600.00
27/06/2016 51000.00 51000.00 51000.00 51000.00 2 40.00 2040000.00
28/06/2016 51590.00 51590.00 51800.00 51800.00 2 50.00 2588950.00
29/06/2016 52900.00 52900.00 52900.00 52900.00 2 30.00 1587000.00
30/06/2016 52300.00 52300.00 53400.00 53400.00 4 60.00 3187000.00
01/07/2016 53615.00 53615.00 53800.00 53800.00 2 165.00 8876075.00
07/07/2016 54200.00 54200.00 54200.00 54200.00 2 45.00 2439000.00
08/07/2016 54400.00 54390.00 54900.00 54800.00 9 2320.00 126478000.00
11/07/2016 55400.00 55400.00 55500.00 55500.00 12 1800.00 99825500.00
13/07/2016 55800.00 55700.00 56200.00 56200.00 5 1095.00 61442000.00
14/07/2016 56810.00 56800.00 57200.00 57200.00 10 1650.00 93795050.00
15/07/2016 57100.00 57000.00 57200.00 57200.00 8 655.00 37442000.00
18/07/2016 57900.00 57900.00 57900.00 57900.00 2 45.00 2605500.00
19/07/2016 58100.00 58100.00 58130.00 58130.00 3 580.00 33705000.00
20/07/2016 58000.00 58000.00 58500.00 58300.00 8 940.00 54811000.00
22/07/2016 58635.00 58635.00 58635.00 58635.00 2 500.00 29317500.00
25/07/2016 58200.00 58000.00 58300.00 58300.00 10 585.00 33950000.00
26/07/2016 58700.00 58400.00 58700.00 58400.00 3 105.00 6138000.00
27/07/2016 58530.00 58450.00 58610.00 58540.00 11 3735.00 218571550.00
28/07/2016 58200.00 57500.00 58200.00 57800.00 10 2865.00 166162000.00
29/07/2016 57800.00 57800.00 58840.00 58840.00 8 575.00 33567800.00
01/08/2016 58500.00 58500.00 58500.00 58500.00 4 575.00 33637500.00
02/08/2016 57345.00 57300.00 57500.00 57500.00 5 1455.00 83380250.00
03/08/2016 57600.00 57600.00 58400.00 58400.00 6 375.00 21841000.00
04/08/2016 58900.00 58900.00 59095.00 59000.00 3 110.00 6498050.00
05/08/2016 59000.00 58700.00 59100.00 59100.00 8 240.00 14172500.00
08/08/2016 59000.00 59000.00 59050.00 59000.00 3 220.00 12985500.00
09/08/2016 59205.00 59000.00 59300.00 59000.00 6 1045.00 61809275.00
10/08/2016 58600.00 58200.00 58600.00 58200.00 4 595.00 34827000.00
11/08/2016 58250.00 58250.00 59330.00 59230.00 45 1750.00 103310850.00
12/08/2016 59400.00 59145.00 59755.00 59400.00 53 1235.00 73528975.00
15/08/2016 59585.00 59555.00 60520.00 60340.00 261 3240.00 194862700.00
16/08/2016 60020.00 59725.00 60295.00 59750.00 1674 11705.00 702712175.00
17/08/2016 59595.00 59120.00 60610.00 60610.00 11909 72610.00 4341248300.00
18/08/2016 60300.00 59890.00 60525.00 60200.00 8934 56810.00 3422855575.00
19/08/2016 59800.00 59605.00 60330.00 60290.00 7714 48545.00 2913309725.00
22/08/2016 59990.00 58575.00 59990.00 58795.00 10654 67140.00 3971632375.00
23/08/2016 59150.00 58715.00 59630.00 58800.00 9700 60980.00 3612157350.00
24/08/2016 58700.00 58345.00 59300.00 58870.00 9433 62535.00 3674462575.00
25/08/2016 58490.00 58420.00 59095.00 58660.00 8199 47015.00 2763945600.00
26/08/2016 58705.00 58090.00 59600.00 58735.00 14608 87570.00 5151541725.00
29/08/2016 58655.00 58535.00 59875.00 59560.00 11866 70225.00 4167054325.00
30/08/2016 59500.00 59085.00 59765.00 59455.00 8509 50410.00 2995790825.00
31/08/2016 59595.00 58275.00 59740.00 58310.00 14430 84845.00 4990518650.00
01/09/2016 58600.00 58405.00 59200.00 59100.00 10654 64650.00 3803078700.00
02/09/2016 59170.00 58920.00 60560.00 60405.00 13135 81070.00 4860007350.00
05/09/2016 60405.00 60185.00 60730.00 60400.00 5582 33455.00 2023822500.00
06/09/2016 60490.00 59870.00 60850.00 60830.00 9055 54890.00 3315328175.00
08/09/2016 60505.00 60400.00 61055.00 60800.00 9262 53510.00 3251535275.00
09/09/2016 60540.00 58150.00 60540.00 58200.00 18138 113255.00 6706191000.00
12/09/2016 57835.00 57835.00 59260.00 59100.00 15781 90175.00 5290355425.00
13/09/2016 58700.00 56995.00 58780.00 57400.00 19508 112570.00 6490219925.00
14/09/2016 57765.00 57195.00 57900.00 57625.00 12828 75820.00 4365240025.00
15/09/2016 57895.00 57690.00 58695.00 58300.00 11398 65405.00 3807761000.00
16/09/2016 57900.00 57270.00 58175.00 57680.00 11912 72245.00 4163224975.00
19/09/2016 58180.00 57545.00 58530.00 57870.00 9729 54715.00 3177408125.00
20/09/2016 58100.00 58000.00 58380.00 58035.00 8617 52680.00 3064349975.00
21/09/2016 58500.00 57710.00 59055.00 58950.00 14908 87715.00 5119398875.00
22/09/2016 59135.00 59010.00 59920.00 59450.00 11307 65330.00 3885016200.00
23/09/2016 59350.00 58755.00 59625.00 59055.00 10637 61390.00 3631532375.00
26/09/2016 58600.00 58200.00 58655.00 58375.00 8308 49730.00 2903271925.00
27/09/2016 58430.00 57685.00 58820.00 58800.00 12425 75620.00 4412710275.00
28/09/2016 59000.00 58640.00 59810.00 59780.00 11621 70850.00 4200090425.00
29/09/2016 59800.00 58375.00 59885.00 58430.00 13398 80195.00 4739825975.00
30/09/2016 58500.00 58420.00 59165.00 58580.00 9803 57485.00 3382988325.00
03/10/2016 58890.00 58540.00 59800.00 59595.00 13622 77230.00 4585035475.00
04/10/2016 59605.00 59020.00 59770.00 59550.00 13105 75220.00 4468993175.00
05/10/2016 59700.00 59600.00 60675.00 60240.00 12249 75400.00 4545565950.00
06/10/2016 60165.00 60075.00 60885.00 60655.00 8472 51755.00 3132170975.00
07/10/2016 60500.00 60440.00 61400.00 61270.00 13828 84255.00 5141805975.00
10/10/2016 61455.00 61365.00 61890.00 61890.00 9654 60390.00 3722122650.00
11/10/2016 61855.00 60910.00 61855.00 60995.00 11222 65475.00 4006758725.00
13/10/2016 60600.00 60265.00 61300.00 61195.00 2555 22875.00 1389497250.00
