01/06/2016 51600.00 51600.00 51800.00 51800.00 11 335.00 17303000.00
02/06/2016 52300.00 52300.00 52800.00 52800.00 18 1045.00 54820000.00
03/06/2016 53500.00 53300.00 53700.00 53700.00 15 820.00 43895000.00
06/06/2016 54000.00 53500.00 54000.00 53500.00 18 1355.00 72768500.00
07/06/2016 53600.00 53500.00 53700.00 53500.00 13 1605.00 86078500.00
08/06/2016 54300.00 54300.00 54900.00 54900.00 15 1865.00 101637500.00
09/06/2016 54300.00 54100.00 54400.00 54100.00 11 575.00 31214000.00
10/06/2016 53200.00 52700.00 53200.00 52700.00 11 395.00 20891500.00
13/06/2016 52200.00 52200.00 52400.00 52400.00 5 190.00 9932000.00
14/06/2016 52300.00 51300.00 52300.00 51300.00 11 910.00 46769500.00
15/06/2016 51700.00 51700.00 52000.00 51700.00 12 1295.00 67003000.00
16/06/2016 51000.00 51000.00 52000.00 52000.00 8 365.00 18813000.00
17/06/2016 52900.00 52360.00 52900.00 52360.00 10 1090.00 57279000.00
20/06/2016 53400.00 53400.00 53400.00 53400.00 8 1295.00 69153000.00
21/06/2016 52500.00 52500.00 53500.00 53500.00 12 1485.00 79387500.00
22/06/2016 53800.00 53200.00 54000.00 53300.00 9 825.00 44241000.00
23/06/2016 53500.00 53500.00 54200.00 54200.00 12 570.00 30664000.00
24/06/2016 52600.00 52600.00 52700.00 52700.00 18 1225.00 64540000.00
27/06/2016 52000.00 51900.00 52000.00 51900.00 3 665.00 34527500.00
28/06/2016 52700.00 52700.00 52700.00 52700.00 6 360.00 18972000.00
29/06/2016 53800.00 53800.00 53900.00 53900.00 9 715.00 38498000.00
30/06/2016 53500.00 53500.00 54500.00 54400.00 11 535.00 28997000.00
01/07/2016 54700.00 54700.00 54900.00 54900.00 4 85.00 4660500.00
04/07/2016 55300.00 55300.00 55410.00 55400.00 7 710.00 39330000.00
05/07/2016 54500.00 54400.00 54500.00 54400.00 4 435.00 23702500.00
06/07/2016 53700.00 53700.00 54500.00 54500.00 8 270.00 14711000.00
07/07/2016 55200.00 54800.00 55400.00 54800.00 7 380.00 20985000.00
08/07/2016 55700.00 55700.00 55900.00 55900.00 13 795.00 44304500.00
11/07/2016 56500.00 56460.00 56700.00 56700.00 10 640.00 36165300.00
12/07/2016 57300.00 56900.00 57400.00 56915.00 15 3170.00 181587550.00
13/07/2016 57400.00 57400.00 57400.00 57400.00 2 405.00 23247000.00
14/07/2016 58000.00 57900.00 58000.00 57900.00 3 105.00 6087500.00
15/07/2016 58100.00 58100.00 58200.00 58200.00 12 2605.00 151602500.00
18/07/2016 58500.00 58500.00 59100.00 59100.00 10 690.00 40730000.00
19/07/2016 59240.00 59200.00 59240.00 59200.00 6 245.00 14504200.00
20/07/2016 59100.00 59100.00 59500.00 59500.00 15 1680.00 99730000.00
21/07/2016 59300.00 59100.00 59500.00 59350.00 15 440.00 26050250.00
22/07/2016 59500.00 59500.00 59800.00 59800.00 11 620.00 37058000.00
25/07/2016 59100.00 59100.00 59400.00 59400.00 7 1140.00 67409000.00
26/07/2016 60000.00 59600.00 60000.00 59600.00 11 660.00 39402000.00
27/07/2016 59900.00 59600.00 59900.00 59760.00 7 620.00 37005000.00
28/07/2016 59300.00 58700.00 59600.00 59000.00 18 4235.00 250807000.00
29/07/2016 58900.00 58900.00 58900.00 58900.00 2 15.00 883500.00
02/08/2016 58800.00 58300.00 58900.00 58500.00 8 385.00 22568500.00
03/08/2016 58300.00 58300.00 59150.00 59150.00 8 270.00 15935500.00
04/08/2016 59900.00 59600.00 60200.00 60000.00 17 2020.00 121245000.00
05/08/2016 59800.00 59800.00 60200.00 60200.00 4 135.00 8097000.00
08/08/2016 59900.00 59900.00 60200.00 60100.00 6 285.00 17125000.00
09/08/2016 60100.00 60100.00 60200.00 60100.00 5 915.00 55009000.00
10/08/2016 60100.00 59200.00 60100.00 59200.00 15 1110.00 66206000.00
11/08/2016 59800.00 59700.00 60300.00 60300.00 13 1635.00 98265250.00
12/08/2016 60500.00 60500.00 60600.00 60500.00 6 295.00 17852500.00
15/08/2016 60900.00 60900.00 61400.00 61400.00 9 2720.00 166874000.00
16/08/2016 61100.00 61100.00 61400.00 61200.00 9 450.00 27532000.00
17/08/2016 60800.00 60800.00 61000.00 61000.00 6 130.00 7906000.00
18/08/2016 61400.00 61400.00 61450.00 61450.00 3 430.00 26407000.00
19/08/2016 61100.00 61100.00 61400.00 61400.00 3 90.00 5520000.00
22/08/2016 60600.00 60000.00 60600.00 60000.00 16 235.00 14183300.00
23/08/2016 60200.00 60200.00 60600.00 60600.00 2 35.00 2111000.00
24/08/2016 59800.00 59800.00 60300.00 60100.00 4 80.00 4807500.00
25/08/2016 60100.00 59800.00 60100.00 59800.00 8 470.00 28169500.00
26/08/2016 60100.00 59500.00 60500.00 59500.00 9 3225.00 193435500.00
29/08/2016 60325.00 60200.00 61300.00 61300.00 7 90.00 5457125.00
30/08/2016 60700.00 60500.00 60700.00 60500.00 9 1040.00 62987000.00
31/08/2016 60900.00 59600.00 60900.00 59600.00 8 325.00 19485500.00
01/09/2016 59900.00 59900.00 60300.00 60100.00 7 565.00 33887500.00
02/09/2016 60900.00 60900.00 61500.00 61500.00 3 65.00 3986500.00
05/09/2016 61800.00 61400.00 61800.00 61400.00 5 190.00 11681000.00
06/09/2016 61500.00 61100.00 61800.00 61800.00 12 1280.00 78693000.00
08/09/2016 61800.00 61700.00 62100.00 62100.00 5 1150.00 71366000.00
09/09/2016 61800.00 60100.00 61800.00 60100.00 7 370.00 22512500.00
12/09/2016 59700.00 59700.00 60200.00 60200.00 7 895.00 53697000.00
13/09/2016 59100.00 58300.00 59100.00 58300.00 6 2280.00 134482000.00
14/09/2016 58700.00 58600.00 58700.00 58600.00 7 800.00 46951000.00
15/09/2016 59605.00 59605.00 59800.00 59800.00 5 600.00 35879025.00
16/09/2016 58500.00 58500.00 58700.00 58700.00 5 545.00 31987500.00
19/09/2016 59400.00 59000.00 59600.00 59000.00 14 1280.00 75985000.00
20/09/2016 59400.00 59400.00 59400.00 59400.00 3 20.00 1188000.00
21/09/2016 59500.00 59500.00 60000.00 60000.00 9 1790.00 106567000.00
22/09/2016 60900.00 60200.00 60900.00 60420.00 7 190.00 11514500.00
23/09/2016 60400.00 60000.00 60500.00 60000.00 9 760.00 45786500.00
26/09/2016 59700.00 59400.00 59700.00 59400.00 6 1800.00 106931000.00
27/09/2016 59100.00 58945.00 59600.00 59600.00 6 160.00 9467225.00
28/09/2016 60200.00 59900.00 60900.00 60860.00 14 2205.00 133896125.00
29/09/2016 60800.00 59740.00 60800.00 59900.00 12 1365.00 82288700.00
30/09/2016 59700.00 59700.00 60200.00 60200.00 5 225.00 13511500.00
03/10/2016 60360.00 60360.00 60900.00 60800.00 12 1630.00 98945700.00
04/10/2016 60755.00 60500.00 60900.00 60550.00 12 810.00 49272775.00
05/10/2016 61290.00 61290.00 61800.00 61400.00 23 220.00 13543650.00
06/10/2016 61600.00 61390.00 61900.00 61900.00 15 430.00 26497775.00
07/10/2016 61710.00 61710.00 62500.00 62395.00 191 2820.00 175675875.00
10/10/2016 62705.00 62685.00 63105.00 63105.00 743 7820.00 491997525.00
11/10/2016 62905.00 62120.00 62905.00 62210.00 2337 19015.00 1186315575.00
13/10/2016 61785.00 61455.00 62615.00 62400.00 15737 96020.00 5960187850.00
14/10/2016 62680.00 62650.00 63310.00 63175.00 14357 91610.00 5778718075.00
17/10/2016 62940.00 62930.00 64050.00 64050.00 9400 69790.00 4430881275.00
18/10/2016 64200.00 63980.00 65190.00 64950.00 15017 92665.00 5988678125.00
19/10/2016 64995.00 64450.00 65275.00 64645.00 13163 81915.00 5310754725.00
20/10/2016 64360.00 63835.00 65115.00 64990.00 13093 83340.00 5383063275.00
21/10/2016 64690.00 64455.00 65545.00 65130.00 11603 84085.00 5464785550.00
24/10/2016 65585.00 64965.00 65805.00 65170.00 10284 64875.00 4240520500.00
25/10/2016 65000.00 64265.00 65330.00 64830.00 11790 73365.00 4756817900.00
26/10/2016 64450.00 64065.00 65000.00 64980.00 12419 73975.00 4776691925.00
27/10/2016 64810.00 64765.00 65670.00 65150.00 11837 72475.00 4737552425.00
28/10/2016 65030.00 64705.00 65740.00 65300.00 15667 94245.00 6151382350.00
31/10/2016 65300.00 65250.00 66010.00 65975.00 11603 67225.00 4416718850.00
01/11/2016 66200.00 63875.00 66300.00 64100.00 19323 121430.00 7871852600.00
03/11/2016 63700.00 62550.00 64425.00 62580.00 15460 93945.00 5970313650.00
04/11/2016 62600.00 62265.00 63565.00 62420.00 18637 109160.00 6859015750.00
07/11/2016 63700.00 63505.00 65130.00 65130.00 13177 77750.00 5004149200.00
08/11/2016 64900.00 64130.00 65615.00 65000.00 14079 79380.00 5154439375.00
09/11/2016 63000.00 62225.00 65150.00 63950.00 25327 151130.00 9632210925.00
10/11/2016 64420.00 61145.00 64940.00 61650.00 27820 160115.00 10078651600.00
11/11/2016 61000.00 59410.00 62375.00 59900.00 24482 152090.00 9209676075.00
14/11/2016 60080.00 58850.00 60560.00 60420.00 18240 109210.00 6523675100.00
16/11/2016 61150.00 59870.00 61620.00 61620.00 18980 109490.00 6669088725.00
17/11/2016 61650.00 60125.00 62105.00 60280.00 13358 75885.00 4638310475.00
18/11/2016 59900.00 59785.00 60760.00 60440.00 11981 69800.00 4209489650.00
21/11/2016 60800.00 60730.00 61680.00 61660.00 11407 65265.00 4001283725.00
22/11/2016 62100.00 61855.00 63070.00 62650.00 14177 84385.00 5274236725.00
23/11/2016 62420.00 61635.00 62650.00 62480.00 10969 62680.00 3893816425.00
24/11/2016 62500.00 61670.00 62660.00 61710.00 5139 29025.00 1803047600.00
25/11/2016 60900.00 60695.00 62050.00 61985.00 8549 50480.00 3103343600.00
28/11/2016 61640.00 61565.00 63390.00 63390.00 11313 67245.00 4203759300.00
29/11/2016 62950.00 61225.00 62960.00 61315.00 13072 76475.00 4748461825.00
30/11/2016 62100.00 61975.00 62920.00 62250.00 16063 93195.00 5820537150.00
01/12/2016 61880.00 59245.00 62030.00 59655.00 28509 168685.00 10217787875.00
02/12/2016 59300.00 58240.00 60615.00 60500.00 21269 126840.00 7548894400.00
05/12/2016 60950.00 59770.00 60950.00 59880.00 12392 72160.00 4350941575.00
06/12/2016 59200.00 59000.00 61415.00 61200.00 15246 87805.00 5315444200.00
07/12/2016 61700.00 61150.00 62150.00 61640.00 13030 74785.00 4607669675.00
08/12/2016 61900.00 60550.00 62200.00 60690.00 13306 74775.00 4582179050.00
09/12/2016 60790.00 60350.00 61345.00 60590.00 11915 67210.00 4084168800.00
12/12/2016 59950.00 59050.00 60155.00 59270.00 13929 79800.00 4752693075.00
13/12/2016 59630.00 58720.00 59950.00 59420.00 15599 90200.00 5345192075.00
14/12/2016 59180.00 58560.00 59360.00 58890.00 1930 18300.00 1078936950.00
