14/06/2016 57200.00 57200.00 57200.00 57200.00 2 60.00 3432000.00
04/08/2016 67000.00 67000.00 67000.00 67000.00 2 50.00 3350000.00
18/08/2016 68000.00 68000.00 68000.00 68000.00 5 455.00 30940000.00
26/08/2016 66500.00 66500.00 66500.00 66500.00 3 870.00 57855000.00
30/08/2016 67500.00 67100.00 67500.00 67500.00 7 420.00 28332000.00
02/09/2016 68000.00 68000.00 68000.00 68000.00 3 75.00 5100000.00
05/09/2016 68000.00 68000.00 68000.00 68000.00 3 50.00 3400000.00
06/09/2016 68000.00 68000.00 68000.00 68000.00 3 705.00 47940000.00
30/09/2016 66600.00 66600.00 66600.00 66600.00 6 235.00 15651000.00
04/10/2016 67400.00 67400.00 67400.00 67400.00 5 155.00 10447000.00
10/10/2016 69300.00 69300.00 69300.00 69300.00 3 65.00 4504500.00
13/10/2016 69200.00 69200.00 69200.00 69200.00 3 20.00 1384000.00
14/10/2016 69900.00 69900.00 69900.00 69900.00 2 25.00 1747500.00
17/10/2016 70300.00 70300.00 70300.00 70300.00 4 120.00 8436000.00
19/10/2016 71450.00 71300.00 71450.00 71300.00 5 635.00 45365500.00
20/10/2016 71600.00 71600.00 71600.00 71600.00 6 475.00 34010000.00
01/11/2016 72750.00 72750.00 72750.00 72750.00 6 1750.00 127312500.00
04/11/2016 69500.00 69500.00 70200.00 70200.00 5 1080.00 75116000.00
10/11/2016 69500.00 69500.00 69500.00 69500.00 3 1000.00 69500000.00
11/11/2016 67000.00 67000.00 67000.00 67000.00 3 135.00 9045000.00
16/11/2016 68200.00 68200.00 68200.00 68200.00 2 360.00 24552000.00
17/11/2016 67800.00 67800.00 67800.00 67800.00 4 65.00 4407000.00
18/11/2016 67200.00 67200.00 67200.00 67200.00 3 90.00 6048000.00
28/11/2016 68800.00 68800.00 68800.00 68800.00 2 25.00 1720000.00
02/12/2016 66900.00 66900.00 66900.00 66900.00 2 35.00 2341500.00
06/12/2016 67400.00 67400.00 67400.00 67400.00 2 30.00 2022000.00
16/12/2016 64800.00 64800.00 64800.00 64800.00 4 180.00 11664000.00
27/12/2016 64400.00 64400.00 64400.00 64400.00 3 105.00 6762000.00
29/12/2016 65400.00 65400.00 65800.00 65800.00 8 195.00 12807000.00
06/01/2017 67400.00 67400.00 67400.00 67400.00 3 65.00 4381000.00
12/01/2017 69900.00 69900.00 69900.00 69900.00 10 780.00 54522000.00
17/01/2017 69600.00 69600.00 70100.00 70100.00 6 65.00 4539000.00
19/01/2017 70000.00 69400.00 70000.00 69400.00 8 125.00 8744000.00
26/01/2017 71900.00 71900.00 71900.00 71900.00 2 35.00 2516500.00
27/01/2017 71600.00 71600.00 71600.00 71600.00 6 430.00 30788000.00
30/01/2017 70300.00 70300.00 70300.00 70300.00 5 420.00 29526000.00
01/02/2017 70200.00 70200.00 70200.00 70200.00 4 530.00 37206000.00
07/02/2017 69900.00 69900.00 69900.00 69900.00 4 140.00 9786000.00
09/02/2017 70100.00 70100.00 70100.00 70100.00 5 110.00 7711000.00
10/02/2017 71100.00 71100.00 71200.00 71200.00 6 780.00 55526500.00
13/02/2017 71670.00 71650.00 71670.00 71650.00 5 580.00 41558200.00
16/02/2017 73000.00 73000.00 73100.00 73100.00 5 200.00 14610000.00
17/02/2017 72700.00 72700.00 72700.00 72700.00 2 45.00 3271500.00
22/02/2017 73765.00 73500.00 73765.00 73500.00 8 825.00 60796500.00
23/02/2017 74000.00 74000.00 74000.00 74000.00 2 280.00 20720000.00
24/02/2017 71800.00 71700.00 71800.00 71700.00 5 475.00 34062000.00
03/03/2017 70800.00 70800.00 70800.00 70800.00 3 90.00 6372000.00
08/03/2017 70000.00 70000.00 70200.00 70000.00 9 290.00 20302000.00
09/03/2017 69100.00 69100.00 69100.00 69100.00 4 1380.00 95358000.00
10/03/2017 69100.00 69100.00 69100.00 69100.00 4 1000.00 69100000.00
13/03/2017 70000.00 69600.00 70000.00 69600.00 5 1050.00 73480000.00
15/03/2017 69200.00 69200.00 69200.00 69200.00 2 60.00 4152000.00
17/03/2017 69200.00 68700.00 69200.00 68700.00 6 895.00 61531500.00
22/03/2017 67600.00 67300.00 67600.00 67300.00 7 1165.00 78521500.00
23/03/2017 66800.00 66800.00 67600.00 67600.00 6 300.00 20175000.00
24/03/2017 67900.00 67900.00 67900.00 67900.00 2 40.00 2716000.00
28/03/2017 68200.00 68200.00 68200.00 68200.00 3 65.00 4433000.00
29/03/2017 69300.00 69300.00 69300.00 69300.00 2 60.00 4158000.00
30/03/2017 69300.00 69300.00 69300.00 69300.00 6 205.00 14206500.00
31/03/2017 69300.00 69300.00 69500.00 69500.00 7 150.00 10402000.00
04/04/2017 69600.00 69600.00 69600.00 69600.00 4 170.00 11832000.00
11/04/2017 67300.00 67300.00 67300.00 67300.00 2 35.00 2355500.00
13/04/2017 67000.00 67000.00 67000.00 67000.00 2 45.00 3015000.00
18/04/2017 68000.00 67700.00 68000.00 67700.00 3 60.00 4065000.00
19/04/2017 67200.00 67200.00 67200.00 67200.00 2 10.00 672000.00
20/04/2017 67500.00 67500.00 67500.00 67500.00 3 90.00 6075000.00
25/04/2017 67900.00 67900.00 68600.00 68600.00 9 1120.00 76541500.00
28/04/2017 68500.00 68500.00 68900.00 68900.00 6 510.00 34945000.00
03/05/2017 69500.00 69500.00 69500.00 69500.00 2 285.00 19807500.00
04/05/2017 68100.00 68100.00 68100.00 68100.00 2 10.00 681000.00
05/05/2017 68900.00 68850.00 68920.00 68920.00 7 1635.00 112655650.00
08/05/2017 69200.00 69200.00 69200.00 69200.00 3 65.00 4498000.00
09/05/2017 69700.00 69700.00 69700.00 69700.00 2 500.00 34850000.00
10/05/2017 70100.00 70100.00 70100.00 70100.00 1 150.00 10515000.00
11/05/2017 70700.00 70700.00 71100.00 71100.00 3 735.00 52132500.00
12/05/2017 71700.00 71700.00 71700.00 71700.00 2 40.00 2868000.00
15/05/2017 71900.00 71900.00 71900.00 71900.00 3 55.00 3954500.00
16/05/2017 72000.00 72000.00 72000.00 72000.00 2 50.00 3600000.00
17/05/2017 71300.00 71300.00 71300.00 71300.00 4 820.00 58466000.00
18/05/2017 65400.00 65400.00 65400.00 65400.00 5 405.00 26487000.00
19/05/2017 66200.00 65600.00 66200.00 65600.00 7 150.00 9912000.00
23/05/2017 64500.00 64500.00 65400.00 65400.00 13 1015.00 66309000.00
24/05/2017 66400.00 66400.00 67000.00 67000.00 8 1880.00 125540000.00
25/05/2017 66800.00 66800.00 66800.00 66800.00 3 90.00 6012000.00
26/05/2017 66505.00 66505.00 66505.00 66505.00 2 790.00 52538950.00
29/05/2017 66500.00 66500.00 66500.00 66500.00 2 55.00 3657500.00
30/05/2017 66900.00 66640.00 66900.00 66640.00 3 210.00 13998300.00
31/05/2017 66000.00 65700.00 66000.00 65700.00 4 185.00 12157500.00
02/06/2017 65100.00 65100.00 65100.00 65100.00 2 75.00 4882500.00
05/06/2017 65400.00 65000.00 65400.00 65000.00 3 90.00 5862000.00
07/06/2017 66300.00 65900.00 66300.00 65900.00 6 175.00 11598500.00
08/06/2017 65300.00 65300.00 65300.00 65300.00 2 450.00 29385000.00
12/06/2017 64500.00 64100.00 64500.00 64100.00 3 20.00 1286000.00
13/06/2017 64300.00 64300.00 64300.00 64300.00 4 110.00 7073000.00
14/06/2017 64900.00 64600.00 64900.00 64600.00 8 2500.00 162205000.00
