16/12/2016 1000.00 1000.00 1000.00 1000.00 2 200.00 24286000.00
20/12/2016 970.00 970.00 970.00 970.00 5 310.00 36618950.00
10/01/2017 1030.00 1025.00 1030.00 1025.00 3 1500.00 190482500.00
11/01/2017 1040.00 1040.00 1040.00 1040.00 2 200.00 25418000.00
13/01/2017 1025.00 1025.00 1025.00 1025.00 1 5.00 650475.00
17/01/2017 1045.00 1045.00 1050.00 1050.00 4 2315.00 303318975.00
24/01/2017 1050.00 1050.00 1050.00 1050.00 2 15.00 2003550.00
01/02/2017 1070.00 1070.00 1070.00 1070.00 1 10.00 1320000.00
02/02/2017 1045.00 1045.00 1045.00 1045.00 4 2200.00 286067000.00
03/02/2017 1069.00 1055.00 1069.00 1055.00 49 255.00 33529015.00
07/02/2017 1025.00 1025.00 1039.00 1035.00 9 545.00 70913205.00
08/02/2017 1039.00 1015.00 1039.00 1035.00 85 12760.00 1657596840.00
09/02/2017 1026.00 1026.00 1047.00 1040.00 123 30260.00 3973399280.00
10/02/2017 1030.00 1030.00 1060.00 1056.00 264 52745.00 6991384115.00
13/02/2017 1050.00 1050.00 1120.00 1100.00 1086 112500.00 15142441665.00
14/02/2017 1110.00 1080.00 1120.00 1086.00 1613 78570.00 10588313800.00
15/02/2017 1125.00 1080.00 1160.00 1150.00 433 16320.00 2213268045.00
