21/02/2017 1130.00 1130.00 1140.00 1140.00 9 3000.00 421777800.00
03/03/2017 1090.00 1090.00 1090.00 1090.00 2 2000.00 270140000.00
08/03/2017 1075.00 1075.00 1075.00 1075.00 2 3000.00 395505000.00
10/03/2017 1060.00 1060.00 1060.00 1060.00 3 2000.00 262870000.00
14/03/2017 1080.00 1080.00 1080.00 1080.00 2 100.00 13300000.00
15/03/2017 1080.00 1080.00 1080.00 1080.00 2 200.00 26600150.00
16/03/2017 1090.00 1090.00 1093.00 1093.00 4 3000.00 402975000.00
17/03/2017 1068.00 1068.00 1075.00 1075.00 3 1200.00 157520600.00
21/03/2017 1035.00 1030.00 1035.00 1030.00 5 8000.00 1020405000.00
22/03/2017 1031.00 1031.00 1040.00 1040.00 3 100.00 12852050.00
28/03/2017 1047.00 1047.00 1047.00 1047.00 1 10.00 1305070.00
03/04/2017 1072.00 1020.00 1072.00 1050.00 5 200.00 26343960.00
04/04/2017 1049.00 1049.00 1065.00 1065.00 3 3445.00 453685745.00
05/04/2017 1060.00 1060.00 1070.00 1070.00 2 130.00 17136200.00
06/04/2017 1061.00 1050.00 1079.00 1054.00 401 44550.00 5815994230.00
07/04/2017 1060.00 1040.00 1064.00 1055.00 468 53670.00 6988725465.00
10/04/2017 1056.00 1045.00 1061.00 1058.00 672 91500.00 11919851520.00
11/04/2017 1058.00 1050.00 1083.00 1060.00 989 113635.00 14746264005.00
12/04/2017 1054.00 960.00 1095.00 1095.00 718 19275.00 2491760975.00
