28/04/2017 1018.00 1018.00 1018.00 1018.00 1 5.00 666390.00
03/05/2017 1025.00 1020.00 1025.00 1020.00 2 15.00 2021650.00
10/05/2017 1020.00 1020.00 1020.00 1020.00 3 55.00 7526750.00
16/05/2017 1030.00 1030.00 1030.00 1030.00 3 5000.00 692969950.00
19/05/2017 960.00 960.00 965.00 965.00 5 5000.00 634750000.00
22/05/2017 955.00 955.00 955.00 955.00 9 15100.00 1881050950.00
26/05/2017 960.00 960.00 960.00 960.00 4 2500.00 324279800.00
29/05/2017 960.00 960.00 960.00 960.00 1 5.00 642900.00
30/05/2017 967.00 967.00 967.00 967.00 1 100.00 12952700.00
31/05/2017 950.00 950.00 950.00 950.00 9 9100.00 1158464050.00
05/06/2017 935.00 935.00 935.00 935.00 3 3000.00 377355100.00
07/06/2017 955.00 955.00 955.00 955.00 10 10795.00 1377870725.00
08/06/2017 945.00 945.00 959.00 953.00 46 39200.00 4949903705.00
09/06/2017 955.00 955.00 970.00 970.00 115 63625.00 8037450000.00
12/06/2017 955.00 940.00 963.00 950.00 565 110300.00 13732418145.00
13/06/2017 950.00 937.00 953.00 944.00 1466 110605.00 13765372320.00
14/06/2017 946.00 930.00 970.00 930.00 929 49700.00 6229048960.00
