23/08/2016 1170.00 1170.00 1170.00 1170.00 1 5.00 596550.00
24/08/2016 1145.00 1145.00 1170.00 1170.00 3 25.00 2960300.00
29/08/2016 1180.00 1180.00 1180.00 1180.00 2 10.00 1195200.00
31/08/2016 1170.00 1170.00 1170.00 1170.00 2 50.00 5916000.00
05/09/2016 1191.00 1191.00 1200.00 1195.00 3 15.00 1832180.00
13/09/2016 1136.00 1120.00 1180.00 1155.00 6 45.00 5251930.00
14/09/2016 1122.00 1122.00 1122.00 1122.00 1 10.00 1157420.00
16/09/2016 1155.00 1155.00 1155.00 1155.00 2 30.00 3496200.00
19/09/2016 1153.00 1115.00 1155.00 1155.00 3 65.00 7620565.00
23/09/2016 1170.00 1170.00 1170.00 1170.00 2 40.00 4756400.00
27/09/2016 1145.00 1145.00 1160.00 1160.00 4 3005.00 355381675.00
28/09/2016 1180.00 1175.00 1180.00 1175.00 2 10.00 1203625.00
29/09/2016 1173.00 1170.00 1175.00 1170.00 6 60.00 7219810.00
30/09/2016 1180.00 1180.00 1180.00 1180.00 1 10.00 1181800.00
03/10/2016 1186.00 1186.00 1186.00 1186.00 1 5.00 602780.00
04/10/2016 1190.00 1189.00 1190.00 1189.00 3 110.00 13212315.00
05/10/2016 1195.00 1195.00 1210.00 1202.00 58 36310.00 4415183205.00
06/10/2016 1205.00 1205.00 1225.00 1225.00 73 18985.00 2320314580.00
07/10/2016 1220.00 1220.00 1248.00 1240.00 177 46790.00 5767059285.00
10/10/2016 1240.00 1230.00 1265.00 1249.00 1339 90700.00 11292415835.00
11/10/2016 1245.00 1200.00 1260.00 1200.00 2300 92030.00 11381478215.00
13/10/2016 1204.00 1165.00 1350.00 1200.00 949 32705.00 4011373880.00
