13/10/2016 1290.00 1290.00 1290.00 1290.00 2 500.00 63145000.00
14/10/2016 1300.00 1290.00 1300.00 1290.00 2 300.00 38234000.00
17/10/2016 1300.00 1300.00 1300.00 1300.00 3 125.00 16033500.00
18/10/2016 1350.00 1350.00 1350.00 1350.00 2 500.00 65810100.00
19/10/2016 1350.00 1350.00 1350.00 1350.00 2 500.00 65225000.00
21/10/2016 1350.00 1350.00 1350.00 1350.00 1 25.00 3302500.00
08/11/2016 1370.00 1370.00 1400.00 1400.00 3 15.00 1974500.00
14/11/2016 1290.00 1290.00 1290.00 1290.00 3 2750.00 335645000.00
16/11/2016 1330.00 1330.00 1330.00 1330.00 1 5.00 617600.00
18/11/2016 1290.00 1290.00 1290.00 1290.00 4 515.00 62773450.00
22/11/2016 1291.00 1291.00 1291.00 1291.00 1 5.00 630005.00
28/11/2016 1320.00 1320.00 1345.00 1345.00 5 215.00 27375475.00
29/11/2016 1330.00 1310.00 1340.00 1310.00 10 7210.00 904829650.00
01/12/2016 1290.00 1290.00 1300.00 1290.00 4 30.00 3653950.00
02/12/2016 1250.00 1250.00 1270.00 1270.00 15 575.00 69894625.00
05/12/2016 1280.00 1270.00 1280.00 1270.00 45 360.00 43742655.00
06/12/2016 1267.00 1267.00 1297.00 1290.00 27 1790.00 219885430.00
07/12/2016 1316.00 1280.00 1316.00 1290.00 18 8630.00 1079221130.00
08/12/2016 1298.00 1250.00 1298.00 1265.00 61 15040.00 1869478470.00
09/12/2016 1273.00 1235.00 1274.00 1242.00 1145 48970.00 6009671155.00
12/12/2016 1200.00 1180.00 1242.00 1216.00 1366 124750.00 15045160410.00
13/12/2016 1221.00 1196.00 1243.00 1234.00 1519 96365.00 11540903340.00
14/12/2016 1211.00 1199.00 1235.00 1200.00 747 21830.00 2601913765.00
