12/12/2016 2246.50 2243.50 2246.50 2243.50 2 2.00 751199.00
14/12/2016 2257.00 2257.00 2257.00 2257.00 1 1.00 375813.00
19/12/2016 2253.50 2253.50 2253.50 2253.50 1 1.00 380154.00
20/12/2016 2259.50 2259.50 2259.50 2259.50 1 1.00 377732.00
21/12/2016 2260.00 2260.00 2260.00 2260.00 1 1.00 375578.00
28/12/2016 2251.25 2242.50 2251.25 2242.50 2 3.00 1107698.00
04/01/2017 2258.00 2256.75 2258.00 2256.75 2 3.00 1090479.00
13/01/2017 2261.00 2261.00 2261.00 2261.00 1 1.00 362382.00
18/01/2017 2259.00 2259.00 2259.00 2259.00 1 2.00 727940.00
27/01/2017 2283.50 2283.50 2283.50 2283.50 1 1.00 360211.00
01/02/2017 2267.00 2267.00 2267.00 2267.00 1 1.00 357189.00
14/02/2017 2318.75 2318.75 2318.75 2318.75 1 1.00 360413.00
15/02/2017 2331.25 2331.25 2331.75 2331.75 3 11.00 3922864.00
17/02/2017 2333.25 2333.25 2333.25 2333.25 1 1.00 361011.00
01/03/2017 2385.50 2385.50 2391.25 2391.25 3 5.00 1850041.00
02/03/2017 2387.75 2381.25 2389.00 2381.25 7 14.00 5247680.00
03/03/2017 2375.00 2374.50 2377.00 2377.00 3 6.00 2231014.00
06/03/2017 2372.50 2365.25 2372.50 2367.25 16 146.00 53917363.00
07/03/2017 2363.50 2363.50 2370.00 2368.75 7 14.00 5162178.00
08/03/2017 2364.00 2358.75 2367.25 2358.75 77 138.00 51471215.00
09/03/2017 2358.25 2351.50 2365.50 2363.50 69 161.00 60493643.00
10/03/2017 2370.75 2359.50 2375.00 2369.00 68 149.00 55542942.00
13/03/2017 2367.75 2367.00 2372.25 2372.25 122 175.00 65321859.00
14/03/2017 2366.50 2355.50 2366.50 2364.75 98 300.00 112386668.00
15/03/2017 2367.50 2367.25 2386.75 2379.75 129 459.00 170456221.00
16/03/2017 2384.25 2375.00 2385.25 2381.00 123 281.00 104109860.00
17/03/2017 2378.00 2374.25 2382.25 2375.25 115 345.00 127093340.00
20/03/2017 2372.25 2367.25 2376.50 2370.25 123 806.00 293391447.00
21/03/2017 2375.75 2339.00 2378.00 2341.00 385 1456.00 528679662.00
22/03/2017 2340.00 2333.75 2347.25 2342.50 142 516.00 186385685.00
23/03/2017 2348.00 2339.25 2355.75 2341.75 285 997.00 366290607.00
24/03/2017 2342.75 2332.75 2352.00 2342.00 178 790.00 287865973.00
27/03/2017 2326.00 2319.00 2341.50 2340.50 348 1707.00 624112260.00
28/03/2017 2336.00 2335.00 2360.00 2352.75 326 1506.00 554888541.00
29/03/2017 2351.50 2349.75 2359.00 2358.50 125 655.00 240551594.00
30/03/2017 2355.00 2354.50 2366.00 2364.50 220 656.00 242853571.00
31/03/2017 2361.25 2359.00 2366.50 2359.00 139 421.00 155682835.00
03/04/2017 2358.00 2341.00 2361.50 2355.00 261 1044.00 382204794.00
04/04/2017 2347.50 2345.50 2359.25 2359.25 177 459.00 167420333.00
05/04/2017 2357.50 2345.00 2374.75 2345.50 458 1297.00 473298330.00
06/04/2017 2349.00 2345.00 2360.50 2353.00 362 934.00 344416588.00
07/04/2017 2353.00 2346.00 2360.00 2353.25 208 627.00 232243286.00
10/04/2017 2355.75 2348.00 2363.00 2354.25 224 734.00 270819681.00
11/04/2017 2350.50 2334.00 2351.75 2351.50 364 1201.00 441394346.00
12/04/2017 2347.50 2338.50 2349.00 2340.50 244 757.00 279378469.00
13/04/2017 2336.50 2325.00 2344.25 2326.25 294 866.00 317274487.00
17/04/2017 2330.00 2328.25 2345.75 2344.00 181 466.00 168884005.00
18/04/2017 2339.25 2332.00 2343.50 2338.00 193 700.00 254089259.00
19/04/2017 2345.00 2332.50 2348.50 2333.00 179 632.00 231885761.00
20/04/2017 2340.00 2338.00 2357.25 2352.50 228 730.00 270736671.00
24/04/2017 2375.50 2365.50 2375.50 2371.50 136 399.00 148095841.00
25/04/2017 2374.00 2374.00 2388.75 2385.50 193 667.00 250348928.00
26/04/2017 2384.00 2382.50 2394.50 2382.50 216 776.00 294877328.00
27/04/2017 2387.00 2378.75 2388.50 2386.00 173 532.00 201272985.00
28/04/2017 2381.50 2378.75 2388.00 2379.50 129 422.00 159828521.00
02/05/2017 2386.25 2382.75 2389.00 2385.25 91 258.00 96978432.00
03/05/2017 2385.75 2376.25 2386.50 2382.50 137 580.00 217753944.00
04/05/2017 2389.75 2376.50 2390.25 2387.00 217 559.00 212402541.00
05/05/2017 2386.25 2385.50 2399.00 2399.00 197 758.00 287777820.00
08/05/2017 2396.25 2390.00 2397.50 2395.25 147 383.00 146454310.00
09/05/2017 2397.50 2389.25 2400.00 2393.25 158 554.00 211326668.00
10/05/2017 2391.00 2390.00 2397.00 2395.75 133 625.00 236441552.00
11/05/2017 2390.00 2379.50 2393.50 2391.75 246 808.00 303623778.00
12/05/2017 2387.00 2385.00 2391.25 2389.25 166 587.00 218936072.00
15/05/2017 2391.75 2391.75 2402.00 2401.50 182 746.00 277426300.00
16/05/2017 2401.50 2394.75 2405.00 2397.00 177 862.00 320051631.00
17/05/2017 2387.25 2355.50 2387.75 2356.75 378 1294.00 479064404.00
18/05/2017 2353.50 2346.00 2375.00 2362.50 352 2076.00 812200894.00
19/05/2017 2370.00 2368.50 2390.00 2390.00 203 956.00 370704548.00
22/05/2017 2384.00 2382.75 2394.00 2393.50 130 342.00 133676615.00
23/05/2017 2396.25 2393.25 2399.25 2398.50 51 147.00 57595166.00
24/05/2017 2398.50 2397.00 2404.75 2404.75 128 418.00 163603693.00
25/05/2017 2408.00 2407.00 2417.25 2413.50 162 424.00 168072142.00
26/05/2017 2408.00 2408.00 2415.75 2415.75 62 205.00 80607131.00
29/05/2017 2416.25 2413.25 2417.00 2414.50 21 27.00 10661391.00
30/05/2017 2408.00 2408.00 2414.25 2411.00 81 208.00 81845277.00
31/05/2017 2415.00 2403.00 2416.75 2415.50 201 497.00 193884485.00
01/06/2017 2412.50 2412.00 2430.50 2430.50 275 692.00 272379640.00
02/06/2017 2435.00 2427.50 2439.50 2437.50 192 541.00 214146751.00
05/06/2017 2400.00 2400.00 2440.00 2435.00 100 348.00 139559564.00
06/06/2017 2429.00 2428.00 2435.50 2431.00 141 489.00 195136567.00
07/06/2017 2432.50 2424.00 2434.75 2432.50 175 565.00 225020965.00
08/06/2017 2434.50 2428.00 2438.75 2437.50 154 504.00 200521997.00
09/06/2017 2340.00 2340.00 2445.25 2429.00 376 1293.00 515825367.00
12/06/2017 2422.00 2419.75 2429.50 2428.50 187 886.00 356448383.00
13/06/2017 2430.50 2430.00 2441.00 2439.00 150 586.00 236141986.00
14/06/2017 2442.75 2428.25 2445.50 2436.75 78 419.00 167185952.00
16/06/2017 2435.75 2434.25 2435.75 2434.25 4 13.00 5192779.00
