01/06/2016 2081.00 2081.00 2081.00 2081.00 1 1.00 374216.00
02/06/2016 2087.25 2087.25 2097.25 2097.25 3 121.00 45258762.00
03/06/2016 2085.75 2082.75 2088.50 2082.75 4 105.00 38644099.00
06/06/2016 2095.00 2095.00 2104.75 2103.50 9 235.00 86277569.00
07/06/2016 2104.00 2104.00 2104.00 2104.00 1 20.00 7252909.00
08/06/2016 2107.00 2107.00 2111.50 2110.75 13 250.00 88868492.00
09/06/2016 2101.25 2099.50 2108.00 2106.25 53 190.00 67983520.00
10/06/2016 2093.00 2083.00 2093.00 2086.75 23 81.00 29010910.00
13/06/2016 2081.50 2069.00 2087.25 2069.00 149 497.00 179360230.00
14/06/2016 2063.00 2056.00 2072.00 2065.00 180 340.00 122441206.00
15/06/2016 2070.75 2062.50 2079.00 2063.50 133 596.00 213255914.00
16/06/2016 2056.00 2044.00 2072.00 2072.00 179 557.00 198788964.00
17/06/2016 2069.50 2054.50 2069.50 2061.00 135 342.00 120674609.00
20/06/2016 2087.00 2073.00 2092.50 2083.25 187 508.00 179827426.00
21/06/2016 2082.00 2075.25 2085.50 2079.25 93 360.00 126832051.00
22/06/2016 2082.50 2076.00 2091.00 2078.00 165 554.00 194867226.00
23/06/2016 2094.75 2090.50 2110.50 2110.00 251 933.00 327406726.00
24/06/2016 2027.75 2017.00 2065.00 2017.75 793 2435.00 836795441.00
27/06/2016 2003.00 1981.50 2012.00 1983.50 516 1570.00 532160757.00
28/06/2016 2005.25 2004.00 2034.00 2034.00 347 888.00 295790722.00
29/06/2016 2042.00 2037.25 2072.00 2072.00 398 1229.00 408102664.00
30/06/2016 2064.50 2061.50 2090.00 2087.50 259 1000.00 333155351.00
01/07/2016 2090.00 2088.50 2100.50 2096.25 198 820.00 276469713.00
04/07/2016 2099.50 2085.50 2100.00 2088.25 9 14.00 4778641.00
05/07/2016 2083.25 2074.00 2085.25 2083.75 257 973.00 333610799.00
06/07/2016 2071.00 2066.50 2094.00 2093.75 341 931.00 321850854.00
07/07/2016 2091.00 2083.50 2102.00 2091.25 197 790.00 276889349.00
08/07/2016 2097.25 2096.50 2125.25 2121.75 360 1119.00 388361445.00
11/07/2016 2128.25 2126.25 2136.50 2131.00 202 821.00 288614471.00
12/07/2016 2141.00 2139.00 2148.75 2146.75 204 565.00 198794494.00
13/07/2016 2147.75 2140.25 2152.25 2147.00 185 565.00 198726274.00
14/07/2016 2164.00 2153.75 2165.00 2157.25 193 503.00 176096843.00
15/07/2016 2160.00 2145.50 2164.25 2145.50 192 805.00 283456897.00
18/07/2016 2159.00 2154.50 2162.75 2161.00 193 781.00 274122735.00
19/07/2016 2156.00 2153.75 2160.25 2160.00 96 461.00 162279959.00
20/07/2016 2164.75 2159.75 2169.50 2168.50 179 394.00 138899861.00
21/07/2016 2165.75 2154.25 2168.25 2159.00 173 511.00 181253525.00
22/07/2016 2161.00 2157.75 2169.25 2168.50 144 466.00 165431310.00
25/07/2016 2168.25 2156.75 2168.25 2163.00 98 197.00 69944170.00
26/07/2016 2161.25 2154.75 2167.00 2167.00 109 422.00 149240701.00
27/07/2016 2167.75 2153.00 2169.00 2163.25 162 309.00 109433445.00
28/07/2016 2159.25 2153.75 2167.25 2165.50 146 335.00 118722856.00
29/07/2016 2161.75 2157.50 2171.75 2171.00 155 395.00 138518347.00
01/08/2016 2171.00 2160.25 2172.50 2165.50 188 400.00 141442614.00
02/08/2016 2159.75 2142.25 2163.50 2153.25 263 777.00 272550101.00
03/08/2016 2148.50 2148.50 2158.25 2157.00 137 305.00 106756407.00
04/08/2016 2162.00 2155.00 2162.75 2160.75 113 316.00 109413270.00
05/08/2016 2163.25 2162.00 2178.75 2178.25 235 537.00 184956489.00
08/08/2016 2185.00 2173.75 2185.00 2178.00 61 155.00 53495166.00
09/08/2016 2179.50 2174.00 2183.25 2179.00 70 189.00 64810233.00
10/08/2016 2180.25 2168.50 2181.00 2172.75 70 172.00 58426300.00
11/08/2016 2177.50 2175.25 2185.25 2181.75 85 300.00 102628729.00
12/08/2016 2181.75 2176.50 2182.75 2180.50 57 166.00 57605269.00
15/08/2016 2184.25 2184.25 2190.25 2185.50 77 212.00 73616417.00
16/08/2016 2182.00 2176.50 2182.50 2177.75 98 569.00 197204951.00
17/08/2016 2177.00 2166.50 2181.25 2181.25 169 646.00 224726118.00
18/08/2016 2176.50 2176.25 2184.25 2183.75 83 333.00 117335875.00
19/08/2016 2177.50 2173.00 2183.00 2181.75 90 308.00 107935589.00
22/08/2016 2177.50 2173.25 2183.50 2180.75 123 294.00 102951675.00
23/08/2016 2186.00 2185.00 2191.00 2186.25 131 441.00 155291135.00
24/08/2016 2186.00 2169.50 2186.25 2175.75 128 357.00 125380905.00
25/08/2016 2171.25 2168.00 2177.50 2174.25 122 426.00 149318629.00
26/08/2016 2172.75 2158.00 2186.00 2166.75 273 789.00 279599414.00
29/08/2016 2168.50 2168.50 2182.00 2180.75 148 398.00 140479950.00
30/08/2016 2178.75 2169.50 2180.00 2176.50 102 251.00 88634678.00
31/08/2016 2174.75 2160.25 2174.75 2168.25 179 374.00 130934010.00
01/09/2016 2174.00 2156.00 2174.00 2167.00 219 655.00 229472551.00
02/09/2016 2166.75 2165.00 2183.00 2179.75 317 1087.00 383600444.00
05/09/2016 2180.50 2176.75 2182.00 2182.00 29 67.00 23863329.00
06/09/2016 2180.00 2173.50 2186.25 2186.00 159 622.00 217425702.00
08/09/2016 2183.50 2177.25 2183.50 2177.25 92 284.00 98813289.00
09/09/2016 2169.50 2122.00 2169.50 2122.00 401 1078.00 378406158.00
12/09/2016 2115.50 2115.50 2162.25 2157.00 603 1926.00 669347046.00
13/09/2016 2144.75 2120.50 2145.00 2131.75 304 1280.00 453158705.00
14/09/2016 2134.00 2119.25 2141.00 2121.50 89 292.00 103632764.00
15/09/2016 2129.00 2121.75 2150.50 2144.50 72 202.00 71334605.00
16/09/2016 2139.00 2139.00 2141.50 2140.00 6 8.00 2806456.00
