24/06/2016 2023.00 2023.00 2023.00 2023.00 4 4.00 1363178.00
29/06/2016 2035.00 2035.00 2035.00 2035.00 1 2.00 658933.00
06/07/2016 2061.50 2061.50 2061.50 2061.50 1 1.00 342570.00
21/07/2016 2151.00 2151.00 2151.25 2151.25 2 2.00 705955.00
10/08/2016 2170.00 2170.00 2170.00 2170.00 1 1.00 339117.00
12/08/2016 2173.00 2173.00 2173.00 2173.00 1 1.00 345909.00
23/08/2016 2183.00 2183.00 2183.00 2183.00 1 1.00 351299.00
01/09/2016 2151.00 2151.00 2160.50 2160.50 2 11.00 3834376.00
02/09/2016 2170.00 2170.00 2171.00 2171.00 2 10.00 3519466.00
06/09/2016 2172.50 2169.50 2176.00 2174.25 4 8.00 2787843.00
08/09/2016 2172.25 2170.50 2175.50 2171.50 30 96.00 33277388.00
09/09/2016 2162.50 2116.75 2162.50 2116.75 98 199.00 69681389.00
12/09/2016 2108.00 2108.00 2158.00 2151.75 322 939.00 326826879.00
13/09/2016 2138.50 2114.75 2139.00 2125.75 196 882.00 311508722.00
14/09/2016 2128.25 2115.50 2136.25 2117.75 192 594.00 210387884.00
15/09/2016 2123.00 2117.25 2145.00 2142.00 58 79.00 27952835.00
16/09/2016 2129.75 2123.25 2135.00 2134.50 166 366.00 127747056.00
19/09/2016 2142.75 2129.00 2146.25 2134.00 145 479.00 167078769.00
20/09/2016 2139.50 2129.50 2143.00 2129.50 86 302.00 105022778.00
21/09/2016 2140.00 2132.00 2156.75 2156.25 191 721.00 250087969.00
22/09/2016 2163.50 2163.25 2171.75 2168.00 185 348.00 121564597.00
23/09/2016 2164.50 2156.00 2166.50 2157.50 79 201.00 70236470.00
26/09/2016 2148.25 2137.00 2150.00 2137.00 84 316.00 109544359.00
27/09/2016 2145.00 2134.00 2154.00 2153.00 175 422.00 146411988.00
28/09/2016 2153.75 2144.75 2164.75 2160.75 145 435.00 151434697.00
29/09/2016 2159.00 2137.25 2165.50 2148.75 368 1109.00 386200550.00
30/09/2016 2147.75 2146.75 2167.50 2158.75 207 511.00 179128518.00
03/10/2016 2158.50 2148.00 2158.50 2154.50 142 287.00 99343095.00
04/10/2016 2153.50 2137.00 2158.00 2143.25 219 775.00 269920926.00
05/10/2016 2147.50 2147.25 2157.50 2155.00 146 452.00 156821851.00
06/10/2016 2150.00 2143.25 2156.50 2155.75 122 491.00 170093378.00
07/10/2016 2150.75 2139.00 2160.00 2146.75 176 631.00 218374745.00
10/10/2016 2155.50 2155.25 2163.00 2159.00 75 235.00 81450551.00
11/10/2016 2152.00 2123.00 2152.75 2132.75 264 969.00 332498737.00
13/10/2016 2120.50 2108.25 2131.50 2126.50 292 883.00 298358775.00
14/10/2016 2134.50 2125.00 2143.25 2127.00 151 458.00 156156000.00
17/10/2016 2123.50 2118.50 2129.00 2118.50 134 463.00 157003103.00
18/10/2016 2132.50 2129.25 2138.75 2134.00 96 262.00 88830991.00
19/10/2016 2132.50 2132.50 2142.25 2140.50 89 305.00 103332152.00
20/10/2016 2141.00 2127.75 2141.00 2135.25 220 720.00 241879797.00
21/10/2016 2130.75 2124.00 2137.25 2135.00 104 576.00 194257306.00
24/10/2016 2144.50 2141.00 2148.25 2143.75 55 187.00 62554110.00
25/10/2016 2144.50 2135.75 2147.25 2137.00 122 482.00 160085898.00
26/10/2016 2130.25 2126.00 2139.25 2132.75 108 472.00 158403952.00
27/10/2016 2147.00 2127.25 2147.00 2128.75 132 416.00 139692271.00
28/10/2016 2126.75 2114.25 2135.00 2123.50 247 875.00 297010312.00
31/10/2016 2124.75 2120.25 2128.50 2121.75 180 494.00 167119810.00
01/11/2016 2125.00 2091.25 2125.75 2103.50 204 823.00 281082462.00
03/11/2016 2092.75 2080.00 2097.75 2082.75 221 1632.00 551693452.00
04/11/2016 2083.75 2079.50 2093.75 2081.00 243 1313.00 441732410.00
07/11/2016 2110.25 2102.50 2124.50 2122.00 190 618.00 209264515.00
08/11/2016 2125.25 2119.00 2142.50 2134.25 191 440.00 149019358.00
09/11/2016 2095.25 2079.25 2163.75 2161.50 968 3624.00 1239660850.00
10/11/2016 2176.00 2148.00 2178.50 2169.25 531 2070.00 753706545.00
11/11/2016 2156.00 2148.50 2161.75 2156.50 210 632.00 230950242.00
14/11/2016 2166.75 2153.25 2167.25 2162.25 245 701.00 260631824.00
16/11/2016 2176.50 2169.50 2177.00 2173.00 110 313.00 116113927.00
17/11/2016 2176.25 2173.00 2185.50 2181.75 118 388.00 144470209.00
18/11/2016 2180.00 2178.50 2187.00 2181.50 104 238.00 87786764.00
21/11/2016 2184.50 2184.50 2195.00 2193.00 155 381.00 139718312.00
22/11/2016 2193.00 2193.00 2201.00 2198.00 96 279.00 102914506.00
23/11/2016 2199.25 2192.00 2201.25 2199.50 113 374.00 139367705.00
24/11/2016 2201.25 2201.00 2207.00 2202.00 40 108.00 40434614.00
25/11/2016 2202.00 2202.00 2212.25 2211.50 40 94.00 35488907.00
28/11/2016 2204.75 2202.00 2208.00 2203.75 71 272.00 101593791.00
29/11/2016 2204.00 2197.00 2209.50 2208.50 64 128.00 47833418.00
30/11/2016 2207.25 2200.50 2213.00 2200.50 64 107.00 39943019.00
01/12/2016 2196.00 2188.00 2203.00 2190.50 85 167.00 63631774.00
02/12/2016 2186.50 2186.50 2196.50 2189.75 58 188.00 71303924.00
05/12/2016 2199.75 2199.50 2208.25 2202.00 76 172.00 64995175.00
06/12/2016 2206.00 2201.50 2210.00 2210.00 84 175.00 65728376.00
07/12/2016 2211.00 2208.50 2234.75 2234.75 160 509.00 192570122.00
08/12/2016 2236.75 2233.50 2250.50 2244.50 186 675.00 255784580.00
09/12/2016 2246.50 2246.50 2255.00 2255.00 118 242.00 91682318.00
12/12/2016 2258.50 2253.00 2263.50 2253.75 83 226.00 85370010.00
13/12/2016 2263.50 2262.00 2277.50 2273.75 133 306.00 115362007.00
14/12/2016 2273.00 2259.50 2274.25 2259.75 72 283.00 106933721.00
15/12/2016 2261.00 2252.25 2272.00 2263.00 100 251.00 96002012.00
16/12/2016 2268.00 2267.50 2269.00 2269.00 3 12.00 4613536.00
