20/06/2016 109.60 109.60 109.60 109.60 1 2000.00 219200.00
21/06/2016 108.38 108.38 108.38 108.38 1 2300.00 249274.00
22/06/2016 109.55 109.55 109.55 109.55 1 1900.00 208145.00
23/06/2016 109.50 109.50 109.50 109.50 1 1600.00 175200.00
24/06/2016 108.25 106.05 108.25 106.05 2 700.00 75555.00
27/06/2016 104.40 104.40 104.40 104.40 1 4400.00 459360.00
28/06/2016 102.37 102.37 102.52 102.52 3 3300.00 338016.00
29/06/2016 101.92 101.92 101.92 101.92 1 2000.00 203840.00
30/06/2016 105.36 105.36 106.16 106.16 2 6400.00 674624.00
01/07/2016 104.50 104.50 105.57 105.57 2 3400.00 355407.00
05/07/2016 107.29 107.29 107.29 107.29 1 1000.00 107290.00
06/07/2016 109.51 109.51 109.51 109.51 1 1600.00 175216.00
07/07/2016 111.39 111.39 111.39 111.39 2 2900.00 323031.00
08/07/2016 111.18 111.18 111.53 111.53 2 1300.00 144709.00
11/07/2016 113.46 113.46 113.46 113.46 1 2300.00 260958.00
12/07/2016 113.32 113.32 113.32 113.32 1 2000.00 226640.00
13/07/2016 115.46 115.46 115.46 115.46 1 1300.00 150098.00
14/07/2016 114.29 114.29 114.29 114.29 1 100.00 11429.00
15/07/2016 113.98 113.98 113.98 113.98 2 1400.00 159572.00
19/07/2016 114.16 114.16 114.16 114.16 1 1800.00 205488.00
20/07/2016 115.73 115.67 115.73 115.67 2 4300.00 497633.00
22/07/2016 112.75 112.75 112.75 112.75 1 1300.00 146575.00
25/07/2016 114.05 114.05 114.05 114.05 1 3000.00 342150.00
26/07/2016 114.10 114.10 114.10 114.10 1 1900.00 216790.00
27/07/2016 113.65 113.65 113.65 113.65 2 2700.00 306855.00
28/07/2016 113.57 113.57 114.55 114.55 2 2000.00 227532.00
29/07/2016 112.94 112.94 112.94 112.94 1 600.00 67764.00
01/08/2016 113.28 113.28 113.28 113.28 1 100.00 11328.00
02/08/2016 112.37 112.37 112.37 112.37 1 100.00 11237.00
03/08/2016 110.39 110.39 110.39 110.39 1 100.00 11039.00
08/08/2016 110.45 110.45 110.45 110.45 1 3600.00 397620.00
09/08/2016 110.05 109.19 110.05 109.19 20 10800.00 1188318.00
11/08/2016 108.22 108.22 108.22 108.22 3 900.00 97398.00
12/08/2016 109.76 109.76 109.76 109.76 1 1100.00 120736.00
15/08/2016 111.05 111.05 111.48 111.16 3 18100.00 2016509.00
16/08/2016 111.32 111.32 111.32 111.32 1 900.00 100188.00
17/08/2016 111.85 111.16 111.85 111.16 3 2600.00 290672.00
18/08/2016 112.68 112.68 112.68 112.68 1 600.00 67608.00
19/08/2016 113.05 112.77 113.05 112.77 4 1700.00 192139.00
22/08/2016 113.76 113.10 113.76 113.34 3 4200.00 477312.00
23/08/2016 113.80 113.80 113.80 113.80 2 300.00 34140.00
24/08/2016 113.00 113.00 113.00 113.00 1 2400.00 271200.00
25/08/2016 113.10 113.10 113.30 113.30 2 800.00 90580.00
26/08/2016 114.85 114.85 114.85 114.85 1 1200.00 137820.00
29/08/2016 115.21 115.05 115.21 115.05 2 3700.00 425765.00
30/08/2016 115.05 115.05 115.55 115.55 2 900.00 103695.00
31/08/2016 114.98 114.98 114.98 114.98 1 100.00 11498.00
01/09/2016 116.10 116.10 116.10 116.10 1 1600.00 185760.00
02/09/2016 116.45 116.45 116.45 116.45 1 1700.00 197965.00
06/09/2016 116.87 115.33 116.87 115.33 3 1900.00 220487.00
08/09/2016 117.30 117.30 117.30 117.30 1 500.00 58650.00
09/09/2016 116.70 116.70 116.70 116.70 1 5800.00 676860.00
12/09/2016 116.49 116.49 116.58 116.58 2 1000.00 116499.00
13/09/2016 118.25 117.71 118.25 117.71 2 500.00 59071.00
14/09/2016 118.67 118.62 118.67 118.62 2 800.00 94931.00
15/09/2016 120.50 120.47 120.50 120.47 2 1200.00 144597.00
16/09/2016 123.83 122.80 123.83 122.80 2 4400.00 540423.00
19/09/2016 122.30 121.50 122.39 122.39 3 1100.00 134299.00
20/09/2016 121.23 120.83 121.23 120.83 2 800.00 96944.00
21/09/2016 119.90 119.90 119.90 119.90 1 700.00 83930.00
22/09/2016 121.20 121.20 121.20 121.20 1 300.00 36360.00
23/09/2016 120.40 120.40 120.40 120.40 1 5200.00 626080.00
26/09/2016 119.25 118.79 119.25 118.79 2 800.00 95354.00
27/09/2016 119.91 119.91 119.91 119.91 1 600.00 71946.00
28/09/2016 120.53 118.32 120.53 118.32 3 1600.00 190196.00
29/09/2016 119.45 119.45 120.90 120.90 2 4500.00 538105.00
30/09/2016 122.67 122.45 122.67 122.45 2 1700.00 208187.00
03/10/2016 121.35 120.58 121.35 120.58 2 2400.00 290932.00
04/10/2016 121.53 121.53 121.84 121.84 2 2400.00 291703.00
05/10/2016 122.55 122.55 122.55 122.55 1 4800.00 588240.00
06/10/2016 122.32 122.32 122.32 122.32 1 300.00 36696.00
07/10/2016 122.35 122.24 122.35 122.24 2 500.00 61164.00
10/10/2016 122.15 121.44 122.15 121.44 2 1100.00 134010.00
11/10/2016 119.31 119.31 119.31 119.31 4 3200.00 381792.00
13/10/2016 117.75 117.37 118.17 117.37 3 900.00 106025.00
14/10/2016 119.37 119.37 119.58 119.58 2 1800.00 214887.00
17/10/2016 119.13 119.13 120.03 120.03 2 5100.00 611883.00
18/10/2016 120.05 120.05 120.05 120.05 1 1500.00 180075.00
19/10/2016 113.00 112.72 113.00 112.72 2 8700.00 983072.00
20/10/2016 111.10 110.84 111.10 110.84 2 1000.00 111048.00
21/10/2016 111.26 110.73 111.55 110.73 3 2300.00 256454.00
24/10/2016 109.69 109.69 110.07 110.07 2 3000.00 330134.00
25/10/2016 108.50 108.50 109.44 109.44 2 1400.00 151994.00
26/10/2016 109.95 109.33 109.95 109.34 3 1900.00 208350.00
27/10/2016 109.98 109.81 109.98 109.81 2 1000.00 109895.00
28/10/2016 111.02 111.02 111.02 111.02 1 1300.00 144326.00
31/10/2016 110.92 110.92 110.92 110.92 1 500.00 55460.00
03/11/2016 109.53 109.53 109.53 109.53 1 100.00 10953.00
07/11/2016 110.58 110.58 110.58 110.58 1 600.00 66348.00
08/11/2016 110.59 110.59 110.59 110.59 1 1400.00 154826.00
09/11/2016 111.80 111.80 111.80 111.80 1 1000.00 111800.00
10/11/2016 116.49 116.49 116.49 116.49 1 400.00 46596.00
11/11/2016 116.19 116.19 116.19 116.19 1 1900.00 220761.00
14/11/2016 117.70 117.49 118.63 117.49 3 2100.00 248544.00
16/11/2016 118.43 118.43 118.59 118.59 2 300.00 35545.00
17/11/2016 118.87 118.87 119.58 119.58 2 6900.00 820913.00
18/11/2016 117.72 117.65 117.84 117.84 3 5800.00 682803.00
21/11/2016 117.09 116.59 117.29 116.59 3 12400.00 1452066.00
22/11/2016 118.00 118.00 118.00 118.00 1 13200.00 1557600.00
23/11/2016 118.80 118.80 118.80 118.80 1 13100.00 1556280.00
28/11/2016 119.94 119.90 119.94 119.90 2 1500.00 179890.00
30/11/2016 118.83 118.83 118.83 118.83 1 1200.00 142596.00
01/12/2016 118.70 118.18 118.70 118.18 2 1300.00 154258.00
02/12/2016 118.20 118.20 118.29 118.29 2 400.00 47289.00
05/12/2016 118.00 117.75 118.00 117.82 5 800.00 94325.00
06/12/2016 117.86 117.86 118.20 118.20 2 200.00 23606.00
07/12/2016 119.47 119.47 119.75 119.75 2 7500.00 898097.00
08/12/2016 121.20 121.20 121.20 121.20 1 500.00 60600.00
09/12/2016 120.64 120.64 120.64 120.64 1 1000.00 120640.00
12/12/2016 119.43 119.43 119.43 119.43 1 200.00 23886.00
13/12/2016 122.06 122.06 122.06 122.06 1 8400.00 1025304.00
15/12/2016 124.36 124.36 124.36 124.36 1 700.00 87052.00
16/12/2016 122.80 122.71 122.80 122.71 2 1000.00 122791.00
19/12/2016 124.49 123.92 124.49 123.92 2 1200.00 148818.00
20/12/2016 124.12 124.12 124.85 124.83 3 800.00 99440.00
21/12/2016 123.51 123.51 123.51 123.51 1 100.00 12351.00
22/12/2016 121.75 121.48 121.75 121.48 2 1200.00 146046.00
27/12/2016 120.88 120.88 120.88 120.88 1 700.00 84616.00
28/12/2016 120.77 120.77 120.77 120.77 1 100.00 12077.00
29/12/2016 119.63 118.87 119.63 118.87 2 1100.00 130909.00
04/01/2017 118.85 117.26 118.85 117.26 2 200.00 23611.00
06/01/2017 117.31 117.31 117.31 117.31 1 100.00 11731.00
09/01/2017 117.66 117.66 117.66 117.66 1 200.00 23532.00
17/01/2017 118.29 117.81 118.39 118.39 3 800.00 94586.00
18/01/2017 117.94 117.94 117.94 117.94 1 300.00 35382.00
19/01/2017 116.88 116.88 116.88 116.88 1 100.00 11688.00
20/01/2017 116.80 116.80 116.80 116.80 1 100.00 11680.00
23/01/2017 116.76 116.76 116.88 116.88 2 600.00 70068.00
24/01/2017 117.63 117.63 119.46 119.16 4 800.00 94593.00
26/01/2017 119.28 119.28 120.01 120.01 2 400.00 47931.00
27/01/2017 119.73 119.73 120.15 120.15 2 1200.00 143718.00
30/01/2017 117.22 116.49 117.22 116.49 2 1700.00 199055.00
31/01/2017 116.09 115.33 116.09 115.33 2 1200.00 139232.00
03/02/2017 113.81 113.81 113.81 113.81 2 500.00 56905.00
06/02/2017 112.90 112.90 112.90 112.90 1 1900.00 214510.00
07/02/2017 112.95 112.95 112.95 112.95 1 600.00 67770.00
08/02/2017 113.83 113.28 113.83 113.28 2 1300.00 147924.00
09/02/2017 112.60 112.60 112.60 112.60 1 1200.00 135120.00
10/02/2017 109.96 109.96 109.96 109.96 1 1700.00 186932.00
13/02/2017 110.62 110.62 110.62 110.62 1 300.00 33186.00
14/02/2017 110.44 110.43 110.51 110.51 3 2400.00 265071.00
16/02/2017 111.28 111.28 111.28 111.28 1 800.00 89024.00
17/02/2017 112.32 112.32 112.32 112.32 1 1400.00 157248.00
21/02/2017 112.56 112.45 112.56 112.45 2 900.00 101282.00
22/02/2017 110.20 110.17 110.20 110.17 2 1900.00 209377.00
23/02/2017 110.12 110.01 110.12 110.01 2 400.00 44015.00
24/02/2017 113.07 113.07 113.07 113.07 1 600.00 67842.00
01/03/2017 111.38 110.95 111.38 110.95 2 1900.00 211536.00
02/03/2017 112.92 112.69 112.92 112.69 2 600.00 67729.00
03/03/2017 111.40 111.40 111.67 111.67 2 1100.00 122594.00
06/03/2017 111.24 111.24 111.24 111.24 1 600.00 66744.00
07/03/2017 110.55 110.55 110.99 110.99 2 900.00 99627.00
09/03/2017 113.88 113.88 113.88 113.88 1 1100.00 125268.00
13/03/2017 110.88 110.75 110.88 110.75 2 2200.00 243663.00
14/03/2017 111.14 111.14 111.14 111.14 1 700.00 77798.00
15/03/2017 109.70 109.70 109.70 109.70 1 800.00 87760.00
17/03/2017 109.76 109.76 109.76 109.76 1 400.00 43904.00
20/03/2017 108.82 108.72 108.82 108.72 2 1200.00 130474.00
21/03/2017 107.89 107.89 107.89 107.89 1 100.00 10789.00
23/03/2017 110.07 110.07 110.07 110.07 1 100.00 11007.00
24/03/2017 109.15 109.15 109.82 109.82 2 900.00 98302.00
27/03/2017 110.52 110.52 110.55 110.55 2 700.00 77367.00
28/03/2017 112.22 112.22 112.22 112.22 1 100.00 11222.00
31/03/2017 111.15 111.15 111.15 111.15 1 1300.00 144495.00
03/04/2017 113.09 113.09 113.09 113.09 1 300.00 33927.00
06/04/2017 113.38 113.30 113.38 113.30 2 500.00 56682.00
07/04/2017 113.22 113.22 113.22 113.22 1 500.00 56610.00
10/04/2017 112.09 112.09 112.32 112.32 2 1100.00 123437.00
17/04/2017 109.40 109.40 110.11 110.11 2 1100.00 120908.00
18/04/2017 110.82 110.82 110.82 110.82 1 1300.00 144066.00
19/04/2017 112.69 112.69 112.69 112.69 1 1000.00 112690.00
24/04/2017 114.89 114.89 115.18 115.18 2 700.00 80597.00
26/04/2017 117.54 117.10 117.54 117.10 2 500.00 58594.00
02/05/2017 115.64 115.64 115.64 115.64 1 800.00 92512.00
03/05/2017 116.51 116.51 116.51 116.51 1 100.00 11651.00
08/05/2017 117.28 116.39 117.38 116.39 4 1500.00 175881.00
09/05/2017 116.10 116.10 116.10 116.10 1 700.00 81270.00
11/05/2017 112.71 112.71 112.71 112.71 1 1800.00 202878.00
12/05/2017 110.89 110.89 110.89 110.89 1 800.00 88712.00
15/05/2017 110.16 110.16 110.16 110.16 1 100.00 11016.00
16/05/2017 111.70 111.70 111.70 111.70 1 100.00 11170.00
17/05/2017 109.85 109.39 109.85 109.39 2 700.00 76849.00
18/05/2017 117.27 117.27 120.07 120.07 4 1900.00 223697.00
19/05/2017 116.29 116.29 116.29 116.29 1 2100.00 244209.00
22/05/2017 117.62 117.62 117.62 117.62 2 800.00 94096.00
23/05/2017 116.61 116.61 116.61 116.61 1 100.00 11661.00
24/05/2017 117.66 117.66 118.77 118.77 2 700.00 82473.00
29/05/2017 118.61 118.61 118.61 118.61 1 100.00 11861.00
30/05/2017 118.20 118.20 118.20 118.20 1 200.00 23640.00
31/05/2017 116.92 116.25 116.92 116.25 6 4100.00 477094.00
01/06/2017 117.47 117.47 117.47 117.47 1 100.00 11747.00
05/06/2017 119.08 119.08 119.67 119.67 2 900.00 107231.00
08/06/2017 119.56 118.83 119.56 118.83 2 1300.00 154990.00
09/06/2017 117.64 117.64 117.64 117.64 1 1200.00 141168.00
14/06/2017 116.66 116.66 116.66 116.66 1 700.00 81662.00
16/06/2017 115.97 115.97 115.97 115.97 1 500.00 57985.00
