20/06/2016 6.95 6.88 6.97 6.90 36425 19888017.68 137776497.00
21/06/2016 6.83 6.71 6.86 6.84 16617 17293658.48 117597299.00
22/06/2016 6.86 6.74 6.94 6.78 22987 11026473.78 75070272.00
23/06/2016 6.86 6.83 7.05 7.02 16946 13526129.12 94219258.00
24/06/2016 6.81 6.76 6.92 6.85 19271 15678642.27 107205483.00
27/06/2016 6.87 6.64 6.89 6.64 31580 21196614.34 142013039.00
28/06/2016 6.77 6.73 6.84 6.84 34305 29437637.62 199659108.00
29/06/2016 6.90 6.88 7.02 6.99 16933 17644904.52 123169938.00
30/06/2016 6.98 6.97 7.24 7.21 20736 33837262.53 242406355.00
01/07/2016 7.25 7.12 7.31 7.28 17864 20790860.99 150314471.00
04/07/2016 7.31 7.18 7.33 7.27 11709 7042177.83 51089226.00
05/07/2016 7.17 7.12 7.23 7.18 16973 10670703.00 76440986.00
06/07/2016 7.13 7.01 7.19 7.15 14707 11489891.25 81702186.00
07/07/2016 7.18 7.12 7.25 7.20 38502 23857687.13 171997335.00
08/07/2016 7.27 7.26 7.43 7.42 23996 24461687.20 180513611.00
11/07/2016 7.45 7.39 7.48 7.43 9002 12718410.56 94633244.00
12/07/2016 7.46 7.30 7.50 7.31 21135 16193199.82 119582079.00
13/07/2016 7.30 7.30 7.50 7.47 22187 13365763.94 99254599.00
14/07/2016 7.52 7.52 7.82 7.81 47953 39503393.51 305374837.00
15/07/2016 7.82 7.66 7.82 7.78 30829 23432887.79 181445404.00
18/07/2016 7.81 7.76 7.97 7.94 12725 18769775.74 148476269.00
19/07/2016 7.93 7.87 8.00 7.99 25859 26362814.26 209495837.00
20/07/2016 8.03 7.88 8.10 7.96 15754 25633489.43 204755518.00
21/07/2016 7.98 7.78 8.01 7.89 25730 18033611.19 142306686.00
22/07/2016 7.84 7.83 7.93 7.91 27992 17511372.10 138358612.00
25/07/2016 7.93 7.79 7.98 7.87 18227 20517377.33 161080520.00
26/07/2016 7.90 7.78 7.96 7.79 30201 14297228.87 112466383.00
27/07/2016 7.82 7.81 7.93 7.92 15743 17105513.52 134867427.00
28/07/2016 7.88 7.75 7.90 7.82 18786 28061590.77 219304185.00
29/07/2016 7.77 7.76 7.99 7.94 22463 15686639.48 123942673.00
01/08/2016 7.97 7.79 8.06 7.85 29362 18877843.34 148935666.00
02/08/2016 7.81 7.80 8.04 7.90 28878 20900296.54 165080897.00
03/08/2016 7.85 7.85 8.21 8.21 25542 31665177.25 256610321.00
04/08/2016 8.23 8.20 8.38 8.23 27168 19655677.58 162373048.00
05/08/2016 8.28 8.14 8.30 8.20 19962 20655329.27 169381159.00
08/08/2016 8.17 8.09 8.25 8.14 14179 12237841.16 99669255.00
09/08/2016 8.19 8.13 8.30 8.13 24468 16832871.67 138254640.00
10/08/2016 8.19 7.94 8.23 8.03 21397 29759209.78 239174305.00
11/08/2016 8.08 8.04 8.26 8.26 22262 19107131.87 156043574.00
12/08/2016 8.25 8.18 8.34 8.27 13827 15927187.24 131600323.00
15/08/2016 8.27 8.24 8.41 8.34 16867 11407498.91 94755641.00
16/08/2016 8.30 8.20 8.36 8.25 36607 39377016.49 325734804.00
17/08/2016 8.25 8.13 8.40 8.39 20736 25322545.15 209307297.00
18/08/2016 8.35 8.27 8.42 8.42 16126 15398950.24 128725112.00
19/08/2016 8.41 8.29 8.41 8.35 11902 7917662.26 66196137.00
22/08/2016 8.34 8.09 8.34 8.11 18667 13293999.48 108502948.00
23/08/2016 8.20 8.04 8.22 8.12 18422 21262065.22 172942449.00
24/08/2016 8.08 8.01 8.17 8.10 12145 16872647.28 136482437.00
25/08/2016 8.11 8.05 8.18 8.08 10433 7656490.11 62126770.00
26/08/2016 8.12 8.04 8.27 8.15 18694 16556231.22 135018976.00
29/08/2016 8.12 8.12 8.34 8.28 17699 15835640.19 130906559.00
30/08/2016 8.29 8.20 8.33 8.30 19214 11237663.35 93033456.00
31/08/2016 8.32 8.09 8.39 8.17 27378 20240736.88 165385521.00
01/09/2016 8.14 8.10 8.32 8.23 31483 28794914.20 236701499.00
02/09/2016 8.27 8.27 8.36 8.35 34696 18198185.42 151495781.00
05/09/2016 8.38 8.27 8.41 8.32 11927 8860070.73 73766002.00
06/09/2016 8.37 8.23 8.39 8.39 24722 16386395.66 136382016.00
08/09/2016 8.32 8.26 8.35 8.27 20455 22032849.28 182845892.00
09/09/2016 8.19 7.85 8.21 7.89 37838 29332516.35 233679138.00
12/09/2016 7.84 7.80 8.02 7.95 22186 17465177.67 138507286.00
13/09/2016 7.91 7.72 7.96 7.92 38525 30827363.92 241538686.00
14/09/2016 7.93 7.80 7.96 7.83 48357 26514761.31 208351861.00
15/09/2016 7.83 7.83 8.10 8.01 71581 41570567.97 332164784.00
16/09/2016 8.01 7.81 8.01 7.92 18447 27358677.79 216461623.00
19/09/2016 7.98 7.92 8.07 7.93 13452 11149694.00 88950679.00
20/09/2016 7.98 7.96 8.05 7.98 26317 13031564.60 104205100.00
21/09/2016 8.07 7.87 8.08 8.03 30875 17598289.18 139990518.00
22/09/2016 8.09 8.04 8.20 8.15 20303 18583419.61 150996451.00
23/09/2016 8.14 8.01 8.15 8.09 21199 13629882.45 110059267.00
26/09/2016 8.00 7.95 8.05 7.99 15216 12531212.63 100046585.00
27/09/2016 8.01 7.90 8.11 8.10 46024 25130717.25 201753813.00
28/09/2016 8.10 8.05 8.21 8.19 24606 18777352.04 152828381.00
29/09/2016 8.20 7.95 8.23 7.95 36659 29291688.48 236340755.00
30/09/2016 8.00 7.91 8.03 7.93 56485 22956422.22 183149484.00
03/10/2016 7.93 7.92 8.10 8.07 24286 14083829.53 113270166.00
04/10/2016 7.98 7.81 8.05 7.95 75653 93378305.78 737981255.00
05/10/2016 7.94 7.93 8.13 8.06 47566 41600767.97 335997432.00
06/10/2016 8.08 8.05 8.21 8.19 36210 36199597.30 295155909.00
07/10/2016 8.22 8.19 8.32 8.29 36993 33047222.02 273469530.00
10/10/2016 8.37 8.36 8.42 8.41 29545 27148645.71 227629214.00
11/10/2016 8.41 8.29 8.41 8.33 27322 20253890.19 168636356.00
13/10/2016 8.29 8.24 8.38 8.33 25813 32270334.82 268591326.00
14/10/2016 8.39 8.36 8.51 8.45 38283 26750679.11 225621831.00
17/10/2016 8.48 8.44 8.57 8.53 36017 25392310.31 216326432.00
18/10/2016 8.58 8.49 8.67 8.65 37353 30752337.43 264122135.00
19/10/2016 8.66 8.57 8.71 8.59 23369 22228254.88 191858758.00
20/10/2016 8.55 8.49 8.76 8.63 33516 20993527.22 181681207.00
21/10/2016 8.56 8.52 8.66 8.56 14088 14410136.89 123683842.00
24/10/2016 8.60 8.50 8.66 8.51 19447 17297341.42 148359145.00
25/10/2016 8.50 8.32 8.54 8.41 17277 15016557.18 126287775.00
26/10/2016 8.38 8.35 8.50 8.42 14792 11937314.30 100530516.00
27/10/2016 8.43 8.43 8.66 8.60 31162 25091152.09 215427025.00
28/10/2016 8.60 8.49 8.67 8.62 26519 19946102.70 171827302.00
31/10/2016 8.66 8.65 8.97 8.97 65077 35912855.11 319724779.00
01/11/2016 9.00 8.74 9.02 8.77 37526 27181265.93 240970981.00
03/11/2016 8.73 8.58 8.87 8.60 40064 21626464.57 188408954.00
04/11/2016 8.60 8.56 8.90 8.77 54698 27873656.25 244702609.00
07/11/2016 8.94 8.90 9.06 8.98 35839 19848452.51 178208127.00
08/11/2016 8.98 8.94 9.15 9.03 25872 24039413.29 217651989.00
09/11/2016 8.60 8.59 9.02 8.84 32284 20750664.47 183715325.00
10/11/2016 8.84 8.26 8.88 8.39 63078 41628126.86 354239856.00
11/11/2016 8.19 8.09 8.46 8.15 58930 46058898.81 379531936.00
14/11/2016 8.12 8.02 8.36 8.14 41537 27747700.14 226675123.00
16/11/2016 8.27 8.21 8.42 8.41 49937 25186487.29 210130161.00
17/11/2016 8.45 8.17 8.50 8.21 39200 30509369.45 254733950.00
18/11/2016 8.19 8.19 8.48 8.35 27199 17345114.24 145074582.00
21/11/2016 8.42 8.39 8.53 8.42 22989 21391072.91 180946308.00
22/11/2016 8.53 8.33 8.61 8.42 29976 26445627.51 223893227.00
23/11/2016 8.41 8.28 8.45 8.28 26121 22154596.34 184638598.00
24/11/2016 8.32 8.20 8.35 8.21 11025 8438428.17 69677927.00
25/11/2016 8.16 8.07 8.19 8.17 18569 12186069.73 99149713.00
28/11/2016 8.18 8.10 8.31 8.25 14985 15034761.36 123631769.00
29/11/2016 8.22 8.09 8.27 8.09 22355 15614664.56 127238281.00
30/11/2016 8.18 8.15 8.32 8.18 29030 27563448.55 226579363.00
01/12/2016 8.04 7.71 8.05 7.77 48222 32482260.97 255254107.00
02/12/2016 7.73 7.66 7.93 7.79 32805 22641374.10 176048068.00
05/12/2016 7.83 7.72 7.87 7.76 21777 13776462.95 107141500.00
06/12/2016 7.72 7.68 7.95 7.93 27840 15227325.83 119958662.00
07/12/2016 7.98 7.90 8.02 7.94 21726 18774616.15 149144899.00
08/12/2016 8.01 7.88 8.04 7.93 19566 14681726.47 116924094.00
09/12/2016 7.97 7.92 8.08 7.98 19967 18104112.93 145078070.00
12/12/2016 7.89 7.65 7.93 7.67 39777 17926069.71 138831046.00
13/12/2016 7.65 7.65 7.83 7.71 34649 21905946.13 169637920.00
14/12/2016 7.71 7.66 7.83 7.66 27006 20414044.91 158321116.00
15/12/2016 7.66 7.58 7.79 7.66 29473 19599591.85 149900779.00
16/12/2016 7.75 7.60 7.77 7.62 19291 14652999.63 112104303.00
19/12/2016 7.65 7.46 7.69 7.48 16269 20209168.93 152804747.00
20/12/2016 7.59 7.48 7.65 7.56 17800 16972507.23 128392154.00
21/12/2016 7.60 7.50 7.62 7.56 14110 12766288.62 96495041.00
22/12/2016 7.59 7.51 7.69 7.62 19706 17397832.71 132206062.00
23/12/2016 7.72 7.70 7.84 7.74 30418 19004948.16 147589578.00
26/12/2016 7.78 7.77 7.88 7.84 9082 5378288.96 42141900.00
27/12/2016 7.87 7.78 7.88 7.81 11651 5205773.76 40706080.00
28/12/2016 7.77 7.77 7.98 7.92 16301 10680222.08 84485518.00
29/12/2016 7.93 7.91 8.12 8.11 26712 14488316.48 116654402.00
02/01/2017 8.03 7.99 8.08 8.04 7629 4223560.00 33955118.00
03/01/2017 8.08 8.08 8.40 8.40 31591 17407702.40 144973430.00
04/01/2017 8.34 8.32 8.45 8.44 12043 8869629.12 74581780.00
05/01/2017 8.46 8.39 8.61 8.52 27980 15971743.04 135912555.00
06/01/2017 8.52 8.42 8.57 8.49 26548 11274531.84 95800098.00
09/01/2017 8.47 8.41 8.64 8.58 14887 9464040.96 81169766.00
10/01/2017 8.61 8.44 8.67 8.52 15718 9585822.40 81785391.00
11/01/2017 8.55 8.46 8.62 8.58 16792 12724067.84 108864543.00
12/01/2017 8.75 8.74 8.89 8.82 38207 22259871.04 196289150.00
13/01/2017 8.75 8.64 8.89 8.73 26613 10721360.32 94005797.00
16/01/2017 8.73 8.67 8.79 8.73 15108 9810704.64 85491850.00
17/01/2017 8.73 8.72 8.98 8.90 27680 15077011.84 133714333.00
18/01/2017 8.97 8.81 8.97 8.86 29760 14663894.08 130044063.00
19/01/2017 8.88 8.78 8.90 8.85 17310 10319369.28 91155771.00
20/01/2017 8.87 8.85 8.98 8.94 18182 12175489.92 108576604.00
23/01/2017 8.93 8.91 9.17 9.17 26317 13849091.52 125609643.00
24/01/2017 9.16 9.03 9.19 9.06 36537 15452666.24 140374178.00
26/01/2017 9.16 9.03 9.19 9.10 27349 18124508.16 165333594.00
27/01/2017 9.12 9.07 9.19 9.09 18562 10332435.52 94396988.00
30/01/2017 9.07 8.90 9.08 8.98 29031 12243373.12 110000990.00
31/01/2017 9.02 8.91 9.16 9.09 65622 21003368.32 190047915.00
01/02/2017 9.14 9.07 9.18 9.13 37582 17464969.28 159516038.00
02/02/2017 9.07 8.88 9.16 9.12 23671 13328789.76 121221786.00
03/02/2017 9.11 9.08 9.37 9.30 30272 16508581.76 153188454.00
06/02/2017 9.31 9.16 9.38 9.16 21169 13771919.04 127219138.00
07/02/2017 9.35 9.26 9.53 9.29 31902 18389507.84 171942498.00
08/02/2017 9.32 9.18 9.39 9.37 27457 14509038.72 135346556.00
09/02/2017 9.41 9.34 9.57 9.43 30171 14155535.68 133642206.00
10/02/2017 9.46 9.38 9.56 9.52 32462 19111723.84 181535117.00
13/02/2017 9.53 9.40 9.57 9.50 29170 13351757.76 126562527.00
14/02/2017 9.54 9.42 9.54 9.46 19607 20913231.68 198522984.00
15/02/2017 9.53 9.50 9.85 9.83 53708 23977775.36 232527234.00
16/02/2017 9.78 9.77 9.89 9.80 25108 23588340.16 231617589.00
17/02/2017 9.72 9.67 9.99 9.95 23240 19353857.60 190778882.00
20/02/2017 9.99 9.95 10.15 10.09 23808 9245079.36 93107790.00
21/02/2017 10.20 10.13 10.30 10.30 24816 18547300.00 189420632.00
22/02/2017 10.28 10.22 10.37 10.35 20813 18548100.00 191221884.00
23/02/2017 10.37 10.11 10.52 10.22 35846 17777300.00 183424606.00
24/02/2017 10.12 10.01 10.19 10.04 17524 11945700.00 120560850.00
01/03/2017 10.15 9.97 10.20 9.99 21775 14063700.00 141366713.00
02/03/2017 10.00 9.85 10.03 9.87 24011 16064900.00 159094643.00
03/03/2017 9.92 9.86 9.99 9.99 18921 8588500.00 85357277.00
06/03/2017 9.99 9.88 10.07 10.07 16492 12789000.00 127811565.00
07/03/2017 10.08 9.92 10.08 9.92 20601 8391200.00 83637083.00
08/03/2017 9.97 9.69 9.98 9.73 19454 11221200.00 109640388.00
09/03/2017 9.73 9.58 9.80 9.64 31083 16094800.00 155535735.00
10/03/2017 9.69 9.66 9.87 9.68 30524 21513100.00 209139458.00
13/03/2017 9.75 9.70 9.91 9.82 23487 8256600.00 80907026.00
14/03/2017 9.79 9.71 9.92 9.71 21832 12068600.00 118256061.00
15/03/2017 9.80 9.67 9.97 9.96 26973 17332200.00 170899451.00
16/03/2017 9.98 9.86 10.03 9.96 23966 14224300.00 141274168.00
17/03/2017 9.98 9.75 10.04 9.77 40254 27332500.00 268448589.00
20/03/2017 9.75 9.64 9.80 9.75 31168 14008600.00 136141652.00
21/03/2017 9.74 9.32 9.76 9.41 49971 24434400.00 231191724.00
22/03/2017 9.41 9.36 9.65 9.65 39934 20494600.00 195763940.00
23/03/2017 9.59 9.51 9.67 9.57 21306 13354500.00 127788167.00
24/03/2017 9.57 9.57 9.74 9.66 18230 7299000.00 70598488.00
27/03/2017 9.63 9.50 9.75 9.75 14721 7415600.00 71639133.00
28/03/2017 9.75 9.60 9.77 9.68 21033 15518000.00 150023297.00
29/03/2017 9.69 9.63 9.79 9.77 15018 16168400.00 156963904.00
30/03/2017 9.80 9.61 9.85 9.65 19611 16297900.00 157769369.00
31/03/2017 9.63 9.50 9.68 9.50 20656 15919300.00 152645405.00
03/04/2017 9.56 9.49 9.61 9.58 15112 8898400.00 85073046.00
04/04/2017 9.58 9.56 9.72 9.71 17984 12114900.00 117094983.00
05/04/2017 9.71 9.54 9.75 9.60 19597 10605400.00 102543004.00
06/04/2017 9.59 9.41 9.62 9.47 14409 9778200.00 92870400.00
07/04/2017 9.49 9.45 9.64 9.52 17738 10031400.00 95719298.00
10/04/2017 9.57 9.46 9.64 9.56 11678 24025800.00 229056752.00
11/04/2017 9.60 9.47 9.73 9.60 25520 18629400.00 179031851.00
12/04/2017 9.57 9.51 9.67 9.55 18554 21221600.00 203384566.00
13/04/2017 9.52 9.30 9.57 9.31 17737 20271300.00 189797957.00
17/04/2017 9.34 9.34 9.60 9.56 23810 16946600.00 161444418.00
18/04/2017 9.52 9.49 9.72 9.64 25088 16774300.00 161265191.00
19/04/2017 9.68 9.48 9.70 9.48 23787 13127400.00 125803015.00
20/04/2017 9.54 9.36 9.59 9.40 15264 14699800.00 138984206.00
24/04/2017 9.55 9.49 9.63 9.63 38660 16537900.00 158365626.00
25/04/2017 9.56 9.52 9.66 9.65 23709 13770100.00 132173091.00
26/04/2017 9.59 9.59 9.79 9.62 32981 14263800.00 138256225.00
27/04/2017 9.70 9.69 9.82 9.74 15992 9287400.00 90571779.00
28/04/2017 9.72 9.70 9.89 9.89 20615 13514600.00 132539413.00
02/05/2017 9.93 9.90 10.09 10.08 28761 17175200.00 172355197.00
03/05/2017 10.11 9.93 10.14 9.98 17807 12392500.00 123989869.00
04/05/2017 9.99 9.70 10.03 9.75 29290 16634800.00 162655680.00
05/05/2017 9.78 9.76 10.02 10.02 12815 10310800.00 102177782.00
08/05/2017 10.02 9.92 10.07 10.00 13242 15036000.00 150356945.00
09/05/2017 10.04 9.96 10.06 10.03 19439 8821800.00 88319470.00
10/05/2017 10.07 10.02 10.12 10.10 27361 14933000.00 150506100.00
11/05/2017 10.14 10.12 10.29 10.27 27926 13236100.00 135202134.00
12/05/2017 10.32 10.27 10.41 10.30 22853 12393400.00 128011761.00
15/05/2017 10.30 10.24 10.37 10.30 19233 13875100.00 142839474.00
16/05/2017 10.30 10.21 10.36 10.27 39964 26221600.00 269518613.00
17/05/2017 10.25 9.99 10.28 10.07 55400 17602700.00 178168100.00
18/05/2017 8.63 8.53 9.30 9.10 68465 60757600.00 547436454.00
19/05/2017 9.25 9.10 9.45 9.16 49883 33703900.00 311890161.00
22/05/2017 9.11 8.81 9.11 8.90 52109 26612500.00 237123379.00
23/05/2017 8.97 8.95 9.13 9.01 30467 18194600.00 164391479.00
24/05/2017 9.14 9.01 9.23 9.01 40937 25669100.00 233673461.00
25/05/2017 9.05 8.76 9.12 8.80 37860 32402200.00 287146333.00
26/05/2017 8.87 8.87 9.04 8.97 36725 25015700.00 224463513.00
29/05/2017 8.94 8.87 8.98 8.95 14587 7768100.00 69439936.00
30/05/2017 8.97 8.97 9.06 9.03 17591 8374100.00 75516909.00
31/05/2017 9.03 8.88 9.07 8.95 25942 18527400.00 165812997.00
01/06/2017 8.99 8.73 9.02 8.75 14547 13938600.00 123180987.00
02/06/2017 8.82 8.73 8.86 8.80 31487 12687800.00 111613774.00
05/06/2017 8.75 8.70 8.88 8.76 16536 7345200.00 64418958.00
06/06/2017 8.77 8.77 8.94 8.88 18911 10761000.00 95237136.00
07/06/2017 8.97 8.94 9.09 9.03 26775 12305900.00 111283775.00
08/06/2017 9.00 8.90 9.06 8.96 17131 12102300.00 108382484.00
09/06/2017 9.01 8.80 9.06 8.81 28134 13053400.00 115955467.00
12/06/2017 8.83 8.66 8.85 8.81 16322 11489000.00 100614347.00
13/06/2017 8.84 8.81 8.90 8.87 17061 9049200.00 80217651.00
14/06/2017 8.92 8.87 9.05 8.96 28954 23363000.00 209898487.00
16/06/2017 8.90 8.86 9.04 9.01 20806 19950600.00 178971820.00
