20/06/2016 6.78 6.54 6.78 6.69 295 112541.34 753167.00
21/06/2016 6.65 6.54 6.65 6.65 135 83879.12 553213.00
22/06/2016 6.60 6.55 6.70 6.58 95 31191.24 205742.00
23/06/2016 6.66 6.66 6.80 6.80 89 37724.54 253734.00
24/06/2016 6.54 6.52 6.68 6.64 289 108747.82 715711.00
27/06/2016 6.65 6.48 6.65 6.48 103 48156.74 313760.00
28/06/2016 6.62 6.54 6.64 6.63 66 64489.98 424830.00
29/06/2016 6.55 6.55 6.77 6.77 68 39726.68 266522.00
30/06/2016 6.79 6.65 6.95 6.80 160 98526.36 670589.00
01/07/2016 6.88 6.78 6.97 6.97 72 40569.68 279382.00
04/07/2016 6.98 6.89 6.98 6.97 65 33088.00 229898.00
05/07/2016 6.93 6.84 7.00 6.92 25 11380.58 78677.00
06/07/2016 6.90 6.75 6.93 6.81 63 40042.80 273876.00
07/07/2016 6.85 6.83 6.96 6.91 38 17597.76 121049.00
08/07/2016 6.88 6.88 7.07 7.07 77 59748.08 418427.00
11/07/2016 7.07 7.02 7.19 7.19 85 29926.72 213624.00
12/07/2016 7.19 7.02 7.21 7.16 84 48789.00 348461.00
13/07/2016 7.14 7.05 7.16 7.16 78 40569.68 287828.00
14/07/2016 7.16 7.12 7.46 7.41 297 30638221.54 220976721.00
15/07/2016 7.35 7.29 7.39 7.39 112 34879.38 256807.00
18/07/2016 7.39 7.32 7.57 7.55 92 81455.48 605737.00
19/07/2016 7.54 7.43 7.60 7.60 48 22971.92 173605.00
20/07/2016 7.59 7.50 7.68 7.58 107 80717.86 613191.00
21/07/2016 7.54 7.47 7.61 7.60 66 29083.72 219370.00
22/07/2016 7.59 7.56 7.68 7.67 584 78821.10 600811.00
25/07/2016 7.68 7.43 7.68 7.47 146 70917.90 533858.00
26/07/2016 7.55 7.52 7.59 7.52 54 29610.60 223084.00
27/07/2016 7.59 7.50 7.60 7.57 37 15490.24 117080.00
28/07/2016 7.60 7.47 7.60 7.54 43 23288.04 175528.00
29/07/2016 7.54 7.53 7.72 7.72 106 35722.40 271904.00
01/08/2016 7.68 7.52 7.68 7.58 85 41623.44 315171.00
02/08/2016 7.59 7.53 7.66 7.63 157 31085.86 236005.00
03/08/2016 7.59 7.59 7.88 7.87 126 94627.46 736303.00
04/08/2016 7.96 7.79 8.00 7.86 101 64700.74 510432.00
05/08/2016 7.89 7.78 7.90 7.88 90 48051.36 377013.00
08/08/2016 7.88 7.78 7.91 7.79 64 23182.68 181168.00
09/08/2016 7.88 7.84 7.91 7.86 94 31401.98 247276.00
10/08/2016 7.89 7.70 7.91 7.79 54 31296.60 244250.00
11/08/2016 7.78 7.78 7.91 7.90 48 41728.82 327092.00
12/08/2016 7.89 7.74 7.95 7.92 70 33825.62 267502.00
15/08/2016 8.01 7.89 8.08 8.08 54 42255.70 338192.00
16/08/2016 8.07 7.95 8.11 8.06 553 105691.92 850114.00
17/08/2016 8.05 7.96 8.15 8.15 52 31928.86 258687.00
18/08/2016 8.15 7.97 8.16 8.16 45 28556.84 229905.00
19/08/2016 8.16 8.06 8.16 8.15 47 23498.80 190937.00
22/08/2016 8.14 7.90 8.14 7.92 112 29083.72 232925.00
23/08/2016 8.03 7.86 8.03 7.96 88 30348.22 240812.00
24/08/2016 8.00 7.80 8.00 7.92 37 16544.00 130071.00
25/08/2016 7.92 7.85 8.02 7.89 156 54373.90 431198.00
26/08/2016 7.96 7.88 8.03 7.94 74 24025.68 190833.00
29/08/2016 7.94 7.94 8.04 7.99 41 19810.64 158195.00
30/08/2016 7.93 7.92 8.05 8.04 43 23709.56 189336.00
31/08/2016 8.04 7.88 8.14 7.91 196 106640.30 845112.00
01/09/2016 7.92 7.82 8.05 8.02 63 30558.98 242365.00
02/09/2016 8.07 7.97 8.07 8.05 79 74922.18 599858.00
05/09/2016 8.04 7.98 8.20 7.98 128 52266.40 420435.00
06/09/2016 8.00 7.95 8.13 8.13 44 23288.04 187145.00
08/09/2016 8.13 7.98 8.13 8.02 45 31823.48 257454.00
09/09/2016 8.02 7.65 8.02 7.65 156 108747.82 842133.00
12/09/2016 7.68 7.60 7.87 7.87 99 27608.46 213665.00
13/09/2016 7.70 7.60 7.80 7.76 114 45416.96 347639.00
14/09/2016 7.73 7.63 7.73 7.71 49 18335.38 140996.00
15/09/2016 7.73 7.71 7.89 7.89 84 53320.14 415728.00
16/09/2016 7.83 7.61 7.83 7.61 151 102741.40 787953.00
19/09/2016 7.73 7.64 7.78 7.70 81 27608.46 213064.00
20/09/2016 7.71 7.70 7.75 7.70 19 5163.42 39872.00
21/09/2016 7.80 7.63 7.96 7.87 82 68810.40 538561.00
22/09/2016 7.87 7.80 7.94 7.93 53 37724.54 297772.00
23/09/2016 7.79 7.74 8.00 7.87 50 23604.18 186619.00
26/09/2016 7.87 7.69 7.88 7.79 76 37935.28 295041.00
27/09/2016 7.86 7.68 7.86 7.79 65 29083.72 225975.00
28/09/2016 7.88 7.79 8.00 8.00 95 79242.60 623482.00
29/09/2016 8.04 7.75 8.04 7.75 43 15701.00 123244.00
30/09/2016 7.80 7.72 7.84 7.84 66 52371.76 408770.00
03/10/2016 7.78 7.78 7.95 7.88 71 39621.30 310602.00
04/10/2016 7.91 7.60 7.91 7.64 266 178401.22 1371102.00
05/10/2016 7.66 7.66 7.83 7.74 127 64595.36 501590.00
06/10/2016 7.80 7.68 7.90 7.86 84 32771.88 255016.00
07/10/2016 7.85 7.80 7.98 7.88 487 106008.04 834446.00
10/10/2016 7.98 7.97 8.01 8.01 69 32771.88 261823.00
11/10/2016 7.96 7.84 7.97 7.88 155 100950.00 795921.00
13/10/2016 7.91 7.78 7.96 7.85 93 63436.22 498612.00
14/10/2016 7.93 7.85 7.97 7.92 96 47102.98 374187.00
17/10/2016 7.99 7.97 8.01 7.97 88 74184.56 592370.00
18/10/2016 8.00 7.94 8.05 8.02 155 113068.22 904489.00
19/10/2016 8.02 8.02 8.14 8.10 101 70496.40 569374.00
20/10/2016 8.12 8.07 8.23 8.09 93 40569.68 329845.00
21/10/2016 8.08 8.04 8.27 8.17 89 54057.78 439342.00
24/10/2016 8.16 8.08 8.21 8.08 70 26343.94 214858.00
25/10/2016 8.08 7.94 8.12 7.96 73 54268.54 435046.00
26/10/2016 8.02 7.91 8.15 8.03 53 14647.24 117990.00
27/10/2016 7.98 7.98 8.17 8.11 71 53320.14 432264.00
28/10/2016 8.11 8.07 8.22 8.13 68 31085.86 253247.00
31/10/2016 8.12 8.12 8.45 8.41 150 96313.48 809802.00
01/11/2016 8.39 8.22 8.49 8.37 98 41728.82 348350.00
03/11/2016 8.34 8.13 8.34 8.16 125 51318.00 422984.00
04/11/2016 8.24 8.19 8.29 8.22 118 35406.26 291545.00
07/11/2016 8.35 8.33 8.43 8.36 113 69758.78 584920.00
08/11/2016 8.37 8.34 8.52 8.41 110 53109.40 446556.00
09/11/2016 8.19 7.88 8.45 8.36 171 99053.24 820252.00
10/11/2016 8.38 7.98 8.38 8.01 209 187568.90 1524657.00
11/11/2016 7.97 7.78 8.10 7.80 173 125186.44 986114.00
14/11/2016 7.72 7.69 7.97 7.79 104 39726.68 311874.00
16/11/2016 7.81 7.81 8.00 7.98 203 85143.64 675799.00
17/11/2016 8.06 7.78 8.06 7.78 198 58694.32 466607.00
18/11/2016 7.93 7.89 8.00 7.99 72 38989.04 310442.00
21/11/2016 8.07 8.01 8.20 8.12 131 67019.00 541891.00
22/11/2016 8.21 8.03 8.24 8.16 175 65438.36 531936.00
23/11/2016 8.16 8.04 8.21 8.06 149 30769.74 249099.00
24/11/2016 8.14 7.99 8.14 7.99 49 13909.60 111673.00
25/11/2016 7.94 7.88 7.99 7.97 60 20126.78 159571.00
28/11/2016 7.97 7.81 8.11 8.11 105 49105.12 390098.00
29/11/2016 7.98 7.88 7.99 7.91 70 28240.72 224315.00
30/11/2016 8.05 7.83 8.05 7.83 144 74500.68 589467.00
01/12/2016 7.83 7.45 7.83 7.59 259 232880.50 1772954.00
02/12/2016 7.64 7.41 7.64 7.51 260 209697.82 1571261.00
05/12/2016 7.51 7.45 7.58 7.45 69 20232.16 151849.00
06/12/2016 7.47 7.47 7.83 7.69 2142 331301.48 2541573.00
07/12/2016 7.77 7.63 7.77 7.75 87 35933.14 275851.00
08/12/2016 7.70 7.65 7.78 7.77 64 24657.94 190647.00
09/12/2016 7.69 7.65 7.75 7.66 246 54268.54 416700.00
12/12/2016 7.64 7.40 7.64 7.40 212 135302.52 1013306.00
13/12/2016 7.40 7.40 7.59 7.56 81 47629.86 358799.00
14/12/2016 7.50 7.50 7.64 7.56 72 32350.36 244460.00
15/12/2016 7.58 7.43 7.60 7.60 86 34457.88 258103.00
16/12/2016 7.59 7.46 7.60 7.52 76 38672.92 291671.00
19/12/2016 7.50 7.30 7.52 7.45 99 45416.96 336989.00
20/12/2016 7.54 7.35 7.54 7.42 186 76397.44 567152.00
21/12/2016 7.43 7.39 7.59 7.40 135 53425.52 398044.00
22/12/2016 7.41 7.12 7.44 7.44 495 352692.76 2542320.00
23/12/2016 7.55 7.49 7.63 7.63 70 28806.30 218356.00
26/12/2016 7.57 7.57 7.71 7.63 88 115327.35 884941.00
27/12/2016 7.72 7.59 7.77 7.66 64 18284.85 140345.00
28/12/2016 7.64 7.64 7.76 7.75 35 15731.10 121435.00
29/12/2016 7.77 7.72 7.91 7.86 74 30645.00 238979.00
02/01/2017 7.86 7.78 7.92 7.89 58 20838.60 163911.00
03/01/2017 7.89 7.84 8.13 8.08 123 60472.80 484836.00
04/01/2017 8.13 8.03 8.31 8.10 425 270493.20 2207249.00
05/01/2017 8.12 8.12 8.42 8.25 140 151386.30 1243269.00
06/01/2017 8.26 8.15 8.29 8.23 90 30440.70 251260.00
09/01/2017 8.23 8.20 8.38 8.32 45 15220.35 126272.00
10/01/2017 8.34 8.09 8.34 8.09 148 52607.25 431434.00
11/01/2017 8.13 8.13 8.22 8.15 80 28499.85 232724.00
12/01/2017 8.33 8.32 8.43 8.33 170 46171.80 386373.00
13/01/2017 8.37 8.26 8.38 8.27 67 17774.10 148106.00
16/01/2017 8.35 8.27 8.35 8.35 52 13585.95 112973.00
17/01/2017 8.40 8.29 8.51 8.42 105 40042.80 336829.00
18/01/2017 8.43 8.37 8.52 8.44 51 18999.90 160894.00
19/01/2017 8.52 8.32 8.52 8.37 64 26559.00 222990.00
20/01/2017 8.40 8.38 8.48 8.42 61 57306.15 482468.00
23/01/2017 8.42 8.42 8.69 8.58 121 57204.00 490485.00
24/01/2017 8.62 8.53 8.68 8.56 81 41268.60 354975.00
26/01/2017 8.57 8.54 8.76 8.72 130 82639.35 711386.00
27/01/2017 8.72 8.57 8.76 8.70 84 31360.05 273032.00
30/01/2017 8.65 8.55 8.65 8.55 64 16446.15 141240.00
31/01/2017 8.56 8.44 8.69 8.60 77 38204.10 327773.00
01/02/2017 8.70 8.62 8.71 8.62 92 41779.35 362240.00
02/02/2017 8.62 8.61 8.73 8.68 96 79370.55 686324.00
03/02/2017 8.68 8.66 8.91 8.86 130 58429.80 513554.00
06/02/2017 8.71 8.61 8.86 8.61 252 200316.15 1748684.00
07/02/2017 8.75 8.74 9.01 8.81 141 59553.45 525829.00
08/02/2017 8.90 8.71 8.91 8.85 87 78349.05 692852.00
09/02/2017 8.85 8.81 9.06 8.91 154 45456.75 406147.00
10/02/2017 8.96 8.90 9.08 9.04 103 57919.05 520606.00
13/02/2017 9.07 9.03 9.15 9.07 164 121967.10 1108206.00
14/02/2017 9.13 9.08 9.20 9.20 114 51075.00 467504.00
15/02/2017 9.22 9.22 9.51 9.51 78 29214.90 272260.00
16/02/2017 9.63 9.45 9.63 9.50 185 78655.50 748063.00
17/02/2017 9.50 9.34 9.64 9.63 138 48725.55 463614.00
20/02/2017 9.78 9.65 9.84 9.74 86 38817.00 378615.00
21/02/2017 9.89 9.80 9.99 9.95 98 64500.00 640228.00
22/02/2017 10.00 9.92 10.05 9.95 67 15600.00 155463.00
23/02/2017 9.95 9.77 10.20 9.78 116 41300.00 410593.00
24/02/2017 9.83 9.67 9.93 9.72 116 38600.00 378104.00
01/03/2017 9.76 9.65 10.00 9.65 100 21300.00 208893.00
02/03/2017 9.65 9.57 9.75 9.67 114 46000.00 443969.00
03/03/2017 9.70 9.64 9.90 9.79 128 116700.00 1140323.00
06/03/2017 9.79 9.56 9.79 9.74 111 28300.00 274592.00
07/03/2017 9.73 9.65 9.73 9.65 67 22900.00 221701.00
08/03/2017 9.66 9.50 9.66 9.51 148 60700.00 581607.00
09/03/2017 9.59 9.41 9.59 9.50 190 46200.00 439038.00
10/03/2017 9.51 9.51 9.67 9.56 156 35700.00 343112.00
13/03/2017 9.58 9.58 9.74 9.62 320 73900.00 714559.00
14/03/2017 9.68 9.61 9.69 9.66 56 23100.00 222653.00
15/03/2017 9.69 9.58 9.79 9.79 147 56500.00 547782.00
16/03/2017 9.85 9.73 9.85 9.78 56 15600.00 152393.00
17/03/2017 9.79 9.64 9.79 9.65 94 43300.00 418808.00
20/03/2017 9.60 9.51 9.69 9.64 233 44300.00 426863.00
21/03/2017 9.63 9.21 9.63 9.30 227 62700.00 588731.00
22/03/2017 9.31 9.31 9.51 9.38 151 40500.00 381321.00
23/03/2017 9.39 9.25 9.49 9.33 563 162900.00 1525400.00
24/03/2017 9.36 9.00 9.36 9.00 430 407600.00 3743983.00
27/03/2017 9.10 8.90 9.22 9.20 282 115500.00 1049949.00
28/03/2017 9.25 9.05 9.45 9.18 1409 193100.00 1757800.00
29/03/2017 9.18 9.10 9.25 9.25 82 30600.00 280080.00
30/03/2017 9.29 9.11 9.29 9.11 126 50600.00 463177.00
31/03/2017 9.12 9.04 9.15 9.05 80 32100.00 291990.00
03/04/2017 9.08 9.02 9.14 9.10 100 59800.00 543269.00
04/04/2017 9.10 9.03 9.15 9.12 177 100200.00 913318.00
05/04/2017 9.23 9.00 9.23 9.11 431 92200.00 838525.00
06/04/2017 9.04 8.90 9.10 8.94 290 57600.00 518073.00
07/04/2017 9.04 8.92 9.09 8.96 138 56700.00 510812.00
10/04/2017 9.00 8.94 9.09 8.95 227 73400.00 661365.00
11/04/2017 8.99 8.92 9.18 9.09 389 164400.00 1488535.00
12/04/2017 9.00 9.00 9.07 9.07 153 37100.00 335670.00
13/04/2017 9.37 8.80 9.37 8.82 266 26146000.00 235839945.00
17/04/2017 8.92 8.87 9.08 9.04 102 82700.00 744416.00
18/04/2017 9.04 8.96 9.10 9.03 100 82100.00 742629.00
19/04/2017 9.10 8.90 9.10 8.92 98 45200.00 406442.00
20/04/2017 9.04 8.82 9.04 8.92 265 146500.00 1310507.00
24/04/2017 9.07 8.96 9.07 9.04 86 24700.00 223368.00
25/04/2017 9.00 8.99 9.10 9.09 912 106000.00 961758.00
26/04/2017 9.09 9.05 9.20 9.13 580 102200.00 932745.00
27/04/2017 9.13 9.10 9.24 9.18 126 25700.00 235948.00
28/04/2017 9.20 9.17 9.33 9.33 104 37900.00 351293.00
02/05/2017 9.43 9.36 9.50 9.49 580 175200.00 1651989.00
03/05/2017 9.48 9.36 9.55 9.48 691 96700.00 913931.00
04/05/2017 9.43 9.28 9.45 9.30 138 96600.00 903901.00
05/05/2017 9.39 9.38 9.50 9.50 79 31900.00 301702.00
08/05/2017 9.44 9.44 9.50 9.46 173 90400.00 857816.00
09/05/2017 9.50 9.45 9.50 9.45 156 196600.00 1865072.00
10/05/2017 9.50 9.50 9.61 9.61 566 172700.00 1648064.00
11/05/2017 9.57 9.57 9.80 9.80 103 44100.00 428499.00
12/05/2017 9.80 9.77 9.90 9.86 120 66500.00 653481.00
15/05/2017 9.89 9.80 9.91 9.80 132 63100.00 621548.00
16/05/2017 9.88 9.76 9.89 9.78 83 27700.00 271451.00
17/05/2017 9.80 9.53 9.80 9.53 163 90000.00 867688.00
18/05/2017 8.69 8.30 9.04 8.62 1232 400500.00 3472154.00
19/05/2017 8.81 8.75 9.05 8.94 312 122200.00 1087175.00
22/05/2017 8.90 8.47 8.90 8.56 515 184700.00 1587396.00
23/05/2017 8.55 8.55 8.70 8.70 279 84100.00 725223.00
24/05/2017 8.80 8.67 8.85 8.80 187 72800.00 637853.00
25/05/2017 8.78 8.50 8.82 8.65 1015 240300.00 2064250.00
26/05/2017 8.65 8.59 8.75 8.63 391 120300.00 1043068.00
29/05/2017 8.70 8.45 8.70 8.56 264 161400.00 1376757.00
30/05/2017 8.61 8.52 8.70 8.70 212 99900.00 862656.00
31/05/2017 8.78 8.57 8.78 8.63 240 72300.00 623603.00
01/06/2017 8.63 8.40 8.66 8.49 172 58400.00 499997.00
02/06/2017 8.49 8.45 8.59 8.50 151 39400.00 335446.00
05/06/2017 8.50 8.45 8.54 8.50 129 36800.00 312365.00
06/06/2017 8.50 8.48 8.64 8.64 166 88400.00 757866.00
07/06/2017 8.64 8.64 8.78 8.74 126 69500.00 605791.00
08/06/2017 8.70 8.59 8.72 8.60 226 81900.00 706091.00
09/06/2017 8.64 8.49 8.67 8.57 163 102100.00 874662.00
12/06/2017 8.57 8.40 8.59 8.50 326 70900.00 600499.00
13/06/2017 8.51 8.50 8.61 8.55 172 34600.00 296221.00
14/06/2017 8.55 8.55 8.73 8.58 276 76900.00 666566.00
16/06/2017 8.65 8.55 8.85 8.85 548 178700.00 1555172.00
