20/06/2016 25.95 25.77 26.29 25.96 25883 17360792.71 452809962.00
21/06/2016 25.47 25.28 25.96 25.96 19653 15868618.67 407885408.00
22/06/2016 25.92 25.41 26.26 25.50 25059 14403850.97 371137837.00
23/06/2016 25.77 25.58 26.58 26.49 21816 12342258.97 323917967.00
24/06/2016 25.60 25.34 26.04 25.56 26925 19992935.18 512034753.00
27/06/2016 25.66 24.60 25.71 24.71 30077 16066352.11 399347743.00
28/06/2016 25.19 25.08 25.63 25.56 25643 14427746.60 366102470.00
29/06/2016 25.96 25.75 26.26 26.15 18468 15236573.78 397682268.00
30/06/2016 26.10 26.00 26.95 26.75 23485 23699474.68 632682417.00
01/07/2016 26.85 26.49 27.36 27.29 30670 22455316.80 606423452.00
04/07/2016 27.44 27.12 27.57 27.28 9769 4125675.51 112692425.00
05/07/2016 27.02 26.84 27.23 27.08 15303 7967208.28 215228659.00
06/07/2016 26.84 26.54 27.27 27.19 15245 8514429.37 229362410.00
07/07/2016 27.32 27.02 27.86 27.46 23732 10487800.10 289033856.00
08/07/2016 27.78 27.66 28.28 28.20 28141 13511219.23 379808703.00
11/07/2016 28.33 28.13 28.67 28.49 31271 10521321.92 299542516.00
12/07/2016 28.74 28.10 28.92 28.24 29311 16804058.67 478452681.00
13/07/2016 28.19 28.10 28.84 28.82 21732 12683819.14 361819017.00
14/07/2016 29.35 29.16 29.70 29.65 42569 22420549.25 661068586.00
15/07/2016 29.58 29.24 29.75 29.55 26280 13149953.66 388267496.00
18/07/2016 29.66 29.45 30.17 30.05 16038 11077036.70 331710552.00
19/07/2016 29.84 29.77 30.20 29.87 21398 9981348.80 298747343.00
20/07/2016 30.01 29.76 30.46 30.34 19880 14945522.84 451744148.00
21/07/2016 30.34 29.37 30.52 29.94 21811 17660337.36 528282817.00
22/07/2016 29.85 29.73 30.36 30.12 20030 8597667.67 258892924.00
25/07/2016 30.11 29.68 30.35 29.89 12915 6009465.97 179737542.00
26/07/2016 29.94 29.51 30.16 29.51 16009 8392573.01 249920548.00
27/07/2016 29.67 29.54 30.10 29.63 16965 11671482.78 347634317.00
28/07/2016 29.61 29.02 29.61 29.30 19518 15532154.71 454243062.00
29/07/2016 29.07 29.07 29.99 29.84 22451 13423337.69 398846315.00
01/08/2016 29.80 29.41 30.11 29.52 29140 10465263.46 310513154.00
02/08/2016 29.54 29.45 30.31 29.87 43024 23190305.38 693677989.00
03/08/2016 29.69 29.67 31.11 31.11 35807 25047821.99 766528899.00
04/08/2016 31.35 31.25 31.84 31.30 33193 19213552.84 606068755.00
05/08/2016 31.60 30.73 31.63 31.10 21169 13458558.26 417696462.00
08/08/2016 30.83 30.81 31.28 30.91 16782 10388367.13 322325631.00
09/08/2016 31.12 30.96 31.37 30.97 23126 9090868.79 282985600.00
10/08/2016 31.08 30.38 31.30 30.72 17453 11796736.62 362710017.00
11/08/2016 30.99 30.72 31.53 31.50 22023 13515069.71 422763134.00
12/08/2016 31.53 31.40 31.93 31.73 26979 12220289.36 387225182.00
15/08/2016 31.59 31.49 32.16 32.08 22063 10405241.29 331716668.00
16/08/2016 31.88 31.80 32.25 31.94 23096 15946307.75 510032148.00
17/08/2016 31.88 31.61 32.36 32.36 29089 16499531.04 528378968.00
18/08/2016 32.17 31.90 32.47 32.30 15587 11636262.22 374908573.00
19/08/2016 32.06 31.72 32.27 32.09 17732 10201618.86 326178829.00
22/08/2016 31.94 31.40 32.03 31.48 17074 7673099.59 241993123.00
23/08/2016 31.67 31.29 31.98 31.42 19189 8945456.57 281888543.00
24/08/2016 31.12 30.90 31.59 31.27 20530 13588342.07 424396242.00
25/08/2016 31.24 31.00 31.57 31.17 20582 9855302.21 308045605.00
26/08/2016 31.38 31.20 31.96 31.56 25383 11107614.04 351030470.00
29/08/2016 31.44 31.38 32.32 32.11 19426 7349885.83 236123060.00
30/08/2016 32.15 31.93 32.38 32.32 13721 4953302.10 159349259.00
31/08/2016 32.40 31.35 32.57 31.65 32137 19080598.04 604783808.00
01/09/2016 31.58 31.42 32.25 31.96 32160 14705207.62 469738806.00
02/09/2016 32.11 32.11 32.66 32.42 30129 13679507.83 444117834.00
05/09/2016 32.43 32.24 32.67 32.43 9374 3609258.25 117096975.00
06/09/2016 32.58 32.08 32.75 32.75 19447 8199935.79 266862872.00
08/09/2016 32.44 32.27 32.62 32.35 27785 13685623.31 443469687.00
09/09/2016 31.89 30.98 31.98 31.12 32525 15257185.18 478172297.00
12/09/2016 31.06 30.74 31.63 31.54 27615 12983137.29 406498507.00
13/09/2016 31.20 30.59 31.40 30.91 45692 19440617.86 601564608.00
14/09/2016 30.92 30.83 31.29 30.93 32743 11512707.13 357089404.00
15/09/2016 31.08 30.97 31.76 31.59 33172 12870567.40 404981088.00
16/09/2016 31.45 30.70 31.52 30.89 27753 16483223.14 510450926.00
19/09/2016 31.25 30.95 31.50 31.10 17394 8206844.00 255983414.00
20/09/2016 31.31 31.10 31.59 31.18 16579 5742423.89 179538093.00
21/09/2016 31.53 30.68 31.64 31.49 31753 16744829.24 521889795.00
22/09/2016 31.78 31.64 32.29 31.98 21045 10242501.90 327528981.00
23/09/2016 31.97 31.59 32.07 31.90 15489 6764386.45 215158117.00
26/09/2016 31.54 31.41 31.72 31.65 13988 8966747.45 283043216.00
27/09/2016 31.76 31.30 32.06 32.02 28815 14284033.11 453165287.00
28/09/2016 32.06 31.78 32.41 32.25 22207 12293674.97 395522763.00
29/09/2016 32.32 31.41 32.51 31.43 23491 14602377.17 464466517.00
30/09/2016 31.58 31.20 31.78 31.37 23984 17545389.22 552874875.00
03/10/2016 31.35 31.35 32.19 32.10 22876 16192398.68 516603480.00
04/10/2016 32.20 32.01 32.53 32.37 50492 30228528.87 976546006.00
05/10/2016 32.49 32.42 33.15 33.02 23710 14633520.75 482237154.00
06/10/2016 32.96 32.91 33.43 33.29 23240 11376128.36 378037115.00
07/10/2016 33.55 33.12 33.72 33.60 25444 12863206.19 431292883.00
10/10/2016 33.91 33.55 34.06 33.64 20238 8924165.68 301123840.00
11/10/2016 33.53 33.29 33.71 33.52 30323 17166003.75 575074672.00
13/10/2016 33.43 33.12 34.12 33.91 37923 20655217.66 697467994.00
14/10/2016 34.22 34.11 34.70 34.56 32812 14396942.76 496258918.00
17/10/2016 34.63 34.39 35.31 35.31 33937 17244259.08 601214565.00
18/10/2016 35.27 34.88 35.94 35.81 41684 14926393.75 530020787.00
19/10/2016 35.60 35.12 35.84 35.23 25256 9487543.02 335866894.00
20/10/2016 34.90 34.68 35.70 35.33 32240 10572471.90 373149209.00
21/10/2016 35.19 35.00 35.52 35.27 18089 6738521.20 238192386.00
24/10/2016 35.53 34.88 35.54 34.97 20739 9666048.25 339323233.00
25/10/2016 34.84 34.32 35.09 34.78 18857 8645356.55 300443058.00
26/10/2016 34.57 34.44 35.20 35.00 18605 10362156.91 361437854.00
27/10/2016 35.06 35.02 36.10 35.75 32060 11517808.47 411218876.00
28/10/2016 35.65 35.42 36.26 36.05 26197 9971895.46 358975267.00
31/10/2016 37.07 36.90 37.72 37.30 40847 21555999.99 804092504.00
01/11/2016 37.63 35.97 37.63 36.18 38901 18251594.23 666233099.00
03/11/2016 35.94 35.40 36.77 35.40 40219 16821802.29 605038492.00
04/11/2016 35.49 35.23 36.36 35.70 40179 14168930.34 507753554.00
07/11/2016 36.45 36.19 37.20 36.98 27102 11646591.65 428831197.00
08/11/2016 36.98 36.56 37.64 37.07 23293 9841259.28 365628030.00
09/11/2016 35.55 35.45 36.86 35.88 30589 20027896.34 724213240.00
10/11/2016 35.83 33.58 36.22 34.09 62187 30281858.90 1049402242.00
11/11/2016 33.66 33.26 34.64 33.66 69764 27320360.27 923454749.00
14/11/2016 33.38 32.94 34.23 33.45 50074 17966541.75 602218286.00
16/11/2016 34.25 33.63 35.11 35.11 41625 19717004.87 680463864.00
17/11/2016 35.40 33.88 35.40 34.05 30529 16068353.72 554363456.00
18/11/2016 33.92 33.92 34.85 34.38 28795 9479616.32 324988872.00
21/11/2016 34.64 34.37 34.83 34.65 28389 12654518.28 438504838.00
22/11/2016 35.17 34.31 35.29 34.77 32231 13237182.42 461089609.00
23/11/2016 34.58 34.12 34.87 34.46 21038 7249845.03 249591495.00
24/11/2016 34.57 33.98 34.59 34.09 9633 3949557.04 135145380.00
25/11/2016 33.68 33.53 34.00 33.87 19267 8249639.06 278745452.00
28/11/2016 33.88 33.60 34.70 34.59 20645 7568663.21 259913484.00
29/11/2016 34.34 33.75 34.52 33.75 17425 7515955.77 255910682.00
30/11/2016 34.19 34.15 34.97 34.41 29583 13049412.22 450943138.00
01/12/2016 33.67 32.54 33.76 32.83 50666 24583074.08 814584037.00
02/12/2016 32.48 32.10 33.62 32.97 31021 13593575.24 447925110.00
05/12/2016 33.09 32.64 33.29 32.85 17288 7176445.82 236032272.00
06/12/2016 32.65 32.45 33.56 33.29 23672 12449659.33 412884101.00
07/12/2016 33.71 32.84 33.71 33.03 25704 14366686.15 475825926.00
08/12/2016 33.42 32.73 33.42 32.83 20913 9410437.82 310888328.00
09/12/2016 33.31 32.74 33.32 32.93 36227 18224519.91 602122004.00
12/12/2016 32.49 31.39 32.73 31.58 33269 23376773.99 744305602.00
13/12/2016 31.39 31.35 32.18 31.71 43544 21304095.54 677167003.00
14/12/2016 31.59 31.59 32.29 31.64 36064 15689416.13 501614208.00
15/12/2016 31.58 30.95 31.85 31.53 44889 18171812.48 569473344.00
16/12/2016 31.77 30.96 31.88 30.96 22818 14396642.91 449689053.00
19/12/2016 31.08 30.12 31.32 30.12 29861 14018117.10 428898436.00
20/12/2016 30.50 30.31 31.22 30.89 29084 14649165.02 450310835.00
21/12/2016 31.18 30.68 31.21 30.88 23392 9851656.65 304339337.00
22/12/2016 30.89 30.69 31.22 31.13 27576 15507719.62 480523460.00
23/12/2016 31.34 31.29 32.22 31.95 37697 12521387.19 399795217.00
26/12/2016 31.99 31.99 32.37 32.20 8692 2893217.41 93318705.00
27/12/2016 32.47 31.86 32.47 32.19 14152 8140502.35 261831899.00
28/12/2016 32.15 32.15 33.11 32.94 16856 6958539.50 228365371.00
29/12/2016 32.95 32.63 33.35 33.31 15888 7811727.65 258863754.00
02/01/2017 32.91 32.78 33.20 32.99 5970 2102430.39 69351734.00
03/01/2017 33.30 33.24 34.41 34.39 32167 17084089.00 583895122.00
04/01/2017 34.24 34.15 34.66 34.54 23523 9227542.30 317815545.00
05/01/2017 34.53 34.25 35.40 35.01 33350 14898219.96 521309943.00
06/01/2017 34.97 34.65 35.29 35.13 18348 9497472.94 332993084.00
09/01/2017 34.78 34.62 35.42 35.29 16841 10910137.05 384665434.00
10/01/2017 35.52 35.00 35.75 35.18 21030 7961022.87 280940134.00
11/01/2017 35.41 34.88 35.57 35.25 21673 7832358.64 275352623.00
12/01/2017 36.01 35.72 36.26 36.14 30028 14613044.74 526674424.00
13/01/2017 36.01 35.16 36.33 35.40 19275 7078768.40 252166634.00
16/01/2017 35.40 35.13 35.54 35.43 9897 3788683.84 133879365.00
17/01/2017 35.32 35.22 36.47 36.39 21741 10578618.32 382001383.00
18/01/2017 36.55 35.93 36.55 36.10 15799 8172719.22 295459946.00
19/01/2017 36.12 35.61 36.51 35.90 17061 8791953.93 316253723.00
20/01/2017 36.10 35.73 36.35 36.01 19826 10965932.20 395885217.00
23/01/2017 35.96 35.87 37.22 37.22 29294 13272233.41 487671664.00
24/01/2017 37.05 36.63 37.34 37.13 25059 11546547.32 427197415.00
26/01/2017 37.39 37.33 37.91 37.64 33000 13931307.27 524613914.00
27/01/2017 37.78 37.34 37.96 37.44 23789 9291976.05 349396981.00
30/01/2017 37.24 36.42 37.38 36.64 23903 7094927.65 260457837.00
31/01/2017 36.66 36.25 36.87 36.64 17892 11443493.98 418917097.00
01/02/2017 36.95 36.81 37.24 37.02 22801 13963930.67 517312665.00
02/02/2017 36.68 36.02 37.22 36.91 34904 14631744.76 539523398.00
03/02/2017 36.89 36.83 38.00 37.68 38803 14304291.25 537793752.00
06/02/2017 37.69 37.35 38.07 37.40 24819 8790226.21 330531925.00
07/02/2017 38.69 38.01 38.92 38.13 31563 23045328.29 884761538.00
08/02/2017 38.16 37.92 39.11 39.11 30677 19503200.07 755686793.00
09/02/2017 39.05 38.76 39.84 39.29 46354 20165322.86 793326566.00
10/02/2017 39.30 38.96 39.60 39.42 29246 21250431.83 836628388.00
13/02/2017 39.56 38.84 39.82 39.23 28942 9045623.69 355026142.00
14/02/2017 39.23 38.94 39.56 39.36 24108 12872723.86 505919401.00
15/02/2017 39.69 39.55 41.01 41.01 58230 25847179.87 1044111398.00
16/02/2017 40.69 40.10 41.33 40.21 43440 16788750.74 679883811.00
17/02/2017 39.91 39.65 40.34 40.19 22690 9510888.17 380898557.00
20/02/2017 40.40 40.21 40.69 40.38 10476 4442574.55 179504604.00
21/02/2017 40.81 40.40 40.98 40.85 27791 9371500.00 381233359.00
22/02/2017 40.75 40.48 41.02 40.97 25390 9975100.00 407027593.00
23/02/2017 41.21 40.07 41.51 40.35 38932 16222800.00 660316873.00
24/02/2017 39.90 39.71 40.38 40.03 16238 6325700.00 253264886.00
01/03/2017 40.23 39.82 40.42 39.95 21206 8557100.00 342974393.00
02/03/2017 39.80 39.29 40.00 39.54 22926 8540600.00 338002017.00
03/03/2017 39.80 39.58 40.26 40.26 17312 6311400.00 252409669.00
06/03/2017 40.01 39.67 40.46 40.10 21157 8302500.00 332177681.00
07/03/2017 40.28 39.18 40.28 39.43 16541 7707800.00 305237830.00
08/03/2017 39.50 38.75 39.51 38.98 18895 8613400.00 336288260.00
09/03/2017 38.85 38.60 39.35 39.10 14889 8938300.00 348949769.00
10/03/2017 39.30 38.86 39.86 39.12 21215 9380600.00 369037815.00
13/03/2017 39.36 39.27 39.97 39.83 18755 6517000.00 258430370.00
14/03/2017 39.65 39.44 40.20 39.44 22809 8717300.00 346740321.00
15/03/2017 39.70 39.00 40.03 39.82 26506 14240500.00 562540955.00
16/03/2017 39.85 39.00 39.98 39.31 25588 13725300.00 539848878.00
17/03/2017 39.70 38.18 39.71 38.18 36965 19815400.00 761851348.00
20/03/2017 38.05 37.81 38.77 38.60 28144 11808700.00 452799421.00
21/03/2017 38.48 37.21 38.70 37.77 34155 15885600.00 600959598.00
22/03/2017 37.60 37.52 38.58 38.08 29133 8560100.00 325818328.00
23/03/2017 37.56 37.51 38.17 37.87 21811 8663700.00 327968939.00
24/03/2017 38.00 37.71 38.40 38.28 20402 6511700.00 248357981.00
27/03/2017 37.96 37.68 38.60 38.56 16663 6198500.00 236964812.00
28/03/2017 38.36 37.99 38.69 38.43 16266 9647900.00 370319042.00
29/03/2017 38.32 38.30 39.19 39.00 18187 7876200.00 306142549.00
30/03/2017 39.25 38.33 39.25 38.54 23411 10169300.00 391917329.00
31/03/2017 38.27 37.90 38.61 37.90 17504 9559500.00 365744352.00
03/04/2017 37.99 37.80 38.57 38.52 21014 11315300.00 433409042.00
04/04/2017 38.38 38.23 38.84 38.72 17398 9662000.00 372290937.00
05/04/2017 38.92 37.74 38.98 38.01 25008 9207000.00 352001827.00
06/04/2017 37.90 37.42 38.22 37.71 25244 10279500.00 388664217.00
07/04/2017 37.71 37.50 38.46 38.00 23539 9013900.00 343445278.00
10/04/2017 38.00 37.50 38.25 37.93 14105 12939200.00 490852238.00
11/04/2017 38.10 37.28 38.33 37.86 24719 11541400.00 436677453.00
12/04/2017 37.86 37.57 38.21 37.81 25794 12715700.00 482590780.00
13/04/2017 37.60 37.12 37.88 37.12 22283 8862100.00 331436193.00
17/04/2017 37.35 37.23 38.85 38.78 20670 10678500.00 408494385.00
18/04/2017 38.59 38.23 38.95 38.64 30031 11734000.00 453195389.00
19/04/2017 38.85 38.15 38.90 38.30 23024 8275700.00 318882128.00
20/04/2017 38.50 37.60 38.75 37.74 22301 9895200.00 376797723.00
24/04/2017 38.50 38.16 38.75 38.47 25400 12581700.00 484005647.00
25/04/2017 38.30 38.04 38.80 38.72 18996 7721700.00 297740841.00
26/04/2017 38.44 38.44 39.28 38.79 18851 8597100.00 334579289.00
27/04/2017 39.16 38.93 39.51 39.01 28667 24106900.00 945131336.00
28/04/2017 39.00 38.69 39.37 39.26 25724 10914800.00 426332788.00
02/05/2017 39.60 39.50 40.15 40.05 48248 21728300.00 867750608.00
03/05/2017 40.24 39.04 40.25 39.39 36886 19302700.00 760813531.00
04/05/2017 39.35 37.97 39.55 38.10 30133 13399800.00 515599778.00
05/05/2017 38.29 37.94 38.80 38.70 25315 11477900.00 442236072.00
08/05/2017 38.41 38.41 39.08 38.79 21564 8130600.00 315789377.00
09/05/2017 38.98 38.71 39.10 38.89 16399 5367500.00 208872626.00
10/05/2017 39.30 38.89 39.38 39.08 21348 7995200.00 312618029.00
11/05/2017 39.24 39.03 39.90 39.75 19084 8462800.00 334881731.00
12/05/2017 39.99 39.68 40.20 40.13 29511 18807200.00 753324422.00
15/05/2017 40.15 39.87 40.44 40.30 21575 9478100.00 380836441.00
16/05/2017 40.35 39.86 40.44 40.25 25304 10795000.00 433178336.00
17/05/2017 39.83 39.14 40.13 39.43 25246 13632000.00 538546594.00
18/05/2017 31.70 31.70 35.94 34.68 38294 69309200.00 2420449066.00
19/05/2017 35.75 35.14 36.42 35.58 52768 29108900.00 1043493303.00
22/05/2017 35.19 34.35 35.26 34.88 53971 23885100.00 828669173.00
23/05/2017 35.16 35.03 35.79 35.43 43013 19031000.00 674159405.00
24/05/2017 35.52 35.52 36.37 35.72 42655 19038400.00 684794048.00
25/05/2017 35.98 34.82 36.11 35.05 27240 21670700.00 761601647.00
26/05/2017 35.42 35.41 36.18 36.00 22244 18128100.00 649035773.00
29/05/2017 35.84 35.54 35.86 35.82 16775 4407400.00 157526173.00
30/05/2017 35.79 35.73 36.08 35.93 14176 5333800.00 191519953.00
31/05/2017 35.87 35.52 36.22 35.55 29902 12738700.00 455169311.00
01/06/2017 35.68 34.96 35.82 35.13 24683 8985700.00 317801369.00
02/06/2017 35.48 35.13 35.68 35.48 26437 9360000.00 331676208.00
05/06/2017 35.28 35.20 35.89 35.44 15606 8446500.00 299430385.00
06/06/2017 35.41 35.30 36.17 36.01 19351 12526600.00 448163238.00
07/06/2017 36.35 36.28 36.77 36.60 21865 10371200.00 379742995.00
08/06/2017 36.48 35.91 36.49 36.22 25705 9163500.00 331100744.00
09/06/2017 36.40 35.60 36.49 35.65 24477 10857700.00 388782122.00
12/06/2017 35.55 35.17 35.70 35.65 25550 9631800.00 341086882.00
13/06/2017 35.72 35.70 36.13 36.09 23798 10196600.00 366754991.00
14/06/2017 36.28 36.18 36.81 36.41 45083 20670300.00 755522403.00
16/06/2017 36.28 35.82 36.30 36.15 22172 16685600.00 601967176.00
