20/06/2016 7738.00 7738.00 7891.00 7850.00 399964 169088000.00 2039114850.00
21/06/2016 7850.00 7796.00 7975.00 7972.00 370269 171683700.00 2098643761.00
22/06/2016 7971.00 7820.00 7981.00 7834.00 430937 202895500.00 2372188551.00
23/06/2016 7835.00 7835.00 8054.00 8039.00 385460 188423700.00 2183744591.00
24/06/2016 8040.00 7760.00 8040.00 7856.00 465184 200620200.00 2379748797.00
27/06/2016 7855.00 7717.00 7855.00 7787.00 349865 150079800.00 1910434760.00
28/06/2016 7787.00 7767.00 7896.00 7794.00 397326 193026100.00 2494981382.00
29/06/2016 7794.00 7794.00 7946.00 7918.00 487542 236548100.00 3591525582.00
30/06/2016 7918.00 7844.00 7974.00 7965.00 476788 232557700.00 3219693014.00
01/07/2016 7967.00 7967.00 8072.00 8053.00 443747 244605700.00 3203125116.00
04/07/2016 8053.00 8053.00 8190.00 8155.00 294421 138101100.00 1686789875.00
05/07/2016 8154.00 8037.00 8154.00 8069.00 397034 165332500.00 2163253887.00
06/07/2016 8069.00 7933.00 8069.00 8053.00 365361 183610500.00 2091251920.00
07/07/2016 8053.00 8033.00 8119.00 8055.00 396706 181453800.00 2287988616.00
08/07/2016 8055.00 8055.00 8203.00 8193.00 376955 162809000.00 2405415849.00
11/07/2016 8193.00 8193.00 8297.00 8286.00 380935 173248800.00 2439404576.00
12/07/2016 8287.00 8287.00 8386.00 8338.00 473634 219696500.00 2683226019.00
13/07/2016 8338.00 8281.00 8374.00 8361.00 498051 234853800.00 2598544512.00
14/07/2016 8361.00 8360.00 8470.00 8436.00 482632 217248000.00 2904120185.00
15/07/2016 8436.00 8385.00 8469.00 8467.00 446536 212588600.00 2647234141.00
18/07/2016 8467.00 8417.00 8567.00 8567.00 379731 211215100.00 2553085620.00
19/07/2016 8568.00 8543.00 8633.00 8633.00 399175 201719600.00 2603587780.00
20/07/2016 8634.00 8557.00 8655.00 8581.00 348367 217984500.00 2571970622.00
21/07/2016 8582.00 8558.00 8611.00 8611.00 373250 197338100.00 2299004590.00
22/07/2016 8611.00 8605.00 8723.00 8703.00 353558 179509700.00 2376104889.00
25/07/2016 8705.00 8602.00 8705.00 8662.00 364519 187451400.00 2234231190.00
26/07/2016 8662.00 8635.00 8718.00 8641.00 364294 199516800.00 2563488661.00
27/07/2016 8644.00 8644.00 8691.00 8655.00 404118 217803900.00 2521108101.00
28/07/2016 8655.00 8573.00 8706.00 8706.00 386935 221121900.00 2436560897.00
29/07/2016 8706.00 8649.00 8824.00 8807.00 528648 241225000.00 3194779902.00
01/08/2016 8807.00 8759.00 8851.00 8770.00 437943 267426500.00 2661384625.00
02/08/2016 8770.00 8561.00 8770.00 8647.00 417860 225141800.00 2610305283.00
03/08/2016 8647.00 8564.00 8701.00 8691.00 387788 214134000.00 2286831506.00
04/08/2016 8692.00 8682.00 8829.00 8767.00 435029 237146200.00 2846569758.00
05/08/2016 8767.00 8743.00 8824.00 8813.00 380363 193117900.00 2383297767.00
08/08/2016 8813.00 8791.00 8842.00 8810.00 353666 209100400.00 2338387595.00
09/08/2016 8811.00 8798.00 8860.00 8810.00 356632 188094600.00 2190355846.00
10/08/2016 8810.00 8709.00 8848.00 8739.00 345969 195533200.00 2322687528.00
11/08/2016 8739.00 8734.00 8912.00 8910.00 409514 219047200.00 2645150487.00
12/08/2016 8910.00 8822.00 8939.00 8875.00 422917 199651400.00 2491420379.00
15/08/2016 8875.00 8872.00 9007.00 8972.00 407837 211006200.00 2363375930.00
16/08/2016 8972.00 8879.00 8977.00 8901.00 406533 223153600.00 2683837903.00
17/08/2016 8901.00 8746.00 8935.00 8934.00 496466 241129900.00 3092970380.00
18/08/2016 8934.00 8853.00 8953.00 8885.00 381771 232532700.00 2673568086.00
19/08/2016 8883.00 8824.00 8925.00 8907.00 353372 169334000.00 2157737959.00
22/08/2016 8907.00 8705.00 8908.00 8733.00 398337 190709600.00 2362929960.00
23/08/2016 8733.00 8733.00 8829.00 8748.00 398857 202979500.00 2551692524.00
24/08/2016 8748.00 8681.00 8812.00 8741.00 377987 191459400.00 2335498422.00
25/08/2016 8743.00 8714.00 8786.00 8728.00 377777 180469500.00 2281953128.00
26/08/2016 8729.00 8658.00 8845.00 8721.00 504022 208782600.00 2806281979.00
29/08/2016 8721.00 8720.00 8891.00 8851.00 382075 158932000.00 2091032607.00
30/08/2016 8851.00 8790.00 8863.00 8820.00 338145 149941100.00 2009309019.00
31/08/2016 8820.00 8688.00 8859.00 8769.00 438782 191683300.00 2740535832.00
01/09/2016 8769.00 8728.00 8818.00 8802.00 424928 179582500.00 2731995414.00
02/09/2016 8802.00 8802.00 8993.00 8986.00 443410 208663600.00 2843714136.00
05/09/2016 8986.00 8945.00 9027.00 8946.00 232766 107863600.00 1413808933.00
06/09/2016 8946.00 8913.00 9037.00 9037.00 392384 187375200.00 2615441133.00
08/09/2016 9037.00 8997.00 9088.00 9083.00 518095 231236000.00 3208357389.00
09/09/2016 9083.00 8801.00 9083.00 8814.00 514708 223593400.00 3007222137.00
12/09/2016 8813.00 8727.00 8865.00 8861.00 408732 196524400.00 2392028736.00
13/09/2016 8859.00 8612.00 8859.00 8684.00 526269 226710500.00 2851711055.00
14/09/2016 8685.00 8634.00 8701.00 8684.00 391042 181891700.00 2225276538.00
15/09/2016 8687.00 8687.00 8787.00 8764.00 285205 134918000.00 1971372461.00
16/09/2016 8764.00 8606.00 8764.00 8675.00 338068 204114600.00 2827936461.00
19/09/2016 8675.00 8675.00 8790.00 8711.00 313584 148370600.00 2003541650.00
20/09/2016 8713.00 8707.00 8762.00 8740.00 358353 181730100.00 2239203385.00
21/09/2016 8740.00 8675.00 8826.00 8803.00 443819 204864800.00 2517925198.00
22/09/2016 8803.00 8803.00 8954.00 8866.00 425338 203482300.00 2824890164.00
23/09/2016 8866.00 8817.00 8911.00 8844.00 376772 149825500.00 2123917883.00
26/09/2016 8844.00 8728.00 8844.00 8762.00 278245 121324700.00 1878089783.00
27/09/2016 8761.00 8698.00 8809.00 8794.00 345724 146229800.00 1872707798.00
28/09/2016 8794.00 8794.00 8943.00 8922.00 368643 167597800.00 2230631719.00
29/09/2016 8922.00 8783.00 8967.00 8797.00 386564 166872600.00 2225815498.00
30/09/2016 8796.00 8773.00 8849.00 8781.00 390637 154712700.00 2433705570.00
03/10/2016 8781.00 8781.00 8950.00 8924.00 416240 149887500.00 2354406025.00
04/10/2016 8924.00 8797.00 8941.00 8887.00 390130 158463200.00 2425010302.00
05/10/2016 8888.00 8888.00 9045.00 9022.00 353648 143243700.00 2112472083.00
06/10/2016 9022.00 8973.00 9042.00 9032.00 359778 161291700.00 2189670643.00
07/10/2016 9033.00 8976.00 9070.00 9055.00 410541 210857700.00 2864014921.00
10/10/2016 9055.00 9055.00 9117.00 9105.00 308385 141707600.00 2079231673.00
11/10/2016 9105.00 9013.00 9105.00 9040.00 389198 170088900.00 2631013213.00
13/10/2016 9040.00 8958.00 9064.00 9037.00 569153 267305600.00 4229306476.00
14/10/2016 9037.00 9037.00 9153.00 9083.00 434999 161762800.00 2779306002.00
17/10/2016 9083.00 9083.00 9163.00 9159.00 367508 144574900.00 2420011397.00
18/10/2016 9159.00 9159.00 9307.00 9292.00 474797 201647400.00 3166106715.00
19/10/2016 9293.00 9207.00 9324.00 9234.00 370530 210025500.00 3009435759.00
20/10/2016 9232.00 9102.00 9268.00 9233.00 373467 175364700.00 2405237458.00
21/10/2016 9233.00 9163.00 9290.00 9259.00 353441 204274100.00 2652339709.00
24/10/2016 9266.00 9232.00 9317.00 9239.00 365303 211482600.00 2553198922.00
25/10/2016 9238.00 9138.00 9245.00 9207.00 403437 218323400.00 2876226349.00
26/10/2016 9205.00 9039.00 9205.00 9128.00 465674 260412100.00 3490067243.00
27/10/2016 9129.00 9124.00 9216.00 9127.00 399965 183008900.00 2611883831.00
28/10/2016 9128.00 9105.00 9240.00 9178.00 441774 213044900.00 2920165536.00
31/10/2016 9180.00 9159.00 9257.00 9247.00 422312 204047800.00 2889315811.00
01/11/2016 9246.00 9017.00 9302.00 9031.00 541634 250079600.00 3409501842.00
03/11/2016 9031.00 8819.00 9031.00 8819.00 499150 226543800.00 3201514721.00
04/11/2016 8819.00 8770.00 8940.00 8773.00 493950 215721100.00 2849241741.00
07/11/2016 8774.00 8774.00 9064.00 9042.00 400740 180300300.00 2448665355.00
08/11/2016 9042.00 8974.00 9109.00 9051.00 401275 175572600.00 2355204978.00
09/11/2016 9051.00 8751.00 9051.00 8941.00 531173 280959400.00 3355613962.00
10/11/2016 8941.00 8586.00 8999.00 8662.00 907955 421209100.00 5937650362.00
11/11/2016 8662.00 8345.00 8705.00 8414.00 999999 360981700.00 5393560000.00
14/11/2016 8414.00 8338.00 8545.00 8525.00 833545 295641800.00 3908050792.00
16/11/2016 8525.00 8493.00 8661.00 8657.00 619145 234328800.00 3468956551.00
17/11/2016 8658.00 8575.00 8742.00 8606.00 479626 186748800.00 3193415318.00
18/11/2016 8606.00 8566.00 8659.00 8622.00 446174 174317100.00 2437223142.00
21/11/2016 8623.00 8623.00 8730.00 8681.00 446421 175078100.00 2511166780.00
22/11/2016 8682.00 8682.00 8870.00 8778.00 490152 218204300.00 3167188833.00
23/11/2016 8777.00 8669.00 8777.00 8754.00 461300 214019400.00 2743876853.00
24/11/2016 8754.00 8712.00 8783.00 8734.00 179902 102336500.00 1249460064.00
25/11/2016 8733.00 8628.00 8759.00 8744.00 273686 148578800.00 1955052565.00
28/11/2016 8744.00 8687.00 8905.00 8892.00 373353 146828000.00 2177552791.00
29/11/2016 8889.00 8689.00 8889.00 8689.00 390577 165314800.00 2444791416.00
30/11/2016 8688.00 8668.00 8804.00 8718.00 443989 223452200.00 3414993350.00
01/12/2016 8718.00 8311.00 8718.00 8372.00 853904 266235500.00 3996822924.00
02/12/2016 8369.00 8187.00 8441.00 8432.00 609083 234848500.00 3217703381.00
05/12/2016 8434.00 8357.00 8495.00 8371.00 408210 158802400.00 2311182939.00
06/12/2016 8370.00 8310.00 8568.00 8567.00 498373 197889200.00 2983175335.00
07/12/2016 8568.00 8568.00 8691.00 8652.00 532630 227220300.00 3295678922.00
08/12/2016 8651.00 8501.00 8723.00 8548.00 443015 159743600.00 2417051592.00
09/12/2016 8549.00 8457.00 8594.00 8500.00 455060 188945500.00 3007371502.00
12/12/2016 8498.00 8330.00 8498.00 8355.00 410953 175363700.00 2433315262.00
13/12/2016 8355.00 8289.00 8470.00 8458.00 508970 207154000.00 2993114259.00
14/12/2016 8458.00 8305.00 8466.00 8305.00 501766 211615600.00 2997101787.00
15/12/2016 8305.00 8221.00 8346.00 8337.00 473682 186072800.00 2600918809.00
16/12/2016 8337.00 8337.00 8474.00 8349.00 356950 200731100.00 2896719691.00
19/12/2016 8349.00 8258.00 8375.00 8260.00 355279 188812500.00 2678857767.00
20/12/2016 8262.00 8179.00 8301.00 8236.00 380152 136073200.00 2038080869.00
21/12/2016 8236.00 8213.00 8319.00 8280.00 315220 138906100.00 1977245931.00
22/12/2016 8280.00 8214.00 8313.00 8303.00 347425 133538400.00 1954850448.00
23/12/2016 8303.00 8294.00 8361.00 8342.00 268815 100445100.00 1502368745.00
26/12/2016 8341.00 8341.00 8429.00 8412.00 104190 39720300.00 581413376.00
27/12/2016 8412.00 8407.00 8473.00 8459.00 248077 96954700.00 1360757898.00
28/12/2016 8458.00 8458.00 8582.00 8567.00 278723 107241500.00 1570004692.00
29/12/2016 8567.00 8491.00 8664.00 8654.00 286219 113075000.00 1874666532.00
02/01/2017 8654.00 8539.00 8654.00 8593.00 145941 50380900.00 751474436.00
03/01/2017 8593.00 8593.00 8840.00 8839.00 453305 190031500.00 2880014170.00
04/01/2017 8838.00 8777.00 8869.00 8812.00 411808 182504600.00 2542157543.00
05/01/2017 8814.00 8805.00 8871.00 8817.00 409505 187242900.00 2535035554.00
06/01/2017 8817.00 8688.00 8817.00 8728.00 344995 146243000.00 2098876218.00
09/01/2017 8728.00 8694.00 8788.00 8736.00 359457 135689500.00 1962260351.00
10/01/2017 8739.00 8731.00 8808.00 8755.00 312203 145783300.00 2175160820.00
11/01/2017 8755.00 8654.00 8812.00 8738.00 404442 195653500.00 2692436044.00
12/01/2017 8738.00 8738.00 9006.00 8963.00 714165 275443100.00 4447098979.00
13/01/2017 8956.00 8873.00 8995.00 8908.00 419049 166021000.00 2629071445.00
16/01/2017 8908.00 8868.00 8923.00 8900.00 247469 102555200.00 1413992194.00
17/01/2017 8900.00 8867.00 9011.00 8974.00 447076 174309200.00 2729423146.00
18/01/2017 8974.00 8887.00 9019.00 8895.00 381463 169952800.00 2514634292.00
19/01/2017 8894.00 8850.00 8933.00 8891.00 428445 188544900.00 2971551680.00
20/01/2017 8891.00 8891.00 9001.00 8974.00 431585 192462800.00 2691313660.00
23/01/2017 8973.00 8969.00 9093.00 9084.00 413182 173877400.00 2547077549.00
24/01/2017 9085.00 9061.00 9130.00 9097.00 421031 186305600.00 2815934498.00
26/01/2017 9097.00 9097.00 9189.00 9134.00 450308 188566200.00 3130270858.00
27/01/2017 9133.00 9084.00 9133.00 9108.00 347649 154304400.00 2418118465.00
30/01/2017 9107.00 8890.00 9107.00 8918.00 376065 131353800.00 2060594021.00
31/01/2017 8919.00 8908.00 8973.00 8951.00 388830 158316300.00 2400533151.00
01/02/2017 8951.00 8896.00 9033.00 8916.00 447384 193356800.00 3054593251.00
02/02/2017 8916.00 8884.00 9040.00 8996.00 403606 166459600.00 2505465860.00
03/02/2017 8996.00 8986.00 9118.00 9051.00 515219 190777000.00 3020842728.00
06/02/2017 9053.00 8923.00 9092.00 8927.00 416253 144818800.00 2362598783.00
07/02/2017 8927.00 8890.00 8993.00 8935.00 351681 149192100.00 2395890751.00
08/02/2017 8936.00 8882.00 8968.00 8962.00 384767 147276400.00 2437435534.00
09/02/2017 8962.00 8916.00 9000.00 8977.00 358805 141077600.00 2347919648.00
10/02/2017 8977.00 8966.00 9116.00 9096.00 442449 187122300.00 3008242565.00
13/02/2017 9096.00 9096.00 9191.00 9175.00 459769 171978900.00 2831031849.00
14/02/2017 9176.00 9087.00 9206.00 9158.00 475719 198935300.00 3319604255.00
15/02/2017 9157.00 9157.00 9336.00 9315.00 611075 205775000.00 3611796579.00
16/02/2017 9315.00 9281.00 9347.00 9304.00 435197 196182200.00 3415227705.00
17/02/2017 9304.00 9229.00 9304.00 9294.00 392597 177963400.00 2966494688.00
20/02/2017 9297.00 9297.00 9380.00 9343.00 269193 118101000.00 2047127017.00
21/02/2017 9344.00 9327.00 9395.00 9377.00 441674 182644400.00 2971653983.00
22/02/2017 9377.00 9256.00 9377.00 9278.00 504832 202981500.00 3302692862.00
23/02/2017 9279.00 9132.00 9378.00 9165.00 615699 227292500.00 3690929742.00
24/02/2017 9164.00 9034.00 9164.00 9089.00 505571 178335900.00 3003704777.00
01/03/2017 9089.00 9089.00 9162.00 9124.00 473520 144412400.00 2549084821.00
02/03/2017 9124.00 9015.00 9130.00 9057.00 501976 164427800.00 2819535873.00
03/03/2017 9059.00 9033.00 9156.00 9152.00 401456 150091500.00 2452245693.00
06/03/2017 9152.00 9112.00 9208.00 9131.00 464440 209357000.00 3263393165.00
07/03/2017 9131.00 9077.00 9164.00 9080.00 441332 169245500.00 2780651974.00
08/03/2017 9082.00 8924.00 9093.00 8974.00 500142 229538000.00 3242191853.00
09/03/2017 8974.00 8915.00 9015.00 8935.00 504827 208980900.00 3384635485.00
10/03/2017 8935.00 8935.00 9073.00 9028.00 444782 193226100.00 3249345247.00
13/03/2017 9028.00 9028.00 9134.00 9118.00 352420 123618000.00 2103776882.00
14/03/2017 9117.00 8988.00 9117.00 8996.00 380062 132525100.00 2352461428.00
15/03/2017 8996.00 8959.00 9187.00 9162.00 494659 195322400.00 3495184256.00
16/03/2017 9162.00 9162.00 9248.00 9212.00 394199 148638200.00 2626119781.00
17/03/2017 9213.00 8977.00 9266.00 9015.00 558628 248133200.00 4392746738.00
20/03/2017 9015.00 8910.00 9097.00 9052.00 512776 215022800.00 3946900598.00
21/03/2017 9052.00 8835.00 9063.00 8854.00 591388 196487400.00 3188564484.00
22/03/2017 8853.00 8712.00 8859.00 8857.00 578351 221496700.00 3716162621.00
23/03/2017 8857.00 8791.00 8936.00 8889.00 438614 196171200.00 4107928143.00
24/03/2017 8888.00 8881.00 8959.00 8935.00 399192 156311700.00 3138303494.00
27/03/2017 8935.00 8883.00 8969.00 8954.00 423126 157967300.00 2632138846.00
28/03/2017 8954.00 8944.00 9051.00 9016.00 401914 186300000.00 3376083131.00
29/03/2017 9015.00 8983.00 9084.00 9081.00 418394 173797700.00 4074627280.00
30/03/2017 9081.00 9006.00 9115.00 9048.00 330626 128094500.00 2098818725.00
31/03/2017 9048.00 9015.00 9107.00 9055.00 397705 146949500.00 2583907568.00
03/04/2017 9055.00 9013.00 9079.00 9068.00 336131 173577400.00 2689375031.00
04/04/2017 9067.00 9029.00 9093.00 9091.00 318769 125189300.00 2166355819.00
05/04/2017 9092.00 8994.00 9144.00 9027.00 503369 165034600.00 2774578936.00
06/04/2017 9027.00 8921.00 9046.00 8974.00 458944 162490400.00 2560799443.00
07/04/2017 8974.00 8939.00 9081.00 9018.00 466568 172999800.00 2818641472.00
10/04/2017 9018.00 8944.00 9056.00 8999.00 336947 155401400.00 2590569059.00
11/04/2017 8999.00 8846.00 9061.00 9003.00 473184 172062900.00 2829615991.00
12/04/2017 9004.00 8953.00 9035.00 8966.00 522154 247474800.00 3880942091.00
13/04/2017 8966.00 8861.00 8985.00 8868.00 389412 175739500.00 2620466372.00
17/04/2017 8868.00 8868.00 9033.00 9025.00 399426 172621400.00 2671970499.00
18/04/2017 9025.00 8981.00 9056.00 9027.00 403317 170084800.00 2553637127.00
19/04/2017 9029.00 8919.00 9065.00 8937.00 420843 166507900.00 2458136287.00
20/04/2017 8937.00 8937.00 9034.00 9006.00 376199 171848300.00 2467544234.00
24/04/2017 9006.00 9006.00 9116.00 9054.00 451812 206657800.00 3568813920.00
25/04/2017 9054.00 9004.00 9125.00 9125.00 457647 190667700.00 3314255799.00
26/04/2017 9123.00 9054.00 9136.00 9105.00 421116 202816400.00 3143140139.00
27/04/2017 9106.00 8986.00 9144.00 9060.00 372921 166932700.00 2609023593.00
28/04/2017 9061.00 9045.00 9193.00 9192.00 412468 191450700.00 3345149670.00
02/05/2017 9192.00 9192.00 9404.00 9390.00 601869 200886600.00 3632429773.00
03/05/2017 9389.00 9367.00 9438.00 9381.00 449564 188462500.00 3038228847.00
04/05/2017 9381.00 9202.00 9384.00 9250.00 517034 187772900.00 3136383484.00
05/05/2017 9252.00 9237.00 9327.00 9321.00 369927 158981800.00 2375806319.00
08/05/2017 9319.00 9282.00 9366.00 9311.00 329444 116704000.00 1913036811.00
09/05/2017 9313.00 9313.00 9496.00 9470.00 406852 169720900.00 2752077119.00
10/05/2017 9472.00 9472.00 9636.00 9625.00 506165 186651300.00 3464725957.00
11/05/2017 9625.00 9564.00 9633.00 9578.00 370224 159893000.00 2832462869.00
12/05/2017 9578.00 9578.00 9672.00 9641.00 481448 189803200.00 3403702399.00
15/05/2017 9642.00 9624.00 9677.00 9653.00 426103 179694700.00 3030491615.00
16/05/2017 9654.00 9610.00 9680.00 9668.00 545205 207831800.00 3463655634.00
17/05/2017 9668.00 9469.00 9668.00 9502.00 540772 204904600.00 3280786796.00
18/05/2017 9501.00 8529.00 9501.00 8812.00 999999 536772400.00 8013399638.00
19/05/2017 8812.00 8812.00 9038.00 8960.00 825835 341551400.00 5169546007.00
22/05/2017 8960.00 8724.00 8960.00 8786.00 886118 359504600.00 4962772142.00
23/05/2017 8783.00 8779.00 9008.00 8990.00 615936 310706100.00 3925734344.00
24/05/2017 8990.00 8990.00 9177.00 9109.00 608135 253640000.00 3831227885.00
25/05/2017 9110.00 9110.00 9225.00 9204.00 480445 236870800.00 3308640422.00
26/05/2017 9204.00 9204.00 9312.00 9291.00 476226 218599800.00 3360439046.00
29/05/2017 9285.00 9210.00 9285.00 9258.00 277219 103990100.00 1559427779.00
30/05/2017 9259.00 9242.00 9285.00 9267.00 366991 132095300.00 2112101005.00
31/05/2017 9266.00 9124.00 9277.00 9124.00 620638 286467600.00 5191384545.00
01/06/2017 9124.00 9102.00 9238.00 9113.00 528445 204150400.00 3197823895.00
02/06/2017 9114.00 9101.00 9186.00 9137.00 421103 151780200.00 2462162016.00
05/06/2017 9137.00 9077.00 9153.00 9104.00 404299 146530000.00 2447819228.00
06/06/2017 9104.00 9093.00 9208.00 9185.00 433069 176302900.00 2694989414.00
07/06/2017 9186.00 9169.00 9258.00 9230.00 494295 168660300.00 2729602969.00
08/06/2017 9230.00 9097.00 9230.00 9153.00 432401 157160700.00 2475594781.00
09/06/2017 9153.00 9058.00 9195.00 9098.00 499426 188973800.00 3055291632.00
12/06/2017 9098.00 8959.00 9098.00 8996.00 473801 171761900.00 2650760311.00
13/06/2017 8995.00 8955.00 9022.00 8998.00 348777 135776800.00 2220794774.00
14/06/2017 8998.00 8917.00 9058.00 8992.00 501806 210971200.00 3735927241.00
16/06/2017 8988.00 8935.00 9017.00 8991.00 427888 247681800.00 4439391586.00
