20/06/2016 74.50 73.18 74.50 73.24 12 810.00 59403.90
21/06/2016 72.87 72.80 73.53 73.43 12 1300.00 95338.50
22/06/2016 73.30 72.65 73.42 72.74 18 2100.00 152996.30
23/06/2016 72.92 72.60 72.97 72.84 11 8360.00 608571.40
24/06/2016 71.51 70.73 71.90 70.87 29 8090.00 577040.00
27/06/2016 70.87 69.90 70.87 69.93 27 28050.00 1965187.70
28/06/2016 69.78 68.92 69.78 69.41 19 10900.00 756617.80
29/06/2016 69.50 68.74 69.50 69.16 18 9660.00 666569.00
30/06/2016 68.50 67.50 69.53 69.48 45 15950.00 1101593.00
01/07/2016 70.00 69.60 70.50 70.07 29 28220.00 1975826.40
04/07/2016 70.50 69.65 71.75 69.65 7 280.00 19584.00
05/07/2016 71.10 70.88 71.20 71.12 31 8180.00 580724.20
06/07/2016 72.00 71.36 72.25 72.20 19 12290.00 885802.50
07/07/2016 72.35 72.35 72.80 72.75 14 10060.00 731883.10
08/07/2016 72.80 72.10 72.80 72.47 12 9070.00 655550.70
11/07/2016 75.41 72.70 75.41 73.02 20 8610.00 628033.80
12/07/2016 75.39 72.67 75.39 73.15 18 10850.00 791844.60
13/07/2016 73.17 72.65 73.17 72.65 6 380.00 27682.60
14/07/2016 74.39 72.14 74.39 72.79 19 46760.00 3387715.50
15/07/2016 72.90 72.69 73.14 73.00 23 4720.00 343751.00
18/07/2016 73.00 72.70 73.06 72.70 38 33340.00 2427931.70
19/07/2016 73.10 72.70 73.24 72.71 10 8220.00 598936.30
20/07/2016 72.91 72.70 73.15 72.87 10 7440.00 543001.20
21/07/2016 73.02 73.02 73.41 73.35 11 4780.00 350151.20
22/07/2016 73.40 73.10 73.94 73.15 22 2080.00 152554.00
25/07/2016 73.52 73.40 73.57 73.57 7 1280.00 94117.50
26/07/2016 73.46 73.22 73.46 73.25 12 530.00 38833.60
27/07/2016 73.38 73.13 73.51 73.13 11 31740.00 2326531.20
28/07/2016 73.14 73.05 73.93 73.93 14 6020.00 443205.70
29/07/2016 72.80 72.52 73.40 72.75 36 539620.00 39145017.40
01/08/2016 72.75 72.75 73.45 73.20 21 55530.00 4064401.90
02/08/2016 72.70 72.26 72.70 72.70 18 1160.00 84070.20
03/08/2016 72.50 72.34 73.21 72.37 19 5860.00 424528.80
04/08/2016 72.41 71.38 72.41 71.38 11 500.00 35899.80
05/08/2016 71.74 71.38 71.77 71.38 17 14810.00 1058640.80
08/08/2016 71.61 71.25 71.77 71.25 14 2040.00 145688.30
09/08/2016 71.04 70.79 71.13 70.90 10 660.00 46862.50
10/08/2016 70.15 70.15 70.74 70.30 19 15810.00 1113577.20
11/08/2016 70.66 70.66 71.10 70.90 9 400.00 28321.00
12/08/2016 71.00 71.00 72.06 71.84 18 8170.00 585790.00
15/08/2016 71.70 71.70 72.24 72.24 12 540.00 38915.10
16/08/2016 73.15 71.70 73.15 71.88 20 920.00 66107.20
17/08/2016 73.15 72.28 73.15 72.28 13 21110.00 1526105.10
18/08/2016 72.50 72.50 73.16 73.12 8 670.00 48846.20
19/08/2016 72.84 72.34 72.87 72.34 15 9540.00 691817.80
22/08/2016 72.34 72.29 72.69 72.29 9 360.00 26099.70
23/08/2016 72.73 72.70 73.26 73.03 21 7340.00 536061.20
24/08/2016 73.07 72.56 73.07 72.56 9 1240.00 90279.90
25/08/2016 72.79 72.47 72.91 72.47 21 15850.00 1149749.10
26/08/2016 72.52 72.15 73.29 73.29 20 13200.00 963571.80
29/08/2016 73.00 72.87 73.62 72.99 13 800.00 58437.90
30/08/2016 73.59 72.89 73.59 72.89 11 21780.00 1588339.00
31/08/2016 72.55 72.37 72.89 72.55 21 70810.00 5137591.90
01/09/2016 72.16 72.16 72.93 72.93 26 10850.00 789403.70
02/09/2016 75.40 73.10 75.40 73.21 25 5580.00 408923.80
05/09/2016 73.20 73.20 73.22 73.22 2 40.00 2928.40
06/09/2016 73.00 72.39 73.05 72.57 41 13220.00 963109.60
08/09/2016 72.46 71.91 72.66 72.66 27 2250.00 163006.70
09/09/2016 73.17 72.33 73.17 72.33 64 44560.00 3226929.20
12/09/2016 72.51 72.43 72.72 72.53 27 10500.00 761707.10
13/09/2016 72.53 70.48 73.18 73.11 22 13710.00 998174.80
14/09/2016 73.45 73.39 73.62 73.62 10 11720.00 862087.00
15/09/2016 73.72 73.52 73.95 73.52 11 980.00 72194.30
16/09/2016 73.00 72.33 73.12 72.33 17 9320.00 678508.70
19/09/2016 72.58 72.41 72.73 72.68 20 11560.00 840032.60
20/09/2016 73.00 72.15 73.00 72.19 22 8120.00 587040.70
21/09/2016 72.50 71.78 72.50 71.78 17 5770.00 414926.00
22/09/2016 72.01 72.01 72.70 72.66 23 33780.00 2447751.10
23/09/2016 72.55 72.55 72.67 72.63 14 12500.00 907537.60
26/09/2016 72.63 71.79 72.63 72.08 19 760.00 54724.00
27/09/2016 71.98 71.95 72.34 72.21 12 8110.00 585597.50
28/09/2016 72.20 72.20 72.53 72.38 14 8180.00 592119.30
29/09/2016 72.40 72.14 72.56 72.43 17 21740.00 1575198.80
30/09/2016 71.80 71.80 73.13 72.67 14 4390.00 319634.40
03/10/2016 72.20 71.38 72.20 71.38 21 18080.00 1296447.20
04/10/2016 71.00 71.00 72.82 72.20 33 10900.00 786489.30
05/10/2016 72.20 71.68 72.43 71.68 18 10660.00 766522.50
06/10/2016 72.30 71.93 72.30 71.93 5 140.00 10112.40
07/10/2016 71.68 71.60 72.00 71.60 28 5280.00 378545.50
10/10/2016 72.10 71.64 72.20 71.64 29 56980.00 4082632.00
11/10/2016 71.00 70.60 71.70 70.60 22 3620.00 257266.80
13/10/2016 70.24 70.10 70.54 70.10 16 13410.00 941790.60
14/10/2016 70.82 70.61 70.99 70.61 23 18340.00 1296602.40
17/10/2016 70.50 70.35 71.00 70.41 25 6130.00 432110.10
18/10/2016 70.00 70.00 70.73 70.49 20 3970.00 279893.10
19/10/2016 70.49 70.15 70.64 70.15 22 4030.00 283786.30
20/10/2016 70.00 69.58 70.20 69.60 26 2400.00 167476.10
21/10/2016 69.80 69.80 70.13 69.80 26 9240.00 646092.90
24/10/2016 69.50 69.00 71.00 69.43 23 2990.00 207781.30
25/10/2016 69.75 68.93 69.75 68.95 28 15520.00 1071287.10
26/10/2016 70.00 69.10 70.49 69.43 24 2810.00 195247.50
27/10/2016 69.65 69.63 69.88 69.80 9 900.00 62770.30
28/10/2016 70.50 70.15 70.60 70.37 25 5260.00 370577.80
31/10/2016 71.75 70.30 71.75 70.30 33 9810.00 692936.60
01/11/2016 70.30 69.50 71.58 70.53 36 4680.00 332283.30
03/11/2016 70.63 70.02 70.63 70.02 18 3730.00 261577.00
04/11/2016 70.31 69.85 70.47 69.85 20 3790.00 265521.50
07/11/2016 70.50 70.11 70.76 70.50 36 3450.00 243198.60
08/11/2016 72.50 68.62 72.50 70.08 20 1170.00 82354.30
09/11/2016 70.08 70.08 72.25 72.25 35 47330.00 3407953.70
10/11/2016 72.26 72.25 76.25 76.25 51 66890.00 5078583.60
11/11/2016 75.86 75.80 78.48 75.86 31 11170.00 849858.90
14/11/2016 79.00 76.80 79.00 76.80 49 110770.00 8549525.50
16/11/2016 76.26 76.26 77.36 77.20 24 24230.00 1869857.20
17/11/2016 76.27 76.27 77.68 77.35 21 5350.00 413221.90
18/11/2016 79.25 76.40 79.25 76.40 31 10940.00 837890.20
21/11/2016 78.50 76.08 78.50 76.22 31 6390.00 487946.50
22/11/2016 77.00 76.52 77.00 76.52 20 1960.00 150166.70
23/11/2016 77.60 77.30 77.97 77.30 48 3820.00 295978.20
24/11/2016 79.00 77.30 79.00 77.30 4 110.00 8621.90
25/11/2016 78.99 78.06 78.99 78.07 33 6580.00 514679.40
28/11/2016 77.96 77.53 77.98 77.53 44 205000.00 15894046.00
29/11/2016 79.25 77.69 79.75 77.84 20 1050.00 81805.20
30/11/2016 79.75 77.00 79.75 77.36 8 120.00 9385.90
01/12/2016 77.19 77.19 79.32 78.74 41 739220.00 58259745.20
02/12/2016 79.00 78.50 79.07 79.07 26 1230.00 97024.30
05/12/2016 79.50 78.30 79.50 78.30 24 140570.00 11051774.10
06/12/2016 79.50 77.89 79.50 78.28 33 6570.00 514722.80
07/12/2016 78.99 77.76 79.03 78.72 29 2100.00 164747.00
08/12/2016 79.50 78.70 79.50 78.70 20 7280.00 573471.40
09/12/2016 77.50 77.50 79.18 79.18 24 4010.00 316615.20
12/12/2016 78.94 78.20 79.80 78.20 42 10140.00 794528.70
13/12/2016 78.20 78.20 78.75 78.75 13 2060.00 161803.90
14/12/2016 78.09 78.09 79.23 79.23 37 33010.00 2604308.80
15/12/2016 79.00 79.00 80.05 79.15 43 9640.00 766378.50
16/12/2016 78.51 78.51 80.23 79.50 32 20980.00 1671730.20
19/12/2016 81.22 79.13 81.23 79.13 18 7610.00 604105.60
20/12/2016 81.00 78.78 81.00 78.98 36 2810.00 222340.10
21/12/2016 80.55 78.05 80.55 78.05 26 26250.00 2052984.40
22/12/2016 78.05 77.05 78.05 77.05 38 2060.00 159376.20
23/12/2016 77.50 76.65 77.50 76.71 22 1250.00 96066.20
26/12/2016 78.20 78.20 78.21 78.20 3 130.00 10166.90
27/12/2016 80.00 77.01 80.00 77.01 17 2820.00 219505.90
28/12/2016 77.00 76.32 77.10 76.41 159 3410.00 261338.20
29/12/2016 76.10 75.50 76.10 75.96 41 103800.00 7863414.90
02/01/2017 76.41 76.00 78.65 78.64 12 290.00 22345.50
03/01/2017 79.00 75.78 79.00 76.25 579 18590.00 1415660.00
04/01/2017 77.00 75.64 77.30 75.94 1534 84280.00 6398522.70
05/01/2017 75.56 75.13 75.57 75.26 655 78090.00 5877383.70
06/01/2017 75.57 75.26 76.36 76.30 821 37300.00 2839043.10
09/01/2017 77.60 75.32 77.70 75.44 920 40180.00 3039986.80
10/01/2017 75.38 75.00 75.67 75.24 53 4470.00 337204.60
11/01/2017 75.77 74.85 76.11 75.29 36 79510.00 5988636.10
12/01/2017 75.23 74.36 75.23 75.10 44 7060.00 527081.20
13/01/2017 75.10 75.10 76.05 75.84 34 5770.00 437539.40
16/01/2017 75.25 75.25 76.94 76.93 13 570.00 43351.20
17/01/2017 76.20 75.37 76.30 75.51 52 12890.00 974746.60
18/01/2017 75.01 75.00 75.99 75.81 32 5080.00 385172.30
19/01/2017 76.94 75.20 76.94 75.25 18 3630.00 273499.20
20/01/2017 76.93 74.71 76.93 74.80 42 11140.00 835121.30
23/01/2017 76.94 74.24 76.94 74.33 40 6860.00 510968.00
24/01/2017 74.50 74.47 75.17 75.03 23 2830.00 212001.40
26/01/2017 75.95 75.70 76.19 75.80 43 18590.00 1411831.90
27/01/2017 75.61 74.81 75.61 74.81 35 41340.00 3097162.00
30/01/2017 74.82 73.56 74.82 73.92 55 58500.00 4317216.20
31/01/2017 75.12 73.81 75.12 74.36 41 328840.00 24406716.30
01/02/2017 74.30 73.20 75.05 74.04 43 15010.00 1116795.50
02/02/2017 76.20 73.80 76.20 73.83 48 6720.00 497231.10
03/02/2017 74.99 74.09 74.99 74.44 25 9440.00 701617.90
06/02/2017 75.89 74.20 75.89 74.23 53 2600.00 193323.00
07/02/2017 74.15 74.15 74.83 74.37 49 58680.00 4373834.80
08/02/2017 75.88 74.20 75.88 74.31 23 1750.00 130040.70
09/02/2017 75.68 74.84 75.68 75.11 31 5900.00 442532.20
10/02/2017 75.67 74.81 75.67 74.90 32 3200.00 239668.40
13/02/2017 75.68 75.21 76.20 75.21 33 32580.00 2454285.60
14/02/2017 75.30 74.82 75.55 74.82 33 5120.00 384641.30
15/02/2017 74.90 74.46 74.90 74.68 46 26030.00 1942477.20
16/02/2017 74.68 74.49 75.90 75.27 59 45720.00 3425600.30
17/02/2017 75.72 75.42 75.72 75.50 20 16220.00 1226182.50
20/02/2017 76.20 75.99 77.00 75.99 10 250.00 19041.90
21/02/2017 76.20 75.86 76.25 76.25 45 5710.00 434524.80
22/02/2017 76.00 75.28 76.10 75.28 50 40180.00 3027133.70
23/02/2017 75.28 75.19 75.39 75.20 31 25840.00 1943837.30
24/02/2017 75.97 75.95 76.49 76.45 64 124340.00 9491480.80
01/03/2017 77.00 77.00 77.51 77.15 44 3520.00 272017.10
02/03/2017 77.30 77.30 78.41 78.19 65 4370.00 341206.00
03/03/2017 78.19 77.15 78.19 77.40 741 20960.00 1624124.30
06/03/2017 77.40 76.75 77.69 77.69 46 2840.00 219831.70
07/03/2017 77.00 76.70 77.20 76.70 42 163910.00 12575707.40
08/03/2017 77.99 77.62 78.45 78.04 172 4330.00 337482.50
09/03/2017 78.86 78.00 78.86 78.76 39 32290.00 2538958.80
10/03/2017 80.00 77.44 80.00 77.65 165 9480.00 735874.80
13/03/2017 77.99 77.76 78.03 77.83 42 55980.00 4355039.20
14/03/2017 77.50 77.50 78.40 78.16 35 6040.00 472299.50
15/03/2017 78.05 77.18 78.36 77.40 29 9720.00 753398.90
16/03/2017 77.08 76.98 77.40 77.30 35 3030.00 234061.70
17/03/2017 77.30 76.84 77.30 76.95 66 90200.00 6938761.70
20/03/2017 76.70 75.92 76.70 76.00 52 66650.00 5068967.90
21/03/2017 76.00 75.38 76.00 75.40 53 28690.00 2167166.40
22/03/2017 75.75 75.40 75.83 75.83 34 20370.00 1540993.40
23/03/2017 76.70 76.40 76.95 76.60 23 7550.00 578140.60
24/03/2017 76.69 75.63 76.70 76.40 45 80440.00 6137108.70
27/03/2017 76.40 75.62 76.40 76.20 38 5890.00 449160.90
28/03/2017 76.25 76.25 77.20 77.10 33 30690.00 2359974.50
29/03/2017 76.63 76.52 76.76 76.60 34 15200.00 1164787.20
30/03/2017 76.84 76.84 77.50 77.40 24 23030.00 1779210.60
31/03/2017 78.65 76.50 78.65 76.50 44 37840.00 2897626.30
03/04/2017 77.01 76.08 77.01 76.46 131 76370.00 5845864.60
04/04/2017 77.00 76.00 77.10 76.09 32 4070.00 310503.00
05/04/2017 76.30 76.06 76.60 76.30 60 16110.00 1228854.70
06/04/2017 76.60 76.41 77.23 77.15 37 13290.00 1020696.30
07/04/2017 77.15 76.69 77.49 77.29 25 1600.00 123377.00
10/04/2017 77.40 76.96 77.53 77.09 45 2640.00 203610.60
11/04/2017 76.90 76.65 77.07 77.00 31 2080.00 159739.60
12/04/2017 76.90 76.60 77.12 76.60 29 4790.00 367944.80
13/04/2017 76.18 76.18 76.56 76.36 25 5130.00 391724.90
17/04/2017 75.63 75.47 75.98 75.97 45 15450.00 1171101.20
18/04/2017 75.97 75.43 76.15 76.05 63 51030.00 3867365.00
19/04/2017 76.16 76.16 76.85 76.72 69 190540.00 14602488.90
20/04/2017 76.30 76.30 77.80 77.35 34 20740.00 1602915.60
24/04/2017 78.49 76.65 78.49 77.40 47 14450.00 1117095.30
25/04/2017 78.42 78.34 78.77 78.43 73 51190.00 4018446.50
26/04/2017 79.06 78.83 79.95 78.83 79 128880.00 10192611.80
27/04/2017 78.97 78.80 79.22 79.22 22 1200.00 94856.40
28/04/2017 79.80 78.76 79.86 78.90 30 3720.00 294350.20
02/05/2017 78.90 78.28 79.03 78.43 50 21990.00 1724682.50
03/05/2017 78.43 78.09 78.67 78.61 63 59070.00 4633803.50
04/05/2017 79.00 78.98 79.44 79.30 54 45850.00 3632906.60
05/05/2017 79.30 79.03 79.31 79.29 25 14230.00 1127770.50
08/05/2017 80.00 79.66 80.48 79.75 33 3460.00 276390.70
09/05/2017 79.75 79.54 79.75 79.59 31 8050.00 640621.40
10/05/2017 78.89 78.80 79.13 79.08 37 25110.00 1983430.80
11/05/2017 79.08 78.36 79.08 78.56 38 6650.00 522434.40
12/05/2017 78.43 77.75 78.43 77.81 42 22830.00 1776966.90
15/05/2017 77.79 77.45 77.92 77.82 51 10800.00 840071.70
16/05/2017 78.60 77.32 78.60 77.55 128 239610.00 18568661.30
17/05/2017 77.29 76.70 77.30 76.90 932 50310.00 3869691.70
18/05/2017 79.99 79.10 84.03 83.50 228 79740.00 6562110.00
19/05/2017 82.50 80.10 82.50 80.70 101 116950.00 9486297.20
22/05/2017 81.86 81.51 82.53 81.51 47 18010.00 1475692.70
23/05/2017 82.50 81.29 82.50 81.65 44 42570.00 3475368.90
24/05/2017 82.60 81.34 84.50 82.42 47 20680.00 1700660.30
25/05/2017 82.40 82.40 83.15 82.44 1856 65140.00 5383604.50
26/05/2017 82.00 82.00 84.00 82.36 1244 28720.00 2362519.90
29/05/2017 83.85 83.00 84.00 84.00 6 280.00 23306.00
30/05/2017 84.00 82.08 84.00 82.11 1236 27960.00 2298957.30
31/05/2017 82.50 81.18 82.50 81.36 28 4730.00 385129.10
01/06/2017 81.52 81.43 82.33 82.25 24 26750.00 2196600.80
02/06/2017 82.50 82.11 82.85 82.67 32 4240.00 350374.60
05/06/2017 82.75 82.75 83.80 83.65 75 52310.00 4374614.40
06/06/2017 83.14 83.13 83.55 83.13 50 39510.00 3291912.90
07/06/2017 83.27 82.98 83.38 83.11 29 27880.00 2317301.30
08/06/2017 83.55 82.85 83.56 82.85 38 24210.00 2013745.50
09/06/2017 83.00 83.00 83.66 83.45 25 2980.00 248383.60
12/06/2017 83.45 83.30 84.16 83.91 44 26060.00 2187562.30
13/06/2017 84.50 84.15 84.80 84.22 33 14990.00 1264774.30
14/06/2017 83.86 83.32 83.89 83.51 2799 99910.00 8345186.00
16/06/2017 83.62 83.23 83.62 83.59 23 9190.00 767177.90
