20/06/2016 1.84 1.82 1.84 1.82 6 5700.00 10492.00
21/06/2016 1.88 1.88 1.88 1.88 3 2508.00 4708.00
24/06/2016 1.76 1.76 1.76 1.76 2 2280.00 4020.00
27/06/2016 1.69 1.69 1.69 1.69 1 228.00 385.00
29/06/2016 1.68 1.66 1.68 1.68 5 2508.00 4209.00
30/06/2016 1.84 1.84 1.88 1.86 5 15504.00 28924.00
11/07/2016 1.88 1.88 1.88 1.88 3 1140.00 2145.00
12/07/2016 1.57 1.57 1.87 1.87 4 912.00 1505.00
14/07/2016 1.88 1.64 1.93 1.93 6 1824.00 3290.00
15/07/2016 2.02 1.97 2.02 1.97 3 912.00 1830.00
19/07/2016 2.06 1.97 2.06 1.97 4 3876.00 7784.00
20/07/2016 2.06 2.06 2.12 2.12 6 2280.00 4722.00
21/07/2016 2.12 2.12 2.12 2.12 2 912.00 1936.00
28/07/2016 2.15 2.15 2.15 2.15 4 2280.00 4900.00
01/08/2016 1.98 1.97 2.08 2.08 8 4788.00 9792.00
02/08/2016 1.82 1.75 1.92 1.82 19 12084.00 21390.00
03/08/2016 1.84 1.82 1.86 1.82 7 7524.00 13739.00
04/08/2016 1.83 1.83 1.86 1.84 6 4332.00 8000.00
05/08/2016 1.86 1.75 1.86 1.75 10 3876.00 7017.00
29/12/2016 1.75 1.75 1.75 1.75 1 100.00 175.00
02/01/2017 1.75 1.75 1.75 1.75 3 2200.00 3850.00
03/01/2017 1.75 1.75 1.76 1.76 3 1800.00 3151.00
04/01/2017 1.76 1.76 1.90 1.76 10 4200.00 7611.00
05/01/2017 1.87 1.78 1.87 1.78 10 12300.00 22319.00
06/01/2017 1.75 1.72 1.79 1.79 3 4100.00 7149.00
09/01/2017 1.71 1.70 1.83 1.83 6 2400.00 4121.00
10/01/2017 1.71 1.71 1.76 1.76 5 3800.00 6598.00
11/01/2017 1.78 1.76 1.78 1.76 4 3300.00 5811.00
12/01/2017 1.75 1.75 1.75 1.75 2 200.00 350.00
13/01/2017 1.74 1.74 1.77 1.77 5 2000.00 3521.00
16/01/2017 1.82 1.82 1.82 1.82 1 100.00 182.00
17/01/2017 1.80 1.80 1.83 1.82 3 1600.00 2909.00
18/01/2017 1.82 1.82 2.49 2.20 32 17300.00 35271.00
19/01/2017 2.31 2.09 2.42 2.09 40 23400.00 54391.00
20/01/2017 2.08 2.05 2.31 2.30 18 8400.00 17977.00
23/01/2017 2.23 2.13 2.23 2.14 22 18900.00 40575.00
24/01/2017 2.20 2.01 2.25 2.03 22 7500.00 16052.00
26/01/2017 2.05 1.98 2.33 2.33 37 39600.00 83718.00
27/01/2017 2.20 2.11 2.33 2.13 24 13200.00 28906.00
30/01/2017 2.30 2.30 2.76 2.75 94 29500.00 75924.00
31/01/2017 2.81 2.45 2.96 2.58 112 55700.00 147745.00
01/02/2017 2.60 2.40 2.68 2.51 39 20100.00 50039.00
02/02/2017 2.58 2.46 2.65 2.65 29 13100.00 33642.00
03/02/2017 2.54 2.42 2.62 2.48 30 20300.00 50523.00
06/02/2017 2.46 2.40 2.46 2.41 18 13900.00 33792.00
07/02/2017 2.40 2.35 2.49 2.49 6 2500.00 5968.00
08/02/2017 2.43 2.20 2.44 2.35 29 11600.00 26276.00
09/02/2017 2.48 2.23 2.48 2.23 27 16800.00 38194.00
10/02/2017 2.24 2.24 2.44 2.24 22 7700.00 17386.00
13/02/2017 2.24 2.24 2.25 2.25 2 2000.00 4490.00
14/02/2017 2.19 2.12 2.19 2.12 13 6000.00 12979.00
15/02/2017 2.12 2.10 2.22 2.12 20 7500.00 16093.00
16/02/2017 2.29 2.11 2.30 2.11 14 5400.00 12005.00
17/02/2017 2.11 2.11 2.19 2.19 7 900.00 1917.00
20/02/2017 2.10 2.05 2.16 2.08 32 16200.00 33807.00
21/02/2017 2.20 2.13 2.23 2.23 24 7300.00 15872.00
22/02/2017 2.23 2.15 2.23 2.15 14 4500.00 9740.00
23/02/2017 2.15 2.11 2.15 2.11 5 800.00 1693.00
24/02/2017 2.08 2.00 2.18 2.03 25 11200.00 22953.00
01/03/2017 2.07 2.03 2.07 2.07 7 3600.00 7409.00
02/03/2017 2.11 2.03 2.11 2.03 7 3200.00 6645.00
03/03/2017 2.07 2.02 2.07 2.02 3 1500.00 3035.00
06/03/2017 2.09 2.00 2.10 2.00 12 6500.00 13117.00
07/03/2017 2.00 2.00 2.01 2.00 5 1200.00 2401.00
08/03/2017 2.01 1.96 2.08 1.96 9 2700.00 5349.00
09/03/2017 1.98 1.95 2.00 2.00 13 10800.00 21226.00
13/03/2017 1.95 1.87 2.09 2.09 17 10700.00 20568.00
14/03/2017 1.95 1.91 2.07 2.07 7 5600.00 10876.00
15/03/2017 1.99 1.99 1.99 1.99 3 3900.00 7761.00
16/03/2017 2.06 2.06 2.06 2.06 2 200.00 412.00
20/03/2017 1.98 1.98 2.01 2.01 5 2700.00 5349.00
21/03/2017 1.90 1.90 1.90 1.90 3 800.00 1520.00
22/03/2017 1.88 1.86 1.88 1.86 3 1300.00 2439.00
23/03/2017 3.20 2.86 5.58 5.50 1529 889400.00 3472809.00
24/03/2017 5.00 3.75 5.48 3.90 785 393100.00 1809217.00
27/03/2017 3.77 3.35 4.04 3.56 180 70100.00 252406.00
28/03/2017 3.75 3.45 3.75 3.52 66 25600.00 90391.00
29/03/2017 3.50 3.20 3.63 3.40 73 25500.00 85573.00
30/03/2017 3.68 3.35 3.68 3.45 24 7700.00 26556.00
31/03/2017 3.32 3.15 3.48 3.15 54 23500.00 75838.00
03/04/2017 3.39 3.16 4.38 3.79 261 99700.00 385145.00
04/04/2017 3.84 3.51 3.95 3.60 79 34600.00 129418.00
05/04/2017 3.79 3.24 3.79 3.24 45 18200.00 61298.00
06/04/2017 3.21 3.21 3.30 3.30 9 2100.00 6831.00
07/04/2017 3.17 2.99 3.17 2.99 26 7400.00 22591.00
10/04/2017 2.98 2.91 3.02 2.94 18 4300.00 12656.00
11/04/2017 2.82 2.80 3.85 3.41 127 57200.00 187517.00
12/04/2017 3.35 3.01 3.35 3.20 64 24400.00 77422.00
13/04/2017 3.25 3.08 3.33 3.08 35 13900.00 44530.00
17/04/2017 3.10 3.01 3.10 3.08 14 5500.00 16893.00
18/04/2017 3.15 3.15 3.68 3.22 50 27900.00 94591.00
19/04/2017 3.21 3.10 3.44 3.30 51 13300.00 42987.00
20/04/2017 3.15 3.11 3.43 3.31 39 14300.00 46300.00
24/04/2017 3.25 3.18 3.30 3.18 27 13200.00 42460.00
25/04/2017 3.24 2.90 3.24 2.90 68 41700.00 124578.00
26/04/2017 2.96 2.86 3.03 2.90 31 6500.00 19070.00
27/04/2017 2.91 2.80 2.91 2.83 14 7900.00 22298.00
28/04/2017 2.92 2.90 2.92 2.92 12 6200.00 18004.00
02/05/2017 2.91 2.82 2.92 2.83 27 8300.00 23918.00
03/05/2017 2.87 2.80 2.98 2.80 35 12200.00 35123.00
04/05/2017 2.74 2.58 2.74 2.58 25 7800.00 20747.00
05/05/2017 2.62 2.62 2.72 2.68 8 1300.00 3487.00
08/05/2017 2.79 2.66 2.79 2.73 15 5000.00 13403.00
09/05/2017 2.84 2.74 2.92 2.74 32 9600.00 27154.00
10/05/2017 2.94 2.90 3.25 3.02 57 20800.00 64020.00
11/05/2017 3.03 2.80 3.03 2.80 43 17300.00 49434.00
12/05/2017 2.92 2.88 2.98 2.95 29 13500.00 39522.00
15/05/2017 2.97 2.83 2.97 2.83 16 4700.00 13325.00
16/05/2017 2.90 2.83 2.94 2.83 22 8600.00 24648.00
17/05/2017 2.88 2.88 2.88 2.88 4 800.00 2304.00
18/05/2017 2.77 2.55 2.77 2.58 16 12700.00 33632.00
19/05/2017 2.61 2.61 2.75 2.65 17 4200.00 11232.00
22/05/2017 2.55 2.25 2.55 2.39 14 3100.00 7384.00
23/05/2017 2.35 2.28 2.35 2.35 14 6900.00 15913.00
24/05/2017 2.38 2.25 2.40 2.40 23 4800.00 11256.00
25/05/2017 2.32 2.32 2.58 2.57 9 1800.00 4340.00
26/05/2017 2.41 2.41 2.50 2.44 9 2700.00 6628.00
29/05/2017 2.63 2.63 2.75 2.74 16 3300.00 8855.00
30/05/2017 2.75 2.62 2.80 2.62 10 3400.00 9090.00
31/05/2017 2.60 2.30 2.60 2.48 41 31200.00 75289.00
01/06/2017 2.48 2.40 2.58 2.50 28 9500.00 23497.00
02/06/2017 2.50 2.50 2.50 2.50 1 300.00 750.00
05/06/2017 2.40 2.40 2.59 2.59 9 4300.00 10439.00
06/06/2017 2.44 2.35 2.44 2.37 17 5800.00 13785.00
07/06/2017 2.50 2.43 2.50 2.44 15 5800.00 14267.00
08/06/2017 2.43 2.31 2.46 2.32 11 3400.00 7991.00
09/06/2017 2.42 2.42 2.43 2.43 3 1100.00 2672.00
12/06/2017 2.33 2.33 2.34 2.33 3 1200.00 2806.00
13/06/2017 2.33 2.33 2.44 2.38 17 5400.00 12898.00
14/06/2017 2.43 2.35 2.44 2.43 11 3200.00 7768.00
16/06/2017 2.44 2.40 2.44 2.40 5 1900.00 4615.00
