29/06/2016 1.74 1.74 2.03 2.03 5 2756.30 5100.00
01/07/2016 2.28 2.28 2.28 2.28 2 689.07 1570.00
13/07/2016 1.80 1.80 1.89 1.89 3 1033.61 1892.00
18/07/2016 2.11 2.11 2.11 2.11 1 344.54 728.00
01/08/2016 1.94 1.94 1.94 1.94 1 344.54 667.00
05/08/2016 2.02 2.02 2.02 2.02 1 344.54 696.00
02/01/2017 2.05 2.05 2.05 2.05 1 200.00 410.00
04/01/2017 2.14 2.14 2.35 2.35 5 1700.00 3819.00
05/01/2017 2.34 2.34 2.34 2.34 1 100.00 234.00
13/01/2017 2.05 1.95 2.05 1.99 20 14300.00 28380.00
16/01/2017 2.06 2.04 2.13 2.13 9 3800.00 7967.00
18/01/2017 2.14 2.10 2.30 2.11 19 12100.00 26297.00
19/01/2017 2.30 2.30 2.60 2.35 28 9500.00 22882.00
20/01/2017 2.27 2.27 2.82 2.80 16 4500.00 11384.00
24/01/2017 2.76 2.63 2.76 2.63 5 1300.00 3458.00
26/01/2017 2.63 2.52 2.76 2.52 11 6100.00 16098.00
27/01/2017 2.52 2.52 2.52 2.52 2 2500.00 6300.00
30/01/2017 2.68 2.68 2.68 2.68 1 100.00 268.00
31/01/2017 2.70 2.35 2.70 2.35 11 5800.00 14881.00
01/02/2017 2.65 2.65 2.69 2.65 6 1800.00 4814.00
02/02/2017 2.65 2.60 2.65 2.60 6 1100.00 2885.00
06/02/2017 2.46 2.40 2.46 2.40 5 2300.00 5586.00
08/02/2017 2.16 2.14 2.34 2.34 12 2900.00 6352.00
09/02/2017 2.22 2.20 2.34 2.20 9 5200.00 11496.00
10/02/2017 2.24 2.18 2.24 2.18 15 4000.00 8820.00
13/02/2017 2.20 2.18 2.23 2.18 11 6200.00 13535.00
14/02/2017 2.18 2.17 2.18 2.18 4 700.00 1524.00
15/02/2017 2.20 2.17 2.20 2.17 4 900.00 1963.00
16/02/2017 2.18 2.18 2.24 2.24 7 2700.00 6035.00
17/02/2017 2.20 2.20 2.27 2.27 6 1700.00 3775.00
20/02/2017 2.20 2.13 2.20 2.13 15 5700.00 12299.00
21/02/2017 2.27 2.26 2.27 2.26 4 800.00 1815.00
22/02/2017 2.10 2.10 2.10 2.10 3 300.00 630.00
23/02/2017 2.13 2.02 2.13 2.10 6 1200.00 2510.00
24/02/2017 2.05 2.05 2.06 2.06 5 1600.00 3288.00
01/03/2017 2.25 2.15 2.25 2.15 4 800.00 1750.00
03/03/2017 2.15 2.15 2.15 2.15 1 100.00 215.00
06/03/2017 2.07 2.07 2.07 2.07 3 900.00 1863.00
07/03/2017 2.10 2.05 2.25 2.05 8 3300.00 7233.00
08/03/2017 2.25 2.06 2.25 2.12 16 10700.00 23453.00
09/03/2017 2.03 1.97 2.03 1.97 5 3300.00 6681.00
13/03/2017 1.97 1.97 1.97 1.97 2 500.00 985.00
14/03/2017 1.98 1.98 1.98 1.98 1 100.00 198.00
15/03/2017 2.05 1.98 2.05 1.99 5 3500.00 6970.00
17/03/2017 1.97 1.87 1.97 1.87 8 2100.00 3983.00
20/03/2017 1.94 1.90 1.94 1.90 4 2900.00 5514.00
21/03/2017 1.90 1.81 1.90 1.85 9 4800.00 8989.00
23/03/2017 2.70 2.70 5.20 5.04 381 172600.00 607467.00
24/03/2017 5.04 3.61 5.04 3.73 284 105500.00 453903.00
27/03/2017 3.70 3.13 3.70 3.23 67 23000.00 78075.00
28/03/2017 3.38 3.17 3.60 3.17 41 20500.00 68602.00
29/03/2017 3.13 3.00 3.13 3.02 18 5400.00 16510.00
30/03/2017 3.08 3.08 3.08 3.08 2 500.00 1540.00
31/03/2017 3.07 3.04 3.35 3.16 23 9500.00 29953.00
03/04/2017 3.04 3.01 3.65 3.51 71 24800.00 87633.00
04/04/2017 3.51 3.22 3.60 3.23 25 11300.00 39045.00
05/04/2017 3.30 2.92 3.39 2.92 57 32800.00 104061.00
06/04/2017 3.05 2.93 3.05 2.93 9 3100.00 9308.00
07/04/2017 2.95 2.95 2.95 2.95 1 100.00 295.00
10/04/2017 2.91 2.80 2.91 2.85 9 3300.00 9316.00
11/04/2017 2.76 2.70 3.35 3.07 65 29700.00 87963.00
12/04/2017 2.95 2.84 2.95 2.84 4 2500.00 7284.00
13/04/2017 2.87 2.80 2.93 2.80 14 5800.00 16663.00
17/04/2017 2.87 2.87 2.87 2.87 1 100.00 287.00
18/04/2017 2.81 2.80 3.35 3.00 67 37300.00 115503.00
19/04/2017 3.02 3.01 3.29 3.24 34 12800.00 40260.00
20/04/2017 3.20 3.05 3.36 3.05 31 13700.00 43822.00
24/04/2017 3.05 2.94 3.05 2.94 13 5400.00 16214.00
25/04/2017 2.98 2.83 2.98 2.83 14 2900.00 8362.00
26/04/2017 2.85 2.85 3.05 2.85 22 15300.00 44322.00
27/04/2017 2.80 2.66 2.80 2.66 42 24300.00 66241.00
28/04/2017 2.70 2.70 2.94 2.94 17 7400.00 20612.00
02/05/2017 2.96 2.95 2.96 2.95 4 1100.00 3255.00
03/05/2017 2.76 2.76 3.00 2.84 28 11100.00 31506.00
04/05/2017 2.75 2.75 2.75 2.75 1 500.00 1375.00
08/05/2017 2.76 2.66 2.76 2.69 17 7200.00 19321.00
09/05/2017 2.69 2.69 2.95 2.71 70 27600.00 76822.00
10/05/2017 2.91 2.88 3.45 2.88 169 75600.00 238651.00
11/05/2017 3.28 2.75 3.28 2.80 50 22700.00 68130.00
12/05/2017 2.89 2.87 3.24 2.88 67 29600.00 89779.00
15/05/2017 2.99 2.81 3.00 2.91 31 13800.00 40193.00
16/05/2017 3.00 2.99 3.09 3.00 16 10900.00 32956.00
17/05/2017 3.00 2.98 3.09 2.98 16 7800.00 23819.00
18/05/2017 2.85 2.70 2.85 2.75 20 11900.00 33140.00
19/05/2017 2.66 2.66 3.03 2.95 19 10100.00 29219.00
22/05/2017 2.64 2.54 2.64 2.60 16 8500.00 22098.00
23/05/2017 2.49 2.20 2.73 2.20 106 40000.00 95736.00
24/05/2017 2.27 2.20 2.35 2.20 51 20600.00 45917.00
25/05/2017 2.24 2.24 2.39 2.39 23 12200.00 27844.00
26/05/2017 2.30 2.20 2.32 2.22 43 14600.00 33349.00
29/05/2017 2.15 2.15 2.65 2.59 54 27800.00 67757.00
30/05/2017 2.80 2.55 2.90 2.55 59 45500.00 125365.00
31/05/2017 2.60 2.37 2.60 2.47 16 5500.00 13714.00
01/06/2017 2.33 2.33 2.56 2.35 25 7000.00 16772.00
02/06/2017 2.35 2.31 2.40 2.31 6 800.00 1869.00
05/06/2017 2.56 2.35 2.56 2.35 21 6900.00 16872.00
06/06/2017 2.32 2.24 2.32 2.24 15 6800.00 15564.00
07/06/2017 2.47 2.30 2.47 2.31 15 8300.00 19708.00
08/06/2017 2.30 2.25 2.35 2.35 10 2000.00 4571.00
09/06/2017 2.45 2.36 2.45 2.36 5 1900.00 4506.00
12/06/2017 2.38 2.38 2.38 2.38 2 200.00 476.00
13/06/2017 2.35 2.33 2.35 2.33 3 3400.00 7924.00
14/06/2017 2.22 2.20 2.24 2.21 13 4300.00 9517.00
16/06/2017 2.23 2.22 2.24 2.22 10 4700.00 10453.00
