05/07/2016 20.05 20.05 20.05 20.05 1 104.76 2100.00
12/08/2016 22.91 22.91 22.91 22.91 2 209.52 4800.00
23/08/2016 23.86 23.86 23.86 23.86 1 104.76 2500.00
11/10/2016 23.39 23.39 23.39 23.39 1 104.76 2450.00
18/10/2016 23.39 23.39 23.39 23.39 1 104.76 2450.00
19/10/2016 22.91 22.91 22.91 22.91 4 838.08 19200.00
20/10/2016 22.91 22.91 22.91 22.91 1 104.76 2400.00
21/10/2016 22.91 22.91 22.91 22.91 3 314.28 7200.00
24/10/2016 21.95 21.95 21.95 21.95 3 523.80 11500.00
25/10/2016 21.48 21.48 21.48 21.48 2 209.52 4500.00
01/11/2016 21.00 21.00 21.00 21.00 3 314.28 6600.00
04/11/2016 19.19 19.09 19.19 19.09 6 1466.64 28101.00
06/12/2016 19.09 19.09 19.09 19.09 1 104.76 2000.00
07/12/2016 19.09 19.09 19.09 19.09 1 419.04 8000.00
09/12/2016 19.09 19.09 19.09 19.09 1 104.76 2000.00
13/12/2016 19.09 19.09 19.09 19.09 1 104.76 2000.00
23/02/2017 19.09 19.09 19.09 19.09 2 209.52 4000.00
15/05/2017 20.00 20.00 20.00 20.00 1 100.00 2000.00
