06/07/2016 16.29 16.29 16.29 16.29 2 312.99 5100.00
07/07/2016 16.29 16.29 16.29 16.29 1 104.33 1700.00
11/08/2016 21.09 21.09 21.09 21.09 1 104.33 2200.00
19/10/2016 23.00 23.00 23.00 23.00 1 208.66 4800.00
13/01/2017 20.12 20.12 20.12 20.12 3 521.64 10495.00
23/01/2017 19.17 19.17 19.17 19.17 2 208.66 4000.00
26/01/2017 20.13 20.13 20.13 20.13 4 1043.29 21000.00
23/02/2017 19.17 19.17 19.17 19.17 2 1043.29 20000.00
03/03/2017 19.17 19.17 19.17 19.17 1 104.33 2000.00
10/03/2017 18.45 18.45 18.69 18.69 3 1251.95 23125.00
24/03/2017 19.14 19.14 19.14 19.14 1 104.33 1997.00
27/03/2017 19.17 19.11 19.17 19.11 5 730.30 13988.00
05/04/2017 19.17 19.17 19.17 19.17 1 104.33 2000.00
09/05/2017 22.50 22.50 22.50 22.50 1 200.00 4500.00
11/05/2017 22.50 22.50 22.50 22.50 2 500.00 11250.00
18/05/2017 20.00 20.00 20.00 20.00 1 100.00 2000.00
19/05/2017 20.01 20.01 20.01 20.01 2 200.00 4002.00
23/05/2017 20.00 20.00 20.00 20.00 1 100.00 2000.00
24/05/2017 20.00 20.00 20.00 20.00 1 100.00 2000.00
