20/06/2016 108.32 105.73 108.32 105.73 2 43000.00 4657501.00
21/06/2016 105.67 105.67 105.67 105.67 1 2900.00 306443.00
22/06/2016 106.20 106.20 106.20 106.20 1 1100.00 116820.00
23/06/2016 106.85 106.73 106.85 106.73 2 800.00 85468.00
24/06/2016 103.45 101.69 103.45 101.69 3 3500.00 361798.00
27/06/2016 97.85 97.85 97.85 97.85 1 4600.00 450110.00
28/06/2016 98.36 98.03 98.36 98.03 3 1600.00 157296.00
29/06/2016 98.88 98.68 98.88 98.68 2 700.00 69176.00
30/06/2016 99.34 99.34 99.34 99.34 1 300.00 29802.00
01/07/2016 98.32 97.70 98.32 98.00 3 10800.00 1055252.00
04/07/2016 99.58 99.58 99.58 99.58 1 100.00 9958.00
05/07/2016 96.24 96.24 98.95 98.95 3 1600.00 156721.00
06/07/2016 97.41 97.41 97.41 97.41 1 800.00 77928.00
07/07/2016 100.83 100.83 101.57 101.57 2 4000.00 403394.00
08/07/2016 101.75 101.30 101.75 101.51 4 1300.00 132154.00
11/07/2016 103.66 102.90 103.66 102.90 3 3000.00 308879.00
12/07/2016 103.00 103.00 103.00 103.00 1 100.00 10300.00
13/07/2016 103.00 103.00 103.00 103.00 1 100.00 10300.00
14/07/2016 103.40 103.40 103.81 103.81 2 1700.00 176436.00
15/07/2016 103.98 103.98 104.30 104.30 3 2300.00 239346.00
18/07/2016 103.48 103.48 103.48 103.48 1 300.00 31044.00
19/07/2016 103.48 103.48 103.48 103.48 1 100.00 10348.00
20/07/2016 103.75 103.56 103.75 103.56 3 3800.00 393655.00
21/07/2016 105.12 104.25 105.12 104.25 3 2000.00 209757.00
22/07/2016 104.30 104.30 104.30 104.30 1 1200.00 125160.00
25/07/2016 104.63 104.63 104.63 104.63 1 300.00 31389.00
26/07/2016 104.45 104.45 104.45 104.45 1 100.00 10445.00
27/07/2016 104.74 104.74 105.25 104.95 3 500.00 52493.00
28/07/2016 104.61 104.61 104.70 104.70 2 1500.00 156924.00
01/08/2016 103.96 103.10 104.45 103.91 4 1900.00 197967.00
02/08/2016 103.40 103.40 103.44 103.44 3 800.00 82732.00
03/08/2016 104.35 104.24 104.35 104.24 2 1400.00 146079.00
05/08/2016 105.83 104.58 105.83 104.58 5 7000.00 737734.00
09/08/2016 103.18 103.18 103.18 103.18 2 500.00 51590.00
10/08/2016 102.70 102.70 102.70 102.70 1 21400.00 2197780.00
11/08/2016 102.49 102.34 102.49 102.34 3 1200.00 122943.00
12/08/2016 102.80 102.80 103.68 103.50 4 1400.00 145028.00
15/08/2016 104.03 104.03 104.04 104.04 2 600.00 62420.00
16/08/2016 104.58 104.58 104.58 104.58 1 1100.00 115038.00
17/08/2016 105.42 104.57 105.42 104.57 3 500.00 52540.00
18/08/2016 106.28 106.17 106.28 106.17 2 500.00 53129.00
19/08/2016 104.65 104.65 105.55 105.34 4 500.00 52567.00
22/08/2016 105.57 105.02 105.57 105.02 2 300.00 31616.00
23/08/2016 106.00 106.00 106.45 106.15 3 600.00 63750.00
25/08/2016 106.25 106.25 106.25 106.25 2 400.00 42500.00
26/08/2016 107.80 107.75 107.80 107.75 2 1200.00 129355.00
29/08/2016 108.25 107.82 108.25 107.82 3 800.00 86428.00
30/08/2016 109.06 108.22 109.06 108.22 2 1400.00 151844.00
31/08/2016 109.24 109.24 109.24 109.24 1 100.00 10924.00
01/09/2016 109.40 109.38 109.75 109.75 4 7000.00 765833.00
02/09/2016 109.20 109.20 109.20 109.20 1 400.00 43680.00
06/09/2016 107.75 107.70 108.50 107.70 7 4800.00 517950.00
09/09/2016 109.50 109.50 109.50 109.50 1 1700.00 186150.00
12/09/2016 109.25 108.64 109.25 108.64 3 1000.00 108986.00
13/09/2016 109.41 109.41 109.41 109.41 1 200.00 21882.00
14/09/2016 110.66 110.64 110.66 110.64 2 300.00 33196.00
15/09/2016 110.75 109.99 110.75 109.99 2 1000.00 110674.00
16/09/2016 109.48 107.45 109.48 108.30 4 9300.00 1015162.00
19/09/2016 108.33 108.19 108.33 108.19 2 5300.00 573869.00
20/09/2016 107.97 107.97 107.97 107.97 1 600.00 64782.00
22/09/2016 107.90 107.90 107.90 107.90 1 400.00 43160.00
23/09/2016 120.87 108.40 120.87 108.92 3 6300.00 756545.00
26/09/2016 106.60 106.13 106.60 106.13 2 2000.00 213153.00
27/09/2016 107.22 106.78 107.22 106.78 2 400.00 42844.00
28/09/2016 106.99 106.99 108.03 108.03 2 500.00 53807.00
29/09/2016 107.20 106.60 107.20 106.60 2 3500.00 375140.00
30/09/2016 108.65 108.65 108.65 108.65 1 100.00 10865.00
03/10/2016 105.00 105.00 106.47 106.47 2 600.00 63441.00
04/10/2016 108.14 108.14 108.14 108.14 1 100.00 10814.00
05/10/2016 109.00 108.76 109.00 108.76 2 200.00 21776.00
06/10/2016 108.82 108.82 108.82 108.82 1 200.00 21764.00
07/10/2016 108.80 108.80 109.33 109.16 4 7300.00 798039.00
10/10/2016 110.15 109.98 110.15 109.98 2 1300.00 143161.00
13/10/2016 108.15 107.38 108.15 107.38 3 1800.00 194362.00
14/10/2016 107.70 107.38 107.70 107.38 2 400.00 43048.00
17/10/2016 107.25 107.25 107.25 107.25 1 800.00 85800.00
18/10/2016 107.45 107.45 107.45 107.45 2 1000.00 107450.00
19/10/2016 108.32 108.04 108.32 108.04 3 2200.00 238036.00
20/10/2016 107.60 107.06 107.60 107.06 2 800.00 86026.00
21/10/2016 107.60 107.60 108.30 107.91 3 1900.00 205552.00
24/10/2016 107.11 107.11 107.90 107.90 3 1900.00 203704.00
25/10/2016 106.43 106.43 107.32 107.32 2 3700.00 393880.00
26/10/2016 108.75 108.19 108.75 108.23 4 2000.00 217088.00
27/10/2016 109.00 109.00 109.48 109.48 2 1100.00 119996.00
28/10/2016 109.77 109.72 110.26 110.26 6 1900.00 208787.00
31/10/2016 110.35 110.27 110.35 110.27 2 1400.00 154482.00
01/11/2016 111.99 111.99 111.99 111.99 7 2100.00 235179.00
03/11/2016 110.70 110.49 110.70 110.49 2 400.00 44259.00
04/11/2016 110.12 109.55 110.12 109.55 2 500.00 55003.00
07/11/2016 111.69 111.69 111.69 111.69 1 200.00 22338.00
08/11/2016 111.45 111.45 111.45 111.45 1 1100.00 122595.00
09/11/2016 117.45 117.45 118.94 118.94 2 4800.00 563909.00
10/11/2016 118.00 118.00 128.50 128.23 6 4300.00 549665.00
11/11/2016 129.20 129.20 129.92 129.92 2 400.00 51752.00
14/11/2016 135.00 135.00 138.03 135.72 9 9700.00 1320011.00
16/11/2016 132.44 132.00 133.18 132.51 5 3900.00 518382.00
17/11/2016 133.75 133.46 133.75 133.46 2 2700.00 360893.00
18/11/2016 130.80 130.80 132.08 131.53 4 1900.00 250407.00
21/11/2016 131.15 130.47 131.15 130.47 2 9900.00 1298317.00
23/11/2016 134.25 133.53 134.25 133.53 3 12200.00 1630197.00
25/11/2016 134.75 133.95 134.88 134.15 4 800.00 107699.00
28/11/2016 133.31 132.67 133.31 132.67 2 700.00 93125.00
30/11/2016 135.22 135.22 135.22 135.22 1 1700.00 229874.00
01/12/2016 141.61 141.61 141.96 141.86 3 5600.00 794196.00
02/12/2016 140.25 140.25 141.50 141.50 2 4500.00 631250.00
05/12/2016 141.51 141.51 142.42 142.42 2 2200.00 313051.00
06/12/2016 141.74 141.74 142.00 142.00 2 300.00 42548.00
07/12/2016 142.13 142.00 142.50 142.50 5 6100.00 866466.00
08/12/2016 143.95 142.69 144.20 142.69 3 600.00 86319.00
09/12/2016 142.62 142.62 142.62 142.62 1 900.00 128358.00
12/12/2016 141.08 141.08 141.85 141.85 2 10100.00 1428527.00
13/12/2016 140.47 140.47 140.79 140.79 2 1000.00 140566.00
15/12/2016 144.84 144.84 144.84 144.84 1 1300.00 188292.00
16/12/2016 144.58 144.20 144.58 144.20 3 600.00 86700.00
19/12/2016 143.58 143.58 143.72 143.72 2 800.00 114934.00
20/12/2016 143.45 143.45 144.75 144.75 2 500.00 71855.00
21/12/2016 144.55 144.55 144.55 144.55 1 200.00 28910.00
22/12/2016 142.82 142.82 143.94 143.94 2 300.00 42958.00
23/12/2016 140.50 140.50 142.27 142.27 3 500.00 70567.00
27/12/2016 141.75 141.75 141.75 141.75 1 800.00 113400.00
28/12/2016 141.73 141.73 142.66 142.66 2 900.00 127743.00
29/12/2016 138.91 138.91 138.91 138.91 2 3100.00 430621.00
03/01/2017 138.91 138.91 141.13 141.13 3 800.00 112016.00
04/01/2017 139.93 139.93 139.93 139.93 1 100.00 13993.00
06/01/2017 138.50 138.50 138.50 138.50 1 400.00 55400.00
09/01/2017 138.21 138.21 138.21 138.21 1 200.00 27642.00
13/01/2017 139.26 139.26 139.26 139.26 1 100.00 13926.00
16/01/2017 140.26 140.26 140.26 140.26 1 100.00 14026.00
17/01/2017 135.22 134.54 135.22 135.17 3 2900.00 391625.00
18/01/2017 134.77 134.77 134.77 134.77 1 300.00 40431.00
19/01/2017 135.73 132.85 135.73 132.85 4 25600.00 3473856.00
20/01/2017 132.50 132.50 133.33 132.91 3 800.00 106539.00
23/01/2017 133.28 133.28 133.28 133.28 1 100.00 13328.00
24/01/2017 134.14 134.14 134.97 134.21 3 1800.00 241549.00
26/01/2017 137.14 136.89 137.91 137.91 3 1600.00 219457.00
27/01/2017 136.73 136.73 136.73 136.73 1 300.00 41019.00
30/01/2017 134.41 134.41 134.50 134.50 2 1100.00 147869.00
31/01/2017 133.64 132.35 133.64 132.35 2 1400.00 186967.00
01/02/2017 134.35 132.49 134.35 132.49 8 800.00 107294.00
02/02/2017 133.70 131.71 133.70 131.71 2 1900.00 253831.00
03/02/2017 134.70 134.64 136.35 136.35 7 3300.00 446121.00
06/02/2017 135.35 135.35 135.35 135.35 2 900.00 121815.00
07/02/2017 134.79 134.79 134.79 134.79 1 800.00 107832.00
08/02/2017 133.97 133.46 133.97 133.46 2 1300.00 174110.00
09/02/2017 135.90 135.90 135.90 135.90 1 1500.00 203850.00
10/02/2017 135.00 135.00 136.10 136.10 2 400.00 54330.00
13/02/2017 137.28 137.28 137.31 137.31 2 1900.00 260844.00
14/02/2017 137.64 137.64 138.02 138.02 3 2800.00 385658.00
15/02/2017 138.15 138.15 138.15 138.15 1 800.00 110520.00
16/02/2017 138.22 138.22 138.82 138.82 2 500.00 69170.00
17/02/2017 139.55 138.97 139.55 138.97 3 900.00 125479.00
21/02/2017 140.07 140.07 140.07 140.07 1 300.00 42021.00
22/02/2017 139.19 139.19 139.19 139.19 1 100.00 13919.00
23/02/2017 138.71 138.71 139.32 139.05 3 500.00 69545.00
24/02/2017 138.91 138.91 139.94 139.94 5 2800.00 390184.00
01/03/2017 144.53 144.50 144.98 144.98 4 3800.00 550626.00
02/03/2017 146.12 145.02 146.12 145.02 2 900.00 131398.00
03/03/2017 145.00 144.36 145.00 144.47 4 800.00 115627.00
06/03/2017 143.88 143.88 143.88 143.88 1 1200.00 172656.00
07/03/2017 142.65 142.06 142.65 142.06 2 400.00 57001.00
09/03/2017 145.62 145.62 146.57 146.57 2 800.00 116591.00
10/03/2017 142.45 142.45 142.45 142.45 1 100.00 14245.00
13/03/2017 144.49 144.29 144.49 144.29 2 300.00 43307.00
14/03/2017 144.62 144.62 144.62 144.62 1 800.00 115696.00
15/03/2017 142.74 142.74 142.74 142.74 1 1100.00 157014.00
16/03/2017 142.88 142.88 142.88 142.88 1 600.00 85728.00
17/03/2017 142.18 140.51 142.18 140.51 4 7000.00 984402.00
20/03/2017 139.31 138.97 139.31 138.97 2 700.00 97483.00
21/03/2017 134.73 134.44 134.73 134.44 2 3000.00 404132.00
22/03/2017 135.40 135.40 135.40 135.40 1 100.00 13540.00
23/03/2017 136.99 136.70 136.99 136.70 2 900.00 123262.00
24/03/2017 136.05 136.05 136.05 136.05 1 400.00 54420.00
27/03/2017 135.08 135.08 135.08 135.08 2 700.00 94556.00
28/03/2017 139.10 139.10 139.10 139.10 1 2200.00 306020.00
03/04/2017 135.64 135.64 135.64 135.64 1 100.00 13564.00
05/04/2017 135.46 135.46 135.46 135.46 1 100.00 13546.00
07/04/2017 135.95 135.80 135.95 135.80 2 2700.00 367050.00
10/04/2017 134.58 134.58 134.86 134.86 2 2500.00 336618.00
11/04/2017 134.32 134.32 134.32 134.32 1 7300.00 980536.00
12/04/2017 133.76 133.76 133.76 133.76 1 100.00 13376.00
13/04/2017 133.47 133.47 133.61 133.61 2 600.00 80096.00
17/04/2017 131.95 131.95 131.95 131.95 1 5000.00 659750.00
18/04/2017 132.49 132.49 132.49 132.49 1 600.00 79494.00
20/04/2017 134.47 134.47 134.47 134.47 1 300.00 40341.00
24/04/2017 137.88 137.13 137.88 137.13 4 4900.00 673962.00
25/04/2017 139.11 139.11 139.11 139.11 1 700.00 97377.00
26/04/2017 141.11 140.40 141.11 140.40 2 500.00 70271.00
27/04/2017 139.46 139.46 139.46 139.46 11 1100.00 153406.00
28/04/2017 138.17 138.17 138.17 138.17 2 1000.00 138170.00
02/05/2017 136.45 135.56 136.45 135.56 4 3100.00 422876.00
03/05/2017 136.83 136.83 136.83 136.83 1 1000.00 136830.00
04/05/2017 138.36 138.36 138.36 138.36 1 600.00 83016.00
05/05/2017 137.25 137.25 137.76 137.76 2 200.00 27501.00
08/05/2017 137.75 137.75 139.33 139.33 2 3300.00 459631.00
10/05/2017 137.82 137.82 137.82 137.82 1 100.00 13782.00
12/05/2017 135.25 135.25 136.04 136.04 2 700.00 95149.00
15/05/2017 135.52 135.52 135.52 135.52 1 4900.00 664048.00
16/05/2017 135.50 135.50 135.50 135.50 1 500.00 67750.00
17/05/2017 131.80 131.80 131.80 131.80 1 2900.00 382220.00
18/05/2017 140.14 140.14 140.32 140.32 2 2200.00 308686.00
19/05/2017 139.35 139.10 139.35 139.10 2 1400.00 195040.00
22/05/2017 139.19 139.19 139.19 139.19 1 2600.00 361894.00
23/05/2017 139.88 139.88 139.88 139.88 1 1000.00 139880.00
24/05/2017 140.77 140.77 140.77 140.77 1 500.00 70385.00
26/05/2017 138.90 138.90 139.00 139.00 3 1000.00 138940.00
29/05/2017 139.61 139.61 139.61 139.61 1 100.00 13961.00
30/05/2017 136.64 136.64 137.27 137.27 2 4200.00 575400.00
31/05/2017 132.45 132.45 133.27 132.50 29 7600.00 1009516.00
01/06/2017 133.41 133.41 134.89 134.89 5 1900.00 254359.00
02/06/2017 133.15 133.15 135.00 133.96 3 1200.00 160416.00
05/06/2017 136.05 136.02 136.05 136.02 2 1700.00 231264.00
07/06/2017 137.37 137.37 137.37 137.37 1 1400.00 192318.00
08/06/2017 139.38 138.55 139.38 139.29 4 2600.00 361134.00
09/06/2017 141.77 141.77 141.77 141.77 1 2300.00 326071.00
12/06/2017 143.35 143.35 144.31 143.57 3 4000.00 575370.00
13/06/2017 144.42 144.42 144.42 144.42 1 100.00 14442.00
16/06/2017 142.06 142.06 142.06 142.06 1 1400.00 198884.00
