27/10/2016 3063.70 3063.70 3063.80 3063.80 3 210.00 32169660.00
01/11/2016 3185.70 3185.70 3185.80 3185.80 2 205.00 32654215.00
10/11/2016 3232.70 3232.70 3232.70 3232.70 3 160.00 25861600.00
16/11/2016 3176.20 3170.00 3176.20 3170.00 4 20.00 3171550.00
24/11/2016 3033.70 3033.70 3035.90 3035.90 3 105.00 15935725.00
25/11/2016 3071.80 3071.80 3071.80 3071.80 1 10.00 1535900.00
28/11/2016 3064.10 3049.00 3064.10 3049.00 8 645.00 98461800.00
29/11/2016 3056.00 3043.20 3056.10 3050.00 9 87.00 13258935.00
30/11/2016 3036.70 2994.40 3036.80 2994.40 7 260.00 39016125.00
01/12/2016 3065.80 3065.80 3065.80 3065.80 2 455.00 69746950.00
02/12/2016 3082.00 3073.30 3082.00 3073.30 3 30.00 4614750.00
05/12/2016 3041.40 3041.40 3041.40 3041.40 2 10.00 1520700.00
07/12/2016 3005.90 3005.90 3005.90 3005.90 2 23.00 3456785.00
08/12/2016 2981.40 2981.40 2981.40 2981.40 2 105.00 15652350.00
09/12/2016 2945.90 2938.90 2945.90 2938.90 3 21.00 3087770.00
12/12/2016 2931.00 2931.00 2931.00 2931.00 2 5.00 732750.00
13/12/2016 2924.00 2924.00 2924.00 2924.00 1 5.00 731000.00
14/12/2016 2915.30 2905.00 2918.60 2905.50 9 383.00 55785140.00
15/12/2016 2935.00 2873.60 2936.70 2873.60 10 190.00 27547895.00
16/12/2016 2879.00 2879.00 2898.70 2898.70 3 21.00 3028675.00
19/12/2016 2905.40 2887.10 2905.40 2887.10 3 71.00 10254695.00
20/12/2016 2859.00 2852.60 2859.00 2852.70 4 175.00 24963985.00
21/12/2016 2840.00 2840.00 2840.00 2840.00 3 235.00 33370000.00
22/12/2016 2836.00 2821.70 2836.00 2821.70 5 270.00 38207350.00
23/12/2016 2796.50 2796.50 2796.50 2796.50 3 45.00 6292125.00
26/12/2016 2806.50 2806.50 2806.50 2806.50 2 5.00 701625.00
27/12/2016 2803.00 2800.00 2803.00 2800.00 5 138.00 19327200.00
28/12/2016 2798.00 2795.00 2798.00 2797.00 6 513.00 71710350.00
