29/11/2016 3108.90 3108.90 3108.90 3108.90 3 150.00 23316750.00
04/01/2017 2799.40 2799.30 2799.40 2799.30 2 12.00 1679590.00
05/01/2017 2828.20 2828.20 2828.20 2828.20 2 70.00 9898700.00
06/01/2017 2803.30 2803.30 2803.40 2803.40 2 6.00 841015.00
18/01/2017 2876.10 2876.10 2876.20 2876.20 2 6.00 862855.00
23/01/2017 2808.20 2808.20 2808.30 2808.30 2 24.00 3369920.00
24/01/2017 2821.50 2821.40 2821.50 2821.50 4 51.00 7194700.00
26/01/2017 2799.70 2799.70 2811.10 2803.90 7 350.00 49148925.00
27/01/2017 2780.20 2754.00 2780.20 2754.00 10 337.00 46643145.00
30/01/2017 2770.90 2753.00 2770.90 2768.30 11 155.00 21447325.00
31/01/2017 2774.00 2774.00 2812.40 2812.40 6 136.00 18971505.00
02/02/2017 2790.80 2790.40 2800.80 2790.40 4 16.00 2237605.00
03/02/2017 2788.60 2784.90 2788.60 2784.90 4 65.00 9058350.00
06/02/2017 2794.30 2794.30 2812.00 2812.00 4 40.00 5597420.00
07/02/2017 2800.00 2799.00 2800.00 2799.00 12 175.00 24499300.00
08/02/2017 2800.10 2798.40 2810.30 2809.80 10 158.00 22157100.00
09/02/2017 2777.60 2777.60 2777.60 2777.60 1 90.00 12499200.00
10/02/2017 2766.10 2765.80 2766.10 2765.80 2 26.00 3595555.00
14/02/2017 2737.00 2715.30 2737.00 2715.30 4 131.00 17911465.00
15/02/2017 2706.70 2687.90 2706.70 2687.90 8 243.00 32683760.00
16/02/2017 2700.70 2687.90 2723.30 2723.30 6 209.00 28192415.00
17/02/2017 2752.00 2745.00 2752.00 2745.00 4 8.00 1098900.00
20/02/2017 2734.80 2734.80 2734.80 2734.80 1 35.00 4785900.00
21/02/2017 2729.50 2727.80 2729.50 2727.80 6 265.00 36146910.00
22/02/2017 2731.00 2730.00 2731.00 2730.00 3 57.00 7783250.00
23/02/2017 2713.00 2711.00 2724.50 2722.00 10 270.00 36646000.00
