20/12/2016 2934.50 2934.50 2934.60 2934.60 3 165.00 24210015.00
29/12/2016 2874.80 2874.80 2874.90 2874.90 3 81.00 11643075.00
02/01/2017 2861.10 2861.10 2861.20 2861.20 3 351.00 50213645.00
06/01/2017 2826.20 2826.20 2826.30 2826.30 3 581.00 82103805.00
10/01/2017 2840.30 2840.30 2840.40 2840.40 4 121.00 17184180.00
11/01/2017 2860.10 2860.10 2860.20 2860.20 3 171.00 24454290.00
19/01/2017 2846.40 2846.30 2846.40 2846.30 2 185.00 26328470.00
23/01/2017 2838.10 2838.00 2838.10 2838.00 2 24.00 3405620.00
26/01/2017 2834.60 2834.60 2834.60 2834.60 2 69.00 9779370.00
27/01/2017 2795.40 2790.00 2795.40 2790.10 6 557.00 77729920.00
30/01/2017 2796.20 2796.20 2796.20 2796.20 1 5.00 699050.00
31/01/2017 2842.50 2842.50 2842.50 2842.50 1 20.00 2842500.00
01/02/2017 2823.00 2823.00 2824.50 2824.50 4 345.00 48697490.00
02/02/2017 2815.60 2815.60 2815.60 2815.60 2 115.00 16189700.00
03/02/2017 2816.10 2816.10 2816.10 2816.10 1 5.00 704025.00
06/02/2017 2836.70 2836.70 2842.50 2839.00 5 650.00 92299615.00
07/02/2017 2835.40 2835.40 2835.40 2835.40 2 55.00 7797350.00
08/02/2017 2834.60 2832.90 2834.60 2832.90 4 40.00 5668650.00
09/02/2017 2807.90 2807.90 2807.90 2807.90 3 90.00 12635550.00
10/02/2017 2780.70 2780.70 2780.70 2780.70 1 25.00 3475875.00
13/02/2017 2774.40 2774.40 2774.40 2774.40 1 5.00 693600.00
14/02/2017 2744.70 2744.70 2744.70 2744.70 2 45.00 6175575.00
15/02/2017 2716.80 2716.30 2716.80 2716.30 3 40.00 5433475.00
16/02/2017 2748.30 2748.30 2748.30 2748.30 2 10.00 1374150.00
17/02/2017 2765.10 2765.10 2765.10 2765.10 2 230.00 31798650.00
20/02/2017 2765.40 2761.40 2765.50 2761.40 3 54.00 7460685.00
21/02/2017 2754.80 2751.00 2754.90 2754.00 9 275.00 37866160.00
22/02/2017 2758.00 2741.60 2758.10 2741.60 4 87.00 11972500.00
23/02/2017 2739.00 2737.20 2750.00 2739.60 10 284.00 38919305.00
24/02/2017 2771.50 2771.50 2800.50 2800.20 6 96.00 13409600.00
01/03/2017 2753.10 2747.40 2753.10 2747.40 2 65.00 8934750.00
02/03/2017 2742.20 2742.20 2771.80 2771.80 5 35.00 4822550.00
03/03/2017 2767.50 2750.60 2767.50 2750.60 4 107.00 14761050.00
06/03/2017 2759.50 2759.50 2760.70 2760.70 3 25.00 3449675.00
07/03/2017 2754.40 2754.40 2754.40 2754.40 1 20.00 2754400.00
08/03/2017 2772.80 2771.10 2781.40 2781.40 4 20.00 2774545.00
09/03/2017 2781.30 2781.30 2801.10 2801.10 6 943.00 131350555.00
10/03/2017 2759.00 2756.00 2759.00 2756.00 3 88.00 12135100.00
13/03/2017 2763.30 2763.30 2763.30 2763.30 1 20.00 2763300.00
14/03/2017 2788.90 2788.90 2788.90 2788.90 1 20.00 2788900.00
15/03/2017 2752.40 2752.40 2758.40 2758.40 5 75.00 10340555.00
16/03/2017 2748.40 2748.40 2766.50 2766.50 5 70.00 9661575.00
17/03/2017 2768.70 2763.90 2768.70 2763.90 5 65.00 8994440.00
20/03/2017 2738.00 2738.00 2738.00 2738.00 2 35.00 4791500.00
21/03/2017 2740.20 2740.20 2773.40 2768.00 12 1048.00 144992955.00
22/03/2017 2802.70 2790.00 2802.70 2790.00 5 15.00 2097675.00
23/03/2017 2827.90 2827.90 2827.90 2827.90 2 70.00 9897650.00
24/03/2017 2821.30 2821.30 2821.30 2821.30 1 5.00 705325.00
27/03/2017 2826.00 2826.00 2826.00 2826.00 1 1.00 141300.00
28/03/2017 2845.00 2832.00 2845.00 2832.00 2 50.00 7109250.00
29/03/2017 2830.00 2808.00 2830.00 2808.00 6 164.00 23092650.00
30/03/2017 2810.00 2810.00 2812.00 2812.00 5 214.00 30067400.00
