20/02/2017 2784.50 2784.50 2784.60 2784.60 2 24.00 3341420.00
21/02/2017 2781.30 2781.30 2781.30 2781.30 2 5.00 695325.00
08/03/2017 2812.10 2812.10 2812.10 2812.10 2 5.00 703025.00
14/03/2017 2786.70 2786.70 2786.70 2786.70 2 155.00 21596925.00
21/03/2017 2751.70 2751.70 2751.80 2751.80 2 29.00 3990080.00
23/03/2017 2843.00 2843.00 2843.00 2843.00 2 70.00 9950500.00
27/03/2017 2857.00 2857.00 2857.00 2857.00 2 95.00 13570750.00
28/03/2017 2864.20 2853.80 2864.20 2855.40 4 120.00 17151650.00
29/03/2017 2850.70 2824.00 2850.70 2824.00 7 160.00 22669055.00
30/03/2017 2827.00 2827.00 2828.00 2828.00 5 214.00 30249100.00
31/03/2017 2843.50 2843.50 2849.30 2849.30 2 40.00 5692800.00
03/04/2017 2820.00 2820.00 2824.90 2824.90 4 80.00 11291815.00
05/04/2017 2820.90 2820.90 2820.90 2820.90 1 95.00 13399275.00
10/04/2017 2846.40 2846.40 2846.40 2846.40 1 20.00 2846400.00
11/04/2017 2873.60 2872.00 2873.70 2872.00 4 66.00 9478010.00
12/04/2017 2896.80 2884.00 2896.90 2884.00 5 35.00 5056710.00
13/04/2017 2871.80 2871.80 2871.80 2871.80 1 15.00 2153850.00
18/04/2017 2855.90 2844.20 2855.90 2844.20 2 185.00 26335175.00
20/04/2017 2885.30 2885.30 2885.40 2885.40 2 80.00 11541210.00
24/04/2017 2835.70 2835.70 2835.70 2835.70 2 135.00 19140975.00
25/04/2017 2854.70 2854.70 2854.70 2854.70 1 61.00 8706835.00
26/04/2017 2855.00 2855.00 2861.00 2859.00 3 98.00 14018400.00
27/04/2017 2846.50 2844.00 2858.00 2858.00 8 287.00 40959675.00
