21/03/2017 2778.20 2778.20 2810.50 2810.50 13 979.00 137527245.00
22/03/2017 2842.40 2839.90 2842.40 2839.90 2 25.00 3550500.00
23/03/2017 2846.80 2846.80 2869.30 2869.30 5 185.00 26467900.00
24/03/2017 2859.40 2859.40 2860.00 2860.00 3 40.00 5718950.00
27/03/2017 2879.40 2879.40 2879.80 2879.80 2 10.00 1439800.00
28/03/2017 2869.00 2869.00 2869.00 2869.00 1 35.00 5020750.00
29/03/2017 2856.70 2856.70 2856.70 2856.70 2 30.00 4285050.00
30/03/2017 2859.90 2859.90 2859.90 2859.90 2 225.00 32173875.00
31/03/2017 2852.20 2852.20 2852.20 2852.20 1 10.00 1426100.00
03/04/2017 2848.10 2848.10 2848.10 2848.10 1 20.00 2848100.00
04/04/2017 2841.20 2841.20 2841.20 2841.20 2 95.00 13495700.00
05/04/2017 2834.30 2834.30 2834.30 2834.30 2 40.00 5668600.00
06/04/2017 2882.30 2882.30 2882.30 2882.30 3 15.00 2161725.00
07/04/2017 2877.90 2877.90 2877.90 2877.90 2 95.00 13670025.00
10/04/2017 2864.20 2864.20 2864.20 2864.20 1 5.00 716050.00
11/04/2017 2897.80 2897.80 2897.80 2897.80 2 30.00 4346700.00
12/04/2017 2904.90 2904.90 2911.80 2911.30 4 150.00 21796905.00
13/04/2017 2913.70 2913.70 2913.70 2913.70 1 25.00 3642125.00
17/04/2017 2886.30 2886.30 2886.30 2886.30 1 20.00 2886300.00
18/04/2017 2907.20 2907.20 2907.20 2907.20 3 40.00 5814400.00
19/04/2017 2914.50 2914.50 2914.50 2914.50 1 15.00 2185875.00
20/04/2017 2907.20 2907.20 2918.10 2918.10 5 120.00 17449955.00
24/04/2017 2860.80 2860.80 2879.60 2879.60 4 195.00 27921000.00
25/04/2017 2880.20 2865.00 2880.20 2865.00 3 91.00 13082110.00
26/04/2017 2878.00 2877.90 2882.80 2881.80 7 179.00 25781215.00
27/04/2017 2872.10 2869.70 2889.80 2889.80 9 237.00 34125875.00
28/04/2017 2886.50 2873.00 2906.30 2873.00 6 305.00 43959830.00
02/05/2017 2836.00 2836.00 2836.00 2836.00 2 50.00 7090000.00
03/05/2017 2820.00 2818.00 2820.80 2820.80 3 140.00 19740500.00
04/05/2017 2834.90 2834.90 2857.00 2854.80 5 125.00 17818175.00
05/05/2017 2857.30 2840.50 2857.30 2840.50 3 197.00 28076625.00
08/05/2017 2846.30 2846.30 2846.30 2846.30 1 5.00 711575.00
09/05/2017 2817.80 2804.00 2817.80 2804.00 5 195.00 27416400.00
10/05/2017 2795.90 2781.00 2795.90 2781.00 3 30.00 4182675.00
11/05/2017 2800.60 2800.60 2800.60 2800.60 2 130.00 18203900.00
12/05/2017 2769.40 2769.40 2769.40 2769.40 3 150.00 20770500.00
15/05/2017 2741.00 2741.00 2741.00 2741.00 2 20.00 2741000.00
16/05/2017 2738.10 2738.10 2754.80 2754.80 3 127.00 17395865.00
17/05/2017 2830.10 2830.10 2830.10 2830.10 1 5.00 707525.00
18/05/2017 2985.70 2985.70 2985.70 2985.70 2 80.00 11942800.00
19/05/2017 2972.30 2934.00 2972.30 2934.00 8 1620.00 237871550.00
29/05/2017 2942.50 2942.50 2950.00 2950.00 4 155.00 22842250.00
30/05/2017 2944.00 2944.00 2948.00 2948.00 3 16.00 2357400.00
31/05/2017 2930.00 2930.00 2930.00 2930.00 2 69.00 10108500.00
