09/03/2017 2852.90 2851.00 2853.00 2851.10 5 863.00 123078245.00
14/03/2017 2853.90 2853.80 2853.90 2853.80 3 150.00 21403715.00
15/03/2017 2829.90 2829.90 2830.80 2830.80 3 590.00 83508350.00
22/03/2017 2868.50 2868.50 2868.60 2868.60 3 205.00 29402965.00
17/04/2017 2922.40 2922.40 2922.50 2922.50 3 218.00 31854480.00
20/04/2017 2934.00 2933.90 2934.00 2933.90 3 30.00 4400915.00
28/04/2017 2929.70 2929.70 2929.80 2929.80 3 80.00 11718920.00
08/05/2017 2866.00 2866.00 2866.00 2866.00 2 5.00 716500.00
17/05/2017 2841.50 2841.40 2841.50 2841.40 3 5.00 710360.00
23/05/2017 2967.20 2967.20 2967.30 2967.30 3 30.00 4450905.00
29/05/2017 2968.60 2965.00 2970.00 2970.00 5 155.00 23013360.00
30/05/2017 2961.30 2961.30 2971.00 2971.00 5 238.00 35246480.00
31/05/2017 2951.30 2951.30 2951.30 2951.30 1 69.00 10181985.00
01/06/2017 2914.40 2913.00 2914.40 2913.00 4 85.00 12385850.00
