01/06/2016 3355.10 3355.00 3355.10 3355.10 3 110.00 18452690.00
02/06/2016 3346.40 3346.40 3346.40 3346.40 2 25.00 4183000.00
03/06/2016 3319.60 3319.60 3319.60 3319.60 1 15.00 2489700.00
07/06/2016 3289.30 3289.30 3289.30 3289.30 2 25.00 4111625.00
09/06/2016 3190.00 3190.00 3190.00 3190.00 2 3.00 478500.00
10/06/2016 3231.30 3220.30 3231.30 3220.30 3 30.00 4838700.00
13/06/2016 3298.00 3298.00 3298.00 3298.00 2 30.00 4947000.00
16/06/2016 3358.50 3335.00 3368.00 3342.50 10 83.00 13910425.00
17/06/2016 3325.00 3309.50 3325.00 3309.50 2 255.00 42389875.00
21/06/2016 3250.00 3250.00 3250.00 3250.00 1 85.00 13812500.00
22/06/2016 3254.50 3253.90 3254.50 3253.90 2 146.00 23756470.00
24/06/2016 3356.40 3356.40 3356.40 3356.40 2 5.00 839100.00
27/06/2016 3344.00 3344.00 3344.00 3344.00 2 80.00 13376000.00
28/06/2016 3231.90 3231.90 3231.90 3231.90 2 2.00 323190.00
29/06/2016 3151.00 3151.00 3161.00 3161.00 4 95.00 14978450.00
