01/06/2016 3362.20 3362.20 3362.30 3362.30 3 76.00 12776610.00
02/06/2016 3378.20 3378.20 3378.30 3378.30 3 32.00 5405150.00
17/06/2016 3343.20 3343.20 3343.30 3343.30 3 250.00 41790800.00
22/06/2016 3281.50 3270.60 3281.50 3270.70 5 370.00 60561525.00
27/06/2016 3370.00 3370.00 3370.00 3370.00 2 80.00 13480000.00
28/06/2016 3256.70 3256.70 3256.70 3256.70 2 2.00 325670.00
29/06/2016 3206.00 3178.50 3206.00 3178.50 5 153.00 24400775.00
01/07/2016 3186.10 3182.00 3186.10 3182.00 2 5.00 795705.00
06/07/2016 3324.40 3324.40 3324.40 3324.40 2 50.00 8311000.00
08/07/2016 3303.00 3295.50 3303.00 3295.50 6 690.00 113789825.00
11/07/2016 3251.90 3230.00 3253.00 3230.00 8 511.00 83016270.00
12/07/2016 3185.90 3152.00 3187.00 3156.00 5 41.00 6500295.00
13/07/2016 3174.40 3165.00 3189.00 3189.00 6 22.00 3491250.00
14/07/2016 3084.00 3084.00 3084.00 3084.00 2 10.00 1542000.00
15/07/2016 3092.40 3081.40 3127.10 3127.00 7 335.00 52329890.00
18/07/2016 3114.90 3081.50 3114.90 3081.50 3 13.00 2016335.00
20/07/2016 3057.00 3057.00 3057.00 3057.00 2 10.00 1528500.00
21/07/2016 3072.10 3064.80 3113.00 3113.00 7 447.00 68607345.00
22/07/2016 3102.00 3076.50 3102.00 3079.60 5 375.00 58144925.00
25/07/2016 3104.00 3104.00 3112.00 3112.00 4 568.00 88329050.00
26/07/2016 3152.10 3133.50 3158.00 3133.50 7 390.00 61328745.00
27/07/2016 3107.90 3107.90 3116.00 3116.00 3 166.00 25859875.00
28/07/2016 3118.20 3118.20 3132.00 3124.00 7 158.00 24670820.00
