14/06/2016 3351.30 3351.30 3351.30 3351.30 2 80.00 13405200.00
19/07/2016 3132.00 3132.00 3132.10 3132.10 3 40.00 6264190.00
25/07/2016 3139.00 3139.00 3139.00 3139.00 2 100.00 15695000.00
26/07/2016 3174.50 3172.40 3174.50 3172.40 3 90.00 14284200.00
27/07/2016 3141.90 3141.90 3150.50 3150.50 3 119.00 18744615.00
28/07/2016 3164.00 3157.30 3164.00 3159.80 6 82.00 12950520.00
29/07/2016 3210.50 3201.80 3216.50 3216.50 5 100.00 16046425.00
02/08/2016 3265.40 3264.40 3265.50 3265.40 4 33.00 5387890.00
08/08/2016 3126.40 3125.50 3126.40 3125.50 3 90.00 14068350.00
17/08/2016 3228.90 3228.90 3230.50 3230.50 2 40.00 6458200.00
19/08/2016 3219.00 3219.00 3219.00 3219.00 1 3.00 482850.00
23/08/2016 3210.10 3210.10 3210.10 3210.10 2 5.00 802525.00
26/08/2016 3200.30 3200.30 3202.30 3202.30 4 79.00 12641940.00
29/08/2016 3185.00 3180.40 3185.00 3180.40 4 94.00 14968350.00
30/08/2016 3165.00 3165.00 3174.00 3174.00 5 99.00 15671450.00
