28/07/2016 3186.80 3184.90 3186.80 3184.90 3 70.00 11150760.00
25/08/2016 3255.30 3255.30 3255.30 3255.30 1 30.00 4882950.00
26/08/2016 3254.10 3254.10 3254.10 3254.10 1 100.00 16270500.00
29/08/2016 3218.10 3211.80 3218.10 3211.80 4 94.00 15123285.00
30/08/2016 3197.00 3193.00 3206.00 3206.00 5 99.00 15829100.00
01/09/2016 3180.40 3180.40 3180.40 3180.40 2 70.00 11131400.00
02/09/2016 3182.00 3145.00 3182.00 3145.00 6 50.00 7910500.00
06/09/2016 3174.00 3174.00 3177.00 3177.00 3 30.00 4764000.00
08/09/2016 3175.00 3148.50 3180.80 3148.50 6 60.00 9488510.00
09/09/2016 3200.10 3197.90 3200.10 3197.90 3 20.00 3199000.00
12/09/2016 3250.10 3236.00 3250.10 3236.00 5 60.00 9721000.00
13/09/2016 3251.80 3251.80 3251.80 3251.80 2 30.00 4877700.00
14/09/2016 3264.00 3264.00 3264.00 3264.00 2 5.00 816000.00
19/09/2016 3232.60 3232.60 3232.60 3232.60 2 15.00 2424450.00
20/09/2016 3215.20 3209.50 3215.20 3209.50 3 40.00 6424700.00
21/09/2016 3225.90 3206.00 3231.00 3206.00 8 92.00 14817595.00
22/09/2016 3200.00 3200.00 3200.00 3200.00 1 5.00 800000.00
26/09/2016 3239.90 3239.90 3242.10 3241.00 3 21.00 3403050.00
28/09/2016 3221.00 3214.60 3225.00 3214.60 8 199.00 32061340.00
29/09/2016 3184.00 3175.00 3184.00 3175.00 5 99.00 15738500.00
