21/09/2016 3257.80 3257.80 3257.80 3257.80 1 25.00 4072250.00
23/09/2016 3240.70 3240.70 3240.70 3240.70 2 50.00 8101750.00
27/09/2016 3262.60 3262.60 3262.60 3262.60 2 55.00 8972150.00
28/09/2016 3254.70 3244.50 3256.80 3244.50 6 194.00 31550015.00
29/09/2016 3180.00 3180.00 3208.00 3203.00 5 100.00 16029000.00
30/09/2016 3242.60 3242.60 3242.60 3242.60 1 35.00 5674550.00
04/10/2016 3161.60 3161.60 3190.10 3190.10 7 109.00 17280795.00
05/10/2016 3174.50 3174.50 3174.50 3174.50 2 30.00 4761750.00
06/10/2016 3118.80 3118.50 3118.80 3118.80 5 55.00 8576640.00
07/10/2016 3148.10 3143.60 3148.10 3143.60 4 37.00 5820505.00
11/10/2016 3128.40 3128.40 3128.40 3128.40 2 25.00 3910500.00
17/10/2016 3092.90 3092.90 3092.90 3092.90 1 15.00 2319675.00
19/10/2016 3081.10 3081.10 3081.10 3081.10 2 35.00 5391925.00
20/10/2016 3041.00 3031.10 3041.00 3031.10 3 35.00 5306900.00
24/10/2016 3001.60 3001.60 3001.60 3001.60 1 5.00 750400.00
25/10/2016 2986.80 2986.80 2986.80 2986.80 2 95.00 14187300.00
26/10/2016 2997.00 2997.00 3007.00 3007.00 5 182.00 27315200.00
27/10/2016 3001.60 2990.00 3001.60 2994.00 8 377.00 56427960.00
28/10/2016 3026.00 3026.00 3052.00 3052.00 5 49.00 7434150.00
