20/06/2016 16.03 15.92 16.50 16.50 162 69900.00 1130426.00
21/06/2016 16.48 16.02 16.63 16.54 177 83600.00 1358842.00
22/06/2016 16.50 16.05 16.50 16.25 138 61000.00 988856.00
23/06/2016 16.03 16.03 16.58 16.55 184 36500.00 597482.00
24/06/2016 15.72 15.72 16.40 16.40 93 27400.00 441584.00
27/06/2016 16.30 16.12 16.62 16.52 83 22400.00 367537.00
28/06/2016 16.61 16.45 16.68 16.65 91 24500.00 406804.00
29/06/2016 16.69 16.53 17.79 17.72 196 46000.00 793791.00
30/06/2016 17.72 17.72 19.38 19.20 226 52700.00 983120.00
01/07/2016 19.21 18.51 19.66 19.55 340 98900.00 1894209.00
04/07/2016 19.91 18.93 19.91 19.49 109 28800.00 556188.00
05/07/2016 19.47 19.15 19.79 19.79 78 40300.00 787126.00
06/07/2016 19.50 19.20 20.50 20.50 189 45100.00 902792.00
07/07/2016 20.50 20.01 20.79 20.49 243 59000.00 1206642.00
08/07/2016 20.60 20.23 20.92 20.79 208 61600.00 1269029.00
11/07/2016 20.50 20.50 21.38 21.38 194 32600.00 685496.00
12/07/2016 21.09 20.79 21.65 21.20 274 73100.00 1547366.00
13/07/2016 21.30 21.30 22.38 22.30 465 87800.00 1933345.00
14/07/2016 22.25 21.96 22.40 22.39 297 68200.00 1516043.00
15/07/2016 22.38 21.30 22.50 21.30 483 96600.00 2107118.00
18/07/2016 21.30 19.57 21.49 19.57 577 114100.00 2348854.00
19/07/2016 19.70 19.70 21.00 20.89 387 84400.00 1715402.00
20/07/2016 20.86 19.75 21.45 19.75 535 91900.00 1878283.00
21/07/2016 20.10 19.02 20.20 19.02 222 51900.00 1011557.00
22/07/2016 19.00 18.53 19.79 19.64 259 46000.00 890317.00
25/07/2016 19.90 19.90 20.92 20.35 211 67100.00 1373020.00
26/07/2016 20.53 20.50 21.35 20.99 207 54900.00 1149068.00
27/07/2016 21.31 21.31 22.27 21.99 298 89600.00 1949386.00
28/07/2016 22.14 20.74 22.54 22.25 211 61000.00 1316853.00
29/07/2016 22.25 21.45 22.74 22.30 443 117400.00 2601106.00
01/08/2016 22.59 21.61 22.59 21.83 126 22700.00 497437.00
02/08/2016 21.98 20.52 21.99 21.05 515 105900.00 2224634.00
03/08/2016 21.19 20.99 21.98 21.97 290 52500.00 1130094.00
04/08/2016 22.28 21.06 22.29 21.06 155 49000.00 1056934.00
05/08/2016 21.07 20.70 21.80 21.70 166 51300.00 1083351.00
08/08/2016 21.84 21.00 21.84 21.47 262 44100.00 941324.00
09/08/2016 21.47 21.39 21.72 21.57 88 15400.00 332175.00
10/08/2016 21.40 20.37 21.60 21.29 278 58100.00 1216362.00
11/08/2016 21.11 20.94 22.00 21.99 231 45200.00 968580.00
12/08/2016 21.77 21.48 21.79 21.79 92 18900.00 409047.00
15/08/2016 21.75 20.72 21.75 21.10 352 94800.00 1998588.00
16/08/2016 21.09 20.91 21.79 21.54 413 55900.00 1204924.00
17/08/2016 21.67 21.21 21.79 21.61 133 24000.00 518469.00
18/08/2016 21.57 21.33 21.91 21.69 196 30600.00 664048.00
19/08/2016 21.88 21.41 21.98 21.66 93 17400.00 376802.00
22/08/2016 21.21 21.20 21.55 21.40 61 9300.00 198548.00
23/08/2016 21.52 20.81 21.52 21.10 204 44400.00 938504.00
24/08/2016 21.16 20.50 21.16 20.79 371 68500.00 1415964.00
25/08/2016 20.66 20.53 21.36 20.53 257 50800.00 1062965.00
26/08/2016 20.94 20.40 20.94 20.60 84 18200.00 375729.00
29/08/2016 20.98 20.20 20.98 20.60 138 45800.00 940730.00
30/08/2016 20.84 20.07 20.95 20.85 134 46600.00 949584.00
31/08/2016 20.89 20.40 21.25 21.25 124 25300.00 531464.00
01/09/2016 21.24 20.89 21.52 21.35 97 26100.00 554914.00
02/09/2016 21.35 20.99 21.99 21.99 115 47200.00 1019287.00
05/09/2016 21.78 21.42 21.93 21.93 246 40500.00 877374.00
06/09/2016 21.71 20.25 21.92 20.25 641 142600.00 2993926.00
08/09/2016 20.46 19.71 20.54 19.82 391 79500.00 1595246.00
09/09/2016 19.66 18.94 19.75 19.75 366 73200.00 1409901.00
12/09/2016 19.68 19.29 20.40 20.38 211 40200.00 804212.00
13/09/2016 20.19 19.56 20.39 20.39 256 44200.00 885421.00
14/09/2016 20.15 19.82 20.40 20.40 366 59300.00 1192036.00
15/09/2016 20.12 20.12 20.53 20.29 236 61900.00 1253621.00
16/09/2016 20.40 19.89 20.40 20.14 234 57500.00 1153320.00
19/09/2016 19.96 19.63 20.40 20.25 124 23600.00 474378.00
20/09/2016 20.15 19.91 20.25 20.25 191 39900.00 802287.00
21/09/2016 20.25 20.02 20.79 20.02 280 37000.00 754104.00
22/09/2016 20.12 19.83 20.35 20.32 175 24300.00 489589.00
23/09/2016 20.33 20.05 20.55 20.46 227 33000.00 669586.00
26/09/2016 20.35 19.30 20.35 19.30 251 46400.00 921273.00
27/09/2016 19.50 19.15 19.70 19.41 111 23400.00 455708.00
28/09/2016 19.41 19.40 19.69 19.69 190 58100.00 1138381.00
29/09/2016 19.78 18.80 19.84 19.61 252 40600.00 791424.00
30/09/2016 19.33 19.32 20.39 20.14 323 76600.00 1511960.00
03/10/2016 20.39 19.85 20.39 20.11 130 21900.00 441163.00
04/10/2016 20.11 19.80 20.20 19.81 99 13800.00 274897.00
05/10/2016 19.83 19.73 20.26 19.82 98 16900.00 337731.00
06/10/2016 19.73 19.73 20.13 20.13 41 7800.00 155929.00
07/10/2016 20.00 19.90 20.37 19.94 53 12600.00 252957.00
10/10/2016 20.30 20.11 20.71 20.11 99 28100.00 574199.00
11/10/2016 20.19 19.66 20.19 19.66 95 17100.00 339641.00
13/10/2016 19.64 19.64 20.40 20.36 264 51200.00 1033837.00
14/10/2016 20.35 20.30 20.40 20.40 115 25100.00 511376.00
17/10/2016 20.36 20.22 20.36 20.26 88 17200.00 349221.00
18/10/2016 20.26 19.89 20.30 19.89 175 41700.00 835608.00
19/10/2016 20.01 19.70 20.03 19.89 123 32100.00 636659.00
20/10/2016 19.80 19.50 19.80 19.80 168 22800.00 447788.00
21/10/2016 19.76 19.70 20.10 19.79 69 22400.00 444420.00
24/10/2016 19.78 19.75 20.05 19.80 97 17800.00 354394.00
25/10/2016 19.90 19.10 20.08 20.08 178 59600.00 1163363.00
26/10/2016 19.91 18.90 19.91 19.00 269 100100.00 1919481.00
27/10/2016 19.15 18.77 19.24 18.78 136 57500.00 1092812.00
28/10/2016 18.76 18.45 18.95 18.88 161 52400.00 977565.00
31/10/2016 19.23 18.62 19.25 18.85 91 19700.00 374870.00
01/11/2016 19.04 18.13 19.04 18.25 73 17400.00 320512.00
03/11/2016 18.18 17.77 18.30 17.98 176 29300.00 526437.00
04/11/2016 18.00 17.75 18.14 17.80 127 24100.00 434026.00
07/11/2016 17.90 17.71 18.07 18.00 170 31400.00 564829.00
08/11/2016 18.05 17.34 18.05 17.34 176 162700.00 2913388.00
09/11/2016 17.29 16.50 17.29 16.52 160 45500.00 770026.00
10/11/2016 16.76 16.47 16.96 16.47 95 15600.00 260891.00
11/11/2016 16.40 15.40 16.57 15.65 105 25600.00 404623.00
14/11/2016 15.46 15.46 16.10 16.01 74 12400.00 197242.00
16/11/2016 16.02 15.99 16.61 16.61 154 41800.00 678558.00
17/11/2016 16.90 16.72 17.40 17.19 295 69100.00 1183657.00
18/11/2016 17.00 16.71 17.58 17.41 169 69400.00 1203714.00
21/11/2016 17.40 16.95 17.46 17.03 92 14700.00 252175.00
22/11/2016 17.16 16.70 17.25 16.70 111 16700.00 283611.00
23/11/2016 16.80 16.50 16.90 16.50 31 45200.00 754482.00
24/11/2016 16.67 16.53 17.89 17.69 168 20300.00 348379.00
25/11/2016 17.55 16.92 17.90 16.92 45 20600.00 352498.00
28/11/2016 16.72 16.06 17.18 16.06 188 51800.00 841698.00
29/11/2016 16.10 16.07 16.40 16.23 87 19500.00 315891.00
30/11/2016 16.25 16.07 16.65 16.30 198 54500.00 889378.00
01/12/2016 16.30 15.55 16.50 16.39 355 52800.00 848713.00
02/12/2016 16.35 15.69 16.35 16.27 82 10400.00 167890.00
05/12/2016 16.37 15.86 16.37 16.19 210 34200.00 551388.00
06/12/2016 16.08 16.00 16.26 16.05 199 31600.00 508635.00
07/12/2016 16.05 15.96 16.37 16.28 78 11800.00 191201.00
08/12/2016 16.28 15.95 16.60 16.40 135 25800.00 420445.00
09/12/2016 16.55 16.26 16.55 16.54 59 16500.00 271033.00
12/12/2016 16.51 16.19 16.56 16.45 47 13600.00 222229.00
13/12/2016 16.45 16.11 16.50 16.40 146 30000.00 487746.00
14/12/2016 16.39 15.85 16.50 16.50 105 31300.00 506902.00
15/12/2016 16.48 16.12 16.50 16.50 88 16200.00 265560.00
16/12/2016 16.47 16.25 16.88 16.88 106 22400.00 371492.00
19/12/2016 16.85 16.51 17.53 17.14 496 103500.00 1749237.00
20/12/2016 17.50 16.98 17.69 17.36 110 36800.00 636269.00
21/12/2016 17.35 17.35 18.15 18.13 205 58300.00 1049113.00
22/12/2016 18.23 17.85 18.44 17.90 144 25900.00 467323.00
23/12/2016 18.18 18.04 18.41 18.41 174 37200.00 680023.00
26/12/2016 18.49 18.20 18.50 18.40 44 20200.00 370878.00
27/12/2016 18.40 18.12 18.48 18.32 114 20500.00 375405.00
28/12/2016 18.42 18.25 18.49 18.49 106 28700.00 527968.00
29/12/2016 18.49 18.00 18.50 18.00 201 62200.00 1135321.00
02/01/2017 18.18 17.40 18.18 17.40 81 16500.00 291397.00
03/01/2017 17.41 17.41 17.94 17.79 98 15800.00 279918.00
04/01/2017 17.81 17.45 18.08 18.08 83 20300.00 361073.00
05/01/2017 18.08 17.73 18.19 18.19 185 77500.00 1388751.00
06/01/2017 18.00 17.60 18.05 17.60 121 25300.00 450771.00
09/01/2017 17.62 17.25 17.70 17.25 143 29000.00 506204.00
10/01/2017 17.35 17.30 17.70 17.31 87 13300.00 231656.00
11/01/2017 17.70 17.35 17.80 17.80 43 7700.00 134481.00
12/01/2017 18.00 17.91 18.29 18.25 161 36700.00 663240.00
13/01/2017 18.20 17.99 18.30 18.30 108 29400.00 535043.00
16/01/2017 18.29 17.87 18.30 17.87 159 28500.00 515479.00
17/01/2017 18.01 17.76 18.37 18.05 142 32000.00 578827.00
18/01/2017 18.35 17.89 18.35 18.00 150 48400.00 881284.00
19/01/2017 17.96 17.49 18.20 17.95 200 36300.00 646589.00
20/01/2017 18.09 17.70 18.46 18.44 112 29300.00 528828.00
23/01/2017 18.29 18.24 19.60 19.57 368 114200.00 2164394.00
24/01/2017 19.53 19.03 20.19 19.74 322 65300.00 1282393.00
26/01/2017 19.99 19.71 20.19 20.00 166 40900.00 816553.00
27/01/2017 20.00 19.76 20.03 20.00 137 32300.00 644137.00
30/01/2017 20.00 19.06 20.00 19.52 228 45300.00 889530.00
31/01/2017 19.31 19.05 19.74 19.74 316 61100.00 1180679.00
01/02/2017 19.98 19.00 19.98 19.00 322 55400.00 1067848.00
02/02/2017 19.00 18.23 19.19 18.23 295 81800.00 1522889.00
03/02/2017 18.24 18.00 18.32 18.00 214 57000.00 1034258.00
06/02/2017 18.18 17.60 18.18 17.79 264 45700.00 815802.00
07/02/2017 18.11 17.35 18.16 17.35 364 74700.00 1315603.00
08/02/2017 17.51 17.20 17.57 17.20 222 43100.00 746875.00
09/02/2017 17.30 17.06 17.60 17.50 249 43800.00 760988.00
10/02/2017 20.45 19.82 20.45 20.00 919 428300.00 8658468.00
13/02/2017 20.00 19.75 20.25 20.13 368 108000.00 2153751.00
14/02/2017 19.99 19.51 20.13 19.75 581 169100.00 3344376.00
15/02/2017 19.87 19.71 20.19 20.19 330 85600.00 1708157.00
16/02/2017 20.08 20.00 21.10 21.00 791 230500.00 4763919.00
17/02/2017 21.00 20.94 21.30 20.98 273 71100.00 1497168.00
20/02/2017 21.10 20.67 21.30 21.00 428 76800.00 1611636.00
21/02/2017 21.07 20.55 21.09 20.95 305 54800.00 1138570.00
22/02/2017 20.91 20.56 20.99 20.80 121 23200.00 481567.00
23/02/2017 20.81 20.40 21.00 20.40 139 49900.00 1029922.00
24/02/2017 20.40 20.11 20.86 20.64 103 18200.00 373674.00
01/03/2017 20.70 20.53 20.70 20.65 60 10600.00 218741.00
02/03/2017 20.71 20.40 20.80 20.80 95 20400.00 420488.00
03/03/2017 20.77 20.30 21.02 20.71 285 51400.00 1070194.00
06/03/2017 20.69 20.31 21.00 20.99 422 61100.00 1272257.00
07/03/2017 20.87 20.65 21.02 20.91 334 60500.00 1264811.00
08/03/2017 20.85 20.62 21.25 21.24 139 48100.00 1005775.00
09/03/2017 21.14 20.67 21.23 21.23 123 29200.00 613209.00
10/03/2017 21.20 20.93 21.38 21.38 90 23500.00 499102.00
13/03/2017 21.37 21.22 21.81 21.74 317 69400.00 1496780.00
14/03/2017 21.58 21.11 21.60 21.55 202 36700.00 784303.00
15/03/2017 21.37 20.91 21.38 21.05 186 38000.00 802201.00
16/03/2017 21.11 20.84 21.40 21.40 202 40400.00 851793.00
17/03/2017 21.23 20.87 21.29 21.28 215 50800.00 1073234.00
20/03/2017 21.19 21.02 21.49 21.32 245 50900.00 1083873.00
21/03/2017 21.29 20.75 21.48 21.15 556 108000.00 2282541.00
22/03/2017 21.15 20.87 21.18 21.10 359 108800.00 2287014.00
23/03/2017 20.99 20.88 21.30 21.20 328 70200.00 1479810.00
24/03/2017 21.11 20.70 21.28 21.05 473 117800.00 2475450.00
27/03/2017 21.05 20.90 21.48 21.48 98 24300.00 516453.00
28/03/2017 21.38 21.20 21.60 21.60 85 28500.00 610741.00
29/03/2017 21.50 21.35 21.99 21.99 163 68300.00 1486024.00
30/03/2017 21.87 21.68 21.99 21.99 205 80100.00 1753114.00
31/03/2017 21.90 21.72 24.00 24.00 298 99500.00 2252870.00
03/04/2017 24.01 22.27 24.15 22.27 289 79800.00 1839236.00
04/04/2017 22.59 22.59 23.30 23.15 135 39900.00 916841.00
05/04/2017 23.37 22.31 23.43 22.31 115 25000.00 573591.00
06/04/2017 22.30 22.11 22.81 22.11 71 15000.00 335270.00
07/04/2017 22.13 22.10 22.43 22.10 62 11200.00 248853.00
10/04/2017 22.23 21.80 22.25 21.80 106 19400.00 425947.00
11/04/2017 21.76 21.50 22.16 21.95 117 20000.00 437890.00
12/04/2017 21.87 21.67 22.77 22.77 138 30300.00 674960.00
13/04/2017 22.88 22.60 23.36 23.11 213 46000.00 1060174.00
17/04/2017 23.34 22.93 23.34 23.30 125 23600.00 547099.00
18/04/2017 23.25 23.23 23.44 23.39 127 19600.00 457770.00
19/04/2017 23.40 23.21 23.64 23.29 81 22600.00 529190.00
20/04/2017 23.55 23.34 23.59 23.37 54 12300.00 288291.00
24/04/2017 23.55 23.39 23.98 23.83 153 35500.00 841362.00
25/04/2017 24.00 23.80 24.68 24.50 204 50700.00 1229726.00
26/04/2017 24.50 24.50 25.71 25.27 269 185600.00 4667315.00
27/04/2017 25.36 24.90 25.58 24.90 103 20900.00 523752.00
28/04/2017 24.72 24.60 25.11 25.08 81 19300.00 481983.00
02/05/2017 25.08 24.50 25.20 24.70 103 22800.00 564674.00
03/05/2017 24.95 24.85 25.10 25.00 55 9500.00 237249.00
04/05/2017 25.00 24.00 25.00 24.41 116 22200.00 539813.00
05/05/2017 24.20 24.20 25.20 25.20 61 12100.00 302513.00
08/05/2017 25.30 25.30 25.72 25.50 65 14800.00 378088.00
09/05/2017 25.89 24.80 26.10 25.67 111 31000.00 790470.00
10/05/2017 25.20 25.20 25.94 25.25 63 13500.00 342640.00
11/05/2017 25.25 24.69 25.59 25.30 59 11200.00 283058.00
12/05/2017 25.27 24.90 25.51 25.18 48 9000.00 226496.00
15/05/2017 25.18 24.47 25.18 24.57 210 33200.00 820565.00
16/05/2017 24.71 24.25 24.88 24.25 112 25000.00 612348.00
17/05/2017 24.30 23.32 24.32 23.32 116 22200.00 527256.00
18/05/2017 21.11 21.11 21.57 21.57 110 31800.00 678024.00
19/05/2017 21.60 21.60 22.80 22.00 134 26500.00 592555.00
22/05/2017 21.62 21.27 22.00 21.84 88 20900.00 448312.00
23/05/2017 21.84 21.84 22.78 22.54 55 14700.00 327749.00
24/05/2017 22.84 22.00 22.84 22.58 134 33800.00 755082.00
25/05/2017 22.24 22.22 23.48 23.48 78 15800.00 359611.00
26/05/2017 23.43 23.00 23.72 23.01 77 148900.00 3519739.00
29/05/2017 23.19 23.19 23.91 23.60 130 23600.00 558722.00
30/05/2017 23.61 23.61 24.10 23.83 136 27000.00 644387.00
31/05/2017 23.84 23.30 24.20 23.56 86 17500.00 413845.00
01/06/2017 23.50 23.30 23.88 23.33 70 11600.00 272364.00
02/06/2017 23.52 22.96 23.67 23.05 77 18500.00 428691.00
05/06/2017 22.99 22.61 22.99 22.65 38 5900.00 134258.00
06/06/2017 22.65 22.41 23.28 22.41 41 6800.00 155101.00
07/06/2017 22.50 22.50 23.34 22.86 52 7500.00 173057.00
08/06/2017 23.13 22.97 23.30 23.15 56 11700.00 270211.00
09/06/2017 23.30 23.11 23.50 23.50 30 6100.00 142021.00
12/06/2017 23.50 23.05 23.50 23.05 41 7900.00 183422.00
13/06/2017 23.18 22.74 23.18 22.95 40 7900.00 181464.00
14/06/2017 22.95 22.95 23.35 23.29 66 16600.00 384171.00
16/06/2017 23.24 23.00 23.24 23.05 32 5600.00 129488.00
