01/06/2016 137.90 137.90 139.00 139.00 4 8.00 399176.00
02/06/2016 142.50 142.50 142.55 142.55 3 6.00 306271.00
07/06/2016 154.95 154.95 154.95 154.95 2 6.00 320486.00
08/06/2016 164.35 164.35 164.35 164.35 1 1.00 55437.00
17/06/2016 168.50 168.50 168.75 168.75 3 651.00 37590526.00
20/06/2016 166.60 166.60 166.60 166.60 1 1.00 56597.00
13/07/2016 172.35 172.35 172.35 172.35 1 5.00 282533.00
29/07/2016 174.00 174.00 174.00 174.00 2 23.00 1295888.00
08/08/2016 172.45 171.70 172.45 171.70 2 6.00 327390.00
11/08/2016 163.95 163.95 163.95 163.95 1 4.00 205744.00
18/08/2016 168.20 168.20 168.20 168.20 1 11.00 597929.00
06/09/2016 173.95 173.95 173.95 173.95 1 3.00 167326.00
