22/06/2016 291.00 288.50 291.50 288.50 30 3100.00 896645.00
01/07/2016 287.95 283.26 287.95 284.53 3 600.00 170552.00
05/07/2016 290.00 290.00 293.00 293.00 6 600.00 175500.00
06/07/2016 295.00 295.00 298.50 297.38 22 2800.00 831105.00
08/07/2016 295.26 295.26 295.26 295.26 1 200.00 59052.00
11/07/2016 294.03 294.03 296.42 296.42 2 200.00 59045.00
12/07/2016 289.50 287.87 289.50 287.87 2 200.00 57737.00
14/07/2016 288.50 285.70 288.50 286.43 34 3400.00 979980.00
19/07/2016 292.13 290.70 292.13 290.70 2 700.00 204348.00
26/07/2016 286.57 285.70 286.57 285.70 2 200.00 57227.00
28/07/2016 281.54 281.54 282.31 282.31 2 400.00 112693.00
01/08/2016 280.49 280.49 285.00 280.81 3 1100.00 312179.00
03/08/2016 275.30 275.30 275.30 275.30 3 1600.00 440480.00
04/08/2016 273.80 273.80 274.56 274.56 4 900.00 246496.00
05/08/2016 280.85 280.85 280.85 280.85 1 100.00 28085.00
09/08/2016 282.50 282.00 282.51 282.51 13 1300.00 367101.00
12/08/2016 283.20 283.20 285.20 285.20 2 200.00 56840.00
17/08/2016 287.00 287.00 287.00 287.00 1 100.00 28700.00
18/08/2016 291.79 291.79 291.79 291.79 1 100.00 29179.00
29/08/2016 285.80 285.80 285.80 285.80 1 100.00 28580.00
01/09/2016 287.00 287.00 287.00 287.00 1 100.00 28700.00
08/09/2016 286.40 284.05 286.95 284.05 5 3400.00 975175.00
14/09/2016 294.51 294.51 294.51 294.51 1 100.00 29451.00
21/09/2016 282.00 282.00 282.00 282.00 1 5000.00 1410000.00
23/09/2016 287.00 287.00 289.70 289.70 2 2200.00 637070.00
03/10/2016 286.65 286.65 286.65 286.65 1 200.00 57330.00
04/10/2016 287.66 287.10 287.66 287.10 4 4100.00 1177166.00
05/10/2016 283.10 283.10 283.10 283.10 1 2000.00 566200.00
07/10/2016 279.76 278.00 280.85 280.85 3 9900.00 2766341.00
14/10/2016 281.15 281.15 281.15 281.15 1 100.00 28115.00
18/10/2016 286.21 286.21 286.21 286.21 1 2100.00 601041.00
19/10/2016 277.88 277.88 277.88 277.88 1 100.00 27788.00
21/10/2016 277.88 276.21 278.91 278.91 4 400.00 110960.00
25/10/2016 273.82 273.82 273.82 273.82 1 100.00 27382.00
01/11/2016 287.90 287.90 287.90 287.90 1 1000.00 287900.00
11/11/2016 277.95 273.10 277.95 273.10 3 4100.00 1139110.00
17/11/2016 283.05 283.05 283.10 283.10 3 3700.00 1047420.00
18/11/2016 280.28 277.10 280.28 279.40 5 21600.00 6034938.00
21/11/2016 280.86 279.38 280.86 279.38 2 1900.00 533486.00
23/11/2016 284.40 279.06 284.40 279.06 2 500.00 141132.00
25/11/2016 284.30 284.30 284.30 284.30 1 200.00 56860.00
28/11/2016 281.50 281.50 282.00 282.00 2 5900.00 1663700.00
29/11/2016 283.50 283.50 283.50 283.50 1 700.00 198450.00
30/11/2016 280.24 280.24 280.24 280.24 1 100.00 28024.00
01/12/2016 279.80 279.80 281.30 281.30 2 2100.00 588780.00
07/12/2016 273.90 273.90 282.50 282.50 21 14100.00 3905738.00
09/12/2016 281.08 281.08 281.08 281.08 1 2000.00 562160.00
12/12/2016 282.95 280.85 282.95 280.85 4 9100.00 2566135.00
14/12/2016 281.00 281.00 281.00 281.00 1 500.00 140500.00
15/12/2016 289.75 285.80 292.21 288.82 7 2200.00 632321.00
16/12/2016 291.15 290.44 291.15 290.44 2 500.00 145291.00
20/12/2016 287.89 287.89 287.89 287.89 1 100.00 28789.00
23/12/2016 284.40 284.40 286.36 286.32 4 4900.00 1400250.00
27/12/2016 287.55 287.55 287.55 287.55 1 3200.00 920160.00
29/12/2016 284.94 284.94 284.94 284.94 1 200.00 56988.00
03/01/2017 280.01 280.00 280.01 280.00 2 1400.00 392013.00
04/01/2017 282.40 282.40 282.40 282.40 1 400.00 112960.00
09/01/2017 275.19 274.33 275.19 274.33 2 5800.00 1591716.00
11/01/2017 276.64 276.64 276.64 276.64 1 200.00 55328.00
12/01/2017 277.80 277.80 277.80 277.80 1 700.00 194460.00
17/01/2017 281.50 281.50 281.50 281.50 1 300.00 84450.00
19/01/2017 280.47 280.47 280.47 280.47 1 9900.00 2776653.00
20/01/2017 280.45 280.45 280.45 280.45 1 200.00 56090.00
23/01/2017 279.88 277.20 280.00 280.00 3 500.00 139428.00
27/01/2017 279.77 279.77 279.77 279.77 1 100.00 27977.00
01/02/2017 277.40 277.40 277.40 277.40 1 100.00 27740.00
09/02/2017 280.59 280.59 280.59 280.59 1 200.00 56118.00
10/02/2017 280.40 280.40 280.40 280.40 2 2700.00 757080.00
14/02/2017 280.68 280.68 280.68 280.68 2 300.00 84204.00
16/02/2017 268.62 268.62 268.62 268.62 1 400.00 107448.00
17/02/2017 290.80 289.44 295.00 295.00 5 6400.00 1866180.00
24/02/2017 284.65 284.65 287.80 287.80 3 1200.00 343155.00
01/03/2017 286.25 282.21 286.25 282.21 6 1000.00 284230.00
02/03/2017 283.50 283.50 283.50 283.50 10 1000.00 283500.00
06/03/2017 284.63 284.63 285.10 285.10 2 1900.00 541596.00
08/03/2017 287.12 287.12 287.46 287.36 4 13300.00 3821948.00
09/03/2017 291.04 291.04 291.04 291.04 1 500.00 145520.00
13/03/2017 287.71 287.71 287.71 287.71 1 300.00 86313.00
16/03/2017 288.76 288.76 288.76 288.76 1 300.00 86628.00
17/03/2017 289.00 289.00 289.00 289.00 1 1000.00 289000.00
20/03/2017 283.69 283.69 283.69 283.69 1 100.00 28369.00
23/03/2017 289.19 289.19 289.19 289.19 1 300.00 86757.00
27/03/2017 285.64 285.64 285.64 285.64 1 11200.00 3199168.00
28/03/2017 286.44 286.44 286.44 286.44 1 3200.00 916608.00
03/04/2017 284.55 284.55 284.55 284.55 1 700.00 199185.00
05/04/2017 284.10 282.90 284.10 282.90 5 4100.00 1162884.00
13/04/2017 287.50 287.50 287.50 287.50 2 200.00 57500.00
24/04/2017 288.00 288.00 288.50 288.50 2 3400.00 979550.00
02/05/2017 280.00 280.00 280.57 280.57 2 800.00 224171.00
16/05/2017 276.10 276.10 276.80 276.80 3 2100.00 581070.00
18/05/2017 302.00 302.00 302.00 302.00 2 200.00 60400.00
19/05/2017 294.96 294.96 294.96 294.96 1 100.00 29496.00
22/05/2017 298.91 298.78 300.15 300.00 14 1400.00 419354.00
23/05/2017 298.46 298.46 298.46 298.46 1 300.00 89538.00
25/05/2017 306.14 306.14 307.50 307.50 6 12700.00 3896507.00
26/05/2017 302.20 301.82 302.20 301.82 3 6400.00 1931687.00
01/06/2017 301.27 301.27 301.27 301.27 1 200.00 60254.00
02/06/2017 302.42 302.42 302.42 302.42 1 200.00 60484.00
16/06/2017 294.47 294.47 294.47 294.47 1 400.00 117788.00
