20/06/2016 2.36 2.27 2.39 2.30 349 228955.87 531778.00
21/06/2016 2.30 2.23 2.30 2.23 374 218816.85 494630.00
22/06/2016 2.27 2.19 2.27 2.19 346 232163.12 519068.00
23/06/2016 2.19 2.18 2.27 2.27 250 108322.09 240885.00
24/06/2016 2.26 2.17 2.26 2.18 524 466705.81 1024909.00
27/06/2016 2.19 2.13 2.22 2.18 483 148464.38 321699.00
28/06/2016 2.17 2.12 2.20 2.13 325 322690.18 688702.00
29/06/2016 2.14 2.13 2.19 2.19 172 109149.78 235546.00
30/06/2016 2.20 2.15 2.23 2.23 154 109356.69 240667.00
01/07/2016 2.25 2.23 2.30 2.27 177 127358.65 290304.00
04/07/2016 2.27 2.27 2.34 2.34 81 81733.00 190701.00
05/07/2016 2.37 2.30 2.39 2.32 590 237336.09 558467.00
06/07/2016 2.31 2.26 2.33 2.32 99 87216.36 201700.00
07/07/2016 2.32 2.25 2.32 2.25 145 39521.53 91042.00
08/07/2016 2.30 2.18 2.30 2.20 360 246750.91 549422.00
11/07/2016 2.23 2.20 2.24 2.22 129 68179.81 151948.00
12/07/2016 2.23 2.23 2.30 2.30 184 143808.70 325893.00
13/07/2016 2.29 2.26 2.29 2.28 97 46556.78 106713.00
14/07/2016 2.28 2.28 2.33 2.32 200 148050.55 342122.00
15/07/2016 2.32 2.25 2.34 2.29 220 113495.07 261345.00
18/07/2016 2.30 2.28 2.34 2.34 161 113598.53 264302.00
19/07/2016 2.34 2.31 2.40 2.40 378 187882.45 446491.00
20/07/2016 2.41 2.37 2.49 2.48 432 238370.69 585644.00
21/07/2016 2.48 2.48 2.56 2.54 356 242715.99 613192.00
22/07/2016 2.54 2.53 2.66 2.65 286 198538.79 520464.00
25/07/2016 2.71 2.54 2.71 2.54 457 229473.17 600233.00
26/07/2016 2.61 2.53 2.72 2.54 703 498364.41 1298249.00
27/07/2016 2.57 2.49 2.62 2.51 300 199469.92 509693.00
28/07/2016 2.60 2.51 2.60 2.60 325 256269.19 656370.00
29/07/2016 2.60 2.52 2.61 2.52 617 225231.33 575731.00
01/08/2016 2.59 2.44 2.60 2.46 1159 371015.48 940996.00
02/08/2016 2.48 2.34 2.48 2.36 403 229379.20 551950.00
03/08/2016 2.36 2.36 2.43 2.43 187 96230.86 230625.00
04/08/2016 2.49 2.38 2.49 2.41 309 195120.61 474233.00
05/08/2016 2.42 2.34 2.44 2.38 326 245946.04 585845.00
08/08/2016 2.39 2.39 2.49 2.44 286 263637.80 645830.00
09/08/2016 2.47 2.42 2.49 2.48 225 174769.98 428915.00
10/08/2016 2.51 2.45 2.54 2.46 307 261797.04 655168.00
11/08/2016 2.51 2.45 2.53 2.52 333 239605.64 599276.00
12/08/2016 2.50 2.45 2.51 2.50 217 96537.66 239904.00
15/08/2016 2.51 2.47 2.53 2.52 213 118013.20 295882.00
16/08/2016 2.50 2.46 2.56 2.56 245 232038.08 585220.00
17/08/2016 2.55 2.46 2.56 2.51 435 227231.65 571654.00
18/08/2016 2.51 2.50 2.56 2.55 169 86924.80 219132.00
19/08/2016 2.53 2.52 2.55 2.54 113 59313.39 150601.00
22/08/2016 2.55 2.51 2.55 2.52 419 313338.33 791847.00
23/08/2016 2.53 2.50 2.58 2.53 638 405376.35 1031682.00
24/08/2016 2.59 2.50 2.61 2.54 605 261592.50 665716.00
25/08/2016 2.57 2.53 2.57 2.54 289 349335.42 890435.00
26/08/2016 2.57 2.48 2.57 2.51 391 310372.66 781083.00
29/08/2016 2.54 2.50 2.55 2.53 309 214857.65 544766.00
30/08/2016 2.54 2.52 2.56 2.54 376 198495.33 503982.00
31/08/2016 2.54 2.53 2.56 2.53 283 244105.28 619584.00
01/09/2016 2.57 2.53 2.64 2.59 556 345653.90 897631.00
02/09/2016 2.60 2.52 2.60 2.53 495 251161.53 638146.00
05/09/2016 2.56 2.52 2.56 2.53 178 154521.61 392024.00
06/09/2016 2.53 2.49 2.62 2.52 561 350460.33 886511.00
08/09/2016 2.50 2.50 2.55 2.52 742 334813.86 844817.00
09/09/2016 2.57 2.51 2.57 2.52 390 197268.16 498429.00
12/09/2016 2.54 2.51 2.57 2.55 411 204528.93 517871.00
13/09/2016 2.55 2.51 2.55 2.51 318 166895.62 420981.00
14/09/2016 2.51 2.51 2.53 2.51 181 198597.60 499440.00
15/09/2016 2.52 2.51 2.53 2.52 122 54506.96 137404.00
16/09/2016 2.52 2.52 2.54 2.52 152 94799.16 239577.00
19/09/2016 2.53 2.51 2.58 2.57 213 155953.31 398039.00
20/09/2016 2.58 2.57 2.60 2.59 151 99401.07 257164.00
21/09/2016 2.57 2.56 2.63 2.63 224 200949.67 521184.00
22/09/2016 2.63 2.58 2.64 2.62 214 161373.33 422282.00
23/09/2016 2.63 2.58 2.74 2.66 396 346676.54 930002.00
26/09/2016 2.72 2.62 2.72 2.67 226 188268.89 500573.00
27/09/2016 2.68 2.64 2.72 2.69 191 140204.59 375981.00
28/09/2016 2.70 2.70 2.75 2.72 147 137954.77 375689.00
29/09/2016 2.74 2.72 2.80 2.74 489 434112.66 1195091.00
30/09/2016 2.79 2.72 2.79 2.72 175 107377.70 292976.00
03/10/2016 2.74 2.72 2.76 2.76 149 114229.41 313290.00
04/10/2016 2.76 2.74 2.78 2.76 239 219152.75 602259.00
05/10/2016 2.77 2.76 2.81 2.80 154 114229.41 317874.00
06/10/2016 2.80 2.77 2.83 2.79 204 153192.18 429894.00
07/10/2016 2.81 2.65 2.81 2.67 476 403024.27 1098462.00
10/10/2016 2.69 2.63 2.72 2.69 226 176201.68 473666.00
11/10/2016 2.73 2.66 2.73 2.68 139 99401.07 266045.00
13/10/2016 2.65 2.64 2.69 2.68 115 58188.48 154989.00
14/10/2016 2.68 2.68 2.73 2.72 257 215266.70 582855.00
17/10/2016 2.69 2.69 2.73 2.71 163 129773.61 351640.00
18/10/2016 2.72 2.69 2.74 2.70 408 199824.77 541761.00
19/10/2016 2.74 2.68 2.75 2.69 216 181008.11 488406.00
20/10/2016 2.69 2.65 2.69 2.65 150 150737.82 402408.00
21/10/2016 2.67 2.65 2.69 2.69 144 66574.17 177827.00
24/10/2016 2.69 2.67 2.71 2.67 211 94901.43 255413.00
25/10/2016 2.72 2.69 2.73 2.69 220 217925.58 589870.00
26/10/2016 2.69 2.69 2.81 2.80 674 407114.85 1118432.00
27/10/2016 2.80 2.77 2.85 2.83 369 361095.84 1019937.00
28/10/2016 2.86 2.83 2.89 2.88 235 173031.48 495347.00
31/10/2016 2.88 2.79 2.89 2.81 345 229072.41 648702.00
01/11/2016 2.84 2.68 2.84 2.70 218 159021.24 436486.00
03/11/2016 2.70 2.63 2.71 2.64 300 208005.93 554710.00
04/11/2016 2.68 2.59 2.69 2.63 214 104460.67 275653.00
07/11/2016 2.61 2.53 2.67 2.67 213 125595.51 328096.00
08/11/2016 2.67 2.58 2.67 2.60 177 105674.16 277765.00
09/11/2016 2.53 2.37 2.57 2.54 255 189707.87 479712.00
10/11/2016 2.57 2.57 2.78 2.71 386 363842.70 983545.00
11/11/2016 2.79 2.69 2.79 2.76 430 289415.73 797482.00
14/11/2016 2.79 2.74 2.82 2.77 168 100112.36 279210.00
16/11/2016 2.79 2.64 2.79 2.66 493 161696.63 438177.00
17/11/2016 2.72 2.63 2.72 2.70 239 62393.26 166376.00
18/11/2016 2.68 2.62 2.70 2.67 223 114269.66 303149.00
21/11/2016 2.67 2.58 2.69 2.59 212 144404.49 378135.00
22/11/2016 2.59 2.59 2.68 2.65 178 93640.45 247126.00
23/11/2016 2.70 2.65 2.72 2.71 209 127719.10 343135.00
24/11/2016 2.71 2.67 2.73 2.72 95 57741.57 156063.00
25/11/2016 2.73 2.67 2.75 2.67 84 52078.65 140677.00
28/11/2016 2.71 2.67 2.76 2.76 402 253617.98 688674.00
29/11/2016 2.75 2.75 2.86 2.80 383 277382.02 774923.00
30/11/2016 2.79 2.69 2.79 2.74 258 139550.56 382453.00
01/12/2016 2.78 2.59 2.78 2.60 338 314494.38 834820.00
02/12/2016 2.65 2.52 2.65 2.61 276 145820.22 375338.00
05/12/2016 2.62 2.59 2.66 2.59 171 97584.27 255289.00
06/12/2016 2.59 2.59 2.67 2.64 203 108000.00 285217.00
07/12/2016 2.64 2.62 2.71 2.71 180 79280.90 210766.00
08/12/2016 2.73 2.71 2.76 2.76 184 194460.67 531072.00
09/12/2016 2.74 2.71 2.77 2.72 144 68865.17 188314.00
12/12/2016 2.67 2.65 2.70 2.67 136 65831.46 175997.00
13/12/2016 2.67 2.64 2.69 2.69 165 110528.09 294068.00
14/12/2016 2.70 2.68 2.72 2.71 179 89494.38 242029.00
15/12/2016 2.70 2.66 2.72 2.69 480 149359.55 400867.00
16/12/2016 2.70 2.69 2.82 2.82 269 199820.22 548397.00
19/12/2016 2.80 2.76 2.83 2.77 143 50460.67 141157.00
20/12/2016 2.75 2.68 2.75 2.68 114 82112.36 221548.00
21/12/2016 2.70 2.64 2.72 2.68 237 168775.28 451053.00
22/12/2016 2.67 2.64 2.68 2.66 858 304179.78 807604.00
23/12/2016 2.68 2.65 2.71 2.70 113 49348.31 132042.00
26/12/2016 2.72 2.70 2.73 2.72 59 29528.09 80277.00
27/12/2016 2.72 2.69 2.73 2.72 77 58348.31 158141.00
28/12/2016 2.70 2.70 2.78 2.76 177 49348.31 136045.00
29/12/2016 2.78 2.74 2.86 2.82 385 232887.64 654430.00
02/01/2017 2.82 2.73 2.82 2.76 141 81505.62 226578.00
03/01/2017 2.77 2.77 2.83 2.83 259 78775.28 221311.00
04/01/2017 2.86 2.73 2.86 2.79 303 240067.42 668235.00
05/01/2017 2.78 2.75 2.83 2.83 524 298516.85 835082.00
06/01/2017 2.83 2.75 2.83 2.79 381 126606.74 350890.00
09/01/2017 2.81 2.75 2.81 2.75 329 114573.03 316729.00
10/01/2017 2.76 2.74 2.82 2.81 733 200224.72 555617.00
11/01/2017 2.81 2.74 2.81 2.74 164 86056.18 237361.00
12/01/2017 2.76 2.75 2.80 2.79 138 85550.56 236940.00
13/01/2017 2.80 2.75 2.80 2.78 160 89191.01 246519.00
16/01/2017 2.79 2.74 2.79 2.75 94 60168.54 166007.00
17/01/2017 2.75 2.74 2.77 2.77 132 73516.85 202404.00
18/01/2017 2.77 2.76 2.79 2.79 292 122865.17 341129.00
19/01/2017 2.77 2.77 2.83 2.81 230 145213.48 407913.00
20/01/2017 2.78 2.75 2.85 2.79 323 231269.66 642598.00
23/01/2017 2.77 2.74 2.81 2.78 201 100415.73 277793.00
24/01/2017 2.81 2.76 2.81 2.79 425 175348.31 488000.00
26/01/2017 2.76 2.76 2.81 2.79 230 578325.84 1613510.00
27/01/2017 2.80 2.77 2.82 2.80 292 140662.92 393941.00
30/01/2017 2.79 2.75 2.81 2.77 238 155629.21 431545.00
31/01/2017 2.77 2.74 2.81 2.77 339 195674.16 541805.00
01/02/2017 2.80 2.70 2.82 2.74 630 462539.33 1270810.00
02/02/2017 2.75 2.70 2.76 2.71 340 257056.18 698694.00
03/02/2017 2.72 2.72 2.76 2.72 274 174134.83 476435.00
06/02/2017 2.75 2.66 2.76 2.67 613 444842.70 1199244.00
07/02/2017 2.69 2.67 2.72 2.67 304 164500.00 442898.00
08/02/2017 2.69 2.67 2.69 2.69 231 104300.00 279589.00
09/02/2017 2.67 2.65 2.70 2.69 188 84300.00 226099.00
10/02/2017 2.69 2.67 2.69 2.69 163 95200.00 255364.00
13/02/2017 2.68 2.66 2.70 2.68 259 168300.00 450723.00
14/02/2017 2.68 2.68 2.77 2.69 345 357600.00 969597.00
15/02/2017 2.75 2.69 2.79 2.78 502 334400.00 914601.00
16/02/2017 2.78 2.74 2.79 2.75 271 240500.00 664032.00
17/02/2017 2.75 2.74 2.77 2.75 341 220100.00 606914.00
20/02/2017 2.76 2.74 2.79 2.74 401 377800.00 1044140.00
21/02/2017 2.75 2.74 2.79 2.76 247 255500.00 705678.00
22/02/2017 2.77 2.72 2.77 2.74 250 175400.00 480585.00
23/02/2017 2.75 2.70 2.76 2.71 424 345000.00 939461.00
24/02/2017 2.71 2.70 2.76 2.76 261 181800.00 496454.00
01/03/2017 2.77 2.72 2.78 2.73 228 162400.00 447400.00
02/03/2017 2.77 2.65 2.77 2.69 797 450900.00 1211766.00
03/03/2017 2.69 2.66 2.70 2.67 477 302400.00 810218.00
06/03/2017 2.70 2.62 2.70 2.65 875 474300.00 1255115.00
07/03/2017 2.65 2.61 2.66 2.62 448 300400.00 790104.00
08/03/2017 2.63 2.61 2.66 2.61 358 210600.00 552969.00
09/03/2017 2.67 2.61 2.67 2.61 403 202200.00 532067.00
10/03/2017 2.63 2.61 2.65 2.62 328 200100.00 524750.00
13/03/2017 2.64 2.62 2.68 2.67 409 233100.00 618077.00
14/03/2017 2.67 2.62 2.67 2.63 180 104300.00 276437.00
15/03/2017 2.64 2.57 2.64 2.64 367 217800.00 567698.00
16/03/2017 2.65 2.61 2.66 2.64 232 109300.00 288124.00
17/03/2017 2.65 2.60 2.66 2.63 207 168400.00 440547.00
20/03/2017 2.63 2.60 2.65 2.63 155 91300.00 240131.00
21/03/2017 2.63 2.56 2.64 2.57 362 215900.00 559081.00
22/03/2017 2.57 2.51 2.57 2.53 542 368700.00 931837.00
23/03/2017 2.52 2.47 2.56 2.50 1487 492500.00 1240138.00
24/03/2017 2.51 2.47 2.51 2.49 471 371900.00 926348.00
27/03/2017 2.49 2.46 2.53 2.47 574 621800.00 1548557.00
28/03/2017 2.47 2.47 2.58 2.54 321 163800.00 414965.00
29/03/2017 2.55 2.53 2.60 2.58 231 92700.00 238471.00
30/03/2017 2.60 2.59 2.65 2.62 281 149100.00 391934.00
31/03/2017 2.61 2.61 2.70 2.68 250 131400.00 351252.00
03/04/2017 2.68 2.62 2.69 2.66 211 101700.00 271191.00
04/04/2017 2.70 2.67 2.78 2.76 346 281800.00 766460.00
05/04/2017 2.78 2.65 2.80 2.71 569 470700.00 1274180.00
06/04/2017 2.71 2.64 2.72 2.67 335 259500.00 692131.00
07/04/2017 2.67 2.66 2.69 2.69 257 112700.00 301034.00
10/04/2017 2.70 2.68 2.72 2.70 268 128900.00 347944.00
11/04/2017 2.72 2.66 2.74 2.67 1370 589500.00 1580186.00
12/04/2017 2.67 2.66 2.72 2.72 324 246400.00 664788.00
13/04/2017 2.70 2.64 2.70 2.65 456 240800.00 641435.00
17/04/2017 2.64 2.63 2.69 2.68 320 164600.00 438618.00
18/04/2017 2.68 2.65 2.70 2.65 450 194800.00 520842.00
19/04/2017 2.67 2.64 2.68 2.65 222 239800.00 636419.00
20/04/2017 2.65 2.65 2.71 2.67 382 235100.00 631037.00
24/04/2017 2.67 2.67 2.89 2.89 372 466400.00 1312126.00
25/04/2017 2.82 2.75 2.87 2.81 381 282100.00 795954.00
26/04/2017 2.83 2.78 2.85 2.83 354 367200.00 1034390.00
27/04/2017 2.84 2.81 2.86 2.85 237 163900.00 464379.00
28/04/2017 2.82 2.82 2.88 2.83 253 166800.00 474801.00
02/05/2017 2.83 2.80 2.89 2.87 299 202500.00 580447.00
03/05/2017 2.88 2.84 2.88 2.86 204 144100.00 412520.00
04/05/2017 2.88 2.83 2.88 2.86 194 127900.00 364342.00
05/05/2017 2.86 2.81 2.89 2.88 169 96100.00 275063.00
08/05/2017 2.86 2.84 2.90 2.87 280 166500.00 477031.00
09/05/2017 2.86 2.86 2.93 2.90 183 123300.00 356821.00
10/05/2017 2.92 2.83 2.95 2.85 295 218900.00 629754.00
11/05/2017 2.83 2.81 2.90 2.83 214 168800.00 481366.00
12/05/2017 2.83 2.82 2.86 2.82 145 79100.00 224519.00
15/05/2017 2.85 2.82 2.87 2.86 174 146900.00 417969.00
16/05/2017 2.87 2.84 2.88 2.86 137 81100.00 231978.00
17/05/2017 2.84 2.76 2.85 2.77 244 202200.00 565618.00
18/05/2017 2.60 2.55 2.85 2.78 999 1038200.00 2870330.00
19/05/2017 2.78 2.70 2.81 2.80 336 260000.00 722389.00
22/05/2017 2.84 2.79 2.90 2.88 503 467200.00 1338565.00
23/05/2017 2.86 2.86 3.00 3.00 515 417100.00 1222565.00
24/05/2017 3.00 2.93 3.03 2.93 370 258300.00 764882.00
25/05/2017 2.95 2.94 3.04 3.03 425 327400.00 976625.00
26/05/2017 3.00 2.95 3.10 3.02 275 601700.00 1823212.00
29/05/2017 3.02 3.01 3.07 3.06 191 107600.00 328093.00
30/05/2017 3.04 2.74 3.05 2.93 1254 1608700.00 4595128.00
31/05/2017 2.94 2.86 2.94 2.86 242 113000.00 326075.00
01/06/2017 2.89 2.87 2.92 2.87 177 87900.00 254030.00
02/06/2017 2.87 2.84 2.89 2.84 163 90200.00 258128.00
05/06/2017 2.84 2.84 2.96 2.93 289 159900.00 465467.00
06/06/2017 2.91 2.87 2.93 2.93 212 91200.00 265260.00
07/06/2017 2.90 2.89 2.94 2.92 224 107200.00 312661.00
08/06/2017 2.92 2.87 2.92 2.90 178 99900.00 288135.00
09/06/2017 2.88 2.83 2.89 2.83 329 178000.00 508310.00
12/06/2017 2.83 2.81 2.89 2.89 295 136300.00 387580.00
13/06/2017 2.89 2.87 2.96 2.94 276 260100.00 761200.00
14/06/2017 2.92 2.91 2.95 2.95 250 136000.00 399250.00
16/06/2017 2.93 2.89 2.96 2.93 335 151300.00 443228.00
