20/06/2016 10.61 10.56 10.98 10.64 1522 307500.00 3292038.00
21/06/2016 10.60 10.60 10.92 10.91 1916 591700.00 6345500.00
22/06/2016 10.86 10.74 10.88 10.87 1356 361000.00 3904901.00
23/06/2016 10.87 10.80 11.28 11.08 2710 964100.00 10606085.00
24/06/2016 10.64 10.63 11.11 11.11 1365 300900.00 3264976.00
27/06/2016 11.11 10.70 11.11 10.94 2214 418000.00 4541232.00
28/06/2016 10.94 10.86 11.12 10.95 2088 529600.00 5802086.00
29/06/2016 11.02 11.00 11.28 11.22 2963 638500.00 7135568.00
30/06/2016 11.19 11.08 11.37 11.35 3379 876800.00 9836160.00
01/07/2016 11.39 11.25 11.67 11.66 3072 852900.00 9845796.00
04/07/2016 11.79 11.57 11.80 11.64 1324 326900.00 3822811.00
05/07/2016 11.63 11.45 11.83 11.80 1659 349800.00 4093867.00
06/07/2016 11.77 11.48 11.77 11.65 2215 738600.00 8569124.00
07/07/2016 11.76 11.42 11.91 11.55 2179 391700.00 4520928.00
08/07/2016 11.63 11.54 11.83 11.83 1852 685900.00 8003508.00
11/07/2016 11.98 11.88 12.15 11.93 2159 418300.00 5013239.00
12/07/2016 12.19 12.05 12.27 12.25 3356 739100.00 9026206.00
13/07/2016 12.20 12.03 12.30 12.24 1419 441600.00 5378159.00
14/07/2016 12.25 12.09 12.55 12.39 2036 693600.00 8542690.00
15/07/2016 12.48 12.25 12.51 12.51 1396 336000.00 4181522.00
18/07/2016 12.51 12.18 12.60 12.30 3698 1309000.00 16167949.00
19/07/2016 12.20 12.20 12.51 12.40 2098 464900.00 5771741.00
20/07/2016 12.33 12.33 12.74 12.59 1750 1543200.00 19492349.00
21/07/2016 12.56 12.41 12.78 12.61 1739 607400.00 7648975.00
22/07/2016 12.71 12.53 12.72 12.70 2259 372500.00 4699572.00
25/07/2016 12.71 12.56 12.89 12.83 2748 475600.00 6067821.00
26/07/2016 12.86 12.68 12.89 12.74 1514 236400.00 3012670.00
27/07/2016 12.86 12.66 12.89 12.83 4378 806300.00 10326925.00
28/07/2016 12.81 12.56 12.88 12.61 2378 601800.00 7592278.00
29/07/2016 12.56 12.54 13.30 13.04 3559 827100.00 10790709.00
01/08/2016 13.09 13.09 13.40 13.25 2292 429700.00 5700692.00
02/08/2016 13.14 12.69 13.17 12.90 3465 475500.00 6124684.00
03/08/2016 12.98 12.60 12.99 12.99 2971 557200.00 7138840.00
04/08/2016 13.11 13.00 13.59 13.20 2046 467900.00 6222172.00
05/08/2016 13.39 13.04 13.44 13.30 1651 323400.00 4288543.00
08/08/2016 13.34 13.11 13.46 13.18 1334 270300.00 3577266.00
09/08/2016 13.21 12.95 13.30 13.10 1989 386400.00 5058450.00
10/08/2016 13.01 12.80 13.14 12.98 1391 304200.00 3933074.00
11/08/2016 13.00 12.93 13.41 13.34 2950 597400.00 7867236.00
12/08/2016 13.42 13.42 14.12 13.92 3722 618000.00 8644732.00
15/08/2016 13.85 13.85 14.33 14.24 2206 456100.00 6427248.00
16/08/2016 14.18 13.83 14.29 14.07 4561 867400.00 12139145.00
17/08/2016 14.07 13.73 14.11 13.98 2810 695700.00 9644769.00
18/08/2016 13.91 13.82 14.06 13.84 1160 234500.00 3258551.00
19/08/2016 13.89 13.64 14.13 13.87 2022 580200.00 8069478.00
22/08/2016 13.73 13.47 13.85 13.50 2055 937000.00 12726558.00
23/08/2016 13.54 13.51 13.75 13.57 1503 205800.00 2800967.00
24/08/2016 13.61 13.41 13.89 13.82 3428 494400.00 6789311.00
25/08/2016 13.79 13.70 13.89 13.85 3408 486400.00 6712395.00
26/08/2016 13.94 13.76 14.49 14.07 5240 778000.00 11010190.00
29/08/2016 14.01 13.87 14.29 14.23 1205 278300.00 3936837.00
30/08/2016 14.16 13.82 14.20 14.07 1142 165300.00 2320470.00
31/08/2016 14.15 13.57 14.15 13.97 3114 794500.00 11003517.00
01/09/2016 13.99 13.81 14.05 14.05 1298 315600.00 4417439.00
02/09/2016 14.21 14.00 14.30 14.15 3224 1202000.00 16985075.00
05/09/2016 14.27 14.10 14.27 14.16 414 131800.00 1868220.00
06/09/2016 14.07 14.07 14.48 14.27 1611 286800.00 4103297.00
08/09/2016 14.27 14.14 14.60 14.48 2792 514100.00 7431275.00
09/09/2016 14.44 14.18 14.51 14.36 1489 237500.00 3399831.00
12/09/2016 14.22 13.96 14.30 14.07 1770 307000.00 4320217.00
13/09/2016 14.09 13.68 14.18 13.85 2999 497700.00 6919185.00
14/09/2016 13.88 13.69 14.07 13.93 4107 687200.00 9522139.00
15/09/2016 13.98 13.81 14.03 13.94 2707 455300.00 6338521.00
16/09/2016 13.92 13.51 14.00 13.51 1963 762100.00 10359748.00
19/09/2016 13.69 13.46 14.16 13.55 3106 469900.00 6437373.00
20/09/2016 13.51 13.45 13.74 13.65 1531 207200.00 2823730.00
21/09/2016 13.51 13.49 13.89 13.81 2247 485000.00 6654217.00
22/09/2016 13.98 13.59 14.12 13.82 3757 1132300.00 15587082.00
23/09/2016 13.79 13.76 14.04 13.87 1761 248200.00 3446096.00
26/09/2016 13.87 13.71 13.93 13.90 905 127700.00 1769985.00
27/09/2016 13.77 13.73 14.04 13.98 1431 212300.00 2958067.00
28/09/2016 14.01 14.01 14.39 14.21 2745 464600.00 6610024.00
29/09/2016 14.37 14.15 14.53 14.26 1565 337800.00 4820252.00
30/09/2016 14.35 14.19 14.56 14.34 1712 310300.00 4455895.00
03/10/2016 14.39 14.34 14.74 14.67 2381 420600.00 6157033.00
04/10/2016 14.65 14.44 14.70 14.62 4455 791200.00 11508903.00
05/10/2016 14.63 14.44 14.78 14.78 1890 384200.00 5624455.00
06/10/2016 14.79 14.57 14.89 14.82 1684 376600.00 5536912.00
07/10/2016 14.80 14.67 14.86 14.80 2388 378100.00 5573789.00
10/10/2016 14.85 14.74 15.09 14.89 2414 331200.00 4928505.00
11/10/2016 14.81 14.81 15.04 14.87 1558 284900.00 4245751.00
13/10/2016 14.81 14.27 14.89 14.73 2183 378000.00 5539591.00
14/10/2016 14.85 14.85 15.32 15.14 5279 1254000.00 18857938.00
17/10/2016 15.10 15.01 15.36 15.28 2537 331500.00 5052601.00
18/10/2016 15.36 15.36 15.86 15.66 4662 729800.00 11429691.00
19/10/2016 15.75 15.53 15.82 15.69 2697 420800.00 6589755.00
20/10/2016 15.60 15.37 15.71 15.66 3310 984800.00 15350103.00
21/10/2016 15.57 15.51 15.78 15.75 2090 550600.00 8620005.00
24/10/2016 15.70 15.70 16.15 16.08 2354 767100.00 12253705.00
25/10/2016 16.03 15.74 16.09 15.90 1326 257700.00 4093571.00
26/10/2016 15.89 15.57 16.00 15.90 1679 289900.00 4599822.00
27/10/2016 15.81 15.75 16.11 15.89 1488 248200.00 3940054.00
28/10/2016 15.86 15.61 15.93 15.80 1290 219400.00 3465729.00
31/10/2016 15.72 15.52 15.90 15.66 4562 1081900.00 16887600.00
01/11/2016 15.61 15.15 15.69 15.27 3862 593300.00 9101578.00
03/11/2016 15.25 14.71 15.25 15.00 3715 651800.00 9787263.00
04/11/2016 14.89 14.88 15.32 15.00 1878 339300.00 5118872.00
07/11/2016 15.06 14.98 15.61 15.21 2142 531800.00 8136409.00
08/11/2016 15.04 15.04 15.49 15.20 1931 316500.00 4823102.00
09/11/2016 14.60 14.59 15.46 15.12 2721 452300.00 6839017.00
10/11/2016 15.15 14.28 15.25 14.69 3924 1665600.00 24350045.00
11/11/2016 14.70 13.59 14.86 13.87 5538 1131900.00 15783167.00
14/11/2016 13.85 13.15 13.94 13.46 5015 987300.00 13227068.00
16/11/2016 13.69 13.22 13.69 13.62 4044 657600.00 8828845.00
17/11/2016 13.62 13.30 13.62 13.38 2815 534800.00 7166980.00
18/11/2016 13.19 12.89 13.33 13.10 4054 729300.00 9520844.00
21/11/2016 13.12 12.93 13.24 13.18 2667 1015500.00 13274035.00
22/11/2016 13.21 12.96 13.39 13.09 1861 389800.00 5097194.00
23/11/2016 13.05 12.56 13.09 12.88 4044 661900.00 8510749.00
24/11/2016 12.88 12.67 12.99 12.78 1837 345900.00 4417852.00
25/11/2016 12.58 12.41 12.80 12.50 2514 457300.00 5756119.00
28/11/2016 12.45 12.32 12.61 12.50 1538 273600.00 3421322.00
29/11/2016 12.55 12.36 12.73 12.42 1670 302400.00 3777282.00
30/11/2016 12.42 12.42 12.89 12.89 1837 1095700.00 13956777.00
01/12/2016 12.71 11.93 12.71 12.21 5827 903000.00 11023974.00
02/12/2016 12.22 11.91 12.31 12.20 3092 2304100.00 28100547.00
05/12/2016 12.20 11.94 12.29 11.94 3048 1007800.00 12191958.00
06/12/2016 12.00 11.82 12.22 12.15 2902 553200.00 6685775.00
07/12/2016 12.25 12.04 12.37 12.22 4707 873400.00 10636257.00
08/12/2016 12.27 12.00 12.48 12.23 2027 356500.00 4362097.00
09/12/2016 12.36 12.00 12.36 12.16 2160 503700.00 6131200.00
12/12/2016 12.00 11.81 12.27 12.01 2371 357100.00 4284254.00
13/12/2016 12.12 11.79 12.15 12.14 2181 470800.00 5667778.00
14/12/2016 12.30 11.96 12.44 11.98 3005 576000.00 6982602.00
15/12/2016 11.87 11.63 11.96 11.80 2917 457800.00 5403453.00
16/12/2016 11.84 11.84 12.20 11.95 2443 631100.00 7557398.00
19/12/2016 12.00 11.84 12.11 12.02 1706 306100.00 3673441.00
20/12/2016 11.99 11.76 12.14 11.85 2304 685300.00 8170242.00
21/12/2016 11.92 11.71 12.10 11.80 1702 404000.00 4781391.00
22/12/2016 11.92 11.70 11.96 11.89 2005 325700.00 3856364.00
23/12/2016 11.90 11.81 12.18 12.01 1962 342200.00 4109904.00
26/12/2016 12.04 11.99 12.15 12.08 590 121700.00 1467859.00
27/12/2016 12.19 12.00 12.19 12.05 964 175600.00 2120072.00
28/12/2016 12.15 12.06 12.31 12.30 1640 298600.00 3654868.00
29/12/2016 12.22 12.22 12.49 12.47 1932 638200.00 7936307.00
02/01/2017 12.47 12.27 12.58 12.52 1057 190100.00 2362423.00
03/01/2017 12.64 12.36 12.68 12.52 1694 294800.00 3688491.00
04/01/2017 12.50 12.38 12.67 12.54 1139 330800.00 4140940.00
05/01/2017 12.56 12.38 12.61 12.51 1277 233600.00 2911034.00
06/01/2017 12.43 12.21 12.44 12.39 1818 309900.00 3823627.00
09/01/2017 12.41 12.29 12.52 12.35 1091 459100.00 5679715.00
10/01/2017 12.45 12.32 12.60 12.60 2088 536100.00 6685478.00
11/01/2017 12.67 12.33 12.70 12.51 2602 594300.00 7412976.00
12/01/2017 12.63 12.63 13.44 13.26 3656 804200.00 10587842.00
13/01/2017 13.35 13.27 13.72 13.50 3636 1376500.00 18476733.00
16/01/2017 13.50 13.46 13.89 13.68 1305 299600.00 4071103.00
17/01/2017 13.66 13.47 13.74 13.66 3181 568700.00 7751726.00
18/01/2017 13.70 13.62 14.01 13.77 2581 612800.00 8425989.00
19/01/2017 13.71 13.60 13.94 13.65 2573 1368300.00 18725214.00
20/01/2017 13.64 13.62 13.91 13.80 3411 807100.00 11062716.00
23/01/2017 13.82 13.78 14.13 13.81 1810 428500.00 5948292.00
24/01/2017 13.86 13.74 14.10 13.78 2888 806600.00 11273585.00
26/01/2017 13.96 13.63 14.10 13.74 3888 677200.00 9346440.00
27/01/2017 13.74 13.46 13.86 13.60 2988 791000.00 10809065.00
30/01/2017 13.65 13.20 13.65 13.36 2510 650200.00 8665663.00
31/01/2017 13.26 13.07 13.40 13.15 5016 1123700.00 14849191.00
01/02/2017 13.18 13.14 13.36 13.21 3974 858600.00 11355556.00
02/02/2017 13.17 12.94 13.18 13.04 3099 707000.00 9205139.00
03/02/2017 13.05 13.00 13.41 13.30 2113 450000.00 5972503.00
06/02/2017 13.30 13.02 13.43 13.26 2547 726100.00 9674421.00
07/02/2017 13.35 13.18 13.48 13.45 4848 1048900.00 14003663.00
08/02/2017 13.58 13.40 13.89 13.72 4427 1329100.00 18096500.00
09/02/2017 13.81 13.57 13.99 13.75 4305 995500.00 13704836.00
10/02/2017 13.70 13.70 13.95 13.85 2524 457400.00 6332554.00
13/02/2017 13.85 13.70 13.97 13.79 1961 385000.00 5323112.00
14/02/2017 13.89 13.67 13.89 13.80 2064 385200.00 5307772.00
15/02/2017 13.75 13.36 13.82 13.59 4081 827700.00 11232466.00
16/02/2017 13.56 13.50 13.86 13.60 3686 1265800.00 17255300.00
17/02/2017 13.62 13.31 13.66 13.65 7369 1894300.00 25510814.00
20/02/2017 13.71 13.65 14.09 13.92 1551 524400.00 7279659.00
21/02/2017 14.06 13.62 14.06 13.92 3966 775700.00 10709645.00
22/02/2017 13.96 13.79 13.99 13.89 3594 776100.00 10777878.00
23/02/2017 14.02 13.71 14.06 13.85 3082 559100.00 7767333.00
24/02/2017 13.72 13.29 13.73 13.40 4896 1647700.00 22153897.00
01/03/2017 13.40 13.29 13.64 13.50 3954 702200.00 9455551.00
02/03/2017 13.37 13.32 13.64 13.40 2707 1010200.00 13600518.00
03/03/2017 13.33 13.19 13.53 13.41 2656 686600.00 9161813.00
06/03/2017 13.36 13.35 13.84 13.73 1680 421800.00 5730225.00
07/03/2017 13.70 13.43 13.77 13.54 2123 454100.00 6155625.00
08/03/2017 13.61 13.17 13.65 13.39 4072 1001400.00 13323631.00
09/03/2017 13.27 13.02 13.44 13.41 5119 2666800.00 35688980.00
10/03/2017 13.42 12.96 13.48 13.15 5720 4228100.00 56035966.00
13/03/2017 13.20 12.99 13.35 13.35 1705 447700.00 5917640.00
14/03/2017 13.35 13.04 13.39 13.16 1367 369400.00 4881416.00
15/03/2017 13.31 12.99 13.47 13.36 3389 818200.00 10905611.00
16/03/2017 13.47 13.36 13.54 13.54 1429 3035400.00 40754690.00
17/03/2017 13.65 13.08 13.65 13.21 3758 1198200.00 15873621.00
20/03/2017 13.17 13.07 13.36 13.19 1477 455700.00 6017602.00
21/03/2017 13.19 12.84 13.29 12.98 2760 1089800.00 14193116.00
22/03/2017 13.04 12.74 13.12 13.07 2558 662000.00 8616129.00
23/03/2017 13.06 12.96 13.65 13.25 1923 414000.00 5502352.00
24/03/2017 13.32 13.20 13.40 13.31 857 306200.00 4079289.00
27/03/2017 13.25 13.24 13.39 13.31 833 249200.00 3315977.00
28/03/2017 13.33 13.21 13.44 13.33 1723 825600.00 11039970.00
29/03/2017 13.44 13.34 13.55 13.45 2341 614500.00 8244572.00
30/03/2017 13.39 13.30 13.49 13.39 1085 290600.00 3884110.00
31/03/2017 13.26 13.15 13.39 13.26 2057 389100.00 5166275.00
03/04/2017 13.20 13.20 13.47 13.37 1162 290300.00 3877621.00
04/04/2017 13.37 13.30 13.49 13.39 1318 241000.00 3224004.00
05/04/2017 13.35 13.35 13.70 13.44 2632 662300.00 8939474.00
06/04/2017 13.44 13.24 13.55 13.27 1106 448900.00 5980010.00
07/04/2017 13.31 13.27 13.61 13.39 1714 390900.00 5241363.00
10/04/2017 13.44 13.32 13.50 13.40 1191 582900.00 7823320.00
11/04/2017 13.39 13.20 13.50 13.40 762 235800.00 3160641.00
12/04/2017 13.44 13.18 13.45 13.30 599 173500.00 2306305.00
13/04/2017 13.21 13.10 13.35 13.20 1016 304000.00 4016022.00
17/04/2017 13.18 13.12 13.55 13.37 2011 559800.00 7510618.00
18/04/2017 13.38 13.30 13.40 13.39 727 188400.00 2521650.00
19/04/2017 13.49 13.28 13.51 13.39 1304 336200.00 4492659.00
20/04/2017 13.39 13.29 13.57 13.38 1478 502400.00 6752943.00
24/04/2017 13.50 13.34 13.59 13.47 1332 347900.00 4680236.00
25/04/2017 13.36 13.36 13.62 13.50 898 399700.00 5396892.00
26/04/2017 13.42 13.40 13.60 13.51 1036 316900.00 4283665.00
27/04/2017 13.48 13.30 13.56 13.48 1254 258700.00 3478170.00
28/04/2017 13.42 13.41 13.73 13.68 3169 806700.00 11009959.00
02/05/2017 13.58 13.58 14.66 14.49 7443 1920200.00 27642222.00
03/05/2017 14.60 14.49 14.76 14.60 2810 702200.00 10264704.00
04/05/2017 14.60 14.26 14.65 14.50 1876 762100.00 11052526.00
05/05/2017 14.36 14.36 14.66 14.47 2023 612500.00 8893789.00
08/05/2017 14.54 14.20 14.54 14.40 1356 763800.00 10991266.00
09/05/2017 14.40 14.20 14.50 14.40 5452 1150600.00 16466412.00
10/05/2017 14.48 14.48 14.80 14.67 2445 559600.00 8218114.00
11/05/2017 14.78 14.59 14.78 14.65 1285 259900.00 3813766.00
12/05/2017 14.65 14.06 14.65 14.20 3170 2439400.00 34679472.00
15/05/2017 14.36 14.11 14.36 14.15 1739 438100.00 6210042.00
16/05/2017 14.09 14.00 14.35 14.30 3025 1665900.00 23640198.00
17/05/2017 14.30 14.11 14.33 14.26 1240 394200.00 5607313.00
18/05/2017 12.12 11.71 13.11 12.49 15023 2886500.00 36229941.00
19/05/2017 12.51 12.28 12.86 12.86 4696 2353900.00 29776157.00
22/05/2017 12.84 11.94 12.85 12.45 6660 1236000.00 15083562.00
23/05/2017 12.69 12.39 12.79 12.46 2874 831800.00 10447198.00
24/05/2017 12.48 12.48 12.84 12.61 2340 699000.00 8862648.00
25/05/2017 12.56 12.47 12.75 12.61 2248 484900.00 6109834.00
26/05/2017 12.75 12.62 12.91 12.79 2045 520500.00 6652840.00
29/05/2017 12.78 12.73 12.94 12.81 722 174600.00 2241920.00
30/05/2017 12.86 12.68 12.89 12.76 894 232000.00 2962412.00
31/05/2017 12.83 12.40 12.87 12.40 1673 660500.00 8251427.00
01/06/2017 12.40 12.23 12.63 12.39 1694 384800.00 4772460.00
02/06/2017 12.53 12.33 12.55 12.33 1140 239200.00 2964120.00
05/06/2017 12.34 12.19 12.51 12.29 836 195600.00 2411541.00
06/06/2017 12.29 12.21 12.71 12.39 1501 292500.00 3632072.00
07/06/2017 12.62 12.31 12.65 12.51 1482 234000.00 2918564.00
08/06/2017 12.40 12.35 12.71 12.51 2489 510700.00 6396951.00
09/06/2017 12.56 12.42 12.69 12.69 2387 606500.00 7615748.00
12/06/2017 12.58 12.13 12.63 12.41 4292 772200.00 9543701.00
13/06/2017 12.49 12.26 12.49 12.30 1286 240400.00 2966639.00
14/06/2017 12.40 12.18 12.48 12.39 1359 262600.00 3233563.00
16/06/2017 12.35 12.16 12.40 12.22 1859 1796900.00 21964716.00
