20/06/2016 14.90 14.85 15.47 15.24 6464 1946100.00 29660918.00
21/06/2016 15.31 14.99 15.50 15.49 5541 1420000.00 21754276.00
22/06/2016 15.49 15.02 15.49 15.23 7029 1910100.00 29086493.00
23/06/2016 15.23 15.10 15.76 15.74 5821 1460300.00 22572665.00
24/06/2016 15.36 14.92 15.49 15.49 9589 2482400.00 37919449.00
27/06/2016 15.48 14.80 15.48 15.21 6565 1454000.00 22001557.00
28/06/2016 15.43 15.24 15.58 15.49 6215 1511400.00 23314860.00
29/06/2016 15.68 15.61 16.10 16.04 6840 1849100.00 29502696.00
30/06/2016 16.02 15.70 16.20 16.08 9140 2280000.00 36482235.00
01/07/2016 16.20 16.10 16.85 16.76 8424 3948500.00 65469912.00
04/07/2016 16.73 16.66 17.24 16.80 4920 1326100.00 22492441.00
05/07/2016 16.70 16.61 17.30 17.21 8739 3074800.00 52276208.00
06/07/2016 17.27 16.74 17.32 17.28 5843 1868200.00 31885109.00
07/07/2016 17.40 16.78 17.40 17.00 5502 1928000.00 32826553.00
08/07/2016 17.24 17.03 17.50 17.50 6282 1825700.00 31583398.00
11/07/2016 17.59 17.51 18.17 17.80 8830 2311700.00 41227083.00
12/07/2016 18.05 17.87 18.16 17.97 9177 2496000.00 44896299.00
13/07/2016 17.89 17.30 17.99 17.41 9862 2453800.00 42901124.00
14/07/2016 17.68 17.37 18.19 18.05 12922 3244100.00 58085235.00
15/07/2016 18.20 17.90 18.23 18.10 6642 1492800.00 27009896.00
18/07/2016 18.10 17.74 18.23 18.04 7669 2167800.00 38993102.00
19/07/2016 17.91 17.82 18.07 17.98 5751 1518100.00 27241650.00
20/07/2016 18.05 17.90 18.10 18.10 6300 1646500.00 29632828.00
21/07/2016 18.10 17.96 18.34 18.12 5596 1805500.00 32752578.00
22/07/2016 18.26 17.93 18.26 18.01 6443 1645600.00 29623006.00
25/07/2016 18.02 17.53 18.09 17.91 4885 1274400.00 22655274.00
26/07/2016 17.93 17.73 17.99 17.73 5785 1229200.00 21897059.00
27/07/2016 17.84 17.65 18.77 18.38 6865 1971800.00 35773891.00
28/07/2016 18.45 17.92 18.49 18.24 6760 1628500.00 29548445.00
29/07/2016 18.34 18.05 19.35 19.15 10509 4062900.00 76296759.00
01/08/2016 19.50 19.25 19.70 19.35 7738 2989600.00 57958741.00
02/08/2016 18.93 18.51 19.30 19.01 7900 2013200.00 37942466.00
03/08/2016 19.00 18.43 19.19 19.17 8666 2231000.00 42114816.00
04/08/2016 19.36 19.15 19.97 19.30 10844 2105300.00 41034821.00
05/08/2016 19.51 18.86 19.70 19.36 5951 1609900.00 30819531.00
08/08/2016 19.43 18.81 19.43 18.81 5969 1673600.00 31739232.00
09/08/2016 18.80 18.58 19.02 18.90 6645 2033700.00 38252484.00
10/08/2016 18.98 18.29 19.00 18.49 4534 1790700.00 33123854.00
11/08/2016 18.64 18.30 19.40 19.20 7180 2486900.00 47234971.00
12/08/2016 19.56 19.29 20.43 20.09 13792 4158200.00 83742517.00
15/08/2016 20.10 19.82 20.58 20.39 11705 2658000.00 53682053.00
16/08/2016 20.43 19.75 20.43 19.97 8248 2159700.00 43162482.00
17/08/2016 20.06 19.28 20.16 19.59 9730 2383700.00 46549064.00
18/08/2016 19.61 18.75 19.73 18.75 8159 2856100.00 54394898.00
19/08/2016 18.86 18.55 19.35 19.00 5026 1968300.00 37483747.00
22/08/2016 19.10 18.18 19.10 18.30 7828 2577800.00 47382703.00
23/08/2016 18.49 18.32 18.91 18.65 8471 1982300.00 36964298.00
24/08/2016 18.79 18.45 19.11 19.10 9224 3168000.00 59914593.00
25/08/2016 19.17 18.68 19.19 18.80 5775 1305300.00 24645308.00
26/08/2016 19.00 18.62 19.63 19.01 14908 3152700.00 60358013.00
29/08/2016 19.04 18.95 19.67 19.63 7831 1625000.00 31596137.00
30/08/2016 19.65 18.92 19.67 19.58 7307 1693800.00 32797761.00
31/08/2016 19.50 18.51 19.56 19.23 12052 4119200.00 78456248.00
01/09/2016 19.27 18.96 19.56 19.45 9910 4266700.00 82670810.00
02/09/2016 19.57 19.55 19.91 19.91 7616 1886400.00 37395446.00
05/09/2016 20.00 19.69 20.05 20.05 3163 673400.00 13395186.00
06/09/2016 20.05 19.71 20.07 20.01 5837 1362200.00 27114090.00
08/09/2016 20.05 19.74 20.31 20.24 8778 1968400.00 39562600.00
09/09/2016 20.20 19.43 20.20 19.62 8204 1923300.00 37780777.00
12/09/2016 19.38 18.96 19.66 19.48 5613 1353700.00 26043398.00
13/09/2016 19.22 18.63 19.29 19.09 8916 1715400.00 32569248.00
14/09/2016 19.16 18.70 19.16 18.90 7338 1528600.00 28950106.00
15/09/2016 19.10 18.74 19.28 19.26 7028 2271400.00 43474800.00
16/09/2016 19.19 18.67 19.21 18.74 5486 1926400.00 36207347.00
19/09/2016 18.88 18.55 19.20 18.90 5007 1201200.00 22651524.00
20/09/2016 19.07 18.63 19.09 18.80 5316 971300.00 18305065.00
21/09/2016 19.00 18.55 19.46 19.43 6638 1458300.00 27749545.00
22/09/2016 19.65 19.28 20.02 19.59 10577 2766500.00 54089444.00
23/09/2016 19.75 19.54 19.94 19.60 5778 3876500.00 76146928.00
26/09/2016 19.50 19.40 19.65 19.65 5377 1682700.00 32941962.00
27/09/2016 19.70 19.56 19.89 19.75 5699 1184400.00 23407685.00
28/09/2016 19.75 19.75 20.50 20.39 5924 1671300.00 33691503.00
29/09/2016 20.44 19.93 20.96 19.96 9141 2652400.00 53508274.00
30/09/2016 20.01 19.90 20.42 20.19 5366 1586700.00 31979693.00
03/10/2016 20.10 20.07 20.68 20.60 7355 1335100.00 27343121.00
04/10/2016 20.70 19.97 20.77 20.52 8419 1945200.00 39555702.00
05/10/2016 20.52 20.43 20.75 20.60 4648 971500.00 19993929.00
06/10/2016 20.53 20.16 20.63 20.59 3768 978300.00 19974788.00
07/10/2016 20.53 20.31 20.74 20.65 4900 1160800.00 23835851.00
10/10/2016 20.68 20.32 20.72 20.51 5279 3239800.00 66390829.00
11/10/2016 20.64 20.28 20.74 20.55 5029 1459700.00 29890866.00
13/10/2016 20.41 20.20 20.66 20.63 8077 2487300.00 50943166.00
14/10/2016 20.87 20.57 20.99 20.65 9872 2365200.00 48942383.00
17/10/2016 20.75 20.50 20.88 20.80 6263 1737500.00 35988563.00
18/10/2016 20.84 20.68 21.54 21.52 10273 2152000.00 45895295.00
19/10/2016 21.52 21.10 21.64 21.22 4945 1257500.00 26741097.00
20/10/2016 21.20 20.71 21.22 20.94 7263 1786400.00 37402667.00
21/10/2016 20.95 20.84 21.34 21.25 4532 1188400.00 25127748.00
24/10/2016 21.35 21.14 21.49 21.30 4179 1286300.00 27422420.00
25/10/2016 21.32 20.76 21.48 20.94 4045 1010500.00 21202042.00
26/10/2016 20.75 20.32 20.87 20.87 3790 984800.00 20398667.00
27/10/2016 20.87 20.55 21.16 20.80 7799 1774300.00 36860545.00
28/10/2016 20.80 20.46 20.87 20.55 8242 1945200.00 40120389.00
31/10/2016 20.53 20.41 20.84 20.70 7558 1941700.00 40086565.00
01/11/2016 20.87 19.75 20.87 19.91 8409 1967700.00 39406798.00
03/11/2016 19.90 19.42 20.08 19.65 7045 1979900.00 39151388.00
04/11/2016 19.73 19.56 20.19 19.60 7985 1539600.00 30504626.00
07/11/2016 19.96 19.59 20.45 20.21 8100 1765800.00 35720010.00
08/11/2016 20.29 19.89 20.55 20.36 5811 1428400.00 28970385.00
09/11/2016 19.89 19.30 20.29 19.95 9941 2260800.00 44820690.00
10/11/2016 19.87 18.42 20.02 18.67 14189 3243300.00 61558303.00
11/11/2016 18.00 17.09 18.87 17.09 22102 5112300.00 90336872.00
14/11/2016 17.20 16.50 17.26 16.89 13821 3074700.00 51697274.00
16/11/2016 17.22 16.66 17.40 17.08 11449 2449100.00 41575777.00
17/11/2016 17.30 16.67 17.34 16.67 9825 1892600.00 31866721.00
18/11/2016 16.74 16.20 16.74 16.40 9324 2152300.00 35295311.00
21/11/2016 16.51 16.34 16.84 16.53 9824 2935800.00 48592906.00
22/11/2016 16.74 16.30 16.83 16.50 8618 2076900.00 34247738.00
23/11/2016 16.50 15.59 16.59 16.10 9241 2622000.00 42009306.00
24/11/2016 16.19 15.90 16.32 16.10 4216 1413800.00 22722692.00
25/11/2016 15.95 15.70 16.13 15.95 4897 2518900.00 40183604.00
28/11/2016 16.10 15.73 16.48 16.28 6777 1707000.00 27293636.00
29/11/2016 16.25 16.01 16.74 16.07 11793 2307100.00 37572513.00
30/11/2016 16.35 15.87 16.41 16.38 9307 3034100.00 49200533.00
01/12/2016 16.40 15.09 16.40 15.58 22675 4691700.00 72727043.00
02/12/2016 15.43 15.04 15.84 15.50 17878 4592900.00 71075085.00
05/12/2016 15.71 15.08 15.83 15.19 8717 4850700.00 73967912.00
06/12/2016 15.12 15.01 16.04 16.00 14525 3370300.00 53012355.00
07/12/2016 16.21 16.16 17.07 16.81 17421 3901900.00 65072208.00
08/12/2016 17.05 16.42 17.47 16.60 10882 2553100.00 42931839.00
09/12/2016 16.81 16.12 16.90 16.31 7505 2854400.00 46808923.00
12/12/2016 16.19 15.80 16.32 16.10 6157 1284700.00 20622228.00
13/12/2016 16.10 15.41 16.62 16.47 12746 3181400.00 51224309.00
14/12/2016 16.48 15.45 17.30 15.45 13268 3747900.00 60816751.00
15/12/2016 15.59 15.09 15.66 15.45 12796 2643700.00 40557181.00
16/12/2016 15.65 15.55 16.11 15.76 8218 2684000.00 42341764.00
19/12/2016 15.88 15.50 15.92 15.59 6792 1390600.00 21801343.00
20/12/2016 15.69 15.37 16.13 15.77 6721 1575200.00 24837750.00
21/12/2016 15.94 15.80 16.44 16.22 8441 2034100.00 32814569.00
22/12/2016 16.27 15.76 16.40 16.13 5263 1312200.00 21061623.00
23/12/2016 16.29 16.11 16.78 16.55 6138 1586200.00 26174904.00
26/12/2016 16.69 16.55 16.85 16.75 1664 613900.00 10242773.00
27/12/2016 16.85 16.59 16.90 16.90 4515 1099000.00 18432792.00
28/12/2016 16.97 16.79 17.02 16.95 7633 2124600.00 35998588.00
29/12/2016 17.07 16.74 17.09 17.00 8287 3081600.00 52103930.00
02/01/2017 16.85 16.56 16.85 16.63 5293 1251900.00 20866048.00
03/01/2017 16.75 16.73 17.13 16.90 14894 8017900.00 135196633.00
04/01/2017 16.70 16.70 17.35 16.87 9487 2379600.00 40386911.00
05/01/2017 16.86 16.80 17.11 16.89 7399 2244800.00 38014107.00
06/01/2017 16.87 16.70 16.95 16.85 5909 1371400.00 23053718.00
09/01/2017 16.72 16.72 17.00 16.83 5332 1181900.00 19992878.00
10/01/2017 16.86 16.75 17.18 16.85 4464 1533000.00 25835955.00
11/01/2017 16.88 16.30 17.03 16.45 7145 3556700.00 59093223.00
12/01/2017 16.95 16.95 17.77 17.66 19872 11919700.00 207803663.00
13/01/2017 17.79 17.52 17.99 17.66 9772 2816300.00 50141027.00
16/01/2017 17.68 17.68 17.95 17.85 2829 1224400.00 21810362.00
17/01/2017 17.86 17.66 17.94 17.80 7469 1750200.00 31185775.00
18/01/2017 17.71 17.55 17.92 17.72 4137 1112100.00 19752275.00
19/01/2017 17.85 17.42 17.85 17.66 3996 1137900.00 20072005.00
20/01/2017 17.72 17.64 17.99 17.97 5602 1361300.00 24389590.00
23/01/2017 18.01 18.01 18.30 18.26 7293 1751100.00 31920530.00
24/01/2017 18.34 17.82 18.40 17.87 12861 2898300.00 52373667.00
26/01/2017 18.02 17.27 18.21 17.57 11791 3584400.00 63226695.00
27/01/2017 17.48 17.17 17.70 17.45 7338 2052500.00 35828896.00
30/01/2017 17.50 16.75 17.52 16.92 10555 2722900.00 46239018.00
31/01/2017 17.00 16.59 17.00 16.73 7543 2668000.00 44598256.00
01/02/2017 16.88 16.65 16.95 16.75 6026 1603300.00 26873161.00
02/02/2017 16.72 16.36 16.72 16.50 7973 2630200.00 43433567.00
03/02/2017 16.50 16.44 17.08 17.00 10945 3064700.00 51888312.00
06/02/2017 17.11 16.78 17.24 16.91 4630 1072800.00 18187674.00
07/02/2017 17.12 16.72 17.12 16.94 5684 1492000.00 25253808.00
08/02/2017 16.92 16.64 16.99 16.93 7063 3233700.00 54620131.00
09/02/2017 17.07 16.82 17.10 16.96 5661 2215400.00 37588825.00
10/02/2017 17.11 16.86 17.18 17.00 7114 2226800.00 37895406.00
13/02/2017 17.10 16.76 17.10 17.00 6249 1208400.00 20512690.00
14/02/2017 17.00 16.70 17.10 16.80 10304 2054500.00 34695872.00
15/02/2017 16.88 16.13 16.96 16.20 20873 9722500.00 159932331.00
16/02/2017 16.25 16.21 16.42 16.30 15590 11940500.00 195060904.00
17/02/2017 16.30 16.20 16.77 16.76 18458 18381800.00 301982107.00
20/02/2017 16.79 16.79 17.45 17.20 16604 16407100.00 281707881.00
21/02/2017 17.50 16.71 17.50 16.90 24438 11312300.00 192123244.00
22/02/2017 16.94 16.69 16.95 16.92 9752 3137100.00 52915304.00
23/02/2017 17.01 16.84 17.09 16.92 18828 12255900.00 208146125.00
24/02/2017 16.84 16.20 16.84 16.40 16856 13460100.00 221815558.00
01/03/2017 16.50 16.27 16.65 16.65 8610 2432200.00 40155813.00
02/03/2017 16.50 16.27 16.80 16.60 12522 3785700.00 62391043.00
03/03/2017 16.70 16.37 16.78 16.62 11614 5683700.00 94149500.00
06/03/2017 16.60 16.46 17.29 17.15 16863 7224000.00 121746973.00
07/03/2017 17.24 16.78 17.29 16.94 13307 5964200.00 100936800.00
08/03/2017 17.10 15.84 17.10 16.10 14888 5533400.00 90043706.00
09/03/2017 16.20 15.64 16.20 15.80 25761 12140800.00 192517699.00
10/03/2017 15.96 15.20 16.00 15.50 30006 15627000.00 243323456.00
13/03/2017 15.56 15.38 15.92 15.86 15229 4987100.00 78446104.00
14/03/2017 15.95 15.53 15.95 15.60 13939 4198400.00 65962720.00
15/03/2017 15.75 15.36 16.00 15.91 16032 7266700.00 114366356.00
16/03/2017 16.15 15.87 16.18 16.08 9468 5024700.00 80473285.00
17/03/2017 16.15 15.50 16.15 15.65 12035 4662400.00 73303548.00
20/03/2017 15.65 15.55 16.02 15.90 8446 7207900.00 114492308.00
21/03/2017 16.01 15.46 16.01 15.48 12171 2647100.00 41331463.00
22/03/2017 15.47 15.32 15.83 15.58 11684 4414800.00 68978143.00
23/03/2017 15.60 15.52 16.00 15.90 18475 6066800.00 96461241.00
24/03/2017 15.76 15.76 16.18 16.10 15755 15042800.00 241865707.00
27/03/2017 16.02 15.80 16.20 16.06 14148 3631400.00 58180074.00
28/03/2017 16.12 16.08 16.55 16.44 17834 6413600.00 105328880.00
29/03/2017 16.54 16.27 16.60 16.45 13554 3485900.00 57304482.00
30/03/2017 16.58 16.25 16.58 16.42 7353 2466100.00 40358499.00
31/03/2017 16.46 16.15 16.46 16.36 8627 3397700.00 55420010.00
03/04/2017 16.40 16.08 16.40 16.25 6527 2074700.00 33673661.00
04/04/2017 16.26 16.06 16.30 16.11 11052 3300600.00 53205546.00
05/04/2017 16.20 15.81 16.37 15.99 19885 5518800.00 88903517.00
06/04/2017 15.99 15.71 16.12 15.90 9239 2547000.00 40542606.00
07/04/2017 15.94 15.79 16.20 16.15 14927 7984500.00 128658678.00
10/04/2017 16.19 16.00 16.25 16.15 7526 2445900.00 39418862.00
11/04/2017 16.20 15.67 16.23 16.13 11463 3042400.00 48837410.00
12/04/2017 16.09 15.85 16.15 15.90 13980 4139200.00 65972553.00
13/04/2017 15.90 15.54 15.98 15.64 12190 2985500.00 46888998.00
17/04/2017 15.80 15.65 16.15 16.05 12191 3113500.00 49986388.00
18/04/2017 16.05 16.00 16.30 16.21 8617 2790600.00 45148405.00
19/04/2017 16.29 16.01 16.29 16.01 10466 2797600.00 45103530.00
20/04/2017 16.24 16.10 16.49 16.40 11393 6777200.00 110317235.00
24/04/2017 16.52 16.52 16.75 16.66 11663 3269500.00 54431415.00
25/04/2017 16.68 16.41 16.73 16.70 9163 2585600.00 42991369.00
26/04/2017 16.70 16.55 16.85 16.75 10072 2603000.00 43484732.00
27/04/2017 16.75 16.46 16.83 16.59 8043 2259800.00 37455045.00
28/04/2017 16.60 16.47 16.84 16.84 14136 8959600.00 149853618.00
02/05/2017 16.91 16.84 18.08 18.08 27528 12751200.00 225463017.00
03/05/2017 18.08 17.94 18.30 18.03 17093 7183400.00 130116656.00
04/05/2017 18.01 17.53 18.01 17.60 13510 5704600.00 100740099.00
05/05/2017 17.70 17.20 17.75 17.50 14856 12279500.00 215336721.00
08/05/2017 17.59 17.16 17.61 17.35 9512 2868600.00 49796735.00
09/05/2017 17.50 17.09 17.51 17.34 18127 7975300.00 137934296.00
10/05/2017 17.66 17.60 18.05 18.00 20616 6900300.00 123404884.00
11/05/2017 17.99 17.57 18.00 17.73 14445 6996600.00 124125766.00
12/05/2017 17.49 16.90 17.49 17.15 24319 23243700.00 397226261.00
15/05/2017 17.29 17.00 17.30 17.10 15026 5919700.00 101271064.00
16/05/2017 17.09 16.92 17.16 17.08 12484 6725500.00 114746149.00
17/05/2017 17.04 16.92 17.20 17.01 12004 3620300.00 61672807.00
18/05/2017 14.00 14.00 15.12 14.40 49587 18406100.00 266839447.00
19/05/2017 14.90 14.35 15.12 14.45 25757 10994400.00 160279807.00
22/05/2017 14.42 13.46 14.44 14.01 31979 12450400.00 171691982.00
23/05/2017 14.20 14.16 14.65 14.44 24393 8612800.00 124130896.00
24/05/2017 14.60 14.48 14.74 14.56 23832 13564300.00 198231036.00
25/05/2017 14.53 14.33 14.69 14.48 18445 9961800.00 144493512.00
26/05/2017 14.60 14.51 14.95 14.93 13497 6982400.00 103028781.00
29/05/2017 14.91 14.76 15.04 15.04 11399 3087200.00 46014127.00
30/05/2017 15.06 14.89 15.10 14.89 12865 4395000.00 65756790.00
31/05/2017 14.90 14.55 14.98 14.60 12014 4917100.00 72083375.00
01/06/2017 14.60 14.17 14.70 14.33 19833 5896300.00 85380796.00
02/06/2017 14.35 14.25 14.52 14.48 10948 3062600.00 44147818.00
05/06/2017 14.39 14.27 14.60 14.43 9163 2176000.00 31362527.00
06/06/2017 14.48 14.33 14.72 14.65 10196 2501400.00 36387808.00
07/06/2017 14.78 14.47 14.80 14.65 8349 2284200.00 33433499.00
08/06/2017 14.61 14.30 14.61 14.45 15285 4130600.00 59743102.00
09/06/2017 14.54 14.30 14.56 14.40 10877 2405300.00 34687884.00
12/06/2017 14.42 14.02 14.44 14.20 14510 3246600.00 46053701.00
13/06/2017 14.28 14.11 14.36 14.25 7718 2765000.00 39282675.00
14/06/2017 14.40 14.15 14.50 14.27 12806 4792500.00 68357608.00
16/06/2017 14.15 13.90 14.22 13.90 11971 7260700.00 101391147.00
