20/06/2016 4.55 4.48 4.55 4.49 13 2457.48 11118.00
21/06/2016 4.31 4.31 4.47 4.46 8 1117.03 4905.00
22/06/2016 4.52 4.35 4.53 4.52 74 8936.28 40091.00
23/06/2016 4.52 4.43 4.52 4.47 8 3351.11 14996.00
24/06/2016 4.30 4.30 4.50 4.50 10 181741.45 789301.00
27/06/2016 4.53 4.34 4.53 4.47 17 2680.88 11911.00
28/06/2016 4.66 4.56 4.67 4.58 9 1099.22 5070.00
29/06/2016 4.59 4.36 4.64 4.36 41 149714.27 683641.00
30/06/2016 4.45 4.41 4.55 4.55 15 4396.90 19668.00
01/07/2016 4.60 4.35 4.60 4.44 16 36164.45 164519.00
04/07/2016 4.44 4.36 4.44 4.44 7 4946.51 21748.00
05/07/2016 4.43 4.43 4.44 4.44 3 1099.22 4871.00
06/07/2016 4.32 4.32 4.37 4.34 9 4836.58 21068.00
07/07/2016 4.32 4.28 4.32 4.28 56 99699.58 428169.00
08/07/2016 4.27 4.23 4.28 4.23 9 95082.84 405669.00
11/07/2016 4.28 4.28 4.36 4.36 8 4726.66 20535.00
12/07/2016 4.36 4.28 4.36 4.34 21 16488.36 71222.00
13/07/2016 4.46 4.32 4.46 4.32 17 226879.76 1002555.00
14/07/2016 4.45 4.36 4.45 4.41 11 243258.20 1066694.00
15/07/2016 4.41 4.21 4.41 4.23 65 69361.01 297017.00
18/07/2016 4.35 4.23 4.35 4.28 69 133006.06 568064.00
19/07/2016 4.29 4.29 4.49 4.49 24 6925.11 30596.00
20/07/2016 4.48 4.43 4.58 4.53 25 14619.68 65321.00
21/07/2016 4.53 4.46 4.59 4.54 18 16268.50 73973.00
22/07/2016 4.57 4.54 4.57 4.54 5 3187.75 14486.00
25/07/2016 4.54 4.54 4.61 4.58 22 9563.25 43771.00
26/07/2016 4.55 4.53 4.59 4.55 6 8464.02 38490.00
27/07/2016 4.60 4.60 4.62 4.62 5 1868.68 8620.00
28/07/2016 4.61 4.57 4.62 4.61 5 1758.76 8098.00
29/07/2016 4.61 4.60 4.61 4.60 2 989.31 4562.00
01/08/2016 4.56 4.55 4.62 4.62 15 11431.92 52492.00
02/08/2016 4.62 4.55 4.62 4.62 7 9233.48 42053.00
03/08/2016 4.61 4.49 4.62 4.61 18 564781.12 2599155.00
04/08/2016 4.62 4.50 4.62 4.60 6 1099.22 5058.00
05/08/2016 4.62 4.62 5.01 4.80 36 66942.73 326955.00
08/08/2016 5.35 4.96 5.35 5.01 20 8464.02 44318.00
09/08/2016 5.01 5.00 5.08 5.00 10 26491.29 132452.00
10/08/2016 5.09 4.75 5.09 4.76 25 10772.39 51888.00
11/08/2016 4.83 4.72 4.86 4.73 35 49904.76 237289.00
12/08/2016 4.73 4.70 4.82 4.70 24 14289.90 67423.00
15/08/2016 4.81 4.72 4.82 4.73 9 2528.21 11984.00
16/08/2016 4.70 4.55 4.80 4.55 52 79473.87 365716.00
17/08/2016 4.65 4.55 4.78 4.73 44 18796.73 85963.00
18/08/2016 4.72 4.54 4.72 4.54 23 45288.01 209126.00
19/08/2016 4.54 4.35 4.72 4.45 33 8793.79 39261.00
22/08/2016 4.58 4.37 4.58 4.37 35 16708.20 74045.00
23/08/2016 4.44 4.32 4.55 4.32 42 24072.99 105768.00
24/08/2016 4.39 4.34 4.52 4.39 30 23413.46 102374.00
25/08/2016 4.50 4.39 4.55 4.55 13 3957.20 17641.00
26/08/2016 4.55 4.42 4.55 4.43 21 12531.15 55820.00
29/08/2016 4.37 4.32 4.46 4.32 30 42649.88 185911.00
30/08/2016 4.46 4.28 4.46 4.34 25 63425.20 271781.00
31/08/2016 4.45 4.45 4.52 4.52 7 1648.84 7393.00
01/09/2016 4.57 4.46 4.60 4.52 15 120584.84 548336.00
02/09/2016 4.54 4.50 4.54 4.54 7 17037.96 77312.00
05/09/2016 4.55 4.55 4.60 4.59 94 63205.36 287985.00
06/09/2016 4.64 4.60 4.64 4.62 11 19676.09 90453.00
08/09/2016 4.69 4.58 4.71 4.71 27 114978.79 538595.00
09/09/2016 4.74 4.74 4.74 4.74 3 1209.14 5731.00
12/09/2016 4.74 4.74 4.81 4.81 15 147735.66 704282.00
13/09/2016 4.81 4.60 4.81 4.73 12 7035.03 33434.00
14/09/2016 4.81 4.78 4.82 4.78 4 1758.76 8459.00
15/09/2016 4.77 4.73 4.78 4.78 4 879.38 4188.00
16/09/2016 4.73 4.73 4.78 4.78 4 1209.14 5762.00
19/09/2016 4.66 4.65 5.00 5.00 21 180602.45 861072.00
20/09/2016 5.00 4.93 5.01 5.00 13 3187.75 15857.00
21/09/2016 5.00 4.77 5.01 4.77 20 8683.86 42238.00
22/09/2016 4.83 4.83 5.01 5.01 19 144328.07 701687.00
23/09/2016 4.96 4.73 5.00 4.97 28 16488.36 79963.00
26/09/2016 5.05 5.04 5.05 5.04 4 55400.88 279717.00
27/09/2016 5.01 4.88 5.03 5.03 13 3033.29 15093.00
28/09/2016 4.96 4.85 4.96 4.85 19 9099.86 44562.00
29/09/2016 4.88 4.88 4.89 4.89 4 3358.28 16428.00
30/09/2016 5.03 4.89 5.03 4.89 11 70740.55 355286.00
03/10/2016 4.99 4.85 4.99 4.94 23 12891.47 63400.00
04/10/2016 4.98 4.98 4.98 4.98 4 758.33 3773.00
05/10/2016 4.86 4.85 4.98 4.97 9 6066.57 29868.00
06/10/2016 4.99 4.87 5.02 4.99 13 4008.27 19663.00
07/10/2016 5.02 4.98 5.02 4.98 9 247212.76 1238807.00
10/10/2016 4.90 4.88 4.90 4.89 13 12674.80 62021.00
11/10/2016 4.89 4.89 5.02 4.89 5 1841.64 9032.00
13/10/2016 4.99 4.99 4.99 4.99 2 216.66 1080.00
14/10/2016 5.03 4.92 5.03 4.97 24 16683.07 82701.00
17/10/2016 4.94 4.94 4.97 4.97 16 4008.27 19840.00
18/10/2016 4.98 4.89 4.99 4.98 14 2491.63 12331.00
19/10/2016 4.92 4.87 4.97 4.97 15 5416.58 26550.00
20/10/2016 4.96 4.86 4.96 4.94 11 3358.28 16567.00
21/10/2016 4.99 4.98 4.99 4.98 2 216.66 1079.00
24/10/2016 4.98 4.89 5.01 4.98 17 3574.94 17736.00
25/10/2016 4.94 4.80 4.98 4.98 22 9966.51 48733.00
26/10/2016 4.99 4.90 4.99 4.99 10 24807.94 123625.00
27/10/2016 5.18 5.15 5.30 5.30 94 705347.18 3644693.00
28/10/2016 5.30 5.22 5.30 5.26 37 77240.44 405659.00
31/10/2016 5.40 5.22 5.52 5.22 30 30441.19 160633.00
01/11/2016 5.24 5.08 5.30 5.30 89 1630607.55 8364894.00
03/11/2016 5.30 5.15 5.30 5.15 14 5633.24 29024.00
04/11/2016 5.22 5.10 5.22 5.18 24 31849.49 163976.00
07/11/2016 5.29 5.25 5.33 5.30 21 36616.09 193785.00
08/11/2016 5.22 5.13 5.28 5.17 29 15383.09 80301.00
09/11/2016 5.08 5.03 5.19 5.15 39 53624.15 273410.00
10/11/2016 5.20 5.03 5.20 5.08 111 52540.83 270384.00
11/11/2016 5.22 5.06 5.22 5.13 40 38782.72 199980.00
14/11/2016 5.33 4.99 5.33 5.17 9 1083.31 5611.00
16/11/2016 5.13 5.08 5.19 5.13 15 10508.16 53841.00
17/11/2016 5.17 5.05 5.17 5.15 24 296070.32 1514523.00
18/11/2016 5.13 5.09 5.24 5.11 17 26757.91 136545.00
21/11/2016 5.01 5.01 5.16 5.13 40 60882.37 310271.00
22/11/2016 5.24 5.16 5.24 5.17 116 14299.77 73910.00
23/11/2016 5.16 4.95 5.16 4.95 74 116998.15 586350.00
24/11/2016 4.98 4.98 5.15 5.10 11 6608.23 33966.00
25/11/2016 5.07 5.00 5.12 5.06 78 152747.58 772641.00
28/11/2016 5.54 5.26 5.54 5.33 151 81790.37 438882.00
29/11/2016 5.37 5.35 5.44 5.36 86 56440.78 303932.00
30/11/2016 5.40 5.35 5.49 5.49 102 66298.95 359083.00
01/12/2016 5.80 5.35 5.80 5.53 85 52646.81 290201.00
02/12/2016 5.40 5.39 5.54 5.52 55 75686.11 417211.00
05/12/2016 5.56 5.52 5.56 5.52 4 707.35 3914.00
06/12/2016 5.38 5.37 5.52 5.52 138 26373.93 143693.00
07/12/2016 5.42 5.37 5.66 5.66 71 184819.62 1011162.00
08/12/2016 5.63 5.46 5.66 5.61 89 36276.79 202261.00
09/12/2016 5.63 5.48 5.66 5.66 88 39813.52 222445.00
12/12/2016 5.51 5.49 5.57 5.49 28 21927.75 121024.00
13/12/2016 5.63 5.49 5.64 5.63 49 29708.57 164828.00
14/12/2016 5.62 5.50 5.62 5.58 74 193813.03 1087354.00
15/12/2016 5.73 5.51 5.73 5.63 32 25464.49 142064.00
16/12/2016 5.73 5.54 5.73 5.73 62 141267.26 807213.00
19/12/2016 5.73 5.66 5.74 5.74 29 21624.60 123510.00
20/12/2016 5.62 5.61 5.72 5.72 45 18896.27 107356.00
21/12/2016 5.67 5.67 5.78 5.73 52 578306.55 3311503.00
22/12/2016 5.83 5.60 5.84 5.72 48 41632.41 240180.00
23/12/2016 5.74 5.68 5.84 5.84 21 3839.88 22191.00
26/12/2016 5.83 5.69 5.83 5.80 28 119339.51 690365.00
27/12/2016 5.74 5.74 5.83 5.83 9 11418.60 66442.00
28/12/2016 5.74 5.73 5.94 5.94 78 65480.11 381520.00
29/12/2016 5.93 5.79 5.93 5.91 17 3334.63 19606.00
02/01/2017 5.80 5.80 5.93 5.93 4 227563.58 1343898.00
03/01/2017 5.93 5.85 6.07 6.04 89 94784.47 564329.00
04/01/2017 6.02 6.02 6.14 6.09 28 8387.11 51035.00
05/01/2017 6.33 6.16 6.33 6.23 237 33043.20 206250.00
06/01/2017 6.22 6.20 6.23 6.22 47 26980.23 168050.00
09/01/2017 6.30 6.09 6.30 6.23 7 1111.55 6874.00
10/01/2017 6.23 5.94 6.23 5.95 56 45573.35 273543.00
11/01/2017 6.04 6.04 6.11 6.09 29 18289.97 111344.00
12/01/2017 6.15 6.15 6.23 6.22 35 18391.02 114269.00
13/01/2017 6.23 6.22 6.23 6.23 9 1414.69 8816.00
16/01/2017 6.18 6.12 6.18 6.12 24 10206.00 62700.00
17/01/2017 6.16 6.15 6.17 6.17 13 5153.53 31707.00
18/01/2017 6.22 6.11 6.23 6.19 20 7780.82 48036.00
19/01/2017 6.14 6.14 6.20 6.19 15 4648.28 28634.00
20/01/2017 6.19 6.19 6.24 6.21 16 38398.83 238375.00
23/01/2017 6.22 6.16 6.24 6.23 51 14247.99 88806.00
24/01/2017 6.23 6.11 6.24 6.24 54 101958.99 634185.00
26/01/2017 6.20 6.07 6.21 6.13 63 66793.75 410253.00
27/01/2017 6.19 6.13 6.26 6.14 13 7275.57 45363.00
30/01/2017 6.24 6.19 6.24 6.22 8 21624.60 134403.00
31/01/2017 6.22 6.12 6.22 6.13 5 909.45 5593.00
01/02/2017 6.22 6.11 6.23 6.17 20 4446.18 27432.00
02/02/2017 6.18 6.04 6.19 6.04 30 56183.55 342101.00
03/02/2017 6.00 6.00 6.05 6.01 21 7174.52 43269.00
06/02/2017 6.04 6.00 6.07 6.03 63 35973.64 216817.00
07/02/2017 6.04 5.97 6.06 6.03 33 14652.18 87960.00
08/02/2017 6.06 6.03 6.18 6.06 13 3536.73 21393.00
09/02/2017 5.97 5.94 5.98 5.96 105 32436.90 192884.00
10/02/2017 6.43 5.99 6.43 6.18 32 301228.70 1849122.00
13/02/2017 6.15 6.11 6.35 6.35 55 16066.88 99095.00
14/02/2017 6.50 6.43 6.82 6.51 111 73260.92 479171.00
15/02/2017 6.67 6.47 6.67 6.55 70 58305.59 381079.00
16/02/2017 6.59 6.48 6.64 6.48 47 34963.14 230287.00
17/02/2017 6.48 6.48 6.53 6.53 16 4345.13 28261.00
20/02/2017 6.65 6.53 6.65 6.63 19 126716.13 841714.00
21/02/2017 6.66 6.63 6.66 6.64 6 1313.64 8724.00
22/02/2017 6.63 6.43 6.63 6.59 17 3031.49 19987.00
23/02/2017 6.59 6.53 6.74 6.65 37 59417.13 395048.00
24/02/2017 6.65 6.53 6.65 6.58 5 2829.39 18610.00
01/03/2017 6.68 6.68 6.82 6.82 10 2627.29 17735.00
02/03/2017 6.82 6.69 6.92 6.88 23 136922.13 944095.00
03/03/2017 6.88 6.63 6.88 6.63 55 21321.45 143968.00
06/03/2017 6.76 6.70 6.88 6.88 18 5254.58 35513.00
07/03/2017 6.83 6.63 6.83 6.73 46 10104.95 68019.00
08/03/2017 6.73 6.61 6.82 6.82 56 6366.12 42684.00
09/03/2017 6.83 6.72 6.83 6.78 27 168853.79 1152401.00
10/03/2017 6.87 6.77 6.88 6.77 4 404.20 2758.00
13/03/2017 6.73 6.70 6.78 6.75 25 131465.46 884690.00
14/03/2017 6.73 6.63 6.73 6.63 37 15056.38 100723.00
15/03/2017 6.63 6.58 6.64 6.64 17 3233.59 21435.00
16/03/2017 6.68 6.59 6.95 6.91 106 1459761.73 9810257.00
17/03/2017 7.02 6.82 7.04 6.93 119 87913.10 614017.00
20/03/2017 7.31 7.04 7.31 7.31 69 68713.69 496567.00
21/03/2017 7.30 7.23 7.64 7.50 158 91348.79 683594.00
22/03/2017 7.57 7.34 7.62 7.49 164 97815.96 731402.00
23/03/2017 7.49 7.45 7.55 7.47 127 40015.62 299767.00
24/03/2017 7.47 7.34 7.59 7.59 106 26980.23 201628.00
27/03/2017 7.57 7.46 7.63 7.52 47 22433.00 169441.00
28/03/2017 7.54 7.53 7.63 7.57 44 40116.67 303898.00
29/03/2017 7.69 7.61 7.79 7.70 20 222500.00 1733027.00
30/03/2017 7.70 7.59 7.70 7.60 54 115800.00 880417.00
31/03/2017 7.60 7.50 7.98 7.95 81 40400.00 314910.00
03/04/2017 7.98 7.98 8.50 8.50 206 73500.00 612398.00
04/04/2017 8.50 8.21 8.50 8.35 73 21800.00 180703.00
05/04/2017 8.74 8.31 8.74 8.38 50 39500.00 331916.00
06/04/2017 8.49 8.37 8.72 8.54 110 16300.00 138750.00
07/04/2017 8.54 8.30 8.99 8.85 105 28300.00 241427.00
10/04/2017 8.83 8.70 8.90 8.82 46 16700.00 147762.00
11/04/2017 8.80 8.60 9.10 8.99 61 73400.00 656441.00
12/04/2017 8.98 8.77 9.45 9.45 35 28900.00 258372.00
13/04/2017 9.00 8.91 9.19 8.94 68 23600.00 211717.00
17/04/2017 8.91 8.89 9.23 9.00 33 518300.00 4664295.00
18/04/2017 9.01 9.01 9.07 9.06 16 88700.00 801818.00
19/04/2017 9.00 8.96 9.05 9.02 112 27400.00 246776.00
20/04/2017 8.80 8.80 9.09 8.99 27 10300.00 92100.00
24/04/2017 8.83 8.83 9.00 9.00 26 31500.00 283000.00
25/04/2017 8.98 8.91 9.10 9.10 84 55400.00 498553.00
26/04/2017 9.06 8.96 9.07 8.98 11 3600.00 32504.00
27/04/2017 9.10 8.90 9.10 9.04 11 2400.00 21591.00
28/04/2017 9.04 8.83 9.05 9.00 21 5400.00 48342.00
02/05/2017 8.94 8.76 9.11 8.95 64 23500.00 210138.00
03/05/2017 8.95 8.89 8.95 8.95 29 8400.00 75063.00
04/05/2017 9.00 8.50 9.35 9.04 384 446300.00 4023357.00
05/05/2017 9.03 8.75 9.03 8.93 82 44300.00 393709.00
08/05/2017 8.93 8.73 9.00 9.00 105 330300.00 2923723.00
09/05/2017 9.03 8.71 9.03 8.71 190 123000.00 1076381.00
10/05/2017 8.79 8.71 8.93 8.85 95 20700.00 181941.00
11/05/2017 8.86 8.60 8.93 8.65 546 128900.00 1123102.00
12/05/2017 8.65 8.46 8.87 8.87 67 49900.00 432713.00
15/05/2017 8.84 8.70 8.84 8.80 446 71300.00 626923.00
16/05/2017 8.75 8.72 8.80 8.75 67 43200.00 378739.00
17/05/2017 8.80 8.73 8.80 8.75 37 130700.00 1149665.00
18/05/2017 8.00 7.70 8.75 8.75 93 65600.00 540674.00
19/05/2017 8.68 8.51 8.69 8.67 373 88000.00 761955.00
22/05/2017 8.76 8.10 8.77 8.59 83 22000.00 187041.00
23/05/2017 8.55 8.40 8.89 8.85 86 27000.00 231731.00
24/05/2017 8.99 8.68 8.99 8.75 39 229100.00 2057600.00
25/05/2017 8.80 8.60 8.85 8.80 82 15900.00 138781.00
26/05/2017 8.94 8.47 8.94 8.72 206 187900.00 1665000.00
29/05/2017 8.79 8.79 8.79 8.79 3 400.00 3516.00
30/05/2017 8.79 8.61 8.98 8.98 487 51600.00 456309.00
31/05/2017 8.97 8.60 8.97 8.65 90 30100.00 262603.00
01/06/2017 8.66 8.60 8.89 8.65 110 29300.00 256331.00
02/06/2017 8.80 8.80 9.03 8.90 35 205800.00 1822779.00
05/06/2017 8.70 8.66 8.85 8.82 50 13500.00 118682.00
06/06/2017 8.84 8.76 9.14 8.97 93 24700.00 220824.00
07/06/2017 9.00 8.85 9.00 8.90 58 130800.00 1175999.00
08/06/2017 8.81 8.81 9.05 8.99 53 55200.00 492596.00
09/06/2017 9.19 8.85 9.20 8.90 59 276100.00 2531197.00
12/06/2017 8.99 8.77 8.99 8.85 60 10500.00 92792.00
13/06/2017 8.88 8.74 9.04 8.95 93 45800.00 408197.00
14/06/2017 9.19 8.95 9.19 8.98 60 180800.00 1637678.00
16/06/2017 9.00 8.98 9.19 9.17 62 142500.00 1281135.00
