17/11/2016 0.83 0.83 1.04 1.04 28 4718368.59 3921448.00
18/11/2016 1.20 1.20 1.64 1.47 59 15018.56 19847.00
21/11/2016 1.47 1.47 1.47 1.47 3 1501.86 2210.00
25/11/2016 1.12 1.11 1.44 1.30 20 2772.66 3533.00
28/11/2016 1.31 1.31 1.31 1.31 2 231.05 302.00
29/11/2016 1.30 1.30 1.30 1.30 1 346.58 450.00
05/12/2016 1.30 1.29 1.30 1.29 4 1155.27 1493.00
20/12/2016 0.92 0.92 0.93 0.93 8 1386.33 1273.00
21/12/2016 0.93 0.93 0.93 0.93 1 115.53 108.00
22/12/2016 1.09 1.09 1.21 1.21 12 3350.29 3780.00
23/12/2016 1.05 1.05 1.05 1.05 1 115.53 121.00
26/12/2016 1.19 1.16 1.30 1.16 5 577.64 721.00
27/12/2016 0.97 0.97 0.97 0.97 1 115.53 112.00
02/01/2017 1.19 1.19 1.19 1.19 1 115.53 138.00
04/01/2017 1.19 1.19 1.19 1.19 2 462.11 552.00
05/01/2017 1.19 1.19 1.56 1.35 4 1155.27 1470.00
09/01/2017 1.34 1.34 1.55 1.38 7 1039.75 1431.00
11/01/2017 1.54 1.43 1.54 1.43 2 231.05 343.00
12/01/2017 1.56 1.27 1.56 1.28 8 2310.55 3064.00
13/01/2017 1.32 1.32 1.56 1.56 4 924.22 1244.00
16/01/2017 1.54 1.54 1.54 1.54 1 115.53 178.00
06/02/2017 1.53 1.53 2.70 2.38 34 9704.30 23718.00
07/02/2017 3.03 3.03 4.33 3.46 64 22758.89 87219.00
08/02/2017 4.89 4.39 5.63 5.00 181 65850.60 333425.00
09/02/2017 5.11 3.81 5.11 4.03 41 8202.44 34631.00
10/02/2017 3.03 2.77 3.03 2.77 24 6469.53 18983.00
13/02/2017 2.92 2.92 3.64 3.55 43 12361.43 42586.00
14/02/2017 3.90 3.46 3.98 3.46 11 2310.55 8888.00
15/02/2017 3.49 3.46 3.79 3.79 7 8202.44 28446.00
16/02/2017 3.79 3.79 3.79 3.79 2 231.05 876.00
17/02/2017 3.72 3.29 3.72 3.29 5 808.69 2760.00
20/02/2017 3.29 3.29 3.29 3.29 7 2541.60 8360.00
21/02/2017 3.07 3.07 3.07 3.07 6 1270.80 3905.00
23/02/2017 3.05 3.05 3.05 3.05 1 115.53 352.00
24/02/2017 3.10 3.09 3.10 3.09 3 462.11 1431.00
03/03/2017 3.30 3.30 3.40 3.30 4 500.00 1664.00
06/03/2017 3.30 3.25 3.30 3.25 4 600.00 1960.00
07/03/2017 3.15 3.03 3.15 3.03 4 400.00 1227.00
08/03/2017 3.03 3.03 3.03 3.03 1 100.00 303.00
09/03/2017 3.03 2.96 3.03 2.96 3 300.00 900.00
13/03/2017 2.91 2.91 2.91 2.91 1 100.00 291.00
17/03/2017 2.94 2.86 2.94 2.86 3 400.00 1168.00
30/03/2017 2.66 2.66 2.66 2.66 2 200.00 532.00
31/03/2017 2.61 2.61 2.62 2.62 2 200.00 523.00
03/04/2017 2.56 2.52 2.56 2.52 2 200.00 508.00
05/04/2017 2.66 2.65 2.66 2.65 2 200.00 531.00
13/04/2017 2.65 2.65 2.65 2.65 1 300.00 795.00
27/04/2017 3.39 3.38 3.39 3.39 3 1000.00 3386.00
28/04/2017 2.38 2.36 2.38 2.36 6 600.00 1425.00
05/05/2017 2.38 2.38 2.38 2.38 2 900.00 2142.00
08/05/2017 2.50 2.50 2.50 2.50 6 2000.00 5000.00
09/05/2017 2.52 2.52 2.52 2.52 2 300.00 756.00
29/05/2017 2.36 2.36 2.36 2.36 1 500.00 1180.00
12/06/2017 1.70 1.70 1.70 1.70 4 2300.00 3910.00
13/06/2017 1.61 1.61 1.61 1.61 7 3400.00 5474.00
14/06/2017 1.74 1.74 1.74 1.74 1 100.00 174.00
