17/11/2016 0.85 0.85 0.86 0.86 61 7595775.19 6466405.00
18/11/2016 1.21 1.13 1.33 1.17 44 10487.35 13213.00
21/11/2016 1.17 1.05 1.19 1.06 34 7217.10 7700.00
22/11/2016 1.05 1.05 1.09 1.06 3 338.30 361.00
23/11/2016 1.05 0.94 1.05 0.94 10 5074.53 5108.00
24/11/2016 0.90 0.90 1.01 1.01 2 225.53 216.00
25/11/2016 0.98 0.98 1.08 1.03 14 5751.13 5896.00
28/11/2016 1.02 1.02 1.02 1.02 7 4172.39 4255.00
30/11/2016 0.99 0.99 1.06 1.06 4 789.37 797.00
02/12/2016 0.99 0.99 1.02 1.02 6 1804.28 1801.00
05/12/2016 1.00 1.00 1.03 1.03 6 1465.97 1497.00
06/12/2016 1.01 0.99 1.01 0.99 3 676.60 680.00
07/12/2016 0.99 0.99 0.99 0.99 1 225.53 224.00
08/12/2016 0.99 0.99 0.99 0.99 1 225.53 224.00
09/12/2016 0.99 0.99 0.99 0.99 1 112.77 112.00
16/12/2016 1.00 1.00 1.02 1.02 2 902.14 910.00
19/12/2016 0.89 0.89 0.93 0.90 12 3157.48 2815.00
20/12/2016 0.89 0.89 0.90 0.90 21 9021.38 8032.00
21/12/2016 0.93 0.89 0.93 0.89 4 1578.74 1405.00
22/12/2016 0.93 0.92 1.14 1.00 34 5863.90 5893.00
23/12/2016 1.09 0.82 1.09 0.92 25 10374.59 9595.00
26/12/2016 0.97 0.97 1.00 1.00 4 1578.74 1532.00
27/12/2016 0.93 0.90 0.98 0.98 4 902.14 867.00
02/01/2017 0.86 0.86 0.98 0.98 4 1917.04 1857.00
04/01/2017 0.98 0.98 0.98 0.98 2 563.84 550.00
05/01/2017 0.90 0.90 1.01 1.01 16 9021.38 8304.00
06/01/2017 1.02 1.02 1.06 1.05 10 3834.09 3965.00
09/01/2017 1.06 1.06 1.09 1.09 6 2368.11 2503.00
11/01/2017 0.98 0.98 1.01 1.01 7 2142.58 2130.00
12/01/2017 1.03 1.03 1.11 1.11 10 2480.88 2620.00
13/01/2017 1.11 1.11 1.33 1.21 23 15449.11 19124.00
17/01/2017 1.20 1.20 1.20 1.20 1 112.77 135.00
18/01/2017 1.29 1.29 1.29 1.29 1 112.77 145.00
19/01/2017 1.15 1.15 1.17 1.16 5 1014.91 1176.00
27/01/2017 1.15 1.15 1.15 1.15 6 1804.28 2080.00
31/01/2017 1.06 1.06 1.08 1.08 3 1240.44 1322.00
06/02/2017 1.15 1.15 2.16 2.16 113 35183.38 66770.00
07/02/2017 2.88 2.88 4.33 4.33 179 66194.36 248469.00
08/02/2017 4.53 4.53 7.09 6.47 319 139042.00 825962.00
09/02/2017 6.20 4.35 6.20 4.35 103 37325.95 188707.00
10/02/2017 4.00 3.09 4.00 3.12 43 13757.60 49525.00
13/02/2017 3.28 3.28 4.43 3.72 61 21425.77 83084.00
14/02/2017 3.86 3.86 4.43 4.09 18 7329.87 30965.00
15/02/2017 3.95 3.74 3.99 3.90 13 2931.95 11559.00
16/02/2017 3.58 3.29 3.58 3.50 30 7104.34 24665.00
17/02/2017 4.16 3.92 4.16 3.92 5 676.60 2759.00
20/02/2017 3.86 3.58 3.86 3.58 13 3157.48 11487.00
21/02/2017 3.59 3.47 3.59 3.48 8 902.14 3175.00
22/02/2017 3.39 3.20 3.39 3.20 8 2029.81 6820.00
23/02/2017 3.20 2.96 3.38 3.38 10 2142.58 6743.00
24/02/2017 3.95 3.76 3.95 3.76 7 2029.81 7820.00
01/03/2017 3.70 3.26 3.70 3.54 19 5700.00 19907.00
02/03/2017 3.32 3.30 3.35 3.30 17 4000.00 13273.00
03/03/2017 3.50 3.20 3.50 3.20 12 1700.00 5586.00
06/03/2017 3.25 3.06 3.25 3.06 15 2600.00 8331.00
07/03/2017 3.39 3.39 3.40 3.39 6 700.00 2376.00
08/03/2017 3.14 3.14 3.14 3.14 1 100.00 314.00
09/03/2017 3.14 3.10 3.14 3.10 5 700.00 2194.00
13/03/2017 3.10 3.03 3.10 3.03 3 300.00 923.00
14/03/2017 3.03 3.03 3.03 3.03 4 400.00 1212.00
15/03/2017 3.02 3.02 3.02 3.02 1 100.00 302.00
16/03/2017 3.01 3.01 3.01 3.01 3 300.00 903.00
17/03/2017 3.01 2.96 3.01 2.96 4 600.00 1786.00
20/03/2017 2.98 2.98 2.98 2.98 1 100.00 298.00
21/03/2017 2.90 2.90 2.90 2.90 1 100.00 290.00
22/03/2017 2.81 2.81 2.81 2.81 2 200.00 562.00
23/03/2017 2.82 2.82 2.82 2.82 2 900.00 2538.00
28/03/2017 2.86 2.85 2.86 2.85 3 1100.00 3136.00
29/03/2017 2.81 2.81 2.81 2.81 1 100.00 281.00
31/03/2017 2.76 2.76 2.76 2.76 1 100.00 276.00
03/04/2017 2.72 2.72 2.72 2.72 1 400.00 1088.00
04/04/2017 2.71 2.71 3.40 2.71 6 1000.00 2986.00
05/04/2017 2.82 2.82 2.82 2.82 1 100.00 282.00
12/04/2017 2.85 2.85 2.85 2.85 1 100.00 285.00
13/04/2017 2.72 2.41 2.72 2.44 16 4300.00 11164.00
18/04/2017 2.83 2.83 2.85 2.85 2 700.00 1991.00
19/04/2017 2.85 2.85 2.85 2.85 1 100.00 285.00
27/04/2017 2.20 2.20 2.20 2.20 10 1000.00 2200.00
28/04/2017 2.40 2.40 2.40 2.40 1 100.00 240.00
05/05/2017 2.10 2.10 2.21 2.20 16 9100.00 19248.00
09/05/2017 2.21 2.20 2.21 2.20 2 300.00 662.00
10/05/2017 2.30 2.25 2.30 2.25 3 800.00 1827.00
17/05/2017 2.27 2.27 2.27 2.27 1 100.00 227.00
18/05/2017 2.20 2.20 2.20 2.20 2 1400.00 3080.00
29/05/2017 1.80 1.80 2.60 2.60 18 7300.00 14650.00
30/05/2017 2.69 2.69 2.69 2.69 5 600.00 1614.00
31/05/2017 2.20 2.20 2.20 2.20 2 700.00 1540.00
01/06/2017 2.30 2.25 2.30 2.25 2 500.00 1130.00
07/06/2017 2.04 2.04 2.19 2.19 3 600.00 1239.00
09/06/2017 2.03 2.03 2.03 2.03 1 500.00 1015.00
12/06/2017 1.60 1.60 1.77 1.77 6 700.00 1154.00
14/06/2017 1.73 1.73 1.73 1.73 4 1100.00 1903.00
16/06/2017 1.63 1.63 1.63 1.63 1 100.00 163.00
