20/06/2016 14.85 14.65 15.32 14.92 932 167300.00 2491002.00
21/06/2016 14.86 14.78 15.48 15.23 754 223200.00 3380348.00
22/06/2016 15.32 14.72 15.32 14.77 551 133200.00 1984258.00
23/06/2016 14.95 14.80 15.11 14.93 380 80900.00 1213439.00
24/06/2016 14.82 14.53 15.40 15.20 568 391300.00 5868692.00
27/06/2016 15.19 14.82 15.22 14.82 730 141600.00 2113444.00
28/06/2016 14.91 14.90 15.64 15.28 1265 241300.00 3694885.00
29/06/2016 15.50 15.30 15.81 15.79 493 204900.00 3200195.00
30/06/2016 15.87 15.72 16.25 16.11 259 149300.00 2390369.00
01/07/2016 16.10 15.90 16.99 16.60 1122 209200.00 3466733.00
04/07/2016 16.59 16.42 16.60 16.58 305 63500.00 1048702.00
05/07/2016 16.68 16.12 16.68 16.30 1875 416100.00 6809299.00
06/07/2016 16.39 16.02 16.39 16.19 926 208600.00 3372563.00
07/07/2016 16.21 16.20 16.36 16.25 520 160300.00 2604936.00
08/07/2016 16.24 16.09 16.32 16.13 977 200900.00 3247015.00
11/07/2016 16.09 15.94 16.44 16.13 562 153600.00 2486932.00
12/07/2016 16.16 15.88 16.56 16.25 1025 250100.00 4046571.00
13/07/2016 16.35 16.25 16.89 16.55 753 208800.00 3463685.00
14/07/2016 16.46 16.42 16.86 16.80 606 1691100.00 28364641.00
15/07/2016 16.81 16.48 16.91 16.66 1218 239400.00 3971721.00
18/07/2016 16.69 16.43 16.82 16.66 543 145100.00 2405804.00
19/07/2016 16.76 16.45 17.07 17.07 1166 803500.00 13478297.00
20/07/2016 17.19 16.83 17.20 16.97 555 189700.00 3220185.00
21/07/2016 17.00 16.79 17.19 17.13 799 367300.00 6247147.00
22/07/2016 17.02 17.02 17.48 17.08 753 185100.00 3182550.00
25/07/2016 17.27 16.95 17.50 17.48 1185 251200.00 4352234.00
26/07/2016 17.48 17.18 17.92 17.20 731 150000.00 2600954.00
27/07/2016 17.32 17.12 17.80 17.80 810 610900.00 10736261.00
28/07/2016 17.71 17.60 18.00 18.00 213 60200.00 1073698.00
29/07/2016 17.93 17.83 18.78 18.45 708 166400.00 3053825.00
01/08/2016 18.50 18.31 18.70 18.70 511 117700.00 2182731.00
02/08/2016 18.79 18.34 18.99 18.70 752 160100.00 2971125.00
03/08/2016 18.53 18.53 18.89 18.74 495 115400.00 2152552.00
04/08/2016 19.00 18.64 19.00 18.95 531 117100.00 2203006.00
05/08/2016 19.09 18.83 19.28 19.25 413 89400.00 1701384.00
08/08/2016 19.14 18.98 19.33 19.30 784 148600.00 2856211.00
09/08/2016 19.47 19.22 19.49 19.49 423 139100.00 2690972.00
10/08/2016 19.50 18.99 19.68 19.12 512 504400.00 9786730.00
11/08/2016 19.07 19.01 19.27 19.10 745 169600.00 3244622.00
12/08/2016 19.20 18.89 19.20 18.89 836 276300.00 5248916.00
15/08/2016 18.80 18.20 18.98 18.23 836 206300.00 3798576.00
16/08/2016 18.27 17.87 18.31 18.07 1004 284300.00 5137966.00
17/08/2016 18.00 17.51 18.16 17.70 820 201000.00 3567278.00
18/08/2016 17.70 17.47 17.95 17.75 1383 552300.00 9786258.00
19/08/2016 17.70 17.65 17.99 17.99 258 56100.00 1002763.00
22/08/2016 17.95 17.49 17.95 17.57 574 128100.00 2253993.00
23/08/2016 17.67 17.21 17.67 17.21 373 485400.00 8526748.00
24/08/2016 17.27 17.18 17.51 17.30 985 740700.00 12807477.00
25/08/2016 17.41 16.72 17.46 16.74 1049 262800.00 4494020.00
26/08/2016 16.53 16.53 17.28 17.28 1743 262900.00 4492612.00
29/08/2016 17.06 17.03 17.35 17.35 468 126800.00 2190066.00
30/08/2016 17.32 17.09 17.53 17.32 591 101800.00 1757954.00
31/08/2016 17.16 17.05 17.54 17.30 501 264100.00 4547586.00
01/09/2016 17.42 16.89 17.42 17.03 1237 284400.00 4861443.00
02/09/2016 17.10 16.99 17.21 17.15 702 209700.00 3595905.00
05/09/2016 17.28 16.88 17.60 17.17 812 174100.00 2984980.00
06/09/2016 17.20 16.86 17.68 16.97 1067 206700.00 3534321.00
08/09/2016 16.93 16.70 17.00 17.00 165 30100.00 508331.00
09/09/2016 16.90 16.56 17.21 16.90 321 54800.00 925187.00
12/09/2016 16.76 16.59 17.01 16.85 530 96900.00 1622921.00
13/09/2016 16.84 16.46 16.84 16.59 677 133800.00 2216410.00
14/09/2016 16.50 16.25 17.13 16.90 1480 533400.00 8895949.00
15/09/2016 16.91 16.78 18.40 18.25 1221 296900.00 5269814.00
16/09/2016 18.03 17.86 18.51 18.51 987 2164800.00 39081571.00
19/09/2016 18.65 18.27 19.66 19.20 1750 412700.00 7845450.00
20/09/2016 19.34 18.93 19.49 19.25 689 123500.00 2368793.00
21/09/2016 19.74 18.87 19.77 19.32 1239 293400.00 5673685.00
22/09/2016 19.44 19.00 19.58 19.35 660 101400.00 1956813.00
23/09/2016 19.24 19.23 20.05 19.52 1091 291300.00 5669134.00
26/09/2016 19.48 18.72 19.49 19.24 1221 255500.00 4869252.00
27/09/2016 19.32 19.00 19.69 19.35 2231 1169700.00 22450440.00
28/09/2016 19.40 19.21 19.44 19.29 2105 2049100.00 39598470.00
29/09/2016 19.34 19.04 19.89 19.30 1858 598800.00 11594832.00
30/09/2016 19.51 19.07 19.60 19.40 2851 793800.00 15387709.00
03/10/2016 19.41 19.40 19.99 19.99 1675 761600.00 14901408.00
04/10/2016 19.98 19.65 20.22 19.90 1003 208300.00 4128718.00
05/10/2016 19.81 19.70 19.96 19.87 1488 1514200.00 30037475.00
06/10/2016 19.72 19.64 19.90 19.77 1143 204100.00 4036318.00
07/10/2016 19.78 19.64 19.98 19.75 692 637500.00 12613038.00
10/10/2016 19.70 19.65 19.90 19.90 1325 545500.00 10775579.00
11/10/2016 19.85 19.58 19.86 19.58 1222 539200.00 10627921.00
13/10/2016 19.69 19.06 19.74 19.30 2514 763900.00 14841167.00
14/10/2016 19.37 19.00 19.45 19.30 3576 704700.00 13560144.00
17/10/2016 19.30 18.96 19.35 19.05 2359 1088600.00 20910848.00
18/10/2016 19.08 19.02 19.83 19.50 2468 2950300.00 56642255.00
19/10/2016 19.45 19.32 19.58 19.58 1338 374000.00 7287428.00
20/10/2016 19.59 19.36 19.59 19.50 660 102500.00 1995895.00
21/10/2016 19.53 19.15 19.56 19.30 1384 547700.00 10585803.00
24/10/2016 19.30 19.18 19.49 19.38 1123 509200.00 9827414.00
25/10/2016 19.44 18.73 19.44 18.85 1943 381800.00 7230483.00
26/10/2016 18.86 18.60 18.99 18.84 1351 323400.00 6074293.00
27/10/2016 18.91 18.72 19.14 18.87 620 551900.00 10467109.00
28/10/2016 18.97 18.45 18.97 18.65 674 193700.00 3620862.00
31/10/2016 18.70 18.49 19.04 19.00 1796 446300.00 8399060.00
01/11/2016 19.19 18.68 19.30 18.78 1989 433000.00 8151936.00
03/11/2016 18.96 18.50 18.96 18.60 978 524200.00 9815266.00
04/11/2016 18.56 18.30 18.56 18.35 756 143100.00 2636572.00
07/11/2016 18.60 18.48 18.78 18.51 1368 333000.00 6192192.00
08/11/2016 18.11 18.11 18.74 18.44 883 211300.00 3903489.00
09/11/2016 18.10 17.72 18.73 18.40 1541 477100.00 8749520.00
10/11/2016 18.41 17.29 18.56 17.75 3501 791500.00 14118949.00
11/11/2016 17.77 17.34 18.36 17.50 3353 1873100.00 33194726.00
14/11/2016 17.56 17.40 17.73 17.50 1728 482100.00 8475681.00
16/11/2016 17.53 17.45 17.73 17.53 1105 439200.00 7752524.00
17/11/2016 17.45 17.06 18.15 17.35 2830 633500.00 11059998.00
18/11/2016 17.46 17.11 17.50 17.49 2402 391000.00 6761566.00
21/11/2016 17.55 17.36 17.73 17.73 1482 386700.00 6811796.00
22/11/2016 17.74 17.50 17.95 17.66 1555 337500.00 5959090.00
23/11/2016 17.53 17.53 17.78 17.69 1076 594200.00 10525932.00
24/11/2016 17.84 17.50 17.85 17.50 701 159700.00 2811239.00
25/11/2016 17.51 17.50 17.76 17.56 750 186200.00 3263535.00
28/11/2016 17.39 17.19 17.61 17.50 1882 338300.00 5903216.00
29/11/2016 17.50 17.28 17.94 17.37 1156 350500.00 6153562.00
30/11/2016 17.34 17.34 17.76 17.65 1743 511300.00 9014670.00
01/12/2016 17.79 17.41 17.85 17.71 1717 294800.00 5172295.00
02/12/2016 17.69 17.50 17.71 17.52 1779 276100.00 4852620.00
05/12/2016 17.50 17.50 17.96 17.59 1275 213700.00 3765823.00
06/12/2016 17.55 17.17 17.71 17.49 1516 230500.00 4021848.00
07/12/2016 17.43 16.69 17.56 17.10 1530 281200.00 4816369.00
08/12/2016 17.13 17.04 17.28 17.28 1279 216600.00 3718015.00
09/12/2016 17.25 16.70 17.39 16.83 607 107500.00 1830503.00
12/12/2016 16.85 16.43 16.97 16.70 1586 263900.00 4410304.00
13/12/2016 16.51 16.41 17.14 16.99 2400 344000.00 5759226.00
14/12/2016 16.94 15.98 17.58 15.98 2995 1147400.00 18980821.00
15/12/2016 16.06 15.70 16.24 15.86 2288 468600.00 7472404.00
16/12/2016 15.99 15.90 16.29 16.15 2594 648400.00 10483140.00
19/12/2016 16.16 15.80 16.25 16.15 1200 495400.00 7963440.00
20/12/2016 16.16 15.94 16.61 16.55 1556 431400.00 7114556.00
21/12/2016 16.59 16.36 16.91 16.91 903 1497900.00 24801972.00
22/12/2016 16.89 16.59 17.15 16.92 2062 2115900.00 35470103.00
23/12/2016 16.90 16.86 17.34 17.01 874 242300.00 4132255.00
26/12/2016 17.14 17.01 17.22 17.01 144 25100.00 428562.00
27/12/2016 17.05 16.98 17.38 17.05 582 131000.00 2233654.00
28/12/2016 17.05 16.98 17.39 17.05 663 102900.00 1760806.00
29/12/2016 17.01 16.99 17.35 17.35 1308 362500.00 6250677.00
02/01/2017 17.31 17.08 17.66 17.54 933 158400.00 2759765.00
03/01/2017 17.58 17.26 17.70 17.26 1366 286000.00 4985274.00
04/01/2017 17.25 17.03 17.89 17.40 2302 582600.00 10011943.00
05/01/2017 17.53 17.16 17.69 17.33 1307 263900.00 4591844.00
06/01/2017 17.36 16.95 17.52 17.21 1923 465300.00 8012863.00
09/01/2017 17.33 17.03 17.46 17.03 1656 292600.00 5013371.00
10/01/2017 17.13 16.75 17.20 16.95 1047 163200.00 2768871.00
11/01/2017 17.07 17.00 17.21 17.01 1876 262500.00 4468480.00
12/01/2017 17.09 17.09 17.90 17.51 2130 383600.00 6743202.00
13/01/2017 17.62 17.00 17.72 17.04 1594 304400.00 5246872.00
16/01/2017 17.01 16.94 17.22 17.22 1559 229700.00 3916661.00
17/01/2017 17.19 16.65 17.31 16.88 1980 397500.00 6693074.00
18/01/2017 16.88 16.80 17.46 17.44 860 333800.00 5735909.00
19/01/2017 17.45 16.53 17.47 16.67 2709 639200.00 10744892.00
20/01/2017 16.77 16.56 17.45 17.02 1380 283400.00 4803315.00
23/01/2017 17.00 16.76 17.26 17.00 772 253600.00 4299430.00
24/01/2017 17.10 16.83 17.65 17.42 2028 512800.00 8898825.00
26/01/2017 17.56 17.30 17.84 17.72 1875 922200.00 16175634.00
27/01/2017 17.60 17.55 17.99 17.93 1866 534800.00 9505302.00
30/01/2017 17.92 17.68 18.18 17.90 1655 370400.00 6639069.00
31/01/2017 17.82 17.80 18.30 18.04 1796 260500.00 4677713.00
01/02/2017 18.04 17.85 18.44 17.99 1812 439500.00 7924680.00
02/02/2017 18.03 17.84 18.11 18.07 1207 212700.00 3826443.00
03/02/2017 17.94 17.89 18.35 18.00 1501 273800.00 4953447.00
06/02/2017 18.11 17.89 18.29 18.18 1706 285300.00 5168099.00
07/02/2017 18.27 18.14 18.32 18.26 844 132400.00 2414419.00
08/02/2017 18.21 18.09 18.36 18.17 1203 156000.00 2839427.00
09/02/2017 18.25 18.13 18.40 18.40 938 328500.00 6006627.00
10/02/2017 18.31 18.10 18.48 18.40 420 776300.00 14237112.00
13/02/2017 18.49 18.01 18.64 18.24 1848 925600.00 16947964.00
14/02/2017 18.47 17.83 18.54 18.00 2629 859000.00 15492516.00
15/02/2017 17.97 17.64 17.98 17.75 3187 496600.00 8848977.00
16/02/2017 17.82 17.39 17.84 17.55 2432 567000.00 9975882.00
17/02/2017 17.51 17.30 17.78 17.74 2044 1289300.00 22621214.00
20/02/2017 17.78 17.53 17.85 17.58 1274 244900.00 4337818.00
21/02/2017 17.55 16.51 17.58 16.81 4478 951400.00 15959970.00
22/02/2017 16.82 16.44 16.97 16.60 2962 897300.00 15040240.00
23/02/2017 16.55 16.51 17.10 17.00 4334 1221800.00 20452747.00
24/02/2017 16.94 16.52 17.06 16.57 3711 1366000.00 22680078.00
01/03/2017 16.70 16.42 16.75 16.72 1941 596200.00 9843345.00
02/03/2017 16.70 16.51 17.15 16.88 1347 660900.00 10983348.00
03/03/2017 16.76 16.69 17.10 17.00 2357 635600.00 10787025.00
06/03/2017 17.01 16.76 17.06 16.85 1020 270900.00 4581783.00
07/03/2017 16.80 16.74 17.05 16.83 1869 332200.00 5596121.00
08/03/2017 16.78 16.51 16.87 16.51 1126 209200.00 3488702.00
09/03/2017 16.25 16.25 16.82 16.57 2413 411200.00 6801037.00
10/03/2017 16.77 16.48 17.01 16.95 2118 276800.00 4644616.00
13/03/2017 16.99 16.57 17.00 16.57 2076 273800.00 4569299.00
14/03/2017 16.63 16.39 16.64 16.49 1304 176000.00 2903953.00
15/03/2017 16.55 16.41 16.80 16.63 2494 346100.00 5737780.00
16/03/2017 16.64 16.15 16.89 16.30 1924 358300.00 5913862.00
17/03/2017 16.39 16.02 16.51 16.45 1860 439600.00 7161524.00
20/03/2017 16.50 16.07 16.50 16.29 1291 369000.00 5976315.00
21/03/2017 16.31 16.11 16.63 16.63 1249 411400.00 6722930.00
22/03/2017 16.61 16.54 16.99 16.99 1967 472200.00 7924306.00
23/03/2017 16.86 16.09 16.88 16.24 1863 364100.00 5959980.00
24/03/2017 16.21 15.99 16.37 16.15 2825 887700.00 14303999.00
27/03/2017 16.17 15.98 16.22 16.10 2254 554100.00 8891060.00
28/03/2017 16.09 16.06 16.31 16.17 1490 293800.00 4760652.00
29/03/2017 16.05 15.85 16.50 16.50 2230 2005600.00 32277438.00
30/03/2017 16.40 16.01 16.43 16.05 1256 866300.00 13943534.00
31/03/2017 15.98 15.95 16.88 16.60 2297 892800.00 14735816.00
03/04/2017 16.54 16.38 17.13 16.95 2178 525400.00 8888665.00
04/04/2017 16.94 16.86 17.40 17.40 2552 1687600.00 28859443.00
05/04/2017 17.36 16.86 17.36 17.17 4287 680700.00 11707168.00
06/04/2017 17.28 16.79 17.29 17.00 4990 1849300.00 31443742.00
07/04/2017 16.87 16.66 17.07 16.72 2282 907400.00 15381144.00
10/04/2017 16.70 16.49 16.75 16.67 1064 170700.00 2835766.00
11/04/2017 16.57 16.36 16.65 16.40 1274 649800.00 10721764.00
12/04/2017 16.42 16.09 16.47 16.35 1423 563500.00 9207375.00
13/04/2017 16.36 16.05 16.36 16.20 1263 244600.00 3957689.00
17/04/2017 16.22 15.99 16.36 16.31 1242 464100.00 7518641.00
18/04/2017 16.18 16.02 16.29 16.05 828 224300.00 3617945.00
19/04/2017 16.15 16.00 16.55 16.23 1106 555100.00 8957537.00
20/04/2017 16.15 16.15 16.41 16.28 628 97100.00 1578724.00
24/04/2017 16.34 16.28 16.74 16.28 1920 355100.00 5836402.00
25/04/2017 16.36 16.36 16.75 16.75 1890 583500.00 9632544.00
26/04/2017 16.66 16.52 16.92 16.90 2311 795200.00 13231000.00
27/04/2017 16.86 16.53 16.91 16.80 3068 521400.00 8735514.00
28/04/2017 16.70 16.64 17.82 17.71 4524 1362300.00 23765709.00
02/05/2017 17.71 17.53 18.26 18.10 4461 702200.00 12660123.00
03/05/2017 18.00 17.76 18.19 18.12 3367 1235700.00 22159108.00
04/05/2017 18.35 18.04 18.95 18.42 3121 1057300.00 19520503.00
05/05/2017 18.46 18.15 18.74 18.49 2022 359700.00 6619502.00
08/05/2017 18.40 18.40 18.93 18.60 1795 974900.00 18167384.00
09/05/2017 18.54 18.48 18.96 18.71 2796 1083900.00 20195668.00
10/05/2017 18.71 18.67 19.08 19.00 2043 614000.00 11597243.00
11/05/2017 18.91 18.89 19.45 19.20 702 319500.00 6070025.00
12/05/2017 19.20 18.96 19.31 19.17 1080 166100.00 3165453.00
15/05/2017 19.17 19.14 19.50 19.45 1764 322300.00 6237440.00
16/05/2017 19.49 19.25 19.49 19.28 2266 856200.00 16557323.00
17/05/2017 19.26 18.80 19.26 18.80 1918 337300.00 6394328.00
18/05/2017 16.00 16.00 18.33 18.15 2950 909500.00 16291636.00
19/05/2017 17.77 17.77 18.61 18.21 4146 747000.00 13636854.00
22/05/2017 17.91 17.48 18.37 17.84 4135 1057700.00 18881628.00
23/05/2017 17.85 17.85 18.36 18.15 652 132700.00 2409587.00
24/05/2017 18.00 17.81 18.61 17.99 4513 1094600.00 19789581.00
25/05/2017 17.87 17.78 18.09 18.00 1794 302700.00 5448286.00
26/05/2017 17.99 17.99 18.60 18.50 2894 836000.00 15338287.00
29/05/2017 18.38 18.10 18.61 18.46 521 112000.00 2060261.00
30/05/2017 18.55 18.36 18.71 18.60 1778 829000.00 15332568.00
31/05/2017 18.61 18.43 18.75 18.60 2344 519500.00 9674419.00
01/06/2017 18.50 17.64 18.59 17.67 1853 433000.00 7707347.00
02/06/2017 17.68 17.67 18.20 18.20 1919 375000.00 6747842.00
05/06/2017 18.00 17.85 18.27 18.10 1305 265600.00 4801021.00
06/06/2017 18.12 17.95 18.29 18.22 296 52900.00 962463.00
07/06/2017 18.09 18.01 18.30 18.12 824 157500.00 2863172.00
08/06/2017 18.13 18.00 18.60 18.03 2474 939900.00 17048208.00
09/06/2017 18.04 17.22 18.15 17.22 1107 652200.00 11373414.00
12/06/2017 17.37 16.78 17.58 17.40 2278 405300.00 7003821.00
13/06/2017 17.49 17.37 17.64 17.53 927 331700.00 5808275.00
14/06/2017 17.50 17.27 17.86 17.60 1086 350400.00 6170416.00
16/06/2017 17.58 16.92 17.58 16.99 1042 372700.00 6389010.00
