20/06/2016 1.48 1.48 1.74 1.74 7 4000.13 6065.00
22/06/2016 1.72 1.72 1.72 1.72 1 342.87 591.00
23/06/2016 1.71 1.71 2.06 1.96 8 1142.90 2165.00
24/06/2016 1.55 1.55 1.55 1.55 1 114.29 177.00
28/06/2016 2.00 2.00 2.01 2.01 4 1142.90 2292.00
29/06/2016 2.00 1.77 2.00 1.78 13 5257.32 9640.00
30/06/2016 1.78 1.78 1.78 1.78 8 4914.45 8729.00
01/07/2016 1.92 1.92 1.92 1.92 1 114.29 219.00
04/07/2016 1.92 1.75 1.92 1.75 10 1828.63 3308.00
05/07/2016 1.91 1.84 1.91 1.84 2 228.58 428.00
06/07/2016 1.79 1.79 1.79 1.79 2 228.58 410.00
08/07/2016 1.70 1.65 1.70 1.65 5 1142.90 1915.00
12/07/2016 1.78 1.78 1.78 1.78 2 571.45 1015.00
13/07/2016 1.82 1.82 1.82 1.82 4 1142.90 2080.00
14/07/2016 1.82 1.82 1.82 1.82 2 1142.90 2080.00
15/07/2016 1.96 1.96 1.96 1.96 3 1142.90 2240.00
22/11/2016 1.80 1.71 1.81 1.81 6 4400.00 7773.00
25/11/2016 1.75 1.75 1.75 1.75 1 1000.00 1750.00
30/11/2016 1.81 1.81 1.81 1.81 1 500.00 905.00
12/12/2016 1.81 1.81 1.81 1.81 1 1000.00 1810.00
14/12/2016 1.80 1.80 1.80 1.80 1 1000.00 1800.00
21/12/2016 1.87 1.87 1.87 1.87 1 3100.00 5797.00
18/01/2017 1.87 1.87 1.87 1.87 4 700.00 1309.00
19/01/2017 1.87 1.87 1.87 1.87 1 400.00 748.00
03/02/2017 1.92 1.92 1.92 1.92 2 1100.00 2112.00
09/02/2017 2.06 2.06 2.25 2.25 33 30900.00 69506.00
10/02/2017 2.10 1.71 2.25 1.71 16 3600.00 7191.00
13/02/2017 1.71 1.71 1.91 1.91 5 1900.00 3601.00
14/02/2017 1.85 1.85 1.90 1.90 7 900.00 1676.00
15/02/2017 1.90 1.81 1.90 1.81 2 400.00 742.00
17/02/2017 1.73 1.73 1.73 1.73 1 100.00 173.00
20/02/2017 1.75 1.75 1.75 1.75 2 500.00 875.00
21/02/2017 1.74 1.74 1.74 1.74 1 100.00 174.00
10/03/2017 1.55 1.55 1.55 1.55 4 600.00 930.00
22/03/2017 1.55 1.55 1.55 1.55 2 300.00 465.00
04/05/2017 1.55 1.55 1.55 1.55 3 900.00 1395.00
05/05/2017 1.51 1.51 1.51 1.51 2 500.00 755.00
09/05/2017 1.68 1.68 1.68 1.68 1 100.00 168.00
17/05/2017 1.53 1.53 1.53 1.53 1 100.00 153.00
