20/06/2016 23.66 22.40 24.01 22.40 129 8357.93 192304.00
21/06/2016 22.61 21.28 22.61 21.49 133 11843.97 256831.00
22/06/2016 21.56 21.49 22.75 21.70 86 6672.05 146383.00
23/06/2016 22.12 21.77 23.17 22.05 97 5571.95 124145.00
24/06/2016 21.00 21.00 21.98 21.49 157 13429.83 286291.00
27/06/2016 21.42 21.00 21.42 21.14 56 3543.19 74952.00
28/06/2016 21.49 21.42 21.91 21.70 47 2300.22 49896.00
29/06/2016 21.91 21.42 22.61 21.77 83 6243.44 137601.00
30/06/2016 21.70 21.70 22.75 22.19 52 1871.60 41690.00
01/07/2016 22.40 22.19 22.75 22.26 37 1457.28 32450.00
04/07/2016 22.54 22.05 22.75 22.26 32 1485.85 33467.00
05/07/2016 22.05 21.63 22.05 21.84 31 1385.84 30277.00
06/07/2016 21.91 21.28 21.91 21.63 57 3586.05 77422.00
07/07/2016 21.77 21.28 22.19 21.77 105 3371.74 73143.00
08/07/2016 21.77 21.56 21.91 21.91 51 3728.92 81419.00
11/07/2016 22.12 22.12 25.55 24.01 429 51790.56 1243169.00
12/07/2016 25.06 23.24 25.06 23.66 186 20301.90 491247.00
13/07/2016 23.38 22.47 24.15 23.17 231 25502.39 591090.00
14/07/2016 23.94 22.68 23.94 23.10 229 19073.21 440534.00
15/07/2016 23.59 23.38 24.85 23.45 227 14001.31 335184.00
18/07/2016 24.15 23.10 24.78 24.78 163 10958.17 265294.00
19/07/2016 25.34 25.34 30.10 30.10 460 52919.24 1446203.00
20/07/2016 31.85 28.70 34.72 30.38 914 84922.24 2700116.00
21/07/2016 31.08 28.70 31.08 28.70 249 25530.96 748341.00
22/07/2016 28.63 27.30 29.40 27.30 150 9215.15 260003.00
25/07/2016 26.60 25.90 27.86 26.81 235 23859.38 638115.00
26/07/2016 26.81 26.81 31.50 31.50 504 44704.19 1336691.00
27/07/2016 32.06 28.56 32.06 29.19 387 47375.86 1426079.00
28/07/2016 29.40 27.65 29.82 28.77 234 18215.99 523733.00
29/07/2016 28.21 28.21 30.45 28.42 220 13901.30 401579.00
01/08/2016 28.70 28.42 29.12 28.49 112 9515.18 272032.00
02/08/2016 28.70 26.25 29.05 27.79 375 24888.04 679675.00
03/08/2016 28.56 26.88 28.56 28.42 224 12844.06 353514.00
04/08/2016 28.70 27.72 31.50 31.50 319 29731.36 875620.00
05/08/2016 31.36 29.19 31.50 29.82 160 13115.51 396892.00
08/08/2016 30.80 28.14 30.80 28.14 156 12944.07 374146.00
09/08/2016 28.28 28.28 29.82 28.42 116 4400.41 127681.00
10/08/2016 29.05 28.21 29.12 28.49 22 1000.09 28471.00
11/08/2016 28.42 26.25 29.05 28.70 138 12886.92 356749.00
12/08/2016 28.98 28.14 29.19 28.84 52 3143.15 89929.00
15/08/2016 28.84 28.00 29.12 28.70 55 3571.76 102416.00
16/08/2016 28.28 28.00 28.56 28.14 59 2428.80 68498.00
17/08/2016 27.86 27.58 28.56 28.14 58 5857.69 163964.00
18/08/2016 27.93 26.74 28.00 26.95 123 9800.92 267122.00
19/08/2016 26.95 26.95 27.65 27.58 23 642.92 17606.00
22/08/2016 27.58 26.95 27.79 26.95 57 2871.70 78324.00
23/08/2016 26.95 26.95 28.00 28.00 84 2400.22 66487.00
24/08/2016 28.00 27.30 30.59 29.40 189 21416.29 622841.00
25/08/2016 29.75 29.05 31.36 29.54 214 18601.74 562610.00
26/08/2016 29.54 28.14 29.75 28.42 115 7129.24 203829.00
29/08/2016 28.70 28.07 28.70 28.14 36 2428.80 68518.00
30/08/2016 28.14 27.16 28.28 27.16 115 11172.47 306540.00
31/08/2016 27.23 27.16 27.86 27.79 69 5686.25 156554.00
01/09/2016 28.70 27.37 28.70 27.51 67 3900.37 108487.00
02/09/2016 27.93 27.51 28.42 27.51 59 3486.04 96584.00
05/09/2016 27.51 26.88 28.35 28.28 104 8272.20 227620.00
06/09/2016 27.58 27.44 28.07 27.72 37 2600.24 72116.00
08/09/2016 27.72 27.44 28.14 28.14 41 3271.73 90671.00
09/09/2016 27.58 27.09 27.58 27.09 40 1985.90 54461.00
12/09/2016 27.23 26.95 27.65 27.02 66 2414.51 65395.00
13/09/2016 27.02 24.99 27.02 26.18 150 17515.93 453100.00
14/09/2016 26.39 25.62 26.39 25.62 39 3428.89 88875.00
15/09/2016 25.76 25.20 25.83 25.55 43 216291.68 5525267.00
16/09/2016 25.55 24.85 25.55 25.06 38 2414.51 60814.00
19/09/2016 25.27 24.92 25.27 24.92 29 2771.69 69456.00
20/09/2016 25.83 24.64 25.83 24.64 35 957.23 23827.00
21/09/2016 24.78 24.50 25.06 24.64 55 2257.35 55740.00
22/09/2016 24.64 24.43 26.39 26.39 51 5314.78 136020.00
23/09/2016 26.53 25.90 26.60 26.32 28 1543.00 40358.00
26/09/2016 26.32 26.04 27.09 26.25 55 2885.98 76762.00
27/09/2016 26.32 25.90 26.67 26.67 20 1600.15 41949.00
28/09/2016 26.60 26.25 26.88 26.88 22 1885.89 50417.00
29/09/2016 26.32 26.32 26.95 26.95 10 1442.99 38871.00
30/09/2016 26.60 26.32 26.60 26.32 6 257.17 6801.00
03/10/2016 26.32 26.32 28.98 28.07 247 133255.33 3839082.00
04/10/2016 28.42 27.44 29.40 29.05 178 322173.02 9305750.00
05/10/2016 28.49 27.23 29.40 27.30 118 11543.94 324465.00
06/10/2016 28.00 27.65 28.00 27.65 30 1643.01 45849.00
07/10/2016 27.86 27.37 28.07 27.37 32 1743.02 48196.00
10/10/2016 27.30 27.30 28.00 27.37 23 1514.43 41654.00
11/10/2016 27.51 27.30 27.51 27.30 20 3643.20 99868.00
13/10/2016 27.09 26.74 28.35 28.35 83 3057.43 83933.00
14/10/2016 28.35 26.95 28.35 27.02 164 16601.55 453369.00
17/10/2016 27.37 27.16 27.79 27.23 59 2157.34 59446.00
18/10/2016 27.09 27.09 27.65 27.09 15 600.06 16333.00
19/10/2016 27.23 26.32 28.00 26.32 81 12001.12 322927.00
20/10/2016 26.46 26.39 27.37 27.09 37 1814.46 48866.00
21/10/2016 26.95 26.60 27.02 27.02 54 2171.63 58158.00
24/10/2016 27.02 26.53 27.51 26.53 35 2671.68 71549.00
25/10/2016 26.53 26.39 26.88 26.39 26 2728.83 72209.00
26/10/2016 26.39 26.11 26.74 26.11 73 6314.88 165583.00
27/10/2016 26.25 26.11 26.39 26.11 18 1185.83 30994.00
28/10/2016 26.04 25.90 26.53 26.25 40 2657.39 69379.00
31/10/2016 26.25 25.90 27.23 27.23 113 6786.35 180906.00
01/11/2016 27.23 26.32 27.23 26.81 38 1485.85 39623.00
03/11/2016 26.81 26.11 27.16 26.11 41 3028.86 79539.00
04/11/2016 26.32 26.25 28.70 27.23 177 18416.01 512287.00
07/11/2016 27.65 26.95 27.86 27.65 115 9829.49 270856.00
08/11/2016 26.95 26.88 27.58 27.51 68 2285.93 62495.00
09/11/2016 26.60 26.46 26.95 26.95 23 3371.74 90409.00
10/11/2016 27.30 26.46 27.30 26.67 34 4043.24 108988.00
11/11/2016 26.39 25.90 26.60 25.97 56 9072.28 238364.00
14/11/2016 26.95 26.39 27.16 27.02 267 5943.41 159945.00
16/11/2016 26.60 26.11 26.74 26.11 12 1128.68 29734.00
17/11/2016 26.18 25.06 26.25 25.06 39 4714.73 119850.00
18/11/2016 25.13 24.85 25.20 24.92 29 2371.65 59221.00
21/11/2016 25.55 24.64 26.53 25.90 58 2957.42 74920.00
22/11/2016 25.97 25.27 26.39 25.27 20 2628.82 67065.00
23/11/2016 25.69 25.06 25.76 25.27 36 10772.44 272134.00
24/11/2016 25.27 24.71 25.27 24.71 33 2528.81 62666.00
25/11/2016 24.71 24.64 24.78 24.64 17 1714.45 42291.00
28/11/2016 24.57 24.57 24.78 24.57 18 2843.12 70010.00
29/11/2016 24.64 24.57 24.78 24.64 14 771.50 18973.00
30/11/2016 24.78 24.78 25.13 24.78 14 1400.13 34752.00
01/12/2016 24.92 24.50 24.92 24.85 33 1700.16 42129.00
02/12/2016 24.71 24.50 24.78 24.50 12 2414.51 59246.00
05/12/2016 24.57 23.45 24.64 23.80 66 11015.32 265518.00
06/12/2016 23.80 23.66 23.80 23.66 8 1957.33 46552.00
07/12/2016 23.73 23.73 23.94 23.94 6 271.45 6473.00
08/12/2016 23.80 23.80 23.80 23.80 2 428.61 10200.00
09/12/2016 23.52 23.31 23.52 23.31 7 2028.76 47570.00
12/12/2016 23.17 23.03 23.38 23.24 21 2457.37 56779.00
13/12/2016 23.03 22.33 23.17 22.33 32 6257.73 141550.00
14/12/2016 22.33 22.05 22.33 22.05 16 742.93 16463.00
15/12/2016 22.19 22.05 22.19 22.05 6 814.36 17962.00
16/12/2016 23.59 22.12 23.59 22.89 23 385.75 8857.00
19/12/2016 22.33 22.05 22.61 22.05 13 900.08 19908.00
20/12/2016 22.05 22.05 22.05 22.05 8 571.48 12600.00
21/12/2016 23.31 22.12 23.31 22.40 18 628.63 14345.00
22/12/2016 22.19 21.98 22.19 21.98 17 2014.47 44521.00
23/12/2016 22.26 21.98 22.68 21.98 15 1185.83 26210.00
26/12/2016 22.19 22.19 24.01 24.01 43 6314.88 148678.00
27/12/2016 24.43 22.75 24.43 22.75 45 5014.76 115975.00
28/12/2016 22.47 22.40 22.75 22.40 11 800.07 18005.00
29/12/2016 22.40 21.98 22.89 22.12 16 18087.41 402787.00
02/01/2017 22.12 22.12 23.24 23.24 4 485.76 10782.00
03/01/2017 23.45 23.31 24.15 24.15 20 3328.88 78552.00
04/01/2017 24.15 23.31 24.29 24.29 13 400.04 9514.00
05/01/2017 24.29 23.80 24.29 23.80 10 585.77 14111.00
06/01/2017 24.01 23.52 24.43 24.43 23 3157.44 75981.00
09/01/2017 24.43 24.43 26.67 25.62 43 6129.15 160671.00
10/01/2017 25.97 25.20 26.25 25.20 24 1485.85 38089.00
11/01/2017 24.57 24.50 25.13 24.85 24 2043.05 50435.00
12/01/2017 26.46 25.90 28.00 27.09 171 19387.53 524944.00
13/01/2017 27.86 26.46 27.86 26.53 66 6272.02 168073.00
16/01/2017 27.23 26.46 27.30 27.16 49 3328.88 89609.00
17/01/2017 26.74 26.60 27.23 27.02 28 1442.99 38824.00
18/01/2017 26.74 26.39 26.88 26.53 39 3471.75 92236.00
19/01/2017 26.81 26.67 28.00 27.93 58 6772.06 186688.00
20/01/2017 27.86 26.81 27.86 26.95 28 3343.17 90008.00
23/01/2017 27.02 26.81 27.09 26.81 20 1085.82 29300.00
24/01/2017 26.81 26.81 28.07 27.72 26 1600.15 44497.00
26/01/2017 27.86 27.86 31.15 29.26 198 24073.68 703144.00
27/01/2017 29.54 28.35 29.54 29.26 56 7229.25 208125.00
30/01/2017 28.56 28.42 29.40 28.42 25 2928.85 85129.00
31/01/2017 28.42 28.14 28.98 28.35 21 1128.68 32217.00
01/02/2017 29.05 28.21 29.05 28.56 15 1042.95 29712.00
02/02/2017 28.21 28.21 28.98 28.35 22 1271.55 36162.00
03/02/2017 28.42 27.44 28.63 27.51 46 3871.79 108128.00
06/02/2017 28.00 26.67 28.14 27.09 33 2414.51 65959.00
07/02/2017 27.09 26.39 27.37 26.60 41 3571.76 95899.00
08/02/2017 26.53 26.46 26.67 26.53 14 414.32 11008.00
09/02/2017 26.53 26.53 27.58 27.51 30 2114.48 57099.00
10/02/2017 27.44 26.88 28.00 27.44 28 1700.16 46825.00
13/02/2017 27.44 26.95 28.00 27.65 47 6386.31 175226.00
14/02/2017 28.35 27.23 28.35 27.58 34 2714.54 75204.00
15/02/2017 28.07 27.30 28.70 28.35 51 6014.85 169927.00
16/02/2017 28.49 28.00 29.05 28.14 55 4529.00 128541.00
17/02/2017 28.42 27.79 28.70 28.49 26 2643.10 75217.00
20/02/2017 27.79 27.37 28.35 27.79 44 3928.94 109875.00
21/02/2017 28.28 28.28 33.67 30.52 416 50890.48 1583894.00
22/02/2017 30.94 29.12 35.00 35.00 363 57005.34 1833240.00
23/02/2017 35.07 32.20 37.73 34.09 335 26188.17 890093.00
24/02/2017 33.32 31.50 33.32 32.69 76 6443.46 207250.00
01/03/2017 32.69 31.43 34.30 31.78 76 6557.76 210211.00
02/03/2017 31.71 29.75 31.71 31.22 67 3557.48 109459.00
03/03/2017 30.87 30.87 33.60 32.90 46 2557.38 83042.00
06/03/2017 33.81 32.06 34.16 32.06 43 3000.28 98066.00
07/03/2017 32.20 30.31 32.20 30.31 47 5857.69 182149.00
08/03/2017 30.52 29.33 30.52 29.75 25 2385.94 71082.00
09/03/2017 29.75 29.75 30.87 30.45 19 1057.24 32078.00
10/03/2017 31.08 30.10 31.08 30.10 13 5929.13 184168.00
13/03/2017 30.80 30.10 31.43 31.29 34 2185.92 67453.00
14/03/2017 31.43 31.36 32.13 31.36 13 757.21 23869.00
15/03/2017 31.99 31.01 32.41 31.08 38 6357.74 202597.00
16/03/2017 32.13 30.87 32.34 32.34 15 914.37 29299.00
17/03/2017 32.83 31.78 34.16 31.78 36 4000.37 134243.00
20/03/2017 31.85 31.78 32.48 32.20 20 2228.78 71523.00
21/03/2017 32.20 31.01 33.46 32.20 22 3471.75 110971.00
22/03/2017 32.20 31.57 33.53 32.48 35 2300.22 75464.00
23/03/2017 32.20 28.70 33.46 28.70 114 23445.05 701338.00
24/03/2017 28.91 28.35 29.96 29.68 108 9143.71 268809.00
27/03/2017 29.75 29.26 29.75 29.75 18 2871.70 85208.00
28/03/2017 30.10 29.47 30.45 29.75 23 2214.49 66710.00
29/03/2017 29.75 29.47 31.15 31.15 38 3528.90 107235.00
30/03/2017 31.15 30.94 32.62 31.22 25 1600.15 50585.00
31/03/2017 31.50 31.15 32.13 31.15 10 871.51 27402.00
03/04/2017 30.87 30.73 31.50 31.50 28 5057.62 158911.00
04/04/2017 30.80 30.17 31.08 30.73 21 5300.50 164343.00
05/04/2017 30.66 28.84 30.66 28.84 22 4028.95 119693.00
06/04/2017 29.68 29.40 29.68 29.40 9 471.47 13904.00
07/04/2017 29.47 29.47 30.45 29.75 17 885.80 26545.00
10/04/2017 30.10 30.10 31.36 31.08 28 800.07 24638.00
11/04/2017 30.80 30.59 31.29 31.01 17 628.63 19410.00
12/04/2017 31.36 31.29 31.50 31.50 25 1657.30 52072.00
17/04/2017 29.96 29.96 29.96 29.96 3 57.15 1712.00
18/04/2017 29.82 29.82 31.22 31.22 14 714.35 22029.00
19/04/2017 31.15 30.52 31.15 30.52 3 257.17 7946.00
20/04/2017 30.66 29.40 30.73 29.40 30 1885.89 56445.00
24/04/2017 29.40 29.05 31.15 31.15 114 5014.76 150542.00
25/04/2017 31.08 31.08 33.25 32.34 56 12915.49 413625.00
26/04/2017 32.20 31.50 33.18 33.18 11 4786.16 154148.00
27/04/2017 33.88 32.27 36.40 32.27 314 24030.82 836810.00
28/04/2017 32.97 30.87 33.88 32.20 101 6257.73 199425.00
02/05/2017 33.60 32.90 35.00 33.95 142 12286.86 419505.00
03/05/2017 33.95 33.95 35.00 35.00 100 6886.36 239599.00
04/05/2017 35.00 33.25 35.00 35.00 119 8343.64 288451.00
05/05/2017 34.93 34.30 35.00 34.86 42 1857.32 64474.00
08/05/2017 34.86 33.95 35.00 33.95 72 4028.95 139545.00
09/05/2017 33.95 33.95 36.40 35.42 78 5286.21 187925.00
10/05/2017 35.49 34.65 36.26 34.65 95 6372.03 223904.00
11/05/2017 34.65 33.60 35.00 34.02 86 4671.87 159783.00
12/05/2017 34.02 33.74 34.72 33.74 8 214.31 7279.00
15/05/2017 33.39 32.55 34.51 32.55 96 4100.38 136256.00
16/05/2017 33.25 32.97 34.16 33.32 50 2300.22 76577.00
17/05/2017 32.97 32.97 34.30 33.95 61 4386.12 146288.00
18/05/2017 30.10 28.35 31.15 28.35 115 8886.55 264131.00
19/05/2017 29.54 28.77 29.89 28.77 15 2014.47 59152.00
22/05/2017 28.98 27.44 28.98 27.44 30 2828.84 79720.00
23/05/2017 30.17 27.02 30.17 27.02 59 9758.06 276068.00
24/05/2017 27.16 27.16 29.75 29.75 27 1714.45 49715.00
25/05/2017 30.03 28.35 30.17 28.98 31 2485.95 72228.00
26/05/2017 29.40 29.40 30.17 30.17 14 571.48 17125.00
29/05/2017 30.17 30.17 30.17 30.17 1 1428.71 43100.00
30/05/2017 30.24 29.96 31.01 30.66 7 657.20 20181.00
31/05/2017 30.59 30.52 30.59 30.52 6 100.01 3057.00
01/06/2017 29.82 28.70 29.82 28.70 20 971.52 28578.00
02/06/2017 28.77 28.42 29.26 29.12 39 3886.08 113062.00
05/06/2017 27.99 27.16 30.50 27.51 57 11000.00 308695.00
06/06/2017 27.61 26.00 28.90 26.00 58 22000.00 580333.00
07/06/2017 26.75 24.36 26.99 24.36 109 27300.00 682333.00
08/06/2017 24.06 22.30 24.89 22.30 105 25300.00 583827.00
09/06/2017 22.40 22.01 23.10 23.10 78 22800.00 517391.00
12/06/2017 23.16 23.12 26.01 26.01 72 22000.00 541108.00
13/06/2017 26.00 25.50 26.75 26.75 21 10600.00 279201.00
14/06/2017 27.00 27.00 27.50 27.50 7 1900.00 51462.00
16/06/2017 26.90 26.61 29.01 29.00 29 17200.00 497176.00
