20/06/2016 811.64 811.64 811.64 811.64 1 100.00 81164.00
28/06/2016 795.02 795.02 795.02 795.02 2 300.00 238506.00
29/06/2016 793.66 793.66 793.66 793.66 1 100.00 79366.00
05/07/2016 820.80 820.80 820.80 820.80 1 100.00 82080.00
08/07/2016 827.00 827.00 827.00 827.00 1 200.00 165400.00
15/07/2016 835.32 835.32 835.32 835.32 1 100.00 83532.00
18/07/2016 827.33 826.97 827.33 826.97 5 1700.00 1405921.00
25/07/2016 838.54 838.54 838.54 838.54 1 3400.00 2851036.00
28/07/2016 831.22 831.22 831.22 831.22 1 300.00 249366.00
01/08/2016 826.55 826.55 826.55 826.55 1 1200.00 991860.00
09/08/2016 813.21 813.21 813.21 813.21 4 1400.00 1138494.00
19/09/2016 789.41 789.41 789.41 789.41 1 2500.00 1973525.00
23/09/2016 799.00 799.00 799.00 799.00 1 800.00 639200.00
26/09/2016 798.50 798.50 798.50 798.50 1 1700.00 1357450.00
03/10/2016 771.12 771.12 771.12 771.12 1 100.00 77112.00
17/10/2016 746.64 746.64 746.64 746.64 1 100.00 74664.00
18/10/2016 739.57 739.57 739.57 739.57 1 800.00 591656.00
31/10/2016 786.76 786.76 786.76 786.76 1 2100.00 1652196.00
07/11/2016 767.92 767.92 767.92 767.92 1 200.00 153584.00
10/11/2016 870.34 866.70 870.34 866.80 3 2100.00 1820584.00
11/11/2016 879.39 875.00 879.39 875.50 6 2100.00 1841014.00
14/11/2016 922.87 922.87 923.82 923.82 2 600.00 554102.00
18/11/2016 887.85 887.85 887.85 887.85 1 100.00 88785.00
21/11/2016 881.28 881.28 881.28 881.28 1 200.00 176256.00
28/11/2016 902.22 902.22 902.22 902.22 1 100.00 90222.00
01/12/2016 920.94 920.94 920.94 920.94 1 200.00 184188.00
05/12/2016 917.65 917.65 917.65 917.65 1 100.00 91765.00
07/12/2016 912.20 912.20 912.20 912.20 1 100.00 91220.00
08/12/2016 884.80 884.80 884.80 884.80 1 200.00 176960.00
12/12/2016 831.67 831.67 846.10 846.10 2 900.00 758604.00
14/12/2016 847.79 847.79 847.79 847.79 1 200.00 169558.00
15/12/2016 850.18 850.18 850.18 850.18 1 100.00 85018.00
19/12/2016 846.52 846.52 846.52 846.52 1 500.00 423260.00
27/12/2016 818.49 818.49 818.49 818.49 1 100.00 81849.00
09/01/2017 824.39 824.39 824.39 824.39 1 600.00 494634.00
17/01/2017 815.24 815.24 815.24 815.24 1 500.00 407620.00
24/01/2017 803.68 803.68 803.68 803.68 1 100.00 80368.00
02/02/2017 786.69 786.69 786.69 786.69 1 100.00 78669.00
03/02/2017 787.75 787.75 787.75 787.75 1 100.00 78775.00
10/02/2017 808.64 808.64 808.64 808.64 1 100.00 80864.00
14/02/2017 813.99 810.96 813.99 810.96 2 200.00 162495.00
16/02/2017 810.35 810.35 810.35 810.35 1 100.00 81035.00
22/02/2017 816.57 816.57 816.57 816.57 1 100.00 81657.00
06/03/2017 835.60 835.60 836.04 836.04 2 1800.00 1504828.00
07/03/2017 834.30 834.30 834.30 834.30 1 100.00 83430.00
23/03/2017 844.74 844.74 844.74 844.74 1 100.00 84474.00
19/04/2017 844.74 844.74 844.74 844.74 1 100.00 84474.00
25/04/2017 853.12 853.12 853.12 853.12 1 100.00 85312.00
09/05/2017 867.78 867.78 867.78 867.78 1 100.00 86778.00
10/05/2017 859.86 859.86 859.86 859.86 1 100.00 85986.00
23/05/2017 906.04 906.04 906.04 906.04 1 100.00 90604.00
24/05/2017 914.29 914.29 914.29 914.29 1 100.00 91429.00
06/06/2017 912.28 912.28 912.28 912.28 1 100.00 91228.00
14/06/2017 920.34 920.34 920.34 920.34 1 100.00 92034.00
