20/06/2016 21.02 20.49 21.39 20.98 8604 4668322.41 98234562.00
21/06/2016 20.90 20.79 21.68 21.58 11238 3369145.43 72260355.00
22/06/2016 21.58 20.63 21.58 21.02 10603 6165011.27 130064372.00
23/06/2016 21.09 20.55 21.48 21.36 12475 4645875.38 97583825.00
24/06/2016 20.70 20.49 21.13 20.88 11919 3835801.61 79750782.00
27/06/2016 20.65 20.42 20.92 20.47 8499 2616729.72 53804014.00
28/06/2016 20.72 20.56 20.94 20.69 8228 3019565.92 62527661.00
29/06/2016 20.97 20.97 21.45 21.19 10126 2762415.36 58532117.00
30/06/2016 21.13 21.08 21.78 21.53 6062 4029902.42 86536513.00
01/07/2016 21.72 21.30 21.92 21.86 9764 3879265.23 84031962.00
04/07/2016 21.82 21.77 22.55 22.25 5621 1615195.98 35810252.00
05/07/2016 22.13 21.91 22.45 22.04 14151 5212332.83 115471390.00
06/07/2016 22.03 21.69 22.16 22.02 7668 3438247.07 75312597.00
07/07/2016 22.13 21.92 22.32 22.22 7904 2752182.15 60984401.00
08/07/2016 22.34 22.28 23.33 23.17 12787 4783638.53 110018247.00
11/07/2016 23.44 23.20 23.72 23.63 11874 4322043.93 101751835.00
12/07/2016 23.76 23.52 23.97 23.72 10390 5798596.48 137489092.00
13/07/2016 23.54 23.37 23.74 23.63 11120 2671746.96 62923363.00
14/07/2016 23.87 23.28 23.87 23.45 10262 7585336.20 178046730.00
15/07/2016 23.49 23.20 23.74 23.67 9308 2866728.04 67526754.00
18/07/2016 23.79 23.47 24.28 24.14 7542 2083722.75 49749383.00
19/07/2016 24.14 23.90 24.31 24.08 9136 2498772.77 60128963.00
20/07/2016 24.04 24.04 24.65 24.33 6911 1935726.39 47121956.00
21/07/2016 24.17 23.84 24.39 24.13 6065 1479743.55 35661710.00
22/07/2016 23.96 23.96 24.63 24.54 8040 1917020.53 46625884.00
25/07/2016 24.40 23.58 24.53 23.67 11992 3920528.15 93246830.00
26/07/2016 24.44 23.60 24.44 23.68 15982 4566210.42 109465805.00
27/07/2016 23.71 23.71 24.79 24.22 22018 4722349.33 115373212.00
28/07/2016 24.01 24.01 24.55 24.55 6811 1735353.62 42208796.00
29/07/2016 24.55 24.55 25.13 24.77 11047 3119697.28 77409224.00
01/08/2016 24.98 24.72 25.17 24.96 10159 2445626.12 61056610.00
02/08/2016 24.67 24.36 24.90 24.63 8799 1829653.16 44938831.00
03/08/2016 24.36 24.08 24.69 24.34 9647 2707838.26 65869806.00
04/08/2016 24.63 24.34 24.92 24.72 8242 2348905.82 57965774.00
05/08/2016 24.72 24.44 24.92 24.57 6578 1555117.16 38310801.00
08/08/2016 24.57 24.37 24.74 24.45 3749 847045.35 20776392.00
09/08/2016 24.32 24.23 24.66 24.53 5404 1722259.52 42166680.00
10/08/2016 24.72 24.10 24.73 24.24 5598 1343961.01 32618094.00
11/08/2016 24.17 23.90 24.61 24.54 8052 2905680.24 70889772.00
12/08/2016 24.62 24.40 24.77 24.55 6770 2148533.05 52777224.00
15/08/2016 24.72 24.41 24.89 24.63 8306 2780901.15 68453356.00
16/08/2016 24.42 24.18 24.67 24.34 8840 2363320.34 57723160.00
17/08/2016 24.17 23.27 24.43 23.99 19227 7037364.54 167840519.00
18/08/2016 23.99 23.36 24.15 23.42 10395 2968619.96 70238560.00
19/08/2016 23.27 23.16 23.66 23.32 10946 2274522.52 53102568.00
22/08/2016 23.09 23.05 23.75 23.27 8044 2237771.01 52252627.00
23/08/2016 23.39 22.31 23.39 22.31 15095 6028458.49 137110692.00
24/08/2016 22.31 22.24 22.86 22.58 16883 3895880.43 88018257.00
25/08/2016 22.69 22.67 23.56 23.31 12719 2970270.47 68892345.00
26/08/2016 23.27 22.42 23.41 22.99 9630 2605286.14 59761919.00
29/08/2016 22.99 22.60 23.54 23.35 7390 1587247.22 36888283.00
30/08/2016 23.20 22.93 23.47 23.17 8369 6623414.87 153509391.00
31/08/2016 23.17 22.63 23.38 23.29 10983 4562579.28 105322067.00
01/09/2016 23.12 22.72 23.27 22.85 14307 4064893.38 93397358.00
02/09/2016 23.08 22.78 23.51 23.51 9447 2194527.46 51303907.00
05/09/2016 23.54 23.17 23.63 23.39 4618 834281.35 19492604.00
06/09/2016 23.58 23.28 23.91 23.81 8842 2247784.15 53308342.00
08/09/2016 23.87 23.32 24.07 23.54 16928 4207277.98 99356393.00
09/09/2016 23.09 22.72 23.27 22.72 13628 2860236.00 65538566.00
12/09/2016 22.71 22.39 22.90 22.90 7738 1980950.56 44984882.00
13/09/2016 22.44 21.92 22.83 22.37 10603 2303461.59 51391118.00
14/09/2016 22.37 22.08 22.57 22.44 7532 1697721.83 37858192.00
15/09/2016 22.45 22.24 22.71 22.58 8013 1501420.34 33732469.00
16/09/2016 22.58 21.84 22.58 22.37 9037 3119807.32 69290386.00
19/09/2016 22.56 22.37 22.88 22.52 6823 1916030.22 43222082.00
20/09/2016 22.72 22.43 22.83 22.83 5475 1160313.48 26384475.00
21/09/2016 22.77 22.14 22.79 22.59 10143 4929434.21 110854477.00
22/09/2016 22.99 22.79 23.12 22.92 10627 4967836.24 113831847.00
23/09/2016 23.17 22.69 23.36 22.92 8132 2032776.79 46694715.00
26/09/2016 22.81 22.45 22.94 22.65 4505 1124002.11 25427486.00
27/09/2016 22.79 22.51 22.98 22.98 5654 2275182.73 51857071.00
28/09/2016 23.04 22.59 23.45 23.17 9763 2003287.55 46173779.00
29/09/2016 23.01 22.44 23.27 22.44 11374 2310833.90 52684989.00
30/09/2016 22.62 22.24 22.87 22.24 16682 4383883.30 98635934.00
03/10/2016 22.33 22.20 22.90 22.69 12280 4140927.20 93869404.00
04/10/2016 22.90 21.51 22.99 22.05 17607 7560138.31 166239327.00
05/10/2016 22.16 22.10 22.75 22.67 11923 3432195.18 77388778.00
06/10/2016 22.51 22.27 22.77 22.72 5767 2440894.64 55252100.00
07/10/2016 22.77 22.71 23.27 23.27 9107 4530559.25 104308478.00
10/10/2016 23.35 23.08 23.45 23.45 9199 3444298.97 80333472.00
11/10/2016 23.44 22.99 23.50 23.17 14379 4318412.80 100304338.00
13/10/2016 23.17 22.90 23.61 23.61 15434 8859315.29 207665922.00
14/10/2016 23.64 23.45 24.13 23.90 13028 4805205.29 114840805.00
17/10/2016 23.98 23.85 24.42 24.17 11780 3438907.28 82757262.00
18/10/2016 24.18 23.98 24.99 24.55 12020 5956495.95 145569221.00
19/10/2016 24.54 24.10 24.67 24.50 7174 2242172.39 54761468.00
20/10/2016 24.13 24.03 24.76 24.54 9295 2358038.68 57832056.00
21/10/2016 24.37 24.18 24.76 24.45 8432 2394240.02 58512252.00
24/10/2016 24.45 24.27 24.72 24.45 8071 1754719.69 42895435.00
25/10/2016 23.96 23.77 24.80 24.46 16614 6357131.45 153825496.00
26/10/2016 24.47 23.94 24.72 24.31 12269 5069067.95 122253668.00
27/10/2016 24.27 23.90 24.57 23.99 11309 3503717.58 84278664.00
28/10/2016 23.77 23.77 24.29 24.08 8007 1658219.46 39844964.00
31/10/2016 24.25 23.99 24.60 24.54 11564 3143244.66 76870165.00
01/11/2016 24.49 23.69 24.54 23.81 10460 2576567.14 61461418.00
03/11/2016 23.81 22.74 23.92 22.74 10881 4994904.71 115343506.00
04/11/2016 22.77 21.97 22.97 22.07 20492 7881548.99 175185906.00
07/11/2016 22.27 22.16 23.07 22.80 11562 3361663.08 76759147.00
08/11/2016 22.90 22.39 23.02 22.62 8209 2165588.40 49220473.00
09/11/2016 22.17 21.83 22.54 22.27 9877 2225337.11 49402556.00
10/11/2016 22.07 20.96 22.27 21.18 20062 5658082.46 121165445.00
11/11/2016 20.90 20.45 21.58 20.70 30994 7896293.61 165769138.00
14/11/2016 20.45 20.25 21.51 21.11 23382 4774175.57 98938434.00
16/11/2016 21.13 20.83 21.56 21.36 11612 3037281.47 64614896.00
17/11/2016 21.36 20.68 21.39 20.76 13221 8046710.73 167428684.00
18/11/2016 20.90 20.52 21.06 20.72 10239 2695954.54 55930176.00
21/11/2016 20.70 20.32 20.97 20.84 10018 2812040.91 58423716.00
22/11/2016 21.15 20.84 21.47 20.84 7689 2499653.05 52547555.00
23/11/2016 20.71 20.33 20.84 20.40 8143 3122008.01 63914640.00
24/11/2016 20.54 20.48 20.88 20.77 6715 2208391.81 45795679.00
25/11/2016 20.35 20.33 20.75 20.68 5521 1718958.48 35388292.00
28/11/2016 20.54 20.38 21.29 21.29 11697 2988866.30 62486670.00
29/11/2016 21.29 20.38 21.32 20.38 13835 3193090.27 66155384.00
30/11/2016 20.79 20.13 21.08 20.43 9439 2855724.59 58511959.00
01/12/2016 20.12 19.42 20.36 19.70 29671 8581808.36 169351090.00
02/12/2016 19.39 19.12 19.98 19.81 18408 3776823.14 74380414.00
05/12/2016 19.99 19.38 19.99 19.71 9364 3023967.29 59428400.00
06/12/2016 19.43 19.25 20.18 19.78 16356 5183943.93 102683819.00
07/12/2016 20.04 19.76 20.45 20.28 14604 4018018.69 81050672.00
08/12/2016 20.54 20.06 20.54 20.31 10058 3028588.74 61303763.00
09/12/2016 20.41 19.99 20.68 20.48 11084 3536177.75 72283306.00
12/12/2016 20.18 19.81 20.45 20.20 9275 1967966.49 39428459.00
13/12/2016 20.15 20.00 20.78 20.72 11374 4432408.51 91097236.00
14/12/2016 20.58 20.52 20.85 20.63 13710 4017908.66 83020119.00
15/12/2016 20.66 20.12 20.66 20.47 12758 3169432.86 64599573.00
16/12/2016 20.59 20.39 20.83 20.59 7814 3236113.75 66613990.00
19/12/2016 20.78 20.40 20.88 20.50 7945 2469503.60 50924532.00
20/12/2016 20.70 19.83 20.74 19.88 10680 3967072.73 79774870.00
21/12/2016 19.89 19.57 20.12 19.59 10742 5588320.61 110410405.00
22/12/2016 19.57 19.18 19.71 19.40 10456 2245583.46 43591916.00
23/12/2016 19.40 19.40 19.99 19.55 5138 1868385.29 36796895.00
26/12/2016 19.63 19.56 19.91 19.81 2947 618393.72 12254548.00
27/12/2016 20.06 19.72 20.54 20.54 9363 3452441.52 69589403.00
28/12/2016 20.54 20.36 21.18 21.12 8426 2479736.81 51719900.00
29/12/2016 21.12 20.70 21.20 21.06 7138 1941118.08 40798425.00
02/01/2017 20.81 20.73 21.08 21.03 2408 610251.17 12765896.00
03/01/2017 21.18 20.85 21.81 21.68 11516 2684951.09 57865062.00
04/01/2017 21.77 21.26 21.98 21.48 11313 2409754.89 51840696.00
05/01/2017 21.58 21.24 21.71 21.28 13266 3236663.92 69366037.00
06/01/2017 21.28 20.85 21.28 21.04 7414 1929894.56 40514234.00
09/01/2017 21.03 20.85 21.16 20.86 6563 1749658.10 36643960.00
10/01/2017 21.04 20.65 21.15 20.81 4549 1421315.24 29592275.00
11/01/2017 20.91 20.47 20.99 20.82 6237 2004167.83 41468773.00
12/01/2017 21.60 21.47 22.57 22.21 21352 6742912.30 149079504.00
13/01/2017 21.94 21.69 22.54 21.91 8727 4047838.03 88956003.00
16/01/2017 21.68 21.59 22.04 21.91 3676 796429.49 17339692.00
17/01/2017 21.76 21.47 21.98 21.68 13511 3679112.53 79581485.00
18/01/2017 22.15 21.54 22.15 21.63 6697 1447833.55 31403905.00
19/01/2017 21.63 21.36 21.70 21.49 7558 2226657.53 47929399.00
20/01/2017 21.49 21.25 22.07 21.82 8615 2401942.44 52404083.00
23/01/2017 21.81 21.77 22.62 22.52 9607 2988536.20 66549796.00
24/01/2017 22.58 22.02 22.74 22.02 8238 3360452.70 74833486.00
26/01/2017 22.10 22.10 22.72 22.51 14711 5585679.78 125998147.00
27/01/2017 22.51 22.27 22.63 22.60 7392 2234469.98 50352170.00
30/01/2017 22.57 21.88 22.57 21.99 6475 1369378.97 30171519.00
31/01/2017 22.00 21.66 22.16 21.70 6728 1706854.69 37215639.00
01/02/2017 22.00 21.54 22.10 21.60 8814 2475335.43 53786371.00
02/02/2017 21.60 21.57 22.14 21.61 7753 1991843.97 43437493.00
03/02/2017 21.59 21.59 22.79 22.41 10599 2174061.05 48620754.00
06/02/2017 22.66 21.83 22.66 21.87 4628 1177698.93 25874687.00
07/02/2017 22.23 21.54 22.23 21.81 6869 2564793.45 55770757.00
08/02/2017 21.81 21.40 21.85 21.49 9983 2179892.88 46962227.00
09/02/2017 21.49 21.47 21.98 21.63 6384 3043883.53 66002203.00
10/02/2017 22.10 22.10 22.57 22.47 12333 5861866.30 131195191.00
13/02/2017 22.54 22.37 22.76 22.57 9090 2183083.88 49269651.00
14/02/2017 22.58 22.58 23.45 23.08 13638 6636288.90 152574625.00
15/02/2017 23.42 23.23 23.79 23.53 16651 4819399.74 113515626.00
16/02/2017 23.40 23.19 23.74 23.53 10045 3615622.64 85163040.00
17/02/2017 23.27 22.99 23.52 23.45 6639 3521983.30 81802593.00
20/02/2017 23.45 23.29 23.99 23.63 7873 2223796.63 52735886.00
21/02/2017 23.81 23.67 24.04 23.96 7557 1940017.73 46181356.00
22/02/2017 23.96 23.65 24.26 24.25 7961 2717961.43 65374331.00
23/02/2017 24.36 23.90 24.63 24.17 15884 3234793.34 78816714.00
24/02/2017 23.91 23.22 23.94 23.22 13777 3185057.76 74655154.00
01/03/2017 23.49 23.18 23.86 23.75 11901 3456182.69 81725585.00
02/03/2017 23.45 23.08 23.84 23.43 8798 2305002.07 53893031.00
03/03/2017 23.39 22.92 23.71 23.68 7618 1814028.27 42444158.00
06/03/2017 23.63 23.58 24.05 23.97 7367 1998225.97 47640892.00
07/03/2017 23.97 23.47 24.17 23.54 7083 2062596.13 48866441.00
08/03/2017 23.55 23.10 23.68 23.34 8304 2246133.63 52467899.00
09/03/2017 22.81 22.79 23.77 23.54 12550 3354180.74 78279438.00
10/03/2017 23.74 23.51 24.31 23.85 13372 2735897.05 65761841.00
13/03/2017 24.12 23.89 24.71 24.50 7486 1550605.75 37788074.00
14/03/2017 24.45 23.95 24.57 23.99 7118 1491517.24 36038430.00
15/03/2017 23.94 23.70 24.99 24.73 10341 2941771.55 72394510.00
16/03/2017 24.82 24.17 24.91 24.54 9002 2224896.98 54488411.00
17/03/2017 24.63 23.96 24.88 23.99 10850 4467729.57 108075896.00
20/03/2017 23.95 23.95 24.52 24.37 10000 3026608.12 73750831.00
21/03/2017 24.48 23.80 24.48 24.07 14190 3643241.29 87779615.00
22/03/2017 24.01 23.63 24.15 23.74 13271 3431534.97 81637773.00
23/03/2017 23.62 23.41 24.26 23.81 12240 4709915.44 113520442.00
24/03/2017 23.81 23.66 24.81 24.81 10660 4309389.97 104718805.00
27/03/2017 24.72 24.27 24.80 24.41 10083 2308853.28 56591918.00
28/03/2017 24.49 24.31 25.11 24.86 7734 2565123.56 63749030.00
29/03/2017 25.04 24.92 25.46 25.36 9444 2177912.26 54983922.00
30/03/2017 25.44 24.86 25.46 25.28 8284 2192326.77 55332052.00
31/03/2017 24.99 24.74 25.57 25.26 10821 2886424.21 72851872.00
03/04/2017 25.26 24.98 25.54 25.21 7666 1882689.78 47507817.00
04/04/2017 25.21 25.09 25.35 25.30 5440 2423179.09 61056751.00
05/04/2017 25.38 25.38 26.26 25.77 19010 4934385.76 128110426.00
06/04/2017 25.76 25.27 26.02 25.63 16045 3070181.77 78789804.00
07/04/2017 25.63 25.46 25.99 25.80 11479 2636535.93 68050387.00
10/04/2017 25.81 25.73 26.35 26.25 7888 2094506.13 54704681.00
11/04/2017 26.02 25.53 26.36 26.07 8359 1793781.92 46723364.00
12/04/2017 25.97 25.70 26.56 26.38 10552 2570625.28 67512930.00
13/04/2017 26.10 25.97 26.54 26.36 8823 2118493.64 55660518.00
17/04/2017 26.45 26.23 27.20 26.73 10063 3228521.37 86737912.00
18/04/2017 26.61 26.52 27.07 26.95 10388 2956406.13 79529419.00
19/04/2017 26.86 26.08 27.05 26.13 10368 2689572.54 70999293.00
20/04/2017 26.03 26.02 26.57 26.41 10742 3322930.95 87276475.00
24/04/2017 26.55 26.38 26.95 26.66 10648 3307196.02 88165389.00
25/04/2017 26.46 26.41 26.88 26.72 7994 3201342.86 85169550.00
26/04/2017 26.86 26.11 26.86 26.14 11305 4886300.69 128845187.00
27/04/2017 26.17 25.60 26.54 26.26 11068 3913375.91 102556834.00
28/04/2017 26.36 26.06 26.89 26.88 9746 3110454.39 82822363.00
02/05/2017 26.86 26.58 27.56 27.36 12268 2970710.61 81278646.00
03/05/2017 27.39 27.28 27.69 27.43 10159 2792784.87 76528552.00
04/05/2017 27.73 26.85 27.89 27.34 12856 3645300.00 98936097.00
05/05/2017 27.48 27.04 27.50 27.10 9784 3337000.00 90770207.00
08/05/2017 27.11 27.08 27.40 27.23 7671 1540600.00 41940818.00
09/05/2017 27.41 27.33 28.24 28.11 8821 2710000.00 75715124.00
10/05/2017 28.10 28.10 29.35 29.35 17709 4193400.00 121390996.00
11/05/2017 29.35 28.64 29.75 29.30 11766 2958300.00 86800484.00
12/05/2017 29.11 28.62 29.63 29.35 15074 4341800.00 126859055.00
15/05/2017 29.35 28.87 29.44 29.00 14192 3113200.00 90672030.00
16/05/2017 29.03 28.92 29.23 29.10 11583 2413200.00 70101842.00
17/05/2017 28.95 28.36 29.29 28.78 16469 4467800.00 129397077.00
18/05/2017 24.00 24.00 27.39 26.55 39067 11014600.00 289082914.00
19/05/2017 26.56 26.41 27.31 26.90 18295 5174400.00 138770952.00
22/05/2017 26.58 25.20 26.58 25.48 24783 5466800.00 139586992.00
23/05/2017 25.89 25.65 26.74 26.60 17811 4591200.00 121281720.00
24/05/2017 26.99 26.53 27.75 27.40 18715 3336500.00 91213034.00
25/05/2017 27.71 26.69 27.73 26.90 12593 2962000.00 80275145.00
26/05/2017 27.15 26.81 27.37 27.14 8821 5532200.00 150033976.00
29/05/2017 27.15 26.37 27.15 26.55 8572 2270900.00 60284611.00
30/05/2017 26.57 26.57 26.98 26.89 12688 2203900.00 59090477.00
31/05/2017 26.90 26.32 26.92 26.37 10702 3218300.00 85114021.00
01/06/2017 26.55 26.25 26.82 26.44 10283 2596500.00 68974291.00
02/06/2017 26.71 26.34 26.96 26.85 14116 2635000.00 70453522.00
05/06/2017 26.51 26.12 26.90 26.90 11845 2899700.00 77589571.00
06/06/2017 26.70 26.58 27.26 27.04 12908 4129100.00 111164184.00
07/06/2017 27.04 26.91 27.74 27.40 10856 2591400.00 71051013.00
08/06/2017 27.39 27.12 27.59 27.49 8795 1793900.00 49202449.00
09/06/2017 27.50 26.85 27.68 27.58 10626 2693100.00 73759796.00
12/06/2017 27.26 26.48 27.38 26.86 12492 2891000.00 77798116.00
13/06/2017 26.99 26.47 27.34 26.87 10294 1844100.00 49538697.00
14/06/2017 26.93 26.83 27.40 27.20 12913 4046100.00 109998357.00
16/06/2017 26.86 26.86 27.44 27.25 7837 4044500.00 110095785.00
