20/06/2016 113.58 113.58 113.58 113.58 1 700.00 79506.00
28/06/2016 107.02 107.02 107.02 107.02 3 900.00 96318.00
29/06/2016 109.74 109.74 109.74 109.74 2 300.00 32922.00
01/07/2016 107.23 107.23 107.23 107.23 1 100.00 10723.00
11/07/2016 114.41 114.41 114.41 114.41 1 400.00 45764.00
15/07/2016 112.67 112.67 112.67 112.67 2 200.00 22534.00
18/07/2016 114.11 114.11 114.11 114.11 1 100.00 11411.00
25/07/2016 119.22 119.22 119.22 119.22 1 100.00 11922.00
01/08/2016 115.38 115.38 115.38 115.38 1 400.00 46152.00
09/08/2016 107.00 107.00 107.00 107.00 1 100.00 10700.00
11/08/2016 124.71 124.71 124.71 124.71 1 100.00 12471.00
15/08/2016 128.29 128.29 128.29 128.29 3 1500.00 192435.00
22/08/2016 127.04 127.04 127.04 127.04 1 500.00 63520.00
29/08/2016 126.28 126.28 126.28 126.28 1 900.00 113652.00
30/08/2016 123.46 123.46 123.46 123.46 1 200.00 24692.00
06/09/2016 115.78 115.78 115.78 115.78 1 300.00 34734.00
12/09/2016 116.16 116.16 116.16 116.16 1 400.00 46464.00
19/09/2016 115.68 115.68 115.68 115.68 1 100.00 11568.00
28/09/2016 115.98 115.98 115.98 115.98 1 100.00 11598.00
03/10/2016 116.70 116.70 116.70 116.70 1 100.00 11670.00
06/10/2016 121.20 121.20 121.20 121.20 1 100.00 12120.00
10/10/2016 120.16 120.16 120.16 120.16 1 400.00 48064.00
17/10/2016 112.01 112.01 112.01 112.01 1 500.00 56005.00
24/10/2016 114.45 114.45 114.45 114.45 1 400.00 45780.00
26/10/2016 112.46 112.46 112.46 112.46 1 200.00 22492.00
27/10/2016 111.07 111.07 111.07 111.07 1 100.00 11107.00
31/10/2016 115.95 115.95 115.95 115.95 1 100.00 11595.00
10/11/2016 137.68 137.68 137.68 137.68 1 100.00 13768.00
14/11/2016 145.88 145.88 146.18 146.18 2 1700.00 248026.00
18/11/2016 145.35 145.35 145.35 145.35 1 100.00 14535.00
21/11/2016 143.90 143.90 143.90 143.90 1 100.00 14390.00
28/11/2016 146.06 146.06 146.06 146.06 1 100.00 14606.00
05/12/2016 142.50 142.50 142.50 142.50 1 6700.00 954750.00
17/01/2017 96.57 96.57 96.57 96.57 1 6800.00 656676.00
23/01/2017 94.15 94.15 94.15 94.15 1 1400.00 131810.00
26/01/2017 96.57 96.57 96.57 96.57 1 100.00 9657.00
30/01/2017 91.25 91.25 91.25 91.25 1 100.00 9125.00
03/02/2017 96.46 96.46 100.14 100.14 5 700.00 67890.00
06/02/2017 99.30 99.30 99.30 99.30 1 400.00 39720.00
07/02/2017 97.17 97.17 97.17 97.17 1 200.00 19434.00
13/02/2017 102.05 102.05 102.05 102.05 1 8600.00 877630.00
