20/06/2016 13.20 12.45 13.25 12.45 134 21002.12 271252.00
21/06/2016 12.64 12.41 12.84 12.68 166 110738.47 1395337.00
22/06/2016 12.83 12.82 13.10 12.83 31 11137.49 144318.00
23/06/2016 13.10 12.88 13.86 13.61 171 39882.82 533040.00
24/06/2016 12.82 12.82 14.03 13.47 41 8061.42 109018.00
27/06/2016 13.67 13.40 14.14 14.03 180 56111.74 778060.00
28/06/2016 14.14 13.86 14.28 13.86 55 37231.04 524140.00
29/06/2016 14.00 13.53 14.00 13.53 87 18562.48 253020.00
30/06/2016 13.66 13.13 13.86 13.86 255 107025.98 1445802.00
01/07/2016 13.76 13.14 13.85 13.34 194 46247.10 623767.00
04/07/2016 13.35 13.35 13.86 13.62 166 72340.65 990459.00
05/07/2016 13.53 13.32 13.62 13.32 93 68628.15 926987.00
06/07/2016 13.62 13.18 13.62 13.18 145 140756.66 1880133.00
07/07/2016 13.28 13.28 13.80 13.31 68 14956.06 202528.00
08/07/2016 13.53 13.34 13.79 13.78 69 13152.85 179420.00
11/07/2016 13.95 13.95 14.50 14.50 212 53353.88 764057.00
12/07/2016 14.14 14.14 14.91 14.85 191 47095.67 693640.00
13/07/2016 14.88 13.95 14.88 14.38 182 43383.18 618620.00
14/07/2016 14.38 14.14 14.56 14.25 150 24290.34 349756.00
15/07/2016 14.14 14.00 14.42 14.42 53 9758.56 138496.00
18/07/2016 14.60 14.60 15.23 15.16 122 34897.47 520136.00
19/07/2016 15.24 14.73 15.27 14.80 157 30866.76 462592.00
20/07/2016 14.80 14.80 15.78 15.78 201 63324.59 977721.00
21/07/2016 15.93 15.57 16.45 16.20 122 39564.61 642307.00
22/07/2016 16.36 15.08 16.36 15.79 136 42852.82 682855.00
25/07/2016 15.89 15.56 16.04 15.84 186 59293.88 934873.00
26/07/2016 15.84 15.56 16.03 15.64 96 17819.98 280527.00
27/07/2016 15.64 15.27 16.03 15.41 138 37337.11 579855.00
28/07/2016 15.18 15.08 15.70 15.39 292 53672.10 821923.00
29/07/2016 15.43 15.27 16.03 15.41 263 113920.61 1767950.00
01/08/2016 15.41 15.27 15.97 15.58 553 203126.61 3155779.00
02/08/2016 15.56 14.86 15.56 15.04 100 26729.98 407774.00
03/08/2016 15.06 14.72 15.35 14.94 207 154758.08 2316985.00
04/08/2016 15.25 14.90 15.32 15.04 521 199944.47 3024544.00
05/08/2016 15.10 14.99 15.10 15.08 144 138104.88 2080837.00
08/08/2016 15.13 14.94 15.28 15.08 167 36806.75 553052.00
09/08/2016 15.08 14.91 15.08 15.04 268 108829.19 1637324.00
10/08/2016 14.83 14.83 15.32 15.04 125 82099.21 1238194.00
11/08/2016 15.73 14.90 15.73 15.08 567 190610.19 2871143.00
12/08/2016 14.80 14.62 15.04 14.94 247 65446.01 969524.00
15/08/2016 15.03 14.85 15.04 14.99 53 24502.48 367231.00
16/08/2016 15.10 14.89 15.49 15.41 323 79023.14 1209579.00
17/08/2016 15.36 14.72 16.75 16.03 576 252874.06 3958588.00
18/08/2016 16.01 15.08 16.05 15.65 339 347595.76 5528366.00
19/08/2016 15.64 15.37 15.89 15.56 117 45610.67 711047.00
22/08/2016 15.46 15.35 16.03 15.41 134 56111.74 870038.00
23/08/2016 15.41 15.24 15.96 15.72 261 207475.53 3195900.00
24/08/2016 15.84 15.51 16.03 15.68 195 45080.32 713239.00
25/08/2016 15.52 15.40 15.70 15.52 256 51338.53 796038.00
26/08/2016 15.39 15.19 15.53 15.32 161 29806.05 456068.00
29/08/2016 15.41 15.14 15.62 15.28 266 70961.72 1090302.00
30/08/2016 15.37 15.09 15.67 15.41 263 74568.15 1138353.00
31/08/2016 15.56 15.24 15.56 15.55 183 130892.03 2031152.00
01/09/2016 15.73 15.56 16.30 16.03 537 144469.16 2302990.00
02/09/2016 16.22 15.82 16.40 16.40 480 431498.19 6965516.00
05/09/2016 16.53 16.53 17.35 16.97 674 226356.23 3837874.00
06/09/2016 17.06 16.58 17.06 17.06 324 134286.31 2266697.00
08/09/2016 17.11 17.08 17.84 17.64 517 367218.96 6511469.00
09/09/2016 17.43 17.11 17.64 17.25 176 84008.50 1448765.00
12/09/2016 17.25 16.82 17.69 17.16 276 109041.33 1867094.00
13/09/2016 17.06 16.46 17.16 16.78 210 58233.16 976891.00
14/09/2016 16.83 16.31 16.90 16.33 323 129619.17 2133675.00
15/09/2016 16.33 16.24 16.62 16.48 264 53672.10 883204.00
16/09/2016 16.55 16.34 17.58 17.58 637 143302.37 2439699.00
19/09/2016 17.36 17.25 17.91 17.44 382 109147.40 1919761.00
20/09/2016 17.54 17.11 17.87 17.54 219 51338.53 895357.00
21/09/2016 17.89 17.39 17.89 17.87 288 57172.45 1006536.00
22/09/2016 17.90 17.44 17.90 17.44 438 72977.08 1283239.00
23/09/2016 17.35 17.24 18.85 18.61 800 419830.34 7662585.00
26/09/2016 18.62 18.36 19.19 18.55 252 239190.86 4470710.00
27/09/2016 18.54 18.25 19.21 19.21 335 182124.48 3403102.00
28/09/2016 19.03 19.03 20.46 20.18 606 322350.79 6452127.00
29/09/2016 20.13 20.13 21.17 20.36 805 267405.83 5519456.00
30/09/2016 20.62 20.36 21.21 20.54 692 277270.47 5716106.00
03/10/2016 20.69 19.86 20.69 20.13 744 197716.97 3986246.00
04/10/2016 20.24 19.81 20.25 20.00 330 77538.15 1549974.00
05/10/2016 20.19 19.83 20.51 20.27 718 123042.75 2488525.00
06/10/2016 23.85 22.85 24.31 22.85 1587 672174.05 15667993.00
07/10/2016 22.85 22.15 23.10 22.15 1080 708556.52 15858623.00
10/10/2016 21.89 21.88 22.91 22.86 1164 685751.18 15494993.00
11/10/2016 22.91 22.47 22.91 22.61 241 60991.02 1379112.00
13/10/2016 22.44 22.15 22.62 22.39 743 183291.27 4100495.00
14/10/2016 22.27 22.25 22.53 22.39 407 95676.34 2146739.00
17/10/2016 22.48 22.06 22.48 22.48 406 84538.85 1885325.00
18/10/2016 22.34 22.14 22.48 22.48 215 60884.95 1361109.00
19/10/2016 22.43 22.13 22.44 22.25 306 75628.86 1683783.00
20/10/2016 22.19 21.87 22.63 22.05 632 240039.43 5294037.00
21/10/2016 21.88 21.78 22.01 21.78 659 162819.50 3556708.00
24/10/2016 21.71 21.68 22.04 21.97 287 47201.74 1033310.00
25/10/2016 21.82 21.69 22.06 22.06 520 128134.17 2809637.00
26/10/2016 21.94 21.69 22.15 22.09 533 78492.79 1727952.00
27/10/2016 21.92 21.87 22.36 21.97 398 93448.85 2060779.00
28/10/2016 21.82 21.80 22.08 22.06 211 54732.81 1199626.00
31/10/2016 21.87 20.88 22.07 21.36 559 101510.27 2184091.00
01/11/2016 21.17 20.42 21.36 20.51 788 176396.63 3671881.00
03/11/2016 20.20 20.06 20.46 20.25 735 348126.12 7033762.00
04/11/2016 20.33 20.33 21.58 20.81 844 176078.42 3705085.00
07/11/2016 20.79 20.64 21.59 21.59 383 81993.14 1722906.00
08/11/2016 21.22 20.94 21.52 21.52 340 109465.62 2309837.00
09/11/2016 20.63 20.63 21.63 20.99 309 72340.65 1525519.00
10/11/2016 20.86 20.75 21.49 21.49 346 96418.84 2038815.00
11/11/2016 21.62 21.62 22.43 22.25 606 163243.78 3607172.00
14/11/2016 22.32 22.06 22.63 22.06 227 56748.16 1259637.00
16/11/2016 22.32 21.91 22.53 22.53 443 99919.20 2216192.00
17/11/2016 22.53 22.15 22.81 22.39 229 153167.01 3445901.00
18/11/2016 22.63 22.13 22.63 22.25 343 54732.81 1217408.00
21/11/2016 22.20 22.06 22.44 22.07 121 20365.70 452618.00
22/11/2016 21.89 21.89 22.63 22.14 602 153803.44 3402736.00
23/11/2016 21.80 21.77 22.27 22.14 552 125588.46 2774889.00
24/11/2016 21.83 21.81 22.48 22.48 166 33836.76 750707.00
25/11/2016 22.49 22.15 22.49 22.43 133 32669.97 728024.00
28/11/2016 22.28 21.97 22.63 21.97 385 226038.01 5009504.00
29/11/2016 21.93 21.44 22.20 22.06 621 155182.36 3421087.00
30/11/2016 22.34 21.67 22.34 21.69 372 186261.26 4095374.00
01/12/2016 21.69 20.76 22.14 22.14 452 122936.68 2640585.00
02/12/2016 22.15 21.61 22.15 21.86 186 38291.75 838934.00
05/12/2016 21.86 21.68 22.13 21.91 216 88039.21 1924878.00
06/12/2016 22.13 21.83 22.15 22.06 366 93024.56 2052864.00
07/12/2016 22.05 21.91 22.09 22.01 193 28745.33 633491.00
08/12/2016 22.14 22.06 22.15 22.06 277 45504.60 1006000.00
09/12/2016 21.95 21.95 22.13 22.13 16 5409.64 119665.00
12/12/2016 22.10 21.61 22.32 22.01 155 26729.98 586540.00
13/12/2016 21.99 21.42 21.99 21.97 356 61945.66 1347159.00
14/12/2016 21.87 21.72 22.08 21.82 340 56429.95 1236552.00
15/12/2016 21.80 21.16 21.83 21.68 225 70007.08 1503977.00
16/12/2016 21.69 21.68 22.58 22.58 398 129300.96 2866867.00
19/12/2016 22.41 21.75 22.58 21.96 636 779942.52 17212059.00
20/12/2016 21.97 21.88 22.12 21.92 342 300181.88 6594181.00
21/12/2016 21.81 21.81 22.57 22.57 329 74568.15 1656434.00
22/12/2016 22.56 22.25 22.62 22.62 157 108298.83 2420971.00
23/12/2016 22.55 22.38 22.63 22.47 157 430967.83 9690644.00
26/12/2016 22.58 22.45 22.58 22.45 63 11773.92 265408.00
27/12/2016 22.63 22.38 22.63 22.38 259 158046.29 3549475.00
28/12/2016 22.32 21.96 22.44 22.44 127 34897.47 776914.00
29/12/2016 22.42 22.34 22.60 22.39 209 140226.30 3140397.00
02/01/2017 22.34 22.20 22.39 22.39 17 3076.07 68768.00
03/01/2017 22.15 21.97 22.38 21.97 343 56854.24 1265572.00
04/01/2017 22.03 22.03 22.40 22.39 412 60460.66 1349526.00
05/01/2017 22.34 22.33 22.54 22.42 144 31291.04 701266.00
06/01/2017 22.32 22.23 22.41 22.34 337 87084.57 1944060.00
09/01/2017 22.25 22.25 22.33 22.25 63 133968.10 2982276.00
10/01/2017 22.17 22.16 22.42 22.25 115 35427.83 789232.00
11/01/2017 22.34 22.25 22.57 22.57 223 404556.07 9041151.00
12/01/2017 22.72 22.53 22.85 22.72 375 121133.46 2755278.00
13/01/2017 22.81 22.63 22.84 22.65 140 22487.12 511326.00
16/01/2017 22.55 22.54 22.85 22.73 144 105222.76 2384730.00
17/01/2017 22.64 22.64 22.85 22.77 295 80508.14 1834125.00
18/01/2017 22.84 22.81 23.33 23.32 256 76159.22 1764422.00
19/01/2017 23.33 22.74 23.33 22.91 201 54626.74 1255562.00
20/01/2017 22.95 22.60 22.95 22.72 276 60248.52 1369849.00
23/01/2017 22.73 22.48 23.33 23.33 445 242797.28 5493203.00
24/01/2017 23.33 22.83 23.34 23.24 267 55793.52 1291782.00
26/01/2017 23.49 23.09 23.49 23.12 354 52293.17 1214059.00
27/01/2017 22.98 22.81 23.52 23.43 282 134922.74 3118050.00
30/01/2017 23.37 23.12 23.47 23.19 581 88675.64 2064724.00
31/01/2017 23.09 22.88 23.33 23.10 427 116678.47 2696364.00
01/02/2017 23.14 22.68 23.39 22.83 550 138953.45 3182369.00
02/02/2017 22.76 22.41 22.88 22.71 624 212460.88 4810914.00
03/02/2017 22.73 22.73 23.18 23.00 185 45610.67 1052053.00
06/02/2017 22.96 22.41 23.02 22.81 323 81356.71 1860481.00
07/02/2017 22.79 22.29 22.99 22.57 798 184458.05 4157019.00
08/02/2017 22.61 22.39 22.70 22.53 268 99707.05 2244946.00
09/02/2017 22.63 22.44 22.65 22.63 284 84220.64 1900318.00
10/02/2017 22.63 22.46 22.72 22.63 258 73189.22 1653202.00
13/02/2017 22.79 22.51 22.79 22.76 213 34897.47 789938.00
14/02/2017 22.55 22.44 22.70 22.53 249 51126.38 1153131.00
15/02/2017 22.48 22.48 22.86 22.79 540 109147.40 2489049.00
16/02/2017 22.77 22.63 22.81 22.75 431 179472.70 4082208.00
17/02/2017 22.64 22.52 22.72 22.54 345 1470466.91 33141483.00
20/02/2017 22.58 22.44 22.66 22.60 259 115193.47 2599225.00
21/02/2017 22.60 22.58 22.81 22.62 374 101298.12 2294255.00
22/02/2017 22.63 22.63 22.89 22.85 671 179260.56 4084928.00
23/02/2017 23.07 22.93 23.07 22.98 599 116360.25 2673289.00
24/02/2017 22.77 22.77 23.57 23.57 572 87720.99 2045931.00
01/03/2017 23.66 23.18 23.82 23.18 237 35958.18 848300.00
02/03/2017 23.33 23.30 23.80 23.80 137 22699.27 535255.00
03/03/2017 23.60 23.60 24.20 24.02 428 76901.72 1835051.00
06/03/2017 24.02 23.81 24.04 24.04 94 24078.19 577440.00
07/03/2017 24.26 23.78 24.32 24.09 66 56960.31 1370225.00
08/03/2017 24.18 23.91 24.43 24.43 150 37867.47 916226.00
09/03/2017 24.70 24.37 24.70 24.65 146 26411.76 649843.00
10/03/2017 24.77 23.43 24.88 24.09 247 45398.53 1097663.00
13/03/2017 24.13 23.40 24.14 23.63 217 37867.47 894525.00
14/03/2017 23.64 23.42 23.85 23.80 122 22805.34 539360.00
15/03/2017 23.85 23.54 24.32 24.27 314 56217.81 1350394.00
16/03/2017 24.28 23.10 24.49 23.44 471 90478.85 2166777.00
17/03/2017 23.47 23.47 24.31 24.03 856 220946.59 5254774.00
20/03/2017 23.90 23.61 24.17 23.95 851 122830.61 2930311.00
21/03/2017 23.78 23.69 24.22 23.76 385 70643.51 1681185.00
22/03/2017 23.53 23.53 23.80 23.71 223 79765.64 1890881.00
23/03/2017 23.64 23.57 23.85 23.85 160 233144.79 5513795.00
24/03/2017 23.85 23.75 23.91 23.85 52 7212.85 171919.00
27/03/2017 23.75 23.56 23.91 23.91 172 147227.01 3507584.00
28/03/2017 23.91 23.81 24.04 24.04 134 24820.69 594459.00
29/03/2017 23.95 23.76 23.95 23.94 85 21850.69 522099.00
30/03/2017 23.97 23.62 23.97 23.95 163 31821.40 756248.00
31/03/2017 23.66 23.58 23.88 23.78 404 134604.52 3193202.00
03/04/2017 23.93 23.69 24.24 23.95 237 57808.88 1384864.00
04/04/2017 23.99 23.66 23.99 23.72 264 1139418.28 27077254.00
05/04/2017 23.95 23.85 24.28 24.04 307 51974.95 1247605.00
06/04/2017 24.13 23.92 24.70 24.37 225 46989.60 1140939.00
07/04/2017 24.16 24.13 24.50 24.50 159 25563.19 623271.00
10/04/2017 24.56 24.13 24.65 24.28 168 30230.33 735182.00
11/04/2017 24.32 24.09 24.61 24.28 216 122088.11 2971626.00
12/04/2017 24.29 24.10 24.29 24.22 288 51020.31 1234183.00
13/04/2017 24.23 24.00 24.40 24.12 88 19198.91 463415.00
17/04/2017 24.21 23.57 24.21 23.57 276 147333.08 3490000.00
18/04/2017 23.57 23.57 24.42 24.03 854 679068.68 16056996.00
19/04/2017 24.10 23.72 24.41 23.85 232 35003.54 837632.00
20/04/2017 24.03 23.76 24.03 23.76 493 128452.39 3064333.00
24/04/2017 23.95 23.95 24.32 24.29 429 73295.29 1769590.00
25/04/2017 24.23 24.23 24.88 24.77 297 102570.98 2513353.00
26/04/2017 24.77 24.77 25.44 25.26 284 89736.35 2272896.00
27/04/2017 25.31 25.13 25.63 25.55 451 111268.83 2825513.00
28/04/2017 25.55 25.30 25.72 25.60 326 92600.28 2368040.00
02/05/2017 26.29 25.39 26.30 25.50 597 140014.16 3621140.00
03/05/2017 25.64 25.64 26.01 26.01 498 108829.19 2816427.00
04/05/2017 26.19 26.07 26.39 26.39 577 109995.97 2882310.00
05/05/2017 26.18 25.98 26.45 26.00 313 55200.00 1444219.00
08/05/2017 25.98 25.94 26.17 26.10 271 59600.00 1553356.00
09/05/2017 26.14 26.14 26.60 26.45 403 84800.00 2242486.00
10/05/2017 27.38 26.64 27.38 26.86 1048 250800.00 6726794.00
11/05/2017 27.00 26.95 27.25 27.11 847 342400.00 9284564.00
12/05/2017 27.18 27.07 27.60 27.22 817 148400.00 4041746.00
15/05/2017 27.38 27.25 27.47 27.26 774 231600.00 6338027.00
16/05/2017 27.26 26.83 27.40 27.40 254 40600.00 1103548.00
17/05/2017 27.20 27.16 27.86 27.58 470 125600.00 3450069.00
18/05/2017 25.50 25.50 27.49 27.30 303 184200.00 4984520.00
19/05/2017 27.53 27.45 27.95 27.90 395 56000.00 1553226.00
22/05/2017 27.81 27.53 28.50 28.50 517 73600.00 2064032.00
23/05/2017 29.11 28.65 29.71 29.53 469 86900.00 2548839.00
24/05/2017 29.86 28.42 29.86 28.96 678 97100.00 2818910.00
25/05/2017 29.08 28.64 29.45 29.19 827 150400.00 4361348.00
26/05/2017 29.35 29.10 29.75 29.75 428 54600.00 1602106.00
29/05/2017 29.72 28.83 29.72 29.13 162 25900.00 756029.00
30/05/2017 29.27 29.11 30.10 29.75 699 146900.00 4344738.00
31/05/2017 29.73 29.37 29.78 29.77 595 111500.00 3308578.00
01/06/2017 29.80 29.47 29.83 29.74 424 354800.00 10519291.00
02/06/2017 29.75 29.42 30.22 29.99 413 62700.00 1858500.00
05/06/2017 29.98 29.61 30.10 30.10 293 50100.00 1498099.00
06/06/2017 30.00 29.87 31.11 30.65 399 70500.00 2155412.00
07/06/2017 30.87 29.92 30.99 30.95 431 69500.00 2132010.00
08/06/2017 31.00 30.73 31.23 30.80 356 59200.00 1828666.00
09/06/2017 30.82 30.16 30.82 30.30 131 28200.00 857916.00
12/06/2017 30.16 30.05 30.93 30.54 346 49500.00 1505845.00
13/06/2017 30.40 30.06 30.63 30.10 117 31400.00 949371.00
14/06/2017 30.15 29.36 31.54 31.29 363 79600.00 2401459.00
16/06/2017 31.29 29.82 31.29 31.20 328 99900.00 3085526.00
