21/06/2016 11.96 11.96 11.96 11.96 1 170.00 2033.20
22/06/2016 12.26 12.26 12.26 12.26 1 160.00 1961.60
23/06/2016 12.21 12.21 12.43 12.43 2 720.00 8940.80
24/06/2016 11.98 11.98 11.98 11.98 1 40.00 479.20
27/06/2016 11.67 11.64 11.67 11.64 2 470.00 5481.60
28/06/2016 11.81 11.81 11.81 11.81 1 170.00 2007.70
01/07/2016 12.25 12.25 12.25 12.25 1 30.00 367.50
07/07/2016 12.25 12.25 12.25 12.25 1 10.00 122.50
08/07/2016 11.98 11.98 11.98 11.98 1 670.00 8026.60
12/07/2016 12.57 12.57 12.61 12.61 2 1020.00 12822.60
15/07/2016 12.57 12.57 12.57 12.57 1 80.00 1005.60
18/07/2016 12.68 12.68 12.81 12.81 3 2360.00 30209.30
19/07/2016 12.80 12.80 12.80 12.80 1 120.00 1536.00
20/07/2016 12.74 12.74 12.74 12.74 1 170.00 2165.80
21/07/2016 12.88 12.88 12.88 12.88 1 130.00 1674.40
25/07/2016 13.08 13.08 13.19 13.19 2 1050.00 13817.60
26/07/2016 13.21 13.21 13.38 13.38 4 330.00 4413.30
28/07/2016 13.55 13.51 13.59 13.59 7 2330.00 31539.40
29/07/2016 13.37 13.37 13.50 13.50 4 560.00 7506.60
01/08/2016 13.55 13.55 13.70 13.70 3 340.00 4628.00
02/08/2016 13.00 12.99 13.05 12.99 3 510.00 6643.30
03/08/2016 13.15 13.15 13.28 13.28 3 400.00 5297.80
04/08/2016 13.49 13.48 13.73 13.66 7 3420.00 46218.90
08/08/2016 13.68 13.68 13.68 13.68 1 40.00 547.20
09/08/2016 13.84 13.80 13.84 13.80 2 460.00 6354.00
10/08/2016 13.61 13.61 13.61 13.61 1 70.00 952.70
11/08/2016 13.63 13.63 13.63 13.63 1 1460.00 19899.80
15/08/2016 14.30 14.30 14.30 14.30 1 10.00 143.00
16/08/2016 14.41 14.23 14.41 14.23 2 1220.00 17371.40
17/08/2016 14.11 14.11 14.31 14.31 3 600.00 8542.50
18/08/2016 14.43 14.38 14.44 14.44 3 1930.00 27856.90
19/08/2016 14.37 14.37 14.37 14.37 1 70.00 1005.90
22/08/2016 14.03 13.93 14.08 13.93 4 390.00 5471.90
23/08/2016 14.43 14.42 14.43 14.42 2 690.00 9955.20
24/08/2016 13.94 13.94 13.94 13.94 1 380.00 5297.20
25/08/2016 13.94 13.73 13.94 13.73 2 390.00 5386.20
26/08/2016 13.86 13.59 13.86 13.59 3 260.00 3546.90
29/08/2016 14.02 13.91 14.02 13.91 3 220.00 3064.40
30/08/2016 14.07 14.04 14.07 14.04 2 240.00 3374.10
31/08/2016 13.77 13.76 13.89 13.87 5 580.00 8005.50
01/09/2016 14.10 14.07 14.10 14.07 2 120.00 1691.70
02/09/2016 14.26 14.26 14.47 14.47 5 200.00 2871.70
05/09/2016 14.53 14.41 14.58 14.41 7 1260.00 18290.30
06/09/2016 14.30 14.30 14.40 14.38 7 1290.00 18548.50
08/09/2016 14.38 14.37 14.42 14.40 6 530.00 7629.40
09/09/2016 14.21 14.08 14.21 14.08 2 210.00 2964.60
13/09/2016 13.79 13.67 13.79 13.73 3 540.00 7425.60
14/09/2016 13.70 13.63 13.75 13.66 4 2370.00 32477.20
15/09/2016 13.70 13.70 13.76 13.76 4 1270.00 17453.60
16/09/2016 13.47 13.47 13.50 13.50 4 400.00 5395.40
19/09/2016 13.73 13.50 13.73 13.50 6 870.00 11931.40
20/09/2016 13.52 13.52 13.53 13.53 2 110.00 1487.50
21/09/2016 13.56 13.56 13.56 13.56 1 200.00 2712.00
22/09/2016 13.63 13.62 13.63 13.62 2 380.00 5179.10
23/09/2016 13.94 13.94 13.94 13.94 1 150.00 2091.00
26/09/2016 13.72 13.69 13.72 13.69 3 290.00 3977.00
27/09/2016 13.62 13.62 13.71 13.71 3 660.00 9024.30
28/09/2016 14.12 14.12 14.22 14.22 4 810.00 11489.60
29/09/2016 14.00 14.00 14.47 14.27 6 1440.00 20706.80
30/09/2016 14.11 14.10 14.21 14.10 5 1180.00 16731.80
03/10/2016 14.30 14.30 14.37 14.36 5 640.00 9158.20
04/10/2016 14.33 14.13 14.33 14.13 3 650.00 9305.10
05/10/2016 14.41 14.40 14.45 14.40 5 240.00 3458.30
06/10/2016 14.40 14.40 14.55 14.52 3 420.00 6101.10
07/10/2016 14.68 14.68 14.68 14.68 1 130.00 1908.40
10/10/2016 14.81 14.80 14.83 14.83 5 360.00 5332.10
11/10/2016 14.92 14.88 14.92 14.89 3 1250.00 18611.80
13/10/2016 14.60 14.60 14.60 14.60 1 20.00 292.00
14/10/2016 14.88 14.80 14.88 14.80 3 200.00 2963.30
17/10/2016 14.83 14.83 14.98 14.92 4 320.00 4769.60
18/10/2016 15.19 15.14 15.31 15.30 6 1160.00 17611.70
19/10/2016 15.27 15.12 15.27 15.12 7 1610.00 24486.70
20/10/2016 15.21 15.21 15.33 15.28 6 620.00 9464.10
21/10/2016 15.54 15.54 15.63 15.63 3 500.00 7808.40
24/10/2016 15.89 15.77 15.89 15.80 5 690.00 10933.10
25/10/2016 15.93 15.93 16.14 16.14 4 320.00 5129.10
26/10/2016 16.12 16.09 16.18 16.18 4 1300.00 20944.60
27/10/2016 16.44 16.42 16.44 16.42 2 180.00 2958.20
28/10/2016 16.60 16.52 16.61 16.52 7 430.00 7129.30
31/10/2016 16.60 16.40 16.60 16.52 8 630.00 10379.70
01/11/2016 16.54 16.54 16.60 16.59 3 170.00 2820.30
03/11/2016 16.06 15.85 16.06 15.85 5 660.00 10525.70
04/11/2016 16.03 16.01 16.03 16.01 3 1830.00 29328.70
07/11/2016 16.10 16.08 16.43 16.43 14 3180.00 51370.00
08/11/2016 16.39 16.39 16.77 16.77 8 4910.00 82111.90
09/11/2016 16.00 16.00 16.45 16.45 4 1600.00 25960.00
10/11/2016 17.85 17.85 18.15 18.11 8 970.00 17470.20
11/11/2016 19.50 18.41 19.50 18.41 3 210.00 3986.00
14/11/2016 17.76 17.73 18.28 18.28 6 190050.00 3451046.50
16/11/2016 17.66 17.22 17.66 17.22 14 90490.00 1581724.50
17/11/2016 17.63 17.63 17.63 17.63 1 110.00 1939.30
18/11/2016 17.35 17.35 17.36 17.36 2 20.00 347.10
21/11/2016 17.61 17.59 17.78 17.78 8 3420.00 60739.20
22/11/2016 18.55 18.53 18.61 18.61 5 530.00 9836.30
23/11/2016 20.00 18.68 20.00 19.01 11 1200.00 22832.80
24/11/2016 18.92 18.92 18.94 18.94 3 1270.00 24047.50
25/11/2016 19.06 18.98 19.09 19.09 6 350.00 6674.00
28/11/2016 19.40 19.40 19.70 19.68 13 2900.00 57023.00
29/11/2016 19.68 19.47 19.88 19.47 10 560.00 11037.50
30/11/2016 19.57 19.52 19.57 19.52 3 920.00 17964.00
01/12/2016 19.07 18.88 20.79 20.79 3 260.00 5025.30
02/12/2016 18.23 18.23 18.86 18.86 9 21460.00 391865.30
05/12/2016 19.35 19.09 19.37 19.09 8 1650.00 31855.20
06/12/2016 19.32 19.32 19.44 19.38 5 480.00 9287.20
07/12/2016 19.76 19.76 19.76 19.76 1 50.00 988.00
08/12/2016 20.79 19.61 20.79 19.61 5 690.00 13625.30
09/12/2016 19.43 19.31 19.43 19.38 4 850.00 16472.90
12/12/2016 18.88 18.75 18.98 18.80 7 1020.00 19256.10
13/12/2016 18.51 18.51 18.51 18.51 1 300.00 5553.00
14/12/2016 18.21 18.21 18.23 18.23 2 100.00 1821.60
15/12/2016 18.21 18.21 18.57 18.57 4 2030.00 37182.90
16/12/2016 18.67 18.55 18.77 18.55 3 200.00 3727.20
19/12/2016 17.87 17.87 17.87 17.87 1 50.00 893.50
20/12/2016 20.79 17.65 20.79 17.65 6 500.00 9352.20
21/12/2016 17.74 17.74 17.84 17.84 3 190.00 3382.80
22/12/2016 17.51 17.26 17.52 17.32 5 530.00 9236.40
23/12/2016 17.35 17.35 17.35 17.35 1 490.00 8501.50
26/12/2016 17.63 17.63 17.65 17.64 4 370.00 6526.90
27/12/2016 18.01 18.01 18.01 18.01 1 110.00 1981.10
28/12/2016 18.43 18.21 18.43 18.21 3 1560.00 28573.60
29/12/2016 18.17 18.17 18.17 18.17 1 80.00 1453.60
03/01/2017 18.00 18.00 18.60 18.60 6 460.00 8465.70
04/01/2017 18.29 18.29 18.40 18.32 6 440.00 8073.60
05/01/2017 18.93 18.84 18.93 18.84 2 100.00 1890.30
06/01/2017 18.71 18.59 18.71 18.59 3 450.00 8396.80
09/01/2017 18.95 18.95 18.95 18.95 1 100.00 1895.00
10/01/2017 19.16 19.08 19.18 19.11 14 2040.00 38967.70
12/01/2017 19.80 19.80 19.90 19.84 6 320.00 6358.80
13/01/2017 19.89 19.87 19.95 19.95 3 240.00 4771.40
16/01/2017 20.31 20.23 20.31 20.23 4 470.00 9520.40
17/01/2017 20.13 20.00 20.13 20.00 3 370.00 7431.10
18/01/2017 20.43 20.40 20.50 20.50 5 670.00 13711.20
19/01/2017 20.08 20.08 20.08 20.08 2 280.00 5622.40
20/01/2017 20.10 19.98 20.17 20.17 5 180.00 3606.40
23/01/2017 20.21 20.21 20.76 20.76 8 1080.00 22350.30
24/01/2017 20.79 20.69 21.12 20.83 7 740.00 15392.20
26/01/2017 20.96 20.73 20.96 20.73 7 1220.00 25416.50
27/01/2017 20.61 20.51 20.61 20.61 6 3110.00 64071.50
30/01/2017 19.95 19.95 19.95 19.95 1 200.00 3990.00
31/01/2017 19.86 19.83 19.89 19.84 8 900.00 17880.00
01/02/2017 20.11 19.90 20.11 19.98 3 820.00 16402.90
02/02/2017 20.00 20.00 20.11 20.10 4 150.00 3007.50
03/02/2017 19.37 19.30 19.37 19.35 4 390.00 7539.00
06/02/2017 19.30 19.20 19.42 19.22 10 440.00 8493.70
07/02/2017 19.41 19.36 19.41 19.36 5 340.00 6590.60
08/02/2017 19.18 19.18 19.28 19.28 6 2690.00 51828.20
09/02/2017 19.59 19.44 19.59 19.44 5 6500.00 126486.40
10/02/2017 20.07 20.07 20.15 20.15 5 110.00 2215.30
14/02/2017 20.61 20.61 20.67 20.67 2 170.00 3504.30
15/02/2017 20.80 20.70 20.83 20.70 4 580.00 12010.30
16/02/2017 20.70 20.70 20.80 20.71 3 350.00 7246.10
17/02/2017 20.60 20.60 20.70 20.69 6 970.00 20023.20
20/02/2017 21.41 21.36 21.45 21.38 10 580.00 12410.00
21/02/2017 21.29 21.18 21.35 21.19 10 2100.00 44560.40
22/02/2017 20.85 20.85 20.85 20.85 1 460.00 9591.00
23/02/2017 20.24 20.19 20.24 20.23 4 240.00 4853.20
24/02/2017 20.20 20.20 20.24 20.24 2 320.00 6468.80
01/03/2017 20.33 20.32 20.33 20.32 3 940.00 19108.80
02/03/2017 20.04 19.77 20.04 19.87 7 650.00 12877.90
03/03/2017 19.87 19.84 19.95 19.92 4 310.00 6162.40
06/03/2017 19.85 19.62 19.85 19.62 11 1130.00 22227.70
07/03/2017 19.71 19.67 19.71 19.67 5 670.00 13199.90
08/03/2017 19.68 19.09 19.68 19.11 4 370.00 7128.30
09/03/2017 19.21 18.98 19.22 18.98 6 800.00 15238.80
10/03/2017 19.21 18.78 19.21 18.83 10 630.00 11959.00
13/03/2017 18.80 18.80 19.45 19.45 7 1230.00 23592.90
14/03/2017 19.32 19.28 19.32 19.30 4 920.00 17758.80
15/03/2017 19.42 19.42 19.91 19.91 9 630.00 12357.40
16/03/2017 19.91 19.91 19.91 19.91 1 200.00 3982.00
17/03/2017 19.47 19.39 19.47 19.39 2 160.00 3109.60
20/03/2017 19.52 19.52 19.63 19.63 6 290.00 5666.70
21/03/2017 19.04 18.63 19.04 18.63 5 300.00 5659.50
22/03/2017 18.31 18.31 18.58 18.58 4 300.00 5547.90
23/03/2017 18.60 18.43 18.60 18.51 6 1410.00 26073.40
24/03/2017 18.42 18.42 18.42 18.42 1 40.00 736.80
27/03/2017 18.09 18.09 18.35 18.35 4 300.00 5462.00
28/03/2017 18.38 18.38 18.51 18.51 2 490.00 9060.80
29/03/2017 18.57 18.57 18.64 18.63 5 480.00 8938.80
30/03/2017 18.47 18.42 18.54 18.42 3 220.00 4066.60
31/03/2017 18.66 18.66 18.69 18.67 3 1400.00 26129.40
03/04/2017 18.32 18.32 18.42 18.42 2 180.00 3302.60
04/04/2017 18.78 18.78 18.79 18.79 2 390.00 7326.00
05/04/2017 19.00 18.40 19.00 18.40 12 1230.00 22916.00
07/04/2017 18.07 18.07 18.39 18.39 4 430.00 7856.50
10/04/2017 18.13 18.07 18.13 18.09 8 3570.00 64587.00
11/04/2017 17.72 17.72 17.96 17.96 7 10100.00 179212.80
12/04/2017 17.42 17.42 17.42 17.42 3 470.00 8187.40
13/04/2017 17.18 17.18 17.18 17.18 1 80.00 1374.40
17/04/2017 17.05 16.99 17.05 17.05 4 200.00 3406.70
18/04/2017 17.04 16.88 17.04 16.95 5 1030.00 17486.70
19/04/2017 17.11 16.85 17.12 16.85 6 530.00 8972.40
20/04/2017 17.19 17.17 17.34 17.34 5 360.00 6203.90
24/04/2017 17.30 17.30 17.60 17.60 7 840.00 14724.40
25/04/2017 17.85 17.80 17.85 17.80 2 340.00 6054.50
27/04/2017 17.66 17.62 17.72 17.72 3 500.00 8853.20
28/04/2017 18.12 17.95 18.12 17.95 3 100.00 1807.60
02/05/2017 18.43 18.34 18.43 18.37 3 250.00 4603.00
03/05/2017 17.92 17.86 17.92 17.86 3 770.00 13759.70
04/05/2017 17.26 17.21 17.26 17.21 2 290.00 4994.40
05/05/2017 17.68 17.60 17.68 17.60 4 300.00 5286.90
08/05/2017 17.66 17.45 17.66 17.45 3 350.00 6166.30
09/05/2017 17.81 17.81 17.81 17.81 1 120.00 2137.20
10/05/2017 17.77 17.76 17.77 17.76 2 130.00 2309.40
11/05/2017 17.73 17.69 17.73 17.69 2 100.00 1772.20
12/05/2017 17.58 17.58 17.64 17.64 3 260.00 4578.00
15/05/2017 17.78 17.76 17.88 17.85 5 1760.00 31338.20
16/05/2017 18.13 18.10 18.13 18.12 4 380.00 6885.60
17/05/2017 18.00 17.78 18.00 17.78 5 450.00 8074.00
18/05/2017 16.85 16.85 17.43 17.34 5 210.00 3605.80
19/05/2017 17.78 17.78 17.82 17.82 3 520.00 9258.80
22/05/2017 18.07 18.03 18.12 18.04 10 1000.00 18059.10
23/05/2017 18.32 18.32 18.40 18.40 2 110.00 2016.00
24/05/2017 18.24 18.24 18.24 18.24 1 400.00 7296.00
25/05/2017 18.50 18.50 18.53 18.53 2 90.00 1666.20
26/05/2017 18.55 18.55 18.55 18.55 1 90.00 1669.50
29/05/2017 18.91 18.91 18.91 18.91 1 90.00 1701.90
30/05/2017 18.92 18.91 18.92 18.91 2 110.00 2080.60
31/05/2017 18.48 18.45 18.49 18.45 4 370.00 6833.10
01/06/2017 18.60 18.60 18.60 18.60 1 180.00 3348.00
02/06/2017 18.26 18.26 18.26 18.26 2 40.00 730.40
05/06/2017 18.44 18.44 18.48 18.47 4 200.00 3693.20
06/06/2017 18.42 18.41 18.46 18.46 4 1180.00 21772.00
07/06/2017 18.43 18.21 18.43 18.29 3 580.00 10620.60
09/06/2017 18.50 18.48 18.50 18.48 2 250.00 4622.00
12/06/2017 17.95 17.95 18.14 18.14 2 130.00 2343.00
13/06/2017 18.15 17.98 18.15 18.06 4 510.00 9234.60
14/06/2017 17.92 17.92 17.92 17.92 1 190.00 3404.80
16/06/2017 17.80 17.80 17.92 17.92 2 130.00 2323.60
