20/06/2016 104.80 104.80 104.80 104.80 1 900.00 94320.00
21/06/2016 103.67 103.67 103.67 103.67 1 1100.00 114037.00
22/06/2016 102.00 102.00 102.00 102.00 1 5900.00 601800.00
23/06/2016 101.00 101.00 101.00 101.00 1 700.00 70700.00
24/06/2016 101.45 100.70 101.45 100.70 2 16100.00 1622620.00
28/06/2016 97.51 97.51 97.51 97.51 1 3800.00 370538.00
01/07/2016 96.99 96.31 96.99 96.31 2 7100.00 686249.00
05/07/2016 99.41 99.41 99.41 99.41 1 4200.00 417522.00
06/07/2016 101.10 101.10 101.10 101.10 1 500.00 50550.00
07/07/2016 100.97 100.97 100.97 100.97 1 2900.00 292813.00
08/07/2016 100.22 100.22 100.31 100.31 2 4200.00 421131.00
11/07/2016 100.42 100.42 100.42 100.42 1 1400.00 140588.00
12/07/2016 100.04 100.04 100.32 100.32 2 1200.00 120132.00
13/07/2016 100.50 100.50 100.50 100.50 1 1000.00 100500.00
14/07/2016 99.87 99.87 99.87 99.87 1 1900.00 189753.00
15/07/2016 101.00 100.45 101.00 100.45 2 500.00 50280.00
18/07/2016 100.42 100.42 100.42 100.42 1 700.00 70294.00
19/07/2016 102.74 102.74 102.74 102.74 1 4100.00 421234.00
20/07/2016 102.16 102.16 102.16 102.16 1 3500.00 357560.00
21/07/2016 103.73 103.73 104.01 104.01 2 6800.00 705756.00
22/07/2016 105.88 104.60 105.88 104.60 2 5900.00 623028.00
25/07/2016 104.97 104.97 105.22 105.22 2 20300.00 2134491.00
26/07/2016 99.85 99.85 99.85 99.85 1 4600.00 459310.00
27/07/2016 97.75 97.75 97.75 97.75 1 2800.00 273700.00
28/07/2016 98.32 98.32 98.32 98.32 1 200.00 19664.00
29/07/2016 95.80 95.80 95.80 95.80 1 1700.00 162860.00
01/08/2016 96.29 96.29 96.29 96.29 1 300.00 28887.00
02/08/2016 95.80 95.80 95.80 95.80 1 1600.00 153280.00
03/08/2016 95.00 95.00 95.00 95.00 1 1200.00 114000.00
04/08/2016 94.46 94.46 94.46 94.46 1 1800.00 170028.00
05/08/2016 94.04 94.04 94.04 94.04 1 2800.00 263312.00
08/08/2016 94.01 93.61 94.01 93.61 2 1300.00 121973.00
09/08/2016 92.94 92.65 92.94 92.65 2 600.00 55619.00
10/08/2016 92.24 92.24 92.24 92.24 1 2200.00 202928.00
11/08/2016 93.33 93.15 93.33 93.15 3 2400.00 223864.00
12/08/2016 94.82 94.82 94.82 94.82 1 2100.00 199122.00
15/08/2016 93.99 93.99 93.99 93.99 1 400.00 37596.00
16/08/2016 93.80 93.80 93.80 93.80 1 1700.00 159460.00
17/08/2016 93.50 93.50 93.50 93.50 1 2600.00 243100.00
18/08/2016 94.50 94.50 94.50 94.50 1 2000.00 189000.00
19/08/2016 92.27 92.27 92.60 92.60 2 2100.00 194427.00
22/08/2016 92.60 92.37 92.60 92.37 2 1500.00 138578.00
24/08/2016 92.43 92.20 92.43 92.20 2 8500.00 784620.00
25/08/2016 93.00 93.00 93.00 93.00 1 2000.00 186000.00
29/08/2016 93.25 93.25 93.25 93.25 1 100.00 9325.00
30/08/2016 93.29 93.29 93.29 93.29 1 300.00 27987.00
02/09/2016 93.56 93.56 93.56 93.56 1 6000.00 561360.00
06/09/2016 94.79 92.28 94.79 92.28 3 2900.00 269756.00
08/09/2016 93.47 93.47 93.47 93.47 1 300.00 28041.00
09/09/2016 94.05 94.05 94.05 94.05 1 1400.00 131670.00
12/09/2016 93.57 93.57 93.57 93.57 1 2200.00 205854.00
13/09/2016 95.05 95.05 95.05 95.05 1 500.00 47525.00
14/09/2016 95.71 95.71 95.71 95.71 1 1300.00 124423.00
15/09/2016 95.65 95.65 95.65 95.65 1 800.00 76520.00
16/09/2016 94.60 94.60 94.60 94.60 1 500.00 47300.00
19/09/2016 94.00 94.00 94.11 94.11 3 2100.00 197461.00
20/09/2016 94.44 94.44 94.44 94.44 1 700.00 66108.00
21/09/2016 93.48 93.48 93.48 93.48 1 3100.00 289788.00
22/09/2016 94.80 94.80 94.80 94.80 1 700.00 66360.00
26/09/2016 94.09 94.09 94.28 94.28 2 3700.00 348532.00
27/09/2016 94.20 94.20 94.20 94.20 1 500.00 47100.00
28/09/2016 92.44 92.44 94.68 94.68 2 1700.00 160732.00
29/09/2016 92.87 92.87 93.04 93.04 2 1600.00 148728.00
30/09/2016 93.20 93.20 93.20 93.20 1 500.00 46600.00
03/10/2016 92.56 91.90 92.56 91.90 2 1000.00 92494.00
05/10/2016 91.22 91.22 91.22 91.22 1 1100.00 100342.00
06/10/2016 91.75 91.75 91.75 91.75 1 100.00 9175.00
07/10/2016 91.30 91.30 91.30 91.30 1 1100.00 100430.00
10/10/2016 91.80 91.80 91.99 91.99 2 1900.00 174458.00
11/10/2016 91.15 91.15 91.15 91.15 1 800.00 72920.00
13/10/2016 91.92 91.92 91.92 91.92 1 2700.00 248184.00
14/10/2016 91.47 91.47 91.47 91.47 1 700.00 64029.00
17/10/2016 90.05 90.05 90.05 90.05 1 600.00 54030.00
18/10/2016 88.80 88.80 88.80 88.80 1 1000.00 88800.00
19/10/2016 88.45 88.45 88.45 88.45 1 700.00 61915.00
21/10/2016 90.17 90.17 90.17 90.17 1 3100.00 279527.00
24/10/2016 88.70 88.48 88.73 88.48 4 1700.00 150691.00
25/10/2016 87.64 87.62 87.64 87.62 2 4300.00 376850.00
26/10/2016 88.29 87.80 88.29 87.80 2 900.00 79412.00
27/10/2016 88.05 88.05 88.11 88.11 2 1200.00 105666.00
28/10/2016 89.13 89.13 89.13 89.13 1 700.00 62391.00
31/10/2016 89.27 89.27 89.42 89.42 2 1000.00 89285.00
01/11/2016 90.85 90.85 90.85 90.85 1 1100.00 99935.00
03/11/2016 89.95 89.95 89.95 89.95 1 1700.00 152915.00
07/11/2016 90.30 90.30 90.41 90.41 2 1000.00 90311.00
09/11/2016 91.73 91.73 91.90 91.90 2 3200.00 293842.00
10/11/2016 96.08 95.78 96.36 95.78 3 4100.00 394236.00
11/11/2016 96.66 96.06 96.66 96.06 2 1800.00 172968.00
14/11/2016 101.21 101.21 102.22 102.22 2 4600.00 465869.00
16/11/2016 101.22 101.22 101.25 101.25 2 1600.00 161985.00
17/11/2016 100.54 100.54 102.23 102.23 3 2500.00 252642.00
18/11/2016 101.37 101.02 101.37 101.02 2 900.00 91198.00
21/11/2016 100.05 99.47 100.05 99.47 2 800.00 79982.00
22/11/2016 100.23 100.23 100.23 100.23 1 3400.00 340782.00
23/11/2016 101.31 101.31 101.31 101.31 1 3800.00 384978.00
25/11/2016 103.47 103.47 103.47 103.47 1 200.00 20694.00
28/11/2016 102.43 102.34 102.43 102.34 2 400.00 40963.00
02/12/2016 102.04 102.04 102.04 102.04 1 1600.00 163264.00
05/12/2016 102.99 102.99 102.99 102.99 1 500.00 51495.00
06/12/2016 101.28 101.28 101.28 101.28 1 500.00 50640.00
07/12/2016 102.36 102.36 102.36 102.36 1 900.00 92124.00
08/12/2016 102.50 102.50 102.50 102.50 1 100.00 10250.00
09/12/2016 101.90 101.90 101.90 101.90 1 600.00 61140.00
12/12/2016 101.48 101.48 101.48 101.48 1 700.00 71036.00
15/12/2016 103.12 103.12 103.12 103.12 1 300.00 30936.00
16/12/2016 104.16 104.16 104.16 104.16 1 1700.00 177072.00
19/12/2016 104.75 104.75 104.75 104.75 1 800.00 83800.00
20/12/2016 103.67 103.67 103.67 103.67 1 400.00 41468.00
22/12/2016 102.65 102.65 102.65 102.65 1 100.00 10265.00
27/12/2016 100.53 100.53 100.53 100.53 1 200.00 20106.00
28/12/2016 101.22 101.22 101.22 101.22 1 600.00 60732.00
29/12/2016 99.85 99.85 99.85 99.85 1 400.00 39940.00
03/01/2017 97.42 97.42 97.42 97.42 1 2600.00 253292.00
04/01/2017 95.91 95.91 95.91 95.91 1 1800.00 172638.00
11/01/2017 96.40 96.00 96.40 96.00 2 1000.00 96240.00
17/01/2017 98.11 97.93 98.36 98.36 3 3500.00 343415.00
18/01/2017 98.45 98.45 98.45 98.45 1 500.00 49225.00
19/01/2017 97.76 97.76 97.76 97.76 1 10600.00 1036256.00
23/01/2017 97.00 96.48 97.00 96.48 2 8700.00 839740.00
24/01/2017 95.57 95.57 95.57 95.57 1 100.00 9557.00
26/01/2017 97.41 97.41 97.41 97.41 1 200.00 19482.00
30/01/2017 95.89 95.89 95.89 95.89 1 300.00 28767.00
31/01/2017 96.18 96.05 96.18 96.05 2 800.00 76879.00
02/02/2017 96.02 96.02 96.02 96.02 1 1000.00 96020.00
03/02/2017 97.25 96.55 97.25 96.55 3 1400.00 135953.00
06/02/2017 97.23 96.91 97.23 96.91 3 900.00 87379.00
07/02/2017 96.99 96.99 96.99 96.99 1 400.00 38796.00
09/02/2017 97.14 97.14 97.14 97.14 1 200.00 19428.00
10/02/2017 97.67 97.67 97.67 97.67 1 800.00 78136.00
13/02/2017 97.63 97.63 98.20 98.20 5 31300.00 3073255.00
14/02/2017 97.37 97.01 97.45 97.01 4 33500.00 3263501.00
16/02/2017 97.00 97.00 97.00 97.00 1 500.00 48500.00
17/02/2017 98.05 98.05 98.05 98.05 1 2300.00 225515.00
02/03/2017 101.40 101.40 101.40 101.40 2 2000.00 202800.00
03/03/2017 99.44 99.44 99.44 99.44 1 1200.00 119328.00
06/03/2017 99.80 99.80 100.01 100.01 2 1000.00 99821.00
07/03/2017 99.94 99.45 99.94 99.66 3 1100.00 109535.00
09/03/2017 101.95 101.95 101.95 101.95 1 900.00 91755.00
13/03/2017 100.95 100.95 100.95 100.95 1 1000.00 100950.00
14/03/2017 101.07 101.07 101.07 101.07 1 800.00 80856.00
16/03/2017 100.10 100.10 100.10 100.10 1 900.00 90090.00
17/03/2017 100.92 100.15 100.92 100.15 2 1900.00 190362.00
20/03/2017 99.07 99.07 99.07 99.07 1 800.00 79256.00
21/03/2017 98.79 98.72 98.79 98.76 9 56800.00 5609916.00
23/03/2017 100.99 100.99 101.53 101.53 2 19400.00 1959260.00
24/03/2017 101.47 101.47 101.47 101.47 1 800.00 81176.00
27/03/2017 101.33 101.33 101.33 101.33 1 7800.00 790374.00
30/03/2017 100.41 100.41 100.41 100.41 1 100.00 10041.00
03/04/2017 100.55 100.55 100.56 100.56 2 2000.00 201103.00
04/04/2017 100.31 100.31 100.31 100.31 1 1900.00 190589.00
06/04/2017 102.23 102.23 102.23 102.23 1 700.00 71561.00
07/04/2017 101.39 101.39 102.13 102.13 2 1400.00 142612.00
10/04/2017 101.81 101.81 101.81 101.81 1 100.00 10181.00
11/04/2017 102.77 102.77 102.77 102.77 1 100.00 10277.00
12/04/2017 103.15 103.15 103.15 103.15 1 900.00 92835.00
18/04/2017 102.62 102.62 102.62 102.62 1 400.00 41048.00
19/04/2017 103.93 103.93 103.93 103.93 1 600.00 62358.00
24/04/2017 105.00 105.00 105.00 105.00 1 3600.00 378000.00
25/04/2017 111.64 111.64 111.64 111.64 1 2000.00 223280.00
28/04/2017 110.74 110.74 110.74 110.74 1 100.00 11074.00
02/05/2017 112.10 112.10 112.10 112.10 1 300.00 33630.00
03/05/2017 112.17 112.17 112.17 112.17 1 400.00 44868.00
08/05/2017 114.91 114.91 114.91 114.91 1 500.00 57455.00
10/05/2017 113.97 113.97 113.97 113.97 1 4300.00 490071.00
11/05/2017 113.97 113.97 113.97 113.97 1 600.00 68382.00
15/05/2017 113.40 113.40 113.40 113.40 1 16400.00 1859760.00
16/05/2017 114.04 113.89 114.04 113.89 2 4600.00 524494.00
18/05/2017 122.06 122.06 122.18 122.18 2 300.00 36642.00
19/05/2017 122.29 121.97 122.29 121.97 2 15600.00 1907084.00
22/05/2017 121.49 121.49 121.75 121.75 2 200.00 24324.00
23/05/2017 120.69 120.69 120.69 120.69 1 600.00 72414.00
24/05/2017 122.12 122.12 122.12 122.12 1 900.00 109908.00
25/05/2017 123.30 123.30 123.30 123.30 1 15900.00 1960470.00
26/05/2017 122.44 122.44 122.44 122.44 1 500.00 61220.00
29/05/2017 122.55 122.55 122.55 122.55 1 100.00 12255.00
31/05/2017 122.80 122.80 122.80 122.80 1 500.00 61400.00
05/06/2017 126.15 126.15 126.15 126.15 1 9600.00 1211040.00
06/06/2017 124.48 124.48 124.48 124.48 1 1200.00 149376.00
07/06/2017 124.12 124.12 124.12 124.12 1 700.00 86884.00
08/06/2017 123.91 123.91 123.91 123.91 1 400.00 49564.00
09/06/2017 123.76 123.76 123.76 123.76 1 500.00 61880.00
12/06/2017 123.04 123.04 123.45 123.45 2 1000.00 123368.00
16/06/2017 124.65 124.65 124.65 124.65 1 1400.00 174510.00
