08/07/2016 145.98 145.98 145.98 145.98 1 1600.00 233568.00
22/07/2016 143.08 143.08 143.08 143.08 2 3200.00 457856.00
19/08/2016 139.57 139.57 139.57 139.57 1 100.00 13957.00
31/08/2016 139.90 139.90 139.90 139.90 1 100.00 13990.00
06/09/2016 140.18 140.18 140.18 140.18 1 400.00 56072.00
25/10/2016 128.01 128.01 128.01 128.01 1 100.00 12801.00
21/11/2016 136.18 136.18 136.18 136.18 1 200.00 27236.00
08/12/2016 121.82 121.82 121.82 121.82 1 100.00 12182.00
04/01/2017 115.10 115.10 115.10 115.10 1 100.00 11510.00
03/02/2017 118.40 118.40 118.40 118.40 1 100.00 11840.00
14/02/2017 118.79 118.79 118.79 118.79 2 800.00 95032.00
14/03/2017 132.48 132.48 132.48 132.48 1 100.00 13248.00
10/04/2017 126.59 126.59 126.59 126.59 1 8100.00 1025379.00
17/04/2017 124.87 124.87 124.87 124.87 1 4300.00 536941.00
24/04/2017 126.18 126.18 126.18 126.18 1 200.00 25236.00
26/04/2017 130.71 130.71 130.71 130.71 1 100.00 13071.00
08/05/2017 132.79 132.79 132.79 132.79 1 200.00 26558.00
18/05/2017 137.46 137.46 137.63 137.63 2 800.00 110087.00
22/05/2017 138.14 138.14 138.14 138.14 1 300.00 41442.00
29/05/2017 139.16 139.16 139.16 139.16 1 100.00 13916.00
30/05/2017 138.70 138.70 138.70 138.70 1 100.00 13870.00
08/06/2017 140.62 140.62 140.62 140.62 1 300.00 42186.00
