20/06/2016 3.85 3.83 3.92 3.88 679 166500.00 644201.00
21/06/2016 3.88 3.74 3.91 3.74 594 740200.00 2834152.00
22/06/2016 3.77 3.75 3.90 3.90 631 208800.00 800022.00
23/06/2016 3.90 3.84 4.09 4.01 502 147800.00 583332.00
24/06/2016 3.84 3.75 4.05 3.89 1418 454300.00 1782532.00
27/06/2016 3.89 3.77 3.92 3.90 341 119700.00 460033.00
28/06/2016 3.90 3.82 4.01 3.87 607 264200.00 1026734.00
29/06/2016 3.92 3.89 3.98 3.95 500 218900.00 857398.00
30/06/2016 3.95 3.88 4.04 4.04 662 427400.00 1702201.00
01/07/2016 4.03 3.99 4.23 4.20 950 408700.00 1660448.00
04/07/2016 4.19 4.14 4.34 4.29 1249 271400.00 1158761.00
05/07/2016 4.29 4.20 4.38 4.30 376 498800.00 2141782.00
06/07/2016 4.36 4.21 4.52 4.50 646 484600.00 2152690.00
07/07/2016 4.55 4.33 4.65 4.50 895 840600.00 3778921.00
08/07/2016 4.53 4.41 4.59 4.50 353 133900.00 600123.00
11/07/2016 4.45 4.40 4.57 4.40 588 187400.00 836420.00
12/07/2016 4.43 4.40 4.57 4.55 731 407700.00 1828722.00
13/07/2016 4.50 4.45 4.58 4.53 504 197600.00 891915.00
14/07/2016 4.58 4.49 4.59 4.54 463 163600.00 743284.00
15/07/2016 4.59 4.48 5.00 4.87 654 646600.00 3064715.00
18/07/2016 4.94 4.94 5.35 5.20 1688 746100.00 3846905.00
19/07/2016 5.24 5.20 5.38 5.27 1137 560100.00 2954513.00
20/07/2016 5.30 5.17 5.33 5.22 273 171600.00 900274.00
21/07/2016 5.24 5.06 5.33 5.28 272 193600.00 1014860.00
22/07/2016 5.26 5.26 5.99 5.88 1677 1694200.00 9553885.00
25/07/2016 6.00 5.83 6.36 5.90 2086 1182100.00 7066617.00
26/07/2016 6.00 5.77 6.00 5.78 1174 1217100.00 7105086.00
27/07/2016 5.80 5.67 5.92 5.75 781 396600.00 2295354.00
28/07/2016 5.80 5.51 5.90 5.65 1094 441900.00 2516660.00
29/07/2016 5.72 5.48 5.83 5.70 1396 656300.00 3698949.00
01/08/2016 5.71 5.70 5.92 5.90 411 513000.00 3012545.00
02/08/2016 5.91 5.75 6.08 5.88 630 226300.00 1330570.00
03/08/2016 5.95 5.74 5.95 5.75 838 765500.00 4427031.00
04/08/2016 5.83 5.74 5.84 5.78 647 298300.00 1726346.00
05/08/2016 5.84 5.75 5.84 5.75 705 274400.00 1587977.00
08/08/2016 5.82 5.65 5.88 5.75 729 384700.00 2215800.00
09/08/2016 5.80 5.75 5.89 5.75 646 217200.00 1257005.00
10/08/2016 5.82 5.71 5.82 5.74 483 153500.00 884654.00
11/08/2016 5.75 5.67 5.79 5.68 539 193000.00 1102216.00
12/08/2016 5.70 5.66 5.80 5.80 428 205100.00 1172972.00
15/08/2016 5.81 5.76 5.88 5.83 523 133800.00 779365.00
16/08/2016 5.88 5.70 5.88 5.70 583 177500.00 1025899.00
17/08/2016 5.73 5.66 5.88 5.88 695 240600.00 1393780.00
18/08/2016 5.88 5.79 6.01 5.95 1154 497700.00 2957330.00
19/08/2016 5.98 5.91 6.10 6.00 570 793700.00 4758784.00
22/08/2016 6.02 5.81 6.09 6.02 1117 491700.00 2926160.00
23/08/2016 6.03 5.86 6.15 5.90 743 464600.00 2770863.00
24/08/2016 5.86 5.70 5.88 5.79 1175 393000.00 2266531.00
25/08/2016 5.79 5.72 5.89 5.89 482 168600.00 979830.00
26/08/2016 5.89 5.54 5.94 5.73 935 631600.00 3610594.00
29/08/2016 5.79 5.74 5.88 5.87 463 140100.00 818047.00
30/08/2016 5.86 5.77 5.89 5.83 928 303300.00 1766425.00
31/08/2016 5.87 5.75 5.90 5.81 490 183400.00 1066365.00
01/09/2016 5.81 5.79 6.00 5.94 1171 394500.00 2330752.00
02/09/2016 6.05 5.87 6.10 5.95 500 206600.00 1233735.00
05/09/2016 6.01 5.81 6.01 5.82 572 214600.00 1256900.00
06/09/2016 5.84 5.76 5.94 5.94 307 171900.00 1007780.00
08/09/2016 5.90 5.81 6.04 6.04 1171 313100.00 1868423.00
09/09/2016 5.99 5.82 5.99 5.90 437 205900.00 1212686.00
12/09/2016 5.80 5.73 5.87 5.87 695 306200.00 1778190.00
13/09/2016 5.86 5.60 5.86 5.60 488 250400.00 1413532.00
14/09/2016 5.61 5.40 5.73 5.47 659 309000.00 1703775.00
15/09/2016 5.45 5.31 5.55 5.50 1409 819800.00 4448488.00
16/09/2016 5.49 5.35 5.53 5.35 657 166000.00 897997.00
19/09/2016 5.36 5.21 5.52 5.50 706 287100.00 1540378.00
20/09/2016 5.48 5.38 5.55 5.50 629 269900.00 1470501.00
21/09/2016 5.49 5.41 5.72 5.61 774 175000.00 975508.00
22/09/2016 5.62 5.51 5.79 5.51 545 276400.00 1541757.00
23/09/2016 5.60 5.53 5.66 5.60 324 542800.00 3030226.00
26/09/2016 5.62 5.30 5.62 5.30 310 111100.00 603018.00
27/09/2016 5.38 5.23 5.45 5.45 425 160200.00 854490.00
28/09/2016 5.44 5.35 5.63 5.50 327 119600.00 653083.00
29/09/2016 5.55 5.38 5.57 5.57 439 158500.00 870711.00
30/09/2016 5.58 5.41 5.61 5.50 356 301500.00 1663605.00
03/10/2016 5.52 5.42 5.69 5.69 392 384200.00 2155609.00
04/10/2016 5.70 5.60 5.70 5.62 221 76000.00 430234.00
05/10/2016 5.69 5.61 5.70 5.61 231 122800.00 696822.00
06/10/2016 5.67 5.60 5.85 5.80 617 197700.00 1138620.00
07/10/2016 5.80 5.67 5.84 5.80 505 321900.00 1864546.00
10/10/2016 5.86 5.71 5.87 5.80 350 124000.00 715220.00
11/10/2016 5.80 5.70 5.87 5.80 230 80100.00 465226.00
13/10/2016 5.80 5.70 5.82 5.80 263 89700.00 517774.00
14/10/2016 5.80 5.72 5.86 5.72 866 724100.00 4178132.00
17/10/2016 5.72 5.61 5.85 5.75 683 179700.00 1031354.00
18/10/2016 5.73 5.60 5.79 5.79 291 102300.00 586564.00
19/10/2016 5.76 5.73 5.84 5.81 570 130500.00 755561.00
20/10/2016 5.80 5.73 5.80 5.80 639 130600.00 754377.00
21/10/2016 5.80 5.72 5.80 5.78 603 190600.00 1097355.00
24/10/2016 5.78 5.71 5.82 5.79 335 101000.00 580552.00
25/10/2016 5.78 5.68 5.90 5.90 382 146700.00 851366.00
26/10/2016 5.86 5.72 5.90 5.90 533 199800.00 1163018.00
27/10/2016 5.90 5.86 5.99 5.92 678 717700.00 4266108.00
28/10/2016 5.92 5.90 6.04 6.00 276 215400.00 1289673.00
31/10/2016 6.05 5.85 6.15 5.89 630 507200.00 3016125.00
01/11/2016 5.90 5.47 5.90 5.68 822 457600.00 2578713.00
03/11/2016 5.67 5.42 5.73 5.73 573 184700.00 1039664.00
04/11/2016 5.74 5.61 5.80 5.67 320 123900.00 704582.00
07/11/2016 5.71 5.71 5.82 5.76 176 212600.00 1226365.00
08/11/2016 5.69 5.69 5.83 5.83 166 405200.00 2343563.00
09/11/2016 5.68 5.35 5.90 5.90 477 598400.00 3391337.00
10/11/2016 5.90 5.63 5.96 5.75 1276 447300.00 2583611.00
11/11/2016 5.75 5.15 5.75 5.48 1810 1069700.00 5796420.00
14/11/2016 5.49 5.27 5.51 5.29 482 1218300.00 6465136.00
16/11/2016 5.35 5.30 5.47 5.31 710 340100.00 1824568.00
17/11/2016 5.38 5.30 5.45 5.35 486 349400.00 1877493.00
18/11/2016 5.43 5.25 5.51 5.34 282 324400.00 1727550.00
21/11/2016 5.35 5.30 5.47 5.39 488 397800.00 2119963.00
22/11/2016 5.48 5.41 5.70 5.54 476 274300.00 1503592.00
23/11/2016 5.59 5.37 5.59 5.48 700 379700.00 2058821.00
24/11/2016 5.47 5.24 5.47 5.24 719 606000.00 3216890.00
25/11/2016 5.25 5.18 5.32 5.26 309 251200.00 1321259.00
28/11/2016 5.29 5.12 5.29 5.25 711 353500.00 1842035.00
29/11/2016 5.25 5.23 5.34 5.30 936 393900.00 2082461.00
30/11/2016 5.28 5.28 5.38 5.35 563 184100.00 983349.00
01/12/2016 5.36 5.11 5.36 5.31 840 247100.00 1304472.00
02/12/2016 5.31 5.17 5.33 5.25 699 158800.00 835707.00
05/12/2016 5.25 5.14 5.34 5.14 243 247700.00 1302383.00
06/12/2016 5.16 4.90 5.21 5.00 918 980600.00 4897033.00
07/12/2016 5.02 4.94 5.24 5.22 354 1446800.00 7345993.00
08/12/2016 5.20 5.07 5.40 5.14 674 211800.00 1105753.00
09/12/2016 5.13 5.00 5.20 5.20 1012 716700.00 3654070.00
12/12/2016 5.13 5.07 5.30 5.30 378 143100.00 740299.00
13/12/2016 5.28 5.16 5.35 5.30 590 145500.00 769309.00
14/12/2016 5.33 5.05 5.34 5.05 1187 403200.00 2064780.00
15/12/2016 5.07 4.98 5.10 5.05 754 308000.00 1554710.00
16/12/2016 5.09 5.01 5.09 5.01 554 124300.00 626503.00
19/12/2016 5.06 4.93 5.06 5.00 309 93700.00 467657.00
20/12/2016 5.00 4.95 5.05 5.00 405 77100.00 385601.00
21/12/2016 5.00 4.90 5.04 4.90 1376 280300.00 1391855.00
22/12/2016 4.95 4.77 4.95 4.80 522 150100.00 725265.00
23/12/2016 4.85 4.82 4.96 4.96 626 155800.00 765993.00
26/12/2016 4.99 4.89 4.99 4.95 329 79600.00 392267.00
27/12/2016 4.94 4.84 4.99 4.84 405 94300.00 462207.00
28/12/2016 4.87 4.82 4.94 4.93 523 128100.00 627778.00
29/12/2016 4.96 4.87 5.02 4.97 348 164400.00 815342.00
02/01/2017 4.98 4.84 4.98 4.85 372 99900.00 488993.00
03/01/2017 4.87 4.87 5.12 5.01 1000 377700.00 1880700.00
04/01/2017 5.04 5.00 5.17 5.15 1699 820700.00 4150300.00
05/01/2017 5.20 5.20 5.37 5.36 636 236300.00 1250238.00
06/01/2017 5.37 5.26 5.38 5.28 503 187500.00 994629.00
09/01/2017 5.31 5.21 5.33 5.25 394 142500.00 749823.00
10/01/2017 5.27 5.23 5.39 5.29 749 312300.00 1654566.00
11/01/2017 5.34 5.25 5.35 5.32 298 75400.00 399573.00
12/01/2017 5.35 5.15 5.38 5.15 633 323500.00 1698953.00
13/01/2017 5.18 5.05 5.27 5.17 472 184500.00 957350.00
16/01/2017 5.17 5.17 5.30 5.25 413 145300.00 761834.00
17/01/2017 5.29 5.01 5.30 5.05 1477 537600.00 2753327.00
18/01/2017 5.07 4.94 5.10 5.00 553 578500.00 2933240.00
19/01/2017 5.06 4.92 5.06 4.92 920 402200.00 1996830.00
20/01/2017 4.97 4.80 5.00 5.00 1623 675700.00 3285355.00
23/01/2017 5.00 4.90 5.10 4.96 1003 321200.00 1605742.00
24/01/2017 5.00 4.98 5.15 5.15 428 180000.00 913853.00
26/01/2017 5.15 5.15 5.30 5.30 657 222200.00 1167099.00
27/01/2017 5.34 5.19 5.34 5.28 512 153800.00 808191.00
30/01/2017 5.27 5.17 5.31 5.25 559 177100.00 924413.00
31/01/2017 5.25 5.20 5.29 5.25 454 151400.00 794705.00
01/02/2017 5.30 5.05 5.32 5.11 1402 424900.00 2183163.00
02/02/2017 5.11 5.08 5.48 5.48 789 401800.00 2104034.00
03/02/2017 5.50 5.48 5.60 5.48 798 381600.00 2110568.00
06/02/2017 5.50 5.41 5.59 5.50 449 214600.00 1182871.00
07/02/2017 5.50 5.41 5.58 5.50 674 160500.00 878624.00
08/02/2017 5.50 5.26 5.50 5.50 1344 464900.00 2513888.00
09/02/2017 5.50 5.50 6.06 5.94 2491 1270400.00 7431921.00
10/02/2017 5.99 5.93 6.13 5.99 1477 646100.00 3888980.00
13/02/2017 6.08 6.03 6.23 6.12 1683 1421400.00 8710181.00
14/02/2017 6.15 6.11 6.46 6.11 1769 918200.00 5692324.00
15/02/2017 6.13 5.86 6.22 5.98 2218 799600.00 4787712.00
16/02/2017 6.02 5.74 6.06 5.89 2218 790700.00 4651997.00
17/02/2017 5.90 5.83 5.94 5.89 842 286500.00 1685604.00
20/02/2017 5.89 5.81 6.00 5.99 1266 728300.00 4273979.00
21/02/2017 5.97 5.81 5.98 5.81 1399 548700.00 3234416.00
22/02/2017 5.83 5.64 5.97 5.97 1329 500500.00 2912875.00
23/02/2017 5.94 5.75 5.96 5.90 635 170300.00 998791.00
24/02/2017 5.88 5.72 5.95 5.92 611 212800.00 1251907.00
01/03/2017 5.92 5.92 6.25 6.24 794 606100.00 3688164.00
02/03/2017 6.25 6.16 6.59 6.59 1953 949700.00 6071482.00
03/03/2017 6.59 6.47 7.19 6.96 3631 1415300.00 9726228.00
06/03/2017 6.97 6.66 7.17 6.91 3097 1556200.00 10861051.00
07/03/2017 6.91 6.80 7.05 7.00 1159 1122200.00 7794374.00
08/03/2017 7.00 6.80 7.10 7.00 1294 911400.00 6337926.00
09/03/2017 6.95 6.81 7.39 7.35 1507 1028900.00 7261843.00
10/03/2017 7.38 6.38 7.48 6.73 3832 1598400.00 11079426.00
13/03/2017 6.78 6.60 6.95 6.90 936 404500.00 2754580.00
14/03/2017 6.88 6.75 7.25 7.00 1154 1042500.00 7317477.00
15/03/2017 6.97 6.95 7.15 7.05 850 479600.00 3387569.00
16/03/2017 7.03 6.94 7.15 7.09 649 220000.00 1555782.00
17/03/2017 7.06 6.95 7.15 7.05 1088 367100.00 2582386.00
20/03/2017 6.97 6.78 7.08 6.95 717 274800.00 1909362.00
21/03/2017 6.97 6.55 6.97 6.80 999 295200.00 1991203.00
22/03/2017 6.89 6.65 6.89 6.80 534 153500.00 1039106.00
23/03/2017 6.73 6.73 7.13 6.99 1238 572100.00 4007744.00
24/03/2017 6.98 6.75 6.98 6.88 571 146600.00 1010131.00
27/03/2017 6.88 6.75 6.95 6.95 538 159100.00 1092579.00
28/03/2017 6.88 6.39 6.88 6.50 1213 654500.00 4297426.00
29/03/2017 6.53 6.28 6.53 6.47 871 281200.00 1818195.00
30/03/2017 6.50 6.41 6.64 6.62 1158 434200.00 2845684.00
31/03/2017 6.65 6.53 6.75 6.60 1861 565500.00 3739053.00
03/04/2017 6.60 6.57 6.79 6.71 1426 381100.00 2551214.00
04/04/2017 6.71 6.57 6.71 6.65 688 168400.00 1116204.00
05/04/2017 6.66 6.55 6.74 6.65 1258 267600.00 1785677.00
06/04/2017 6.61 6.47 6.65 6.50 877 201300.00 1318203.00
07/04/2017 6.50 6.42 6.54 6.54 430 189100.00 1223885.00
10/04/2017 6.50 6.46 6.59 6.49 681 267500.00 1740418.00
11/04/2017 6.51 6.33 6.60 6.60 347 106400.00 690011.00
12/04/2017 6.55 6.38 6.55 6.50 1075 264300.00 1701168.00
13/04/2017 6.43 6.41 6.59 6.50 716 310100.00 2021872.00
17/04/2017 6.50 6.45 6.69 6.69 404 223900.00 1481712.00
18/04/2017 6.67 6.54 6.69 6.65 472 154100.00 1022183.00
19/04/2017 6.61 6.40 6.71 6.50 726 238200.00 1553175.00
20/04/2017 6.45 6.38 6.51 6.38 396 149800.00 962324.00
24/04/2017 6.42 5.90 6.43 6.29 1643 1169800.00 7220484.00
25/04/2017 6.20 6.15 6.29 6.20 970 429900.00 2665833.00
26/04/2017 6.16 6.02 6.20 6.10 1497 525800.00 3217345.00
27/04/2017 6.11 6.03 6.15 6.13 982 342900.00 2090887.00
28/04/2017 6.18 6.00 6.18 6.12 1368 666000.00 4047925.00
02/05/2017 6.08 6.08 6.66 6.66 1951 912600.00 5682735.00
03/05/2017 6.58 6.51 6.70 6.63 778 342800.00 2255192.00
04/05/2017 6.64 6.41 6.67 6.54 419 134500.00 877239.00
05/05/2017 6.63 6.41 6.70 6.60 637 251800.00 1652859.00
08/05/2017 6.68 6.44 6.88 6.81 604 241600.00 1628540.00
09/05/2017 6.83 6.80 7.10 7.10 743 1182000.00 8250143.00
10/05/2017 7.01 6.52 7.15 6.85 2574 1111400.00 7548253.00
11/05/2017 6.83 6.63 6.83 6.68 1842 661800.00 4437968.00
12/05/2017 6.71 6.65 6.90 6.90 1960 473700.00 3225442.00
15/05/2017 6.90 6.73 6.90 6.75 1053 311400.00 2109781.00
16/05/2017 6.77 6.68 6.83 6.70 1898 540000.00 3637913.00
17/05/2017 6.68 6.46 6.73 6.49 1816 483200.00 3163244.00
18/05/2017 5.31 5.30 6.15 6.15 1148 2324200.00 12802273.00
19/05/2017 6.15 5.86 6.15 6.00 1331 425200.00 2536327.00
22/05/2017 5.95 5.51 5.95 5.95 1098 574000.00 3291595.00
23/05/2017 5.80 5.76 6.17 6.14 2410 1354200.00 7980512.00
24/05/2017 6.14 5.93 6.25 6.00 1372 1162200.00 7062509.00
25/05/2017 6.00 5.69 6.04 5.80 1394 1707500.00 9803693.00
26/05/2017 5.80 5.76 5.97 5.93 855 384600.00 2265038.00
29/05/2017 5.87 5.83 6.04 5.95 309 172500.00 1024649.00
30/05/2017 5.86 5.86 6.09 6.09 493 159300.00 959833.00
31/05/2017 6.10 5.95 6.16 6.16 836 300000.00 1827342.00
01/06/2017 6.12 6.06 6.20 6.20 1051 250800.00 1541380.00
02/06/2017 6.22 6.02 6.32 6.20 1507 603400.00 3712885.00
05/06/2017 6.19 6.06 6.19 6.19 713 286700.00 1760605.00
06/06/2017 6.17 6.13 6.34 6.34 1261 342100.00 2141924.00
07/06/2017 6.36 6.17 6.36 6.20 1206 501000.00 3128752.00
08/06/2017 6.22 6.15 6.35 6.35 760 197000.00 1237072.00
09/06/2017 6.35 6.31 6.50 6.48 680 206100.00 1325983.00
12/06/2017 6.48 6.38 6.50 6.50 499 170200.00 1101426.00
13/06/2017 6.49 6.44 6.53 6.50 518 437800.00 2844760.00
14/06/2017 6.50 6.46 6.60 6.50 865 292700.00 1906303.00
16/06/2017 6.50 6.41 6.57 6.57 781 305900.00 1991720.00
