21/06/2016 3.52 3.52 3.52 3.52 1 500.00 1760.00
27/06/2016 4.55 4.55 4.55 4.55 2 400.00 1820.00
29/06/2016 5.48 5.48 6.00 6.00 2 200.00 1148.00
30/06/2016 7.78 7.37 7.78 7.37 2 200.00 1515.00
01/07/2016 9.00 9.00 9.00 9.00 2 200.00 1800.00
04/07/2016 8.99 8.99 8.99 8.99 1 100.00 899.00
05/07/2016 8.99 8.99 8.99 8.99 1 100.00 899.00
17/08/2016 9.97 9.97 9.97 9.97 1 100.00 997.00
23/09/2016 9.97 9.97 9.97 9.97 2 500.00 4985.00
11/11/2016 5.99 5.99 5.99 5.99 1 100.00 599.00
21/11/2016 4.97 4.97 4.97 4.97 1 100.00 497.00
22/11/2016 4.95 4.95 4.95 4.95 3 500.00 2475.00
27/12/2016 4.25 4.25 4.37 4.37 3 500.00 2137.00
04/01/2017 4.50 4.50 4.50 4.50 2 300.00 1350.00
06/02/2017 4.54 4.54 4.54 4.54 1 100.00 454.00
16/02/2017 4.30 4.30 4.30 4.30 1 100.00 430.00
20/02/2017 6.00 6.00 6.00 6.00 1 100.00 600.00
09/03/2017 5.57 5.57 5.57 5.57 1 100.00 557.00
13/03/2017 5.57 5.57 5.57 5.57 1 100.00 557.00
13/04/2017 5.60 5.60 5.60 5.60 1 100.00 560.00
03/05/2017 5.61 5.61 5.61 5.61 1 100.00 561.00
05/05/2017 5.61 5.61 5.61 5.61 1 100.00 561.00
25/05/2017 5.60 5.60 5.60 5.60 1 100.00 560.00
