03/01/2017 4.77 4.77 5.05 5.05 7 1306.96 6340.00
04/01/2017 4.87 4.87 4.87 4.87 1 108.91 530.00
05/01/2017 4.82 4.82 4.82 4.82 1 1089.14 5250.00
16/01/2017 4.82 4.82 4.82 4.82 2 326.74 1575.00
07/04/2017 5.50 5.50 5.50 5.50 1 500.00 2750.00
10/04/2017 5.10 5.10 5.10 5.10 2 300.00 1530.00
27/04/2017 4.70 4.70 4.70 4.70 4 2600.00 12220.00
28/04/2017 4.92 4.91 4.92 4.91 3 300.00 1475.00
03/05/2017 4.89 4.89 4.89 4.89 1 100.00 489.00
04/05/2017 4.89 4.89 4.89 4.89 2 300.00 1467.00
05/05/2017 4.89 4.89 4.89 4.89 2 200.00 978.00
08/05/2017 4.90 4.90 6.00 6.00 8 2100.00 11060.00
09/05/2017 6.00 6.00 6.00 6.00 2 300.00 1800.00
16/05/2017 6.00 6.00 6.00 6.00 1 100.00 600.00
24/05/2017 4.80 4.60 4.81 4.81 14 4400.00 20945.00
29/05/2017 4.82 4.82 4.82 4.82 1 300.00 1446.00
30/05/2017 4.81 4.81 4.81 4.81 1 200.00 962.00
12/06/2017 4.81 4.81 4.81 4.81 1 100.00 481.00
13/06/2017 4.81 4.81 4.81 4.81 1 200.00 962.00
14/06/2017 4.81 4.81 4.81 4.81 1 100.00 481.00
16/06/2017 4.70 4.70 4.70 4.70 1 100.00 470.00
