28/06/2016 125.08 125.08 125.08 125.08 1 1900.00 237652.00
29/06/2016 125.93 125.93 125.93 125.93 1 300.00 37779.00
01/07/2016 126.34 126.34 126.34 126.34 1 100.00 12634.00
05/07/2016 124.85 124.11 124.85 124.11 2 800.00 99362.00
06/07/2016 126.98 126.98 126.98 126.98 1 100.00 12698.00
08/07/2016 129.11 129.11 129.11 129.11 1 200.00 25822.00
13/07/2016 132.48 132.48 132.48 132.48 1 400.00 52992.00
15/07/2016 138.61 138.61 138.61 138.61 1 200.00 27722.00
18/07/2016 139.64 139.52 139.64 139.52 3 800.00 111652.00
21/07/2016 140.76 140.76 141.32 141.32 2 300.00 42284.00
25/07/2016 141.20 141.20 141.20 141.20 1 100.00 14120.00
01/08/2016 138.62 138.62 138.62 138.62 1 400.00 55448.00
04/08/2016 126.00 126.00 126.00 126.00 1 100.00 12600.00
09/08/2016 129.13 129.13 129.13 129.13 13 2200.00 284086.00
15/08/2016 127.54 127.54 127.54 127.54 11 3300.00 420882.00
18/08/2016 129.74 129.74 129.74 129.74 1 100.00 12974.00
23/08/2016 131.72 131.72 131.72 131.72 1 100.00 13172.00
29/08/2016 137.14 137.14 137.14 137.14 1 100.00 13714.00
30/08/2016 140.33 140.33 140.33 140.33 1 100.00 14033.00
26/09/2016 140.61 140.61 140.61 140.61 1 200.00 28122.00
10/10/2016 153.31 153.31 153.31 153.31 1 3600.00 551916.00
14/10/2016 152.88 152.88 152.88 152.88 1 500.00 76440.00
17/10/2016 149.33 149.33 149.33 149.33 1 200.00 29866.00
26/10/2016 147.03 147.03 147.03 147.03 1 100.00 14703.00
27/10/2016 151.74 151.74 151.74 151.74 1 100.00 15174.00
31/10/2016 149.79 149.79 149.79 149.79 1 200.00 29958.00
07/11/2016 153.58 153.58 153.58 153.58 1 100.00 15358.00
10/11/2016 180.33 180.33 180.33 180.33 1 100.00 18033.00
14/11/2016 187.53 186.86 187.53 186.86 2 400.00 74945.00
16/11/2016 182.21 182.21 182.21 182.21 1 100.00 18221.00
18/11/2016 185.99 185.99 185.99 185.99 1 100.00 18599.00
21/11/2016 183.28 183.28 183.28 183.28 1 200.00 36656.00
05/12/2016 191.12 191.12 191.12 191.12 1 100.00 19112.00
07/12/2016 190.57 190.57 190.57 190.57 1 100.00 19057.00
12/12/2016 188.45 188.45 188.45 188.45 1 100.00 18845.00
19/12/2016 181.82 181.82 181.82 181.82 1 200.00 36364.00
27/12/2016 178.96 178.96 178.96 178.96 1 200.00 35792.00
09/01/2017 173.93 173.93 173.93 173.93 1 100.00 17393.00
17/01/2017 172.57 172.57 172.57 172.57 1 100.00 17257.00
03/02/2017 162.16 162.16 162.16 162.16 1 100.00 16216.00
06/02/2017 161.67 161.67 161.67 161.67 1 300.00 48501.00
07/02/2017 161.06 161.06 161.06 161.06 1 100.00 16106.00
13/02/2017 168.16 168.16 168.16 168.16 1 100.00 16816.00
14/02/2017 166.75 166.75 166.75 166.75 1 300.00 50025.00
06/03/2017 168.42 168.42 168.42 168.42 1 100.00 16842.00
22/03/2017 159.89 159.89 159.89 159.89 1 100.00 15989.00
24/04/2017 162.93 162.93 162.93 162.93 1 100.00 16293.00
18/05/2017 166.92 166.92 166.95 166.95 2 500.00 83472.00
22/05/2017 164.95 164.95 164.95 164.95 1 200.00 32990.00
29/05/2017 166.98 166.98 166.98 166.98 1 100.00 16698.00
30/05/2017 165.98 165.98 165.98 165.98 1 100.00 16598.00
31/05/2017 162.35 162.35 162.35 162.35 1 300.00 48705.00
08/06/2017 169.20 169.20 169.20 169.20 1 200.00 33840.00
12/06/2017 176.01 176.01 176.01 176.01 1 100.00 17601.00
