17/03/2017 7.30 6.60 9.40 6.72 1177 682800.00 5249424.00
20/03/2017 6.65 6.00 7.24 6.00 269 164700.00 1094863.00
21/03/2017 6.00 4.85 6.00 5.32 319 157900.00 853777.00
22/03/2017 5.21 5.21 6.29 5.83 322 160100.00 959262.00
23/03/2017 5.91 5.25 6.10 5.25 141 53800.00 302973.00
24/03/2017 5.41 4.53 5.42 4.55 120 151200.00 753669.00
27/03/2017 4.68 4.55 5.09 4.95 72 41900.00 199475.00
28/03/2017 5.07 4.80 5.12 4.80 42 17700.00 86826.00
29/03/2017 5.03 4.65 5.03 4.87 53 29100.00 138867.00
30/03/2017 4.80 4.70 4.80 4.79 31 17400.00 82131.00
31/03/2017 4.95 4.63 4.95 4.63 13 5700.00 26841.00
03/04/2017 4.65 4.43 4.80 4.56 26 8900.00 40831.00
04/04/2017 4.53 4.53 4.90 4.70 36 21300.00 100911.00
05/04/2017 4.88 4.65 4.88 4.85 30 21100.00 100479.00
06/04/2017 4.85 4.85 5.50 5.00 115 40100.00 208390.00
07/04/2017 5.15 4.90 5.24 4.94 40 15100.00 76171.00
10/04/2017 5.04 4.84 5.04 4.84 17 7300.00 36201.00
11/04/2017 4.90 4.80 5.05 4.99 33 16600.00 81251.00
12/04/2017 4.87 4.86 4.99 4.99 9 3500.00 17137.00
13/04/2017 4.99 4.90 5.47 5.11 64 22900.00 117255.00
17/04/2017 5.15 4.75 5.30 4.98 44 14900.00 72971.00
18/04/2017 5.05 4.80 5.15 5.00 35 19300.00 94822.00
19/04/2017 4.90 4.60 4.95 4.60 64 31200.00 146943.00
20/04/2017 4.78 4.55 4.78 4.55 23 12000.00 56135.00
24/04/2017 4.83 4.40 4.83 4.40 13 3800.00 17093.00
25/04/2017 4.43 4.35 4.59 4.36 34 24000.00 105976.00
26/04/2017 4.48 4.30 4.48 4.34 32 16200.00 70926.00
27/04/2017 4.47 4.47 4.47 4.47 2 700.00 3129.00
28/04/2017 4.79 4.31 4.79 4.31 28 14900.00 66698.00
02/05/2017 4.45 4.36 4.45 4.43 3 800.00 3539.00
03/05/2017 4.73 4.45 4.73 4.61 13 6800.00 31093.00
04/05/2017 4.61 4.47 4.68 4.47 4 2200.00 10099.00
05/05/2017 4.69 4.50 4.69 4.50 11 7000.00 32448.00
08/05/2017 4.60 4.49 4.64 4.60 17 8800.00 39947.00
09/05/2017 4.67 4.45 4.67 4.63 13 5500.00 24661.00
10/05/2017 4.66 4.40 4.66 4.40 8 4000.00 18273.00
11/05/2017 4.60 4.54 4.64 4.63 7 3000.00 13685.00
12/05/2017 4.60 4.50 4.64 4.59 18 8800.00 40280.00
15/05/2017 4.50 4.46 4.68 4.56 22 10800.00 49433.00
16/05/2017 4.50 4.46 4.59 4.59 10 4200.00 18843.00
17/05/2017 4.62 4.40 4.62 4.40 6 1800.00 8094.00
18/05/2017 4.00 3.74 4.10 3.90 17 8000.00 31511.00
19/05/2017 3.88 3.88 4.03 4.03 6 5500.00 21531.00
22/05/2017 4.10 3.80 4.10 3.80 11 5500.00 21876.00
23/05/2017 3.98 3.96 4.39 4.39 5 1200.00 4809.00
25/05/2017 4.15 3.95 4.35 4.00 49 35400.00 144637.00
26/05/2017 4.05 3.86 4.05 3.86 19 24200.00 94377.00
29/05/2017 4.05 3.90 4.10 4.00 9 4400.00 17746.00
30/05/2017 4.00 3.73 4.08 4.00 17 8900.00 35525.00
31/05/2017 3.89 3.80 4.09 4.09 10 7600.00 30867.00
01/06/2017 3.83 3.83 4.08 4.05 5 1500.00 6021.00
02/06/2017 4.05 4.05 4.30 4.18 36 32400.00 134685.00
05/06/2017 4.08 4.08 4.29 4.29 13 5500.00 22692.00
06/06/2017 4.28 4.11 4.30 4.15 20 8000.00 33348.00
07/06/2017 4.28 4.15 4.28 4.15 6 2600.00 11026.00
08/06/2017 4.05 3.83 4.16 4.16 27 9100.00 36217.00
09/06/2017 4.24 4.00 4.24 4.18 10 4500.00 18661.00
12/06/2017 4.05 4.01 4.17 4.15 9 1900.00 7796.00
13/06/2017 4.14 4.01 4.15 4.15 5 1400.00 5784.00
14/06/2017 4.01 4.01 4.09 4.09 3 1100.00 4419.00
16/06/2017 4.16 4.15 4.17 4.17 4 1000.00 4163.00
