20/06/2016 5.19 4.98 5.19 4.98 4 3841.98 19641.00
21/06/2016 4.98 4.97 5.18 4.99 11 17288.90 86063.00
22/06/2016 5.00 4.97 5.00 4.97 8 19310.99 95926.00
23/06/2016 5.18 4.97 5.18 5.14 4 11323.72 56264.00
24/06/2016 4.97 4.65 5.00 5.00 9 33061.23 162758.00
27/06/2016 5.03 5.03 5.03 5.03 7 2022.09 10180.00
28/06/2016 5.23 5.23 5.23 5.23 1 303.31 1587.00
29/06/2016 4.96 4.96 5.31 5.31 5 1415.47 7408.00
30/06/2016 4.98 4.98 5.31 5.02 11 6976.22 35957.00
01/07/2016 5.43 5.06 5.43 5.06 8 20119.83 102970.00
04/07/2016 5.23 5.23 5.39 5.24 4 6571.80 34460.00
05/07/2016 5.14 5.14 5.25 5.24 6 12031.46 62778.00
06/07/2016 5.24 5.14 5.39 5.39 8 9402.73 48996.00
07/07/2016 5.18 5.14 5.38 5.18 17 8593.90 44586.00
08/07/2016 5.19 5.18 5.19 5.19 4 19513.20 101321.00
11/07/2016 5.39 5.15 5.39 5.15 4 1516.57 7884.00
12/07/2016 5.36 5.28 5.36 5.33 3 808.84 4290.00
13/07/2016 5.15 5.14 5.33 5.33 5 2932.04 15239.00
14/07/2016 5.34 5.34 5.34 5.34 1 101.10 540.00
15/07/2016 5.34 5.33 5.34 5.33 2 8998.32 47972.00
18/07/2016 5.32 5.26 5.33 5.33 8 3437.56 18177.00
19/07/2016 5.43 5.43 5.43 5.43 3 2426.51 13176.00
20/07/2016 5.43 5.34 5.43 5.34 8 3943.08 21295.00
21/07/2016 5.63 5.63 5.64 5.64 2 505.52 2849.00
25/07/2016 5.63 5.44 5.63 5.44 42 5358.55 29169.00
26/07/2016 5.44 5.44 5.44 5.44 6 606.63 3300.00
27/07/2016 5.44 5.25 5.44 5.44 10 3943.08 21411.00
28/07/2016 5.44 5.44 5.63 5.63 37 3740.87 20369.00
29/07/2016 5.44 5.44 5.64 5.53 60 16378.96 89879.00
01/08/2016 5.53 5.52 5.64 5.64 13 18805.47 104948.00
02/08/2016 5.82 5.82 5.93 5.90 8 3841.98 22665.00
03/08/2016 5.90 5.90 6.13 6.13 12 7481.75 44438.00
04/08/2016 5.94 5.93 6.53 5.93 43 22141.92 137649.00
05/08/2016 5.93 5.92 5.93 5.92 7 18401.05 109022.00
08/08/2016 6.33 5.74 6.33 5.92 7 2628.72 15601.00
09/08/2016 5.92 5.91 5.93 5.93 4 1112.15 6595.00
10/08/2016 5.93 5.75 5.93 5.93 4 404.42 2381.00
11/08/2016 5.93 5.93 5.93 5.93 2 3134.24 18600.00
12/08/2016 5.93 5.92 5.93 5.93 3 4954.13 29367.00
15/08/2016 5.93 5.93 6.53 6.53 28 23355.18 138780.00
16/08/2016 6.52 5.98 6.53 6.43 7 14154.65 91973.00
17/08/2016 6.33 6.03 6.42 6.41 16 14963.49 91964.00
18/08/2016 6.42 6.42 6.42 6.42 1 101.10 649.00
19/08/2016 6.42 6.42 6.42 6.42 4 3639.77 23364.00
22/08/2016 6.42 6.42 6.42 6.42 1 101.10 649.00
23/08/2016 6.42 6.42 6.42 6.42 1 202.21 1298.00
24/08/2016 6.42 6.42 6.42 6.42 1 303.31 1947.00
25/08/2016 6.43 6.13 6.43 6.42 22 237798.20 1462729.00
26/08/2016 6.30 6.30 6.42 6.41 8 7886.16 50538.00
29/08/2016 6.42 6.24 6.42 6.42 3 7279.54 46710.00
30/08/2016 6.42 6.42 6.42 6.42 1 202.21 1298.00
31/08/2016 6.41 6.41 6.42 6.42 3 404.42 2594.00
01/09/2016 6.42 6.42 6.42 6.42 1 404.42 2596.00
02/09/2016 6.42 6.33 6.43 6.42 13 13952.45 89622.00
05/09/2016 6.43 6.42 6.43 6.42 4 24669.54 158408.00
06/09/2016 6.43 6.43 6.43 6.43 2 4751.92 30550.00
08/09/2016 6.43 6.43 6.43 6.43 7 11121.51 71500.00
09/09/2016 6.43 6.43 6.43 6.43 1 505.52 3250.00
12/09/2016 6.42 6.42 6.42 6.42 4 808.84 5192.00
13/09/2016 6.14 6.14 6.43 6.43 4 404.42 2569.00
15/09/2016 6.38 6.33 6.43 6.43 19 44789.37 287651.00
19/09/2016 6.43 6.43 6.92 6.79 7 19007.68 122586.00
20/09/2016 6.79 6.78 6.79 6.78 2 7077.33 47955.00
21/09/2016 6.77 6.73 6.77 6.75 6 21535.30 145017.00
22/09/2016 6.63 6.59 6.76 6.76 12 40745.18 272368.00
23/09/2016 6.76 6.76 6.76 6.76 1 101.10 683.00
26/09/2016 6.76 6.75 6.76 6.75 2 2628.72 17733.00
27/09/2016 6.44 6.43 6.77 6.76 14 3033.14 19933.00
28/09/2016 6.76 6.63 6.77 6.77 6 18906.57 125382.00
29/09/2016 6.77 6.77 6.77 6.77 1 505.52 3420.00
30/09/2016 6.77 6.77 6.77 6.77 1 505.52 3420.00
03/10/2016 6.77 6.63 6.77 6.73 4 2628.72 17600.00
04/10/2016 6.77 6.44 6.77 6.72 7 1920.99 12898.00
05/10/2016 6.73 6.43 6.77 6.75 9 9099.42 60923.00
06/10/2016 6.77 6.73 6.77 6.73 4 2123.20 14340.00
07/10/2016 6.77 6.68 6.79 6.78 6 9706.05 64962.00
10/10/2016 6.79 6.79 6.79 6.79 1 505.52 3430.00
11/10/2016 6.78 6.78 6.78 6.78 1 505.52 3425.00
13/10/2016 6.79 6.79 6.79 6.79 1 505.52 3430.00
14/10/2016 6.77 6.77 6.78 6.78 4 5560.76 37625.00
17/10/2016 6.79 6.77 6.79 6.78 3 2123.20 14375.00
18/10/2016 6.78 6.78 6.78 6.78 5 6066.28 41100.00
19/10/2016 6.78 6.78 6.78 6.78 1 1011.05 6850.00
20/10/2016 6.79 6.53 6.79 6.53 37 39329.72 257895.00
21/10/2016 6.77 6.44 6.77 6.44 18 32555.71 210444.00
24/10/2016 6.45 6.43 6.45 6.43 17 32353.50 208054.00
25/10/2016 6.44 6.43 6.44 6.43 4 1213.26 7805.00
26/10/2016 6.40 6.39 6.43 6.41 5 5560.76 35562.00
27/10/2016 6.43 6.27 6.43 6.39 9 12435.88 79363.00
28/10/2016 6.42 6.42 6.42 6.42 1 3437.56 22066.00
31/10/2016 6.33 6.33 6.43 6.43 9 25175.06 161830.00
01/11/2016 6.43 6.43 6.43 6.43 6 10110.47 65000.00
03/11/2016 6.43 6.43 6.43 6.43 9 16581.17 106600.00
04/11/2016 6.43 6.43 6.43 6.43 5 6571.80 42250.00
07/11/2016 6.43 6.27 6.43 6.43 10 16277.85 104490.00
08/11/2016 6.27 6.25 6.42 6.42 23 15266.81 96514.00
09/11/2016 6.26 6.26 6.43 6.43 3 606.63 3815.00
10/11/2016 6.26 6.26 6.43 6.43 3 404.42 2549.00
11/11/2016 6.28 6.16 6.42 6.42 5 3336.45 20857.00
14/11/2016 6.03 6.03 6.78 6.78 5 1718.78 10680.00
16/11/2016 6.38 6.38 6.78 6.40 45 4905801.11 31297760.00
17/11/2016 6.43 6.33 6.73 6.73 71 115562.65 748820.00
18/11/2016 6.79 6.42 6.79 6.77 23 13851.34 91361.00
21/11/2016 6.79 6.55 6.79 6.73 4 505.52 3392.00
22/11/2016 6.73 6.44 6.73 6.68 31 22647.45 149717.00
23/11/2016 6.54 6.41 6.67 6.41 47 32656.81 212550.00
24/11/2016 6.34 6.33 6.63 6.63 68 140838.81 905360.00
25/11/2016 6.74 6.39 6.74 6.43 142 224149.07 1441131.00
28/11/2016 6.43 6.42 6.48 6.43 77 186234.81 1197327.00
29/11/2016 6.53 6.43 6.72 6.48 42 2753181.44 17835879.00
30/11/2016 6.76 6.45 6.79 6.63 25 28208.20 188569.00
01/12/2016 6.68 6.04 6.68 6.47 16 9908.26 64611.00
02/12/2016 6.45 6.45 6.47 6.47 2 505.52 3264.00
05/12/2016 6.35 6.35 6.58 6.58 19 15671.22 101920.00
06/12/2016 6.57 6.51 6.64 6.63 20 39633.03 262398.00
07/12/2016 6.67 6.66 6.68 6.66 15 30331.40 202230.00
08/12/2016 6.70 6.68 6.70 6.68 15 47114.78 315365.00
09/12/2016 6.69 6.69 6.70 6.70 5 1415.47 9475.00
12/12/2016 6.78 6.63 6.78 6.63 32 167530.45 1110264.00
13/12/2016 6.77 6.56 6.77 6.68 54 22647.45 151486.00
14/12/2016 6.63 6.63 6.63 6.63 3 30331.40 201000.00
15/12/2016 6.62 6.62 6.78 6.63 29 96757.18 641297.00
16/12/2016 6.78 6.47 6.78 6.63 44 71683.22 475300.00
19/12/2016 6.70 6.54 6.70 6.63 21 103328.98 684827.00
20/12/2016 6.70 6.43 6.70 6.54 50 192806.62 1271292.00
21/12/2016 6.62 6.44 6.66 6.66 12 8492.79 55984.00
22/12/2016 6.63 6.55 6.92 6.92 183 1176757.33 7824143.00
23/12/2016 6.92 6.92 7.32 7.12 48 43576.12 303873.00
26/12/2016 7.12 6.93 7.32 7.23 33 5965.18 42767.00
27/12/2016 6.92 6.92 7.31 7.24 37 35285.53 248194.00
28/12/2016 7.22 7.08 7.32 7.31 14 5661.86 41161.00
29/12/2016 7.32 7.13 7.32 7.31 31 29017.04 211730.00
02/01/2017 7.31 6.99 7.35 7.32 5 909.94 6631.00
03/01/2017 7.31 7.06 7.36 7.36 10 1617.67 11802.00
04/01/2017 6.97 6.97 7.35 7.33 17 13143.61 96149.00
05/01/2017 7.07 7.07 7.85 7.77 156 198266.27 1505704.00
06/01/2017 7.86 7.62 7.86 7.83 39 11627.04 91272.00
09/01/2017 7.81 7.81 7.81 7.81 1 707.73 5530.00
10/01/2017 7.78 7.78 7.78 7.78 2 202.21 1574.00
11/01/2017 7.79 7.59 7.79 7.77 15 3336.45 25680.00
12/01/2017 7.80 7.80 8.20 8.17 30 23254.08 185958.00
13/01/2017 8.20 8.20 8.69 8.65 31 42666.17 356731.00
16/01/2017 8.65 8.65 8.79 8.77 14 13042.50 113743.00
17/01/2017 8.79 8.79 9.50 9.02 34 128908.46 1156545.00
18/01/2017 9.40 9.10 9.40 9.10 29 7785.06 71933.00
19/01/2017 9.09 8.41 9.09 8.91 41 95645.02 847882.00
20/01/2017 9.10 8.60 9.38 9.27 31 65819.14 609356.00
23/01/2017 9.13 9.10 9.30 9.10 29 62684.90 570772.00
24/01/2017 9.35 9.28 9.88 9.73 59 115259.33 1094948.00
26/01/2017 9.83 9.40 9.83 9.64 18 98880.37 967948.00
27/01/2017 9.65 8.92 9.84 9.83 92 26489.43 255100.00
30/01/2017 9.83 9.69 9.84 9.84 209 35386.64 348019.00
31/01/2017 9.83 9.83 10.39 10.18 25 24164.02 239522.00
01/02/2017 10.18 9.95 10.65 10.09 43 45598.21 461647.00
02/02/2017 10.65 10.09 10.65 10.18 47 243763.37 2462226.00
03/02/2017 10.63 9.89 10.63 10.48 18 5156.34 53218.00
06/02/2017 10.51 10.09 11.52 11.07 157 48530.24 523055.00
07/02/2017 11.21 10.19 11.21 10.92 200 64504.78 694045.00
08/02/2017 11.12 10.58 11.16 10.88 84 31645.76 342094.00
09/02/2017 10.98 10.83 11.03 11.01 42 8593.90 93823.00
10/02/2017 10.98 10.98 11.20 11.17 69 18704.37 207242.00
13/02/2017 11.17 11.09 11.20 11.12 29 11525.93 128665.00
14/02/2017 11.18 10.99 11.32 11.07 69 20726.46 229773.00
15/02/2017 11.29 11.04 11.30 11.28 269 41149.60 462764.00
16/02/2017 11.26 11.26 11.37 11.32 43 43475.01 492155.00
17/02/2017 11.32 11.01 11.37 11.37 25 31847.97 361965.00
20/02/2017 11.04 11.03 11.33 11.31 24 7279.54 81811.00
21/02/2017 11.28 11.27 11.42 11.42 93 60056.18 682584.00
22/02/2017 11.41 11.13 11.42 11.42 34 18704.37 212637.00
23/02/2017 11.42 11.36 11.55 11.55 54 17996.63 207033.00
24/02/2017 11.49 11.38 11.57 11.56 7 2224.30 25694.00
01/03/2017 11.57 11.57 11.57 11.57 8 4347.50 50310.00
02/03/2017 11.57 11.57 11.57 11.57 6 3235.35 37440.00
03/03/2017 11.57 11.54 11.57 11.54 8 30836.93 355999.00
06/03/2017 11.28 11.18 11.54 11.53 26 12941.40 146741.00
07/03/2017 11.54 11.31 11.57 11.56 22 10009.36 115353.00
08/03/2017 11.57 11.37 11.57 11.57 16 5965.18 68849.00
09/03/2017 11.54 11.46 11.56 11.55 28 15772.33 181757.00
10/03/2017 11.36 11.36 11.56 11.56 7 1415.47 16253.00
13/03/2017 11.56 11.56 12.56 12.56 65 171675.74 2105621.00
14/03/2017 12.85 12.58 13.35 12.93 18 10717.10 138182.00
15/03/2017 12.88 12.88 12.88 12.88 7 6774.01 87234.00
16/03/2017 12.94 12.94 13.34 13.22 16 10110.47 133334.00
17/03/2017 13.25 12.97 13.35 13.34 24 18299.95 242784.00
20/03/2017 13.11 13.11 13.35 13.35 49 80277.11 1069921.00
21/03/2017 13.35 13.35 13.35 13.35 1 101.10 1350.00
22/03/2017 13.15 13.15 13.32 13.32 8 23051.87 305511.00
23/03/2017 13.25 13.25 13.25 13.25 1 1011.05 13400.00
24/03/2017 13.30 13.25 13.34 13.25 10 3740.87 49779.00
27/03/2017 13.15 12.86 13.33 13.32 17 20928.67 271134.00
29/03/2017 13.32 13.32 13.85 13.62 147 52372.22 716092.00
30/03/2017 13.75 13.67 13.75 13.72 54 23658.49 324655.00
31/03/2017 13.82 13.55 13.82 13.72 35 9706.05 133240.00
03/04/2017 13.72 13.61 13.72 13.68 15 5560.76 75995.00
04/04/2017 13.69 13.57 13.69 13.60 23 6066.28 82587.00
05/04/2017 13.59 13.15 13.59 13.56 27 37813.15 511861.00
06/04/2017 13.55 13.15 13.55 13.55 18 5055.23 67898.00
07/04/2017 13.73 13.25 13.73 13.50 12 5358.55 71491.00
10/04/2017 13.70 13.46 13.70 13.65 14 3033.14 41380.00
11/04/2017 13.25 13.18 13.65 13.50 146 22647.45 300929.00
12/04/2017 13.25 13.18 13.64 13.64 20 7077.33 95292.00
13/04/2017 13.61 13.60 13.61 13.60 3 303.31 4126.00
17/04/2017 13.79 12.96 13.79 13.65 113 104744.44 1408145.00
18/04/2017 13.64 13.45 13.64 13.59 12 1718.78 23237.00
19/04/2017 13.74 13.21 13.74 13.45 16 5055.23 67429.00
20/04/2017 13.70 13.51 13.70 13.62 8 22445.24 306267.00
24/04/2017 13.35 13.06 13.73 13.40 84 51462.28 683289.00
25/04/2017 13.15 13.15 13.48 13.48 22 33566.75 451256.00
26/04/2017 13.49 13.48 13.49 13.49 6 3740.87 50467.00
27/04/2017 13.66 13.16 13.66 13.54 14 13244.71 180256.00
28/04/2017 13.60 13.60 13.69 13.60 17 6900.00 93901.00
02/05/2017 13.68 13.32 13.68 13.64 24 5100.00 69177.00
03/05/2017 13.40 13.36 13.60 13.60 13 44200.00 600916.00
04/05/2017 13.69 13.44 13.69 13.65 10 6500.00 88702.00
05/05/2017 13.64 13.50 13.69 13.56 331 685100.00 9307365.00
08/05/2017 13.65 13.65 13.85 13.80 58 195300.00 2668766.00
09/05/2017 13.86 13.71 13.97 13.96 21 12300.00 170806.00
10/05/2017 13.99 13.96 14.00 13.99 44 26700.00 373637.00
11/05/2017 14.00 13.90 14.00 13.98 8 3900.00 54425.00
12/05/2017 13.98 13.98 14.00 14.00 15 17700.00 247666.00
15/05/2017 14.29 14.03 14.50 14.50 17 10200.00 145374.00
16/05/2017 14.45 14.25 14.48 14.30 11 13400.00 191783.00
17/05/2017 14.48 14.01 14.49 14.47 16 6100.00 87730.00
18/05/2017 12.00 12.00 13.99 13.49 35 16500.00 212011.00
19/05/2017 14.00 13.05 14.00 13.80 21 17700.00 245673.00
22/05/2017 13.11 12.80 13.45 13.40 28 12200.00 159560.00
23/05/2017 13.40 13.29 13.49 13.48 11 40500.00 545629.00
24/05/2017 13.85 13.12 13.85 13.26 46 10300.00 136351.00
25/05/2017 13.50 13.38 13.50 13.39 8 1600.00 21432.00
26/05/2017 13.70 13.30 13.70 13.30 4 3000.00 39940.00
29/05/2017 13.55 13.41 13.55 13.51 12 5400.00 72780.00
30/05/2017 13.82 13.67 13.82 13.74 8 2800.00 38476.00
31/05/2017 13.45 13.45 13.73 13.71 50 94200.00 1291364.00
01/06/2017 13.97 13.31 13.97 13.68 21 56300.00 771673.00
02/06/2017 13.93 13.60 13.93 13.85 5 700.00 9681.00
05/06/2017 13.25 13.19 13.69 13.69 46 23800.00 320163.00
06/06/2017 13.97 13.45 13.97 13.69 15 1800.00 24607.00
07/06/2017 13.50 13.43 13.67 13.67 20 38100.00 520513.00
08/06/2017 13.51 13.50 13.64 13.64 5 1000.00 13539.00
09/06/2017 13.77 13.77 13.77 13.77 1 100.00 1377.00
12/06/2017 13.76 13.50 13.76 13.66 25 90600.00 1227238.00
13/06/2017 13.73 13.68 13.73 13.68 2 200.00 2741.00
14/06/2017 13.73 13.51 13.85 13.74 14 23300.00 315411.00
16/06/2017 13.85 13.51 13.85 13.75 7 1200.00 16485.00
