20/06/2016 145.72 145.59 145.72 145.59 2 10100.00 1471746.00
21/06/2016 145.27 145.27 145.27 145.27 1 1800.00 261486.00
24/06/2016 144.40 144.40 144.40 144.40 1 600.00 86640.00
27/06/2016 141.60 140.50 141.60 140.50 4 2400.00 339338.00
28/06/2016 139.96 139.96 140.17 140.03 3 1700.00 238121.00
29/06/2016 139.23 138.87 139.23 138.87 3 3600.00 500766.00
30/06/2016 140.35 140.35 140.35 140.35 1 4400.00 617540.00
01/07/2016 140.00 140.00 140.39 140.39 2 1200.00 168039.00
05/07/2016 144.01 144.01 144.01 144.01 1 1000.00 144010.00
07/07/2016 145.95 145.95 145.95 145.95 1 700.00 102165.00
08/07/2016 145.50 145.50 145.50 145.50 1 500.00 72750.00
11/07/2016 147.27 146.86 147.27 146.86 3 1100.00 161763.00
12/07/2016 146.66 146.66 146.66 146.66 1 400.00 58664.00
14/07/2016 145.83 145.83 145.83 145.83 1 900.00 131247.00
15/07/2016 147.34 147.34 147.34 147.34 2 300.00 44202.00
18/07/2016 146.84 146.32 146.84 146.32 3 1000.00 146684.00
19/07/2016 147.46 147.46 147.46 147.46 1 600.00 88476.00
20/07/2016 147.16 147.16 147.16 147.16 1 2900.00 426764.00
21/07/2016 148.20 147.30 148.20 147.30 3 5400.00 799620.00
22/07/2016 147.10 147.10 147.10 147.10 1 300.00 44130.00
25/07/2016 147.92 147.92 148.69 148.69 26 8000.00 1185846.00
26/07/2016 145.00 145.00 145.00 145.00 1 1000.00 145000.00
28/07/2016 145.51 145.51 145.51 145.51 1 900.00 130959.00
01/08/2016 145.07 145.07 145.80 145.80 2 700.00 101695.00
02/08/2016 144.95 144.95 145.01 145.01 2 600.00 86976.00
03/08/2016 144.15 144.15 144.15 144.15 1 700.00 100905.00
05/08/2016 141.40 141.40 141.40 141.40 1 800.00 113120.00
08/08/2016 141.83 141.25 141.83 141.25 2 1100.00 155665.00
09/08/2016 139.74 139.74 139.74 139.74 2 400.00 55896.00
10/08/2016 138.43 138.43 138.43 138.43 1 500.00 69215.00
11/08/2016 141.52 141.19 141.52 141.19 2 2200.00 311311.00
12/08/2016 142.81 142.81 142.81 142.81 1 500.00 71405.00
15/08/2016 142.98 142.98 142.98 142.98 2 400.00 57192.00
16/08/2016 143.20 143.20 143.20 143.20 1 200.00 28640.00
17/08/2016 143.58 143.58 143.58 143.58 1 7800.00 1119924.00
18/08/2016 144.40 144.40 144.48 144.48 2 800.00 115528.00
22/08/2016 143.72 143.72 144.05 144.05 2 400.00 57587.00
24/08/2016 145.15 144.48 145.15 144.48 2 13700.00 1986746.00
25/08/2016 144.50 144.50 144.50 144.50 1 400.00 57800.00
26/08/2016 146.20 146.20 146.20 146.20 1 500.00 73100.00
29/08/2016 146.04 145.70 146.04 145.70 2 900.00 131232.00
30/08/2016 146.58 145.42 146.58 145.42 2 600.00 87484.00
31/08/2016 143.87 143.87 143.87 143.87 1 100.00 14387.00
02/09/2016 145.85 145.85 145.85 145.85 1 500.00 72925.00
06/09/2016 145.22 145.22 145.22 145.22 1 400.00 58088.00
08/09/2016 143.08 143.08 144.55 144.34 3 1100.00 158228.00
12/09/2016 143.79 143.79 144.27 144.27 2 1100.00 158265.00
13/09/2016 146.05 146.05 146.05 146.05 1 200.00 29210.00
14/09/2016 146.25 146.25 146.25 146.25 1 200.00 29250.00
15/09/2016 146.35 145.61 146.35 145.61 2 500.00 73101.00
16/09/2016 143.65 143.65 143.65 143.65 1 1000.00 143650.00
19/09/2016 144.46 144.46 144.55 144.55 3 800.00 115586.00
20/09/2016 144.49 144.49 144.49 144.49 1 700.00 101143.00
21/09/2016 143.80 143.62 143.80 143.62 2 2000.00 287330.00
22/09/2016 145.10 145.10 145.10 145.10 1 200.00 29020.00
23/09/2016 144.45 144.45 144.45 144.45 1 300.00 43335.00
26/09/2016 142.27 142.27 142.56 142.56 2 9100.00 1297180.00
27/09/2016 143.15 143.15 143.15 143.15 1 700.00 100205.00
28/09/2016 143.05 143.05 143.05 143.05 1 100.00 14305.00
29/09/2016 143.05 142.09 143.05 142.09 3 900.00 128489.00
30/09/2016 144.08 144.08 144.08 144.08 1 600.00 86448.00
03/10/2016 143.01 140.31 143.01 140.31 3 1600.00 225906.00
04/10/2016 139.16 139.16 139.16 139.16 1 700.00 97412.00
05/10/2016 138.31 138.25 138.31 138.25 2 1800.00 248856.00
06/10/2016 138.21 138.21 138.21 138.21 1 100.00 13821.00
07/10/2016 138.60 138.60 138.60 138.60 1 300.00 41580.00
10/10/2016 137.75 137.17 137.75 137.17 2 700.00 96309.00
11/10/2016 136.40 136.40 136.40 136.40 1 600.00 81840.00
13/10/2016 135.28 135.28 135.28 135.28 1 200.00 27056.00
17/10/2016 135.70 135.70 135.70 135.70 1 400.00 54280.00
20/10/2016 133.70 133.70 133.70 133.70 1 300.00 40110.00
21/10/2016 134.20 134.20 134.20 134.20 1 600.00 80520.00
24/10/2016 135.18 133.44 135.18 133.44 3 3200.00 427356.00
25/10/2016 128.55 128.55 129.14 129.14 2 3000.00 386594.00
26/10/2016 131.20 130.57 131.20 130.72 3 800.00 104849.00
27/10/2016 130.41 130.39 130.41 130.39 2 500.00 65203.00
28/10/2016 131.98 131.98 131.98 131.98 1 4700.00 620306.00
31/10/2016 131.40 131.40 131.40 131.40 1 400.00 52560.00
01/11/2016 133.23 133.23 133.23 133.23 1 500.00 66615.00
03/11/2016 134.86 134.86 134.86 134.86 1 1400.00 188804.00
04/11/2016 134.81 134.81 134.81 134.81 1 100.00 13481.00
07/11/2016 135.65 135.35 135.65 135.35 2 400.00 54230.00
08/11/2016 135.75 135.75 135.75 135.75 1 700.00 95025.00
09/11/2016 136.23 136.23 136.85 136.85 2 1900.00 259271.00
10/11/2016 145.64 145.05 145.64 145.05 2 3000.00 436212.00
11/11/2016 146.01 146.01 146.01 146.01 2 13000.00 1898130.00
14/11/2016 149.00 147.65 149.47 149.47 3 3800.00 561751.00
16/11/2016 146.56 146.56 147.81 147.81 2 1000.00 147685.00
17/11/2016 146.08 146.08 146.08 146.08 1 1100.00 160688.00
18/11/2016 145.94 145.94 145.94 145.94 1 100.00 14594.00
21/11/2016 143.92 143.26 143.92 143.26 3 700.00 100616.00
25/11/2016 147.90 147.90 147.90 147.90 1 400.00 59160.00
28/11/2016 145.95 145.95 145.95 145.95 1 1500.00 218925.00
01/12/2016 148.86 148.86 149.06 149.06 2 700.00 104282.00
02/12/2016 150.25 150.25 150.25 150.25 1 100.00 15025.00
05/12/2016 147.15 146.65 147.15 146.65 2 1500.00 220525.00
06/12/2016 147.19 147.19 147.19 147.19 1 400.00 58876.00
08/12/2016 148.68 148.68 148.68 148.68 1 100.00 14868.00
12/12/2016 149.46 149.46 149.46 149.46 1 100.00 14946.00
15/12/2016 148.42 148.42 148.42 148.42 1 400.00 59368.00
16/12/2016 149.87 149.87 149.87 149.87 1 1100.00 164857.00
19/12/2016 151.02 151.02 151.02 151.02 1 400.00 60408.00
27/12/2016 145.90 145.90 145.90 145.90 1 100.00 14590.00
04/01/2017 142.89 142.89 142.93 142.93 2 2100.00 300101.00
05/01/2017 142.57 142.23 142.57 142.23 2 2300.00 327673.00
09/01/2017 143.10 143.10 143.10 143.10 1 100.00 14310.00
11/01/2017 140.85 140.85 140.85 140.85 1 200.00 28170.00
12/01/2017 140.63 140.63 140.63 140.63 1 800.00 112504.00
17/01/2017 142.95 142.95 142.95 142.95 1 500.00 71475.00
24/01/2017 140.90 140.90 140.90 140.90 1 300.00 42270.00
26/01/2017 141.23 141.23 141.23 141.23 1 400.00 56492.00
30/01/2017 137.01 137.01 137.01 137.01 1 600.00 82206.00
31/01/2017 137.05 137.05 137.05 137.05 1 100.00 13705.00
01/02/2017 137.76 137.76 137.76 137.76 1 200.00 27552.00
02/02/2017 137.50 137.50 137.50 137.50 1 800.00 110000.00
03/02/2017 136.85 136.85 136.85 136.85 1 800.00 109480.00
07/02/2017 136.42 136.42 136.42 136.42 1 100.00 13642.00
08/02/2017 137.69 137.69 137.69 137.69 1 800.00 110152.00
09/02/2017 138.86 138.86 138.86 138.86 1 200.00 27772.00
14/02/2017 140.43 140.43 140.43 140.43 2 800.00 112344.00
21/02/2017 140.94 140.94 140.94 140.94 2 600.00 84564.00
22/02/2017 141.88 141.88 141.88 141.88 1 500.00 70940.00
23/02/2017 142.47 142.47 142.47 142.47 3 300.00 42741.00
01/03/2017 146.97 146.97 146.97 146.97 1 100.00 14697.00
02/03/2017 149.33 149.33 149.33 149.33 1 500.00 74665.00
03/03/2017 147.75 147.75 147.75 147.75 1 300.00 44325.00
07/03/2017 146.66 146.66 146.66 146.66 1 300.00 43998.00
09/03/2017 151.40 151.40 151.40 151.40 1 500.00 75700.00
13/03/2017 150.30 150.30 150.30 150.30 1 400.00 60120.00
14/03/2017 150.75 150.75 150.75 150.75 1 100.00 15075.00
15/03/2017 150.07 150.07 150.07 150.07 1 300.00 45021.00
16/03/2017 148.45 148.45 148.45 148.45 1 500.00 74225.00
17/03/2017 148.27 148.27 148.27 148.27 1 500.00 74135.00
21/03/2017 148.00 148.00 148.00 148.00 1 500.00 74000.00
23/03/2017 151.03 151.03 151.03 151.03 1 100.00 15103.00
24/03/2017 150.81 150.81 150.81 150.81 1 500.00 75405.00
03/04/2017 148.54 148.54 148.54 148.54 2 1100.00 163394.00
04/04/2017 148.22 147.10 148.22 147.10 2 1700.00 251526.00
06/04/2017 149.36 149.36 149.36 149.36 1 200.00 29872.00
07/04/2017 148.37 148.37 148.37 148.37 1 300.00 44511.00
10/04/2017 149.69 149.69 149.69 149.69 1 5300.00 793357.00
18/04/2017 147.91 147.91 147.91 147.91 1 500.00 73955.00
20/04/2017 150.65 150.65 150.65 150.65 1 300.00 45195.00
26/04/2017 154.90 154.90 154.90 154.90 1 500.00 77450.00
28/04/2017 155.12 155.12 155.12 155.12 1 100.00 15512.00
02/05/2017 153.97 153.97 153.97 153.97 1 6700.00 1031599.00
03/05/2017 155.51 155.51 155.51 155.51 1 300.00 46653.00
04/05/2017 158.12 158.12 158.12 158.12 1 500.00 79060.00
10/05/2017 155.43 155.43 156.06 156.06 2 3100.00 482211.00
18/05/2017 162.48 162.48 162.69 162.69 2 300.00 48786.00
22/05/2017 163.43 162.14 163.43 162.14 2 3500.00 570844.00
23/05/2017 162.61 162.61 162.61 162.61 1 100.00 16261.00
29/05/2017 164.10 164.10 164.10 164.10 1 100.00 16410.00
30/05/2017 164.80 164.77 164.80 164.77 2 4400.00 725096.00
01/06/2017 165.76 165.76 165.76 165.76 1 400.00 66304.00
02/06/2017 168.01 168.01 168.01 168.01 1 500.00 84005.00
06/06/2017 168.76 168.76 168.76 168.76 1 800.00 135008.00
09/06/2017 168.75 168.75 168.75 168.75 1 300.00 50625.00
12/06/2017 171.33 171.33 171.33 171.33 1 400.00 68532.00
16/06/2017 174.69 174.69 174.69 174.69 9 900.00 157221.00
