20/06/2016 4.06 4.05 4.06 4.05 10 4600.00 18631.00
21/06/2016 4.02 4.01 4.03 4.01 9 3000.00 12043.00
22/06/2016 4.00 3.94 4.01 3.94 12 4800.00 19144.00
23/06/2016 3.94 3.94 4.05 4.05 9 1300.00 5185.00
24/06/2016 3.97 3.96 4.04 3.96 10 1700.00 6757.00
27/06/2016 3.96 3.94 3.97 3.94 14 3500.00 13814.00
28/06/2016 4.00 4.00 4.00 4.00 2 200.00 800.00
29/06/2016 3.92 3.92 4.20 4.04 31 9800.00 39668.00
30/06/2016 3.97 3.96 4.19 3.99 21 9000.00 36451.00
01/07/2016 4.02 4.02 4.08 4.07 11 2700.00 10926.00
04/07/2016 4.05 4.05 5.22 4.78 132 51700.00 249333.00
05/07/2016 4.98 4.79 5.41 4.96 76 32000.00 163008.00
06/07/2016 5.00 4.70 5.15 4.74 43 20300.00 98941.00
07/07/2016 4.75 4.57 4.76 4.57 37 21100.00 97319.00
08/07/2016 4.57 4.53 4.57 4.53 14 4000.00 18189.00
11/07/2016 4.58 4.50 4.59 4.52 14 3000.00 13559.00
12/07/2016 4.52 4.27 4.52 4.31 40 9900.00 43617.00
13/07/2016 4.26 4.26 4.35 4.33 18 4800.00 20636.00
14/07/2016 4.30 4.28 4.46 4.43 8 1200.00 5300.00
15/07/2016 4.43 4.43 4.70 4.52 25 8900.00 40787.00
18/07/2016 4.53 4.33 4.60 4.45 33 7700.00 34022.00
19/07/2016 4.55 4.52 5.50 5.14 127 56100.00 282554.00
20/07/2016 5.16 5.01 5.47 5.29 78 36400.00 189240.00
21/07/2016 5.30 5.30 5.78 5.35 75 45800.00 250743.00
22/07/2016 5.43 5.15 5.43 5.23 48 24100.00 127092.00
25/07/2016 5.23 5.06 5.23 5.18 19 5200.00 26563.00
26/07/2016 5.09 4.88 5.15 4.92 43 25700.00 127840.00
27/07/2016 4.93 4.80 4.97 4.82 29 8800.00 42870.00
28/07/2016 4.82 4.73 4.89 4.78 28 28500.00 136111.00
29/07/2016 4.89 4.89 5.16 5.10 18 6800.00 34163.00
01/08/2016 5.20 5.20 6.06 5.63 95 66300.00 389685.00
02/08/2016 5.39 5.16 5.40 5.18 29 7500.00 39750.00
03/08/2016 5.23 5.23 5.55 5.55 10 1500.00 8112.00
04/08/2016 5.55 5.40 5.67 5.57 28 11600.00 64400.00
05/08/2016 5.49 5.32 5.49 5.32 5 1800.00 9746.00
08/08/2016 5.27 5.27 5.48 5.28 17 2500.00 13334.00
09/08/2016 5.36 5.35 5.56 5.56 13 7100.00 38127.00
10/08/2016 5.56 5.30 5.56 5.40 13 4100.00 22141.00
11/08/2016 5.40 5.40 5.55 5.40 4 1700.00 9260.00
12/08/2016 5.50 5.50 5.67 5.52 26 12800.00 71208.00
15/08/2016 5.90 5.38 6.45 5.38 136 74800.00 441134.00
16/08/2016 5.45 5.38 5.80 5.40 46 29400.00 163370.00
17/08/2016 5.68 5.53 5.69 5.69 27 9800.00 55247.00
18/08/2016 5.65 5.51 5.99 5.69 20 6900.00 39448.00
19/08/2016 5.69 5.50 5.69 5.50 17 10000.00 55775.00
22/08/2016 5.60 5.51 5.65 5.53 19 5200.00 28984.00
23/08/2016 5.52 5.52 5.80 5.52 16 4800.00 26822.00
24/08/2016 5.55 5.38 5.65 5.38 20 12100.00 66342.00
25/08/2016 5.42 5.41 5.42 5.41 10 2300.00 12463.00
26/08/2016 5.33 5.32 5.40 5.40 11 2100.00 11228.00
29/08/2016 5.54 5.30 5.54 5.30 15 3600.00 19434.00
30/08/2016 5.31 5.30 5.35 5.35 13 2900.00 15390.00
31/08/2016 5.35 5.26 5.35 5.28 12 2200.00 11631.00
01/09/2016 5.26 5.01 5.26 5.01 56 23600.00 119939.00
02/09/2016 5.03 4.97 5.10 5.06 31 22400.00 112041.00
05/09/2016 4.97 4.96 5.10 5.00 18 3800.00 19155.00
06/09/2016 4.97 4.90 4.97 4.91 17 7300.00 35860.00
08/09/2016 4.85 4.70 4.85 4.80 47 18500.00 87836.00
09/09/2016 4.71 4.62 4.76 4.66 16 8100.00 37839.00
12/09/2016 4.55 4.39 4.55 4.39 21 12800.00 57546.00
13/09/2016 4.41 4.18 4.42 4.18 36 31500.00 132857.00
14/09/2016 4.15 4.08 4.18 4.15 22 3800.00 15732.00
15/09/2016 4.15 4.13 4.25 4.25 16 15700.00 65666.00
16/09/2016 4.28 4.25 4.28 4.27 4 800.00 3408.00
19/09/2016 4.11 4.08 4.29 4.08 29 7500.00 30938.00
20/09/2016 4.10 4.00 4.10 4.00 32 17000.00 69092.00
21/09/2016 4.00 3.88 4.02 3.88 20 13700.00 54537.00
22/09/2016 3.92 3.85 3.92 3.90 19 18300.00 71112.00
23/09/2016 4.00 3.75 4.01 3.77 32 14900.00 56601.00
26/09/2016 3.67 3.60 3.75 3.61 40 14300.00 52097.00
27/09/2016 3.66 3.46 3.66 3.52 26 15900.00 57603.00
28/09/2016 3.53 3.32 3.53 3.32 92 62400.00 211826.00
29/09/2016 3.32 3.29 3.51 3.48 60 21900.00 74537.00
30/09/2016 3.33 3.30 3.46 3.30 76 51100.00 169760.00
03/10/2016 3.29 3.29 3.40 3.35 41 20800.00 69402.00
04/10/2016 3.34 3.26 3.40 3.32 44 13700.00 45378.00
05/10/2016 3.26 3.21 3.29 3.21 58 17600.00 57151.00
06/10/2016 3.26 3.09 3.26 3.09 69 54000.00 170080.00
07/10/2016 3.07 3.07 3.25 3.20 29 68300.00 217943.00
10/10/2016 3.21 3.20 3.64 3.41 194 140100.00 479560.00
11/10/2016 3.45 3.36 3.50 3.36 40 18400.00 62960.00
13/10/2016 3.44 3.29 3.44 3.30 24 7100.00 23748.00
14/10/2016 3.23 3.21 3.33 3.21 109 29200.00 95128.00
17/10/2016 3.33 3.20 3.38 3.23 52 22600.00 74035.00
18/10/2016 3.25 3.23 3.45 3.29 72 65600.00 219655.00
19/10/2016 3.29 3.19 3.31 3.27 63 36500.00 118694.00
20/10/2016 3.27 3.15 3.27 3.17 19 16600.00 53084.00
21/10/2016 3.20 3.19 3.25 3.25 19 7300.00 23611.00
24/10/2016 3.17 3.16 3.30 3.24 44 32500.00 106715.00
25/10/2016 3.46 3.23 3.46 3.39 41 28300.00 95151.00
26/10/2016 3.42 3.25 3.42 3.25 33 24400.00 81213.00
27/10/2016 3.26 3.26 4.50 4.30 307 370500.00 1398775.00
28/10/2016 4.30 4.30 6.58 5.75 1247 787600.00 4554248.00
31/10/2016 6.08 6.01 7.24 6.75 978 638800.00 4276836.00
01/11/2016 6.87 6.77 10.00 10.00 1351 967800.00 7490657.00
03/11/2016 12.30 11.30 16.70 15.00 2545 1160200.00 15840921.00
04/11/2016 15.09 7.50 15.09 7.50 1780 892700.00 8479987.00
07/11/2016 7.65 7.65 9.44 9.22 1435 638600.00 5602741.00
08/11/2016 9.51 8.32 10.40 8.68 1416 815500.00 7656392.00
09/11/2016 7.55 7.40 8.51 7.65 763 474700.00 3788992.00
10/11/2016 7.85 7.10 8.50 7.28 568 254000.00 1976426.00
11/11/2016 7.41 6.13 7.79 6.61 427 223100.00 1543968.00
14/11/2016 6.77 6.00 6.77 6.10 401 196400.00 1222378.00
16/11/2016 6.09 5.50 6.29 5.50 232 127500.00 755710.00
17/11/2016 5.68 5.68 7.70 7.60 1179 628800.00 4448231.00
18/11/2016 7.91 6.81 8.15 6.85 783 397300.00 2879842.00
21/11/2016 7.10 6.90 7.74 7.05 667 400800.00 2929092.00
22/11/2016 7.33 7.10 7.53 7.10 647 439900.00 3218543.00
23/11/2016 7.25 6.95 7.34 6.96 330 175600.00 1253543.00
24/11/2016 6.99 6.70 7.25 6.70 330 272000.00 1886903.00
25/11/2016 6.74 6.52 7.03 6.80 269 184900.00 1268007.00
28/11/2016 6.40 6.30 7.85 6.48 811 410400.00 2873027.00
