20/06/2016 7.80 7.80 7.80 7.80 1 200.00 1560.00
22/06/2016 7.79 7.70 8.50 8.50 38 17400.00 141269.00
23/06/2016 8.49 8.41 8.80 8.41 12 7300.00 62938.00
24/06/2016 8.70 8.70 9.00 9.00 13 3600.00 31921.00
27/06/2016 9.24 9.24 9.24 9.24 1 100.00 924.00
29/06/2016 8.71 8.52 8.90 8.52 14 4000.00 35046.00
30/06/2016 9.00 8.70 9.00 8.70 3 1100.00 9600.00
01/07/2016 8.95 8.70 9.00 9.00 7 2900.00 25515.00
04/07/2016 8.70 8.70 8.90 8.90 2 800.00 7080.00
05/07/2016 9.10 9.10 9.10 9.10 1 100.00 910.00
06/07/2016 9.00 8.50 9.25 9.20 24 9900.00 88650.00
07/07/2016 9.47 9.38 9.60 9.50 15 13200.00 124774.00
08/07/2016 9.60 9.49 9.80 9.49 12 4000.00 38739.00
11/07/2016 9.90 9.90 10.50 10.01 13 4000.00 40133.00
12/07/2016 10.50 10.50 10.75 10.60 16 2500.00 26568.00
13/07/2016 10.59 9.85 10.60 9.85 22 3700.00 37599.00
14/07/2016 10.49 9.91 10.50 9.91 11 1200.00 12250.00
15/07/2016 9.87 9.85 9.87 9.85 6 1300.00 12812.00
18/07/2016 9.50 8.89 9.50 8.93 24 12900.00 115431.00
19/07/2016 8.93 8.93 9.70 9.70 15 3900.00 36310.00
20/07/2016 10.14 9.55 10.15 10.13 8 800.00 8055.00
21/07/2016 9.57 9.50 10.20 10.20 18 6100.00 61360.00
22/07/2016 10.43 10.43 10.50 10.45 7 2200.00 23022.00
25/07/2016 10.60 10.60 10.70 10.70 5 500.00 5325.00
26/07/2016 10.78 10.78 10.80 10.80 4 400.00 4318.00
27/07/2016 10.80 10.80 11.33 11.33 19 4600.00 50453.00
28/07/2016 11.59 11.59 11.60 11.60 3 300.00 3478.00
29/07/2016 12.00 12.00 12.00 12.00 4 600.00 7200.00
01/08/2016 11.62 11.62 11.62 11.62 1 100.00 1162.00
02/08/2016 12.20 11.99 12.20 12.19 6 2500.00 30059.00
04/08/2016 11.62 11.60 11.63 11.60 7 900.00 10457.00
05/08/2016 11.60 11.59 11.60 11.59 2 200.00 2319.00
08/08/2016 11.53 11.53 11.53 11.53 1 100.00 1153.00
09/08/2016 11.60 11.50 11.60 11.60 6 1000.00 11555.00
10/08/2016 11.70 11.70 11.70 11.70 2 5000.00 58500.00
11/08/2016 11.20 11.10 11.70 11.31 12 2400.00 27589.00
12/08/2016 12.14 12.14 12.14 12.14 1 100.00 1214.00
15/08/2016 11.35 11.02 11.69 11.69 8 800.00 9046.00
16/08/2016 11.47 11.10 11.47 11.10 2 200.00 2257.00
17/08/2016 11.46 11.45 11.46 11.46 5 3500.00 40079.00
18/08/2016 11.00 11.00 11.50 11.50 14 3400.00 37937.00
19/08/2016 11.57 11.57 11.57 11.57 1 100.00 1157.00
22/08/2016 11.07 11.07 11.07 11.07 1 100.00 1107.00
23/08/2016 11.02 11.00 11.02 11.00 10 1800.00 19804.00
24/08/2016 10.81 10.55 10.81 10.55 4 400.00 4297.00
25/08/2016 10.82 10.80 11.00 11.00 7 1700.00 18403.00
26/08/2016 10.80 10.80 10.80 10.80 1 100.00 1080.00
29/08/2016 10.80 10.35 10.80 10.50 4 1300.00 13651.00
30/08/2016 10.35 10.26 10.60 10.26 8 800.00 8310.00
31/08/2016 12.09 10.60 12.10 11.00 10 13200.00 158361.00
01/09/2016 10.81 10.81 10.81 10.81 1 100.00 1081.00
09/09/2016 10.80 9.95 10.80 9.95 9 1000.00 10242.00
12/09/2016 9.97 9.00 9.97 9.01 23 7100.00 66506.00
13/09/2016 9.01 9.00 9.01 9.00 2 200.00 1801.00
14/09/2016 9.00 9.00 9.00 9.00 2 3100.00 27900.00
15/09/2016 9.10 8.75 9.10 8.88 13 2400.00 21167.00
16/09/2016 8.70 8.50 8.70 8.51 11 4900.00 42025.00
19/09/2016 8.51 8.51 8.51 8.51 1 2000.00 17020.00
20/09/2016 8.60 8.60 9.50 9.50 16 3400.00 30319.00
21/09/2016 9.30 8.70 9.30 8.70 4 1100.00 10071.00
22/09/2016 9.30 9.30 9.30 9.30 1 100.00 930.00
23/09/2016 9.13 9.13 9.13 9.13 1 200.00 1826.00
26/09/2016 9.40 9.40 9.45 9.45 2 2100.00 19745.00
27/09/2016 9.38 8.69 9.38 9.00 8 1900.00 16996.00
28/09/2016 8.89 8.50 8.89 8.50 8 900.00 7827.00
30/09/2016 8.50 8.50 8.50 8.50 5 600.00 5100.00
03/10/2016 8.80 8.50 8.80 8.50 2 300.00 2580.00
05/10/2016 8.88 8.60 9.20 9.00 7 7600.00 66779.00
06/10/2016 9.75 9.75 10.30 10.00 7 700.00 7018.00
10/10/2016 9.56 9.06 9.56 9.06 13 1600.00 14744.00
13/10/2016 9.02 9.01 9.02 9.01 2 200.00 1803.00
17/10/2016 9.01 8.91 9.01 8.91 5 1300.00 11703.00
18/10/2016 9.01 8.86 9.01 8.86 9 2100.00 18712.00
19/10/2016 8.82 8.66 8.82 8.81 11 2100.00 18483.00
20/10/2016 8.83 8.80 8.83 8.80 5 1600.00 14125.00
24/10/2016 8.80 8.80 9.00 9.00 6 1100.00 9800.00
25/10/2016 8.90 8.90 8.95 8.95 5 1000.00 8925.00
26/10/2016 8.95 8.95 9.00 9.00 5 14500.00 130490.00
27/10/2016 9.37 9.37 9.91 9.91 9 1400.00 13514.00
28/10/2016 9.99 9.11 10.10 10.10 22 3700.00 36808.00
31/10/2016 10.09 10.09 10.09 10.09 1 200.00 2018.00
01/11/2016 10.10 10.00 10.75 10.45 11 1900.00 19800.00
03/11/2016 10.30 10.30 10.30 10.30 4 5700.00 58710.00
04/11/2016 10.35 10.34 10.45 10.40 8 2100.00 21789.00
07/11/2016 10.84 10.84 10.87 10.87 4 500.00 5428.00
08/11/2016 11.04 11.00 11.10 11.10 4 400.00 4419.00
09/11/2016 11.09 11.09 11.10 11.10 2 600.00 6659.00
10/11/2016 11.47 11.20 11.47 11.20 6 700.00 7944.00
11/11/2016 11.20 11.20 11.20 11.20 2 200.00 2240.00
14/11/2016 11.90 11.90 11.90 11.90 1 100.00 1190.00
17/11/2016 11.00 11.00 11.00 11.00 4 500.00 5500.00
18/11/2016 11.00 11.00 11.00 11.00 1 200.00 2200.00
21/11/2016 11.00 11.00 11.40 11.00 14 2400.00 26551.00
22/11/2016 11.00 10.79 11.01 10.79 10 3000.00 32980.00
23/11/2016 10.70 10.64 11.20 11.20 8 3200.00 34806.00
25/11/2016 10.75 10.51 10.75 10.51 4 1200.00 12847.00
28/11/2016 10.60 10.60 10.60 10.60 1 100.00 1060.00
01/12/2016 10.60 10.60 10.60 10.60 1 100.00 1060.00
02/12/2016 10.50 10.50 10.50 10.50 1 100.00 1050.00
05/12/2016 10.50 10.50 10.50 10.50 2 400.00 4200.00
06/12/2016 10.50 10.50 10.50 10.50 2 300.00 3150.00
08/12/2016 10.50 10.50 10.50 10.50 1 100.00 1050.00
09/12/2016 10.48 10.48 10.48 10.48 3 400.00 4192.00
13/12/2016 11.47 11.46 11.47 11.46 2 200.00 2293.00
21/12/2016 11.00 11.00 11.00 11.00 2 200.00 2200.00
23/12/2016 11.00 11.00 11.00 11.00 2 200.00 2200.00
26/12/2016 10.51 10.51 10.80 10.80 2 3800.00 41011.00
27/12/2016 10.52 10.52 10.52 10.52 1 100.00 1052.00
29/12/2016 10.51 10.48 10.51 10.48 5 500.00 5245.00
02/01/2017 10.80 10.80 10.80 10.80 2 900.00 9720.00
03/01/2017 10.99 10.99 11.39 11.39 3 500.00 5570.00
04/01/2017 11.29 11.29 11.85 11.85 7 1800.00 20483.00
11/01/2017 10.52 10.52 10.53 10.53 4 400.00 4209.00
12/01/2017 11.10 11.00 11.50 11.00 9 1900.00 21149.00
13/01/2017 11.20 11.20 11.30 11.30 2 600.00 6770.00
17/01/2017 11.20 11.20 11.50 11.50 3 400.00 4510.00
18/01/2017 11.50 11.50 11.69 11.60 12 2100.00 24242.00
20/01/2017 11.77 11.77 11.80 11.80 4 400.00 4715.00
24/01/2017 11.31 11.31 11.89 11.89 5 500.00 5857.00
26/01/2017 11.80 11.80 14.00 13.00 23 12500.00 156789.00
27/01/2017 12.01 12.00 13.33 13.33 3 400.00 4934.00
30/01/2017 12.05 12.03 12.05 12.03 4 400.00 4816.00
01/02/2017 12.03 12.01 12.03 12.01 4 1400.00 16816.00
02/02/2017 12.01 12.01 12.01 12.01 4 700.00 8407.00
03/02/2017 12.02 12.02 12.02 12.02 1 100.00 1202.00
06/02/2017 12.01 12.01 12.01 12.01 8 4100.00 49241.00
07/02/2017 12.01 12.01 12.01 12.01 1 400.00 4804.00
08/02/2017 12.01 12.00 12.01 12.00 5 600.00 7203.00
14/02/2017 12.03 12.03 12.03 12.03 2 1200.00 14436.00
15/02/2017 12.03 12.03 12.03 12.03 2 600.00 7218.00
16/02/2017 12.05 12.03 12.05 12.03 6 600.00 7223.00
17/02/2017 12.12 12.03 12.12 12.03 2 200.00 2415.00
21/02/2017 12.03 12.00 12.03 12.00 3 3100.00 37287.00
22/02/2017 11.89 11.85 11.89 11.85 3 5000.00 59260.00
23/02/2017 12.80 12.80 12.80 12.80 5 900.00 11520.00
02/03/2017 12.50 12.50 12.50 12.50 1 100.00 1250.00
03/03/2017 12.01 12.00 12.01 12.01 4 400.00 4803.00
07/03/2017 12.05 12.05 12.05 12.05 4 3000.00 36150.00
08/03/2017 12.05 12.05 12.05 12.05 2 300.00 3615.00
09/03/2017 12.05 12.05 12.05 12.05 3 1000.00 12050.00
10/03/2017 12.05 12.05 12.05 12.05 2 600.00 7230.00
13/03/2017 11.85 11.85 11.90 11.90 2 200.00 2375.00
14/03/2017 11.91 11.91 11.91 11.91 1 3000.00 35730.00
15/03/2017 11.91 11.91 11.91 11.91 1 8000.00 95280.00
16/03/2017 11.95 11.95 11.95 11.95 1 600.00 7170.00
17/03/2017 11.95 11.95 11.95 11.95 1 100.00 1195.00
20/03/2017 11.95 11.90 13.40 13.40 5 800.00 9787.00
21/03/2017 11.90 11.90 12.50 11.96 11 1800.00 21656.00
22/03/2017 12.70 12.70 12.80 12.80 2 200.00 2550.00
23/03/2017 12.50 12.05 12.85 12.05 5 2300.00 28535.00
27/03/2017 12.10 12.10 12.10 12.10 1 100.00 1210.00
28/03/2017 12.50 12.49 12.84 12.84 5 2700.00 34427.00
29/03/2017 12.05 12.05 12.05 12.05 1 600.00 7230.00
30/03/2017 12.15 12.05 12.15 12.05 2 700.00 8485.00
06/04/2017 12.05 12.05 12.05 12.05 1 100.00 1205.00
07/04/2017 12.05 12.05 12.05 12.05 1 100.00 1205.00
10/04/2017 12.00 12.00 12.00 12.00 2 1200.00 14400.00
11/04/2017 12.50 12.50 12.50 12.50 4 8200.00 102500.00
12/04/2017 12.65 12.65 12.65 12.65 2 200.00 2530.00
13/04/2017 12.65 12.00 12.75 12.70 10 7600.00 95924.00
17/04/2017 12.67 12.67 12.68 12.67 4 18300.00 231863.00
18/04/2017 12.85 12.85 12.99 12.99 5 600.00 7736.00
19/04/2017 12.90 12.90 13.00 13.00 10 4500.00 58240.00
20/04/2017 12.93 12.90 13.00 12.90 8 1400.00 18094.00
24/04/2017 12.90 12.90 12.90 12.90 1 200.00 2580.00
25/04/2017 12.98 12.98 12.98 12.98 1 400.00 5192.00
26/04/2017 12.96 12.96 13.01 13.01 5 7100.00 92207.00
27/04/2017 13.16 13.16 13.16 13.16 4 1600.00 21056.00
28/04/2017 13.05 13.00 13.30 13.00 5 1700.00 22355.00
03/05/2017 13.29 13.29 13.29 13.29 2 2100.00 27909.00
05/05/2017 12.80 12.30 13.14 12.30 3 2000.00 25890.00
08/05/2017 12.99 12.80 13.18 12.80 6 1100.00 14305.00
10/05/2017 12.90 12.90 12.90 12.90 2 9500.00 122550.00
11/05/2017 12.90 12.90 12.90 12.90 1 300.00 3870.00
12/05/2017 12.90 12.90 13.35 13.35 4 18200.00 234825.00
15/05/2017 13.70 13.70 14.78 14.78 8 900.00 12916.00
16/05/2017 14.80 14.75 14.80 14.75 2 200.00 2955.00
17/05/2017 13.90 13.90 13.94 13.94 3 300.00 4174.00
18/05/2017 13.49 12.50 13.49 12.50 5 1300.00 16415.00
19/05/2017 13.48 13.48 13.48 13.48 1 100.00 1348.00
22/05/2017 13.48 13.48 13.49 13.49 6 19400.00 261705.00
23/05/2017 13.49 13.49 13.49 13.49 1 2000.00 26980.00
24/05/2017 13.48 13.48 13.49 13.49 2 900.00 12140.00
25/05/2017 13.98 13.01 13.99 13.99 9 2500.00 34644.00
31/05/2017 13.00 13.00 13.00 13.00 2 300.00 3900.00
01/06/2017 13.01 13.00 14.02 14.02 3 4100.00 53422.00
08/06/2017 13.00 13.00 13.94 13.94 4 500.00 6599.00
09/06/2017 13.02 13.00 13.02 13.00 3 300.00 3903.00
16/06/2017 13.90 13.90 13.90 13.90 1 100.00 1390.00
