20/06/2016 3.11 3.05 3.15 3.05 10 3700.00 11556.00
21/06/2016 2.90 2.90 2.90 2.90 6 2900.00 8410.00
23/06/2016 2.88 2.88 3.15 2.89 14 10300.00 31468.00
24/06/2016 2.90 2.90 2.90 2.90 6 2000.00 5800.00
28/06/2016 2.85 2.85 2.85 2.85 1 100.00 285.00
30/06/2016 2.73 2.73 3.00 3.00 5 900.00 2673.00
01/07/2016 3.00 3.00 3.00 3.00 4 1600.00 4800.00
04/07/2016 3.06 3.06 3.50 3.47 27 12300.00 41365.00
05/07/2016 3.13 3.13 3.13 3.13 4 2200.00 6886.00
06/07/2016 3.06 3.06 3.27 3.27 6 1500.00 4639.00
07/07/2016 3.22 3.20 3.50 3.50 15 7900.00 26455.00
08/07/2016 3.67 3.40 4.20 3.40 44 16300.00 59848.00
11/07/2016 3.50 3.50 3.50 3.50 1 400.00 1400.00
12/07/2016 3.45 3.45 4.10 3.82 36 26600.00 103314.00
13/07/2016 3.99 3.51 3.99 3.51 7 1000.00 3728.00
14/07/2016 3.45 3.22 3.45 3.27 30 14200.00 46467.00
15/07/2016 3.47 3.32 3.47 3.32 11 1700.00 5809.00
18/07/2016 3.29 3.29 3.33 3.33 3 600.00 1991.00
19/07/2016 3.40 3.40 3.69 3.69 12 12500.00 44399.00
20/07/2016 3.58 3.50 4.68 4.68 137 81700.00 338746.00
21/07/2016 4.73 3.91 4.85 4.00 75 31200.00 133806.00
22/07/2016 4.16 4.16 4.49 4.23 22 18200.00 78656.00
25/07/2016 4.60 4.00 4.60 4.00 30 24200.00 105671.00
26/07/2016 3.95 3.95 4.00 3.97 8 3700.00 14730.00
27/07/2016 3.95 3.82 4.01 3.82 14 4200.00 16505.00
28/07/2016 3.71 3.70 3.90 3.90 6 1700.00 6495.00
29/07/2016 4.00 4.00 4.40 4.07 20 12800.00 53695.00
01/08/2016 4.08 3.90 4.35 3.90 7 2800.00 11398.00
02/08/2016 4.31 4.05 4.31 4.20 16 10400.00 44135.00
03/08/2016 4.28 4.28 4.60 4.60 17 6200.00 27181.00
04/08/2016 4.58 4.45 5.00 4.45 54 41100.00 193328.00
05/08/2016 4.99 4.53 4.99 4.53 10 1800.00 8701.00
08/08/2016 4.42 4.32 4.70 4.70 11 5000.00 22735.00
09/08/2016 4.89 4.31 5.10 4.31 24 12700.00 60908.00
10/08/2016 4.69 4.50 5.00 4.90 37 12000.00 56371.00
11/08/2016 4.70 4.40 5.00 4.40 30 13600.00 63791.00
12/08/2016 4.53 4.05 4.53 4.05 32 12500.00 54216.00
15/08/2016 4.12 3.82 4.12 3.82 13 5900.00 23419.00
16/08/2016 3.99 3.85 4.38 4.13 9 1700.00 6794.00
17/08/2016 4.13 3.70 4.13 3.71 27 35100.00 140975.00
18/08/2016 4.00 3.74 4.00 3.95 10 1600.00 6193.00
19/08/2016 3.98 3.95 3.98 3.95 2 200.00 793.00
22/08/2016 3.90 3.72 3.90 3.72 6 1600.00 6067.00
23/08/2016 3.90 3.89 3.90 3.89 4 900.00 3508.00
24/08/2016 3.89 3.81 3.89 3.81 3 700.00 2712.00
25/08/2016 3.84 3.80 3.91 3.80 6 800.00 3056.00
26/08/2016 3.88 3.88 3.89 3.89 3 300.00 1166.00
29/08/2016 3.80 3.80 3.80 3.80 2 200.00 760.00
30/08/2016 3.74 3.60 3.74 3.60 6 1900.00 6956.00
31/08/2016 3.70 3.70 3.70 3.70 1 100.00 370.00
01/09/2016 3.54 3.50 3.55 3.51 15 4800.00 16925.00
02/09/2016 3.47 3.47 3.47 3.47 1 200.00 694.00
05/09/2016 3.60 3.60 3.60 3.60 1 100.00 360.00
06/09/2016 3.60 3.60 3.60 3.60 1 100.00 360.00
09/09/2016 3.50 3.50 3.51 3.51 9 2100.00 7352.00
12/09/2016 3.52 3.52 3.52 3.52 2 2000.00 7040.00
14/09/2016 3.50 3.50 3.50 3.50 1 100.00 350.00
15/09/2016 3.40 3.40 3.40 3.40 2 500.00 1700.00
16/09/2016 3.30 3.30 3.45 3.40 7 3500.00 11864.00
19/09/2016 3.40 3.31 3.40 3.31 4 1400.00 4648.00
20/09/2016 3.20 3.20 3.20 3.20 1 500.00 1600.00
21/09/2016 3.15 3.10 3.15 3.12 4 700.00 2195.00
22/09/2016 3.20 3.00 3.32 3.10 14 4800.00 14872.00
23/09/2016 3.10 3.10 3.50 3.40 18 2900.00 9414.00
26/09/2016 3.40 3.39 3.40 3.39 3 500.00 1697.00
27/09/2016 3.20 3.15 3.34 3.34 5 2100.00 6815.00
28/09/2016 3.35 3.35 3.70 3.56 32 20200.00 70927.00
29/09/2016 3.65 3.50 3.70 3.50 17 11400.00 41348.00
30/09/2016 3.50 3.40 3.50 3.50 4 24200.00 84618.00
03/10/2016 3.47 3.47 3.47 3.47 3 1000.00 3470.00
04/10/2016 3.45 3.45 3.45 3.45 1 100.00 345.00
05/10/2016 3.40 3.40 3.50 3.50 4 800.00 2780.00
06/10/2016 3.50 3.50 3.59 3.55 7 2000.00 7120.00
07/10/2016 3.57 3.57 3.57 3.57 2 300.00 1071.00
10/10/2016 3.57 3.50 3.65 3.50 10 4000.00 14229.00
11/10/2016 3.59 3.30 3.59 3.45 14 3600.00 12176.00
14/10/2016 3.40 3.31 3.48 3.48 4 1500.00 5107.00
17/10/2016 3.40 3.40 3.49 3.49 2 200.00 689.00
18/10/2016 3.35 3.30 3.35 3.30 6 2300.00 7642.00
19/10/2016 3.40 3.33 3.40 3.33 3 700.00 2366.00
20/10/2016 3.33 3.33 3.50 3.40 9 1700.00 5734.00
21/10/2016 3.30 3.10 3.50 3.16 62 23200.00 75057.00
24/10/2016 3.18 3.16 3.25 3.25 4 700.00 2232.00
25/10/2016 3.20 3.16 3.20 3.16 3 600.00 1916.00
26/10/2016 3.16 3.14 3.16 3.14 4 1400.00 4403.00
27/10/2016 3.20 3.20 3.49 3.34 30 8600.00 28947.00
31/10/2016 3.21 3.21 3.30 3.30 2 1000.00 3255.00
01/11/2016 3.30 3.20 3.30 3.20 4 3500.00 11307.00
03/11/2016 3.11 3.10 3.24 3.24 12 2400.00 7554.00
04/11/2016 3.25 3.15 3.25 3.19 8 1600.00 5105.00
07/11/2016 3.20 3.20 3.20 3.20 1 3500.00 11200.00
08/11/2016 3.20 3.20 3.20 3.20 1 100.00 320.00
09/11/2016 3.15 3.15 3.15 3.15 1 500.00 1575.00
10/11/2016 3.10 3.10 3.10 3.10 3 1000.00 3100.00
11/11/2016 3.10 3.07 3.12 3.10 6 1100.00 3409.00
14/11/2016 3.05 2.90 3.05 2.95 10 4700.00 14047.00
16/11/2016 2.82 2.80 2.82 2.80 4 1000.00 2803.00
21/11/2016 2.90 2.90 2.90 2.90 1 100.00 290.00
22/11/2016 2.85 2.85 2.85 2.85 1 200.00 570.00
23/11/2016 2.85 2.76 2.85 2.76 3 400.00 1122.00
25/11/2016 2.70 2.68 2.73 2.68 12 72100.00 196780.00
28/11/2016 2.70 2.70 3.25 3.25 30 21400.00 65495.00
29/11/2016 3.30 3.00 3.30 3.20 8 2400.00 7540.00
30/11/2016 3.00 3.00 3.15 3.00 10 7100.00 21400.00
01/12/2016 3.10 3.01 3.10 3.01 8 4900.00 14792.00
02/12/2016 3.10 3.10 3.20 3.11 6 4700.00 14792.00
05/12/2016 3.01 3.00 3.45 3.10 49 31400.00 101320.00
06/12/2016 3.18 3.10 3.23 3.20 12 7800.00 24779.00
07/12/2016 3.30 3.17 3.45 3.17 16 12800.00 41720.00
08/12/2016 3.20 3.20 3.20 3.20 2 4000.00 12800.00
09/12/2016 3.07 3.07 3.07 3.07 1 1000.00 3070.00
12/12/2016 3.10 3.10 3.20 3.20 10 10000.00 31743.00
13/12/2016 3.29 3.29 3.29 3.29 3 600.00 1974.00
21/12/2016 3.20 3.20 3.20 3.20 1 500.00 1600.00
22/12/2016 3.14 3.14 3.15 3.15 2 1200.00 3778.00
27/12/2016 3.15 3.00 3.15 3.00 4 1700.00 5175.00
28/12/2016 3.02 3.00 3.02 3.00 3 500.00 1503.00
29/12/2016 3.00 3.00 3.05 3.05 2 400.00 1215.00
04/01/2017 3.02 3.00 3.02 3.00 4 1000.00 3003.00
05/01/2017 3.00 3.00 3.10 3.00 6 2300.00 6921.00
06/01/2017 3.20 3.00 3.20 3.00 7 2400.00 7583.00
09/01/2017 3.25 3.25 3.25 3.25 2 500.00 1625.00
10/01/2017 3.01 3.01 3.05 3.05 2 200.00 606.00
11/01/2017 3.10 3.01 3.20 3.06 12 10700.00 33007.00
12/01/2017 3.18 3.10 3.24 3.11 6 6600.00 20858.00
13/01/2017 3.20 3.20 3.20 3.20 1 200.00 640.00
16/01/2017 3.20 3.20 3.20 3.20 1 1500.00 4800.00
17/01/2017 3.20 3.12 3.24 3.12 5 2300.00 7349.00
18/01/2017 3.15 3.10 3.29 3.10 11 6700.00 21183.00
19/01/2017 3.19 3.11 3.19 3.11 4 3700.00 11787.00
20/01/2017 3.18 3.18 3.18 3.18 1 500.00 1590.00
26/01/2017 3.20 3.20 3.99 3.40 24 8300.00 29744.00
27/01/2017 3.40 3.27 3.50 3.45 9 5400.00 18394.00
30/01/2017 3.26 3.13 3.43 3.13 10 7600.00 24503.00
31/01/2017 3.19 3.19 3.35 3.35 5 63500.00 203238.00
01/02/2017 3.35 3.26 3.79 3.30 15 5300.00 18587.00
02/02/2017 3.30 3.30 4.09 3.41 46 22300.00 80581.00
03/02/2017 3.37 3.37 3.70 3.70 7 4100.00 14412.00
06/02/2017 3.80 3.80 3.80 3.80 1 400.00 1520.00
07/02/2017 3.79 3.79 3.79 3.79 1 100.00 379.00
10/02/2017 3.50 3.46 3.78 3.78 11 9300.00 33064.00
14/02/2017 3.48 3.37 3.48 3.37 5 2800.00 9634.00
15/02/2017 3.58 3.58 3.79 3.79 3 900.00 3243.00
16/02/2017 3.75 3.37 3.75 3.37 11 6000.00 20589.00
17/02/2017 3.37 3.21 3.37 3.21 26 9500.00 31618.00
20/02/2017 3.22 3.22 3.55 3.55 13 30600.00 100416.00
21/02/2017 3.54 3.30 3.54 3.48 4 2300.00 7770.00
22/02/2017 3.39 3.39 3.39 3.39 3 300.00 1017.00
23/02/2017 3.40 3.40 3.40 3.40 1 100.00 340.00
24/02/2017 3.39 3.39 3.39 3.39 2 1000.00 3390.00
01/03/2017 3.20 3.15 3.20 3.15 7 2500.00 7975.00
02/03/2017 3.17 3.16 3.21 3.21 7 1900.00 6071.00
03/03/2017 3.25 3.25 3.25 3.25 1 100.00 325.00
06/03/2017 3.16 3.16 3.16 3.16 1 100.00 316.00
07/03/2017 3.25 3.16 3.25 3.16 5 900.00 2853.00
08/03/2017 3.16 3.16 3.16 3.16 3 300.00 948.00
09/03/2017 3.11 3.05 3.11 3.05 8 1600.00 4950.00
10/03/2017 3.04 3.04 3.10 3.07 6 800.00 2441.00
14/03/2017 3.06 3.06 3.06 3.06 2 200.00 612.00
15/03/2017 3.12 3.12 3.39 3.30 32 7900.00 25850.00
16/03/2017 3.30 3.16 3.30 3.16 14 4800.00 15269.00
17/03/2017 3.13 3.01 3.13 3.01 12 6700.00 20672.00
20/03/2017 3.20 3.20 3.20 3.20 1 100.00 320.00
21/03/2017 3.05 3.00 3.05 3.00 7 1700.00 5112.00
22/03/2017 2.95 2.85 2.95 2.95 9 1400.00 4074.00
23/03/2017 2.91 2.90 2.95 2.90 4 1400.00 4072.00
24/03/2017 3.41 2.95 3.41 2.95 10 24400.00 73315.00
27/03/2017 2.95 2.95 2.95 2.95 2 500.00 1475.00
28/03/2017 3.00 3.00 3.10 3.05 12 8000.00 24040.00
29/03/2017 3.10 2.90 3.10 2.90 8 1700.00 5120.00
30/03/2017 2.87 2.87 2.95 2.95 2 700.00 2025.00
31/03/2017 3.00 3.00 3.00 3.00 3 1000.00 3000.00
04/04/2017 2.99 2.99 2.99 2.99 2 200.00 598.00
05/04/2017 2.95 2.95 2.95 2.95 2 600.00 1770.00
06/04/2017 2.91 2.90 2.91 2.90 2 200.00 581.00
07/04/2017 2.90 2.90 2.90 2.90 2 1700.00 4930.00
11/04/2017 2.81 2.78 2.81 2.78 4 2800.00 7824.00
12/04/2017 2.71 2.61 2.80 2.80 14 2600.00 7011.00
13/04/2017 2.80 2.70 2.80 2.77 3 600.00 1654.00
17/04/2017 2.78 2.78 2.78 2.78 2 800.00 2224.00
19/04/2017 2.70 2.70 2.70 2.70 7 2800.00 7560.00
24/04/2017 2.70 2.69 2.70 2.69 2 900.00 2429.00
25/04/2017 2.65 2.65 2.98 2.98 122 31600.00 87999.00
26/04/2017 3.00 2.76 3.05 2.76 56 17100.00 50573.00
27/04/2017 2.90 2.80 3.00 2.80 18 4800.00 14038.00
28/04/2017 2.79 2.75 2.89 2.75 11 3500.00 9734.00
02/05/2017 2.78 2.78 2.80 2.80 4 1600.00 4450.00
04/05/2017 2.80 2.70 2.80 2.70 3 500.00 1360.00
05/05/2017 2.85 2.83 3.08 2.90 160 51900.00 154121.00
08/05/2017 3.00 2.80 3.00 2.81 21 9100.00 26509.00
09/05/2017 2.85 2.79 2.90 2.79 14 2700.00 7594.00
10/05/2017 2.79 2.75 2.95 2.75 53 21100.00 60068.00
11/05/2017 2.72 2.72 2.87 2.77 35 17700.00 49739.00
12/05/2017 2.85 2.77 2.85 2.77 2 300.00 847.00
15/05/2017 2.77 2.64 2.77 2.64 13 5600.00 15151.00
16/05/2017 2.70 2.70 2.80 2.80 6 1600.00 4402.00
17/05/2017 2.70 2.69 2.75 2.69 17 4200.00 11382.00
18/05/2017 2.55 2.49 2.55 2.50 17 33900.00 84788.00
19/05/2017 2.57 2.57 2.60 2.60 3 600.00 1548.00
22/05/2017 2.65 2.50 2.65 2.50 2 600.00 1515.00
23/05/2017 2.52 2.52 2.52 2.52 1 400.00 1008.00
24/05/2017 2.54 2.54 2.54 2.54 2 1500.00 3810.00
26/05/2017 2.45 2.45 2.45 2.45 5 2000.00 4900.00
29/05/2017 2.46 2.46 2.70 2.70 7 3400.00 8856.00
30/05/2017 2.70 2.70 2.94 2.82 41 12200.00 34784.00
31/05/2017 2.76 2.75 2.85 2.85 5 500.00 1406.00
01/06/2017 2.85 2.75 2.90 2.75 21 5400.00 15282.00
02/06/2017 2.77 2.75 2.77 2.75 2 500.00 1377.00
06/06/2017 2.70 2.70 2.85 2.85 10 3900.00 10913.00
07/06/2017 2.77 2.70 2.77 2.70 3 1000.00 2746.00
09/06/2017 2.70 2.70 2.70 2.70 2 300.00 810.00
