05/07/2016 42.50 42.50 42.50 42.50 2 300.00 12750.00
11/07/2016 42.72 42.72 42.72 42.72 1 100.00 4272.00
13/07/2016 44.51 44.35 44.51 44.35 2 400.00 17772.00
29/08/2016 45.55 45.55 45.55 45.55 2 26900.00 1225295.00
30/08/2016 48.88 48.88 48.88 48.88 1 600.00 29328.00
06/09/2016 46.01 46.01 46.01 46.01 1 2500.00 115025.00
12/09/2016 44.50 44.50 44.50 44.50 2 1800.00 80100.00
15/09/2016 42.68 42.68 42.68 42.68 1 100.00 4268.00
19/09/2016 41.73 41.73 41.81 41.81 2 1200.00 50092.00
26/09/2016 39.51 39.51 39.51 39.51 1 200.00 7902.00
28/09/2016 38.83 38.83 38.83 38.83 1 400.00 15532.00
30/09/2016 39.64 39.64 39.64 39.64 1 100.00 3964.00
03/10/2016 40.11 40.11 40.11 40.11 1 400.00 16044.00
06/10/2016 39.83 39.83 39.83 39.83 1 300.00 11949.00
10/10/2016 39.57 39.57 39.57 39.57 1 1000.00 39570.00
14/10/2016 36.96 36.96 36.96 36.96 1 100.00 3696.00
17/10/2016 36.80 36.80 36.81 36.81 2 1200.00 44162.00
20/10/2016 38.18 38.18 38.18 38.18 1 200.00 7636.00
24/10/2016 37.81 37.81 37.81 37.81 1 1700.00 64277.00
26/10/2016 38.94 38.94 38.94 38.94 1 400.00 15576.00
27/10/2016 38.15 38.15 38.15 38.15 1 300.00 11445.00
07/11/2016 40.36 40.36 40.36 40.36 1 1300.00 52468.00
10/11/2016 47.59 47.59 47.59 47.59 1 300.00 14277.00
14/11/2016 48.04 48.04 48.13 48.13 2 1600.00 76936.00
18/11/2016 47.48 47.48 47.48 47.48 1 300.00 14244.00
21/11/2016 48.40 48.40 48.40 48.40 1 100.00 4840.00
28/11/2016 46.41 46.41 46.41 46.41 1 700.00 32487.00
05/12/2016 50.40 50.40 50.40 50.40 1 400.00 20160.00
06/12/2016 49.57 49.57 49.57 49.57 1 2000.00 99140.00
12/12/2016 50.29 50.29 50.29 50.29 2 500.00 25145.00
19/12/2016 47.03 47.03 47.03 47.03 1 600.00 28218.00
22/12/2016 48.09 48.09 48.09 48.09 1 100.00 4809.00
27/12/2016 48.87 48.87 48.87 48.87 1 500.00 24435.00
28/12/2016 47.69 47.69 47.69 47.69 1 100.00 4769.00
03/01/2017 48.11 48.11 48.11 48.11 1 200.00 9622.00
09/01/2017 49.22 49.22 49.22 49.22 1 300.00 14766.00
17/01/2017 49.83 49.83 49.83 49.83 1 500.00 24915.00
23/01/2017 49.66 49.66 49.66 49.66 1 100.00 4966.00
26/01/2017 50.45 50.45 50.45 50.45 1 200.00 10090.00
30/01/2017 47.82 47.82 47.82 47.82 1 100.00 4782.00
03/02/2017 49.40 49.40 49.40 49.40 1 200.00 9880.00
06/02/2017 49.57 49.57 49.57 49.57 2 200.00 9914.00
07/02/2017 50.00 50.00 50.00 50.00 1 400.00 20000.00
13/02/2017 52.92 52.92 52.92 52.92 1 600.00 31752.00
01/03/2017 48.54 48.54 48.54 48.54 1 200.00 9708.00
06/03/2017 46.67 46.67 46.70 46.70 2 1400.00 65350.00
07/03/2017 45.28 45.28 45.28 45.28 1 200.00 9056.00
13/03/2017 46.03 46.03 46.03 46.03 1 500.00 23015.00
03/04/2017 44.65 44.65 44.65 44.65 1 200.00 8930.00
17/04/2017 42.48 42.48 42.48 42.48 1 600.00 25488.00
24/04/2017 42.63 42.63 42.63 42.63 1 100.00 4263.00
02/05/2017 39.28 39.28 39.28 39.28 1 200.00 7856.00
08/05/2017 37.78 37.78 37.81 37.81 2 2600.00 98276.00
15/05/2017 36.53 36.53 36.53 36.53 1 200.00 7306.00
18/05/2017 37.96 37.96 38.02 38.02 2 1500.00 57024.00
22/05/2017 37.66 37.66 37.66 37.66 2 600.00 22596.00
29/05/2017 37.88 37.88 37.88 37.88 1 100.00 3788.00
30/05/2017 37.69 37.69 37.69 37.69 1 1000.00 37690.00
05/06/2017 37.40 37.40 37.40 37.40 1 700.00 26180.00
08/06/2017 37.08 37.08 37.08 37.08 1 700.00 25956.00
12/06/2017 38.71 38.71 38.71 38.71 1 900.00 34839.00
