08/02/2017 7.35 7.11 7.48 7.30 5116 9352000.00 68711487.00
09/02/2017 7.37 7.25 7.56 7.55 1891 2499500.00 18457157.00
10/02/2017 7.55 7.47 7.78 7.70 2629 3615800.00 27698959.00
13/02/2017 7.76 7.51 7.76 7.54 1232 691900.00 5253305.00
14/02/2017 7.60 7.46 7.60 7.50 754 775900.00 5823675.00
15/02/2017 7.52 7.42 7.54 7.50 1894 691300.00 5182120.00
16/02/2017 7.45 7.31 7.50 7.50 1280 1285800.00 9582286.00
17/02/2017 7.53 7.41 7.53 7.50 2059 462500.00 3452418.00
20/02/2017 7.50 7.38 7.50 7.40 1735 606400.00 4504336.00
21/02/2017 7.45 7.26 7.45 7.40 2385 600300.00 4418074.00
22/02/2017 7.40 7.26 7.58 7.57 1332 575600.00 4288778.00
23/02/2017 7.64 7.43 7.64 7.56 335 256300.00 1931012.00
24/02/2017 7.54 7.45 7.65 7.65 617 487600.00 3681782.00
01/03/2017 7.51 7.48 7.65 7.63 228 469300.00 3574005.00
02/03/2017 7.54 7.50 7.59 7.50 109 59900.00 452017.00
03/03/2017 7.56 7.51 7.83 7.75 366 327900.00 2526886.00
06/03/2017 7.69 7.51 7.79 7.51 967 733200.00 5618749.00
07/03/2017 7.60 7.50 7.60 7.51 490 344000.00 2589888.00
08/03/2017 7.61 7.50 7.61 7.59 2435 709900.00 5353710.00
09/03/2017 7.64 7.40 7.64 7.56 4205 931300.00 6973814.00
10/03/2017 7.55 7.50 7.70 7.70 379 294400.00 2248417.00
13/03/2017 7.70 7.70 8.08 7.99 2726 1201300.00 9494635.00
14/03/2017 8.05 7.96 8.22 8.11 1185 646500.00 5211407.00
15/03/2017 8.24 8.19 8.70 8.46 1720 834200.00 6976720.00
16/03/2017 8.70 8.34 8.82 8.60 1373 1112600.00 9583089.00
17/03/2017 8.78 8.47 8.95 8.47 1923 918700.00 7943721.00
20/03/2017 8.87 8.65 9.35 8.90 2904 1404200.00 12518172.00
21/03/2017 9.10 8.80 9.18 8.80 3224 1392000.00 12379289.00
22/03/2017 8.95 8.70 8.95 8.72 5345 2050300.00 18059930.00
23/03/2017 8.51 8.02 8.70 8.70 2902 1458400.00 12234675.00
24/03/2017 8.66 8.31 8.69 8.55 2511 1267800.00 10734342.00
27/03/2017 8.48 8.34 8.75 8.51 1460 656600.00 5586583.00
28/03/2017 8.45 8.36 8.55 8.47 2887 708400.00 5990561.00
29/03/2017 8.50 8.06 8.79 8.27 1670 8471000.00 69713398.00
30/03/2017 8.27 8.15 8.40 8.32 1276 833800.00 6934182.00
31/03/2017 8.28 8.23 8.47 8.33 1935 920200.00 7697672.00
03/04/2017 8.37 8.34 8.57 8.55 2339 754300.00 6372267.00
04/04/2017 8.59 8.42 8.67 8.55 2084 588900.00 5010651.00
05/04/2017 8.55 8.35 8.59 8.35 1374 1087200.00 9152234.00
06/04/2017 8.42 8.20 8.46 8.27 2348 861900.00 7141876.00
07/04/2017 8.30 8.22 8.43 8.29 2137 1026500.00 8543729.00
10/04/2017 8.30 8.19 8.36 8.30 1715 440400.00 3636305.00
11/04/2017 8.30 8.23 8.41 8.25 2160 1168100.00 9682352.00
12/04/2017 8.23 8.02 8.29 8.26 2006 1756500.00 14345075.00
13/04/2017 8.22 8.22 8.55 8.40 1880 3318300.00 27552791.00
17/04/2017 8.55 8.48 8.90 8.78 1058 496100.00 4309050.00
18/04/2017 8.77 8.66 8.80 8.77 1085 1531500.00 13389807.00
19/04/2017 8.77 8.77 8.88 8.80 683 352700.00 3109423.00
20/04/2017 8.85 8.67 9.00 8.78 1055 756700.00 6625961.00
24/04/2017 8.77 8.66 8.94 8.75 949 575800.00 5060865.00
25/04/2017 8.74 8.70 8.85 8.79 898 1710800.00 14945075.00
26/04/2017 8.77 8.72 8.80 8.76 828 320000.00 2799704.00
27/04/2017 8.81 8.73 9.10 8.97 3093 1007100.00 9016381.00
28/04/2017 9.00 8.71 9.11 8.85 3447 1649000.00 14520265.00
02/05/2017 8.80 8.72 8.95 8.76 4884 3376200.00 29727936.00
03/05/2017 8.78 8.75 9.10 9.10 1989 866300.00 7774889.00
04/05/2017 9.09 8.95 9.16 9.09 1271 1492600.00 13558555.00
05/05/2017 9.15 8.96 9.37 9.35 960 806700.00 7438994.00
08/05/2017 9.26 9.19 9.71 9.60 1382 536000.00 5130989.00
09/05/2017 9.65 9.65 9.91 9.87 3512 809000.00 7964153.00
10/05/2017 9.96 9.94 10.30 10.20 4936 862000.00 8759476.00
11/05/2017 10.32 10.00 10.40 10.35 2111 588600.00 5988897.00
12/05/2017 10.42 10.31 10.98 10.98 3425 2050000.00 21988798.00
15/05/2017 11.00 10.87 11.15 11.00 4062 2733800.00 30156097.00
16/05/2017 11.00 10.41 11.11 10.65 3490 1267800.00 13554536.00
17/05/2017 10.51 10.18 10.59 10.30 2590 1178100.00 12136043.00
18/05/2017 8.40 8.28 9.59 9.27 3059 1593900.00 14390160.00
19/05/2017 9.43 9.15 9.88 9.39 2308 931000.00 8871112.00
22/05/2017 9.30 8.31 9.30 8.60 5752 2562100.00 22024531.00
23/05/2017 8.69 8.50 8.84 8.56 8815 3004400.00 25732736.00
24/05/2017 8.56 8.51 9.15 9.07 6214 1872100.00 16831403.00
25/05/2017 9.08 8.95 9.49 9.10 3387 982900.00 9046365.00
26/05/2017 9.10 8.88 9.35 8.92 4009 2163800.00 19553006.00
29/05/2017 8.92 8.90 9.30 9.25 1123 433300.00 3983397.00
30/05/2017 9.25 9.17 9.44 9.25 3603 927300.00 8649073.00
31/05/2017 9.26 9.02 9.36 9.02 3274 2259000.00 20527873.00
01/06/2017 9.18 9.02 9.25 9.15 2353 962400.00 8789120.00
02/06/2017 9.18 9.17 9.45 9.45 4303 1065200.00 9989775.00
05/06/2017 9.36 9.31 9.67 9.67 2387 1338500.00 12814533.00
06/06/2017 9.66 9.52 9.79 9.60 3522 975100.00 9402287.00
07/06/2017 9.65 9.50 9.71 9.60 1696 804800.00 7722053.00
08/06/2017 9.57 9.57 9.80 9.80 1569 812400.00 7866647.00
09/06/2017 9.85 9.84 10.18 10.15 3356 767400.00 7724843.00
12/06/2017 10.14 9.94 10.28 10.05 1670 368700.00 3736827.00
13/06/2017 10.07 9.69 10.24 10.16 1541 897800.00 9004911.00
14/06/2017 10.17 9.91 10.30 9.93 1660 396400.00 3974875.00
16/06/2017 10.00 9.98 10.20 10.15 1074 1667500.00 16874092.00
