20/06/2016 5.82 5.58 5.82 5.70 4884 1700200.00 9666472.00
21/06/2016 5.64 5.63 5.89 5.88 3753 1771300.00 10206175.00
22/06/2016 5.85 5.65 5.86 5.78 6445 2761900.00 15849600.00
23/06/2016 5.84 5.74 5.92 5.90 4723 1292700.00 7557522.00
24/06/2016 5.79 5.66 5.79 5.75 6559 1347800.00 7728575.00
27/06/2016 5.73 5.66 5.77 5.73 4358 1443800.00 8239324.00
28/06/2016 5.80 5.62 5.80 5.67 4423 1892700.00 10756575.00
29/06/2016 5.72 5.58 5.74 5.67 5704 1881100.00 10660857.00
30/06/2016 5.65 5.53 5.67 5.62 4622 2142700.00 12012576.00
01/07/2016 5.60 5.52 5.61 5.61 6605 3035500.00 16930978.00
04/07/2016 5.62 5.55 5.86 5.78 4927 2308700.00 13222286.00
05/07/2016 5.72 5.59 5.78 5.62 3550 1216600.00 6871062.00
06/07/2016 5.59 5.44 5.63 5.55 8234 2162800.00 11953768.00
07/07/2016 5.54 5.50 5.64 5.63 4417 1521500.00 8513111.00
08/07/2016 5.67 5.54 5.68 5.60 5946 2009800.00 11283597.00
11/07/2016 5.66 5.43 5.66 5.56 8794 2735400.00 15127624.00
12/07/2016 5.55 5.44 5.60 5.44 4527 2239000.00 12298287.00
13/07/2016 5.45 5.40 5.51 5.40 11856 2370900.00 12892530.00
14/07/2016 5.44 5.36 5.46 5.38 3531 1164000.00 6306744.00
15/07/2016 5.37 5.31 5.42 5.42 3411 1315700.00 7060710.00
18/07/2016 5.42 5.34 5.45 5.40 2921 1047900.00 5654995.00
19/07/2016 5.42 5.40 5.50 5.47 4481 1287800.00 7025992.00
20/07/2016 5.45 5.42 5.52 5.48 4115 1552200.00 8499626.00
21/07/2016 5.45 5.45 5.73 5.71 9640 2764500.00 15396715.00
22/07/2016 5.70 5.63 5.78 5.65 5220 1682500.00 9555947.00
25/07/2016 5.66 5.51 5.68 5.51 3433 1296900.00 7209669.00
26/07/2016 5.54 5.34 5.54 5.53 5145 3002300.00 16305917.00
27/07/2016 5.52 5.41 5.60 5.41 5558 2309700.00 12667431.00
28/07/2016 5.43 5.41 5.57 5.56 6888 2263300.00 12434931.00
29/07/2016 5.55 5.45 5.70 5.68 5573 2502600.00 14008278.00
01/08/2016 5.73 5.56 5.74 5.56 3407 1158300.00 6516075.00
02/08/2016 5.54 5.44 5.59 5.44 3215 1112100.00 6112363.00
03/08/2016 5.42 5.42 5.56 5.54 3702 1074300.00 5929354.00
04/08/2016 5.56 5.51 5.64 5.56 4339 1411200.00 7876507.00
05/08/2016 5.60 5.53 5.64 5.55 4882 1486900.00 8309120.00
08/08/2016 5.52 5.52 5.69 5.60 4107 1775300.00 9966521.00
09/08/2016 5.59 5.55 5.67 5.60 2599 824500.00 4624361.00
10/08/2016 5.62 5.49 5.64 5.49 3369 942700.00 5249221.00
11/08/2016 5.45 5.18 5.47 5.45 23791 11290900.00 60326983.00
12/08/2016 5.46 5.21 5.46 5.34 9859 6159900.00 32631432.00
15/08/2016 5.34 5.21 5.36 5.33 9795 4973900.00 26244554.00
16/08/2016 5.31 5.23 5.33 5.27 6362 2103700.00 11056399.00
17/08/2016 5.26 5.16 5.27 5.27 6280 2800900.00 14589043.00
18/08/2016 5.25 5.20 5.28 5.25 4313 2014700.00 10556243.00
19/08/2016 5.25 5.16 5.25 5.21 5324 1836500.00 9549117.00
22/08/2016 5.21 5.09 5.22 5.12 6129 2660100.00 13657975.00
23/08/2016 5.11 5.05 5.29 5.20 7429 4679700.00 24158058.00
24/08/2016 5.16 5.13 5.21 5.17 6982 2560500.00 13230489.00
25/08/2016 5.14 5.11 5.21 5.17 5822 2379500.00 12259764.00
26/08/2016 5.16 5.08 5.20 5.14 6355 2042400.00 10482632.00
29/08/2016 5.13 5.08 5.15 5.12 9648 2507300.00 12828018.00
30/08/2016 5.14 5.05 5.14 5.10 5339 1907500.00 9693546.00
31/08/2016 5.12 5.03 5.13 5.11 5343 1873700.00 9555782.00
01/09/2016 5.11 5.07 5.16 5.13 6060 1915200.00 9806189.00
02/09/2016 5.17 5.09 5.22 5.22 6680 2430000.00 12515661.00
05/09/2016 5.23 5.18 5.32 5.28 3335 1125500.00 5910502.00
06/09/2016 5.31 5.16 5.31 5.17 7011 2221300.00 11531700.00
08/09/2016 5.18 5.07 5.20 5.07 6154 2148800.00 10955349.00
09/09/2016 5.05 4.98 5.10 5.03 7154 2327600.00 11718213.00
12/09/2016 5.00 4.89 5.03 4.96 5426 1973400.00 9756293.00
13/09/2016 4.96 4.90 5.02 4.96 8705 3051000.00 15118653.00
14/09/2016 4.96 4.95 5.04 5.00 5912 2025900.00 10127778.00
15/09/2016 5.01 5.01 5.15 5.12 3939 2067700.00 10520799.00
16/09/2016 5.10 5.04 5.14 5.10 9669 3970700.00 20209842.00
19/09/2016 5.10 4.96 5.26 5.26 8971 4960100.00 25368811.00
20/09/2016 5.30 5.11 5.30 5.19 8232 5378100.00 27845534.00
21/09/2016 5.19 5.07 5.21 5.19 6328 2500500.00 12888574.00
22/09/2016 5.20 5.11 5.25 5.16 6753 2534000.00 13081628.00
23/09/2016 5.13 5.13 5.21 5.19 6109 2029100.00 10524907.00
26/09/2016 5.15 5.10 5.17 5.11 3046 1683000.00 8645007.00
27/09/2016 5.12 5.00 5.15 5.15 5868 2235900.00 11368827.00
28/09/2016 5.18 5.09 5.21 5.19 3914 2073400.00 10681490.00
29/09/2016 5.18 5.11 5.21 5.20 6185 2804900.00 14474457.00
30/09/2016 5.21 5.15 5.26 5.22 4399 2531800.00 13182774.00
03/10/2016 5.22 5.20 5.38 5.36 5825 2628900.00 13990411.00
04/10/2016 5.40 5.27 5.43 5.36 9640 3808000.00 20289474.00
05/10/2016 5.39 5.36 5.47 5.40 5058 2062200.00 11170617.00
06/10/2016 5.42 5.34 5.48 5.46 4766 3320400.00 18052887.00
07/10/2016 5.46 5.46 5.66 5.63 7494 9512400.00 53103337.00
10/10/2016 5.67 5.59 5.69 5.66 5218 1942800.00 10944495.00
11/10/2016 5.61 5.61 5.71 5.68 4145 1493700.00 8446023.00
13/10/2016 5.63 5.63 6.10 5.99 10316 5124500.00 30472525.00
14/10/2016 5.97 5.89 6.09 6.06 6168 2800200.00 16900447.00
17/10/2016 6.03 5.86 6.10 5.93 6985 2474800.00 14687221.00
18/10/2016 5.90 5.90 6.08 5.96 6311 1979400.00 11870204.00
19/10/2016 5.95 5.76 5.95 5.81 5607 2352800.00 13736342.00
20/10/2016 5.80 5.72 5.87 5.81 5126 1665400.00 9685059.00
21/10/2016 5.81 5.81 5.94 5.92 4182 1330100.00 7856900.00
24/10/2016 5.93 5.91 6.00 5.98 6263 2113800.00 12578812.00
25/10/2016 5.95 5.92 6.01 6.00 4816 1808100.00 10790003.00
26/10/2016 5.99 5.56 5.99 5.75 7215 4565900.00 26324629.00
27/10/2016 5.77 5.59 5.82 5.64 4889 2318000.00 13152513.00
28/10/2016 5.60 5.53 5.66 5.64 5991 1708900.00 9565933.00
31/10/2016 5.69 5.55 5.70 5.69 4621 1757700.00 9931738.00
01/11/2016 5.68 5.56 5.80 5.63 8022 1964600.00 11157418.00
03/11/2016 5.64 5.37 5.67 5.38 6968 2608300.00 14241087.00
04/11/2016 5.41 5.27 5.49 5.39 7696 2663900.00 14366578.00
07/11/2016 5.42 5.35 5.67 5.62 4956 1976100.00 11018461.00
08/11/2016 5.57 5.51 5.70 5.65 6332 1861400.00 10475570.00
09/11/2016 5.40 5.37 5.63 5.59 7721 3008800.00 16587399.00
10/11/2016 5.74 5.26 5.86 5.26 11092 4161000.00 23127128.00
11/11/2016 5.17 5.08 5.95 5.78 20161 6175800.00 35373627.00
14/11/2016 5.78 5.63 6.00 5.94 17446 4585400.00 26880303.00
16/11/2016 5.99 5.66 6.03 5.76 9727 3529200.00 20357078.00
17/11/2016 5.81 5.75 5.92 5.85 9232 2630900.00 15359825.00
18/11/2016 5.80 5.77 6.16 6.16 9447 3991000.00 24072517.00
21/11/2016 6.18 6.08 6.28 6.18 5223 2349600.00 14478637.00
22/11/2016 6.19 6.00 6.32 6.09 5998 2892100.00 17883667.00
23/11/2016 6.09 6.03 6.27 6.12 4882 1786300.00 11020871.00
24/11/2016 6.16 6.14 6.38 6.36 3136 1208400.00 7610048.00
25/11/2016 6.27 6.20 6.47 6.47 2820 2250900.00 14297245.00
28/11/2016 6.47 6.37 6.57 6.51 3813 1355500.00 8772015.00
29/11/2016 6.51 6.35 6.58 6.35 3346 3337600.00 21518534.00
30/11/2016 6.35 6.19 6.55 6.51 4924 2034900.00 13101836.00
01/12/2016 6.38 6.11 6.48 6.36 13448 4302300.00 27234925.00
02/12/2016 6.26 6.20 6.44 6.41 7215 2255300.00 14317861.00
05/12/2016 6.43 6.17 6.50 6.17 3995 1482500.00 9291962.00
06/12/2016 6.16 6.14 6.69 6.59 5266 1833100.00 11913340.00
07/12/2016 6.66 6.37 6.75 6.45 7946 2642100.00 17176799.00
08/12/2016 6.51 6.28 6.70 6.45 5901 1833000.00 11915865.00
09/12/2016 6.48 6.30 6.49 6.43 4875 4858300.00 31212556.00
12/12/2016 6.35 6.31 6.47 6.36 4874 2233800.00 14335332.00
13/12/2016 6.31 6.21 6.44 6.32 9048 5640400.00 35736671.00
14/12/2016 6.31 6.18 6.42 6.32 5420 1891800.00 11947119.00
15/12/2016 6.32 6.19 6.35 6.35 4408 1974100.00 12433791.00
16/12/2016 6.36 6.26 6.40 6.31 3910 1647400.00 10437670.00
19/12/2016 6.31 6.07 6.36 6.26 4683 2643800.00 16364996.00
20/12/2016 6.26 6.15 6.30 6.28 3777 1870200.00 11671742.00
21/12/2016 6.31 6.23 6.35 6.30 3623 1449300.00 9121317.00
22/12/2016 6.28 6.22 6.37 6.30 4403 1781700.00 11212405.00
23/12/2016 6.28 6.26 6.36 6.26 1821 2332900.00 14678733.00
26/12/2016 6.26 6.25 6.40 6.36 2115 1078200.00 6869909.00
27/12/2016 6.42 6.30 6.50 6.48 7045 2311900.00 14803943.00
28/12/2016 6.46 6.46 6.66 6.59 3408 1557500.00 10248997.00
29/12/2016 6.64 6.48 6.70 6.61 4197 2007000.00 13269996.00
02/01/2017 6.52 6.40 6.59 6.40 2785 615100.00 3994646.00
03/01/2017 6.45 6.40 6.67 6.46 7337 1583200.00 10315188.00
04/01/2017 6.39 6.39 6.63 6.60 4809 1259200.00 8280466.00
05/01/2017 6.57 6.57 6.76 6.58 3835 1171700.00 7798008.00
06/01/2017 6.58 6.30 6.63 6.33 3531 2081100.00 13234831.00
09/01/2017 6.30 5.94 6.30 6.06 6227 2856200.00 17404420.00
10/01/2017 6.10 6.08 6.23 6.16 6089 4555800.00 28093419.00
11/01/2017 6.20 6.03 6.25 6.13 6826 2822700.00 17316533.00
12/01/2017 6.20 6.05 6.28 6.13 7316 2835700.00 17360225.00
13/01/2017 6.12 5.98 6.20 6.19 3830 7233100.00 44309405.00
16/01/2017 6.13 6.13 6.28 6.28 4984 1463400.00 9155607.00
17/01/2017 6.24 6.09 6.28 6.24 5734 2366100.00 14615430.00
18/01/2017 6.24 6.16 6.26 6.16 2983 1247200.00 7755321.00
19/01/2017 6.19 6.07 6.22 6.19 4494 3040400.00 18757713.00
20/01/2017 6.18 6.12 6.24 6.14 5711 10714200.00 66289650.00
23/01/2017 6.17 6.13 6.23 6.20 4249 1088100.00 6738147.00
24/01/2017 6.23 6.15 6.28 6.28 5029 2347600.00 14587775.00
26/01/2017 6.40 6.29 6.60 6.60 8174 4228700.00 27440141.00
27/01/2017 6.60 6.49 6.70 6.62 4025 2412000.00 15960701.00
30/01/2017 6.50 6.34 6.52 6.40 6338 3927700.00 25135947.00
31/01/2017 6.35 6.31 6.53 6.46 4358 1393800.00 9009276.00
01/02/2017 6.47 6.45 6.64 6.59 6155 3189800.00 20875737.00
02/02/2017 6.57 6.52 6.72 6.66 6726 4646700.00 30803895.00
03/02/2017 6.65 6.62 6.85 6.76 6506 4244400.00 28684464.00
06/02/2017 6.76 6.51 6.95 6.75 12572 3548900.00 24103863.00
07/02/2017 6.75 6.67 6.86 6.86 7813 2162800.00 14705782.00
08/02/2017 6.86 6.74 7.10 6.75 13354 5633100.00 38762345.00
09/02/2017 6.72 6.70 6.90 6.88 4155 1336500.00 9126802.00
10/02/2017 6.86 6.83 7.20 7.20 7886 3235900.00 22789745.00
13/02/2017 7.19 7.11 7.38 7.38 4480 1185500.00 8625956.00
14/02/2017 7.36 7.28 7.48 7.34 7360 1827900.00 13418197.00
15/02/2017 7.37 7.21 7.40 7.35 10797 2854600.00 20925036.00
16/02/2017 7.30 7.19 7.34 7.22 5165 1974200.00 14288955.00
17/02/2017 7.19 7.00 7.24 7.00 4824 1406000.00 9919998.00
20/02/2017 7.02 6.92 7.09 6.92 3042 1010800.00 7056957.00
21/02/2017 6.99 6.86 6.99 6.86 5069 2201500.00 15178257.00
22/02/2017 6.82 6.37 6.89 6.37 10177 3054500.00 19999082.00
23/02/2017 6.43 6.00 6.51 6.11 13527 4651600.00 29297949.00
24/02/2017 6.05 5.91 6.34 6.25 9979 4236200.00 26251907.00
01/03/2017 6.31 6.12 6.37 6.29 7040 3336300.00 20822914.00
02/03/2017 6.25 6.21 6.42 6.24 11606 3693800.00 23203966.00
03/03/2017 6.27 5.96 6.32 6.11 9028 3042000.00 18594117.00
06/03/2017 6.04 6.03 6.14 6.09 5151 2742100.00 16708208.00
07/03/2017 6.10 6.02 6.16 6.07 2801 1910800.00 11593716.00
08/03/2017 6.07 5.93 6.09 6.00 5219 2582300.00 15478001.00
09/03/2017 6.03 6.02 6.12 6.12 4397 1302300.00 7930147.00
10/03/2017 6.13 6.01 6.13 6.09 4015 1141300.00 6929764.00
13/03/2017 6.12 6.00 6.13 6.00 3414 1333700.00 8080031.00
14/03/2017 6.03 5.80 6.04 5.80 4885 1407400.00 8297582.00
15/03/2017 5.80 5.77 5.86 5.79 6877 2739600.00 15884751.00
16/03/2017 5.83 5.72 5.92 5.72 4938 1681500.00 9749529.00
17/03/2017 5.73 5.56 5.78 5.60 8956 3518900.00 19775898.00
20/03/2017 5.35 5.27 5.48 5.36 9007 3182200.00 17084130.00
21/03/2017 5.43 5.38 5.60 5.42 7342 1997300.00 10872520.00
22/03/2017 5.42 5.28 5.62 5.55 3807 2164900.00 11827294.00
23/03/2017 5.50 5.45 5.93 5.84 5064 2188200.00 12544308.00
24/03/2017 5.85 5.80 5.90 5.90 3951 1222900.00 7163294.00
27/03/2017 5.97 5.96 6.14 6.01 5724 2651600.00 15964264.00
28/03/2017 5.97 5.91 6.06 5.92 4389 1549700.00 9248150.00
29/03/2017 5.95 5.87 6.00 5.90 3927 2448900.00 14466051.00
30/03/2017 5.94 5.77 5.94 5.77 1298 460400.00 2685306.00
31/03/2017 5.79 5.71 5.86 5.71 3598 973400.00 5634414.00
03/04/2017 5.78 5.58 5.78 5.70 2101 704400.00 4002106.00
04/04/2017 5.73 5.63 5.77 5.77 2587 754700.00 4305884.00
05/04/2017 5.81 5.66 5.85 5.70 7752 2372000.00 13629997.00
06/04/2017 5.66 5.61 5.77 5.68 3683 846300.00 4808309.00
07/04/2017 5.69 5.59 5.76 5.67 7164 1814500.00 10281855.00
10/04/2017 5.71 5.55 5.71 5.66 2591 722500.00 4066600.00
11/04/2017 5.69 5.57 5.72 5.58 4065 1058700.00 5974972.00
12/04/2017 5.55 5.55 5.74 5.74 6250 1549300.00 8825230.00
13/04/2017 5.75 5.61 5.75 5.67 2746 771000.00 4371143.00
17/04/2017 5.64 5.64 5.90 5.84 3978 1027600.00 5976194.00
18/04/2017 5.91 5.89 6.07 6.07 7236 2427200.00 14481855.00
19/04/2017 6.12 5.87 6.12 6.00 6586 2752000.00 16497931.00
20/04/2017 5.98 5.98 6.57 6.36 6684 3163900.00 19899439.00
24/04/2017 6.33 6.33 6.47 6.41 9900 2696400.00 17248294.00
25/04/2017 6.41 6.36 6.83 6.83 7765 4594300.00 30351631.00
26/04/2017 6.82 6.65 7.12 6.89 19719 5063500.00 34949279.00
27/04/2017 6.86 6.74 6.95 6.88 3932 1606500.00 11012045.00
28/04/2017 6.87 6.82 7.22 7.22 6083 2755100.00 19617493.00
02/05/2017 7.24 7.04 7.49 7.38 9853 3383600.00 24639355.00
03/05/2017 7.32 7.22 7.44 7.29 7491 3798100.00 27794757.00
04/05/2017 7.20 7.01 7.29 7.14 10186 2467500.00 17635686.00
05/05/2017 7.04 7.04 7.46 7.41 7256 2269000.00 16568290.00
08/05/2017 7.37 7.23 7.64 7.25 5632 1913800.00 14117931.00
09/05/2017 7.19 7.19 7.56 7.50 6641 2018100.00 14904444.00
10/05/2017 7.54 7.50 7.98 7.90 8491 2265200.00 17739760.00
11/05/2017 7.92 7.62 7.95 7.62 4356 1234900.00 9518863.00
12/05/2017 7.54 7.52 7.73 7.69 9126 1882900.00 14469207.00
15/05/2017 7.75 7.34 7.78 7.36 6669 1893300.00 14174221.00
16/05/2017 7.34 7.03 7.45 7.17 10346 3398500.00 24471660.00
17/05/2017 7.15 6.83 7.20 6.88 10145 3198100.00 22163597.00
18/05/2017 6.00 5.75 6.99 6.50 19830 4867100.00 31293768.00
19/05/2017 6.44 6.31 6.71 6.48 12909 3889100.00 25281481.00
22/05/2017 6.33 6.11 6.59 6.57 10041 3085200.00 19716373.00
23/05/2017 6.58 6.41 6.65 6.52 12618 3432100.00 22369738.00
24/05/2017 6.61 6.25 6.72 6.26 12777 3904000.00 24835641.00
25/05/2017 6.32 6.13 6.44 6.29 12120 3795500.00 23782051.00
26/05/2017 6.36 6.26 6.52 6.33 8456 2828400.00 18114597.00
29/05/2017 6.33 6.28 6.39 6.32 4198 948900.00 5996967.00
30/05/2017 6.35 6.30 6.37 6.31 4834 1600700.00 10146946.00
31/05/2017 6.35 6.18 6.46 6.30 11676 2988800.00 18850792.00
01/06/2017 6.31 6.09 6.52 6.24 7286 2535700.00 15862035.00
02/06/2017 6.22 6.20 6.37 6.24 4615 1340900.00 8422585.00
05/06/2017 6.21 6.21 6.42 6.38 4666 1626800.00 10310430.00
06/06/2017 6.36 6.36 6.76 6.63 8832 3338500.00 22141758.00
07/06/2017 6.73 6.50 6.73 6.56 7489 1629000.00 10733122.00
08/06/2017 6.56 6.44 6.56 6.44 3151 905100.00 5870116.00
09/06/2017 6.44 6.32 6.49 6.38 4455 1145600.00 7331232.00
12/06/2017 6.39 6.34 6.59 6.43 4120 1128400.00 7293489.00
13/06/2017 6.44 6.27 6.51 6.46 4436 1542300.00 9884441.00
14/06/2017 6.48 6.45 6.66 6.64 8520 4304400.00 28445278.00
16/06/2017 6.61 6.54 6.83 6.63 7027 4280200.00 28418735.00
