20/06/2016 87.60 87.60 87.60 87.60 1 100.00 8760.00
28/06/2016 81.25 81.25 81.25 81.25 1 1400.00 113750.00
29/06/2016 81.70 81.70 81.70 81.70 1 500.00 40850.00
01/07/2016 82.03 82.03 83.08 83.08 2 200.00 16511.00
05/07/2016 81.60 81.60 81.60 81.60 1 1000.00 81600.00
08/07/2016 86.20 86.20 86.20 86.20 1 300.00 25860.00
11/07/2016 87.10 87.10 87.10 87.10 1 200.00 17420.00
13/07/2016 88.74 88.74 88.74 88.74 1 600.00 53244.00
15/07/2016 89.74 89.74 90.70 90.70 2 800.00 72176.00
18/07/2016 90.06 90.00 91.00 91.00 3 1400.00 126730.00
21/07/2016 93.13 93.13 93.90 93.90 2 200.00 18703.00
25/07/2016 94.50 94.50 95.30 95.30 2 1000.00 94900.00
01/08/2016 92.30 92.30 93.12 92.70 3 1700.00 157312.00
11/08/2016 91.00 91.00 91.00 91.00 1 100.00 9100.00
12/08/2016 92.32 92.32 92.32 92.32 1 100.00 9232.00
15/08/2016 93.85 93.85 93.85 93.85 1 400.00 37540.00
22/08/2016 97.25 97.25 97.80 97.80 2 1400.00 136535.00
29/08/2016 101.90 101.90 101.90 101.90 1 400.00 40760.00
30/08/2016 102.87 102.87 103.00 103.00 2 600.00 61761.00
31/08/2016 102.90 102.90 102.90 102.90 1 100.00 10290.00
06/09/2016 101.25 101.25 101.25 101.25 1 300.00 30375.00
12/09/2016 104.25 104.25 104.25 104.25 1 300.00 31275.00
26/09/2016 99.25 99.25 100.37 99.60 3 400.00 39959.00
28/09/2016 100.46 100.46 100.46 100.46 1 200.00 20092.00
03/10/2016 102.80 102.80 102.80 102.80 1 200.00 20560.00
06/10/2016 103.60 103.60 103.60 103.60 1 100.00 10360.00
10/10/2016 103.90 103.90 103.90 103.90 1 900.00 93510.00
17/10/2016 101.70 101.70 101.70 101.70 1 200.00 20340.00
20/10/2016 103.00 103.00 103.00 103.00 1 100.00 10300.00
24/10/2016 103.73 103.73 103.73 103.73 1 500.00 51865.00
25/10/2016 103.20 103.20 103.20 103.20 1 100.00 10320.00
26/10/2016 104.88 104.88 104.88 104.88 1 200.00 20976.00
27/10/2016 106.40 106.40 106.40 106.40 1 200.00 21280.00
07/11/2016 108.18 108.18 108.18 108.18 1 200.00 21636.00
10/11/2016 129.10 129.10 129.10 129.10 1 100.00 12910.00
14/11/2016 134.08 134.08 134.08 134.08 2 500.00 67040.00
16/11/2016 132.95 132.95 132.95 132.95 1 200.00 26590.00
18/11/2016 136.85 136.85 136.85 136.85 1 100.00 13685.00
21/11/2016 134.95 134.95 134.95 134.95 1 400.00 53980.00
28/11/2016 137.25 137.25 137.25 137.25 1 100.00 13725.00
05/12/2016 143.20 143.20 143.20 143.20 1 200.00 28640.00
06/12/2016 145.65 145.65 145.65 145.65 1 100.00 14565.00
08/12/2016 146.55 146.55 146.55 146.55 1 100.00 14655.00
12/12/2016 143.95 143.95 143.95 143.95 1 200.00 28790.00
27/12/2016 140.78 140.78 140.78 140.78 1 200.00 28156.00
17/01/2017 135.38 135.38 135.38 135.38 1 100.00 13538.00
23/01/2017 133.10 133.10 133.10 133.10 1 100.00 13310.00
24/01/2017 137.00 137.00 137.00 137.00 1 100.00 13700.00
26/01/2017 141.50 140.40 141.50 140.40 2 200.00 28190.00
30/01/2017 136.34 136.34 136.34 136.34 1 200.00 27268.00
03/02/2017 137.60 137.60 137.60 137.60 1 100.00 13760.00
06/02/2017 139.00 139.00 139.00 139.00 1 100.00 13900.00
07/02/2017 139.35 139.35 139.35 139.35 1 200.00 27870.00
14/02/2017 142.00 142.00 142.00 142.00 1 600.00 85200.00
16/02/2017 141.40 141.40 141.40 141.40 1 100.00 14140.00
21/02/2017 143.50 143.50 143.50 143.50 1 100.00 14350.00
06/03/2017 145.20 145.20 145.20 145.20 1 100.00 14520.00
07/03/2017 144.20 144.20 144.20 144.20 1 100.00 14420.00
20/03/2017 138.30 138.30 138.30 138.30 1 100.00 13830.00
27/03/2017 130.80 130.80 130.80 130.80 1 200.00 26160.00
10/04/2017 133.42 133.42 133.42 133.42 2 600.00 80052.00
11/04/2017 130.69 130.69 130.69 130.69 1 100.00 13069.00
02/05/2017 137.00 137.00 137.00 137.00 1 100.00 13700.00
08/05/2017 137.10 137.10 137.10 137.10 1 400.00 54840.00
18/05/2017 137.20 137.20 137.20 137.20 1 500.00 68600.00
22/05/2017 137.00 137.00 137.00 137.00 1 300.00 41100.00
05/06/2017 141.65 141.65 141.65 141.65 1 100.00 14165.00
08/06/2017 144.40 144.40 144.40 144.40 1 200.00 28880.00
12/06/2017 149.25 149.25 149.25 149.25 1 1400.00 208950.00
