21/06/2016 321.74 321.74 321.74 321.74 1 800.00 257392.00
22/06/2016 319.55 319.55 319.55 319.55 1 200.00 63910.00
23/06/2016 318.90 318.90 318.90 318.90 1 300.00 95670.00
24/06/2016 312.25 312.25 312.25 312.25 1 100.00 31225.00
27/06/2016 303.65 303.65 303.65 303.65 1 400.00 121460.00
28/06/2016 298.35 298.35 298.35 298.35 1 400.00 119340.00
30/06/2016 284.75 284.75 284.75 284.75 1 1500.00 427125.00
01/07/2016 289.50 289.50 289.50 289.50 2 8400.00 2431800.00
05/07/2016 289.84 289.84 289.84 289.84 1 600.00 173904.00
08/07/2016 291.19 291.19 291.19 291.19 1 200.00 58238.00
11/07/2016 294.68 292.28 294.68 292.28 2 1300.00 380204.00
12/07/2016 293.20 293.20 293.20 293.20 1 100.00 29320.00
13/07/2016 295.71 295.71 295.71 295.71 1 300.00 88713.00
14/07/2016 294.60 294.60 294.60 294.60 1 400.00 117840.00
19/07/2016 300.04 300.04 300.04 300.04 1 800.00 240032.00
20/07/2016 302.34 302.34 302.34 302.34 1 200.00 60468.00
21/07/2016 302.60 302.60 302.60 302.60 1 100.00 30260.00
22/07/2016 304.70 304.70 304.70 304.70 1 300.00 91410.00
26/07/2016 306.15 306.15 306.15 306.15 1 4600.00 1408290.00
27/07/2016 306.05 306.05 306.05 306.05 1 700.00 214235.00
28/07/2016 314.90 314.90 314.90 314.90 1 800.00 251920.00
01/08/2016 308.38 308.00 311.05 311.05 3 7400.00 2279848.00
02/08/2016 310.20 310.20 310.20 310.20 1 200.00 62040.00
03/08/2016 308.65 308.65 308.65 308.65 1 400.00 123460.00
04/08/2016 306.32 306.32 306.64 306.64 2 400.00 122624.00
05/08/2016 305.70 305.70 305.70 305.70 1 200.00 61140.00
08/08/2016 305.80 305.80 305.80 305.80 1 200.00 61160.00
09/08/2016 302.90 302.90 302.90 302.90 1 300.00 90870.00
10/08/2016 299.65 299.65 299.65 299.65 1 100.00 29965.00
12/08/2016 305.50 305.50 305.50 305.50 1 300.00 91650.00
15/08/2016 305.65 305.65 305.65 305.65 1 200.00 61130.00
17/08/2016 305.09 305.09 305.09 305.09 1 500.00 152545.00
22/08/2016 306.73 306.73 306.73 306.73 1 300.00 92019.00
23/08/2016 310.80 310.80 310.80 310.80 1 200.00 62160.00
24/08/2016 307.20 307.20 307.20 307.20 1 500.00 153600.00
25/08/2016 307.80 307.80 308.49 308.49 2 200.00 61629.00
26/08/2016 314.05 314.05 314.05 314.05 1 300.00 94215.00
29/08/2016 312.14 312.14 312.14 312.14 1 100.00 31214.00
30/08/2016 311.15 311.15 311.15 311.15 1 300.00 93345.00
01/09/2016 316.00 316.00 317.00 317.00 2 10900.00 3451100.00
02/09/2016 316.40 316.40 316.40 316.40 1 400.00 126560.00
06/09/2016 311.29 311.29 311.29 311.29 1 200.00 62258.00
08/09/2016 318.55 318.55 318.55 318.55 1 500.00 159275.00
09/09/2016 325.05 323.95 325.05 323.95 2 7700.00 2500245.00
12/09/2016 323.26 323.26 323.26 323.26 1 500.00 161630.00
13/09/2016 329.20 329.20 329.20 329.20 1 100.00 32920.00
14/09/2016 328.52 328.52 328.52 328.52 1 100.00 32852.00
15/09/2016 328.40 328.40 328.40 328.40 1 200.00 65680.00
16/09/2016 325.84 325.84 325.84 325.84 1 200.00 65168.00
19/09/2016 326.16 326.16 326.16 326.16 1 300.00 97848.00
20/09/2016 328.50 326.81 328.50 326.81 2 300.00 98212.00
21/09/2016 324.00 324.00 324.00 324.00 1 100.00 32400.00
22/09/2016 327.75 327.75 327.75 327.75 1 100.00 32775.00
23/09/2016 321.13 321.13 328.00 328.00 3 5900.00 1896992.00
26/09/2016 327.45 327.45 327.45 327.45 1 500.00 163725.00
27/09/2016 327.88 327.88 327.88 327.88 1 1000.00 327880.00
28/09/2016 333.54 333.54 333.54 333.54 1 200.00 66708.00
30/09/2016 327.15 327.15 327.15 327.15 1 1100.00 359865.00
03/10/2016 326.40 326.40 326.40 326.40 1 6400.00 2088960.00
11/10/2016 323.68 323.68 323.68 323.68 1 900.00 291312.00
13/10/2016 320.60 320.60 320.60 320.60 1 1200.00 384720.00
17/10/2016 321.40 321.40 321.40 321.40 1 200.00 64280.00
18/10/2016 323.45 323.45 323.45 323.45 1 300.00 97035.00
25/10/2016 321.00 321.00 321.00 321.00 1 300.00 96300.00
26/10/2016 323.70 323.70 323.70 323.70 1 400.00 129480.00
27/10/2016 326.76 326.76 326.76 326.76 1 500.00 163380.00
28/10/2016 341.81 341.81 341.81 341.81 1 1000.00 341810.00
01/11/2016 342.00 342.00 342.00 342.00 1 100.00 34200.00
03/11/2016 336.45 336.45 336.45 336.45 1 100.00 33645.00
07/11/2016 337.75 337.75 337.75 337.75 1 200.00 67550.00
10/11/2016 353.75 353.75 353.75 353.75 1 200.00 70750.00
11/11/2016 352.12 352.12 352.12 352.12 1 400.00 140848.00
14/11/2016 347.24 347.24 347.24 347.24 1 2700.00 937548.00
16/11/2016 351.90 351.90 356.30 355.18 3 700.00 248634.00
17/11/2016 355.57 355.57 355.57 355.57 1 4300.00 1528951.00
21/11/2016 354.84 354.02 354.84 354.02 2 1000.00 354676.00
22/11/2016 353.00 353.00 353.00 353.00 1 5400.00 1906200.00
28/11/2016 350.26 350.05 350.26 350.05 2 1200.00 420102.00
30/11/2016 346.30 346.30 346.30 346.30 1 300.00 103890.00
01/12/2016 346.89 346.89 346.89 346.89 1 400.00 138756.00
02/12/2016 347.94 347.94 347.94 347.94 1 400.00 139176.00
05/12/2016 352.50 352.50 352.50 352.50 1 400.00 141000.00
06/12/2016 349.45 349.45 349.45 349.45 1 400.00 139780.00
07/12/2016 353.71 353.71 353.71 353.71 1 300.00 106113.00
08/12/2016 356.40 356.40 356.40 356.40 1 200.00 71280.00
09/12/2016 352.25 352.25 352.25 352.25 1 400.00 140900.00
12/12/2016 346.35 346.35 346.35 346.35 1 600.00 207810.00
14/12/2016 348.20 348.20 348.20 348.20 1 400.00 139280.00
15/12/2016 354.01 354.01 354.01 354.01 1 400.00 141604.00
16/12/2016 352.28 352.28 352.28 352.28 1 200.00 70456.00
19/12/2016 350.95 350.95 350.95 350.95 1 1500.00 526425.00
28/12/2016 341.68 341.68 341.68 341.68 3 4300.00 1469224.00
29/12/2016 338.02 338.02 338.02 338.02 1 100.00 33802.00
09/01/2017 345.02 345.02 345.02 345.02 1 200.00 69004.00
10/01/2017 344.68 344.68 344.68 344.68 2 1100.00 379148.00
17/01/2017 346.80 346.80 346.80 346.80 1 200.00 69360.00
18/01/2017 349.04 349.04 349.04 349.04 1 200.00 69808.00
20/01/2017 348.89 348.89 348.89 348.89 1 400.00 139556.00
26/01/2017 349.50 349.50 349.50 349.50 1 400.00 139800.00
31/01/2017 335.26 335.26 335.26 335.26 1 800.00 268208.00
01/02/2017 332.00 327.55 332.00 327.55 4 6700.00 2223580.00
02/02/2017 327.33 327.33 327.33 327.33 1 200.00 65466.00
03/02/2017 331.94 331.94 331.94 331.94 1 200.00 66388.00
07/02/2017 331.49 331.49 331.49 331.49 1 100.00 33149.00
08/02/2017 331.46 331.46 331.46 331.46 1 200.00 66292.00
09/02/2017 334.85 334.85 334.85 334.85 1 200.00 66970.00
13/02/2017 337.08 337.08 337.08 337.08 1 2800.00 943824.00
14/02/2017 335.86 335.86 335.86 335.86 2 300.00 100758.00
15/02/2017 336.26 336.26 336.26 336.26 1 200.00 67252.00
16/02/2017 336.46 336.46 336.46 336.46 1 200.00 67292.00
17/02/2017 338.60 337.67 338.99 337.67 3 900.00 304260.00
21/02/2017 338.55 338.55 338.55 338.55 1 500.00 169275.00
22/02/2017 336.01 336.01 336.01 336.01 1 500.00 168005.00
23/02/2017 336.59 336.59 336.59 336.59 1 400.00 134636.00
24/02/2017 342.28 342.28 342.28 342.28 3 700.00 239596.00
01/03/2017 347.92 347.92 347.92 347.92 1 400.00 139168.00
03/03/2017 347.07 347.07 347.07 347.07 1 400.00 138828.00
07/03/2017 346.20 346.20 346.20 346.20 1 100.00 34620.00
09/03/2017 353.58 353.58 353.58 353.58 1 300.00 106074.00
13/03/2017 350.26 350.26 350.74 350.74 2 400.00 140248.00
14/03/2017 350.23 350.23 350.23 350.23 1 100.00 35023.00
15/03/2017 348.69 348.69 348.69 348.69 1 200.00 69738.00
16/03/2017 347.65 347.65 347.65 347.65 1 100.00 34765.00
17/03/2017 350.02 350.02 350.02 350.02 1 200.00 70004.00
20/03/2017 345.29 345.29 345.29 345.29 1 200.00 69058.00
23/03/2017 349.38 349.38 349.38 349.38 1 300.00 104814.00
27/03/2017 349.96 349.96 349.96 349.96 1 300.00 104988.00
29/03/2017 347.57 347.57 347.57 347.57 1 2500.00 868925.00
03/04/2017 349.10 349.10 349.10 349.10 1 300.00 104730.00
10/04/2017 352.16 352.16 352.16 352.16 2 500.00 176080.00
12/04/2017 352.26 350.92 352.26 350.92 5 600.00 210820.00
13/04/2017 349.77 349.77 349.77 349.77 1 200.00 69954.00
17/04/2017 348.22 348.22 348.22 348.22 1 200.00 69644.00
20/04/2017 361.26 361.26 361.26 361.26 1 600.00 216756.00
26/04/2017 368.81 368.81 368.81 368.81 1 200.00 73762.00
02/05/2017 375.00 370.70 375.00 370.70 3 600.00 223280.00
09/05/2017 370.87 370.87 370.87 370.87 1 200.00 74174.00
15/05/2017 367.57 367.57 367.57 367.57 1 2500.00 918925.00
17/05/2017 365.30 365.30 365.30 365.30 1 200.00 73060.00
18/05/2017 386.45 386.45 386.45 386.45 2 300.00 115935.00
19/05/2017 386.31 386.31 386.31 386.31 1 500.00 193155.00
22/05/2017 391.02 391.02 391.02 391.02 1 100.00 39102.00
23/05/2017 388.69 388.69 388.69 388.69 1 200.00 77738.00
24/05/2017 393.44 393.44 393.44 393.44 1 200.00 78688.00
26/05/2017 396.30 396.30 396.30 396.30 1 100.00 39630.00
29/05/2017 397.85 397.85 397.85 397.85 1 100.00 39785.00
30/05/2017 395.59 395.59 395.59 395.59 1 100.00 39559.00
31/05/2017 399.64 396.68 399.64 396.68 2 400.00 159264.00
01/06/2017 396.15 394.60 396.15 394.60 2 3700.00 1460640.00
02/06/2017 399.10 399.10 405.64 405.64 2 600.00 242076.00
05/06/2017 413.54 413.54 414.02 414.02 2 1500.00 620886.00
08/06/2017 408.06 408.06 408.06 408.06 1 200.00 81612.00
09/06/2017 404.57 404.57 404.57 404.57 1 200.00 80914.00
12/06/2017 399.64 399.24 401.04 401.04 5 1400.00 559876.00
13/06/2017 403.55 403.55 403.55 403.55 1 200.00 80710.00
16/06/2017 401.71 401.71 401.71 401.71 1 200.00 80342.00
