20/06/2016 39.29 39.29 39.29 39.29 1 117.10 4600.00
29/06/2016 39.29 39.29 39.29 39.29 1 117.10 4600.00
20/07/2016 39.28 39.28 39.28 39.28 1 117.10 4599.00
16/03/2017 29.38 28.94 29.38 28.94 14 6273.03 183905.00
17/03/2017 31.99 31.99 31.99 31.99 1 114.06 3649.00
20/03/2017 29.03 29.02 32.44 32.44 5 798.39 23891.00
24/03/2017 33.32 33.32 33.32 33.32 1 114.06 3800.00
29/03/2017 29.03 29.03 29.03 29.03 2 228.11 6622.00
03/04/2017 28.93 28.93 28.93 28.93 1 114.06 3300.00
13/04/2017 31.57 31.57 31.57 31.57 2 342.17 10803.00
25/04/2017 35.95 35.95 35.95 35.95 1 114.06 4100.00
26/04/2017 37.01 37.01 37.70 37.70 2 456.22 17121.00
02/05/2017 37.70 37.70 37.70 37.70 1 114.06 4300.00
04/05/2017 38.14 38.14 38.67 38.67 4 570.28 21920.00
08/05/2017 38.48 38.48 38.48 38.48 1 228.11 8778.00
12/05/2017 38.56 38.56 40.21 40.21 6 912.44 35936.00
16/05/2017 41.93 40.08 41.93 40.08 5 1000.00 41375.00
17/05/2017 38.52 38.52 38.52 38.52 1 100.00 3852.00
22/05/2017 35.08 30.02 35.08 33.01 4 600.00 20319.00
