21/07/2016 30.62 30.62 30.62 30.62 1 238.80 7312.00
24/08/2016 29.32 29.32 29.32 29.32 1 716.39 21000.00
25/08/2016 29.32 29.32 29.32 29.32 2 4417.72 129500.00
26/08/2016 29.32 29.32 29.32 29.32 2 835.78 24500.00
29/11/2016 27.52 27.52 27.52 27.52 1 114.92 3163.00
31/01/2017 27.42 27.42 27.42 27.42 1 114.92 3151.00
16/03/2017 30.46 26.82 30.46 28.80 6 6780.47 203194.00
20/03/2017 30.46 30.46 32.20 32.20 11 5861.08 178762.00
21/03/2017 30.46 30.46 30.46 30.46 4 574.62 17500.00
29/03/2017 28.98 28.71 28.98 28.71 4 574.62 16535.00
11/04/2017 30.46 30.46 30.46 30.46 1 114.92 3500.00
24/04/2017 36.54 36.54 36.54 36.54 4 1149.23 41990.00
26/04/2017 38.29 38.29 39.16 39.16 5 1494.00 57500.00
27/04/2017 39.15 39.15 39.15 39.15 1 114.92 4499.00
03/05/2017 39.13 39.13 39.16 39.16 3 574.62 22497.00
04/05/2017 41.76 41.76 41.76 41.76 5 1838.77 76784.00
09/05/2017 41.68 41.68 41.68 41.68 4 804.46 33530.00
10/05/2017 41.67 41.67 41.68 41.68 3 344.77 14368.00
11/05/2017 41.68 41.68 41.68 41.68 1 344.77 14370.00
12/05/2017 41.68 41.68 41.68 41.68 1 114.92 4790.00
06/06/2017 41.68 41.68 41.68 41.68 1 200.00 8336.00
