20/06/2016 9.72 9.72 9.72 9.72 1 104.15 1012.00
21/06/2016 9.13 9.13 9.59 9.59 2 312.46 2901.00
22/06/2016 9.16 9.16 9.72 9.72 2 624.92 5782.00
27/06/2016 9.13 9.00 9.50 9.07 6 1145.68 10478.00
28/06/2016 9.31 9.03 9.31 9.03 9 2812.14 25534.00
29/06/2016 9.55 9.55 9.75 9.75 5 520.77 5019.00
30/06/2016 9.75 9.75 11.52 11.43 9 3124.60 31295.00
04/07/2016 10.56 9.79 10.56 10.38 5 937.38 9371.00
05/07/2016 9.60 9.51 9.60 9.51 3 833.23 7950.00
07/07/2016 9.56 9.55 9.56 9.55 2 208.31 1991.00
08/07/2016 9.51 9.51 9.59 9.59 2 416.61 3969.00
12/07/2016 9.42 9.42 9.58 9.58 4 833.23 7902.00
13/07/2016 9.69 9.69 9.69 9.69 3 937.38 9081.00
14/07/2016 9.59 9.59 9.59 9.59 1 208.31 1998.00
18/07/2016 9.60 9.60 9.69 9.69 5 1249.84 12048.00
19/07/2016 10.08 10.08 10.47 10.47 4 1145.68 11660.00
20/07/2016 9.60 9.51 9.60 9.60 13 3332.90 31909.00
21/07/2016 9.57 9.50 9.69 9.50 5 937.38 8942.00
22/07/2016 9.78 9.78 10.47 10.47 2 208.31 2109.00
25/07/2016 10.16 9.69 10.16 9.70 9 3332.90 33258.00
26/07/2016 10.42 10.42 10.42 10.42 1 104.15 1085.00
27/07/2016 10.36 10.36 10.41 10.41 2 208.31 2163.00
28/07/2016 9.59 9.50 9.59 9.51 14 11665.16 110989.00
29/07/2016 9.79 9.79 9.89 9.89 2 208.31 2050.00
01/08/2016 9.89 9.89 9.99 9.99 4 729.07 7220.00
04/08/2016 9.89 9.61 9.89 9.61 5 833.23 8211.00
05/08/2016 10.08 10.07 10.08 10.07 11 5728.42 57740.00
08/08/2016 10.25 10.07 10.25 10.08 8 5207.66 52517.00
09/08/2016 10.08 9.89 10.08 10.08 5 1458.14 14630.00
10/08/2016 9.99 9.63 10.08 9.63 13 4999.35 48716.00
11/08/2016 9.70 9.70 9.98 9.98 2 208.31 2049.00
15/08/2016 10.04 9.89 10.47 10.46 17 11977.62 121464.00
16/08/2016 10.47 10.47 10.47 10.47 1 729.07 7630.00
18/08/2016 10.08 10.08 10.31 10.08 8 3437.05 34674.00
19/08/2016 10.03 10.02 10.03 10.02 4 1458.14 14629.00
22/08/2016 10.39 10.39 10.39 10.39 1 104.15 1082.00
23/08/2016 9.99 9.86 9.99 9.86 6 1458.14 14444.00
24/08/2016 9.70 9.54 9.94 9.54 13 3437.05 33263.00
25/08/2016 9.66 9.66 9.66 9.66 5 148001.66 1429526.00
26/08/2016 10.27 10.27 10.27 10.27 2 208.31 2140.00
29/08/2016 10.37 10.37 10.37 10.37 1 104.15 1080.00
30/08/2016 9.61 9.56 9.70 9.56 11 3020.44 29008.00
31/08/2016 9.83 9.61 9.89 9.61 10 1562.30 15151.00
01/09/2016 9.89 9.89 9.89 9.89 1 104.15 1030.00
02/09/2016 9.89 9.89 9.99 9.99 2 208.31 2070.00
05/09/2016 9.66 9.56 9.66 9.56 7 2291.37 22019.00
06/09/2016 9.60 9.60 9.60 9.60 2 208.31 2000.00
08/09/2016 9.61 9.58 9.61 9.58 5 4166.13 39999.00
09/09/2016 9.57 9.33 9.59 9.59 16 4061.97 38487.00
12/09/2016 9.59 9.17 9.59 9.23 17 5207.66 48334.00
13/09/2016 9.58 9.58 9.58 9.58 1 104.15 998.00
14/09/2016 9.59 9.59 9.59 9.59 1 104.15 999.00
15/09/2016 9.60 9.60 9.60 9.60 1 104.15 1000.00
19/09/2016 9.32 9.21 9.32 9.21 5 1145.68 10580.00
20/09/2016 9.20 9.03 9.20 9.03 10 2812.14 25676.00
21/09/2016 9.13 9.12 9.17 9.12 11 5415.97 49465.00
22/09/2016 9.12 9.12 9.60 9.60 4 2395.52 21900.00
23/09/2016 9.12 9.07 9.12 9.07 14 2707.98 24673.00
26/09/2016 9.33 9.33 9.58 9.58 2 208.31 1970.00
27/09/2016 9.12 8.98 9.12 9.02 10 3228.75 29152.00
28/09/2016 9.27 9.27 9.27 9.27 1 104.15 966.00
30/09/2016 9.12 9.12 9.12 9.12 1 104.15 950.00
04/10/2016 9.51 9.51 9.51 9.51 1 104.15 990.00
05/10/2016 9.49 9.49 9.49 9.49 3 416.61 3952.00
10/10/2016 9.56 9.12 9.56 9.12 10 4270.28 39231.00
11/10/2016 9.12 9.12 9.12 9.12 1 208.31 1900.00
13/10/2016 9.12 9.12 9.22 9.22 2 1145.68 10550.00
14/10/2016 9.12 9.09 9.12 9.09 3 520.77 4747.00
17/10/2016 9.21 9.11 9.21 9.11 3 1978.91 18058.00
18/10/2016 9.12 9.09 9.27 9.09 13 6769.96 62067.00
19/10/2016 9.13 9.12 9.13 9.12 7 2499.68 22801.00
20/10/2016 9.13 9.12 9.22 9.22 6 3228.75 29511.00
21/10/2016 9.57 9.11 9.60 9.55 16 9582.09 88716.00
24/10/2016 9.13 9.12 9.13 9.12 12 13539.91 123504.00
25/10/2016 9.12 9.06 9.54 9.54 15 32495.79 296378.00
27/10/2016 9.12 9.12 9.57 9.35 11 1874.76 17472.00
28/10/2016 9.63 9.31 9.63 9.60 4 520.77 4972.00
31/10/2016 9.12 9.03 9.17 9.12 20 20934.79 190776.00
01/11/2016 9.12 9.12 9.41 9.12 7 2603.83 23780.00
03/11/2016 8.96 8.64 9.12 9.12 10 14477.29 125353.00
04/11/2016 9.12 9.07 9.12 9.12 4 3228.75 29423.00
07/11/2016 9.41 9.22 9.60 9.60 6 2291.37 21485.00
08/11/2016 9.60 9.12 9.63 9.41 20 14164.83 131554.00
09/11/2016 9.40 9.09 9.40 9.39 17 16664.51 154151.00
10/11/2016 9.40 9.08 9.41 9.17 24 6665.80 61137.00
11/11/2016 9.23 9.12 9.60 9.19 15 5207.66 48842.00
14/11/2016 9.13 9.13 9.58 9.58 6 1770.60 16589.00
16/11/2016 9.57 9.41 9.58 9.58 15 13539.91 129120.00
17/11/2016 9.57 9.51 9.57 9.56 3 1770.60 16913.00
18/11/2016 9.57 9.57 9.57 9.57 3 1353.99 12961.00
21/11/2016 9.60 9.46 9.60 9.60 11 6040.88 57959.00
22/11/2016 9.60 9.60 9.98 9.98 11 3957.82 38171.00
23/11/2016 9.98 9.98 10.08 10.03 9 6249.19 62558.00
24/11/2016 10.08 10.08 10.32 10.32 11 8228.10 83408.00
25/11/2016 10.31 10.31 11.33 11.20 39 15831.28 174587.00
28/11/2016 11.19 11.14 11.52 11.33 22 6353.34 71845.00
29/11/2016 10.30 10.15 11.30 10.55 52 25200.00 260991.00
30/11/2016 10.40 10.26 10.75 10.30 15 5800.00 59980.00
01/12/2016 10.88 10.30 10.88 10.80 3 1200.00 12468.00
02/12/2016 10.13 9.90 10.40 10.25 18 11200.00 112582.00
05/12/2016 10.06 10.00 10.15 10.15 17 14800.00 148471.00
06/12/2016 10.25 10.24 10.25 10.24 2 300.00 3073.00
07/12/2016 10.24 9.95 10.24 9.95 11 3900.00 39088.00
08/12/2016 10.10 10.00 10.14 10.00 23 13700.00 137864.00
09/12/2016 10.12 9.89 10.12 10.12 19 5100.00 50707.00
12/12/2016 10.05 10.00 10.10 10.10 11 6600.00 66320.00
13/12/2016 10.13 10.13 10.13 10.13 1 100.00 1013.00
14/12/2016 10.08 10.08 10.08 10.08 2 2000.00 20160.00
15/12/2016 10.01 9.80 10.01 10.00 8 1700.00 16753.00
16/12/2016 10.00 9.81 10.00 9.99 9 2900.00 28527.00
19/12/2016 10.00 10.00 10.03 10.03 2 500.00 5009.00
20/12/2016 9.82 9.82 9.95 9.94 7 2500.00 24815.00
21/12/2016 9.82 9.81 10.12 10.12 10 1900.00 18769.00
23/12/2016 9.82 9.56 9.82 9.56 7 2000.00 19510.00
26/12/2016 10.10 9.99 10.12 10.12 8 3400.00 34112.00
28/12/2016 10.11 10.00 10.11 10.11 8 1800.00 18132.00
29/12/2016 10.12 10.12 10.12 10.12 2 900.00 9108.00
03/01/2017 9.63 9.62 10.11 10.11 13 4100.00 40292.00
04/01/2017 9.84 9.82 10.20 10.20 9 2400.00 24180.00
05/01/2017 10.01 9.90 10.30 9.90 30 54200.00 542251.00
06/01/2017 9.86 9.86 10.00 10.00 2 200.00 1986.00
09/01/2017 10.39 10.00 10.39 10.00 14 14800.00 148265.00
10/01/2017 10.33 10.00 10.33 10.31 7 4400.00 44180.00
11/01/2017 10.32 10.32 10.32 10.32 1 100.00 1032.00
12/01/2017 10.38 10.26 10.70 10.68 15 9600.00 99360.00
13/01/2017 10.58 10.40 10.70 10.66 12 9600.00 100927.00
16/01/2017 10.31 10.31 10.50 10.50 2 800.00 8267.00
17/01/2017 10.40 10.40 10.69 10.69 14 22900.00 243906.00
18/01/2017 10.60 10.55 10.65 10.55 10 14400.00 152090.00
19/01/2017 10.65 10.55 10.65 10.65 4 2400.00 25350.00
20/01/2017 10.65 10.62 10.65 10.64 3 1200.00 12749.00
23/01/2017 10.62 10.40 10.62 10.40 8 46600.00 494582.00
24/01/2017 10.45 10.45 10.65 10.65 5 8200.00 85980.00
26/01/2017 10.70 10.70 10.76 10.76 3 700.00 7500.00
27/01/2017 10.74 10.70 11.40 11.35 18 7600.00 84248.00
30/01/2017 10.71 10.66 11.41 11.40 12 6100.00 68546.00
31/01/2017 11.39 11.39 11.90 11.90 9 5900.00 68009.00
01/02/2017 11.65 11.65 11.65 11.65 1 200.00 2330.00
02/02/2017 11.00 11.00 12.49 12.00 18 26300.00 294614.00
03/02/2017 12.00 11.60 12.20 12.20 14 3400.00 39989.00
06/02/2017 12.24 12.23 12.25 12.23 4 700.00 8568.00
07/02/2017 12.25 12.25 12.25 12.25 2 600.00 7350.00
13/02/2017 12.16 11.90 12.48 12.48 10 4400.00 52982.00
15/02/2017 12.49 12.00 12.49 12.49 5 1400.00 17430.00
16/02/2017 12.49 11.80 12.49 12.00 16 12800.00 151916.00
17/02/2017 12.01 12.00 12.68 12.68 4 1200.00 14521.00
20/02/2017 12.00 12.00 12.55 12.55 3 1200.00 14950.00
21/02/2017 12.55 11.99 12.60 12.44 14 4900.00 59778.00
22/02/2017 12.00 12.00 12.00 12.00 4 2000.00 24000.00
23/02/2017 12.50 12.50 12.50 12.50 3 400.00 5000.00
24/02/2017 12.60 12.00 12.60 12.40 4 1400.00 16950.00
01/03/2017 12.39 12.39 12.86 12.79 18 6600.00 83759.00
03/03/2017 12.50 12.50 12.78 12.50 7 2200.00 27802.00
06/03/2017 12.10 12.10 12.50 12.50 2 1200.00 14720.00
07/03/2017 12.49 12.49 12.77 12.77 5 5100.00 63775.00
08/03/2017 12.48 12.22 12.48 12.22 2 1000.00 12350.00
09/03/2017 12.21 12.10 12.48 12.10 5 2600.00 31683.00
10/03/2017 12.10 12.03 12.30 12.30 7 2100.00 25456.00
13/03/2017 12.50 12.50 13.10 12.70 41 21400.00 273505.00
14/03/2017 12.99 12.99 13.32 13.32 4 700.00 9142.00
16/03/2017 13.00 12.15 13.25 13.05 13 7900.00 100055.00
17/03/2017 13.25 12.25 13.25 13.05 10 6000.00 74226.00
20/03/2017 12.36 12.11 13.24 12.11 9 1600.00 19992.00
21/03/2017 13.00 12.03 13.05 12.03 7 4500.00 58271.00
22/03/2017 12.40 12.40 13.18 13.18 7 2200.00 27358.00
23/03/2017 13.19 13.19 13.32 13.32 19 16700.00 221740.00
24/03/2017 13.30 12.61 13.48 13.19 17 18400.00 242871.00
27/03/2017 13.15 13.10 13.49 13.10 8 6600.00 87120.00
28/03/2017 13.20 12.50 13.20 12.85 8 8200.00 104268.00
29/03/2017 13.49 13.49 13.49 13.49 1 100.00 1349.00
03/04/2017 12.20 12.20 12.93 12.33 9 3400.00 42164.00
04/04/2017 12.69 12.33 12.99 12.99 6 3500.00 43380.00
05/04/2017 12.45 12.45 12.80 12.80 3 300.00 3805.00
06/04/2017 12.50 12.50 12.88 12.88 2 600.00 7538.00
07/04/2017 12.35 12.35 12.80 12.78 3 800.00 9968.00
11/04/2017 12.01 12.01 12.01 12.01 1 1000.00 12010.00
12/04/2017 11.86 11.50 11.86 11.69 8 4600.00 53654.00
13/04/2017 12.00 11.21 12.00 11.50 10 3800.00 43228.00
17/04/2017 11.99 11.99 12.00 12.00 3 500.00 5999.00
18/04/2017 11.99 11.99 12.00 12.00 5 1000.00 11997.00
19/04/2017 11.50 11.00 11.51 11.00 15 11500.00 126840.00
20/04/2017 12.00 11.20 12.00 11.50 3 300.00 3470.00
24/04/2017 11.16 11.00 11.19 11.14 19 10000.00 111175.00
25/04/2017 11.00 11.00 11.00 11.00 2 2000.00 22000.00
26/04/2017 11.00 11.00 11.00 11.00 6 3900.00 42900.00
27/04/2017 11.00 10.99 11.00 11.00 24 25900.00 284899.00
28/04/2017 11.00 11.00 11.39 11.00 17 13600.00 149745.00
02/05/2017 11.39 11.00 11.39 11.05 11 4900.00 54106.00
03/05/2017 11.39 11.39 11.39 11.39 1 100.00 1139.00
04/05/2017 11.39 11.35 11.39 11.38 3 400.00 4551.00
08/05/2017 11.11 11.10 11.44 11.22 7 4900.00 54983.00
09/05/2017 11.43 11.43 11.45 11.45 3 400.00 4577.00
10/05/2017 11.02 11.02 11.05 11.05 2 200.00 2207.00
11/05/2017 11.06 10.90 11.30 10.95 6 2500.00 27336.00
12/05/2017 11.00 10.85 11.29 11.05 11 5500.00 60731.00
15/05/2017 10.90 10.90 10.98 10.98 10 3300.00 36117.00
16/05/2017 10.86 10.72 10.98 10.95 19 12700.00 138134.00
17/05/2017 10.78 10.60 10.90 10.90 13 7200.00 76997.00
18/05/2017 9.08 9.08 9.90 9.90 36 32800.00 309833.00
19/05/2017 9.98 9.98 10.40 10.38 27 13900.00 141297.00
22/05/2017 10.00 10.00 10.36 10.36 4 2100.00 21036.00
23/05/2017 10.37 10.37 10.37 10.37 3 600.00 6222.00
24/05/2017 9.86 9.71 10.37 9.80 9 8700.00 85397.00
25/05/2017 10.37 10.37 10.37 10.37 1 100.00 1037.00
26/05/2017 9.96 9.90 10.36 10.36 5 1800.00 17940.00
29/05/2017 10.35 10.35 10.35 10.35 1 100.00 1035.00
30/05/2017 10.34 10.34 10.34 10.34 2 1600.00 16544.00
01/06/2017 10.00 10.00 10.30 10.00 3 2400.00 24030.00
02/06/2017 10.01 10.00 10.93 10.84 5 1000.00 10314.00
05/06/2017 10.20 10.00 10.70 10.70 3 500.00 5110.00
06/06/2017 10.00 10.00 10.00 10.00 4 700.00 7000.00
07/06/2017 9.86 9.85 10.22 9.86 8 4600.00 45441.00
08/06/2017 10.28 9.76 10.28 9.76 2 200.00 2004.00
09/06/2017 9.77 9.65 10.28 9.65 5 5300.00 51740.00
12/06/2017 10.10 9.66 10.10 9.66 2 200.00 1976.00
13/06/2017 10.00 9.82 10.00 9.82 2 300.00 2964.00
14/06/2017 10.10 10.10 10.10 10.10 1 1400.00 14140.00
16/06/2017 10.20 9.65 10.20 9.71 12 2600.00 25852.00
