24/10/2016 1725.50 1725.50 1725.60 1725.60 2 24.00 3106012.00
03/11/2016 1692.50 1692.50 1692.60 1692.60 2 24.00 3046657.00
08/11/2016 1742.30 1742.30 1742.30 1742.30 1 50.00 6533625.00
09/11/2016 1640.00 1640.00 1640.00 1640.00 2 50.00 6150000.00
10/11/2016 1660.10 1660.10 1660.20 1660.20 2 8.00 996112.00
11/11/2016 1660.40 1660.40 1660.40 1660.40 1 8.00 996240.00
25/11/2016 1666.90 1666.90 1666.90 1666.90 2 7.00 875122.00
28/11/2016 1653.00 1653.00 1653.00 1653.00 1 165.00 20455875.00
29/11/2016 1655.00 1655.00 1655.00 1655.00 2 30.00 3723750.00
30/11/2016 1665.00 1657.00 1665.00 1657.00 3 80.00 9987000.00
05/12/2016 1675.40 1675.40 1675.40 1675.40 2 15.00 1884825.00
07/12/2016 1676.00 1676.00 1682.00 1682.00 3 40.00 5045542.00
08/12/2016 1669.00 1669.00 1669.00 1669.00 2 5.00 625875.00
09/12/2016 1660.00 1655.00 1661.00 1661.00 5 20.00 2488987.00
12/12/2016 1687.20 1661.00 1687.20 1661.00 4 18.00 2256217.00
13/12/2016 1644.50 1643.00 1644.50 1643.00 2 6.00 739462.00
14/12/2016 1645.10 1645.10 1645.10 1645.10 2 9.00 1110442.00
16/12/2016 1663.50 1663.50 1664.80 1664.80 2 11.00 1373362.00
20/12/2016 1643.00 1640.00 1643.00 1640.00 2 36.00 4428225.00
21/12/2016 1628.00 1628.00 1628.00 1628.00 1 13.00 1587300.00
23/12/2016 1578.00 1578.00 1578.00 1578.00 2 10.00 1183500.00
27/12/2016 1590.00 1590.00 1590.00 1590.00 2 227.00 27069750.00
28/12/2016 1580.00 1580.00 1583.00 1583.00 2 82.00 9718575.00
