22/03/2017 1640.70 1640.70 1640.80 1640.80 2 19.00 2338027.00
29/03/2017 1661.00 1661.00 1661.00 1661.00 2 125.00 15571875.00
24/04/2017 1687.80 1687.80 1687.90 1687.90 2 19.00 2405212.00
25/04/2017 1672.50 1672.50 1674.80 1674.80 3 425.00 53345437.00
26/04/2017 1676.10 1672.10 1677.50 1672.10 5 407.00 51163260.00
05/05/2017 1678.90 1678.80 1678.90 1678.80 3 83.00 10450702.00
08/05/2017 1678.80 1678.70 1678.80 1678.70 3 165.00 20773987.00
09/05/2017 1661.00 1661.00 1661.00 1661.00 1 5.00 622875.00
15/05/2017 1667.40 1667.30 1667.40 1667.30 3 94.00 11755020.00
19/05/2017 1745.20 1745.20 1745.20 1745.20 2 200.00 26178000.00
22/05/2017 1767.70 1767.70 1767.70 1767.70 2 94.00 12462285.00
29/05/2017 1768.50 1768.50 1772.00 1772.00 3 360.00 47811187.00
