01/06/2016 1958.00 1956.00 1962.70 1956.00 6 90.00 13236150.00
02/06/2016 1933.80 1933.80 1933.80 1933.80 2 30.00 4351050.00
03/06/2016 1924.00 1924.00 1924.00 1924.00 2 40.00 5772000.00
06/06/2016 1881.40 1881.40 1881.50 1881.50 2 51.00 7196730.00
07/06/2016 1903.50 1883.20 1903.50 1883.20 5 130.00 18374437.00
08/06/2016 1880.60 1869.00 1880.60 1871.20 6 175.00 24603375.00
09/06/2016 1858.00 1853.90 1861.30 1861.30 4 101.00 14071350.00
13/06/2016 1858.00 1858.00 1858.10 1858.00 3 13.00 1811595.00
16/06/2016 1838.20 1835.40 1845.20 1835.40 6 206.00 28445850.00
22/06/2016 1829.00 1827.90 1833.30 1833.30 10 524.00 71867752.00
27/06/2016 1780.00 1780.00 1780.00 1780.00 1 410.00 54735000.00
28/06/2016 1770.00 1765.00 1770.00 1765.00 3 195.00 25835625.00
29/06/2016 1755.00 1755.00 1755.00 1755.00 2 99.00 13030875.00
