13/06/2016 1869.20 1869.20 1869.30 1869.30 3 12.00 1682325.00
17/06/2016 1835.00 1835.00 1835.00 1835.00 2 144.00 19818000.00
27/06/2016 1787.50 1771.80 1787.50 1786.50 9 444.00 59508742.00
28/06/2016 1779.00 1773.00 1779.00 1773.00 4 195.00 25971787.00
29/06/2016 1763.70 1763.70 1764.00 1764.00 2 99.00 13095607.00
30/06/2016 1735.50 1735.50 1771.00 1771.00 6 85.00 11155875.00
04/07/2016 1779.80 1779.80 1780.10 1780.10 5 52.00 6941467.00
06/07/2016 1777.00 1777.00 1777.00 1777.00 1 4.00 533100.00
11/07/2016 1797.00 1793.70 1797.00 1793.70 2 54.00 7265722.00
12/07/2016 1795.00 1795.00 1795.00 1795.00 1 10.00 1346250.00
13/07/2016 1799.40 1793.60 1799.40 1794.00 3 42.00 5651310.00
14/07/2016 1770.00 1770.00 1770.00 1770.00 2 5.00 663750.00
15/07/2016 1771.00 1767.40 1773.10 1767.40 5 65.00 8628375.00
18/07/2016 1768.10 1764.00 1768.10 1765.00 4 8.00 1059157.00
20/07/2016 1753.00 1753.00 1755.00 1755.00 3 65.00 8546625.00
21/07/2016 1765.50 1765.50 1765.50 1765.50 2 19.00 2515837.00
22/07/2016 1765.00 1765.00 1775.00 1775.00 2 20.00 2655000.00
25/07/2016 1755.80 1753.60 1755.80 1753.60 3 94.00 12375255.00
26/07/2016 1740.00 1740.00 1740.00 1740.00 2 430.00 56115000.00
27/07/2016 1742.00 1737.50 1742.00 1737.50 4 169.00 22063350.00
28/07/2016 1739.00 1735.00 1739.00 1735.00 3 225.00 29342625.00
