25/07/2016 1786.10 1786.00 1786.10 1786.00 3 18.00 2411152.00
09/08/2016 1734.30 1734.30 1734.30 1734.30 2 13.00 1690942.00
15/08/2016 1772.20 1772.20 1772.20 1772.20 2 12.00 1594980.00
16/08/2016 1791.00 1791.00 1791.00 1791.00 1 5.00 671625.00
23/08/2016 1773.50 1760.00 1773.60 1760.00 3 23.00 3054322.00
26/08/2016 1765.50 1765.50 1765.50 1765.50 1 250.00 33103125.00
29/08/2016 1766.00 1766.00 1770.00 1770.00 3 239.00 31722750.00
30/08/2016 1746.00 1735.00 1748.30 1743.60 10 500.00 65474175.00
01/09/2016 1730.00 1730.00 1737.50 1737.50 3 93.00 12116250.00
02/09/2016 1746.10 1745.20 1768.00 1761.20 11 304.00 40119037.00
05/09/2016 1764.50 1764.50 1779.00 1779.00 5 256.00 33884625.00
06/09/2016 1775.90 1764.30 1777.20 1764.30 6 81.00 10738042.00
08/09/2016 1746.40 1722.00 1746.40 1727.50 11 413.00 53617410.00
09/09/2016 1732.50 1732.50 1742.60 1737.00 6 41.00 5342467.00
12/09/2016 1724.00 1724.00 1732.80 1732.80 5 190.00 24676500.00
13/09/2016 1742.00 1742.00 1742.00 1742.00 2 40.00 5226000.00
14/09/2016 1737.00 1735.00 1737.00 1735.00 2 6.00 780900.00
16/09/2016 1700.00 1690.00 1700.00 1690.00 5 25.00 3180000.00
21/09/2016 1640.00 1634.00 1640.00 1634.00 4 17.00 2084100.00
27/09/2016 1653.90 1648.50 1659.90 1658.80 11 78.00 9674437.00
28/09/2016 1664.00 1664.00 1664.00 1664.00 3 277.00 34569600.00
29/09/2016 1661.00 1661.00 1668.20 1668.20 4 428.00 53325120.00
