23/08/2016 1785.10 1785.10 1785.20 1785.20 2 18.00 2409975.00
27/09/2016 1665.30 1665.30 1665.30 1665.30 2 18.00 2248155.00
28/09/2016 1673.20 1673.20 1673.50 1673.50 2 252.00 31625505.00
29/09/2016 1667.00 1667.00 1667.00 1667.00 2 415.00 51885375.00
30/09/2016 1683.70 1682.30 1683.70 1682.30 3 26.00 3281850.00
05/10/2016 1690.80 1690.80 1691.00 1691.00 2 21.00 2663235.00
06/10/2016 1686.50 1679.80 1686.50 1679.80 5 39.00 4926480.00
07/10/2016 1675.50 1675.40 1682.00 1675.40 7 217.00 27359287.00
10/10/2016 1702.10 1701.50 1714.00 1714.00 10 121.00 15480292.00
13/10/2016 1689.40 1688.30 1689.40 1688.30 5 52.00 6586417.00
17/10/2016 1696.30 1696.30 1696.30 1696.30 3 140.00 17811150.00
20/10/2016 1700.00 1687.20 1700.00 1687.20 4 28.00 3555105.00
21/10/2016 1694.00 1694.00 1701.90 1701.90 3 20.00 2551665.00
24/10/2016 1690.00 1690.00 1690.00 1690.00 2 10.00 1267500.00
25/10/2016 1679.00 1679.00 1691.10 1686.90 5 176.00 22303597.00
26/10/2016 1678.00 1678.00 1687.00 1687.00 4 321.00 40438650.00
27/10/2016 1684.00 1680.00 1684.00 1680.00 3 165.00 20797500.00
28/10/2016 1680.00 1680.00 1680.00 1680.00 2 16.00 2016000.00
