27/09/2016 1674.40 1674.30 1674.40 1674.30 2 18.00 2260335.00
28/09/2016 1683.90 1682.50 1683.90 1682.50 5 53.00 6690810.00
14/10/2016 1696.70 1696.70 1696.80 1696.80 2 14.00 1781617.00
24/10/2016 1698.50 1698.40 1713.60 1713.50 5 48.00 6141517.00
26/10/2016 1688.00 1683.20 1688.00 1683.20 3 316.00 39917100.00
27/10/2016 1692.00 1688.10 1692.00 1688.10 3 165.00 20897550.00
28/10/2016 1707.80 1690.50 1707.80 1690.50 5 49.00 6256080.00
31/10/2016 1687.10 1687.10 1687.10 1687.10 2 20.00 2530650.00
01/11/2016 1694.00 1694.00 1701.00 1701.00 4 30.00 3822300.00
03/11/2016 1681.80 1681.80 1701.00 1701.00 5 46.00 5810737.00
04/11/2016 1705.90 1700.00 1705.90 1705.90 4 52.00 6652567.00
07/11/2016 1722.60 1721.50 1726.80 1722.20 5 95.00 12279075.00
08/11/2016 1722.20 1721.10 1736.00 1725.70 8 380.00 49243717.00
09/11/2016 1635.90 1604.90 1640.00 1625.00 12 254.00 30903277.00
10/11/2016 1617.20 1616.30 1650.30 1650.00 18 103.00 12626812.00
11/11/2016 1646.10 1629.00 1650.00 1632.30 5 44.00 5404950.00
14/11/2016 1662.00 1659.00 1664.00 1659.00 4 53.00 6609750.00
16/11/2016 1694.00 1694.00 1698.00 1698.00 2 16.00 2037300.00
17/11/2016 1686.40 1686.40 1686.40 1686.40 1 4.00 505920.00
18/11/2016 1673.90 1673.90 1674.00 1674.00 2 4.00 502192.00
22/11/2016 1638.00 1638.00 1638.00 1638.00 2 5.00 614250.00
25/11/2016 1657.70 1657.00 1657.70 1657.00 3 25.00 3107242.00
28/11/2016 1654.00 1650.00 1654.00 1650.00 3 177.00 21907350.00
29/11/2016 1648.00 1648.00 1648.00 1648.00 2 30.00 3708000.00
