20/06/2016 14.21 14.09 14.57 14.37 2607 644543.71 9242241.00
21/06/2016 14.35 13.91 14.42 14.31 1228 287764.54 4088100.00
22/06/2016 14.31 13.82 14.39 14.02 1541 331534.88 4678360.00
23/06/2016 14.14 14.07 14.41 14.17 1770 339983.57 4857449.00
24/06/2016 13.95 13.26 13.95 13.75 2107 380903.75 5193590.00
27/06/2016 13.78 13.15 13.80 13.21 2080 391693.65 5202505.00
28/06/2016 13.26 13.12 13.58 13.30 2012 263843.54 3512714.00
29/06/2016 13.38 13.26 14.13 13.43 2558 816367.74 11073338.00
30/06/2016 13.42 13.23 13.68 13.46 2107 433020.99 5831662.00
01/07/2016 13.63 13.47 14.06 13.88 939 192487.70 2663032.00
04/07/2016 13.91 13.72 14.49 14.25 867 196559.36 2780159.00
05/07/2016 14.26 13.91 14.29 14.29 1235 497353.21 6999810.00
06/07/2016 14.25 13.84 15.04 14.79 1603 295398.90 4274766.00
07/07/2016 14.67 14.42 15.23 15.04 2002 572577.12 8629886.00
08/07/2016 15.07 14.90 15.52 15.35 1825 444828.80 6825498.00
11/07/2016 15.35 15.35 15.68 15.52 2567 566062.47 8793191.00
12/07/2016 15.35 15.35 15.96 15.50 3655 791428.82 12377655.00
13/07/2016 15.30 15.30 16.36 16.22 2284 561176.48 8937429.00
14/07/2016 16.22 15.76 16.59 16.31 3019 603012.78 9795854.00
15/07/2016 16.43 16.15 16.78 16.31 2668 495724.55 8180547.00
18/07/2016 16.30 15.86 16.70 16.54 4905 729539.60 11885481.00
19/07/2016 16.62 16.44 17.16 16.77 2520 379478.67 6393834.00
20/07/2016 16.89 16.40 16.89 16.57 1278 206229.56 3417941.00
21/07/2016 16.61 16.45 17.02 16.70 3010 614108.05 10270581.00
22/07/2016 16.74 16.52 17.02 16.70 2221 396885.01 6646309.00
25/07/2016 16.73 16.18 16.90 16.35 2994 618790.46 10147468.00
26/07/2016 16.39 16.22 17.05 16.23 2643 434649.66 7210675.00
27/07/2016 16.31 16.31 16.96 16.79 2882 777279.81 12989785.00
28/07/2016 16.85 16.52 17.19 17.04 1656 260789.79 4374692.00
29/07/2016 17.03 16.52 17.32 17.00 2829 574205.79 9682827.00
01/08/2016 16.90 16.90 18.13 17.76 2825 558631.69 9892214.00
02/08/2016 17.95 17.41 18.12 17.59 3087 505394.74 8901559.00
03/08/2016 17.58 17.19 17.71 17.68 4026 682308.35 11847797.00
04/08/2016 17.79 17.79 18.56 18.47 2203 543464.76 9963036.00
05/08/2016 18.47 18.41 19.95 19.65 3915 1044075.30 20338963.00
08/08/2016 19.64 18.67 19.90 19.16 4412 1254376.51 23990961.00
09/08/2016 19.16 18.83 19.33 19.06 1855 294482.78 5610968.00
10/08/2016 19.18 18.34 19.21 18.68 2309 728419.89 13706099.00
11/08/2016 18.78 18.39 18.85 18.64 2773 467630.10 8680393.00
12/08/2016 18.74 18.52 19.01 18.83 1900 336013.70 6309544.00
15/08/2016 18.86 18.15 18.96 18.22 1668 299368.77 5516737.00
16/08/2016 18.22 17.54 18.38 17.84 2274 400549.51 7164610.00
17/08/2016 17.86 17.23 17.93 17.54 1288 223737.69 3914831.00
18/08/2016 17.58 17.53 17.98 17.78 1523 257227.09 4569748.00
19/08/2016 17.82 17.42 17.88 17.73 889 152789.02 2700730.00
22/08/2016 17.49 17.25 17.75 17.44 1394 360036.50 6256388.00
23/08/2016 17.46 17.09 17.69 17.11 1971 425284.84 7398501.00
24/08/2016 16.91 16.63 17.38 16.83 1605 236563.42 4022699.00
25/08/2016 16.64 16.49 17.11 16.92 1583 277585.39 4668008.00
26/08/2016 16.93 16.40 17.37 16.59 2306 470480.26 8002839.00
29/08/2016 16.67 16.55 17.06 16.99 2719 497963.96 8366469.00
30/08/2016 17.17 16.86 17.94 17.64 2914 578073.86 9969071.00
31/08/2016 17.86 17.63 18.08 17.88 2676 491754.68 8754404.00
01/09/2016 18.02 17.26 18.04 17.32 1343 283183.92 4968992.00
02/09/2016 17.30 17.30 18.66 18.66 1956 428847.54 7768278.00
05/09/2016 18.76 18.52 19.20 18.76 1636 301506.39 5696725.00
06/09/2016 18.86 18.27 18.99 18.99 2632 567385.76 10589000.00
08/09/2016 18.78 18.78 19.40 19.05 2313 360749.04 6891646.00
09/09/2016 18.81 17.83 18.81 17.83 1487 326139.93 5945479.00
12/09/2016 17.75 17.40 18.28 18.18 1449 243892.41 4354004.00
13/09/2016 18.30 16.32 18.30 17.51 3069 640675.63 10923912.00
14/09/2016 17.66 17.27 18.35 18.17 1527 259262.92 4644904.00
15/09/2016 18.35 17.63 18.45 18.01 1281 210199.42 3797119.00
16/09/2016 18.01 17.21 18.25 17.29 1484 394849.18 6927170.00
19/09/2016 17.55 16.99 17.76 17.29 2670 364209.95 6344371.00
20/09/2016 17.48 17.17 17.78 17.58 798 326038.14 5677484.00
21/09/2016 17.59 17.22 17.91 17.73 1588 291429.03 5093052.00
22/09/2016 17.72 17.71 18.16 17.99 2371 373981.93 6697903.00
23/09/2016 17.86 17.74 18.31 18.27 1092 252137.52 4539903.00
26/09/2016 18.33 17.47 18.33 17.64 1279 268933.11 4757371.00
27/09/2016 17.66 16.83 17.78 17.41 1398 354437.96 6150311.00
28/09/2016 17.46 17.01 17.64 17.09 2441 401567.42 6926722.00
29/09/2016 17.21 17.06 17.78 17.06 2477 371029.98 6468678.00
30/09/2016 17.22 17.02 17.58 17.20 1458 271172.53 4671948.00
03/10/2016 17.20 17.20 17.89 17.89 1432 307613.88 5405101.00
04/10/2016 17.89 17.44 17.89 17.73 2229 365227.86 6445631.00
05/10/2016 17.70 17.64 18.09 18.09 1751 364718.90 6493415.00
06/10/2016 18.07 17.73 18.26 17.73 1629 281351.67 5058023.00
07/10/2016 17.84 17.56 18.18 18.06 1420 281249.88 5025542.00
10/10/2016 18.17 17.88 18.30 18.15 1233 317894.82 5744835.00
11/10/2016 18.32 17.84 18.42 17.95 2129 375407.01 6805486.00
13/10/2016 18.02 17.70 18.31 18.31 3175 514047.02 9227054.00
14/10/2016 18.35 17.62 18.35 17.75 1579 324816.64 5832889.00
17/10/2016 17.77 17.26 18.00 17.83 1709 256412.76 4525002.00
18/10/2016 17.99 17.59 18.05 17.90 1720 367365.48 6528191.00
19/10/2016 17.88 17.46 18.06 17.46 1823 348534.06 6179779.00
20/10/2016 17.47 16.96 17.47 17.09 1183 290920.07 4998229.00
21/10/2016 16.97 16.64 17.14 16.65 2044 544177.30 9112704.00
24/10/2016 16.68 16.03 16.85 16.11 3467 748371.02 12287136.00
25/10/2016 16.21 16.02 16.81 16.59 1663 354845.13 5830930.00
26/10/2016 16.59 16.20 16.59 16.44 1509 373371.18 6127529.00
27/10/2016 16.44 16.44 16.76 16.48 1906 315044.66 5221885.00
28/10/2016 16.54 16.33 16.69 16.46 1858 408183.87 6768097.00
31/10/2016 16.47 15.77 16.59 15.91 1905 461115.44 7376086.00
01/11/2016 16.08 14.94 16.08 15.18 2615 573798.62 8857552.00
03/11/2016 15.20 14.64 15.29 14.69 4069 744197.57 11083931.00
04/11/2016 14.64 14.53 14.88 14.74 2354 462438.73 6798507.00
07/11/2016 14.79 14.79 15.42 15.35 2024 329091.88 5013416.00
08/11/2016 15.56 14.96 15.61 15.33 1447 280944.51 4299332.00
09/11/2016 14.83 13.81 14.83 14.10 3996 1046212.92 14771447.00
10/11/2016 14.38 13.36 14.38 13.75 1883 517304.34 7223926.00
11/11/2016 13.84 12.55 13.84 12.97 3352 1101282.11 14137490.00
14/11/2016 12.83 12.60 13.47 12.60 2543 450630.92 5824367.00
16/11/2016 12.76 12.63 13.70 13.56 3989 926098.96 12303817.00
17/11/2016 13.90 13.27 13.90 13.66 2775 561685.43 7651361.00
18/11/2016 13.66 12.77 13.94 13.56 1917 450630.92 6016839.00
21/11/2016 13.65 13.12 13.85 13.61 1481 312194.50 4237034.00
22/11/2016 13.75 12.99 13.75 13.35 2812 543973.71 7203384.00
23/11/2016 13.25 12.57 13.31 12.84 3288 713049.38 9121099.00
24/11/2016 12.96 12.77 13.46 13.26 2149 457450.95 6061755.00
25/11/2016 13.16 12.73 13.16 12.82 1471 290818.28 3753691.00
28/11/2016 12.73 12.63 13.15 12.73 1714 308631.79 3955433.00
29/11/2016 12.74 12.54 12.84 12.54 2373 362174.12 4617041.00
30/11/2016 12.57 12.57 13.27 12.99 2204 579804.32 7488962.00
01/12/2016 13.06 12.21 13.12 12.55 3105 536644.73 6798057.00
02/12/2016 12.59 12.20 12.85 12.39 1703 347923.31 4333828.00
05/12/2016 12.26 12.26 13.10 12.67 2108 398920.84 5091071.00
06/12/2016 12.57 12.40 13.10 13.10 2152 349144.81 4499259.00
07/12/2016 13.16 12.80 13.24 13.05 2777 446864.63 5818146.00
08/12/2016 13.15 13.08 13.51 13.31 2219 439433.86 5838102.00
09/12/2016 13.31 12.69 13.31 12.84 4531 870927.98 11249784.00
12/12/2016 12.86 12.44 12.97 12.62 1641 314026.74 3999961.00
13/12/2016 12.63 12.41 12.99 12.99 2065 331942.04 4260192.00
14/12/2016 12.97 12.23 13.05 12.23 2644 479539.70 5964891.00
15/12/2016 12.25 12.00 12.83 12.74 3440 738802.62 9307686.00
16/12/2016 12.88 12.29 12.88 12.39 1833 579600.74 7209871.00
19/12/2016 12.30 11.87 12.38 12.08 1358 380903.75 4592403.00
20/12/2016 12.18 11.74 12.22 11.94 2271 415716.44 4954404.00
21/12/2016 12.00 11.69 12.09 11.73 1310 406657.00 4827384.00
22/12/2016 11.79 11.25 11.82 11.49 2594 544482.67 6285272.00
23/12/2016 11.54 11.30 11.65 11.30 2334 384771.83 4397837.00
26/12/2016 11.35 11.27 11.44 11.31 1220 200936.40 2282324.00
27/12/2016 11.30 11.23 11.35 11.30 1490 283489.30 3199920.00
28/12/2016 11.32 11.32 11.84 11.84 1606 268729.53 3141293.00
29/12/2016 11.75 11.35 11.75 11.45 2013 527788.87 6059069.00
02/01/2017 11.49 11.35 11.59 11.41 718 152280.07 1742639.00
03/01/2017 11.49 11.49 11.87 11.79 1906 375407.01 4414494.00
04/01/2017 11.84 11.84 12.53 12.47 4280 923350.59 11400656.00
05/01/2017 12.57 12.55 13.75 13.65 5686 1209384.68 16040339.00
06/01/2017 13.73 13.08 13.76 13.22 4235 1090492.22 14536277.00
09/01/2017 13.39 13.13 13.41 13.15 2819 698086.03 9231618.00
10/01/2017 13.23 13.18 13.41 13.41 1442 325732.76 4330940.00
11/01/2017 13.42 12.86 13.69 13.10 2634 521100.00 6818948.00
12/01/2017 13.27 13.25 13.75 13.27 2526 538600.00 7232989.00
13/01/2017 13.29 12.87 13.38 13.09 2694 438800.00 5773638.00
16/01/2017 13.09 13.09 13.51 13.39 1923 349600.00 4678377.00
17/01/2017 13.39 13.11 13.53 13.12 2459 467000.00 6161663.00
18/01/2017 13.25 13.05 13.28 13.15 1894 401300.00 5289379.00
19/01/2017 13.13 12.42 13.30 12.55 4150 716600.00 9152193.00
20/01/2017 12.56 12.50 13.13 12.88 2645 564100.00 7300546.00
23/01/2017 13.04 12.77 13.23 12.99 1430 294000.00 3819508.00
24/01/2017 13.12 13.00 13.70 13.17 3044 777300.00 10234737.00
26/01/2017 13.32 13.17 13.50 13.17 3091 914300.00 12169647.00
27/01/2017 13.20 12.96 13.38 13.07 1955 384000.00 5018005.00
30/01/2017 13.07 12.90 13.07 13.00 1580 324600.00 4211067.00
31/01/2017 13.08 12.80 13.08 12.99 1391 341500.00 4424554.00
01/02/2017 12.97 12.74 13.15 12.76 1869 507200.00 6529212.00
02/02/2017 12.75 12.73 12.95 12.82 1501 572000.00 7370060.00
03/02/2017 12.88 12.79 13.05 12.86 1303 284500.00 3665929.00
06/02/2017 12.96 12.85 13.19 12.88 1408 316600.00 4111747.00
07/02/2017 12.85 12.80 13.07 12.99 1879 695700.00 9016240.00
08/02/2017 13.05 12.90 13.35 13.35 2911 744900.00 9839568.00
09/02/2017 13.48 13.40 13.66 13.57 1787 592800.00 8027034.00
10/02/2017 13.67 13.62 14.35 14.23 3855 1321000.00 18602083.00
13/02/2017 14.44 14.38 15.03 15.00 4559 1401300.00 20689895.00
14/02/2017 15.00 14.54 15.35 15.35 4914 1031300.00 15415292.00
15/02/2017 15.36 14.93 15.46 15.00 4922 1122300.00 17006095.00
16/02/2017 14.98 14.75 15.30 14.99 4060 623600.00 9386929.00
17/02/2017 14.91 14.72 15.04 14.99 2684 1271800.00 18982364.00
20/02/2017 14.96 14.94 15.34 15.23 1798 404000.00 6138898.00
21/02/2017 15.23 14.92 15.56 15.00 2654 458300.00 6953679.00
22/02/2017 15.12 14.85 15.35 15.07 3414 729500.00 11004574.00
23/02/2017 15.02 14.32 15.15 14.70 6101 1214700.00 17906174.00
24/02/2017 14.64 14.04 14.70 14.16 4020 1376800.00 19710924.00
01/03/2017 14.20 14.20 14.96 14.80 4338 1015800.00 15075881.00
02/03/2017 14.91 14.35 14.91 14.58 4728 1804400.00 26490445.00
03/03/2017 14.63 14.40 14.88 14.70 2609 746100.00 10937640.00
06/03/2017 14.71 14.23 14.80 14.38 2989 566600.00 8200925.00
07/03/2017 14.40 14.29 14.77 14.73 4398 835100.00 12124466.00
08/03/2017 14.89 14.32 14.90 14.40 3598 1204500.00 17398298.00
09/03/2017 14.41 14.16 14.98 14.98 3538 942100.00 13809471.00
10/03/2017 15.16 14.90 15.30 15.19 3808 1120600.00 16996461.00
13/03/2017 15.40 15.14 15.70 15.50 4185 790300.00 12209146.00
14/03/2017 15.60 15.14 15.81 15.43 2082 501300.00 7769377.00
15/03/2017 15.40 15.14 16.49 15.99 4126 1157300.00 18475508.00
16/03/2017 16.38 15.84 16.53 16.30 2016 763700.00 12369996.00
17/03/2017 16.22 15.27 16.30 16.03 5755 1010500.00 15875336.00
20/03/2017 16.09 14.87 16.09 15.46 5374 1013900.00 15529919.00
21/03/2017 15.40 14.88 15.52 15.17 1692 401800.00 6099715.00
22/03/2017 14.95 14.87 15.25 14.96 2097 559700.00 8393438.00
23/03/2017 15.01 14.60 15.21 14.69 1821 515600.00 7619055.00
24/03/2017 14.70 14.52 14.99 14.99 3292 824100.00 12168349.00
27/03/2017 14.88 14.44 15.02 14.70 2958 579800.00 8516534.00
28/03/2017 14.90 14.87 16.23 16.05 8467 2971400.00 47165261.00
29/03/2017 15.99 15.96 17.05 17.00 8383 3386800.00 56777636.00
30/03/2017 17.06 16.27 17.17 16.59 3434 713600.00 11856094.00
31/03/2017 16.59 16.50 16.95 16.67 3454 1438800.00 24086718.00
03/04/2017 16.74 16.15 16.78 16.20 2096 648200.00 10580543.00
04/04/2017 16.29 15.74 16.60 16.60 2361 781400.00 12800715.00
05/04/2017 16.75 15.81 16.82 16.00 3028 832000.00 13457901.00
06/04/2017 16.14 15.51 16.14 15.74 5283 1256900.00 19880949.00
07/04/2017 15.68 15.32 15.78 15.55 4240 780200.00 12171988.00
10/04/2017 15.56 15.24 15.77 15.64 2402 556600.00 8604496.00
11/04/2017 15.62 15.36 15.88 15.49 2628 496000.00 7689166.00
12/04/2017 15.54 15.16 15.54 15.38 2253 623600.00 9582120.00
13/04/2017 15.38 15.01 15.41 15.17 2407 475300.00 7233789.00
17/04/2017 15.19 15.18 15.93 15.79 3187 600700.00 9412691.00
18/04/2017 15.80 15.40 15.83 15.74 5895 804000.00 12550829.00
19/04/2017 15.85 15.23 15.91 15.39 3740 857000.00 13243174.00
20/04/2017 15.41 15.12 15.43 15.12 2778 671500.00 10241447.00
24/04/2017 15.19 15.19 15.90 15.80 3441 586300.00 9228170.00
25/04/2017 15.77 15.59 16.43 16.30 4941 870400.00 14044401.00
26/04/2017 16.39 15.70 16.40 15.90 6669 1150400.00 18382285.00
27/04/2017 15.97 15.78 16.41 16.23 5380 1107000.00 17940177.00
28/04/2017 16.33 16.21 16.78 16.71 4157 805500.00 13342822.00
02/05/2017 16.72 16.34 17.00 16.60 4375 1613700.00 26967390.00
03/05/2017 16.44 16.11 16.88 16.83 5717 1538500.00 25368364.00
04/05/2017 16.84 16.14 16.84 16.36 3396 642300.00 10490963.00
05/05/2017 16.31 16.26 16.70 16.64 1851 354700.00 5858588.00
08/05/2017 16.62 16.39 16.75 16.74 2164 1481900.00 24699990.00
09/05/2017 16.82 16.58 16.97 16.76 2364 1654100.00 27684317.00
10/05/2017 16.68 16.68 17.20 16.99 5310 2427400.00 41148168.00
11/05/2017 17.06 17.06 17.59 17.40 4204 1579100.00 27439735.00
12/05/2017 17.23 17.20 18.19 17.90 10308 2114800.00 37729608.00
15/05/2017 17.86 17.47 18.00 17.65 3246 1006800.00 17735959.00
16/05/2017 17.80 17.24 17.82 17.48 4525 1341400.00 23352854.00
17/05/2017 17.45 16.81 17.45 16.89 3386 732100.00 12542789.00
18/05/2017 14.01 14.01 15.84 14.71 5945 2362300.00 35735629.00
19/05/2017 14.73 14.73 15.66 15.44 4302 1347500.00 20624494.00
22/05/2017 15.47 14.19 15.47 14.67 6417 1402100.00 20411101.00
23/05/2017 14.68 14.41 15.00 14.65 4714 1260500.00 18477826.00
24/05/2017 14.93 14.75 15.14 15.13 2891 833900.00 12528098.00
25/05/2017 15.25 14.91 15.25 15.00 3844 811900.00 12196305.00
26/05/2017 15.20 14.95 15.43 15.43 2816 701000.00 10633560.00
29/05/2017 15.21 15.12 15.35 15.12 2479 548600.00 8357745.00
30/05/2017 15.17 14.96 15.28 15.09 3867 631200.00 9535656.00
31/05/2017 15.18 14.75 15.18 14.75 2509 924300.00 13789287.00
01/06/2017 14.82 14.71 15.05 14.98 2824 893700.00 13323910.00
02/06/2017 14.98 14.91 16.12 16.00 5013 2675400.00 42037010.00
05/06/2017 15.82 15.65 16.50 16.46 6622 1372000.00 22429836.00
06/06/2017 16.49 16.07 16.63 16.27 4273 1152800.00 18872249.00
07/06/2017 16.30 15.99 16.42 16.20 1628 439000.00 7102698.00
08/06/2017 16.19 15.87 16.19 15.99 1613 663100.00 10597475.00
09/06/2017 16.15 15.40 16.15 15.40 4501 1142900.00 17942440.00
12/06/2017 15.52 15.45 16.10 15.95 2768 976300.00 15467280.00
13/06/2017 16.16 16.11 16.45 16.24 4164 1733600.00 28145191.00
14/06/2017 16.30 16.24 16.75 16.68 3912 804700.00 13310587.00
16/06/2017 16.72 16.50 17.00 16.50 2313 675100.00 11241915.00
