21/06/2016 309.36 309.36 309.36 309.36 1 100.00 30936.00
29/06/2016 290.51 290.51 290.51 290.51 1 400.00 116204.00
01/07/2016 300.40 300.40 300.40 300.40 1 600.00 180240.00
05/07/2016 332.24 323.97 332.24 323.97 2 500.00 163639.00
08/07/2016 316.04 316.04 316.04 316.04 1 100.00 31604.00
13/07/2016 315.35 315.35 315.35 315.35 1 100.00 31535.00
14/07/2016 315.45 315.45 315.45 315.45 1 100.00 31545.00
19/07/2016 279.25 279.25 279.25 279.25 1 1100.00 307175.00
20/07/2016 285.28 285.28 285.28 285.28 1 300.00 85584.00
21/07/2016 282.49 282.49 282.49 282.49 1 100.00 28249.00
22/07/2016 281.50 281.50 281.50 281.50 1 200.00 56300.00
25/07/2016 287.55 287.55 287.55 287.55 1 300.00 86265.00
26/07/2016 298.55 298.55 298.55 298.55 1 400.00 119420.00
01/08/2016 307.60 307.60 307.60 307.60 1 300.00 92280.00
04/08/2016 298.46 298.46 298.46 298.46 1 100.00 29846.00
05/08/2016 305.53 305.53 305.53 305.53 1 400.00 122212.00
08/08/2016 301.80 301.80 301.80 301.80 1 100.00 30180.00
11/08/2016 299.87 299.87 299.87 299.87 1 200.00 59974.00
12/08/2016 306.48 306.48 306.48 306.48 1 100.00 30648.00
17/08/2016 307.74 307.74 307.74 307.74 1 400.00 123096.00
23/08/2016 310.15 310.15 310.15 310.15 1 200.00 62030.00
24/08/2016 306.50 306.50 306.50 306.50 1 200.00 61300.00
25/08/2016 314.00 314.00 314.00 314.00 1 300.00 94200.00
29/08/2016 314.51 314.51 314.51 314.51 1 100.00 31451.00
30/08/2016 312.20 312.20 312.20 312.20 1 100.00 31220.00
02/09/2016 314.45 314.45 314.45 314.45 1 100.00 31445.00
06/09/2016 315.84 315.84 315.84 315.84 1 200.00 63168.00
14/09/2016 326.10 326.10 326.10 326.10 1 200.00 65220.00
19/09/2016 322.21 322.21 322.21 322.21 1 100.00 32221.00
21/09/2016 305.90 305.90 305.90 305.90 1 300.00 91770.00
27/09/2016 313.23 313.23 313.23 313.23 1 200.00 62646.00
30/09/2016 320.63 320.63 320.63 320.63 1 200.00 64126.00
03/10/2016 330.60 330.60 330.60 330.60 1 200.00 66120.00
05/10/2016 341.75 341.75 341.75 341.75 1 200.00 68350.00
11/10/2016 323.62 323.62 323.62 323.62 1 100.00 32362.00
13/10/2016 318.55 318.55 318.55 318.55 1 100.00 31855.00
18/10/2016 377.05 377.05 377.05 377.05 1 800.00 301640.00
20/10/2016 385.90 385.90 385.90 385.90 1 200.00 77180.00
26/10/2016 397.70 397.70 397.70 397.70 1 200.00 79540.00
28/10/2016 403.05 403.05 403.05 403.05 1 100.00 40305.00
31/10/2016 399.40 398.83 399.40 398.83 2 3000.00 1196547.00
10/11/2016 389.48 389.48 389.48 389.48 1 100.00 38948.00
18/11/2016 389.14 389.14 389.14 389.14 1 300.00 116742.00
21/11/2016 394.24 393.32 395.56 395.56 3 800.00 315960.00
22/11/2016 397.27 397.27 397.27 397.27 7 1000.00 397270.00
28/11/2016 396.12 396.12 396.12 396.12 1 100.00 39612.00
30/11/2016 397.60 397.60 397.60 397.60 1 100.00 39760.00
05/12/2016 406.12 406.12 406.12 406.12 1 100.00 40612.00
12/12/2016 410.79 410.79 410.79 410.79 2 200.00 82158.00
20/12/2016 418.52 418.52 418.52 418.52 1 100.00 41852.00
11/01/2017 416.40 416.40 416.40 416.40 1 100.00 41640.00
20/01/2017 442.92 442.92 442.92 442.92 2 300.00 132876.00
23/01/2017 436.74 436.74 436.74 436.74 1 100.00 43674.00
06/02/2017 436.81 436.81 436.81 436.81 1 100.00 43681.00
09/02/2017 449.17 449.17 449.17 449.17 1 100.00 44917.00
14/02/2017 436.52 435.18 436.52 435.18 2 200.00 87170.00
15/02/2017 437.40 437.40 437.40 437.40 1 100.00 43740.00
17/02/2017 439.34 439.34 439.34 439.34 1 100.00 43934.00
21/02/2017 439.20 439.20 439.20 439.20 1 100.00 43920.00
02/03/2017 441.85 441.85 441.85 441.85 1 100.00 44185.00
06/03/2017 441.65 441.65 441.65 441.65 1 200.00 88330.00
08/03/2017 444.00 444.00 444.85 444.85 6 1000.00 444425.00
30/03/2017 464.01 464.01 464.01 464.01 1 200.00 92802.00
06/04/2017 452.65 452.65 452.65 452.65 1 100.00 45265.00
19/04/2017 437.44 437.44 437.44 437.44 3 2000.00 874880.00
24/04/2017 451.88 451.88 451.88 451.88 1 100.00 45188.00
25/04/2017 481.11 481.11 481.11 481.11 1 200.00 96222.00
02/05/2017 487.89 487.89 487.89 487.89 1 100.00 48789.00
03/05/2017 493.00 493.00 493.00 493.00 1 100.00 49300.00
18/05/2017 520.44 520.44 520.44 520.44 1 100.00 52044.00
02/06/2017 535.71 535.71 535.71 535.71 1 100.00 53571.00
07/06/2017 540.61 540.61 540.61 540.61 1 100.00 54061.00
09/06/2017 542.67 542.67 542.67 542.67 2 18200.00 9876594.00
