28/11/2016 2416.30 2416.30 2416.30 2416.30 2 30.00 5436675.00
30/11/2016 2415.20 2415.20 2415.20 2415.20 2 5.00 905700.00
02/12/2016 2497.00 2497.00 2497.00 2497.00 2 20.00 3745500.00
05/12/2016 2468.40 2468.40 2468.40 2468.40 1 5.00 925650.00
06/12/2016 2437.00 2437.00 2440.70 2440.70 4 15.00 2743425.00
08/12/2016 2438.20 2438.20 2438.20 2438.20 2 35.00 6400275.00
09/12/2016 2414.00 2414.00 2414.00 2414.00 2 10.00 1810500.00
16/12/2016 2375.90 2375.90 2376.50 2376.50 4 56.00 9979507.00
21/12/2016 2307.10 2307.10 2307.10 2307.10 2 10.00 1730325.00
22/12/2016 2289.50 2289.50 2289.50 2289.50 2 70.00 12019875.00
28/12/2016 2270.00 2270.00 2270.00 2270.00 1 75.00 12768750.00
