26/01/2017 2361.20 2361.20 2361.20 2361.20 2 25.00 4427250.00
03/02/2017 2310.20 2310.20 2310.20 2310.20 2 100.00 17326500.00
10/02/2017 2261.70 2261.70 2261.70 2261.70 1 25.00 4240687.00
16/02/2017 2246.60 2246.60 2246.60 2246.60 2 15.00 2527425.00
22/02/2017 2220.50 2220.50 2220.50 2220.50 1 5.00 832687.00
23/02/2017 2229.20 2229.20 2229.20 2229.20 2 30.00 5015700.00
02/03/2017 2236.50 2236.50 2236.50 2236.50 1 5.00 838687.00
03/03/2017 2208.20 2208.20 2208.20 2208.20 2 100.00 16561500.00
09/03/2017 2206.00 2206.00 2214.10 2214.10 2 56.00 9298612.00
13/03/2017 2193.10 2193.10 2193.10 2193.10 1 5.00 822412.00
15/03/2017 2194.00 2194.00 2194.00 2194.00 1 1.00 164550.00
16/03/2017 2178.40 2178.40 2178.40 2178.40 2 90.00 14704200.00
17/03/2017 2187.10 2187.10 2187.10 2187.10 1 5.00 820162.00
23/03/2017 2206.10 2206.10 2206.10 2206.10 2 130.00 21509475.00
27/03/2017 2208.00 2208.00 2208.00 2208.00 1 20.00 3312000.00
