26/10/2016 2266.40 2266.40 2266.40 2266.40 2 75.00 12748500.00
27/10/2016 2259.40 2259.40 2259.40 2259.40 1 5.00 847275.00
28/10/2016 2306.10 2306.10 2306.10 2306.10 1 5.00 864787.00
31/10/2016 2288.00 2288.00 2288.00 2288.00 1 5.00 858000.00
03/11/2016 2387.50 2387.50 2388.50 2388.50 3 6.00 1074750.00
07/11/2016 2362.00 2357.80 2362.00 2357.80 2 10.00 1769925.00
10/11/2016 2447.90 2447.90 2448.10 2448.10 2 21.00 3855742.00
11/11/2016 2437.80 2437.80 2437.80 2437.80 2 10.00 1828350.00
18/11/2016 2383.00 2383.00 2383.00 2383.00 1 70.00 12510750.00
23/11/2016 2379.80 2379.80 2379.80 2379.80 2 5.00 892425.00
28/11/2016 2394.50 2394.50 2394.50 2394.50 2 30.00 5387625.00
