20/06/2016 10.99 10.99 11.44 11.30 8487 2471400.00 27942167.00
21/06/2016 11.26 11.18 11.59 11.55 6865 1703700.00 19485976.00
22/06/2016 11.66 11.50 12.06 11.81 5925 1534500.00 18130650.00
23/06/2016 11.90 11.88 12.22 12.04 5822 2420400.00 29143678.00
24/06/2016 11.85 11.71 12.30 12.30 4137 1704100.00 20560216.00
27/06/2016 12.42 12.10 13.53 13.36 6820 2886300.00 36800555.00
28/06/2016 13.53 12.92 13.85 13.02 5750 2921500.00 38416866.00
29/06/2016 13.19 12.99 13.35 13.04 5848 2100800.00 27526443.00
30/06/2016 13.03 12.86 13.49 13.31 2976 1916900.00 25294898.00
01/07/2016 13.23 13.22 13.70 13.55 3910 2066500.00 27957760.00
04/07/2016 13.54 13.45 13.87 13.57 2716 633800.00 8628689.00
05/07/2016 13.57 13.22 13.68 13.40 3698 1113600.00 15001039.00
06/07/2016 13.43 13.27 13.52 13.40 3558 2214600.00 29715319.00
07/07/2016 13.48 13.34 13.62 13.45 2903 789100.00 10639208.00
08/07/2016 13.46 13.35 13.64 13.42 2792 572200.00 7711124.00
11/07/2016 13.42 13.26 13.56 13.45 4705 1826500.00 24473693.00
12/07/2016 13.55 13.40 13.95 13.73 6599 1154600.00 15800767.00
13/07/2016 13.88 13.30 14.00 13.97 6613 1765700.00 24202205.00
14/07/2016 14.02 13.47 14.07 13.56 5463 1882200.00 25642708.00
15/07/2016 13.50 13.10 13.58 13.51 4916 918700.00 12322170.00
18/07/2016 13.47 13.18 13.75 13.35 3331 1039600.00 13886099.00
19/07/2016 13.43 13.29 13.71 13.34 3332 1056100.00 14169700.00
20/07/2016 13.30 13.20 13.56 13.45 3096 886300.00 11867083.00
21/07/2016 13.45 13.35 13.72 13.61 1491 428500.00 5823347.00
22/07/2016 13.56 13.36 13.74 13.42 1559 426900.00 5773243.00
25/07/2016 13.37 12.77 13.49 12.97 2887 1011000.00 13130509.00
26/07/2016 12.97 12.83 13.13 13.00 3389 1318200.00 17130510.00
27/07/2016 12.97 12.97 13.24 13.07 2146 541500.00 7097711.00
28/07/2016 12.87 12.55 13.14 13.00 4428 1623000.00 20700842.00
29/07/2016 13.09 12.83 13.14 13.00 5902 1257300.00 16357396.00
01/08/2016 13.11 13.00 13.73 13.65 4258 1141800.00 15402833.00
02/08/2016 13.68 13.42 13.91 13.58 7226 1825200.00 24833124.00
03/08/2016 13.50 13.02 14.22 13.89 4647 1341700.00 18201701.00
04/08/2016 13.81 13.49 14.02 13.67 4551 1275400.00 17545019.00
05/08/2016 13.63 13.41 13.75 13.42 3818 1116700.00 15107109.00
08/08/2016 13.32 13.32 13.60 13.49 6769 1119100.00 15097301.00
09/08/2016 13.36 13.30 13.74 13.50 8348 1352700.00 18243636.00
10/08/2016 13.50 13.20 13.72 13.20 2926 3694000.00 49658257.00
11/08/2016 13.20 13.10 13.35 13.26 3794 1084500.00 14403697.00
12/08/2016 13.12 12.71 13.33 12.71 8459 2701500.00 34855982.00
15/08/2016 12.66 12.23 12.76 12.41 5924 2599800.00 32526350.00
16/08/2016 12.24 12.20 12.59 12.23 5353 1680200.00 20875432.00
17/08/2016 12.12 12.03 12.77 12.75 7192 2513700.00 31228216.00
18/08/2016 12.61 12.51 12.92 12.73 2708 2704100.00 34531325.00
19/08/2016 12.63 12.51 13.09 12.84 5534 1587800.00 20524047.00
22/08/2016 12.82 12.51 12.89 12.57 4895 1501800.00 18971625.00
23/08/2016 12.52 12.40 12.75 12.57 4447 895300.00 11256536.00
24/08/2016 12.51 12.33 12.66 12.60 2431 841300.00 10537792.00
25/08/2016 12.58 12.48 12.76 12.60 1337 427600.00 5374812.00
26/08/2016 12.61 12.38 12.65 12.55 1979 431500.00 5394164.00
29/08/2016 12.50 12.48 12.87 12.64 1359 478100.00 6072288.00
30/08/2016 12.61 12.55 12.82 12.80 1756 421100.00 5331291.00
31/08/2016 12.78 12.49 12.78 12.75 3669 1306500.00 16571981.00
01/09/2016 12.74 12.61 12.85 12.61 4477 1473300.00 18736699.00
02/09/2016 12.68 12.63 13.20 13.20 3719 1456700.00 18902959.00
05/09/2016 13.28 13.06 13.29 13.20 1200 403600.00 5321706.00
06/09/2016 13.28 13.15 13.55 13.43 2851 811200.00 10842840.00
08/09/2016 13.33 13.32 13.75 13.75 4150 1213700.00 16500147.00
09/09/2016 13.68 13.20 13.68 13.33 3815 751700.00 10037337.00
12/09/2016 13.38 12.90 13.39 13.39 4743 1075700.00 14105339.00
13/09/2016 13.34 13.19 13.59 13.35 5023 986000.00 13139434.00
14/09/2016 13.46 13.29 13.59 13.42 4096 777500.00 10461500.00
15/09/2016 13.31 13.10 13.36 13.20 5140 931900.00 12281329.00
16/09/2016 13.34 12.71 13.48 12.71 6034 5021200.00 64653859.00
19/09/2016 12.79 12.77 12.95 12.87 2086 447500.00 5754033.00
20/09/2016 12.99 12.85 13.23 13.14 2302 427200.00 5592519.00
21/09/2016 13.22 13.00 13.36 13.20 4294 828700.00 10932003.00
22/09/2016 13.38 13.27 13.50 13.44 2949 1096200.00 14701358.00
23/09/2016 13.31 12.95 13.47 12.95 2143 643300.00 8438126.00
26/09/2016 12.96 12.62 13.18 13.14 2146 496600.00 6447154.00
27/09/2016 13.20 13.00 13.27 13.08 2634 468200.00 6158916.00
28/09/2016 13.07 12.97 13.38 13.02 3815 1010500.00 13233179.00
29/09/2016 13.02 12.99 13.36 13.19 4306 1018300.00 13380647.00
30/09/2016 13.30 12.86 13.30 12.93 6146 1400000.00 18148839.00
03/10/2016 13.07 12.76 13.08 13.04 1682 348300.00 4525652.00
04/10/2016 12.89 12.69 13.15 12.90 2492 606100.00 7839287.00
05/10/2016 12.99 12.78 13.06 12.85 2469 507100.00 6562052.00
06/10/2016 12.92 12.63 12.92 12.70 2756 582700.00 7423231.00
07/10/2016 12.70 12.50 12.85 12.50 2929 1942400.00 24383481.00
10/10/2016 12.50 12.50 12.71 12.60 2334 533600.00 6728122.00
11/10/2016 12.72 12.22 12.75 12.26 4117 1223400.00 15170333.00
13/10/2016 12.30 12.08 12.44 12.30 6069 1466300.00 17947848.00
14/10/2016 12.44 12.22 12.44 12.22 3742 939300.00 11562284.00
17/10/2016 12.18 12.15 12.44 12.20 2640 1386400.00 17025922.00
18/10/2016 12.29 12.24 12.60 12.48 2679 936700.00 11615079.00
19/10/2016 12.48 12.22 12.58 12.22 2331 973700.00 12063910.00
20/10/2016 12.20 12.15 12.48 12.25 3336 1407200.00 17232396.00
21/10/2016 12.29 12.14 12.58 12.32 5557 1975700.00 24361654.00
24/10/2016 12.40 12.38 12.58 12.40 1844 414700.00 5168002.00
25/10/2016 12.46 12.26 12.49 12.35 1328 463300.00 5733150.00
26/10/2016 12.31 12.24 12.45 12.35 3475 811100.00 10011752.00
27/10/2016 12.21 11.68 12.40 11.77 13693 3852400.00 45867328.00
28/10/2016 11.80 11.39 11.92 11.70 4284 1720600.00 20149061.00
31/10/2016 11.74 11.68 12.03 12.00 6492 2824300.00 33430229.00
01/11/2016 11.94 11.56 12.05 11.56 4488 1666600.00 19490837.00
03/11/2016 11.62 11.43 11.76 11.43 3997 2146300.00 24758710.00
04/11/2016 11.52 11.18 11.72 11.18 2704 526800.00 5990040.00
07/11/2016 11.23 11.23 11.59 11.44 2431 790400.00 9065192.00
08/11/2016 11.70 11.35 11.70 11.64 4290 1076000.00 12388941.00
09/11/2016 11.47 11.21 11.85 11.63 4599 1638300.00 19069565.00
10/11/2016 11.67 11.02 11.69 11.20 9262 2276300.00 25758008.00
11/11/2016 11.22 10.98 11.50 11.40 4621 1204700.00 13477610.00
14/11/2016 11.41 11.25 11.50 11.35 2545 696700.00 7931732.00
16/11/2016 11.49 11.21 11.61 11.33 4630 2567700.00 29191029.00
17/11/2016 11.33 11.00 11.49 11.20 2432 1225400.00 13744502.00
18/11/2016 11.22 10.94 11.23 11.05 2107 1020800.00 11298871.00
21/11/2016 11.18 10.96 11.21 11.05 2655 1692100.00 18746519.00
22/11/2016 11.24 11.10 11.31 11.20 4505 1329500.00 14881192.00
23/11/2016 11.18 11.04 11.38 11.25 4823 1064500.00 11953043.00
24/11/2016 11.34 11.16 11.40 11.27 1180 329100.00 3711344.00
25/11/2016 11.25 11.16 11.58 11.36 1170 652300.00 7429986.00
28/11/2016 11.23 11.20 11.70 11.55 2389 505200.00 5825353.00
29/11/2016 11.49 11.33 11.66 11.33 3609 1341500.00 15438462.00
30/11/2016 11.31 11.31 11.70 11.70 3508 1770800.00 20578291.00
01/12/2016 11.71 11.24 11.75 11.39 5037 1289800.00 14844454.00
02/12/2016 11.38 10.84 11.50 10.92 4439 920100.00 10209166.00
05/12/2016 11.00 10.85 11.09 11.09 2935 544400.00 5983736.00
06/12/2016 11.06 11.00 11.37 11.25 3337 700800.00 7870709.00
07/12/2016 11.39 11.15 11.55 11.16 2970 516900.00 5823584.00
08/12/2016 11.15 10.99 11.33 11.02 3001 641100.00 7109007.00
09/12/2016 11.08 10.94 11.35 11.24 3286 908300.00 10188478.00
12/12/2016 11.19 11.06 11.35 11.25 2363 532300.00 5985714.00
13/12/2016 11.23 11.15 11.35 11.25 4647 2213700.00 24904176.00
14/12/2016 11.30 11.14 11.45 11.26 4276 3416800.00 38483904.00
15/12/2016 11.21 10.91 11.27 11.21 3173 1408600.00 15663781.00
16/12/2016 11.21 11.21 11.70 11.61 1980 1245600.00 14368691.00
19/12/2016 11.56 11.49 11.82 11.49 1903 628300.00 7275682.00
20/12/2016 11.55 11.46 11.85 11.62 2316 607900.00 7049685.00
21/12/2016 11.70 11.64 12.32 12.23 3760 878700.00 10558056.00
22/12/2016 12.23 12.19 12.75 12.51 5546 1662900.00 20918333.00
23/12/2016 12.58 12.36 12.79 12.51 1928 565400.00 7143335.00
26/12/2016 12.53 12.38 12.83 12.38 436 190500.00 2377294.00
27/12/2016 12.35 12.25 12.53 12.45 1131 266300.00 3298151.00
28/12/2016 12.35 12.32 12.79 12.61 1906 542600.00 6827785.00
29/12/2016 12.59 12.52 12.75 12.60 2585 645100.00 8138255.00
02/01/2017 12.62 12.39 12.79 12.39 1380 424400.00 5330938.00
03/01/2017 12.44 12.19 12.80 12.45 3194 795200.00 9949831.00
04/01/2017 12.52 12.16 12.55 12.30 3757 790700.00 9751745.00
05/01/2017 12.40 11.73 12.40 12.01 4583 1673200.00 20095247.00
06/01/2017 12.07 11.64 12.07 11.75 2013 626100.00 7409192.00
09/01/2017 11.84 11.42 11.94 11.55 2038 593900.00 6910764.00
10/01/2017 11.53 11.25 11.53 11.26 4077 755900.00 8572929.00
11/01/2017 11.26 11.19 11.44 11.30 2638 456100.00 5168995.00
12/01/2017 11.41 11.19 11.60 11.19 4386 1492700.00 17034345.00
13/01/2017 11.20 11.10 11.39 11.14 4936 1476500.00 16598725.00
16/01/2017 11.17 11.15 11.58 11.37 1862 1935200.00 21855551.00
17/01/2017 11.43 11.34 11.70 11.63 3018 1644900.00 18964080.00
18/01/2017 11.64 11.36 11.70 11.51 2450 752800.00 8703493.00
19/01/2017 11.50 11.23 11.50 11.41 2820 647600.00 7376578.00
20/01/2017 11.32 11.25 11.78 11.72 3363 808500.00 9341220.00
23/01/2017 11.72 11.56 11.86 11.75 1467 946700.00 11077663.00
24/01/2017 11.76 11.70 12.10 12.00 3607 928000.00 10985695.00
26/01/2017 12.08 11.74 12.20 11.80 2939 1022800.00 12194928.00
27/01/2017 11.78 11.15 11.87 11.15 4719 1254100.00 14288892.00
30/01/2017 11.19 11.08 11.34 11.29 2496 1357100.00 15305731.00
31/01/2017 11.29 11.17 11.47 11.21 4920 1198500.00 13601031.00
01/02/2017 11.28 11.08 11.41 11.15 2686 958600.00 10697382.00
02/02/2017 11.20 11.16 11.38 11.34 2240 606300.00 6866248.00
03/02/2017 11.38 11.23 11.49 11.30 3915 1214000.00 13802185.00
06/02/2017 11.39 10.95 11.45 10.99 3311 853700.00 9555206.00
07/02/2017 11.00 10.95 11.26 11.26 2108 962500.00 10716861.00
08/02/2017 11.33 11.26 11.39 11.32 2598 555200.00 6289538.00
09/02/2017 11.30 11.28 11.54 11.40 3313 781100.00 8914050.00
10/02/2017 11.41 11.27 11.46 11.38 1975 511900.00 5813422.00
13/02/2017 11.38 11.31 11.67 11.59 2811 662100.00 7596643.00
14/02/2017 11.63 11.30 11.66 11.50 3503 1040100.00 11895645.00
15/02/2017 11.51 11.38 11.74 11.65 2225 673000.00 7816721.00
16/02/2017 11.66 11.55 11.72 11.65 1620 618700.00 7197904.00
17/02/2017 11.67 11.35 11.87 11.65 3009 608800.00 7057323.00
20/02/2017 11.65 11.63 11.88 11.66 318 138500.00 1630690.00
21/02/2017 11.75 11.60 12.10 11.94 3726 1156700.00 13736773.00
22/02/2017 11.90 11.65 12.09 11.70 2934 749400.00 8833527.00
23/02/2017 11.73 11.66 12.00 11.90 4832 1488600.00 17727024.00
24/02/2017 11.82 11.80 12.17 11.95 5743 1974800.00 23628215.00
01/03/2017 12.18 12.15 12.71 12.40 4359 1011900.00 12576031.00
02/03/2017 12.28 11.60 12.40 11.70 4157 1064500.00 12629727.00
03/03/2017 11.68 11.48 11.89 11.84 2618 554200.00 6512356.00
06/03/2017 11.88 11.62 12.00 11.70 3360 672200.00 7916209.00
07/03/2017 11.70 11.46 11.79 11.59 2748 594500.00 6893035.00
08/03/2017 11.56 11.45 11.67 11.50 2538 714400.00 8229437.00
09/03/2017 11.51 11.35 11.89 11.77 4240 873200.00 10160674.00
10/03/2017 11.77 11.57 11.86 11.57 2739 492400.00 5756921.00
13/03/2017 11.63 11.55 11.75 11.60 1385 306300.00 3567819.00
14/03/2017 11.55 11.09 11.63 11.25 2735 777000.00 8761224.00
15/03/2017 11.28 11.18 11.43 11.35 1812 658800.00 7454739.00
16/03/2017 11.40 11.31 11.63 11.51 1323 223200.00 2576380.00
17/03/2017 11.60 11.41 11.70 11.46 1396 790900.00 9081976.00
20/03/2017 11.50 11.42 11.67 11.62 1645 285500.00 3308560.00
21/03/2017 11.66 11.27 11.67 11.32 2613 447700.00 5100477.00
22/03/2017 11.34 11.22 11.41 11.30 2192 895700.00 10120460.00
23/03/2017 11.29 11.09 11.33 11.30 4042 1369200.00 15455832.00
24/03/2017 11.29 11.15 11.30 11.25 1281 250600.00 2816888.00
27/03/2017 11.21 11.11 11.27 11.20 3073 501100.00 5607003.00
28/03/2017 11.23 11.18 11.32 11.20 3342 1374100.00 15416526.00
29/03/2017 11.24 11.19 11.86 11.86 4535 1439800.00 16490765.00
30/03/2017 11.80 11.34 11.80 11.34 2634 637900.00 7316062.00
31/03/2017 11.34 11.21 11.41 11.30 2629 690600.00 7810600.00
03/04/2017 11.34 11.02 11.34 11.11 3314 714000.00 7968298.00
04/04/2017 11.15 11.05 11.28 11.27 3842 2529500.00 28250964.00
05/04/2017 11.27 11.12 11.30 11.15 3061 792400.00 8851262.00
06/04/2017 11.19 11.00 11.19 11.07 1868 458500.00 5089745.00
07/04/2017 11.05 10.98 11.19 11.10 1950 422900.00 4697175.00
10/04/2017 11.13 11.01 11.30 11.22 2239 4708200.00 52077686.00
11/04/2017 11.25 11.15 11.40 11.25 2343 932800.00 10498196.00
12/04/2017 11.25 11.05 11.40 11.16 2523 805500.00 9000504.00
13/04/2017 11.14 11.10 11.38 11.16 3469 668400.00 7484501.00
17/04/2017 11.20 11.19 11.55 11.31 1925 1091600.00 12366660.00
18/04/2017 11.28 11.16 11.50 11.25 4075 725400.00 8193693.00
19/04/2017 11.28 11.19 11.46 11.46 2612 515300.00 5857140.00
20/04/2017 11.47 11.46 11.73 11.64 2063 528700.00 6149245.00
24/04/2017 11.72 11.05 11.72 11.06 8537 1813200.00 20150140.00
25/04/2017 11.07 11.04 11.26 11.20 3931 1318000.00 14699508.00
26/04/2017 11.20 11.05 11.27 11.12 1512 382900.00 4264561.00
27/04/2017 11.17 11.12 11.47 11.40 6939 5345000.00 60306615.00
28/04/2017 11.44 11.24 11.47 11.45 4161 1667600.00 18966212.00
02/05/2017 11.49 11.41 11.67 11.67 4491 940600.00 10906255.00
03/05/2017 11.63 11.35 11.68 11.41 5663 873800.00 9997372.00
04/05/2017 11.49 11.22 11.49 11.40 4220 1237300.00 14089417.00
05/05/2017 11.43 11.21 11.48 11.40 4098 747800.00 8473315.00
08/05/2017 11.34 11.28 11.49 11.39 4572 658600.00 7488849.00
09/05/2017 11.46 11.37 11.55 11.52 6473 2271700.00 26027071.00
10/05/2017 11.55 11.50 11.83 11.75 1680 342400.00 4011300.00
11/05/2017 11.65 11.63 12.04 11.95 1996 505300.00 6020182.00
12/05/2017 11.95 11.90 12.23 12.00 1162 217800.00 2625360.00
15/05/2017 12.00 11.90 12.22 12.08 2850 642300.00 7763703.00
16/05/2017 12.17 12.04 12.62 12.58 4353 1231300.00 15352227.00
17/05/2017 12.51 12.09 12.59 12.27 4296 884700.00 10857939.00
18/05/2017 11.00 11.00 12.00 11.80 9766 2818400.00 33258524.00
19/05/2017 11.78 11.45 12.05 11.62 6436 2329100.00 27258750.00
22/05/2017 11.61 11.43 11.86 11.86 8773 1548100.00 18066535.00
23/05/2017 12.02 11.78 12.13 12.13 7917 1454400.00 17495683.00
24/05/2017 12.10 12.10 12.49 12.40 4846 5144600.00 63786236.00
25/05/2017 12.27 11.85 12.60 12.14 5342 1191700.00 14586513.00
26/05/2017 12.20 12.00 12.38 12.30 2265 619900.00 7578429.00
29/05/2017 12.35 12.14 12.50 12.30 2604 532400.00 6575406.00
30/05/2017 12.21 12.21 12.49 12.40 2374 561100.00 6960507.00
31/05/2017 12.35 12.01 12.43 12.07 4649 1516400.00 18361311.00
01/06/2017 12.09 11.90 12.14 11.90 956 274400.00 3284180.00
02/06/2017 11.90 11.86 12.14 12.02 2046 861500.00 10348382.00
05/06/2017 12.05 11.85 12.12 12.00 1255 462000.00 5521399.00
06/06/2017 11.98 11.56 12.02 11.74 2140 2099100.00 24787025.00
07/06/2017 11.80 11.72 12.10 12.05 3705 1266300.00 15098226.00
08/06/2017 12.01 11.59 12.01 11.59 2881 762300.00 8949102.00
09/06/2017 11.65 11.63 12.00 12.00 5300 1119500.00 13216388.00
12/06/2017 11.90 11.50 11.91 11.50 2490 639000.00 7425779.00
13/06/2017 11.59 11.31 11.60 11.58 2304 649200.00 7467267.00
14/06/2017 11.59 11.51 11.75 11.61 2539 609300.00 7074003.00
16/06/2017 11.66 11.56 12.09 12.05 4590 2208900.00 26425298.00
