20/06/2016 44.34 43.90 44.39 43.90 6 600.00 26479.00
21/06/2016 43.80 43.71 43.99 43.90 7 800.00 35099.00
22/06/2016 43.80 43.61 43.80 43.80 4 400.00 17501.00
23/06/2016 43.95 43.95 43.95 43.95 1 100.00 4395.00
24/06/2016 43.80 43.80 43.80 43.80 1 200.00 8760.00
27/06/2016 43.69 43.69 43.96 43.80 9 1000.00 43800.00
28/06/2016 43.51 43.49 43.80 43.49 12 28900.00 1264157.00
29/06/2016 43.26 43.00 43.93 43.50 16 3100.00 134598.00
30/06/2016 43.50 42.42 43.50 42.67 70 18200.00 778526.00
01/07/2016 42.67 42.18 42.67 42.30 11 27200.00 1147535.00
04/07/2016 42.80 42.21 43.01 43.01 8 1200.00 51348.00
05/07/2016 42.09 42.09 43.00 43.00 5 600.00 25599.00
06/07/2016 43.00 43.00 43.00 43.00 2 200.00 8600.00
07/07/2016 42.99 42.99 43.00 43.00 3 1500.00 64497.00
08/07/2016 43.00 43.00 43.00 43.00 2 80000.00 3440000.00
11/07/2016 42.90 42.90 42.90 42.90 6 1200.00 51480.00
12/07/2016 42.27 42.23 42.90 42.90 20 2900.00 123631.00
13/07/2016 42.90 42.90 43.20 42.90 9 1200.00 51556.00
14/07/2016 43.00 42.78 43.00 42.78 2 400.00 17156.00
15/07/2016 42.51 42.51 43.00 43.00 27 3400.00 146071.00
18/07/2016 43.80 43.80 43.80 43.80 1 100.00 4380.00
20/07/2016 42.50 42.40 43.39 43.30 5 1000.00 42917.00
21/07/2016 43.00 43.00 43.00 43.00 1 12000.00 516000.00
22/07/2016 42.26 42.26 43.00 43.00 4 500.00 21385.00
26/07/2016 42.75 42.08 42.95 42.95 15 1500.00 63949.00
27/07/2016 42.80 42.64 42.80 42.64 5 500.00 21368.00
28/07/2016 42.17 41.91 42.50 42.29 15 2000.00 84509.00
29/07/2016 41.95 39.90 41.95 40.50 45 11600.00 471377.00
01/08/2016 39.81 39.10 40.00 39.10 8 3800.00 148921.00
02/08/2016 38.12 37.00 39.29 37.37 118 58500.00 2271318.00
03/08/2016 37.69 37.50 38.54 37.51 17 2200.00 82920.00
04/08/2016 37.70 37.55 38.00 38.00 6 49300.00 1858596.00
05/08/2016 38.47 37.56 38.50 37.56 6 1000.00 38113.00
08/08/2016 38.00 38.00 38.00 38.00 2 1300.00 49400.00
09/08/2016 38.19 38.10 38.19 38.19 3 1200.00 45819.00
10/08/2016 38.75 38.75 38.75 38.75 6 5000.00 193750.00
11/08/2016 39.00 39.00 40.04 40.04 6 700.00 27810.00
12/08/2016 40.00 39.90 41.00 39.94 11 1100.00 44079.00
15/08/2016 39.00 38.49 39.00 38.49 3 300.00 11599.00
16/08/2016 39.25 37.80 39.25 38.40 12 1200.00 45974.00
17/08/2016 38.97 38.47 38.97 38.50 11 1100.00 42391.00
18/08/2016 38.50 37.97 38.50 37.97 32 6100.00 233778.00
19/08/2016 38.60 38.00 39.03 38.54 13 2200.00 84415.00
22/08/2016 38.54 38.54 38.54 38.54 1 100.00 3854.00
23/08/2016 38.54 38.53 38.54 38.53 3 300.00 11560.00
24/08/2016 38.09 37.70 38.50 38.50 5 16900.00 637367.00
30/08/2016 38.00 38.00 38.00 38.00 1 100.00 3800.00
01/09/2016 37.55 37.55 37.99 37.99 5 500.00 18890.00
02/09/2016 37.80 37.80 38.50 38.50 6 600.00 22910.00
05/09/2016 38.53 38.49 38.80 38.71 43 4400.00 169706.00
06/09/2016 38.71 38.40 38.72 38.50 10 4400.00 169280.00
08/09/2016 38.70 37.03 38.70 38.49 24 2700.00 102677.00
09/09/2016 38.41 37.09 38.43 37.57 25 3100.00 116976.00
12/09/2016 38.00 38.00 38.00 38.00 4 500.00 19000.00
13/09/2016 37.53 37.16 37.70 37.16 18 1900.00 71068.00
14/09/2016 38.00 36.66 38.00 37.23 15 1600.00 59722.00
15/09/2016 38.35 38.35 38.35 38.35 1 200.00 7670.00
16/09/2016 37.74 37.00 37.74 37.00 8 1100.00 41029.00
19/09/2016 38.00 38.00 38.00 38.00 2 300.00 11400.00
20/09/2016 37.68 36.95 37.68 37.00 6 700.00 26050.00
21/09/2016 37.00 35.88 37.00 35.99 30 56300.00 2040780.00
23/09/2016 36.35 36.35 38.00 38.00 6 105300.00 3828985.00
27/09/2016 38.49 38.49 38.50 38.50 2 200.00 7699.00
28/09/2016 38.55 38.24 38.65 38.59 8 800.00 30801.00
29/09/2016 39.00 39.00 39.00 39.00 1 100.00 3900.00
30/09/2016 39.78 39.78 39.78 39.78 1 100.00 3978.00
05/10/2016 38.75 38.75 39.76 39.76 3 39400.00 1526851.00
06/10/2016 38.62 38.62 39.77 39.77 2 200.00 7839.00
10/10/2016 39.38 39.38 39.38 39.38 1 100.00 3938.00
11/10/2016 39.35 39.29 39.50 39.50 4 500.00 19714.00
13/10/2016 39.10 39.10 39.10 39.10 4 1100.00 43010.00
17/10/2016 38.85 38.20 38.85 38.20 9 1500.00 57547.00
18/10/2016 37.60 37.05 37.60 37.05 9 11100.00 416133.00
19/10/2016 36.14 35.50 37.00 37.00 38 225700.00 8126998.00
20/10/2016 38.10 37.99 38.10 37.99 3 300.00 11408.00
21/10/2016 37.97 37.97 38.00 38.00 5 2900.00 110195.00
24/10/2016 37.30 37.30 38.30 38.00 7 1300.00 49337.00
26/10/2016 37.04 36.85 37.04 36.85 4 500.00 18462.00
27/10/2016 36.95 36.95 37.00 36.99 7 1300.00 48083.00
28/10/2016 36.34 36.34 37.49 37.49 2 200.00 7383.00
31/10/2016 36.74 36.74 37.50 37.35 9 1800.00 67210.00
01/11/2016 36.27 36.27 37.29 37.29 2 200.00 7356.00
03/11/2016 36.90 36.63 37.09 37.09 7 2900.00 106492.00
04/11/2016 36.78 35.95 36.78 35.95 11 1900.00 68544.00
07/11/2016 35.21 34.00 35.50 34.00 19 2800.00 97027.00
08/11/2016 34.01 32.97 34.88 33.00 15 2300.00 76850.00
09/11/2016 32.00 32.00 32.90 32.36 15 2000.00 65288.00
10/11/2016 31.87 31.50 32.00 32.00 9 1300.00 41373.00
11/11/2016 32.00 32.00 32.00 32.00 1 2800.00 89600.00
16/11/2016 31.53 30.73 32.00 30.90 31 8400.00 264324.00
17/11/2016 30.90 30.90 30.90 30.90 2 300.00 9270.00
18/11/2016 30.20 28.61 30.25 28.61 39 22400.00 653268.00
21/11/2016 28.60 28.60 29.48 29.00 9 21000.00 608888.00
22/11/2016 28.97 28.97 29.00 29.00 2 30000.00 869997.00
23/11/2016 29.00 29.00 29.00 29.00 2 300.00 8700.00
24/11/2016 29.00 29.00 29.00 29.00 1 100.00 2900.00
25/11/2016 29.00 28.07 29.00 28.94 19 7900.00 228798.00
28/11/2016 28.21 28.00 28.30 28.00 30 3500.00 98374.00
29/11/2016 28.19 28.19 28.50 28.50 5 500.00 14159.00
01/12/2016 28.50 27.81 28.50 27.81 6 700.00 19545.00
05/12/2016 27.75 27.57 27.75 27.57 11 5600.00 154961.00
06/12/2016 27.70 27.70 27.70 27.70 2 200.00 5540.00
08/12/2016 27.70 27.65 27.81 27.65 8 41400.00 1146836.00
09/12/2016 27.77 27.75 28.00 28.00 5 1300.00 36302.00
12/12/2016 27.37 27.37 28.00 28.00 9 6900.00 189315.00
14/12/2016 28.00 27.28 28.00 28.00 6 2000.00 55160.00
15/12/2016 27.55 27.55 27.65 27.65 3 800.00 22080.00
19/12/2016 28.00 28.00 28.00 28.00 2 300.00 8400.00
20/12/2016 28.00 28.00 28.00 28.00 2 12000.00 336000.00
21/12/2016 28.00 28.00 28.50 28.50 6 5600.00 159350.00
22/12/2016 28.13 27.61 28.13 27.90 13 1900.00 53150.00
23/12/2016 27.21 27.09 27.90 27.90 9 3300.00 90004.00
26/12/2016 27.89 27.89 27.89 27.89 2 300.00 8367.00
27/12/2016 27.94 27.94 27.94 27.94 1 100.00 2794.00
28/12/2016 28.15 28.00 28.15 28.00 3 300.00 8415.00
29/12/2016 27.99 27.99 28.00 28.00 6 1300.00 36399.00
02/01/2017 28.00 28.00 28.00 28.00 2 200.00 5600.00
03/01/2017 28.00 27.98 28.99 27.98 8 800.00 22594.00
04/01/2017 27.99 27.37 27.99 27.75 10 3200.00 88731.00
05/01/2017 27.28 27.12 27.41 27.12 14 4700.00 128201.00
06/01/2017 27.30 27.00 27.30 27.00 29 12300.00 332368.00
09/01/2017 27.00 27.00 27.15 27.15 10 4000.00 108425.00
11/01/2017 26.90 26.17 26.95 26.95 12 1400.00 37465.00
12/01/2017 27.00 27.00 27.10 27.00 11 3900.00 105495.00
13/01/2017 27.00 27.00 27.00 27.00 2 200.00 5400.00
16/01/2017 27.15 27.15 27.15 27.15 1 500.00 13575.00
17/01/2017 26.91 26.00 26.91 26.10 47 17400.00 458348.00
18/01/2017 26.36 26.31 26.36 26.31 12 52300.00 1376138.00
19/01/2017 26.59 26.59 26.59 26.59 1 100.00 2659.00
20/01/2017 27.00 26.00 27.00 26.00 19 135500.00 3523254.00
23/01/2017 25.70 25.51 26.00 25.95 19 2800.00 72176.00
24/01/2017 25.98 25.98 27.68 27.68 22 3700.00 99296.00
26/01/2017 27.70 26.44 27.78 26.65 43 8100.00 217704.00
27/01/2017 26.60 26.21 27.00 27.00 20 2500.00 66971.00
30/01/2017 27.10 26.42 27.30 27.16 34 5500.00 148338.00
31/01/2017 27.00 26.80 27.27 27.27 25 8900.00 241128.00
01/02/2017 26.68 26.55 26.75 26.55 17 2300.00 61214.00
02/02/2017 26.55 26.20 26.55 26.25 31 3200.00 84169.00
06/02/2017 26.25 26.25 26.25 26.25 1 100.00 2625.00
07/02/2017 26.05 26.00 26.05 26.05 5 700.00 18225.00
08/02/2017 26.12 26.12 26.12 26.12 2 200.00 5224.00
09/02/2017 26.15 25.90 26.15 25.90 9 4600.00 119401.00
10/02/2017 25.61 25.61 25.95 25.71 12 1700.00 43677.00
13/02/2017 25.80 25.80 26.99 26.50 13 9600.00 250548.00
14/02/2017 26.31 25.88 26.50 26.50 7 700.00 18442.00
15/02/2017 26.50 25.78 26.50 25.78 56 9000.00 233894.00
16/02/2017 25.76 25.76 26.00 25.95 13 50500.00 1310506.00
17/02/2017 25.95 25.60 25.95 25.60 19 3700.00 95042.00
21/02/2017 26.01 25.70 26.01 25.70 3 300.00 7771.00
22/02/2017 25.55 25.55 25.88 25.60 5 600.00 15393.00
23/02/2017 25.98 25.81 25.99 25.99 11 1400.00 36328.00
24/02/2017 25.97 25.25 25.99 25.95 22 59700.00 1517340.00
01/03/2017 25.24 25.03 25.38 25.03 16 8300.00 208024.00
02/03/2017 25.20 25.01 25.40 25.01 21 6600.00 165663.00
03/03/2017 25.17 25.00 25.17 25.00 17 2800.00 70090.00
06/03/2017 25.01 24.42 25.01 24.42 35 40900.00 1004204.00
07/03/2017 24.89 24.75 24.93 24.90 24 2400.00 59735.00
08/03/2017 24.99 24.81 24.99 24.99 4 400.00 9978.00
09/03/2017 24.75 24.00 24.75 24.00 26 20900.00 503037.00
10/03/2017 24.01 23.90 24.48 23.90 16 16000.00 385168.00
13/03/2017 23.88 23.88 24.40 24.40 2 200.00 4828.00
14/03/2017 24.30 24.30 24.39 24.39 2 200.00 4869.00
15/03/2017 23.86 23.86 24.38 24.38 4 900.00 21662.00
16/03/2017 24.37 24.30 24.40 24.34 9 71500.00 1743993.00
17/03/2017 24.02 23.85 24.02 23.90 213 234600.00 5608987.00
21/03/2017 24.00 23.50 24.00 23.50 5 24400.00 585479.00
22/03/2017 23.98 23.98 24.35 24.29 10 1500.00 36235.00
23/03/2017 24.35 24.30 24.89 24.89 4 700.00 17144.00
24/03/2017 23.71 23.71 24.69 24.69 7 700.00 16889.00
28/03/2017 24.46 24.46 25.09 25.09 8 7300.00 179902.00
29/03/2017 25.00 25.00 25.00 25.00 5 1200.00 30000.00
30/03/2017 24.99 24.99 24.99 24.99 1 200.00 4998.00
31/03/2017 24.99 24.99 25.00 25.00 6 4400.00 109999.00
03/04/2017 25.47 24.99 25.50 24.99 5 8400.00 213934.00
04/04/2017 25.00 24.50 25.00 24.99 4 900.00 22442.00
05/04/2017 24.99 24.50 24.99 24.50 7 3500.00 87219.00
06/04/2017 24.51 24.50 24.70 24.50 12 29800.00 730122.00
07/04/2017 24.50 24.50 25.00 24.80 6 11000.00 270550.00
10/04/2017 24.94 24.94 24.98 24.95 3 300.00 7487.00
11/04/2017 24.99 24.99 24.99 24.99 2 200.00 4998.00
12/04/2017 24.96 24.96 24.96 24.96 1 100.00 2496.00
13/04/2017 25.04 24.80 25.10 24.80 13 89200.00 2229625.00
17/04/2017 24.90 24.90 25.30 25.00 8 2200.00 55303.00
18/04/2017 25.16 25.12 25.20 25.12 8 1600.00 40206.00
19/04/2017 25.33 25.33 25.33 25.33 3 400.00 10132.00
20/04/2017 25.31 25.00 25.31 25.00 15 6900.00 173554.00
24/04/2017 25.00 25.00 25.00 25.00 5 3000.00 75000.00
25/04/2017 25.00 25.00 25.00 25.00 2 2500.00 62500.00
26/04/2017 25.50 25.00 25.50 25.00 4 7300.00 186060.00
27/04/2017 25.50 25.50 25.50 25.50 1 100.00 2550.00
28/04/2017 25.25 25.00 25.25 25.00 9 2400.00 60076.00
02/05/2017 25.25 25.01 25.25 25.01 4 3200.00 80776.00
03/05/2017 25.09 25.09 25.25 25.25 3 2500.00 63049.00
04/05/2017 25.02 25.02 25.25 25.25 8 5100.00 128727.00
05/05/2017 25.25 25.25 25.37 25.37 10 4500.00 113641.00
08/05/2017 25.70 25.50 25.71 25.50 22 8300.00 211974.00
09/05/2017 25.52 25.51 25.52 25.51 2 200.00 5103.00
10/05/2017 25.52 25.00 25.52 25.00 9 9400.00 237659.00
11/05/2017 25.00 25.00 25.00 25.00 2 300.00 7500.00
15/05/2017 25.39 25.39 26.20 25.50 17 2800.00 71952.00
16/05/2017 25.70 25.55 26.00 25.60 76 180600.00 4659379.00
17/05/2017 25.55 25.35 25.55 25.35 5 1600.00 40781.00
18/05/2017 20.02 20.01 24.68 22.99 14 2200.00 49089.00
19/05/2017 22.99 22.99 25.16 24.00 4 700.00 16512.00
22/05/2017 22.43 22.43 24.70 24.70 7 800.00 19079.00
23/05/2017 24.50 24.50 24.90 24.50 6 7700.00 188769.00
25/05/2017 24.50 24.40 24.50 24.40 2 2100.00 51440.00
26/05/2017 24.40 24.40 24.40 24.40 3 1400.00 34160.00
29/05/2017 24.40 24.40 24.40 24.40 3 5000.00 122000.00
30/05/2017 24.90 24.80 24.90 24.80 3 900.00 22350.00
31/05/2017 24.50 24.50 25.00 25.00 17 2700.00 66891.00
02/06/2017 25.00 25.00 25.00 25.00 1 200.00 5000.00
05/06/2017 24.80 24.80 24.80 24.80 1 2000.00 49600.00
06/06/2017 24.80 24.80 25.97 25.97 9 2800.00 71854.00
07/06/2017 25.90 25.90 26.30 26.01 5 3200.00 83531.00
08/06/2017 25.24 25.23 26.00 26.00 8 1400.00 36242.00
12/06/2017 25.19 25.18 25.90 25.90 5 500.00 12736.00
13/06/2017 25.90 25.40 25.90 25.40 8 10100.00 261244.00
14/06/2017 25.21 25.00 25.80 25.50 32 5200.00 132318.00
16/06/2017 26.00 25.75 26.00 25.75 6 23100.00 600400.00
