29/06/2016 129.21 129.21 129.21 129.21 1 500.00 64605.00
30/06/2016 131.27 131.27 131.27 131.27 1 200.00 26254.00
01/07/2016 131.18 130.58 131.18 130.58 2 200.00 26176.00
05/07/2016 132.23 132.23 132.23 132.23 1 100.00 13223.00
08/07/2016 134.44 133.75 134.44 133.75 2 700.00 93970.00
11/07/2016 134.65 134.65 134.65 134.65 1 500.00 67325.00
12/07/2016 135.50 135.50 135.50 135.50 1 200.00 27100.00
14/07/2016 134.15 134.15 134.15 134.15 1 100.00 13415.00
19/07/2016 133.89 133.89 133.89 133.89 1 700.00 93723.00
20/07/2016 134.20 134.20 134.20 134.20 1 100.00 13420.00
28/07/2016 134.13 134.13 134.40 134.40 2 1200.00 160983.00
02/08/2016 132.08 132.08 132.37 132.37 2 3500.00 463179.00
03/08/2016 131.53 131.53 131.53 131.53 1 100.00 13153.00
05/08/2016 129.70 129.70 129.70 129.70 1 300.00 38910.00
11/08/2016 129.39 129.39 129.39 129.39 1 100.00 12939.00
12/08/2016 129.90 129.90 129.90 129.90 1 200.00 25980.00
18/08/2016 133.93 133.93 133.93 133.93 1 100.00 13393.00
19/08/2016 131.95 131.95 132.37 132.37 2 200.00 26432.00
26/08/2016 133.15 133.15 133.15 133.15 1 100.00 13315.00
31/08/2016 132.38 132.38 132.38 132.38 1 100.00 13238.00
01/09/2016 132.00 132.00 132.00 132.00 1 100.00 13200.00
06/09/2016 132.63 132.63 132.70 132.70 2 700.00 92848.00
14/09/2016 135.38 135.38 135.38 135.38 1 100.00 13538.00
16/09/2016 127.90 127.90 127.90 127.90 1 100.00 12790.00
23/09/2016 126.30 126.30 126.30 126.30 1 300.00 37890.00
03/10/2016 126.00 126.00 126.00 126.00 1 300.00 37800.00
07/10/2016 124.05 124.05 124.05 124.05 1 100.00 12405.00
14/10/2016 121.70 121.70 121.70 121.70 1 200.00 24340.00
19/10/2016 121.72 121.72 121.72 121.72 1 100.00 12172.00
21/10/2016 120.00 120.00 120.00 120.00 1 200.00 24000.00
26/10/2016 120.13 120.13 120.13 120.13 1 100.00 12013.00
28/10/2016 121.80 121.80 121.80 121.80 1 100.00 12180.00
01/11/2016 125.00 125.00 125.00 125.00 1 1400.00 175000.00
11/11/2016 133.05 133.05 133.44 133.44 2 300.00 39954.00
16/11/2016 133.39 133.39 133.39 133.39 1 200.00 26678.00
18/11/2016 133.90 133.90 133.90 133.90 1 200.00 26780.00
01/12/2016 135.50 135.50 135.50 135.50 1 100.00 13550.00
08/12/2016 136.00 136.00 136.79 136.79 2 200.00 27279.00
22/12/2016 129.20 129.20 129.20 129.20 1 100.00 12920.00
20/01/2017 126.85 126.85 126.85 126.85 1 100.00 12685.00
01/02/2017 125.50 125.50 125.50 125.50 1 100.00 12550.00
03/02/2017 124.60 124.60 125.39 125.39 2 200.00 24999.00
08/02/2017 124.75 124.75 124.75 124.75 1 100.00 12475.00
14/02/2017 127.00 127.00 127.00 127.00 2 1200.00 152400.00
17/02/2017 129.70 129.70 129.70 129.70 2 700.00 90790.00
24/02/2017 132.77 132.77 132.77 132.77 9 1600.00 212432.00
01/03/2017 132.30 132.30 132.30 132.30 1 100.00 13230.00
10/03/2017 133.35 133.35 133.35 133.35 1 100.00 13335.00
17/03/2017 141.92 141.91 141.92 141.91 2 200.00 28383.00
03/04/2017 140.55 140.35 140.55 140.35 2 1200.00 168640.00
20/04/2017 140.28 140.28 140.28 140.28 1 100.00 14028.00
26/04/2017 142.46 142.46 142.46 142.46 1 100.00 14246.00
02/05/2017 142.45 142.45 142.45 142.45 2 800.00 113960.00
05/05/2017 144.15 144.15 144.15 144.15 1 100.00 14415.00
12/05/2017 140.31 140.31 140.31 140.31 1 100.00 14031.00
19/05/2017 145.67 145.67 145.67 145.67 1 200.00 29134.00
26/05/2017 147.60 147.60 147.60 147.60 1 400.00 59040.00
06/06/2017 149.55 149.55 149.55 149.55 1 800.00 119640.00
