01/06/2016 140.00 139.00 140.00 139.50 9 14.00 487761.00
02/06/2016 138.50 138.00 138.60 138.10 14 32.00 1106417.00
03/06/2016 139.00 139.00 140.70 140.29 9 9.00 314932.00
06/06/2016 140.29 138.50 140.29 139.00 11 23.00 801845.00
07/06/2016 137.01 137.00 138.30 137.50 19 59.00 2029678.00
08/06/2016 137.30 136.00 138.00 136.00 20 27.00 925175.00
09/06/2016 136.02 136.02 138.30 138.00 13 41.00 1409079.00
10/06/2016 138.90 138.90 140.50 140.00 13 18.00 629594.00
13/06/2016 142.30 140.50 144.00 143.60 16 31.00 1102122.00
14/06/2016 143.00 142.70 143.00 143.00 8 10.00 356867.00
15/06/2016 142.80 141.90 143.10 143.00 12 25.00 890833.00
16/06/2016 143.20 142.00 147.00 142.90 22 39.00 1416831.00
17/06/2016 141.00 141.00 142.60 142.00 7 18.00 634739.00
20/06/2016 139.60 139.00 139.90 139.90 3 3.00 104520.00
21/06/2016 138.00 137.50 139.00 139.00 10 11.00 379245.00
22/06/2016 137.40 136.90 139.50 139.50 33 78.00 2676255.00
23/06/2016 136.00 135.00 137.00 135.30 31 89.00 3029395.00
24/06/2016 145.80 141.01 145.80 142.50 20 49.00 1753444.00
27/06/2016 143.10 142.00 145.00 144.00 13 20.00 719230.00
28/06/2016 141.40 138.80 141.40 139.00 17 29.00 1012859.00
29/06/2016 138.50 136.50 138.50 136.50 26 47.00 1614776.00
30/06/2016 137.00 134.60 137.00 136.00 13 16.00 542057.00
01/07/2016 137.60 137.50 138.35 138.20 8 28.00 964646.00
04/07/2016 140.49 140.00 141.90 140.00 7 7.00 246450.00
05/07/2016 141.30 141.30 143.00 143.00 7 9.00 319055.00
06/07/2016 143.60 143.60 145.60 144.50 30 85.00 3081702.00
07/07/2016 145.00 143.70 146.00 146.00 16 51.00 1847874.00
08/07/2016 143.00 142.20 144.60 144.60 10 21.00 748975.00
11/07/2016 143.60 143.00 143.60 143.00 8 8.00 286663.00
12/07/2016 141.00 140.00 141.00 140.00 8 45.00 1574998.00
13/07/2016 141.00 141.00 141.00 141.00 1 2.00 70429.00
14/07/2016 137.00 136.50 138.00 137.80 16 16.00 548201.00
15/07/2016 137.50 137.50 139.89 139.89 14 17.00 589482.00
18/07/2016 139.00 138.20 139.00 138.50 12 15.00 518680.00
19/07/2016 138.50 138.50 140.00 139.10 9 15.00 522652.00
20/07/2016 137.10 136.52 137.80 136.52 18 40.00 1368570.00
21/07/2016 137.00 137.00 139.89 139.00 9 15.00 516802.00
22/07/2016 138.60 137.90 138.60 137.90 7 17.00 586163.00
25/07/2016 138.70 138.00 138.70 138.01 18 33.00 1139349.00
26/07/2016 138.50 137.00 138.53 137.33 13 38.00 1307393.00
27/07/2016 138.01 138.00 139.29 139.00 10 21.00 727554.00
28/07/2016 140.00 139.00 140.50 140.50 10 19.00 664085.00
29/07/2016 140.00 140.00 140.30 140.30 4 11.00 385014.00
01/08/2016 140.30 140.30 141.50 141.20 18 50.00 1757215.00
02/08/2016 141.90 141.80 142.30 142.30 8 9.00 319380.00
03/08/2016 142.40 140.10 143.00 140.30 9 17.00 600598.00
04/08/2016 140.69 139.50 141.00 140.00 7 14.00 490395.00
05/08/2016 137.00 135.00 137.50 135.00 29 69.00 2345739.00
08/08/2016 135.00 135.00 137.00 136.10 25 42.00 1423737.00
09/08/2016 135.01 134.51 135.02 134.90 9 11.00 370718.00
10/08/2016 135.00 134.60 135.50 134.60 8 10.00 337237.00
11/08/2016 135.03 135.00 135.50 135.50 3 139.00 4687709.00
12/08/2016 135.03 135.03 136.00 136.00 4 5.00 169587.00
15/08/2016 137.00 134.50 137.00 134.50 3 22.00 751498.00
16/08/2016 136.00 135.50 137.30 137.30 14 50.00 1703969.00
17/08/2016 138.00 137.00 138.50 138.00 9 12.00 412936.00
18/08/2016 138.80 138.00 139.50 139.50 12 19.00 660388.00
19/08/2016 139.17 137.70 139.17 137.70 11 34.00 1171618.00
22/08/2016 137.50 136.40 137.77 136.40 4 6.00 205436.00
23/08/2016 137.40 137.40 138.30 138.30 11 31.00 1066981.00
24/08/2016 137.01 136.40 138.00 136.50 8 28.00 956968.00
25/08/2016 136.50 136.50 136.50 136.50 1 1.00 34090.00
26/08/2016 136.50 136.00 137.50 137.50 7 23.00 787586.00
29/08/2016 137.50 136.30 137.50 137.00 6 8.00 274125.00
30/08/2016 135.90 134.55 137.00 134.55 15 45.00 1528283.00
01/09/2016 135.20 135.20 136.50 136.50 7 23.00 780868.00
02/09/2016 136.50 136.50 137.80 137.00 8 13.00 445404.00
05/09/2016 137.19 137.19 138.65 138.00 6 24.00 830215.00
06/09/2016 139.00 137.00 139.00 138.00 10 35.00 1206369.00
08/09/2016 136.00 135.00 137.00 137.00 5 6.00 203671.00
09/09/2016 138.00 138.00 139.00 138.60 12 38.00 1315155.00
12/09/2016 138.61 137.00 138.61 137.00 7 24.00 830096.00
13/09/2016 138.60 138.00 140.00 139.00 19 38.00 1316954.00
14/09/2016 140.00 140.00 140.70 140.70 2 7.00 245104.00
15/09/2016 140.00 139.20 140.00 139.80 6 23.00 803395.00
16/09/2016 138.20 137.00 138.40 137.00 9 12.00 413698.00
19/09/2016 137.95 136.80 137.95 137.45 6 13.00 444904.00
20/09/2016 137.49 136.20 137.50 136.30 4 6.00 204792.00
21/09/2016 136.80 136.65 137.50 137.00 11 35.00 1197151.00
22/09/2016 136.00 136.00 138.00 138.00 8 10.00 344080.00
23/09/2016 138.00 137.60 138.00 138.00 10 24.00 825423.00
26/09/2016 138.50 137.90 139.00 137.90 7 22.00 759317.00
27/09/2016 137.45 137.00 137.50 137.20 8 18.00 616982.00
28/09/2016 137.60 136.50 138.00 136.50 12 51.00 1744081.00
29/09/2016 136.50 136.10 138.50 137.30 12 18.00 615433.00
30/09/2016 138.40 136.50 139.00 139.00 14 27.00 926047.00
03/10/2016 136.00 134.50 136.00 134.50 6 11.00 371128.00
04/10/2016 135.50 132.00 135.50 132.80 18 26.00 862069.00
05/10/2016 131.60 129.50 131.60 130.10 17 23.00 752264.00
06/10/2016 130.00 129.40 130.00 129.50 6 9.00 291183.00
07/10/2016 129.00 129.00 129.50 129.50 11 58.00 1874573.00
10/10/2016 129.50 128.50 129.50 128.70 6 8.00 257854.00
11/10/2016 128.20 128.00 128.50 128.49 17 56.00 1791954.00
13/10/2016 128.50 127.80 128.50 128.35 16 40.00 1280405.00
14/10/2016 127.00 127.00 128.00 128.00 7 13.00 413760.00
17/10/2016 128.50 127.90 128.60 128.00 9 24.00 767831.00
18/10/2016 126.60 126.60 129.40 128.00 7 12.00 384315.00
19/10/2016 129.00 128.00 129.00 128.60 13 24.00 771553.00
20/10/2016 127.50 127.50 128.70 128.00 13 19.00 606294.00
21/10/2016 128.00 127.70 128.50 128.50 9 14.00 447153.00
24/10/2016 127.01 125.00 127.50 126.00 28 45.00 1420380.00
25/10/2016 125.82 125.02 126.70 126.00 8 18.00 566203.00
26/10/2016 126.50 126.50 127.00 127.00 2 11.00 347651.00
27/10/2016 127.00 127.00 128.00 128.00 4 4.00 127522.00
28/10/2016 128.50 128.50 131.00 130.00 17 42.00 1364057.00
31/10/2016 129.90 128.50 129.90 129.50 17 22.00 710668.00
01/11/2016 130.00 130.00 133.50 133.00 26 99.00 3232236.00
03/11/2016 133.00 132.51 134.50 134.50 19 33.00 1101382.00
04/11/2016 135.00 134.50 135.40 135.00 19 29.00 978070.00
07/11/2016 133.40 130.50 133.40 131.30 23 64.00 2102082.00
08/11/2016 131.30 129.50 131.80 130.00 16 22.00 714644.00
09/11/2016 134.90 130.00 136.00 131.00 47 131.00 4388657.00
10/11/2016 134.14 133.50 136.50 135.50 24 36.00 1218437.00
11/11/2016 133.80 133.80 138.80 134.00 19 75.00 2524395.00
14/11/2016 134.00 134.00 134.50 134.00 4 8.00 267981.00
16/11/2016 134.00 134.00 134.40 134.40 10 20.00 670129.00
17/11/2016 134.30 133.00 134.30 133.00 9 31.00 1035412.00
18/11/2016 133.90 130.10 133.90 131.20 8 13.00 430093.00
21/11/2016 130.50 129.00 131.00 130.00 16 27.00 875513.00
22/11/2016 129.00 128.60 129.30 129.30 7 21.00 676547.00
23/11/2016 131.20 127.80 131.35 128.92 15 25.00 813542.00
24/11/2016 129.50 127.60 129.50 128.70 8 11.00 353623.00
25/11/2016 129.99 129.00 131.00 130.00 11 22.00 712432.00
28/11/2016 128.80 128.50 129.00 128.50 5 26.00 837386.00
29/11/2016 128.50 128.50 129.00 129.00 5 25.00 805193.00
30/11/2016 127.81 127.00 128.00 127.00 12 36.00 1147477.00
01/12/2016 128.50 128.01 129.50 129.50 7 22.00 708668.00
02/12/2016 129.80 128.80 130.49 130.49 12 25.00 808263.00
05/12/2016 129.00 128.20 129.90 128.70 21 101.00 3243802.00
06/12/2016 129.00 127.00 129.00 127.00 15 28.00 896403.00
07/12/2016 130.00 127.00 130.00 127.00 7 13.00 416558.00
08/12/2016 127.00 126.50 127.10 127.00 7 10.00 316957.00
09/12/2016 126.00 125.00 127.00 125.80 15 34.00 1067519.00
12/12/2016 125.49 123.00 125.49 124.50 19 24.00 745198.00
13/12/2016 124.90 123.20 124.90 123.30 6 12.00 371403.00
14/12/2016 123.90 123.70 124.20 123.90 7 23.00 712212.00
15/12/2016 122.10 122.00 122.50 122.20 11 21.00 641120.00
16/12/2016 121.96 121.50 123.20 123.20 8 29.00 884524.00
19/12/2016 122.15 121.50 123.00 122.65 15 62.00 1889253.00
20/12/2016 121.49 120.50 121.90 121.40 18 52.00 1576319.00
21/12/2016 119.50 119.50 122.10 120.00 6 19.00 569005.00
22/12/2016 120.00 119.50 120.00 119.50 6 7.00 209640.00
23/12/2016 119.00 117.71 119.10 117.71 12 20.00 591148.00
26/12/2016 118.50 118.50 118.60 118.50 6 12.00 355244.00
27/12/2016 119.50 119.00 119.50 119.00 8 24.00 715109.00
28/12/2016 119.85 119.02 121.00 119.02 11 14.00 419827.00
29/12/2016 119.55 118.80 121.50 118.80 14 32.00 958477.00
02/01/2017 122.00 120.00 122.00 120.00 11 32.00 973775.00
03/01/2017 120.30 119.50 121.10 121.10 17 32.00 962686.00
04/01/2017 121.70 120.00 121.70 120.10 11 22.00 660988.00
05/01/2017 121.15 120.00 121.15 120.80 6 6.00 180931.00
06/01/2017 120.10 120.10 120.50 120.43 5 7.00 210247.00
09/01/2017 120.40 120.40 121.40 121.40 6 9.00 271327.00
10/01/2017 121.10 121.10 121.60 121.60 7 7.00 212236.00
11/01/2017 121.60 121.00 122.00 121.30 19 45.00 1366980.00
12/01/2017 121.30 120.80 122.00 120.80 11 20.00 606667.00
13/01/2017 121.70 121.70 123.00 123.00 8 11.00 335588.00
16/01/2017 124.00 123.00 124.00 124.00 9 22.00 678196.00
17/01/2017 124.67 123.70 125.00 124.00 23 69.00 2136903.00
18/01/2017 124.60 124.60 125.00 125.00 4 4.00 124650.00
19/01/2017 124.21 123.50 124.21 123.50 7 13.00 401874.00
20/01/2017 123.00 123.00 123.00 123.00 3 10.00 307190.00
23/01/2017 122.40 122.20 123.50 123.00 11 42.00 1287611.00
24/01/2017 123.00 122.00 123.00 122.50 11 239.00 7291451.00
26/01/2017 120.00 120.00 120.20 120.20 5 35.00 1049074.00
27/01/2017 119.35 119.01 120.00 120.00 12 61.00 1817632.00
30/01/2017 119.60 118.45 119.60 118.45 17 37.00 1097458.00
31/01/2017 120.41 120.41 121.69 121.69 9 55.00 1664227.00
01/02/2017 121.00 120.41 121.00 120.41 5 6.00 181046.00
02/02/2017 121.00 120.00 121.00 120.00 4 9.00 271340.00
03/02/2017 120.40 120.40 121.00 121.00 6 80.00 2411395.00
06/02/2017 122.30 121.80 123.20 123.20 11 39.00 1191232.00
07/02/2017 122.30 122.20 122.70 122.30 8 36.00 1099854.00
08/02/2017 123.55 122.27 124.00 122.27 5 8.00 246621.00
09/02/2017 123.95 122.10 123.95 123.50 8 161.00 4969537.00
10/02/2017 124.00 122.10 124.00 123.00 20 234.00 7192374.00
13/02/2017 122.90 120.50 122.90 122.00 14 57.00 1722076.00
14/02/2017 121.00 121.00 121.30 121.00 7 30.00 906742.00
15/02/2017 120.00 119.01 121.00 120.60 11 39.00 1169609.00
16/02/2017 119.52 119.52 122.00 122.00 9 35.00 1059142.00
17/02/2017 122.00 122.00 122.80 122.80 8 16.00 489310.00
20/02/2017 121.55 121.55 122.40 122.40 3 15.00 458116.00
21/02/2017 122.40 121.70 122.40 122.30 5 10.00 305494.00
22/02/2017 121.00 121.00 121.70 121.60 8 9.00 272801.00
23/02/2017 120.50 120.50 122.40 122.40 6 8.00 243778.00
24/02/2017 122.60 122.60 125.20 124.20 15 21.00 651748.00
01/03/2017 124.20 124.20 124.20 124.20 4 10.00 310189.00
02/03/2017 123.50 121.50 123.50 123.50 5 12.00 366133.00
03/03/2017 123.80 123.00 123.80 123.70 13 28.00 861687.00
06/03/2017 123.00 121.50 123.00 121.70 13 58.00 1763611.00
07/03/2017 121.65 120.80 121.65 120.80 6 15.00 453645.00
08/03/2017 121.77 121.00 122.40 122.40 8 24.00 730229.00
09/03/2017 122.00 121.70 122.60 121.70 12 32.00 976552.00
10/03/2017 121.00 120.51 121.00 120.75 7 18.00 543535.00
13/03/2017 120.80 120.50 121.15 120.50 12 29.00 876185.00
14/03/2017 121.30 121.30 121.80 121.80 4 10.00 303496.00
15/03/2017 121.00 121.00 121.00 121.00 7 15.00 453296.00
16/03/2017 121.50 121.50 122.00 122.00 9 26.00 790658.00
17/03/2017 121.89 121.00 122.00 121.45 12 18.00 545738.00
20/03/2017 122.00 120.20 122.00 121.00 11 19.00 576148.00
21/03/2017 121.80 121.00 121.80 121.00 3 15.00 454495.00
22/03/2017 122.60 122.00 123.20 122.60 18 39.00 1194122.00
23/03/2017 123.90 123.90 124.20 124.20 3 6.00 185790.00
24/03/2017 124.00 123.50 124.00 123.50 2 9.00 277721.00
27/03/2017 124.00 124.00 125.50 125.50 10 30.00 937436.00
28/03/2017 125.20 124.00 126.49 125.41 21 40.00 1246110.00
29/03/2017 124.80 124.80 125.30 125.10 6 31.00 968456.00
30/03/2017 124.50 124.50 124.50 124.50 2 4.00 124375.00
31/03/2017 125.96 125.00 126.00 125.00 11 20.00 627734.00
03/04/2017 124.00 123.90 124.00 123.90 6 12.00 371528.00
04/04/2017 126.00 124.50 127.00 124.50 7 14.00 438236.00
05/04/2017 123.50 123.50 124.30 124.30 5 26.00 805268.00
06/04/2017 126.50 125.01 126.50 126.45 7 15.00 473127.00
07/04/2017 126.50 126.50 127.50 127.50 7 12.00 379869.00
10/04/2017 125.00 125.00 126.70 126.00 7 8.00 251048.00
11/04/2017 127.48 126.00 127.80 127.50 10 20.00 635726.00
12/04/2017 128.60 127.50 129.50 129.50 17 40.00 1283215.00
13/04/2017 128.49 128.49 129.00 129.00 8 17.00 546458.00
17/04/2017 128.00 126.50 128.40 126.55 5 16.00 510951.00
18/04/2017 127.00 127.00 128.60 128.60 7 31.00 988013.00
19/04/2017 128.30 128.00 128.30 128.00 4 43.00 1375523.00
20/04/2017 128.75 128.30 130.00 128.30 4 7.00 225277.00
24/04/2017 127.00 127.00 127.20 127.20 4 21.00 666133.00
25/04/2017 128.00 128.00 128.00 128.00 1 1.00 31967.00
26/04/2017 127.51 127.50 129.00 129.00 10 64.00 2044303.00
27/04/2017 128.70 128.50 129.10 129.10 7 18.00 578695.00
28/04/2017 129.10 128.80 129.10 129.00 5 39.00 1257166.00
02/05/2017 127.50 126.00 127.50 126.52 16 70.00 2223660.00
03/05/2017 126.40 125.50 126.99 126.00 19 33.00 1039821.00
04/05/2017 125.19 124.40 125.90 124.60 15 55.00 1715000.00
05/05/2017 124.20 124.20 125.80 125.10 17 40.00 1245078.00
08/05/2017 125.80 124.70 125.80 124.70 9 41.00 1279618.00
09/05/2017 124.00 123.50 124.30 123.50 9 28.00 865308.00
10/05/2017 123.00 122.90 123.51 123.50 11 35.00 1075980.00
11/05/2017 123.00 122.60 123.50 122.60 12 37.00 1136911.00
12/05/2017 123.00 122.51 123.00 122.80 6 8.00 245506.00
15/05/2017 121.79 121.50 123.00 122.50 10 39.00 1186606.00
16/05/2017 121.50 121.30 122.80 122.80 9 14.00 426697.00
17/05/2017 123.00 123.00 125.30 125.30 9 60.00 1861436.00
18/05/2017 133.00 132.00 134.00 133.99 30 52.00 1728230.00
19/05/2017 132.90 130.00 132.90 130.00 13 39.00 1272849.00
22/05/2017 131.40 131.40 132.99 132.99 9 37.00 1224821.00
23/05/2017 130.00 130.00 130.70 130.50 6 34.00 1107955.00
24/05/2017 130.90 130.00 131.50 131.50 6 28.00 914059.00
25/05/2017 131.00 131.00 132.00 132.00 2 3.00 98651.00
26/05/2017 131.99 131.60 131.99 131.60 3 19.00 625448.00
29/05/2017 132.00 131.70 132.11 132.10 11 38.00 1252149.00
30/05/2017 132.00 131.00 132.00 131.00 6 9.00 295828.00
31/05/2017 132.00 131.00 132.00 131.00 5 17.00 556767.00
01/06/2017 131.00 130.00 131.00 130.00 5 7.00 228720.00
02/06/2017 132.00 132.00 132.00 132.00 4 19.00 626373.00
05/06/2017 133.00 133.00 135.08 135.08 8 12.00 402709.00
06/06/2017 134.50 134.50 135.49 135.49 11 19.00 641103.00
07/06/2017 135.68 134.00 135.69 134.90 12 51.00 1717035.00
08/06/2017 133.60 132.80 134.90 132.80 14 63.00 2099997.00
09/06/2017 132.00 132.00 133.36 133.36 7 20.00 662277.00
12/06/2017 134.00 134.00 134.50 134.00 8 10.00 335361.00
13/06/2017 134.55 134.00 135.50 134.50 12 24.00 807054.00
14/06/2017 134.50 132.40 134.50 132.40 8 17.00 563960.00
16/06/2017 131.60 131.40 134.00 134.00 7 27.00 886962.00
