01/06/2016 141.00 139.60 141.00 139.60 6 104.00 145612.00
02/06/2016 139.00 138.50 139.00 138.50 8 38.00 52742.00
03/06/2016 140.00 138.50 140.50 139.90 10 30.00 41854.00
06/06/2016 138.20 138.00 139.40 139.40 13 50.00 69421.00
07/06/2016 137.90 137.90 138.00 138.00 5 20.00 27567.00
08/06/2016 137.00 135.00 138.00 136.10 27 126.00 171750.00
09/06/2016 136.50 136.50 138.90 138.50 9 99.00 135794.00
10/06/2016 140.00 139.60 140.50 140.00 12 42.00 58719.00
13/06/2016 141.50 141.50 142.10 142.00 11 151.00 214187.00
14/06/2016 143.00 143.00 144.80 144.00 12 30.00 43169.00
15/06/2016 144.00 142.20 144.50 143.99 12 74.00 106085.00
16/06/2016 146.50 143.20 147.00 143.20 13 48.00 69615.00
17/06/2016 146.90 141.70 146.90 142.00 16 76.00 107871.00
20/06/2016 139.00 139.00 140.00 139.00 5 34.00 47307.00
21/06/2016 138.50 136.20 138.50 138.00 14 188.00 258006.00
22/06/2016 137.50 136.50 138.99 138.50 31 216.00 297523.00
23/06/2016 137.00 135.00 137.00 135.00 14 89.00 121513.00
24/06/2016 145.00 142.00 145.00 142.60 12 55.00 78791.00
27/06/2016 143.00 143.00 144.00 143.01 12 88.00 126096.00
28/06/2016 141.10 139.00 141.10 139.00 10 19.00 26458.00
29/06/2016 138.00 137.00 138.50 137.00 12 56.00 77243.00
30/06/2016 135.30 135.00 137.00 137.00 5 15.00 20439.00
01/07/2016 138.00 138.00 139.10 139.10 6 40.00 55472.00
04/07/2016 140.50 139.21 140.50 139.21 5 26.00 36390.00
05/07/2016 141.89 141.89 143.50 143.00 7 16.00 22752.00
06/07/2016 145.00 144.99 145.80 145.00 12 90.00 130468.00
07/07/2016 145.20 144.50 147.00 147.00 10 29.00 42039.00
08/07/2016 145.00 142.50 146.00 144.60 13 68.00 97244.00
11/07/2016 144.50 143.00 144.50 143.80 9 78.00 112488.00
12/07/2016 141.50 139.70 141.50 139.81 11 39.00 54529.00
13/07/2016 140.50 140.50 141.00 141.00 7 42.00 58995.00
14/07/2016 137.00 137.00 138.30 138.00 14 139.00 191415.00
15/07/2016 139.00 138.30 140.00 138.50 16 274.00 380510.00
18/07/2016 138.10 138.00 138.60 138.60 14 92.00 127083.00
19/07/2016 139.80 138.50 139.80 138.50 6 19.00 26503.00
20/07/2016 137.50 137.00 140.00 137.50 24 63.00 86576.00
21/07/2016 137.50 137.50 140.00 140.00 9 96.00 133376.00
22/07/2016 140.00 137.80 140.00 138.00 12 76.00 105675.00
25/07/2016 138.40 138.00 138.90 138.00 8 27.00 37356.00
26/07/2016 138.10 137.50 138.51 138.20 10 89.00 122894.00
27/07/2016 138.10 138.10 139.00 139.00 12 97.00 134353.00
28/07/2016 140.00 139.00 140.00 139.50 9 80.00 111493.00
29/07/2016 138.60 138.60 140.00 140.00 3 16.00 22303.00
01/08/2016 142.00 139.00 142.00 139.32 20 159.00 223371.00
02/08/2016 142.00 141.50 142.50 141.50 7 46.00 65274.00
03/08/2016 142.00 139.00 143.00 139.00 14 67.00 94706.00
04/08/2016 141.20 138.00 141.50 139.00 16 99.00 138141.00
05/08/2016 136.81 135.50 137.90 135.80 22 124.00 169109.00
08/08/2016 135.00 135.00 136.00 135.70 10 79.00 107089.00
09/08/2016 135.00 134.40 136.00 136.00 19 65.00 87623.00
10/08/2016 136.00 134.70 136.00 134.70 4 14.00 18930.00
11/08/2016 135.00 135.00 135.50 135.00 16 86.00 116068.00
12/08/2016 135.56 135.50 137.40 136.50 16 84.00 114213.00
15/08/2016 136.00 135.00 136.50 136.00 13 94.00 127841.00
16/08/2016 136.00 136.00 136.60 136.40 13 107.00 145881.00
17/08/2016 138.00 137.70 138.00 138.00 7 65.00 89574.00
18/08/2016 138.00 137.00 139.50 139.00 20 118.00 163430.00
19/08/2016 139.00 138.00 139.00 138.00 7 60.00 82963.00
22/08/2016 136.50 136.50 138.00 137.50 12 129.00 177471.00
23/08/2016 138.00 137.60 138.00 138.00 7 60.00 82659.00
24/08/2016 138.30 136.20 138.30 137.45 8 44.00 60461.00
25/08/2016 137.00 136.50 137.00 136.50 6 77.00 105213.00
26/08/2016 136.80 136.80 138.00 138.00 8 62.00 85024.00
29/08/2016 136.00 136.00 136.00 136.00 1 2.00 2717.00
30/08/2016 136.50 135.50 137.00 136.00 11 72.00 98021.00
31/08/2016 136.00 134.00 136.00 136.00 14 62.00 84075.00
01/09/2016 136.50 136.20 136.50 136.50 11 93.00 126727.00
02/09/2016 136.50 136.50 137.00 136.80 9 54.00 73872.00
05/09/2016 137.50 136.25 138.00 138.00 11 67.00 92122.00
06/09/2016 138.50 138.00 138.50 138.00 9 63.00 86883.00
08/09/2016 137.50 136.00 137.50 136.00 12 28.00 38306.00
09/09/2016 138.00 138.00 138.50 138.50 14 117.00 161348.00
12/09/2016 138.50 137.50 138.50 137.50 11 43.00 59231.00
13/09/2016 138.70 138.30 140.00 139.50 19 111.00 154282.00
14/09/2016 139.70 139.70 140.20 140.20 6 40.00 55883.00
15/09/2016 138.00 138.00 139.80 139.30 7 39.00 54400.00
16/09/2016 139.00 138.20 139.00 138.40 8 58.00 80339.00
19/09/2016 137.50 137.00 137.50 137.00 20 116.00 159094.00
20/09/2016 137.00 137.00 137.00 137.00 3 13.00 17792.00
21/09/2016 137.50 136.80 139.50 136.90 17 120.00 164513.00
22/09/2016 137.80 137.31 138.00 138.00 7 36.00 49524.00
23/09/2016 138.29 137.50 138.98 138.98 5 20.00 27554.00
26/09/2016 139.60 138.50 139.60 138.50 4 44.00 60981.00
27/09/2016 137.50 137.50 138.00 137.50 10 82.00 112679.00
28/09/2016 137.89 136.50 141.00 136.50 18 50.00 68675.00
29/09/2016 136.50 136.00 139.50 139.00 17 91.00 124357.00
30/09/2016 138.50 136.50 138.50 136.50 6 10.00 13756.00
03/10/2016 137.00 134.10 137.00 134.10 20 38.00 51423.00
04/10/2016 133.80 132.00 135.50 132.60 19 66.00 87976.00
05/10/2016 131.60 131.00 133.50 131.00 14 32.00 42070.00
06/10/2016 130.55 129.40 132.50 132.50 16 67.00 86947.00
07/10/2016 129.05 128.00 130.00 129.50 10 121.00 156482.00
10/10/2016 129.50 129.50 129.50 129.50 3 30.00 38811.00
11/10/2016 129.00 128.03 130.00 128.40 11 107.00 138025.00
13/10/2016 128.50 127.80 129.00 127.80 16 108.00 138667.00
14/10/2016 128.50 127.00 128.50 128.00 21 184.00 234930.00
17/10/2016 129.50 127.90 129.50 128.00 23 302.00 387504.00
18/10/2016 128.50 127.50 129.50 128.50 16 112.00 143236.00
19/10/2016 129.00 128.00 129.50 128.00 12 61.00 78488.00
20/10/2016 128.00 127.40 128.70 128.00 13 81.00 103410.00
21/10/2016 129.00 127.95 129.00 128.50 14 93.00 119116.00
24/10/2016 128.00 126.95 128.00 126.97 14 122.00 155224.00
25/10/2016 127.00 126.00 127.00 126.00 14 69.00 87315.00
26/10/2016 126.80 126.30 127.00 126.50 8 108.00 136486.00
27/10/2016 128.00 127.00 128.00 128.00 6 58.00 73931.00
28/10/2016 128.99 128.50 130.50 130.50 14 105.00 136135.00
31/10/2016 129.90 128.50 130.00 129.50 14 69.00 89347.00
01/11/2016 132.00 132.00 134.50 133.00 18 86.00 114382.00
03/11/2016 133.50 133.00 135.90 134.00 23 132.00 177037.00
04/11/2016 137.90 134.50 137.90 134.50 25 108.00 146034.00
07/11/2016 133.00 131.00 133.00 131.32 23 86.00 113146.00
08/11/2016 131.40 129.50 131.40 129.50 12 39.00 50782.00
09/11/2016 135.00 131.00 136.30 131.00 37 178.00 238559.00
10/11/2016 134.00 134.00 136.00 136.00 17 107.00 144777.00
11/11/2016 137.00 133.00 138.00 133.00 9 36.00 49286.00
14/11/2016 134.50 134.00 135.00 134.00 8 33.00 44310.00
16/11/2016 134.00 133.85 136.90 136.90 12 66.00 89054.00
17/11/2016 134.20 132.00 134.20 132.00 13 71.00 94771.00
18/11/2016 132.00 131.00 132.50 131.00 10 93.00 122701.00
21/11/2016 131.00 129.50 131.00 130.00 11 47.00 61239.00
22/11/2016 130.00 129.20 131.50 129.30 9 72.00 93335.00
23/11/2016 131.00 129.30 131.00 129.30 10 66.00 85875.00
24/11/2016 129.90 128.00 129.90 128.00 7 60.00 77098.00
25/11/2016 129.00 129.00 129.00 129.00 2 20.00 25774.00
28/11/2016 130.00 128.60 130.50 128.60 7 62.00 79927.00
29/11/2016 128.00 128.00 129.01 129.00 16 116.00 149161.00
30/11/2016 129.00 128.00 129.00 128.00 7 22.00 28211.00
01/12/2016 127.60 127.60 129.80 129.80 9 57.00 73398.00
02/12/2016 129.00 128.90 130.95 129.35 7 25.00 32233.00
05/12/2016 129.40 128.80 129.50 128.80 5 13.00 16782.00
06/12/2016 130.00 127.10 130.00 127.10 13 64.00 82316.00
07/12/2016 129.00 128.00 129.00 128.40 9 149.00 191080.00
08/12/2016 128.00 127.00 128.00 127.00 11 159.00 202767.00
09/12/2016 126.50 125.00 126.80 125.60 14 87.00 109726.00
12/12/2016 128.00 124.00 128.00 124.95 22 117.00 146876.00
13/12/2016 124.95 124.00 124.95 124.90 6 28.00 34775.00
14/12/2016 123.70 123.70 123.90 123.90 6 32.00 39580.00
15/12/2016 123.00 122.00 123.30 122.00 6 64.00 78601.00
16/12/2016 120.00 120.00 123.20 123.20 14 81.00 99027.00
19/12/2016 123.00 121.60 123.05 122.10 17 192.00 235486.00
20/12/2016 123.50 121.40 123.50 121.40 13 70.00 85435.00
21/12/2016 121.00 120.50 122.85 121.00 12 30.00 36405.00
22/12/2016 120.00 119.10 121.00 119.50 9 34.00 40777.00
23/12/2016 119.00 118.00 119.90 119.90 9 25.00 29784.00
26/12/2016 118.50 118.50 120.00 118.60 6 43.00 50969.00
27/12/2016 117.50 117.50 120.00 118.01 7 44.00 52288.00
28/12/2016 120.00 117.00 120.40 117.00 6 8.00 9532.00
29/12/2016 120.15 120.00 122.50 120.50 10 118.00 141743.00
02/01/2017 120.50 118.00 121.00 120.50 9 21.00 25198.00
03/01/2017 120.50 119.50 121.50 121.50 10 46.00 55529.00
04/01/2017 119.53 119.53 121.90 120.00 9 33.00 39576.00
05/01/2017 120.00 119.50 121.00 120.20 7 35.00 41977.00
06/01/2017 122.60 120.50 122.60 120.50 3 6.00 7249.00
09/01/2017 120.70 120.32 123.00 121.60 10 73.00 88656.00
10/01/2017 122.00 121.00 122.00 121.98 5 23.00 28009.00
11/01/2017 122.00 121.20 122.00 121.30 13 105.00 127478.00
12/01/2017 123.00 120.80 123.00 120.80 7 57.00 69120.00
13/01/2017 120.00 120.00 122.00 121.80 7 56.00 68071.00
16/01/2017 121.80 121.80 125.00 124.00 7 55.00 67867.00
17/01/2017 124.20 124.00 125.00 124.20 8 55.00 68223.00
18/01/2017 124.01 124.01 126.00 126.00 5 13.00 16205.00
19/01/2017 126.00 122.40 126.00 122.40 24 110.00 135914.00
23/01/2017 122.00 122.00 123.50 123.50 6 112.00 137481.00
24/01/2017 123.00 122.00 124.00 122.65 16 127.00 155944.00
26/01/2017 121.20 121.00 121.20 121.00 4 14.00 16932.00
27/01/2017 120.00 119.30 120.60 119.50 10 63.00 75212.00
30/01/2017 120.00 119.50 120.00 119.50 5 20.00 23919.00
31/01/2017 120.90 120.00 121.35 120.60 8 64.00 77227.00
01/02/2017 121.00 120.00 121.01 121.00 10 123.00 148498.00
02/02/2017 119.01 119.01 122.50 121.50 5 26.00 31585.00
03/02/2017 121.50 120.40 122.40 120.40 7 41.00 49657.00
06/02/2017 121.00 121.00 123.20 123.20 10 46.00 56148.00
07/02/2017 123.00 121.50 123.00 122.00 23 81.00 99067.00
08/02/2017 123.00 122.70 123.25 122.70 5 40.00 49155.00
09/02/2017 123.75 122.50 123.75 122.50 7 37.00 45509.00
10/02/2017 123.00 121.00 123.00 122.00 8 32.00 38894.00
13/02/2017 121.60 121.00 121.99 121.00 9 61.00 73980.00
14/02/2017 120.60 120.50 122.00 122.00 14 91.00 110225.00
15/02/2017 120.50 120.00 120.50 120.00 11 18.00 21623.00
16/02/2017 122.00 121.00 122.00 122.00 4 39.00 47522.00
17/02/2017 121.97 121.97 123.00 122.60 10 77.00 94172.00
20/02/2017 122.50 120.50 122.50 120.50 6 36.00 44002.00
21/02/2017 122.00 120.50 122.00 122.00 16 169.00 205339.00
22/02/2017 123.50 121.00 123.50 121.60 10 99.00 119958.00
23/02/2017 121.60 121.20 122.00 121.60 12 216.00 263083.00
24/02/2017 123.90 123.40 124.25 124.20 8 61.00 75581.00
01/03/2017 123.00 122.00 123.50 123.00 18 62.00 75990.00
02/03/2017 123.00 122.80 123.50 123.50 8 109.00 134196.00
03/03/2017 122.00 122.00 124.00 123.90 8 46.00 56610.00
06/03/2017 122.25 121.80 123.50 121.90 9 169.00 206091.00
07/03/2017 121.65 121.02 122.00 122.00 6 11.00 13362.00
08/03/2017 122.00 122.00 122.00 122.00 5 16.00 19500.00
09/03/2017 122.00 122.00 123.80 123.80 9 44.00 53769.00
10/03/2017 121.00 121.00 121.50 121.20 10 34.00 41144.00
13/03/2017 121.20 120.60 121.20 120.60 7 66.00 79642.00
14/03/2017 120.00 120.00 122.00 122.00 5 35.00 42449.00
15/03/2017 122.00 120.20 122.00 120.20 10 50.00 60779.00
16/03/2017 122.00 119.02 122.00 121.50 17 74.00 89480.00
17/03/2017 119.50 119.00 121.60 121.50 14 109.00 132241.00
20/03/2017 122.00 120.04 122.00 120.50 15 58.00 70329.00
21/03/2017 119.00 119.00 123.00 123.00 17 84.00 102616.00
22/03/2017 123.50 122.60 123.50 122.60 15 63.00 77237.00
23/03/2017 124.00 123.60 124.00 123.60 2 33.00 40787.00
24/03/2017 123.00 123.00 124.90 123.00 6 65.00 80006.00
27/03/2017 125.00 124.90 126.40 125.50 16 179.00 223497.00
28/03/2017 123.01 123.01 125.50 124.85 6 18.00 22445.00
29/03/2017 124.83 124.00 125.00 125.00 9 54.00 67221.00
30/03/2017 126.00 124.40 126.00 124.40 3 21.00 26177.00
31/03/2017 125.50 124.80 125.50 124.80 8 98.00 122202.00
03/04/2017 123.00 123.00 124.95 124.00 6 11.00 13620.00
04/04/2017 123.70 122.50 125.00 123.00 16 105.00 130613.00
05/04/2017 123.00 122.00 124.00 124.00 20 312.00 386410.00
06/04/2017 124.00 124.00 126.99 124.00 30 143.00 178035.00
07/04/2017 126.00 126.00 127.00 127.00 14 72.00 90851.00
10/04/2017 123.20 123.20 127.00 126.00 6 34.00 42861.00
11/04/2017 126.00 126.00 127.50 127.50 30 198.00 252027.00
12/04/2017 127.75 127.75 129.00 129.00 24 100.00 128142.00
13/04/2017 129.50 128.50 129.50 129.50 17 150.00 192656.00
17/04/2017 129.40 127.00 129.40 128.00 8 59.00 75926.00
18/04/2017 127.00 127.00 128.60 128.60 11 38.00 48490.00
19/04/2017 127.00 127.00 128.00 128.00 12 64.00 81815.00
20/04/2017 128.50 128.30 128.50 128.30 6 150.00 192514.00
24/04/2017 127.00 126.50 129.50 126.70 7 53.00 67206.00
25/04/2017 126.50 126.01 126.65 126.65 4 26.00 32888.00
26/04/2017 128.10 128.00 129.00 128.20 13 48.00 61506.00
27/04/2017 129.40 128.10 129.40 128.90 21 224.00 286992.00
28/04/2017 128.50 128.50 129.00 128.80 8 76.00 97704.00
02/05/2017 126.60 126.00 127.50 126.51 8 59.00 74622.00
03/05/2017 127.00 125.90 127.00 127.00 14 84.00 106405.00
04/05/2017 125.50 124.50 125.50 124.50 11 29.00 36256.00
05/05/2017 125.40 124.50 125.80 125.50 9 58.00 72488.00
08/05/2017 125.10 125.05 125.10 125.10 4 49.00 61217.00
09/05/2017 124.10 123.51 126.80 123.51 8 27.00 33441.00
10/05/2017 123.50 123.10 124.50 123.10 21 192.00 237144.00
11/05/2017 123.50 123.00 124.00 123.00 19 107.00 131583.00
12/05/2017 123.20 122.65 123.50 122.90 14 130.00 159651.00
15/05/2017 122.75 122.00 122.80 122.20 9 32.00 39149.00
16/05/2017 121.50 121.50 123.00 122.00 21 82.00 100092.00
17/05/2017 124.00 124.00 125.50 125.50 7 25.00 31148.00
18/05/2017 132.00 130.00 135.00 134.90 41 202.00 269996.00
19/05/2017 130.50 129.90 131.00 129.90 8 28.00 36450.00
22/05/2017 132.00 131.00 133.99 131.00 18 85.00 112559.00
23/05/2017 130.70 130.70 133.00 133.00 11 22.00 28962.00
24/05/2017 130.00 130.00 132.90 132.90 8 36.00 47047.00
25/05/2017 130.85 130.85 132.00 131.30 5 33.00 43301.00
26/05/2017 131.30 131.30 133.00 131.38 7 25.00 32870.00
29/05/2017 131.38 130.10 132.00 132.00 11 124.00 163192.00
30/05/2017 131.80 131.00 133.00 131.00 11 100.00 131389.00
31/05/2017 131.00 131.00 131.50 131.50 2 20.00 26223.00
01/06/2017 130.70 128.00 131.00 131.00 16 92.00 119709.00
02/06/2017 128.00 128.00 132.00 132.00 11 96.00 126325.00
05/06/2017 133.00 133.00 134.50 134.00 11 42.00 56142.00
06/06/2017 134.90 134.00 135.50 135.50 25 132.00 177986.00
07/06/2017 134.80 134.00 135.50 134.60 11 47.00 63187.00
08/06/2017 134.10 132.00 134.80 133.30 15 77.00 102824.00
09/06/2017 133.30 133.00 133.50 133.00 8 58.00 77219.00
12/06/2017 133.00 133.00 134.51 134.40 16 89.00 119166.00
13/06/2017 134.40 133.00 135.00 133.00 14 104.00 139621.00
14/06/2017 134.00 132.50 134.00 132.50 16 124.00 164933.00
