20/06/2016 11.03 10.92 11.18 11.14 541 97151.92 1079189.00
21/06/2016 11.14 11.04 11.18 11.14 509 130446.15 1452718.00
22/06/2016 11.17 11.06 11.41 11.40 337 216149.90 2422098.00
23/06/2016 11.45 11.45 11.78 11.69 446 144204.96 1682886.00
24/06/2016 11.32 11.13 11.67 11.67 389 86964.11 994220.00
27/06/2016 11.67 11.50 11.71 11.71 318 82657.90 961529.00
28/06/2016 11.80 11.61 12.04 11.90 394 118262.78 1405526.00
29/06/2016 11.88 11.81 12.05 12.05 443 846849.70 10106408.00
30/06/2016 12.00 11.92 12.48 12.38 804 1013530.90 12403042.00
01/07/2016 12.38 12.17 12.60 12.27 296 283998.71 3491321.00
04/07/2016 12.27 12.09 12.27 12.19 258 69844.36 850099.00
05/07/2016 12.04 11.78 12.19 11.80 779 192938.47 2293122.00
06/07/2016 11.82 11.11 11.82 11.38 1859 471160.58 5362981.00
07/07/2016 11.37 11.12 12.13 12.00 1064 306790.03 3649028.00
08/07/2016 12.00 11.78 12.10 11.90 851 331156.78 3948118.00
11/07/2016 11.93 11.93 12.18 12.06 782 269399.66 3249890.00
12/07/2016 11.97 11.92 12.38 11.95 884 236315.50 2842691.00
13/07/2016 12.02 11.64 12.02 11.90 416 71419.80 842077.00
14/07/2016 12.15 11.78 12.15 11.84 499 141264.15 1679835.00
15/07/2016 11.78 11.20 11.78 11.20 1089 496052.48 5611690.00
18/07/2016 11.25 10.92 11.67 11.48 2294 611059.36 6937783.00
19/07/2016 11.43 11.42 11.81 11.43 845 238731.17 2751220.00
20/07/2016 11.47 11.36 11.59 11.43 756 285784.21 3277094.00
21/07/2016 11.68 11.22 11.71 11.62 1574 316452.70 3624749.00
22/07/2016 11.62 11.25 11.90 11.71 835 560225.27 6563998.00
25/07/2016 11.89 11.62 11.98 11.83 926 170567.27 2009533.00
26/07/2016 11.83 11.80 12.00 12.00 500 84653.46 1008702.00
27/07/2016 12.05 11.75 12.11 11.75 664 152292.21 1815169.00
28/07/2016 11.81 11.60 12.09 12.00 1136 310886.16 3690759.00
29/07/2016 12.16 11.95 12.39 12.39 1234 312251.54 3820190.00
01/08/2016 12.38 12.15 12.48 12.38 974 719764.49 8909036.00
02/08/2016 12.43 12.08 12.43 12.09 863 609273.86 7516937.00
03/08/2016 12.04 11.97 12.48 12.48 585 108600.10 1322322.00
04/08/2016 12.38 12.11 12.38 12.15 1476 472736.02 5822894.00
05/08/2016 12.23 12.21 12.60 12.38 1961 672081.28 8308808.00
08/08/2016 12.38 12.16 12.54 12.46 797 131076.34 1626987.00
09/08/2016 12.38 12.38 12.78 12.53 1142 254485.53 3224539.00
10/08/2016 12.64 12.19 12.76 12.19 841 149351.40 1847453.00
11/08/2016 12.20 12.19 12.65 12.48 1408 293241.28 3629170.00
12/08/2016 12.48 12.19 12.48 12.19 766 198610.05 2458779.00
15/08/2016 12.24 12.24 12.47 12.28 535 87069.14 1073304.00
16/08/2016 12.32 12.27 12.38 12.31 771 156073.26 1927247.00
17/08/2016 12.29 12.17 12.35 12.19 384 63122.50 774451.00
18/08/2016 12.24 12.12 12.26 12.12 445 84443.40 1030209.00
19/08/2016 12.37 12.25 12.38 12.37 747 181385.27 2239046.00
22/08/2016 12.32 12.13 12.33 12.15 306 66063.31 806148.00
23/08/2016 12.15 12.04 12.24 12.11 784 134962.41 1637504.00
24/08/2016 12.01 12.00 12.37 12.19 873 1262449.90 15396241.00
25/08/2016 12.24 12.16 12.25 12.19 1106 657587.25 8016773.00
26/08/2016 12.24 12.13 12.24 12.23 1369 377054.50 4598333.00
29/08/2016 12.33 12.24 12.48 12.34 1224 668090.16 8248437.00
30/08/2016 12.43 12.14 12.48 12.38 737 114586.75 1417102.00
31/08/2016 12.47 12.35 12.74 12.38 1214 600556.45 7469395.00
01/09/2016 12.39 12.28 12.95 12.77 1917 608013.51 7701514.00
02/09/2016 12.78 12.68 13.15 13.15 2451 759969.05 9775089.00
05/09/2016 13.21 12.95 13.48 12.96 1063 236968.51 3100794.00
06/09/2016 12.97 12.80 13.37 13.21 1176 452085.21 5908195.00
08/09/2016 13.22 13.16 13.59 13.35 2264 595771.20 7989676.00
09/09/2016 13.33 12.99 13.64 13.64 1205 412195.33 5530259.00
12/09/2016 13.58 13.38 14.66 14.21 1943 443736.16 6271066.00
13/09/2016 14.29 13.64 14.46 13.97 1399 286959.69 4054445.00
14/09/2016 13.73 13.68 14.63 14.42 2980 564333.44 8155292.00
15/09/2016 14.41 14.30 14.79 14.65 1410 452600.58 6615293.00
16/09/2016 14.46 14.06 14.65 14.36 1674 1189171.68 17066858.00
19/09/2016 14.35 13.99 14.59 14.04 1092 197697.08 2796466.00
20/09/2016 14.16 13.97 14.36 14.10 1293 241091.50 3431565.00
21/09/2016 14.07 13.74 14.42 13.87 958 283867.45 3969103.00
22/09/2016 13.87 13.87 14.30 14.21 1800 343547.65 4863513.00
23/09/2016 14.14 14.12 14.37 14.36 1206 658131.33 9413688.00
26/09/2016 14.21 13.86 14.23 13.86 169 33293.10 466204.00
27/09/2016 14.07 13.89 14.37 14.37 1673 291598.05 4128955.00
28/09/2016 14.36 14.08 14.36 14.12 351 73801.41 1043601.00
29/09/2016 14.35 14.07 14.37 14.12 320 83593.51 1180566.00
30/09/2016 14.12 14.07 14.49 14.16 500 142036.80 2015454.00
03/10/2016 14.13 14.12 14.29 14.16 752 154096.53 2185911.00
04/10/2016 14.16 14.16 14.25 14.16 423 99157.77 1405853.00
05/10/2016 14.16 14.01 14.53 14.26 762 150591.99 2137935.00
06/10/2016 14.25 14.16 14.55 14.41 1378 228722.54 3284569.00
07/10/2016 14.60 14.28 14.79 14.65 1599 312625.27 4570241.00
10/10/2016 14.79 14.63 15.28 15.13 1767 284692.05 4276232.00
11/10/2016 14.80 14.80 15.23 14.80 1023 290567.30 4334017.00
13/10/2016 14.80 14.70 14.96 14.75 1455 381788.33 5649008.00
14/10/2016 14.95 14.75 14.95 14.87 925 360864.19 5343255.00
17/10/2016 14.87 14.77 15.03 15.03 1179 225424.15 3361786.00
18/10/2016 15.04 14.75 15.13 14.75 1449 325303.44 4863885.00
19/10/2016 14.75 14.45 15.05 14.74 875 232639.37 3449944.00
20/10/2016 14.71 14.07 14.80 14.16 1121 1959860.48 27661162.00
21/10/2016 14.17 14.10 15.00 14.36 1812 1349555.76 19473416.00
24/10/2016 14.55 14.26 14.63 14.36 1093 991371.52 14299747.00
25/10/2016 14.42 14.36 14.98 14.75 1418 241297.64 3531020.00
26/10/2016 14.39 14.36 14.96 14.43 599 119978.84 1739044.00
27/10/2016 14.37 14.37 14.84 14.70 982 248100.57 3632106.00
28/10/2016 14.55 14.51 14.87 14.66 596 135955.40 1996457.00
31/10/2016 14.55 14.49 14.69 14.64 430 379726.83 5552817.00
01/11/2016 14.64 14.38 14.64 14.54 236 114515.88 1668914.00
03/11/2016 14.51 14.37 14.61 14.50 952 163270.17 2370952.00
04/11/2016 14.51 14.18 14.51 14.39 560 111114.42 1597704.00
07/11/2016 14.38 14.31 14.51 14.41 565 95859.38 1382661.00
08/11/2016 14.35 14.26 14.55 14.41 155 32365.42 466071.00
09/11/2016 14.08 13.70 14.36 14.35 475 92354.84 1307049.00
10/11/2016 14.37 13.93 14.67 14.07 1285 211406.01 2996123.00
11/11/2016 13.98 13.15 14.40 13.53 2197 467649.47 6345833.00
14/11/2016 13.34 13.12 13.65 13.40 694 514136.11 6915439.00
16/11/2016 13.34 13.26 13.70 13.45 624 123483.37 1666129.00
17/11/2016 13.34 13.25 13.86 13.86 894 165331.66 2236902.00
18/11/2016 13.65 13.62 14.39 14.12 846 194604.85 2754883.00
21/11/2016 14.05 14.01 14.32 14.01 565 95447.08 1350549.00
22/11/2016 14.03 13.84 14.35 13.84 764 210684.49 2961193.00
23/11/2016 13.87 13.39 13.93 13.63 680 132760.08 1805508.00
24/11/2016 13.53 13.49 13.93 13.59 674 86685.74 1183228.00
25/11/2016 13.58 13.17 13.58 13.17 683 109156.00 1457316.00
28/11/2016 13.16 13.00 13.41 13.06 931 145438.26 1913042.00
29/11/2016 12.99 12.71 13.22 13.00 1345 290670.38 3784478.00
30/11/2016 13.02 12.85 13.23 12.95 1623 461155.77 5989998.00
01/12/2016 12.95 12.76 13.09 13.09 1146 209756.81 2707135.00
02/12/2016 12.89 12.89 13.09 12.99 250 172809.84 2247401.00
05/12/2016 13.10 13.00 13.18 13.02 352 585650.23 7691012.00
06/12/2016 12.99 12.77 13.15 12.85 449 79166.55 1023353.00
07/12/2016 12.81 12.76 12.97 12.84 555 114801.62 1473924.00
08/12/2016 12.84 12.69 13.32 13.04 1310 437137.02 5667851.00
09/12/2016 13.04 12.88 13.83 13.09 975 1327710.07 17318585.00
12/12/2016 13.34 12.84 13.34 12.84 303 134137.69 1747025.00
13/12/2016 12.83 12.40 12.89 12.45 334 265339.54 3398957.00
14/12/2016 12.53 12.41 12.63 12.41 744 115409.03 1443809.00
15/12/2016 12.64 12.35 12.64 12.36 301 81191.27 1007549.00
16/12/2016 12.47 12.10 12.53 12.10 462 95971.72 1178223.00
19/12/2016 12.13 11.82 12.25 12.00 1126 179288.95 2169162.00
20/12/2016 12.26 12.04 12.74 12.74 998 176656.81 2173542.00
21/12/2016 12.74 12.56 13.02 13.02 554 100729.81 1287829.00
22/12/2016 13.03 12.81 13.03 12.86 562 83418.46 1078785.00
23/12/2016 12.87 12.85 13.13 12.95 512 68941.71 890941.00
26/12/2016 13.05 12.88 13.10 12.88 215 32597.99 422471.00
27/12/2016 12.89 12.83 13.15 12.84 346 57198.34 736589.00
28/12/2016 13.08 12.85 13.34 13.33 616 95769.25 1247721.00
29/12/2016 13.33 13.19 13.63 13.30 609 82608.57 1098731.00
02/01/2017 13.35 12.92 13.50 13.19 1058 157826.92 2087088.00
03/01/2017 13.35 13.26 13.64 13.47 419 63879.91 861460.00
04/01/2017 13.62 13.58 14.16 14.13 505 82001.16 1143541.00
05/01/2017 14.00 13.68 14.33 14.33 757 109132.40 1516766.00
06/01/2017 14.30 13.84 14.30 13.84 474 84937.00 1188118.00
09/01/2017 13.88 13.77 13.96 13.78 300 47479.68 657472.00
10/01/2017 13.83 13.53 13.83 13.53 282 54869.91 749461.00
11/01/2017 13.63 13.51 13.82 13.51 265 51225.41 698210.00
12/01/2017 13.51 13.51 14.22 13.68 716 128164.77 1783479.00
13/01/2017 13.78 13.34 13.82 13.34 695 78660.37 1073968.00
16/01/2017 13.38 13.38 13.74 13.61 823 134643.87 1832722.00
17/01/2017 13.63 13.42 13.70 13.48 447 71573.85 969296.00
18/01/2017 13.43 13.43 14.15 14.15 1014 245396.05 3370398.00
19/01/2017 14.11 13.58 14.18 14.18 1042 142742.75 1986630.00
20/01/2017 14.16 13.90 14.30 14.11 1362 166027.03 2331373.00
23/01/2017 14.10 13.84 14.17 13.84 531 72991.15 1018425.00
24/01/2017 13.85 13.66 13.92 13.83 735 232842.79 3209602.00
26/01/2017 13.84 13.84 14.20 14.15 441 201763.34 2823188.00
27/01/2017 14.15 13.89 14.22 14.06 380 450803.88 6354103.00
30/01/2017 13.77 13.77 14.06 13.94 172 32294.28 451068.00
31/01/2017 13.96 13.85 14.07 13.93 223 32800.46 457750.00
01/02/2017 14.03 13.68 14.08 13.89 1158 280018.76 3885487.00
02/02/2017 13.77 13.73 13.90 13.74 458 121786.90 1681584.00
03/02/2017 13.78 13.65 13.84 13.73 558 1855048.37 25540021.00
06/02/2017 13.81 13.63 13.81 13.63 241 261087.63 3590624.00
07/02/2017 13.78 13.53 13.78 13.63 1063 543941.00 7441593.00
08/02/2017 13.57 13.24 13.70 13.68 1989 369106.44 5019575.00
09/02/2017 13.70 13.56 13.70 13.62 740 121179.49 1653417.00
10/02/2017 13.63 13.57 13.68 13.63 584 930662.50 12686486.00
13/02/2017 13.62 13.58 13.86 13.74 757 2036463.27 27772007.00
14/02/2017 13.73 13.53 13.78 13.64 894 361716.21 4936343.00
15/02/2017 13.75 13.60 14.60 14.47 3043 8515870.63 120499452.00
16/02/2017 14.37 14.31 14.78 14.42 1905 1835104.88 26505595.00
17/02/2017 14.45 14.43 14.82 14.82 2860 1428946.06 21085188.00
20/02/2017 14.83 14.83 15.30 14.97 870 147804.55 2212949.00
21/02/2017 15.06 14.55 15.34 14.82 3278 702679.04 10565437.00
22/02/2017 15.01 14.68 15.25 15.06 2075 2484938.72 36846594.00
23/02/2017 15.06 15.03 15.62 15.44 2428 1659460.42 25728338.00
24/02/2017 15.51 15.31 15.76 15.50 2441 779618.39 12112360.00
01/03/2017 15.86 15.86 16.63 16.02 1955 433087.59 6982030.00
02/03/2017 16.08 15.72 16.08 15.80 1487 1949197.84 30859640.00
03/03/2017 15.80 15.80 16.14 15.95 783 188602.66 3024288.00
06/03/2017 15.96 15.96 16.51 16.03 628 205407.83 3322676.00
07/03/2017 16.03 15.86 16.30 16.30 512 124216.57 2005408.00
08/03/2017 16.30 15.73 16.64 15.90 1413 406158.81 6494193.00
09/03/2017 15.77 15.41 15.93 15.75 550 982292.86 15243919.00
10/03/2017 15.85 15.33 15.85 15.40 872 457080.52 7071078.00
13/03/2017 15.48 15.22 15.53 15.41 1301 297633.82 4571770.00
14/03/2017 15.45 15.36 15.61 15.51 1222 502636.71 7774480.00
15/03/2017 15.76 15.62 16.30 16.14 2956 1386224.47 22321659.00
16/03/2017 16.50 16.46 16.88 16.64 2972 1124833.14 18810791.00
17/03/2017 16.78 16.73 17.04 16.84 4171 1395943.13 23513675.00
20/03/2017 16.90 16.84 17.19 17.17 2278 679597.23 11610948.00
21/03/2017 17.17 16.95 17.37 17.08 2275 505673.79 8685629.00
22/03/2017 17.09 17.02 17.33 17.28 1181 383279.48 6580390.00
23/03/2017 17.28 16.65 17.30 16.95 1339 275463.14 4677460.00
24/03/2017 16.95 16.69 17.15 16.69 1089 263821.00 4447875.00
27/03/2017 16.70 16.45 16.80 16.51 1735 320108.22 5289620.00
28/03/2017 16.56 16.19 16.82 16.41 1968 709563.09 11577337.00
29/03/2017 16.77 16.41 17.02 17.02 2982 1749661.70 29374101.00
30/03/2017 17.10 17.10 17.88 17.46 2920 658641.38 11574054.00
31/03/2017 17.49 17.48 17.72 17.53 2007 674737.90 11848647.00
03/04/2017 17.68 17.68 17.93 17.93 1495 311300.68 5559882.00
04/04/2017 17.96 17.58 18.14 17.75 2057 420129.38 7528324.00
05/04/2017 17.78 17.55 18.00 17.55 1441 264023.47 4697992.00
06/04/2017 17.65 17.39 17.83 17.58 1312 207938.73 3663031.00
07/04/2017 17.59 17.30 17.60 17.30 747 167039.39 2916407.00
10/04/2017 17.38 17.38 17.65 17.63 752 145779.83 2564819.00
11/04/2017 17.81 17.38 17.81 17.72 1710 715029.83 12606750.00
12/04/2017 17.68 17.55 17.92 17.63 1544 250457.85 4434798.00
13/04/2017 17.63 17.43 17.72 17.53 1166 276171.79 4846123.00
17/04/2017 17.62 17.34 17.71 17.38 2368 561454.83 9802487.00
18/04/2017 17.39 17.39 17.78 17.78 1676 445843.32 7871225.00
19/04/2017 17.59 17.53 18.42 18.37 2097 1116126.84 19996190.00
20/04/2017 18.42 18.42 18.77 18.57 1491 239929.31 4462707.00
24/04/2017 18.59 18.27 18.92 18.45 2595 397047.57 7394303.00
25/04/2017 18.45 18.42 18.76 18.76 2287 331750.35 6145074.00
26/04/2017 18.76 18.40 18.99 18.70 1469 212400.00 3986997.00
27/04/2017 18.88 18.65 18.93 18.65 1260 237200.00 4448960.00
28/04/2017 18.66 18.66 18.90 18.90 807 148100.00 2785828.00
02/05/2017 18.93 18.93 19.41 19.30 1992 357200.00 6876077.00
