14/02/2017 19.42 19.09 19.64 19.59 13278 10983872.73 213521317.00
15/02/2017 19.79 19.22 19.83 19.49 1859 615134.92 11972458.00
16/02/2017 19.49 19.20 19.49 19.35 3273 772273.83 14980398.00
17/02/2017 19.35 19.30 19.68 19.40 839 235127.16 4566954.00
20/02/2017 19.43 19.43 19.57 19.48 670 569166.24 11127515.00
21/02/2017 19.54 19.13 19.59 19.56 1099 360563.53 7008424.00
22/02/2017 19.56 18.76 19.56 19.30 1523 339956.88 6526255.00
23/02/2017 19.29 18.94 19.30 19.20 1023 1415729.68 27114272.00
24/02/2017 19.26 18.79 19.40 19.12 2596 695976.39 13345018.00
01/03/2017 19.12 18.94 19.12 18.97 583 240305.24 4579720.00
02/03/2017 18.93 18.85 19.10 18.91 698 387299.34 7340070.00
03/03/2017 18.85 18.80 19.29 19.21 493 116665.34 2232921.00
06/03/2017 19.34 19.02 19.38 19.30 983 211878.63 4077987.00
07/03/2017 19.25 18.97 19.26 19.04 671 198140.86 3772969.00
08/03/2017 19.04 19.02 19.35 19.26 1206 318610.51 6101035.00
09/03/2017 19.25 18.26 19.26 18.82 1483 261968.64 4948107.00
10/03/2017 18.84 18.35 19.18 18.69 640 215154.56 4007710.00
13/03/2017 18.55 18.31 19.01 18.64 1064 229632.05 4267772.00
14/03/2017 18.64 18.48 18.72 18.69 397 71330.71 1327672.00
15/03/2017 18.47 18.37 19.12 18.94 333 76086.09 1435168.00
16/03/2017 18.96 18.51 19.09 18.69 753 174363.96 3253731.00
17/03/2017 18.70 18.29 18.92 18.50 923 205432.45 3806824.00
20/03/2017 18.64 18.36 18.92 18.92 1499 358344.36 6634261.00
21/03/2017 18.89 18.26 18.89 18.45 772 191800.36 3547422.00
22/03/2017 18.36 18.01 18.54 18.26 852 203424.62 3721433.00
23/03/2017 18.28 18.11 18.50 18.31 2153 443729.86 8114274.00
24/03/2017 18.31 18.22 18.93 18.74 885 787491.05 14633291.00
27/03/2017 18.74 18.31 19.03 18.93 1098 1133788.44 21060849.00
28/03/2017 19.35 18.27 19.35 18.64 1845 854383.40 15798923.00
29/03/2017 18.64 18.34 18.64 18.45 591 192962.78 3562740.00
30/03/2017 18.27 18.27 18.64 18.50 1436 263870.79 4885221.00
31/03/2017 18.50 18.36 18.93 18.93 982 327275.87 6156368.00
03/04/2017 19.01 18.93 19.62 19.62 1441 1016277.70 19518145.00
04/04/2017 19.65 19.62 20.24 20.06 977 219064.54 4379747.00
05/04/2017 20.11 19.87 20.11 20.03 840 198035.19 3962155.00
06/04/2017 19.87 19.67 19.95 19.87 560 210187.83 4165182.00
07/04/2017 19.93 19.45 20.35 20.35 509 170876.68 3397413.00
10/04/2017 19.71 19.71 20.44 20.23 737 290183.90 5835719.00
11/04/2017 20.08 19.88 20.35 20.06 432 150587.06 3039591.00
12/04/2017 20.01 19.77 20.02 20.01 329 68583.16 1365823.00
13/04/2017 19.88 19.78 20.02 19.87 282 95530.32 1899057.00
17/04/2017 19.88 19.77 20.53 20.16 339 147416.80 2962824.00
18/04/2017 20.16 20.01 20.71 20.63 429 150692.73 3092290.00
19/04/2017 20.80 20.18 20.80 20.53 412 198352.21 4055686.00
20/04/2017 20.53 20.38 21.00 21.00 508 211667.28 4406616.00
24/04/2017 20.89 20.87 21.57 21.17 892 365635.94 7758185.00
25/04/2017 21.21 20.97 21.58 21.38 1135 205749.47 4400879.00
26/04/2017 21.30 20.87 21.58 21.37 1505 1007506.66 21310946.00
27/04/2017 21.29 20.64 21.42 21.19 706 135052.81 2846084.00
28/04/2017 21.09 21.09 21.74 21.30 1289 557647.65 12022458.00
02/05/2017 21.99 21.22 21.99 21.61 553 473700.00 10148235.00
03/05/2017 21.58 21.22 21.70 21.25 797 485300.00 10335212.00
04/05/2017 21.22 21.15 22.30 21.50 1451 1734700.00 36831056.00
05/05/2017 21.53 21.51 22.53 22.35 2208 1871000.00 40823282.00
08/05/2017 22.48 22.00 22.48 22.41 941 152500.00 3387159.00
09/05/2017 22.41 22.29 22.93 22.83 606 110100.00 2502065.00
10/05/2017 22.83 22.74 23.92 23.77 1332 197100.00 4605340.00
11/05/2017 23.73 23.15 25.00 24.36 693 141500.00 3417150.00
12/05/2017 24.35 24.28 26.00 25.50 1819 710000.00 17785681.00
15/05/2017 26.01 25.48 26.05 25.74 1086 403400.00 10361134.00
16/05/2017 25.71 25.47 26.00 25.80 1356 370300.00 9554623.00
17/05/2017 25.69 25.25 26.95 25.60 1707 1658400.00 42613674.00
18/05/2017 21.00 21.00 23.50 22.50 2365 883000.00 20032136.00
19/05/2017 22.85 22.49 23.40 23.40 2031 692300.00 15918193.00
22/05/2017 23.04 22.05 23.04 22.80 1459 294800.00 6649625.00
23/05/2017 22.68 22.25 23.87 23.30 2625 600900.00 13868428.00
24/05/2017 23.30 23.30 24.54 24.54 3292 707900.00 17040023.00
25/05/2017 24.55 24.00 24.80 24.60 2617 629900.00 15370461.00
26/05/2017 24.60 24.09 25.30 24.30 2431 729100.00 17746519.00
29/05/2017 24.13 23.90 24.60 24.10 1133 591400.00 14330589.00
30/05/2017 24.20 23.67 24.20 24.00 1651 314600.00 7503682.00
31/05/2017 23.80 22.56 24.08 23.20 3090 1057200.00 24535003.00
01/06/2017 22.90 22.65 23.29 23.29 2535 613400.00 14028248.00
02/06/2017 23.29 22.92 24.87 24.57 2325 402200.00 9596403.00
05/06/2017 24.10 24.10 24.94 24.48 1345 519100.00 12719532.00
06/06/2017 24.46 23.80 24.60 24.00 1776 1179900.00 28552738.00
07/06/2017 24.47 23.90 24.47 24.39 1863 420100.00 10168299.00
08/06/2017 24.02 24.01 24.98 24.40 949 341000.00 8328569.00
09/06/2017 24.89 24.58 25.14 24.95 2752 1490800.00 37051144.00
12/06/2017 24.91 24.05 24.93 24.30 1537 416100.00 10197093.00
13/06/2017 24.71 23.90 25.22 25.00 1089 614800.00 15031571.00
14/06/2017 25.00 25.00 25.99 25.70 1143 805300.00 20440107.00
16/06/2017 25.70 25.00 26.28 25.39 1907 901200.00 22829528.00
