19/10/2016 10.28 10.28 10.28 10.28 1 101.17 1040.00
11/01/2017 10.28 10.28 10.28 10.28 1 101.17 1040.00
23/01/2017 10.29 10.29 10.29 10.29 2 303.50 3123.00
26/01/2017 10.28 10.28 10.28 10.28 1 101.17 1040.00
01/02/2017 14.77 14.77 14.77 14.77 2 202.33 2988.00
02/02/2017 14.33 14.33 14.33 14.33 1 202.33 2900.00
07/02/2017 10.28 10.28 10.28 10.28 2 202.33 2080.00
21/02/2017 10.29 10.29 10.29 10.29 1 202.33 2082.00
01/03/2017 10.28 10.28 10.28 10.28 1 202.33 2080.00
03/03/2017 12.85 12.85 12.85 12.85 1 101.17 1300.00
09/03/2017 11.08 11.08 11.08 11.08 3 303.50 3363.00
27/03/2017 11.07 11.07 11.07 11.07 1 202.33 2240.00
03/04/2017 13.34 13.34 13.34 13.34 1 202.33 2700.00
04/04/2017 13.84 13.84 13.84 13.84 1 202.33 2800.00
09/05/2017 11.01 11.01 11.01 11.01 2 200.00 2202.00
10/05/2017 11.03 11.03 11.03 11.03 1 100.00 1103.00
18/05/2017 10.30 10.30 13.00 13.00 2 300.00 3360.00
19/05/2017 13.00 13.00 13.00 13.00 1 100.00 1300.00
25/05/2017 13.00 13.00 13.00 13.00 1 100.00 1300.00
12/06/2017 10.51 10.51 10.51 10.51 1 100.00 1051.00
