04/07/2016 13.82 13.82 13.82 13.82 1 104.94 1450.00
06/07/2016 13.82 13.82 13.82 13.82 1 104.94 1450.00
07/07/2016 13.82 13.82 13.82 13.82 1 104.94 1450.00
08/07/2016 13.82 13.82 13.82 13.82 2 734.59 10150.00
18/07/2016 14.77 14.77 14.77 14.77 1 104.94 1550.00
23/08/2016 17.99 17.99 17.99 17.99 1 100.00 1799.00
24/08/2016 17.99 17.99 17.99 17.99 1 100.00 1799.00
25/08/2016 18.00 18.00 18.00 18.00 1 100.00 1800.00
28/09/2016 17.00 17.00 17.00 17.00 4 1000.00 17000.00
29/09/2016 17.00 17.00 17.00 17.00 7 2200.00 37400.00
30/09/2016 16.00 16.00 16.00 16.00 1 100.00 1600.00
04/10/2016 17.00 17.00 17.00 17.00 1 100.00 1700.00
05/10/2016 17.00 17.00 17.00 17.00 1 100.00 1700.00
06/10/2016 15.60 15.60 15.60 15.60 1 100.00 1560.00
21/10/2016 17.00 17.00 17.00 17.00 2 200.00 3400.00
25/10/2016 17.00 17.00 17.00 17.00 3 600.00 10200.00
31/10/2016 17.00 17.00 17.00 17.00 1 500.00 8500.00
07/11/2016 17.00 17.00 17.00 17.00 1 100.00 1700.00
08/11/2016 17.00 17.00 17.00 17.00 3 300.00 5100.00
10/11/2016 17.00 17.00 17.00 17.00 1 100.00 1700.00
16/11/2016 17.00 17.00 17.00 17.00 1 100.00 1700.00
21/11/2016 17.00 16.00 17.00 16.50 3 400.00 6550.00
22/11/2016 16.52 16.50 16.52 16.50 3 700.00 11554.00
18/01/2017 16.50 16.50 16.50 16.50 1 100.00 1650.00
26/01/2017 16.50 16.50 16.50 16.50 1 100.00 1650.00
01/02/2017 16.50 16.50 16.50 16.50 1 100.00 1650.00
13/02/2017 16.49 16.49 16.49 16.49 1 100.00 1649.00
15/02/2017 16.50 16.50 16.50 16.50 1 100.00 1650.00
20/02/2017 16.49 16.49 16.49 16.49 1 100.00 1649.00
24/02/2017 16.50 16.50 16.50 16.50 2 1100.00 18150.00
01/03/2017 16.50 16.50 16.50 16.50 1 100.00 1650.00
03/03/2017 16.50 16.50 16.50 16.50 1 100.00 1650.00
08/03/2017 16.00 16.00 16.00 16.00 2 200.00 3200.00
09/03/2017 16.50 16.50 16.50 16.50 1 100.00 1650.00
14/03/2017 16.50 16.50 16.50 16.50 1 100.00 1650.00
16/03/2017 16.58 16.58 16.59 16.58 5 3300.00 54715.00
17/03/2017 16.60 16.60 16.60 16.60 1 500.00 8300.00
20/03/2017 16.60 16.60 16.60 16.60 1 100.00 1660.00
23/03/2017 16.60 16.60 16.60 16.60 1 100.00 1660.00
29/03/2017 16.60 16.60 16.60 16.60 1 100.00 1660.00
19/04/2017 16.60 16.60 16.60 16.60 1 100.00 1660.00
20/04/2017 15.90 15.90 15.90 15.90 1 100.00 1590.00
