20/06/2016 44.95 44.87 47.23 45.28 7362 1372500.00 62855810.00
21/06/2016 45.39 44.11 45.90 45.66 4995 831200.00 37611675.00
22/06/2016 45.70 44.45 46.02 44.60 4998 820300.00 36858904.00
23/06/2016 44.40 44.40 46.07 45.87 3641 561200.00 25524722.00
24/06/2016 43.50 43.50 45.22 45.22 3656 570600.00 25509378.00
27/06/2016 45.03 43.50 45.31 43.87 3487 558800.00 24580805.00
28/06/2016 44.35 43.18 45.07 43.80 2941 518000.00 22709082.00
29/06/2016 44.28 43.91 45.69 45.41 3209 556900.00 25141237.00
30/06/2016 45.27 45.01 47.30 46.71 4539 790900.00 36870901.00
01/07/2016 46.85 46.54 47.64 47.35 2663 544700.00 25669738.00
04/07/2016 47.83 46.66 47.83 46.87 983 348700.00 16513582.00
05/07/2016 46.63 45.96 46.92 46.73 2414 400200.00 18578612.00
06/07/2016 46.49 45.61 46.72 46.65 5310 929300.00 42945954.00
07/07/2016 47.01 47.00 47.99 47.65 4810 981900.00 46614111.00
08/07/2016 47.81 47.17 48.36 48.06 3463 549700.00 26299703.00
11/07/2016 48.22 48.22 49.58 49.58 6095 951000.00 46678478.00
12/07/2016 50.75 50.65 52.11 51.32 8069 1788900.00 91693296.00
13/07/2016 51.76 50.91 51.89 51.75 5379 952900.00 49111890.00
14/07/2016 52.00 51.87 55.10 54.71 8985 1581300.00 85560303.00
15/07/2016 54.60 53.29 55.28 55.28 4906 993700.00 54165094.00
18/07/2016 55.44 55.17 56.77 56.73 4713 773500.00 43484413.00
19/07/2016 56.70 56.03 57.43 57.25 6126 1104100.00 62799426.00
20/07/2016 57.25 55.85 57.28 56.06 4781 1067500.00 60162053.00
21/07/2016 55.86 54.94 56.37 55.25 3062 625500.00 34643263.00
22/07/2016 55.20 54.50 55.45 54.89 5123 876900.00 48247816.00
25/07/2016 55.05 54.60 55.35 55.20 3564 657100.00 36185634.00
26/07/2016 55.42 54.60 55.95 54.60 6820 2047100.00 113076340.00
27/07/2016 54.60 52.84 54.84 53.80 5458 1039900.00 56138055.00
28/07/2016 52.00 48.16 52.00 48.20 16118 3294100.00 161340081.00
29/07/2016 48.01 46.70 49.35 49.07 8107 1587700.00 76532779.00
01/08/2016 49.00 47.64 49.05 47.85 4124 659500.00 31843916.00
02/08/2016 48.00 46.76 48.32 47.78 4358 814500.00 38576813.00
03/08/2016 47.50 47.07 47.99 47.67 3954 649800.00 30856938.00
04/08/2016 47.70 47.66 48.81 48.66 3644 840700.00 40757952.00
05/08/2016 48.93 48.65 49.83 49.40 5233 1105900.00 54568949.00
08/08/2016 49.49 48.51 50.50 49.55 6059 1039000.00 51676694.00
09/08/2016 50.20 49.00 50.26 49.56 5395 845700.00 41928236.00
10/08/2016 49.52 49.05 50.45 49.34 3794 618700.00 30608507.00
11/08/2016 49.35 49.25 51.24 51.09 3427 542700.00 27341972.00
12/08/2016 50.99 50.50 53.44 53.02 5856 1035500.00 54555133.00
15/08/2016 53.06 53.06 54.14 53.89 3800 686400.00 36880238.00
16/08/2016 53.90 52.57 54.06 52.62 3007 540000.00 28666210.00
17/08/2016 52.94 51.15 52.94 52.48 4332 712900.00 37054038.00
18/08/2016 52.70 52.09 53.20 52.78 2191 401400.00 21177783.00
19/08/2016 52.49 52.12 53.14 52.53 2221 394800.00 20775187.00
22/08/2016 52.49 51.71 52.49 51.81 3710 608400.00 31619161.00
23/08/2016 51.99 51.71 53.51 52.67 4237 784200.00 41548279.00
24/08/2016 52.60 51.36 53.67 53.05 4781 975100.00 51121699.00
25/08/2016 53.10 52.65 54.28 53.09 2796 485000.00 25963119.00
26/08/2016 53.39 51.79 53.40 52.08 8772 2017600.00 105506229.00
29/08/2016 52.09 51.62 52.46 51.72 4554 948200.00 49308925.00
30/08/2016 51.84 50.67 52.79 51.31 5988 927900.00 47888447.00
31/08/2016 51.69 50.36 51.95 50.36 3411 721800.00 36683367.00
01/09/2016 50.95 50.08 51.19 51.00 3436 651200.00 33028118.00
02/09/2016 51.02 51.01 52.80 52.52 2378 441800.00 23092893.00
05/09/2016 52.88 52.13 52.88 52.25 1125 162000.00 8500213.00
06/09/2016 52.75 51.76 52.76 52.40 1698 320100.00 16740290.00
08/09/2016 52.23 51.65 52.40 52.07 3928 741800.00 38543396.00
09/09/2016 51.17 49.65 51.49 50.05 5229 1064200.00 53460774.00
12/09/2016 49.85 48.70 51.05 51.05 5356 815300.00 41001760.00
13/09/2016 50.37 49.96 51.09 50.99 4747 680500.00 34466468.00
14/09/2016 50.99 50.13 51.30 50.72 3338 489400.00 24836326.00
15/09/2016 50.45 50.15 50.89 50.88 2657 468200.00 23726351.00
16/09/2016 50.25 49.62 50.42 50.21 2527 626600.00 31396079.00
19/09/2016 50.21 50.06 50.87 50.70 2655 483200.00 24379415.00
20/09/2016 50.47 50.40 51.65 51.50 3213 460000.00 23593781.00
21/09/2016 51.44 50.00 52.97 52.49 7482 1374500.00 70654136.00
22/09/2016 52.81 52.81 54.88 54.00 5905 1283000.00 69359744.00
23/09/2016 54.00 54.00 56.56 56.00 6603 1041800.00 57884037.00
26/09/2016 55.70 55.32 56.22 55.88 4678 993600.00 55340791.00
27/09/2016 55.69 53.89 55.90 54.94 6461 942700.00 51695791.00
28/09/2016 55.29 54.20 55.94 54.47 3579 624300.00 34191161.00
29/09/2016 54.50 52.91 55.12 52.94 4979 756300.00 40526042.00
30/09/2016 53.15 52.63 53.96 53.10 3351 573900.00 30603467.00
03/10/2016 52.61 52.61 53.66 53.38 2906 374200.00 19977629.00
04/10/2016 53.20 51.76 53.30 52.23 3181 631100.00 33005931.00
05/10/2016 52.79 52.63 53.96 53.71 3648 853000.00 45779936.00
06/10/2016 53.79 53.21 54.29 53.71 5375 1788700.00 96097541.00
07/10/2016 53.72 51.65 53.90 53.03 6508 1374600.00 72489130.00
10/10/2016 53.24 53.13 54.98 54.73 6400 2268400.00 122456145.00
11/10/2016 54.23 52.75 54.64 53.24 7359 1408900.00 75150283.00
13/10/2016 52.60 52.15 53.95 53.23 5610 1236000.00 65703089.00
14/10/2016 53.45 53.44 55.06 54.85 5452 891900.00 48352240.00
17/10/2016 54.58 54.03 55.25 55.25 2389 454200.00 24810146.00
18/10/2016 55.60 55.04 56.93 56.65 5351 879300.00 49522316.00
19/10/2016 56.65 56.53 57.79 56.69 2561 442400.00 25177117.00
20/10/2016 56.62 55.77 58.48 57.84 4860 759800.00 43881806.00
21/10/2016 58.24 57.36 59.52 58.86 3920 740700.00 43500341.00
24/10/2016 58.92 58.92 60.63 59.21 4769 909300.00 54288543.00
25/10/2016 59.00 57.68 59.28 58.00 2657 499300.00 28997767.00
26/10/2016 57.62 56.84 58.29 57.07 3240 627500.00 35929244.00
27/10/2016 57.32 57.13 58.28 57.88 3436 765300.00 44193432.00
28/10/2016 57.75 57.64 61.15 59.90 5502 1278500.00 76139861.00
31/10/2016 59.66 59.32 61.06 61.00 4160 944600.00 57036987.00
01/11/2016 60.75 58.64 62.74 58.87 5950 1104200.00 66674218.00
03/11/2016 58.87 57.88 60.22 57.88 3996 753300.00 44290875.00
04/11/2016 58.90 58.80 61.80 59.88 7278 1324300.00 79872398.00
07/11/2016 60.71 60.71 62.40 61.86 3586 735400.00 45515700.00
08/11/2016 61.90 61.05 62.74 61.50 4716 986900.00 60859970.00
09/11/2016 59.11 58.80 61.90 61.42 4710 1311300.00 79788193.00
10/11/2016 61.64 56.02 62.13 57.82 7840 1337500.00 78036553.00
11/11/2016 56.96 53.70 57.42 54.00 8497 1531200.00 84405681.00
14/11/2016 52.86 52.41 55.36 53.24 8281 1295800.00 69408595.00
16/11/2016 54.23 52.84 56.48 55.62 6790 1032300.00 56850984.00
17/11/2016 56.02 53.31 56.02 53.35 3544 541900.00 29606977.00
18/11/2016 53.38 52.79 54.99 53.38 4754 699000.00 37739508.00
21/11/2016 53.65 52.62 54.64 53.15 4309 864600.00 46114286.00
22/11/2016 53.87 53.71 55.00 53.92 4290 805600.00 43720598.00
23/11/2016 53.92 53.50 54.87 54.42 4378 852900.00 46403308.00
24/11/2016 55.05 55.05 57.79 57.70 2585 553200.00 31482689.00
25/11/2016 57.50 55.76 57.50 56.46 3241 517900.00 29241100.00
28/11/2016 56.50 55.06 56.78 56.65 3908 636600.00 35511895.00
29/11/2016 55.95 54.15 56.58 54.50 3434 718700.00 39478357.00
30/11/2016 54.96 53.90 55.99 54.60 3590 857500.00 46967667.00
01/12/2016 54.25 50.39 54.48 50.65 8589 1503300.00 77194649.00
02/12/2016 50.14 48.80 50.50 49.30 6532 1455800.00 72137979.00
05/12/2016 49.51 48.85 49.91 49.01 4305 707700.00 34847646.00
06/12/2016 48.85 47.56 50.64 50.39 5224 1021600.00 50931315.00
07/12/2016 50.95 50.34 51.54 50.82 4432 664600.00 33846223.00
08/12/2016 51.12 50.01 51.50 50.05 4783 1013200.00 51097990.00
09/12/2016 50.58 50.30 53.37 52.56 7410 2096600.00 109227043.00
12/12/2016 51.60 50.70 53.49 51.00 6517 1014900.00 52212809.00
13/12/2016 50.56 50.20 52.82 52.51 5238 890500.00 46277174.00
14/12/2016 52.50 50.71 53.25 50.71 5990 1032800.00 53552892.00
15/12/2016 50.65 50.00 52.45 52.33 4303 672200.00 34597536.00
16/12/2016 52.48 52.40 55.53 53.94 5031 1128400.00 61166412.00
19/12/2016 53.99 52.71 55.00 53.09 3959 760100.00 40773114.00
20/12/2016 53.31 51.01 53.84 51.66 4178 715300.00 37157716.00
21/12/2016 51.97 51.66 52.87 52.22 2595 476700.00 24881618.00
22/12/2016 52.20 51.69 53.37 52.60 3851 601600.00 31629244.00
23/12/2016 52.85 52.85 53.45 53.08 1589 445300.00 23626220.00
26/12/2016 53.50 53.23 53.83 53.32 748 150500.00 8062249.00
27/12/2016 53.60 52.50 53.75 53.00 2184 493500.00 26164073.00
28/12/2016 53.02 53.02 54.99 54.14 3806 572500.00 31014026.00
29/12/2016 54.15 53.92 54.97 54.75 3438 677100.00 36895486.00
02/01/2017 54.90 54.10 55.05 54.52 1024 160300.00 8754288.00
03/01/2017 54.97 54.68 57.78 56.72 5227 1215900.00 68623698.00
04/01/2017 56.19 55.27 56.91 56.13 5192 1024100.00 57292302.00
05/01/2017 56.51 55.80 57.44 56.08 3993 587900.00 33177184.00
06/01/2017 56.12 55.28 56.81 56.33 3033 477700.00 26742541.00
09/01/2017 55.62 55.52 56.48 55.81 2446 362200.00 20259580.00
10/01/2017 56.00 55.39 56.50 55.64 1875 539400.00 30056516.00
11/01/2017 55.94 55.05 56.20 56.10 2863 574700.00 32044481.00
12/01/2017 57.50 57.30 60.21 59.33 9554 1873000.00 111017635.00
13/01/2017 59.40 57.01 60.39 58.33 5100 1156000.00 67674852.00
16/01/2017 58.33 57.46 58.77 58.15 2685 446000.00 26002595.00
17/01/2017 58.15 57.00 58.41 57.67 4942 883200.00 50981562.00
18/01/2017 57.79 56.64 58.25 56.64 3325 688400.00 39545877.00
19/01/2017 57.18 56.04 57.26 56.58 5001 1429500.00 80772518.00
20/01/2017 56.89 56.62 57.70 57.21 3507 655500.00 37560175.00
23/01/2017 57.21 57.21 59.01 58.84 4833 845200.00 49570373.00
24/01/2017 58.84 58.28 59.89 59.49 6214 1383900.00 81772045.00
26/01/2017 59.99 59.75 60.89 60.60 6282 1188800.00 72053252.00
27/01/2017 60.60 59.23 60.64 59.23 3868 615000.00 36666815.00
30/01/2017 58.74 57.48 58.91 58.00 4945 750600.00 43419693.00
31/01/2017 57.67 56.16 58.41 57.94 3435 820400.00 47532811.00
01/02/2017 58.45 57.11 58.85 57.23 4006 900700.00 52108909.00
02/02/2017 57.08 56.36 58.23 57.47 4181 757900.00 43683448.00
03/02/2017 57.47 57.25 59.06 58.79 4243 639300.00 37398541.00
06/02/2017 59.40 57.54 59.43 58.34 3739 748500.00 43791115.00
07/02/2017 58.75 57.25 58.96 57.61 2442 445300.00 25852860.00
08/02/2017 57.57 57.04 58.30 58.30 2819 483400.00 27916692.00
09/02/2017 58.68 57.49 58.93 57.77 3794 573900.00 33165235.00
10/02/2017 57.71 57.36 58.25 57.91 7459 1555300.00 89777040.00
13/02/2017 58.10 57.53 58.69 57.53 3361 584600.00 33833091.00
14/02/2017 57.82 56.75 57.98 57.39 3360 582300.00 33437225.00
15/02/2017 57.90 57.41 59.00 58.91 5721 881200.00 51593644.00
16/02/2017 58.51 58.40 59.30 58.45 2850 933800.00 54790885.00
17/02/2017 58.22 57.66 58.77 57.95 2981 459300.00 26649652.00
20/02/2017 58.23 58.00 58.48 58.00 1519 372600.00 21699784.00
21/02/2017 57.80 57.78 59.80 59.56 5376 1015400.00 60174924.00
22/02/2017 59.60 58.77 59.99 59.18 4239 1052100.00 62424758.00
23/02/2017 59.31 58.10 60.29 58.10 3739 650900.00 38467839.00
24/02/2017 57.00 55.68 57.57 57.45 5507 1206300.00 68831495.00
01/03/2017 58.27 57.25 58.77 57.65 3254 570400.00 32982424.00
02/03/2017 57.41 57.11 58.35 57.40 4940 863300.00 49639991.00
03/03/2017 57.34 57.34 58.25 58.25 2611 583700.00 33771094.00
06/03/2017 58.32 57.38 59.18 57.38 3036 1217000.00 70599489.00
07/03/2017 57.39 56.45 57.66 56.98 2368 841800.00 48123040.00
08/03/2017 57.13 55.00 57.24 55.20 4169 886700.00 49283964.00
09/03/2017 54.84 54.21 55.47 54.30 4143 748000.00 40925384.00
10/03/2017 54.90 54.39 55.75 54.75 3255 566800.00 31182470.00
13/03/2017 54.81 54.64 56.56 56.56 3373 502600.00 28011169.00
14/03/2017 55.97 55.25 56.82 55.25 3203 520300.00 29145858.00
15/03/2017 55.78 54.70 56.92 56.51 4486 914900.00 51201734.00
16/03/2017 56.70 56.32 58.00 56.70 3275 621600.00 35387107.00
17/03/2017 57.01 55.92 57.89 57.05 5772 1448500.00 82289147.00
20/03/2017 57.20 56.62 58.70 58.54 6569 1089700.00 63349559.00
21/03/2017 58.32 57.54 58.66 57.82 6760 892000.00 51786360.00
22/03/2017 57.91 57.88 60.89 60.89 11618 2309400.00 138077603.00
23/03/2017 60.88 60.32 62.24 62.24 5643 1263700.00 77825754.00
24/03/2017 62.08 58.85 63.00 61.28 10783 2310300.00 141595786.00
27/03/2017 61.20 60.85 62.20 61.76 3729 640800.00 39480921.00
28/03/2017 61.73 61.53 63.47 61.76 3816 731600.00 45569723.00
29/03/2017 62.21 61.62 62.52 61.75 4013 870900.00 54059416.00
30/03/2017 61.95 60.90 62.27 61.40 1972 402100.00 24680750.00
31/03/2017 61.40 60.10 61.56 60.10 3065 762100.00 46330569.00
03/04/2017 60.30 59.88 60.91 60.54 2924 444600.00 26859992.00
04/04/2017 60.08 59.50 60.72 60.47 2840 583500.00 35124443.00
05/04/2017 60.57 59.61 61.16 60.03 4654 883100.00 53206237.00
06/04/2017 60.11 59.00 60.70 59.43 3232 527300.00 31360605.00
07/04/2017 59.79 59.34 60.40 59.49 2964 544900.00 32566500.00
10/04/2017 59.65 58.92 59.97 59.55 1718 361500.00 21499682.00
11/04/2017 59.43 57.63 59.88 58.51 3608 571400.00 33468150.00
12/04/2017 58.86 57.97 58.88 58.22 3462 610500.00 35632395.00
13/04/2017 58.23 57.75 59.07 58.06 2739 564600.00 32982716.00
17/04/2017 58.06 58.06 60.80 60.67 3525 610200.00 36621941.00
18/04/2017 60.04 60.01 62.57 62.23 4785 766200.00 47406059.00
19/04/2017 62.00 61.74 64.08 63.60 5238 1174500.00 74587402.00
20/04/2017 63.94 63.89 64.98 64.48 4229 661300.00 42578632.00
24/04/2017 64.99 63.37 65.27 63.50 4458 878600.00 56157854.00
25/04/2017 63.92 62.38 64.21 64.13 4542 810400.00 51495580.00
26/04/2017 64.21 63.44 64.61 64.35 3076 498000.00 31970053.00
27/04/2017 65.83 64.35 65.83 65.55 3929 841800.00 54745557.00
28/04/2017 66.17 66.06 72.00 71.75 14175 3563000.00 250553232.00
02/05/2017 72.00 71.30 74.48 73.00 11823 1818500.00 133314637.00
03/05/2017 72.63 71.33 72.72 72.00 7197 1449200.00 104595877.00
04/05/2017 72.05 70.99 72.88 71.28 6305 1193100.00 85396129.00
05/05/2017 70.88 70.77 72.16 71.99 2237 352100.00 25315730.00
08/05/2017 72.00 70.91 72.00 71.72 2541 410100.00 29303783.00
09/05/2017 71.73 71.62 73.00 72.27 3277 1132400.00 81821468.00
10/05/2017 73.54 72.83 73.98 73.60 3560 465100.00 34116120.00
11/05/2017 73.50 72.58 73.50 73.17 1667 315000.00 22988230.00
12/05/2017 73.39 73.16 74.54 73.87 4455 1784300.00 131973772.00
15/05/2017 74.59 73.78 74.93 74.50 2038 566900.00 42096425.00
16/05/2017 74.93 74.60 76.59 76.50 4063 1213800.00 92323519.00
17/05/2017 76.27 74.38 77.02 74.58 3672 596400.00 45231319.00
18/05/2017 63.39 62.93 69.70 66.50 15959 2577100.00 171386766.00
19/05/2017 67.66 66.53 68.84 67.92 6599 1166500.00 79324769.00
22/05/2017 67.20 65.28 67.94 66.49 5511 796300.00 52901892.00
23/05/2017 66.97 66.91 69.36 68.78 3979 633700.00 43489533.00
24/05/2017 69.80 69.50 70.67 69.75 3184 514400.00 36020532.00
25/05/2017 70.36 68.37 70.92 68.61 2343 325400.00 22505514.00
26/05/2017 69.20 68.96 71.00 70.80 2534 517700.00 36354626.00
29/05/2017 70.25 69.70 70.65 70.05 1939 305500.00 21426324.00
30/05/2017 70.11 69.30 70.40 69.94 2252 589600.00 41202850.00
31/05/2017 69.97 68.20 70.37 68.98 4386 913000.00 62924589.00
01/06/2017 69.48 68.24 69.72 68.70 3328 534800.00 36798123.00
02/06/2017 69.39 67.94 69.45 68.68 2255 351500.00 24168520.00
05/06/2017 67.95 67.83 69.20 68.31 2427 403800.00 27634985.00
06/06/2017 68.05 68.05 68.90 68.50 1609 279300.00 19136832.00
07/06/2017 69.40 68.70 70.98 70.70 5242 825400.00 57831467.00
08/06/2017 70.52 69.82 71.85 70.27 6766 1106000.00 78019137.00
09/06/2017 70.32 68.41 71.46 68.76 4878 863200.00 59860248.00
12/06/2017 68.23 67.60 69.55 68.76 3884 741100.00 50772763.00
13/06/2017 68.99 67.53 68.99 68.07 3631 648900.00 44061289.00
14/06/2017 68.10 66.82 68.73 67.61 5621 1447700.00 98184822.00
16/06/2017 67.10 66.04 67.59 66.04 3194 1196500.00 79325667.00
