20/06/2016 11.72 11.60 11.97 11.73 19148 13245800.00 156326193.00
21/06/2016 11.70 11.37 12.00 11.94 13949 8925200.00 104844801.00
22/06/2016 12.01 11.65 12.26 11.65 13237 10125100.00 120940495.00
23/06/2016 11.92 11.83 12.07 12.05 14824 9379500.00 112093121.00
24/06/2016 11.20 11.04 11.61 11.43 20223 15350400.00 174203853.00
27/06/2016 11.43 10.63 11.52 10.80 29231 19676100.00 213673361.00
28/06/2016 11.23 11.06 11.42 11.25 18542 10549400.00 118445398.00
29/06/2016 11.48 11.31 11.79 11.57 12405 8984200.00 104302247.00
30/06/2016 11.45 11.25 11.55 11.51 9739 9790000.00 112094551.00
01/07/2016 11.55 11.42 12.14 12.06 12415 9525000.00 113957742.00
04/07/2016 12.11 11.99 12.33 12.02 3330 2082100.00 25252621.00
05/07/2016 11.72 11.22 11.85 11.34 11536 7303900.00 83078294.00
06/07/2016 11.15 11.01 11.74 11.69 14879 8476300.00 96405877.00
07/07/2016 11.91 11.80 12.62 11.97 29676 19067600.00 232544224.00
08/07/2016 12.23 12.13 12.48 12.30 13259 8386600.00 103235926.00
11/07/2016 12.50 12.40 12.89 12.89 14782 8889500.00 113635773.00
12/07/2016 13.15 13.11 13.48 13.29 22250 10909200.00 145052914.00
13/07/2016 13.06 12.57 13.18 12.99 16458 11502100.00 148251091.00
14/07/2016 13.35 12.97 13.39 13.32 22331 11239600.00 148872679.00
15/07/2016 13.35 13.10 13.48 13.22 19614 10865000.00 143998203.00
18/07/2016 13.15 13.09 13.79 13.66 21305 12330100.00 166731278.00
19/07/2016 13.71 13.56 13.95 13.83 18305 8431500.00 116290451.00
20/07/2016 13.81 13.54 13.88 13.65 10158 7552000.00 103121495.00
21/07/2016 13.58 13.58 13.95 13.80 8457 5599300.00 77066581.00
22/07/2016 13.85 13.56 13.86 13.75 9984 5319900.00 73106349.00
25/07/2016 13.98 13.64 14.10 13.76 10097 7802800.00 107804075.00
26/07/2016 13.68 13.58 13.84 13.74 13197 7976600.00 109544901.00
27/07/2016 13.86 13.58 13.95 13.60 16341 12239800.00 167319304.00
28/07/2016 13.48 13.18 13.55 13.34 10158 6329700.00 84311900.00
29/07/2016 13.57 13.57 14.16 14.01 22221 14199300.00 197050625.00
01/08/2016 14.04 13.19 14.20 13.19 15769 10760300.00 144916488.00
02/08/2016 13.19 12.92 13.56 12.97 17821 10321300.00 135286634.00
03/08/2016 13.05 12.84 13.57 13.55 17872 11287900.00 149453272.00
04/08/2016 13.55 13.41 13.73 13.57 11917 11050100.00 149929505.00
05/08/2016 13.66 13.23 13.68 13.26 15011 7564900.00 100882300.00
08/08/2016 13.38 13.38 13.93 13.75 12047 8082900.00 111035323.00
09/08/2016 13.75 13.47 13.99 13.68 13397 14866600.00 203791180.00
10/08/2016 13.79 13.13 13.80 13.16 10935 8052800.00 107171576.00
11/08/2016 13.20 13.16 13.74 13.68 16501 8557200.00 115829886.00
12/08/2016 13.60 13.60 14.22 13.91 15158 9579000.00 134220018.00
15/08/2016 14.02 13.97 14.54 14.52 17188 11954700.00 171663141.00
16/08/2016 14.63 14.29 14.86 14.66 14173 9264400.00 135305348.00
17/08/2016 14.54 14.42 14.98 14.91 17863 10703100.00 158064958.00
18/08/2016 14.99 14.93 15.40 15.18 13823 11278300.00 171491521.00
19/08/2016 15.07 14.93 15.27 15.06 10294 5345400.00 80955508.00
22/08/2016 14.90 14.42 14.93 14.47 11265 7983100.00 116453925.00
23/08/2016 14.56 14.49 15.17 14.93 13864 9491700.00 141799287.00
24/08/2016 14.75 14.61 15.05 14.64 9021 8017300.00 118364953.00
25/08/2016 14.70 14.62 14.93 14.85 11871 6816900.00 100909230.00
26/08/2016 14.94 14.76 15.16 14.96 15575 9543600.00 142655699.00
29/08/2016 14.95 14.82 15.42 15.19 15235 9668500.00 146964219.00
30/08/2016 15.35 15.18 15.57 15.18 12901 9018400.00 138205797.00
31/08/2016 15.30 14.61 15.44 14.74 17823 12802100.00 190054035.00
01/09/2016 14.79 14.64 15.13 14.87 20602 11303900.00 168365532.00
02/09/2016 15.15 15.13 15.68 15.63 15660 12569000.00 195375394.00
05/09/2016 15.82 15.82 16.14 16.08 7172 3560400.00 57064945.00
06/09/2016 16.00 15.71 16.00 16.00 13045 13714500.00 217602929.00
08/09/2016 16.05 15.96 16.45 16.39 14723 9254900.00 150613851.00
09/09/2016 16.05 15.50 16.15 15.50 14785 9018200.00 142383770.00
12/09/2016 15.44 15.40 16.10 16.03 15547 9542600.00 151747083.00
13/09/2016 15.69 14.76 15.88 14.81 24734 13380000.00 203886114.00
14/09/2016 15.00 14.77 15.28 14.94 17230 9938900.00 148657297.00
15/09/2016 15.16 15.02 15.57 15.29 11618 9288400.00 142553235.00
16/09/2016 15.20 14.89 15.26 14.90 12964 12031000.00 180470157.00
19/09/2016 15.19 14.84 15.32 14.89 9874 5868700.00 88346816.00
20/09/2016 15.21 15.02 15.46 15.05 23833 11959000.00 181649511.00
21/09/2016 15.15 15.00 15.39 15.34 20622 13933200.00 211796318.00
22/09/2016 15.65 15.46 15.76 15.54 15015 9733400.00 151607392.00
23/09/2016 15.43 14.80 15.50 14.97 25263 12329600.00 185375531.00
26/09/2016 14.90 14.66 14.96 14.70 10678 6569600.00 97176310.00
27/09/2016 14.70 14.18 14.72 14.65 14163 8178900.00 118350780.00
28/09/2016 14.80 14.62 15.41 15.33 13017 10107000.00 153045684.00
29/09/2016 15.27 14.98 15.49 15.07 12786 9134300.00 139166349.00
30/09/2016 15.22 15.02 15.45 15.14 10639 10155000.00 155119812.00
03/10/2016 15.29 15.18 15.65 15.59 13012 9276000.00 143883152.00
04/10/2016 15.62 15.43 15.75 15.61 15619 12055000.00 188013997.00
05/10/2016 15.82 15.80 16.27 16.10 13848 12786000.00 205351842.00
06/10/2016 16.20 16.15 16.89 16.80 12661 12222800.00 202886447.00
07/10/2016 16.90 16.72 17.11 16.95 15647 12579500.00 213240217.00
10/10/2016 17.12 17.10 17.63 17.49 9075 13151500.00 229953392.00
11/10/2016 17.47 16.78 17.50 17.08 11333 9758200.00 166490607.00
13/10/2016 17.04 16.71 17.59 17.50 13699 11908100.00 206050014.00
14/10/2016 17.69 17.59 17.92 17.90 14828 11288300.00 201292007.00
17/10/2016 17.90 17.73 18.41 18.41 19833 10098400.00 182932402.00
18/10/2016 18.55 18.46 18.95 18.79 23501 15003800.00 280926365.00
19/10/2016 19.07 18.85 19.24 18.99 17233 11147000.00 212095863.00
20/10/2016 18.77 18.48 18.96 18.96 14793 11076700.00 207470714.00
21/10/2016 19.00 18.74 19.35 19.32 12938 11443700.00 219087169.00
24/10/2016 19.52 19.07 19.72 19.38 24932 16685500.00 322891028.00
25/10/2016 19.47 18.75 19.55 18.97 19742 10268600.00 195349413.00
26/10/2016 18.80 18.72 19.37 19.21 13767 12865400.00 245144670.00
27/10/2016 19.22 19.06 19.55 19.25 17783 10520000.00 203056618.00
28/10/2016 19.11 19.00 19.44 19.13 11573 10468300.00 200742923.00
31/10/2016 19.13 18.34 19.29 18.64 19208 13079400.00 244914238.00
01/11/2016 18.72 17.71 18.81 17.93 20091 12893400.00 234017127.00
03/11/2016 17.71 17.17 18.03 17.17 16599 11947500.00 208902509.00
04/11/2016 17.40 17.03 17.55 17.15 17771 11199000.00 193334451.00
07/11/2016 17.99 17.76 18.40 18.32 14053 9740800.00 176158894.00
08/11/2016 18.30 17.85 18.55 18.08 10659 6710600.00 122236667.00
09/11/2016 17.27 17.06 18.46 18.25 26274 25509800.00 455268457.00
10/11/2016 18.43 17.14 18.86 17.34 29641 18725500.00 333338715.00
11/11/2016 16.85 16.05 17.86 16.33 51535 33572100.00 568675798.00
14/11/2016 16.00 15.80 16.37 16.27 33663 15507300.00 249712705.00
16/11/2016 16.99 16.47 17.16 16.95 18265 10265700.00 172948233.00
17/11/2016 17.21 16.42 17.42 16.46 13852 8449200.00 142266755.00
18/11/2016 16.46 16.19 16.68 16.42 11255 7774100.00 127863413.00
21/11/2016 16.85 16.69 17.27 17.26 12756 11782700.00 201069858.00
22/11/2016 17.60 17.10 17.72 17.69 12318 7489300.00 131077474.00
23/11/2016 17.55 17.35 17.99 17.80 12944 9087400.00 161128684.00
24/11/2016 17.88 17.56 17.97 17.56 5430 4136200.00 73616104.00
25/11/2016 17.11 17.11 17.72 17.58 8322 4984600.00 86979807.00
28/11/2016 17.44 17.41 17.83 17.63 11213 6853900.00 121011481.00
29/11/2016 17.65 16.63 17.65 16.70 13932 7668400.00 129755194.00
30/11/2016 17.81 17.74 18.60 18.47 18744 18539400.00 338637537.00
01/12/2016 18.47 18.03 19.14 18.21 36730 25101300.00 466684747.00
02/12/2016 17.85 17.57 18.71 18.65 25473 15807800.00 288723451.00
05/12/2016 18.74 17.88 18.92 18.02 13720 11138000.00 203442464.00
06/12/2016 18.18 17.89 18.66 18.61 25921 15923400.00 292231769.00
07/12/2016 18.67 18.19 18.76 18.32 22753 12857100.00 236759759.00
08/12/2016 18.48 17.96 18.52 18.36 16624 9855800.00 180194802.00
09/12/2016 18.51 18.13 18.67 18.19 19872 10113300.00 185881155.00
12/12/2016 18.40 18.25 18.73 18.35 14258 8661700.00 160027497.00
13/12/2016 18.34 17.96 18.57 18.23 19950 9080900.00 166041607.00
14/12/2016 18.25 17.59 18.35 17.59 24456 14056800.00 251159746.00
15/12/2016 17.60 17.02 17.69 17.43 18955 10392100.00 179790555.00
16/12/2016 17.60 17.20 17.63 17.22 12571 13490300.00 233510332.00
19/12/2016 17.36 16.62 17.39 16.67 9338 4786700.00 80806001.00
20/12/2016 16.75 16.42 16.95 16.64 11888 7497700.00 124682937.00
21/12/2016 16.78 16.36 16.86 16.55 12828 6856700.00 113857041.00
22/12/2016 16.71 16.19 16.74 16.35 15312 10540400.00 172363984.00
23/12/2016 16.35 16.29 16.73 16.57 11972 5448100.00 90186379.00
26/12/2016 16.75 16.65 16.83 16.73 1467 1117400.00 18720796.00
27/12/2016 16.90 16.53 16.96 16.69 5572 3989900.00 66563550.00
28/12/2016 16.70 16.58 17.10 16.98 7620 4227600.00 71582716.00
29/12/2016 17.01 16.63 17.11 16.94 9029 4372300.00 73771640.00
02/01/2017 16.70 16.52 16.79 16.53 2973 1781200.00 29568083.00
03/01/2017 16.79 16.77 17.81 17.58 16684 10110500.00 176681505.00
04/01/2017 17.60 17.21 17.76 17.37 11876 6254000.00 109221672.00
05/01/2017 17.61 17.60 17.94 17.76 8855 6139800.00 109207640.00
06/01/2017 17.77 17.35 17.87 17.49 7662 4240600.00 74361832.00
09/01/2017 17.58 17.21 17.64 17.32 8573 5174300.00 90239931.00
10/01/2017 17.62 17.52 17.87 17.61 12590 6200000.00 109640613.00
11/01/2017 17.79 17.50 18.09 18.05 12074 5919300.00 105706362.00
12/01/2017 18.77 18.30 18.85 18.35 15974 7868900.00 145612460.00
13/01/2017 18.33 18.08 18.42 18.22 9543 4126100.00 75180998.00
16/01/2017 18.42 18.12 18.42 18.25 4481 2255400.00 41121079.00
17/01/2017 18.32 18.15 18.38 18.17 8516 5241300.00 95680130.00
18/01/2017 18.17 17.94 18.20 18.03 8455 3714600.00 67144377.00
19/01/2017 18.19 17.78 18.19 17.93 5244 3799500.00 68267102.00
20/01/2017 18.13 17.83 18.25 17.83 12390 6395100.00 115323568.00
23/01/2017 17.74 17.59 18.07 17.98 10242 4884400.00 87238489.00
24/01/2017 18.00 17.73 18.32 17.73 13186 7706200.00 138550556.00
26/01/2017 17.73 17.35 17.81 17.39 23068 10499600.00 184270929.00
27/01/2017 17.51 16.98 17.51 17.08 14455 8488000.00 145512471.00
30/01/2017 17.07 16.14 17.07 16.14 14878 7230600.00 118906484.00
31/01/2017 16.30 16.15 16.69 16.19 19651 8176800.00 133674036.00
01/02/2017 16.48 16.01 16.70 16.12 12098 7537900.00 122560854.00
02/02/2017 16.22 15.85 16.45 15.90 16642 9084300.00 145993116.00
03/02/2017 15.98 15.83 16.34 16.34 19668 11630000.00 188079383.00
06/02/2017 16.36 15.91 16.51 15.97 20466 8355600.00 134414589.00
07/02/2017 16.15 15.75 16.18 15.77 8045 5886100.00 93604747.00
08/02/2017 15.88 15.40 16.10 16.10 22302 16409000.00 259506370.00
09/02/2017 16.19 15.91 16.32 15.96 13554 7296500.00 117250272.00
10/02/2017 16.05 16.05 16.44 16.35 17942 9503800.00 154682553.00
13/02/2017 16.50 16.45 16.75 16.56 17535 8043800.00 133373704.00
14/02/2017 16.62 16.58 17.00 16.81 23829 10816300.00 181745084.00
15/02/2017 16.97 16.73 17.04 16.86 29273 12253600.00 206643324.00
16/02/2017 16.89 16.81 17.05 16.97 14001 9962800.00 168886671.00
17/02/2017 16.83 16.69 16.98 16.72 9413 5547600.00 92940216.00
20/02/2017 16.81 16.78 17.21 17.08 6209 2138200.00 36319628.00
21/02/2017 17.28 17.03 17.43 17.16 20130 9437100.00 162465120.00
22/02/2017 17.13 16.48 17.13 16.60 15026 8723300.00 145333034.00
23/02/2017 16.86 16.30 16.98 16.48 14446 8718500.00 144368021.00
24/02/2017 16.28 15.90 16.35 15.96 16760 8976700.00 143982951.00
01/03/2017 16.37 16.30 16.57 16.43 13081 6731600.00 110702072.00
02/03/2017 16.44 15.78 16.44 15.85 19664 10399800.00 166713260.00
03/03/2017 15.99 15.80 16.05 15.95 10110 5551400.00 88520661.00
06/03/2017 15.87 15.74 16.11 15.88 15884 5906400.00 93725949.00
07/03/2017 15.89 15.84 16.18 15.88 16550 6756600.00 107754121.00
08/03/2017 15.95 14.88 15.95 14.90 24324 12830400.00 195694150.00
09/03/2017 14.74 14.43 14.92 14.81 13609 9841900.00 144882646.00
10/03/2017 15.05 14.63 15.23 14.79 17984 10410900.00 154397791.00
13/03/2017 14.90 14.66 14.96 14.93 12887 5645200.00 83852517.00
14/03/2017 14.73 14.10 14.78 14.37 18808 8934600.00 128331088.00
15/03/2017 14.59 14.28 14.76 14.75 20229 15977100.00 233379863.00
16/03/2017 14.76 14.29 14.85 14.38 13737 6900000.00 99640836.00
17/03/2017 14.54 13.72 14.56 13.85 48615 41608200.00 578477852.00
20/03/2017 13.65 13.65 14.24 14.18 19383 9592600.00 134588530.00
21/03/2017 14.22 13.48 14.22 13.70 25009 10702000.00 146724194.00
22/03/2017 13.81 13.75 14.27 14.15 33919 14354600.00 201630325.00
23/03/2017 14.06 13.96 14.44 14.14 19223 10476900.00 148866332.00
24/03/2017 14.32 13.99 14.39 14.17 24324 10113400.00 143597409.00
27/03/2017 14.02 13.69 14.44 14.43 13275 5961100.00 84171750.00
28/03/2017 14.47 14.41 14.69 14.68 15077 12524500.00 182914741.00
29/03/2017 14.65 14.62 15.19 15.16 19242 7574100.00 114005337.00
30/03/2017 15.28 14.99 15.28 15.10 15826 6149100.00 92973456.00
31/03/2017 15.08 14.97 15.34 15.15 7201 5522700.00 83911074.00
03/04/2017 15.16 15.12 15.37 15.32 9059 6572500.00 100288279.00
04/04/2017 15.25 15.13 15.50 15.43 8141 4437300.00 68140395.00
05/04/2017 15.61 15.17 15.75 15.33 15454 11453500.00 177082424.00
06/04/2017 15.25 15.04 15.55 15.28 13344 8162000.00 124819624.00
07/04/2017 15.38 15.24 15.52 15.37 11803 6675900.00 102755470.00
10/04/2017 15.50 15.36 15.65 15.63 9393 8992000.00 139721708.00
11/04/2017 15.65 15.10 15.67 15.25 15189 9503400.00 145779151.00
12/04/2017 15.20 15.14 15.39 15.19 14860 11307400.00 172372700.00
13/04/2017 15.10 14.51 15.19 14.51 10820 5362900.00 79434634.00
17/04/2017 14.64 14.32 14.65 14.65 9776 8110800.00 118082561.00
18/04/2017 14.58 14.35 14.71 14.46 11846 7723200.00 112364364.00
19/04/2017 14.58 13.95 14.63 14.05 10245 7961600.00 113805394.00
20/04/2017 14.25 14.08 14.40 14.27 12098 7304200.00 104025684.00
24/04/2017 14.52 14.25 14.57 14.39 10863 4874200.00 70326924.00
25/04/2017 14.33 14.18 14.71 14.68 11672 6912200.00 100628608.00
26/04/2017 14.53 14.42 14.96 14.42 12077 8003200.00 117013042.00
27/04/2017 14.45 13.98 14.57 14.20 6917 5193100.00 73698670.00
28/04/2017 14.19 14.15 14.64 14.36 8428 5370200.00 77480639.00
02/05/2017 14.39 14.23 14.70 14.36 19675 9313300.00 135065394.00
03/05/2017 14.44 14.28 14.61 14.45 12484 10332900.00 149630108.00
04/05/2017 14.30 14.02 14.45 14.06 19392 14712100.00 207775555.00
05/05/2017 14.09 14.09 14.81 14.81 11646 9492400.00 138510693.00
08/05/2017 14.71 14.62 15.05 14.72 18333 6763300.00 100005198.00
09/05/2017 14.84 14.61 14.95 14.88 9662 6338000.00 93954518.00
10/05/2017 15.06 15.00 15.50 15.35 12431 7238600.00 110741199.00
11/05/2017 15.43 15.25 15.53 15.32 8236 4420300.00 67852442.00
12/05/2017 16.10 15.74 16.16 15.93 19350 14929000.00 238141703.00
15/05/2017 16.21 16.14 16.36 16.19 12567 7548100.00 122612615.00
16/05/2017 16.34 15.95 16.34 16.19 18780 7960900.00 128479700.00
17/05/2017 16.10 16.00 16.27 16.10 10272 5596700.00 90251990.00
18/05/2017 12.90 12.90 14.87 14.27 81586 54481900.00 783854202.00
19/05/2017 14.71 14.41 14.95 14.41 27417 19230100.00 280730487.00
22/05/2017 14.26 14.03 14.45 14.31 28509 14120100.00 201183645.00
23/05/2017 14.29 14.24 14.49 14.42 12926 6733600.00 96988493.00
24/05/2017 14.63 14.48 14.98 14.81 14121 10393600.00 153730889.00
25/05/2017 14.80 14.45 15.17 14.46 14732 6894400.00 101063291.00
26/05/2017 14.20 14.18 14.67 14.55 18172 9358200.00 135647336.00
29/05/2017 14.69 14.36 14.69 14.36 6485 3285700.00 47451924.00
30/05/2017 14.38 14.15 14.49 14.17 8830 5657100.00 80918232.00
31/05/2017 14.12 13.62 14.16 13.62 30228 16386000.00 225265837.00
01/06/2017 13.83 13.54 14.00 13.54 12082 11493300.00 158435007.00
02/06/2017 13.54 13.45 13.79 13.74 8982 4364300.00 59481964.00
05/06/2017 13.61 13.61 14.00 13.98 8587 4151900.00 57677425.00
06/06/2017 13.97 13.75 14.07 13.99 15524 10795600.00 150190066.00
07/06/2017 14.10 13.66 14.16 13.68 13826 7586200.00 104759934.00
08/06/2017 13.68 13.56 13.87 13.70 13549 9689400.00 132508212.00
09/06/2017 13.73 13.70 13.96 13.78 11961 6981100.00 96412204.00
12/06/2017 13.90 13.65 13.93 13.78 14514 9064700.00 125053550.00
13/06/2017 13.83 13.65 13.91 13.87 7496 3999100.00 55239452.00
14/06/2017 13.86 13.48 13.98 13.54 14898 13771500.00 188059094.00
16/06/2017 13.46 13.13 13.55 13.49 26816 30845000.00 414633125.00
