20/06/2016 116.60 116.60 117.37 116.94 4 22500.00 2624612.00
23/06/2016 114.91 114.91 114.91 114.91 1 100.00 11491.00
24/06/2016 115.10 115.10 115.10 115.10 1 600.00 69060.00
27/06/2016 114.62 114.62 114.62 114.62 1 100.00 11462.00
28/06/2016 113.77 113.77 113.86 113.86 2 3300.00 375504.00
29/06/2016 114.23 113.46 114.23 113.46 2 1500.00 171191.00
30/06/2016 112.63 112.63 113.65 113.65 2 800.00 90614.00
01/07/2016 115.74 113.40 115.74 114.80 4 22800.00 2635416.00
05/07/2016 117.44 117.44 117.48 117.48 2 2600.00 305444.00
06/07/2016 118.47 118.47 118.47 118.47 1 100.00 11847.00
08/07/2016 118.24 118.15 118.24 118.15 3 900.00 106389.00
11/07/2016 119.55 119.55 120.21 120.21 3 2600.00 312174.00
12/07/2016 118.20 118.20 118.20 118.20 1 200.00 23640.00
13/07/2016 119.33 119.33 119.33 119.33 1 300.00 35799.00
14/07/2016 118.20 118.20 118.20 118.20 1 100.00 11820.00
15/07/2016 119.31 119.31 119.31 119.31 2 1100.00 131241.00
18/07/2016 118.36 118.36 118.36 118.36 2 1000.00 118360.00
19/07/2016 119.33 118.90 119.33 118.90 2 900.00 107354.00
20/07/2016 119.20 118.84 119.20 118.84 2 200.00 23804.00
21/07/2016 119.70 119.70 119.70 119.70 1 400.00 47880.00
25/07/2016 121.10 121.10 121.49 121.49 8 2100.00 255090.00
27/07/2016 120.30 120.30 120.30 120.30 2 600.00 72180.00
28/07/2016 119.78 119.60 120.50 120.50 5 2700.00 323705.00
29/07/2016 119.36 119.36 119.36 119.36 1 200.00 23872.00
01/08/2016 121.74 120.50 121.90 121.90 4 1700.00 206726.00
02/08/2016 118.02 118.02 119.00 119.00 3 2000.00 236191.00
03/08/2016 114.15 113.91 114.15 113.91 2 200.00 22806.00
05/08/2016 112.05 112.05 112.05 112.05 1 400.00 44820.00
08/08/2016 110.55 110.24 110.55 110.24 2 2500.00 276344.00
09/08/2016 110.57 109.94 110.57 109.94 18 17400.00 1923855.00
11/08/2016 110.03 109.77 110.03 109.77 7 1700.00 186674.00
12/08/2016 109.95 109.95 110.86 110.86 4 1100.00 121703.00
15/08/2016 111.21 111.21 111.22 111.22 4 2600.00 289147.00
16/08/2016 110.80 110.80 110.80 110.80 1 100.00 11080.00
17/08/2016 112.06 112.06 112.06 112.06 1 300.00 33618.00
19/08/2016 112.20 111.74 112.20 111.74 3 500.00 55970.00
22/08/2016 111.67 111.67 111.67 111.67 1 300.00 33501.00
23/08/2016 112.33 112.33 112.33 112.33 1 100.00 11233.00
25/08/2016 112.50 112.50 112.50 112.50 1 400.00 45000.00
26/08/2016 112.20 112.20 113.26 113.26 2 200.00 22546.00
29/08/2016 113.62 113.25 113.62 113.25 3 1800.00 204368.00
30/08/2016 113.67 112.75 113.67 112.75 2 1700.00 191951.00
31/08/2016 112.65 112.65 112.65 112.65 1 100.00 11265.00
01/09/2016 113.50 113.50 113.50 113.50 2 800.00 90800.00
06/09/2016 112.54 111.45 112.54 111.95 4 2400.00 268647.00
12/09/2016 111.59 111.59 112.01 112.01 2 1800.00 201534.00
13/09/2016 113.15 112.71 113.15 112.71 2 400.00 45172.00
14/09/2016 113.93 113.75 113.93 113.75 2 200.00 22768.00
15/09/2016 112.63 112.63 112.63 112.63 1 300.00 33789.00
16/09/2016 111.10 111.10 111.40 111.40 2 900.00 100200.00
19/09/2016 110.55 109.97 110.55 109.97 2 1900.00 209175.00
20/09/2016 109.92 109.92 109.92 109.92 1 200.00 21984.00
21/09/2016 109.85 109.85 109.85 109.85 1 300.00 32955.00
23/09/2016 110.50 110.50 110.97 110.97 2 500.00 55297.00
26/09/2016 108.56 108.56 108.56 108.56 1 5600.00 607936.00
27/09/2016 109.60 109.60 109.60 109.60 1 500.00 54800.00
28/09/2016 109.25 109.25 109.25 109.25 1 800.00 87400.00
29/09/2016 108.85 108.25 108.85 108.25 2 900.00 97905.00
30/09/2016 110.02 110.02 110.02 110.02 1 300.00 33006.00
03/10/2016 107.85 107.85 108.50 107.86 3 42600.00 4595231.00
04/10/2016 108.86 108.86 109.29 109.29 2 1300.00 141561.00
05/10/2016 108.82 108.82 108.82 108.82 1 1000.00 108820.00
06/10/2016 108.00 108.00 108.00 108.00 1 300.00 32400.00
07/10/2016 107.85 107.85 107.85 107.85 1 100.00 10785.00
10/10/2016 107.69 107.69 107.69 107.69 1 600.00 64614.00
11/10/2016 106.73 106.73 106.73 106.73 1 800.00 85384.00
13/10/2016 105.05 103.89 105.05 103.89 2 600.00 62798.00
14/10/2016 104.44 104.44 104.44 104.44 1 100.00 10444.00
17/10/2016 104.07 104.07 104.07 104.07 1 5900.00 614013.00
18/10/2016 103.97 103.97 103.97 103.97 1 100.00 10397.00
19/10/2016 103.25 103.25 103.25 103.25 1 100.00 10325.00
20/10/2016 102.90 102.13 102.90 102.13 2 500.00 51373.00
21/10/2016 101.87 101.58 102.35 101.58 3 1300.00 132930.00
24/10/2016 100.17 100.17 100.17 100.17 1 500.00 50085.00
25/10/2016 100.16 100.16 100.83 100.83 2 200.00 20099.00
26/10/2016 101.65 101.48 101.65 101.63 3 1100.00 111758.00
27/10/2016 102.44 102.44 102.44 102.44 1 300.00 30732.00
28/10/2016 101.87 101.87 101.87 101.87 1 100.00 10187.00
31/10/2016 101.53 100.86 101.59 101.59 3 700.00 70943.00
01/11/2016 101.10 101.10 101.10 101.10 1 400.00 40440.00
03/11/2016 98.15 96.65 98.15 96.65 2 1300.00 127445.00
04/11/2016 97.17 97.17 97.17 97.17 1 600.00 58302.00
07/11/2016 96.95 96.95 96.95 96.95 1 300.00 29085.00
09/11/2016 102.91 102.91 102.91 102.91 1 2400.00 246984.00
10/11/2016 113.13 113.13 113.13 113.13 1 200.00 22626.00
11/11/2016 110.86 110.86 110.86 110.86 1 100.00 11086.00
14/11/2016 111.18 110.51 111.31 110.51 4 4000.00 444770.00
16/11/2016 109.75 109.27 110.65 109.27 3 1700.00 187877.00
17/11/2016 109.30 109.30 109.30 109.30 1 1700.00 185810.00
18/11/2016 107.23 106.27 107.23 106.27 3 1900.00 203419.00
21/11/2016 105.61 105.47 106.09 105.48 4 2100.00 222522.00
22/11/2016 105.15 105.15 105.15 105.15 1 900.00 94635.00
23/11/2016 106.48 106.48 106.48 106.48 1 1500.00 159720.00
25/11/2016 108.41 107.87 108.41 107.87 2 600.00 64776.00
28/11/2016 106.61 106.61 106.61 106.61 1 1400.00 149254.00
29/11/2016 108.00 108.00 108.00 108.00 1 800.00 86400.00
01/12/2016 109.37 109.37 109.37 109.37 1 100.00 10937.00
02/12/2016 109.61 109.61 109.61 109.61 1 100.00 10961.00
05/12/2016 108.20 108.13 108.20 108.13 2 2000.00 216337.00
06/12/2016 107.81 107.81 107.81 107.81 1 200.00 21562.00
07/12/2016 105.18 105.18 106.08 106.08 2 1600.00 169638.00
08/12/2016 106.08 104.01 106.08 104.01 4 1400.00 146901.00
09/12/2016 106.59 106.59 107.55 107.55 2 1100.00 117345.00
12/12/2016 108.69 108.47 108.69 108.50 3 1500.00 162928.00
13/12/2016 108.33 108.33 109.47 109.47 2 1000.00 108558.00
14/12/2016 109.96 109.81 109.96 109.81 2 800.00 87953.00
15/12/2016 110.63 110.63 110.63 110.63 1 700.00 77441.00
16/12/2016 110.45 110.45 110.45 110.45 1 100.00 11045.00
19/12/2016 111.34 110.73 111.34 110.73 2 800.00 88706.00
20/12/2016 109.34 109.34 110.16 110.16 2 800.00 87554.00
21/12/2016 108.06 108.06 108.33 108.33 2 600.00 64863.00
22/12/2016 106.86 106.40 107.20 107.20 3 500.00 53418.00
27/12/2016 106.39 106.39 106.39 106.39 1 400.00 42556.00
28/12/2016 106.27 106.27 106.27 106.27 1 100.00 10627.00
29/12/2016 105.26 105.26 105.57 105.57 2 1500.00 158231.00
03/01/2017 107.35 107.35 107.35 107.35 1 100.00 10735.00
04/01/2017 106.53 106.53 106.53 106.53 1 800.00 85224.00
06/01/2017 107.65 107.65 107.65 107.65 1 100.00 10765.00
10/01/2017 107.11 107.00 107.11 107.00 2 200.00 21411.00
11/01/2017 104.77 104.69 104.77 104.69 3 1100.00 115175.00
16/01/2017 105.19 105.19 105.19 105.19 1 100.00 10519.00
17/01/2017 102.80 102.57 102.91 102.91 3 1600.00 164577.00
23/01/2017 100.70 100.70 100.70 100.70 1 1000.00 100700.00
24/01/2017 98.81 98.43 98.81 98.43 2 1300.00 128415.00
26/01/2017 100.11 100.11 100.11 100.11 1 200.00 20022.00
01/02/2017 98.00 98.00 98.00 98.00 1 100.00 9800.00
02/02/2017 98.29 98.29 98.29 98.29 1 100.00 9829.00
03/02/2017 99.69 99.46 100.35 100.35 3 400.00 39896.00
06/02/2017 100.51 100.51 101.04 101.04 2 1400.00 140767.00
07/02/2017 99.78 99.78 99.78 99.78 1 400.00 39912.00
09/02/2017 101.36 101.36 101.36 101.36 1 300.00 30408.00
10/02/2017 101.11 101.11 101.11 101.11 1 300.00 30333.00
13/02/2017 101.12 101.12 101.12 101.12 1 17100.00 1729152.00
14/02/2017 100.81 100.67 100.81 100.67 5 2500.00 251955.00
15/02/2017 101.55 101.55 101.55 101.55 1 500.00 50775.00
16/02/2017 103.39 103.39 103.39 103.39 1 1200.00 124068.00
21/02/2017 104.00 104.00 104.36 104.36 2 200.00 20836.00
22/02/2017 104.00 102.76 104.00 102.76 2 200.00 20676.00
23/02/2017 104.13 104.13 104.13 104.13 1 100.00 10413.00
02/03/2017 108.75 108.53 108.75 108.53 2 800.00 86956.00
03/03/2017 107.62 107.62 107.62 107.62 1 300.00 32286.00
07/03/2017 106.49 106.49 106.49 106.49 1 400.00 42596.00
14/03/2017 108.22 108.22 108.22 108.22 1 900.00 97398.00
15/03/2017 107.98 107.98 107.98 107.98 1 100.00 10798.00
17/03/2017 106.87 106.87 106.87 106.87 3 1200.00 128244.00
20/03/2017 105.90 105.90 105.90 105.90 1 100.00 10590.00
21/03/2017 105.60 105.60 105.60 105.60 1 200.00 21120.00
23/03/2017 107.25 107.25 107.25 107.25 1 100.00 10725.00
27/03/2017 106.85 106.85 106.85 106.85 1 600.00 64110.00
05/04/2017 106.21 106.21 106.21 106.21 1 100.00 10621.00
11/04/2017 106.39 106.39 106.39 106.39 1 100.00 10639.00
12/04/2017 106.99 106.99 106.99 106.99 1 600.00 64194.00
13/04/2017 106.55 106.55 107.12 107.12 2 600.00 63987.00
17/04/2017 105.67 105.67 105.67 105.67 1 400.00 42268.00
20/04/2017 106.46 106.46 106.46 106.46 1 300.00 31938.00
24/04/2017 105.98 105.98 105.98 105.98 1 600.00 63588.00
26/04/2017 107.78 107.78 107.78 107.78 1 100.00 10778.00
02/05/2017 105.52 105.52 105.59 105.59 2 700.00 73871.00
05/05/2017 105.91 105.91 105.91 105.91 1 100.00 10591.00
09/05/2017 106.14 106.14 106.14 106.14 1 100.00 10614.00
10/05/2017 104.02 104.02 104.98 104.98 2 200.00 20900.00
12/05/2017 102.85 102.85 102.85 102.85 1 100.00 10285.00
16/05/2017 102.56 101.01 102.56 101.64 4 2300.00 232541.00
17/05/2017 100.57 100.57 100.79 100.75 3 800.00 80586.00
22/05/2017 105.76 105.76 105.76 105.76 1 100.00 10576.00
23/05/2017 105.12 105.12 105.12 105.12 1 500.00 52560.00
25/05/2017 105.60 105.60 105.60 105.60 1 100.00 10560.00
31/05/2017 105.38 105.38 105.43 105.43 3 5300.00 558734.00
01/06/2017 106.35 106.35 106.35 106.35 1 100.00 10635.00
05/06/2017 106.53 106.53 106.53 106.53 1 500.00 53265.00
07/06/2017 105.13 105.13 105.13 105.13 1 500.00 52565.00
08/06/2017 104.00 104.00 104.00 104.00 1 100.00 10400.00
09/06/2017 104.86 104.86 106.90 106.50 12 2300.00 243413.00
14/06/2017 106.64 106.64 106.64 106.64 1 100.00 10664.00
16/06/2017 107.60 107.60 107.96 107.96 2 700.00 75536.00
