20/06/2016 8.55 8.35 8.55 8.42 28 8700.00 73316.00
21/06/2016 8.47 8.30 8.47 8.44 60 21800.00 182958.00
22/06/2016 8.52 8.32 8.52 8.37 88 19000.00 159189.00
23/06/2016 8.50 8.39 8.79 8.60 480 187200.00 1610069.00
24/06/2016 8.30 8.30 8.60 8.57 68 40000.00 339791.00
27/06/2016 8.81 8.30 8.81 8.50 158 66200.00 561895.00
28/06/2016 8.50 8.42 8.64 8.61 89 110900.00 953823.00
29/06/2016 8.71 8.71 9.15 9.14 687 220500.00 1989124.00
30/06/2016 9.15 9.10 9.40 9.30 307 104600.00 968757.00
01/07/2016 9.39 9.06 9.60 9.34 501 108300.00 1003486.00
04/07/2016 9.33 8.91 9.45 8.99 189 73600.00 667445.00
05/07/2016 8.99 8.83 9.15 9.02 67 23000.00 206659.00
06/07/2016 9.09 8.91 9.09 8.95 57 18100.00 162894.00
07/07/2016 9.04 8.50 9.04 8.90 237 82700.00 722302.00
08/07/2016 8.91 8.80 9.00 8.93 89 73200.00 656016.00
11/07/2016 8.95 8.80 9.11 8.93 344 98100.00 876107.00
12/07/2016 8.94 8.85 9.29 8.95 489 155200.00 1392348.00
13/07/2016 8.97 8.81 9.10 9.00 449 121800.00 1092090.00
14/07/2016 9.17 9.07 9.24 9.11 217 89000.00 815032.00
15/07/2016 9.13 9.08 9.29 9.23 159 53400.00 489593.00
18/07/2016 9.23 9.23 9.80 9.78 358 142800.00 1366732.00
19/07/2016 9.78 9.77 10.14 9.92 215 74400.00 737575.00
20/07/2016 9.92 9.63 10.09 9.82 160 55700.00 545214.00
21/07/2016 9.88 9.72 10.01 9.87 169 34600.00 341270.00
22/07/2016 9.95 9.85 9.95 9.90 136 30500.00 301665.00
25/07/2016 9.95 9.92 10.20 10.02 166 64100.00 643581.00
26/07/2016 10.02 9.85 10.02 9.96 90 26500.00 263222.00
27/07/2016 10.02 9.78 10.10 9.95 217 69400.00 690678.00
28/07/2016 10.09 9.90 10.49 10.44 297 232400.00 2329895.00
29/07/2016 10.60 10.49 10.98 10.51 190 82300.00 881090.00
01/08/2016 10.25 9.90 10.35 10.25 610 231900.00 2360706.00
02/08/2016 10.26 10.12 11.00 10.54 396 171700.00 1823826.00
03/08/2016 10.59 10.35 10.64 10.50 229 90600.00 951127.00
04/08/2016 11.46 10.80 11.47 10.90 570 269000.00 2973250.00
05/08/2016 11.00 10.60 11.33 10.60 307 145300.00 1588335.00
08/08/2016 10.55 10.05 10.81 10.77 555 209200.00 2176385.00
09/08/2016 10.57 10.52 10.76 10.69 105 43500.00 463236.00
10/08/2016 10.73 10.41 10.85 10.41 124 49000.00 522441.00
11/08/2016 10.49 9.99 10.49 10.15 404 261800.00 2636379.00
12/08/2016 10.21 10.00 10.30 10.14 113 49300.00 495391.00
15/08/2016 10.24 10.20 10.60 10.55 187 131000.00 1363654.00
16/08/2016 10.55 10.36 10.59 10.48 147 37600.00 391417.00
17/08/2016 10.60 10.39 10.60 10.46 127 30300.00 315948.00
18/08/2016 10.46 10.25 10.57 10.56 186 56500.00 586017.00
19/08/2016 10.56 10.36 10.59 10.45 71 35300.00 368671.00
22/08/2016 10.35 10.09 10.35 10.24 193 34700.00 353033.00
23/08/2016 10.31 10.31 10.62 10.40 653 220900.00 2315615.00
24/08/2016 10.55 10.38 10.55 10.40 233 96800.00 1014919.00
25/08/2016 10.41 10.12 10.47 10.18 226 49200.00 504119.00
26/08/2016 10.25 9.56 10.28 9.70 868 736000.00 7178077.00
29/08/2016 9.87 9.55 9.87 9.70 493 386800.00 3732561.00
30/08/2016 9.72 9.58 9.89 9.80 203 44100.00 428476.00
31/08/2016 9.92 9.66 10.40 10.16 322 73400.00 731857.00
01/09/2016 10.17 10.09 10.34 10.10 143 85000.00 870331.00
02/09/2016 10.24 10.01 10.27 10.11 102 31000.00 313693.00
05/09/2016 10.00 9.87 10.05 9.90 137 60000.00 596745.00
06/09/2016 9.86 9.81 9.96 9.91 95 62300.00 614749.00
08/09/2016 9.97 9.60 10.02 9.90 542 148800.00 1456557.00
09/09/2016 9.97 9.39 9.98 9.53 335 150700.00 1442471.00
12/09/2016 9.50 9.31 9.59 9.46 273 59700.00 566931.00
13/09/2016 9.43 9.32 9.52 9.43 307 67200.00 634499.00
14/09/2016 9.42 9.30 9.42 9.30 273 47900.00 446226.00
15/09/2016 9.26 9.25 9.41 9.28 166 57600.00 534764.00
16/09/2016 9.28 9.15 9.30 9.21 108 58000.00 533442.00
19/09/2016 9.23 9.20 9.67 9.66 92 29100.00 274943.00
20/09/2016 9.66 9.35 9.66 9.35 88 45200.00 427119.00
21/09/2016 9.45 9.45 9.76 9.76 105 44600.00 427551.00
22/09/2016 9.76 9.65 9.94 9.69 35 10700.00 104994.00
23/09/2016 9.88 9.51 9.88 9.69 93 60900.00 589727.00
26/09/2016 9.98 9.91 10.25 10.20 631 223700.00 2261156.00
27/09/2016 10.23 10.00 10.26 10.14 107 31400.00 318867.00
28/09/2016 10.26 10.13 10.32 10.19 88 53700.00 548704.00
29/09/2016 10.00 9.88 10.20 9.92 213 113500.00 1127100.00
30/09/2016 9.90 9.76 9.90 9.88 114 50600.00 498853.00
03/10/2016 9.84 9.79 9.97 9.94 49 11900.00 117831.00
04/10/2016 9.94 9.67 9.94 9.67 55 15100.00 146882.00
05/10/2016 9.68 9.43 9.71 9.70 130 66200.00 632066.00
06/10/2016 9.62 9.50 9.64 9.51 70 17800.00 169901.00
07/10/2016 9.45 9.17 9.50 9.50 212 100200.00 940294.00
10/10/2016 9.58 9.56 9.78 9.65 89 41600.00 399699.00
11/10/2016 9.70 9.55 9.75 9.67 62 14600.00 140903.00
13/10/2016 9.63 9.62 9.79 9.75 67 13700.00 133215.00
14/10/2016 9.80 9.60 9.80 9.74 132 49400.00 480366.00
17/10/2016 9.72 9.70 9.88 9.74 118 90800.00 886434.00
18/10/2016 9.80 9.60 9.84 9.71 232 35500.00 344661.00
19/10/2016 9.90 9.61 9.90 9.70 407 58300.00 567371.00
20/10/2016 9.74 9.60 9.89 9.79 335 48500.00 469175.00
21/10/2016 9.84 9.70 10.17 10.00 357 64600.00 638551.00
24/10/2016 10.00 9.88 10.22 9.99 592 97100.00 968331.00
25/10/2016 10.00 9.90 10.20 10.10 535 127900.00 1279083.00
26/10/2016 10.10 9.90 10.21 10.17 455 96800.00 975425.00
27/10/2016 10.08 10.08 10.73 10.53 589 238900.00 2510424.00
28/10/2016 10.53 10.42 11.10 10.92 569 164400.00 1791728.00
31/10/2016 10.95 10.45 11.05 10.50 326 136500.00 1453594.00
01/11/2016 10.49 10.05 10.67 10.09 367 125900.00 1297187.00
03/11/2016 10.10 9.87 10.13 9.96 550 188800.00 1885396.00
04/11/2016 10.11 9.70 10.11 9.99 166 47700.00 472086.00
07/11/2016 10.07 9.80 10.70 10.57 389 56200.00 569751.00
08/11/2016 10.61 10.00 10.90 10.25 495 111100.00 1124382.00
09/11/2016 9.70 9.51 10.00 9.92 536 115600.00 1140408.00
10/11/2016 10.11 9.30 10.11 9.75 583 93200.00 900230.00
11/11/2016 9.80 9.29 9.80 9.57 501 154800.00 1455463.00
14/11/2016 9.60 9.30 9.60 9.42 224 45200.00 427196.00
16/11/2016 9.60 9.50 9.94 9.69 314 98300.00 946457.00
17/11/2016 9.46 9.39 9.90 9.75 110 32100.00 312754.00
18/11/2016 9.60 9.55 10.08 9.68 261 83500.00 812789.00
21/11/2016 9.82 9.47 10.12 9.64 126 290800.00 2848064.00
22/11/2016 9.83 9.34 9.83 9.53 85 19600.00 187854.00
23/11/2016 9.65 9.34 9.81 9.59 43 20600.00 198766.00
24/11/2016 9.66 9.40 9.73 9.56 30 6100.00 58033.00
25/11/2016 9.64 9.34 9.77 9.40 107 62300.00 586384.00
28/11/2016 9.33 8.90 9.55 9.31 156 54700.00 504372.00
29/11/2016 9.28 9.28 9.39 9.39 19 5900.00 55136.00
30/11/2016 9.50 9.28 9.56 9.34 59 43600.00 407152.00
01/12/2016 9.35 8.87 9.70 9.04 73 22800.00 209566.00
02/12/2016 9.15 8.81 9.30 8.81 100 54800.00 491495.00
05/12/2016 8.94 8.75 9.00 8.75 68 20400.00 180540.00
06/12/2016 8.72 8.38 8.72 8.45 239 776000.00 6531663.00
07/12/2016 8.40 8.35 8.55 8.36 76 48500.00 409753.00
08/12/2016 8.36 8.21 8.41 8.30 163 119700.00 993673.00
09/12/2016 8.45 8.36 8.60 8.47 85 28700.00 243308.00
12/12/2016 8.60 8.22 8.69 8.45 354 78000.00 657795.00
13/12/2016 8.69 8.21 8.69 8.36 114 192900.00 1600212.00
14/12/2016 8.39 7.95 8.50 8.01 265 245300.00 1979734.00
15/12/2016 8.01 7.89 8.12 8.10 91 30600.00 244742.00
16/12/2016 8.10 7.85 8.18 7.87 260 191800.00 1527062.00
19/12/2016 7.87 7.65 7.99 7.77 293 59800.00 465011.00
20/12/2016 7.80 7.53 7.89 7.61 622 180400.00 1379875.00
21/12/2016 7.62 7.58 7.82 7.74 118 56800.00 438249.00
22/12/2016 7.80 7.70 7.86 7.80 109 75600.00 583428.00
23/12/2016 7.86 7.63 8.31 7.90 241 129000.00 1024921.00
26/12/2016 7.90 7.87 7.93 7.91 33 11300.00 89279.00
27/12/2016 7.93 7.88 7.99 7.93 37 6200.00 49264.00
28/12/2016 8.03 7.91 8.22 8.01 91 37100.00 297133.00
29/12/2016 8.17 8.08 8.27 8.27 40 39700.00 326530.00
02/01/2017 8.33 8.07 8.34 8.22 74 17400.00 142354.00
03/01/2017 8.34 8.09 8.34 8.25 95 64400.00 529924.00
04/01/2017 8.21 8.07 8.21 8.12 77 32100.00 260983.00
05/01/2017 8.15 8.00 8.19 8.15 77 54500.00 441357.00
06/01/2017 8.14 7.80 8.15 8.12 71 28900.00 234311.00
09/01/2017 8.03 7.96 8.13 8.09 61 12600.00 101866.00
10/01/2017 8.09 8.05 8.26 8.25 128 71400.00 584791.00
11/01/2017 8.07 8.05 8.20 8.13 78 67600.00 550370.00
12/01/2017 8.20 8.20 8.36 8.24 98 57100.00 472757.00
13/01/2017 8.30 8.19 8.30 8.26 57 33700.00 278140.00
16/01/2017 8.25 8.10 8.32 8.15 110 43800.00 359579.00
17/01/2017 8.12 8.11 8.29 8.25 120 29700.00 243535.00
18/01/2017 8.26 8.16 8.40 8.36 178 105500.00 876142.00
19/01/2017 8.36 8.24 8.36 8.34 125 49700.00 413206.00
20/01/2017 8.30 8.27 8.40 8.39 78 36600.00 306324.00
23/01/2017 8.31 8.31 8.75 8.64 221 179300.00 1539592.00
24/01/2017 8.72 8.50 8.75 8.56 103 64500.00 556949.00
26/01/2017 8.66 8.41 8.75 8.50 54 19600.00 168857.00
27/01/2017 8.52 8.40 8.55 8.42 145 244500.00 2077218.00
30/01/2017 8.45 8.42 8.50 8.47 84 39800.00 337783.00
31/01/2017 8.50 8.47 8.70 8.68 249 87800.00 760138.00
01/02/2017 8.70 8.43 8.72 8.43 76 30500.00 260571.00
02/02/2017 8.45 8.40 8.65 8.64 129 149300.00 1270308.00
03/02/2017 8.68 8.52 8.91 8.67 258 95700.00 840274.00
06/02/2017 8.70 8.55 8.71 8.70 106 76900.00 667073.00
07/02/2017 8.69 8.34 8.70 8.49 241 142200.00 1217494.00
08/02/2017 8.69 8.54 9.01 9.01 341 110900.00 976760.00
09/02/2017 9.05 8.99 9.40 9.22 872 190400.00 1756038.00
10/02/2017 9.20 9.05 9.55 9.27 165 64100.00 594077.00
13/02/2017 9.30 9.29 9.80 9.79 525 207800.00 1980024.00
14/02/2017 9.81 9.53 9.98 9.57 551 173900.00 1681454.00
15/02/2017 9.65 9.38 9.67 9.47 87 29400.00 280231.00
16/02/2017 9.51 9.05 9.60 9.41 208 55600.00 519626.00
17/02/2017 9.22 8.87 9.25 8.95 290 139100.00 1257142.00
20/02/2017 8.84 8.84 9.26 9.14 230 75500.00 687686.00
21/02/2017 9.17 9.00 9.23 9.10 105 38800.00 352163.00
22/02/2017 9.06 8.77 9.06 8.90 107 48600.00 434495.00
23/02/2017 8.99 8.82 9.09 8.94 131 28300.00 253431.00
24/02/2017 8.85 8.82 9.05 8.92 86 43200.00 386866.00
01/03/2017 8.98 8.78 9.02 8.94 67 25200.00 224123.00
02/03/2017 8.90 8.81 9.09 9.01 473 270000.00 2440964.00
03/03/2017 8.98 8.96 9.49 9.30 503 187900.00 1738740.00
06/03/2017 9.35 9.30 9.61 9.48 235 271100.00 2551809.00
07/03/2017 9.63 9.47 9.85 9.57 206 97600.00 947439.00
08/03/2017 9.57 9.34 9.60 9.41 119 80100.00 753079.00
09/03/2017 9.36 9.34 9.67 9.58 93 155500.00 1490594.00
10/03/2017 9.67 9.48 9.69 9.60 61 51300.00 493832.00
13/03/2017 9.60 9.59 9.76 9.64 73 69200.00 668634.00
14/03/2017 9.60 9.21 9.72 9.70 112 46000.00 436646.00
15/03/2017 9.50 9.40 9.85 9.85 140 156600.00 1521300.00
16/03/2017 9.76 9.71 9.85 9.75 140 40100.00 392443.00
17/03/2017 9.80 9.70 9.97 9.88 143 167200.00 1650054.00
20/03/2017 9.81 9.77 9.87 9.80 45 20800.00 204320.00
21/03/2017 9.85 9.38 9.85 9.76 97 72400.00 701455.00
22/03/2017 9.75 9.59 9.79 9.70 74 23500.00 227799.00
23/03/2017 9.70 9.65 10.12 10.10 342 209600.00 2088457.00
24/03/2017 10.25 10.09 10.45 10.15 374 320500.00 3268982.00
27/03/2017 10.60 10.43 10.85 10.63 730 525400.00 5576286.00
28/03/2017 10.72 10.45 10.83 10.78 417 262700.00 2814385.00
29/03/2017 10.90 10.48 10.90 10.58 284 176300.00 1874385.00
30/03/2017 10.50 10.32 10.60 10.40 242 219000.00 2303070.00
31/03/2017 10.40 10.35 10.50 10.41 193 75100.00 782583.00
03/04/2017 10.50 10.17 10.51 10.50 186 84600.00 873712.00
04/04/2017 10.46 10.18 10.49 10.45 169 104900.00 1089865.00
05/04/2017 10.40 10.20 10.59 10.35 184 93900.00 982068.00
06/04/2017 10.34 10.20 10.49 10.20 173 93300.00 962025.00
07/04/2017 10.26 10.20 10.54 10.50 263 130500.00 1357554.00
10/04/2017 10.60 10.53 10.73 10.64 386 147400.00 1564624.00
11/04/2017 10.54 10.40 10.74 10.59 765 149600.00 1570774.00
12/04/2017 10.51 10.31 10.59 10.31 122 59200.00 616367.00
13/04/2017 10.21 9.90 10.21 10.15 255 116400.00 1173233.00
17/04/2017 10.20 10.20 10.44 10.44 193 68900.00 711395.00
18/04/2017 10.43 10.20 10.49 10.43 108 64400.00 668780.00
19/04/2017 10.43 10.21 10.43 10.39 75 25700.00 265509.00
20/04/2017 10.41 10.21 10.42 10.36 83 27000.00 279223.00
24/04/2017 10.56 10.54 10.70 10.68 193 74900.00 795742.00
25/04/2017 10.67 10.49 10.79 10.56 153 40600.00 430112.00
26/04/2017 10.56 10.54 10.67 10.66 95 34000.00 361134.00
27/04/2017 10.51 10.40 10.77 10.71 197 55200.00 588325.00
28/04/2017 10.63 10.61 11.18 11.15 213 120700.00 1324920.00
02/05/2017 11.40 11.35 11.69 11.53 272 137900.00 1595311.00
03/05/2017 11.53 11.25 11.79 11.77 322 219100.00 2554591.00
04/05/2017 11.00 10.52 11.18 10.87 854 396900.00 4334218.00
05/05/2017 11.00 10.70 11.16 11.14 379 228200.00 2471352.00
08/05/2017 11.14 10.94 11.34 11.28 349 90900.00 1014496.00
09/05/2017 11.30 10.99 11.31 11.05 354 117200.00 1305067.00
10/05/2017 11.07 10.95 11.29 11.13 126 46900.00 521748.00
11/05/2017 11.10 10.75 11.25 11.25 150 52600.00 581047.00
12/05/2017 11.25 11.00 11.25 11.24 196 57700.00 642129.00
15/05/2017 11.24 11.00 11.27 11.19 160 80800.00 897241.00
16/05/2017 11.12 10.98 11.15 11.15 134 35200.00 389747.00
17/05/2017 11.14 10.90 11.14 11.07 169 82800.00 910068.00
18/05/2017 8.72 8.71 9.70 9.62 376 202400.00 1902651.00
19/05/2017 9.74 9.39 9.99 9.69 307 156300.00 1523470.00
22/05/2017 9.70 9.15 9.88 9.42 228 94200.00 882391.00
23/05/2017 9.52 9.42 9.65 9.59 102 30900.00 294368.00
24/05/2017 9.74 9.43 9.85 9.54 163 77300.00 744039.00
25/05/2017 9.59 9.16 9.59 9.40 498 119400.00 1112502.00
26/05/2017 9.45 9.39 9.69 9.69 217 97400.00 923165.00
29/05/2017 9.67 9.39 9.67 9.49 277 35300.00 333314.00
30/05/2017 9.51 9.36 9.58 9.36 86 23800.00 225544.00
31/05/2017 9.40 9.18 9.40 9.38 204 52100.00 482192.00
01/06/2017 9.40 9.29 9.44 9.43 75 15700.00 147163.00
02/06/2017 9.46 9.25 9.46 9.44 95 44200.00 412333.00
05/06/2017 9.40 9.35 9.66 9.61 296 443800.00 4189845.00
06/06/2017 9.65 9.50 9.71 9.57 107 28800.00 276373.00
07/06/2017 9.51 9.28 9.51 9.49 117 53800.00 506857.00
08/06/2017 9.44 9.38 9.50 9.50 43 19800.00 187738.00
09/06/2017 9.32 9.21 9.37 9.21 158 68000.00 632767.00
12/06/2017 9.22 8.86 9.22 9.00 186 89800.00 812683.00
13/06/2017 9.01 8.80 9.10 9.10 107 75500.00 672117.00
14/06/2017 9.11 8.84 9.11 8.93 169 184100.00 1634648.00
16/06/2017 8.94 8.90 8.98 8.95 54 14500.00 129676.00
