20/06/2016 281.00 281.00 282.62 281.66 4 8800.00 2473190.00
21/06/2016 283.04 283.04 283.04 283.04 1 300.00 84912.00
28/06/2016 270.89 270.89 272.27 272.24 3 1100.00 299350.00
29/06/2016 272.15 272.15 272.15 272.15 1 400.00 108860.00
30/06/2016 271.08 271.08 271.08 271.08 1 100.00 27108.00
01/07/2016 271.91 271.91 275.72 275.72 2 200.00 54763.00
05/07/2016 282.16 281.50 282.16 281.50 2 400.00 112732.00
07/07/2016 283.10 283.10 283.10 283.10 1 100.00 28310.00
08/07/2016 281.34 281.34 281.34 281.34 1 300.00 84402.00
11/07/2016 282.83 282.83 282.83 282.83 1 100.00 28283.00
15/07/2016 279.90 279.79 279.90 279.79 3 400.00 111949.00
18/07/2016 277.78 277.78 277.78 277.78 2 200.00 55556.00
21/07/2016 278.71 278.71 278.71 278.71 1 100.00 27871.00
25/07/2016 281.23 281.23 281.57 281.57 2 900.00 253175.00
26/07/2016 279.85 279.85 279.85 279.85 1 3000.00 839550.00
27/07/2016 276.50 275.92 276.50 275.92 2 3100.00 857092.00
01/08/2016 281.71 281.71 281.71 281.71 1 400.00 112684.00
02/08/2016 281.40 281.40 281.40 281.40 1 2100.00 590940.00
03/08/2016 277.75 277.75 277.75 277.75 1 100.00 27775.00
04/08/2016 275.70 275.22 275.70 275.22 2 1300.00 358314.00
05/08/2016 272.75 272.75 272.75 272.75 1 3100.00 845525.00
09/08/2016 269.88 269.88 269.88 269.88 2 300.00 80964.00
10/08/2016 270.80 268.11 270.80 268.11 2 8300.00 2247371.00
11/08/2016 271.59 271.32 271.59 271.32 2 700.00 190086.00
15/08/2016 276.03 276.03 277.25 276.96 4 700.00 193558.00
16/08/2016 275.45 275.45 275.45 275.45 1 100.00 27545.00
17/08/2016 278.85 278.35 278.85 278.35 2 900.00 250865.00
18/08/2016 282.40 282.40 282.40 282.40 1 200.00 56480.00
19/08/2016 279.32 279.32 279.32 279.32 1 100.00 27932.00
22/08/2016 278.68 278.68 279.30 279.30 2 200.00 55798.00
23/08/2016 281.35 281.35 281.35 281.35 1 200.00 56270.00
25/08/2016 282.60 282.60 282.60 282.60 1 300.00 84780.00
26/08/2016 285.85 285.85 285.89 285.89 2 300.00 85759.00
29/08/2016 285.55 284.72 285.55 284.72 3 600.00 171097.00
30/08/2016 285.21 283.33 285.21 283.33 2 400.00 113520.00
06/09/2016 283.79 279.36 283.79 279.36 3 3700.00 1043145.00
09/09/2016 284.00 284.00 284.00 284.00 1 3200.00 908800.00
12/09/2016 282.91 282.91 283.24 282.99 4 12100.00 3424413.00
13/09/2016 288.75 288.67 288.75 288.67 2 400.00 115492.00
16/09/2016 287.10 287.10 287.10 287.10 1 500.00 143550.00
19/09/2016 290.62 290.62 290.62 290.62 1 2000.00 581240.00
20/09/2016 288.39 288.39 288.39 288.39 1 500.00 144195.00
22/09/2016 285.40 285.40 285.40 285.40 1 600.00 171240.00
26/09/2016 284.78 284.00 284.78 284.30 3 4300.00 1222034.00
27/09/2016 285.60 285.60 285.60 285.60 1 400.00 114240.00
28/09/2016 282.20 282.20 282.20 282.20 1 2400.00 677280.00
29/09/2016 281.60 281.60 281.60 281.60 1 2000.00 563200.00
30/09/2016 290.96 290.96 290.96 290.96 1 100.00 29096.00
03/10/2016 287.50 287.41 287.50 287.41 2 5000.00 1437473.00
13/10/2016 279.94 279.94 279.94 279.94 1 100.00 27994.00
19/10/2016 271.11 270.64 271.11 270.64 2 200.00 54175.00
26/10/2016 273.88 273.88 273.88 273.88 1 100.00 27388.00
01/11/2016 283.00 283.00 283.00 283.00 1 1900.00 537700.00
07/11/2016 277.76 277.76 277.76 277.76 1 6100.00 1694336.00
11/11/2016 283.00 283.00 283.89 283.89 2 200.00 56689.00
14/11/2016 287.70 287.70 287.70 287.70 1 300.00 86310.00
16/11/2016 284.45 284.45 284.45 284.45 1 100.00 28445.00
18/11/2016 276.75 276.75 277.56 277.56 2 200.00 55431.00
21/11/2016 276.37 276.37 276.37 276.37 1 100.00 27637.00
01/12/2016 281.91 281.91 281.91 281.91 2 6000.00 1691460.00
05/12/2016 284.52 284.52 284.52 284.52 1 1600.00 455232.00
06/12/2016 281.81 281.81 281.81 281.81 1 100.00 28181.00
12/12/2016 285.40 285.40 285.40 285.40 1 2700.00 770580.00
21/12/2016 281.29 281.29 281.29 281.29 1 100.00 28129.00
22/12/2016 279.70 279.70 279.70 279.70 1 100.00 27970.00
27/12/2016 276.33 276.33 276.33 276.33 1 200.00 55266.00
29/12/2016 274.38 274.38 274.38 274.38 1 400.00 109752.00
09/01/2017 269.95 269.95 269.95 269.95 1 100.00 26995.00
23/01/2017 275.37 275.37 275.37 275.37 1 100.00 27537.00
24/01/2017 278.14 278.14 278.14 278.14 1 100.00 27814.00
26/01/2017 276.52 276.52 276.52 276.52 1 100.00 27652.00
03/02/2017 273.22 273.22 273.22 273.22 1 100.00 27322.00
06/02/2017 272.81 272.81 272.81 272.81 1 100.00 27281.00
07/02/2017 274.03 274.03 274.03 274.03 1 200.00 54806.00
08/02/2017 274.45 274.45 274.45 274.45 1 100.00 27445.00
14/02/2017 271.29 271.29 271.81 271.81 3 900.00 244265.00
01/03/2017 285.87 283.67 285.87 283.67 3 5200.00 1484454.00
07/03/2017 281.32 280.88 281.32 280.88 2 200.00 56220.00
09/03/2017 288.80 288.80 288.91 288.91 4 6600.00 1906566.00
10/03/2017 287.07 287.07 287.35 287.35 3 6700.00 1924365.00
14/03/2017 287.50 287.50 287.50 287.50 1 200.00 57500.00
17/03/2017 282.11 282.11 282.11 282.11 1 1900.00 536009.00
22/03/2017 280.85 280.85 280.85 280.85 1 1100.00 308935.00
23/03/2017 284.99 284.99 284.99 284.99 1 5500.00 1567445.00
24/03/2017 280.40 280.40 280.40 280.40 1 6500.00 1822600.00
03/04/2017 280.50 279.78 280.50 279.78 2 2900.00 811722.00
25/04/2017 283.74 283.74 283.74 283.74 1 100.00 28374.00
02/05/2017 271.50 271.01 271.50 271.50 3 800.00 217004.00
08/05/2017 276.71 276.71 276.71 276.71 1 2700.00 747117.00
18/05/2017 286.17 286.03 286.17 286.03 2 900.00 257441.00
19/05/2017 282.22 282.22 282.22 282.22 1 100.00 28222.00
22/05/2017 283.27 283.27 283.27 283.27 1 300.00 84981.00
26/05/2017 283.90 283.90 283.90 283.90 1 100.00 28390.00
29/05/2017 285.39 285.39 285.39 285.39 1 100.00 28539.00
30/05/2017 285.80 285.80 285.80 285.80 1 100.00 28580.00
31/05/2017 284.46 284.46 284.46 284.46 1 600.00 170676.00
08/06/2017 286.80 286.80 286.80 286.80 1 400.00 114720.00
