20/06/2016 86.48 86.35 87.22 86.41 342 227920.00 19759692.00
21/06/2016 86.00 85.51 87.30 87.24 62 55090.00 4739587.60
22/06/2016 87.25 86.01 87.95 86.09 133 198160.00 17231519.70
23/06/2016 86.60 86.22 88.72 88.55 97 360250.00 31795838.60
24/06/2016 84.60 83.03 86.47 86.18 202 127180.00 10910894.40
27/06/2016 86.21 84.47 86.88 84.85 119 107380.00 9110364.70
28/06/2016 84.90 84.85 87.69 85.93 154 85700.00 7360752.50
29/06/2016 86.00 86.00 87.99 87.62 149 124550.00 10911018.10
30/06/2016 87.54 86.88 88.64 88.44 112 45730.00 4011634.90
01/07/2016 88.50 88.50 90.00 89.65 762 693070.00 61966807.30
04/07/2016 90.00 89.96 90.84 90.12 394 245900.00 22249448.80
05/07/2016 89.52 88.55 89.66 89.00 51 164350.00 14606771.90
06/07/2016 88.00 87.02 89.15 89.15 47 12200.00 1079959.40
07/07/2016 89.99 89.16 90.41 89.35 30 11120.00 1001609.00
08/07/2016 90.20 90.20 91.28 91.17 36 22240.00 2024812.00
11/07/2016 91.51 90.20 92.72 92.55 72 64360.00 5947955.40
12/07/2016 93.00 93.00 93.95 93.10 74 21570.00 2014275.50
13/07/2016 93.19 92.40 93.70 93.70 36 14640.00 1361822.20
14/07/2016 94.21 93.00 95.40 95.20 81 80310.00 7648271.60
15/07/2016 94.61 94.61 95.90 95.41 43 182100.00 17370307.90
18/07/2016 95.43 95.35 96.84 96.80 78 54600.00 5231491.90
19/07/2016 96.50 96.31 97.20 97.20 47 58080.00 5642435.40
20/07/2016 97.00 96.06 97.50 97.00 88 94630.00 9181446.30
21/07/2016 97.00 96.40 97.50 97.19 59 98680.00 9588682.40
22/07/2016 96.80 96.80 98.06 97.70 38 17040.00 1660622.70
25/07/2016 97.90 96.93 98.85 97.45 28 8400.00 818203.30
26/07/2016 98.00 97.33 98.16 97.33 32 11350.00 1108138.50
27/07/2016 97.01 97.01 98.24 97.45 32 10460.00 1023372.10
28/07/2016 96.65 96.00 97.26 97.03 134 181630.00 17576503.20
29/07/2016 97.03 96.76 98.52 98.18 42 32790.00 3217248.20
01/08/2016 97.50 97.07 98.39 97.25 44 12350.00 1204465.30
02/08/2016 97.24 95.77 97.56 96.27 76 108280.00 10446392.90
03/08/2016 95.50 95.50 97.86 97.71 162 189240.00 18417062.80
04/08/2016 97.71 97.71 99.28 98.67 75 301740.00 29784371.70
05/08/2016 99.11 98.20 99.11 98.81 180 209940.00 20734562.70
08/08/2016 98.60 98.59 99.22 98.70 61 88050.00 8708772.90
09/08/2016 98.50 98.50 99.61 98.85 44 92390.00 9138443.60
10/08/2016 99.00 97.48 99.20 97.49 40 26470.00 2599124.00
11/08/2016 98.08 98.08 99.80 99.79 31 10100.00 1002568.50
12/08/2016 99.95 99.51 100.74 99.88 76 64570.00 6481358.70
15/08/2016 100.20 100.00 101.50 101.50 51 12940.00 1309416.80
16/08/2016 101.49 100.80 101.52 100.92 38 31980.00 3228588.20
17/08/2016 100.61 99.77 101.88 101.88 288 34180.00 3428615.30
18/08/2016 101.79 101.14 101.89 101.39 40 21860.00 2216626.60
19/08/2016 101.49 100.80 101.49 101.24 35 111390.00 11275787.60
22/08/2016 100.00 98.75 100.59 99.00 210 119210.00 11819127.70
23/08/2016 99.81 99.37 100.31 99.40 171 83570.00 8346672.40
24/08/2016 99.40 98.66 99.87 99.01 172 123320.00 12236822.70
25/08/2016 98.60 98.60 99.50 99.01 93 83230.00 8245880.40
26/08/2016 99.48 98.20 100.41 98.82 97 190710.00 18925940.10
29/08/2016 99.47 99.00 100.93 100.31 46 6650.00 664000.40
30/08/2016 100.25 99.81 100.71 100.29 39 37900.00 3795953.90
31/08/2016 100.57 98.60 100.71 99.24 51 105470.00 10473514.20
01/09/2016 99.25 97.50 100.13 99.67 231 320520.00 31948844.60
02/09/2016 100.00 99.80 102.16 101.99 120 24300.00 2471491.50
05/09/2016 101.80 101.80 102.60 101.93 49 18210.00 1861932.50
06/09/2016 101.85 101.52 103.00 103.00 232 21210.00 2178072.70
08/09/2016 102.39 102.39 103.38 103.21 93 146720.00 15119411.00
09/09/2016 102.39 99.37 102.39 99.37 321 123520.00 12378990.10
12/09/2016 99.10 98.93 100.50 100.50 108 72650.00 7243382.10
13/09/2016 99.63 97.00 99.63 97.58 603 390060.00 38031448.70
14/09/2016 97.56 97.55 98.06 97.55 51 69130.00 6767332.40
15/09/2016 98.36 98.36 99.66 99.16 27 6130.00 607519.80
16/09/2016 98.17 97.34 98.35 97.71 29 4870.00 476833.20
19/09/2016 97.72 97.72 99.49 98.20 41 40440.00 3977281.90
20/09/2016 98.21 98.20 99.07 98.87 200 64650.00 6389153.40
21/09/2016 99.16 98.67 100.34 99.99 159 283810.00 28155784.30
22/09/2016 100.05 100.05 101.92 101.56 75 64250.00 6519411.70
23/09/2016 101.50 100.33 101.50 100.45 63 59450.00 6000075.70
26/09/2016 100.44 99.32 100.44 99.45 246 67770.00 6744641.90
27/09/2016 99.21 98.42 100.21 100.21 534 353690.00 35180588.50
28/09/2016 100.31 100.05 101.80 101.63 34 18610.00 1873981.30
29/09/2016 101.60 99.95 102.00 99.95 35 8500.00 852485.70
30/09/2016 99.95 99.95 100.99 100.08 346 92770.00 9328678.70
03/10/2016 100.08 100.08 102.07 101.85 191 66200.00 6740669.40
04/10/2016 102.03 101.08 102.13 101.90 66 175520.00 17834909.90
05/10/2016 101.90 101.90 103.67 103.22 251 127520.00 13185679.00
06/10/2016 103.06 103.06 104.10 103.94 41 13850.00 1436330.80
07/10/2016 104.52 103.86 105.00 104.69 155 55060.00 5760915.10
10/10/2016 105.37 105.28 105.81 105.75 67 126170.00 13336935.50
11/10/2016 105.03 104.32 105.03 104.55 143 40230.00 4208349.00
13/10/2016 104.00 103.36 105.03 104.65 198 53900.00 5638438.20
14/10/2016 105.13 105.13 106.20 105.75 62 25000.00 2644848.80
17/10/2016 105.80 105.80 107.31 107.31 41 27640.00 2959177.90
18/10/2016 107.36 107.35 109.48 109.35 85 115560.00 12583350.50
19/10/2016 109.00 108.50 109.86 108.73 415 213750.00 23275182.90
20/10/2016 109.00 107.67 109.49 109.37 55 100690.00 11001396.20
21/10/2016 108.50 108.01 110.32 109.75 138 55520.00 6089250.70
24/10/2016 110.40 108.00 110.75 109.69 55 23850.00 2625315.40
25/10/2016 109.69 108.47 109.85 109.42 562 261550.00 28599096.60
26/10/2016 109.00 108.09 109.35 109.35 53 14780.00 1610869.90
27/10/2016 108.68 108.68 110.64 110.01 259 20030.00 2208305.10
28/10/2016 110.00 109.49 110.73 110.06 59 17620.00 1941056.20
31/10/2016 109.04 109.04 111.37 111.11 242 61340.00 6811465.50
01/11/2016 111.45 108.00 111.50 108.63 78 23970.00 2623841.10
03/11/2016 108.10 105.80 108.75 105.80 1137 28570.00 3066990.00
04/11/2016 105.06 105.06 107.96 105.48 1354 209680.00 22233004.40
07/11/2016 107.11 107.11 109.65 109.57 206 76940.00 8394739.00
08/11/2016 109.80 108.60 110.75 109.71 65 17410.00 1909546.70
09/11/2016 105.06 105.06 110.06 108.24 167 178780.00 19345096.10
10/11/2016 108.24 103.95 109.21 105.16 225 120080.00 12719314.50
11/11/2016 104.49 100.85 105.16 101.51 423 111990.00 11395800.10
14/11/2016 101.44 100.08 102.73 102.05 83 46880.00 4755361.70
16/11/2016 102.11 101.72 104.16 103.91 147 71780.00 7407915.90
17/11/2016 104.06 102.33 104.94 102.40 55 14440.00 1500876.20
18/11/2016 102.40 101.51 102.99 102.77 87 49410.00 5071831.10
21/11/2016 102.99 102.99 104.43 104.39 586 128090.00 13325496.60
22/11/2016 105.15 105.01 106.81 105.91 210 64930.00 6872769.20
23/11/2016 105.00 103.51 106.04 106.01 54 16300.00 1717744.40
24/11/2016 105.90 104.53 106.21 105.03 62 29070.00 3069657.10
25/11/2016 103.50 102.98 105.26 105.26 73 91340.00 9569042.40
28/11/2016 105.26 105.00 107.65 107.65 106 147350.00 15778350.40
29/11/2016 106.56 104.57 106.67 104.57 57 34690.00 3676801.00
30/11/2016 106.38 105.66 106.93 106.06 46 14380.00 1527344.00
01/12/2016 105.00 101.38 105.00 101.91 79 25040.00 2578897.70
02/12/2016 101.70 99.60 103.33 103.20 81 31630.00 3198885.50
05/12/2016 103.44 102.37 103.98 102.41 45 21040.00 2169441.90
06/12/2016 102.45 102.44 104.65 104.46 93 57360.00 5977908.90
07/12/2016 105.62 104.56 105.90 105.08 76 130000.00 13660728.90
08/12/2016 105.41 103.66 105.82 103.92 58 58450.00 6087784.80
09/12/2016 105.34 103.51 105.35 103.63 36 313520.00 32492352.40
12/12/2016 102.25 101.08 102.80 101.21 65 103880.00 10523640.50
13/12/2016 101.01 100.94 102.66 101.49 51 17990.00 1827162.90
14/12/2016 101.50 99.59 101.56 99.59 64 34010.00 3425003.10
15/12/2016 100.72 98.76 100.72 99.85 57 10850.00 1079628.20
16/12/2016 100.57 100.00 101.35 100.00 51 51600.00 5179915.20
19/12/2016 100.10 97.85 100.20 97.87 286 58220.00 5719316.50
20/12/2016 98.49 97.66 99.11 98.62 435 169380.00 16697616.90
21/12/2016 98.62 97.61 99.31 98.71 92 39050.00 3853215.30
22/12/2016 98.55 97.17 98.55 97.90 254 379840.00 37169367.20
23/12/2016 98.41 98.39 99.50 99.08 46 37090.00 3663847.00
26/12/2016 99.74 99.72 100.65 100.26 51 59590.00 5983743.10
27/12/2016 101.00 100.14 101.07 100.40 262 48110.00 4848322.20
28/12/2016 100.91 100.91 102.50 102.30 71 12080.00 1231984.90
29/12/2016 102.24 102.24 103.20 103.20 60 18870.00 1940652.70
02/01/2017 102.99 101.91 102.99 101.99 104 108960.00 11113691.10
03/01/2017 101.99 101.99 105.65 105.65 141 67170.00 7046658.60
04/01/2017 103.54 103.54 105.91 105.50 147 45360.00 4783136.60
05/01/2017 105.00 105.00 106.72 106.10 58 15490.00 1643041.30
06/01/2017 106.00 103.30 106.97 105.45 123 32840.00 3467028.30
09/01/2017 105.45 105.44 106.25 105.55 34 6410.00 678048.00
10/01/2017 105.55 105.55 107.88 106.40 69 41830.00 4449434.10
11/01/2017 107.49 105.17 107.49 106.70 65 77450.00 8258859.10
12/01/2017 108.25 108.25 109.80 109.20 90 74460.00 8148316.80
13/01/2017 108.87 108.40 109.44 108.65 62 18060.00 1963241.60
16/01/2017 108.00 108.00 109.35 108.95 42 8500.00 924906.90
17/01/2017 108.95 108.64 110.33 109.79 72 19010.00 2084226.00
18/01/2017 109.33 109.29 110.50 109.49 250 31710.00 3483486.20
19/01/2017 109.46 108.59 110.00 109.41 100 101390.00 11091981.60
20/01/2017 109.46 109.46 110.52 110.14 63 19060.00 2093438.50
23/01/2017 110.49 110.48 112.36 112.10 70 10990.00 1222856.50
24/01/2017 111.45 111.45 112.93 112.36 110 75420.00 8481431.90
26/01/2017 111.76 111.76 113.75 112.96 85 17120.00 1936043.70
27/01/2017 112.37 112.01 113.08 112.71 55 14040.00 1582229.50
30/01/2017 113.58 109.63 113.58 109.82 103 24000.00 2651944.40
31/01/2017 111.47 110.19 111.48 110.35 123 21370.00 2359019.40
01/02/2017 110.99 108.50 112.98 110.59 312 180770.00 20018715.00
02/02/2017 108.22 108.22 110.90 110.32 75 26790.00 2956488.00
03/02/2017 110.32 108.50 111.35 110.74 168 84030.00 9309314.50
06/02/2017 111.00 109.18 111.33 109.20 112 39360.00 4327264.80
07/02/2017 110.45 109.10 110.50 109.52 82 139550.00 15279205.50
08/02/2017 109.43 108.99 110.47 110.47 420 454340.00 49903716.30
09/02/2017 110.19 110.19 111.30 110.90 343 168990.00 18719541.20
10/02/2017 110.95 110.95 112.80 112.64 777 669190.00 75274726.40
13/02/2017 112.70 112.54 114.20 113.93 237 53160.00 6050476.80
14/02/2017 113.95 113.00 114.23 113.59 272 189220.00 21506281.40
15/02/2017 114.49 113.68 115.89 115.89 796 97630.00 11225214.00
16/02/2017 115.89 115.35 116.70 115.48 207 231570.00 26863398.30
17/02/2017 115.98 114.57 115.98 115.47 56 230760.00 26638744.60
20/02/2017 116.00 115.55 116.99 116.63 303 70090.00 8176047.60
21/02/2017 115.02 115.02 119.08 117.58 127 235040.00 27624631.60
22/02/2017 118.99 116.40 118.99 117.10 61 47680.00 5579048.50
23/02/2017 118.00 114.84 118.45 114.99 97 78990.00 9109019.10
24/02/2017 113.75 113.00 114.50 113.57 113 66550.00 7564340.30
01/03/2017 113.28 113.28 114.74 114.26 205 11520.00 1316932.10
02/03/2017 113.28 111.87 113.53 112.29 110 328420.00 36904241.90
03/03/2017 113.43 112.33 113.95 113.91 783 364250.00 41242575.90
06/03/2017 114.49 112.64 114.49 113.16 164 250300.00 28317374.40
07/03/2017 113.03 111.98 113.74 111.98 102 60130.00 6774583.70
08/03/2017 112.01 110.10 112.01 110.29 73 13250.00 1468833.40
09/03/2017 109.85 109.58 110.91 110.30 936 211710.00 23335723.40
10/03/2017 110.50 110.29 112.20 110.29 97 88360.00 9789809.50
13/03/2017 111.00 111.00 113.51 111.91 254 63490.00 7087919.50
14/03/2017 111.20 110.54 111.93 110.54 109 40390.00 4486962.10
15/03/2017 111.06 110.29 113.05 112.90 120 49590.00 5562390.60
16/03/2017 113.31 111.99 113.44 112.19 109 126580.00 14204343.40
17/03/2017 112.19 109.69 112.65 109.75 106 78590.00 8686372.40
20/03/2017 109.75 108.64 110.99 110.65 114 65350.00 7192627.40
21/03/2017 111.09 107.18 111.09 107.68 198 68880.00 7445957.00
22/03/2017 107.11 106.88 108.87 108.35 85 30990.00 3351668.90
23/03/2017 107.93 107.93 109.00 108.58 58 12840.00 1394088.20
24/03/2017 108.80 108.50 109.07 108.95 78 21340.00 2323871.50
27/03/2017 107.99 107.87 109.80 109.72 164 162590.00 17701753.60
28/03/2017 109.71 109.69 110.94 110.44 74 44040.00 4857501.80
29/03/2017 110.58 110.28 112.10 112.01 178 46770.00 5218637.00
30/03/2017 112.00 111.40 112.08 111.75 80 17760.00 1983676.80
31/03/2017 112.00 111.01 112.31 111.11 90 28550.00 3189553.80
03/04/2017 110.51 110.51 111.80 111.52 148 45280.00 5046897.20
04/04/2017 111.52 111.26 112.50 112.43 139 44780.00 5015304.60
05/04/2017 112.50 110.41 113.19 110.87 128 31950.00 3568447.50
06/04/2017 110.87 109.41 111.24 110.00 94 40710.00 4480459.20
07/04/2017 110.00 109.98 111.76 110.58 288 45350.00 5014676.90
10/04/2017 110.79 110.04 111.02 110.93 120 47930.00 5304533.70
11/04/2017 110.52 108.54 111.09 110.22 143 50370.00 5540642.00
12/04/2017 110.49 109.30 110.49 109.45 139 38360.00 4209822.60
13/04/2017 108.73 107.83 109.66 107.83 112 75960.00 8233800.70
17/04/2017 108.65 108.00 110.34 110.32 106 87850.00 9595717.90
18/04/2017 109.56 109.22 110.41 110.10 95 69030.00 7590408.80
19/04/2017 110.21 108.42 110.21 108.66 109 139780.00 15198433.80
20/04/2017 108.65 108.65 109.97 109.05 120 35940.00 3927730.40
24/04/2017 109.12 109.12 110.73 110.19 98 99510.00 10969937.90
25/04/2017 109.90 109.62 111.67 111.67 214 122600.00 13555457.10
26/04/2017 110.95 110.76 111.96 111.17 100 61230.00 6823240.40
27/04/2017 111.22 110.22 111.33 110.66 56 23370.00 2587041.60
28/04/2017 110.97 110.97 111.94 111.89 90 47720.00 5334141.80
02/05/2017 112.00 112.00 114.56 114.04 135 69350.00 7902717.40
03/05/2017 113.78 112.72 113.78 113.05 102 36520.00 4135847.90
04/05/2017 112.80 110.81 112.81 111.23 103 86210.00 9590580.40
05/05/2017 111.30 111.30 112.59 112.41 67 64140.00 7191261.00
08/05/2017 112.50 111.89 113.02 112.17 86 60030.00 6737852.00
09/05/2017 112.19 112.19 113.87 113.36 88 34490.00 3909899.00
10/05/2017 114.15 113.43 115.68 115.27 242 67040.00 7720963.80
11/05/2017 115.27 115.27 115.93 115.53 55 108090.00 12490750.50
12/05/2017 116.03 116.03 117.19 116.68 128 129690.00 15135167.30
15/05/2017 117.00 116.52 117.51 117.16 117 152050.00 17801285.60
16/05/2017 117.00 116.60 117.74 117.74 177 95320.00 11179021.80
17/05/2017 117.09 115.15 117.09 115.88 156 158300.00 18302072.40
18/05/2017 104.00 99.00 109.90 105.96 742 219530.00 23288991.50
19/05/2017 106.88 106.88 109.89 107.28 190 98790.00 10628569.20
22/05/2017 105.73 104.40 106.61 105.91 427 139120.00 14655075.90
23/05/2017 105.01 105.01 108.01 107.33 90 62390.00 6667073.30
24/05/2017 108.64 106.30 109.79 108.30 98 49560.00 5361228.20
25/05/2017 108.68 107.62 109.44 108.50 272 49400.00 5353384.00
26/05/2017 108.84 108.84 109.96 109.72 494 109940.00 12061033.80
29/05/2017 108.52 108.52 109.54 109.25 110 10930.00 1194352.20
30/05/2017 109.33 108.37 110.40 109.56 171 65650.00 7187355.60
31/05/2017 108.93 107.46 109.32 107.52 151 151150.00 16303098.10
01/06/2017 108.00 106.72 108.43 106.90 97 33700.00 3626565.90
02/06/2017 106.91 106.80 107.53 107.06 40 13440.00 1439293.30
05/06/2017 106.51 106.51 107.51 107.00 80 8910.00 952824.20
06/06/2017 107.00 107.00 108.56 107.99 93 24090.00 2594127.20
07/06/2017 108.41 107.40 109.00 108.25 80 58770.00 6354594.50
08/06/2017 107.17 107.00 107.84 107.60 46 16820.00 1811154.60
09/06/2017 108.24 106.78 108.24 106.78 46 13970.00 1494186.20
12/06/2017 106.96 105.16 106.96 105.97 88 25510.00 2705321.10
13/06/2017 106.01 105.50 106.25 106.19 54 18280.00 1937301.20
14/06/2017 106.57 105.73 107.22 106.18 72 14830.00 1580141.20
16/06/2017 105.66 105.07 105.91 105.91 78 96410.00 10165289.70
