20/06/2016 1.56 1.54 1.60 1.54 205 269400.00 420339.00
21/06/2016 1.54 1.53 1.57 1.57 128 230400.00 358162.00
22/06/2016 1.55 1.53 1.57 1.53 205 212400.00 327926.00
23/06/2016 1.55 1.53 1.56 1.53 207 825700.00 1279052.00
24/06/2016 1.52 1.49 1.61 1.60 244 606100.00 941694.00
27/06/2016 1.59 1.56 1.65 1.65 315 564600.00 908782.00
28/06/2016 1.63 1.61 1.66 1.61 255 255600.00 416129.00
29/06/2016 1.60 1.60 1.66 1.63 224 247800.00 404668.00
30/06/2016 1.63 1.61 1.65 1.63 109 124700.00 202424.00
01/07/2016 1.62 1.61 1.73 1.71 276 644700.00 1085530.00
04/07/2016 1.73 1.70 1.75 1.73 183 296800.00 511381.00
05/07/2016 1.72 1.70 1.75 1.73 109 258400.00 444758.00
06/07/2016 1.70 1.68 1.79 1.79 354 436100.00 757019.00
07/07/2016 1.79 1.73 1.82 1.76 337 387200.00 689044.00
08/07/2016 1.79 1.71 1.79 1.71 229 193400.00 334707.00
11/07/2016 1.72 1.70 1.84 1.82 810 479800.00 859685.00
12/07/2016 1.84 1.80 1.90 1.80 192 417400.00 774074.00
13/07/2016 1.81 1.78 1.84 1.81 139 177200.00 321074.00
14/07/2016 1.84 1.83 1.87 1.86 127 195700.00 362102.00
15/07/2016 1.84 1.81 1.90 1.87 212 252000.00 469981.00
18/07/2016 1.89 1.88 1.97 1.95 280 517900.00 1000279.00
19/07/2016 1.96 1.88 1.96 1.92 280 360100.00 689099.00
20/07/2016 1.92 1.88 1.95 1.90 174 297700.00 566649.00
21/07/2016 1.90 1.90 1.94 1.92 198 119100.00 228449.00
22/07/2016 1.94 1.91 2.14 2.14 812 1056000.00 2170459.00
25/07/2016 2.15 2.12 2.22 2.19 458 513800.00 1118134.00
26/07/2016 2.21 2.16 2.27 2.22 790 343500.00 762454.00
27/07/2016 2.22 2.03 2.23 2.08 647 465200.00 991389.00
28/07/2016 2.11 2.01 2.13 2.13 235 230100.00 475027.00
29/07/2016 2.14 2.06 2.18 2.18 463 429900.00 914757.00
01/08/2016 2.18 2.12 2.18 2.13 399 460000.00 984843.00
02/08/2016 2.13 1.99 2.14 2.02 282 459500.00 937386.00
03/08/2016 2.02 1.94 2.07 2.03 444 416500.00 843745.00
04/08/2016 2.08 2.04 2.10 2.06 194 241300.00 499532.00
05/08/2016 2.07 2.02 2.11 2.06 207 318600.00 659454.00
08/08/2016 2.08 1.96 2.08 1.96 285 450600.00 905072.00
09/08/2016 1.98 1.98 2.03 2.02 203 204900.00 412621.00
10/08/2016 2.00 1.97 2.01 1.98 125 236200.00 469475.00
11/08/2016 2.00 1.95 2.01 2.00 277 347800.00 689599.00
12/08/2016 2.01 1.95 2.01 1.97 220 361600.00 714379.00
15/08/2016 2.00 1.97 2.06 2.00 348 726900.00 1468127.00
16/08/2016 2.01 1.97 2.02 1.98 207 387100.00 774078.00
17/08/2016 1.98 1.86 1.98 1.91 565 843700.00 1622802.00
18/08/2016 1.89 1.86 1.93 1.89 539 569400.00 1073657.00
19/08/2016 1.90 1.85 1.96 1.86 315 372800.00 705707.00
22/08/2016 1.85 1.80 1.90 1.80 467 608700.00 1117683.00
23/08/2016 1.81 1.77 1.86 1.85 400 553300.00 1005309.00
24/08/2016 1.83 1.78 1.84 1.78 1160 414200.00 748391.00
25/08/2016 1.79 1.78 1.84 1.84 115 167500.00 305762.00
26/08/2016 1.84 1.79 1.87 1.80 581 342800.00 625047.00
29/08/2016 1.80 1.79 1.83 1.79 252 201600.00 364264.00
30/08/2016 1.80 1.76 1.82 1.77 412 275800.00 490700.00
31/08/2016 1.80 1.78 1.82 1.81 254 302100.00 545887.00
01/09/2016 1.81 1.75 1.81 1.77 613 360100.00 639894.00
02/09/2016 1.78 1.76 1.80 1.79 699 386600.00 688930.00
05/09/2016 1.80 1.80 1.90 1.87 294 524900.00 973624.00
06/09/2016 1.87 1.82 1.89 1.82 261 363500.00 671908.00
08/09/2016 1.81 1.76 1.83 1.79 368 600500.00 1075365.00
09/09/2016 1.78 1.76 1.79 1.78 277 425400.00 753445.00
12/09/2016 1.77 1.75 1.78 1.75 257 890000.00 1567627.00
13/09/2016 1.76 1.64 1.76 1.64 565 1139900.00 1918427.00
14/09/2016 1.64 1.59 1.66 1.63 483 829200.00 1345551.00
15/09/2016 1.63 1.61 1.65 1.62 206 323100.00 527496.00
16/09/2016 1.61 1.58 1.64 1.61 220 379400.00 609932.00
19/09/2016 1.61 1.56 1.65 1.56 262 694500.00 1099722.00
20/09/2016 1.57 1.54 1.58 1.54 129 314800.00 490469.00
21/09/2016 1.55 1.52 1.61 1.60 840 620100.00 975881.00
22/09/2016 1.60 1.60 1.63 1.60 131 317600.00 512478.00
23/09/2016 1.60 1.60 1.65 1.64 311 329700.00 537770.00
26/09/2016 1.64 1.60 1.64 1.64 93 184700.00 299380.00
27/09/2016 1.62 1.61 1.64 1.62 82 230900.00 375276.00
28/09/2016 1.62 1.60 1.64 1.62 190 423300.00 686264.00
29/09/2016 1.62 1.60 1.68 1.60 195 413600.00 679295.00
30/09/2016 1.62 1.58 1.63 1.58 150 269600.00 431616.00
03/10/2016 1.60 1.59 1.65 1.61 175 337900.00 546630.00
04/10/2016 1.62 1.60 1.62 1.60 70 96100.00 154873.00
05/10/2016 1.62 1.62 1.66 1.66 276 482100.00 793300.00
06/10/2016 1.66 1.66 1.77 1.70 441 626800.00 1074838.00
07/10/2016 1.72 1.69 1.74 1.73 111 160900.00 276180.00
10/10/2016 1.72 1.70 1.76 1.76 86 150900.00 261460.00
11/10/2016 1.75 1.69 1.75 1.69 184 424400.00 728312.00
13/10/2016 1.70 1.67 1.73 1.73 216 395900.00 675350.00
14/10/2016 1.74 1.69 1.74 1.69 156 331000.00 567788.00
17/10/2016 1.70 1.68 1.71 1.68 159 147200.00 250076.00
18/10/2016 1.69 1.68 1.77 1.77 193 554400.00 954564.00
19/10/2016 1.78 1.72 1.80 1.79 615 1207900.00 2150550.00
20/10/2016 1.79 1.77 1.88 1.85 575 1389800.00 2533880.00
21/10/2016 1.86 1.80 1.87 1.80 282 774900.00 1419932.00
24/10/2016 1.82 1.79 1.84 1.79 206 980700.00 1783972.00
25/10/2016 1.81 1.75 1.81 1.81 263 907500.00 1615187.00
26/10/2016 1.80 1.74 1.80 1.74 488 839200.00 1478114.00
27/10/2016 1.76 1.71 1.77 1.77 388 641600.00 1117764.00
28/10/2016 1.77 1.73 1.81 1.73 554 869700.00 1532260.00
31/10/2016 1.73 1.68 1.76 1.72 317 564700.00 977813.00
01/11/2016 1.75 1.69 1.77 1.69 415 813200.00 1391419.00
03/11/2016 1.68 1.62 1.68 1.64 347 668100.00 1100260.00
04/11/2016 1.65 1.61 1.65 1.61 257 654400.00 1067381.00
07/11/2016 1.66 1.63 1.67 1.63 197 334400.00 550562.00
08/11/2016 1.63 1.62 1.65 1.63 249 277400.00 452462.00
09/11/2016 1.60 1.58 1.65 1.63 212 909000.00 1459734.00
10/11/2016 1.65 1.62 1.66 1.65 236 996700.00 1638880.00
11/11/2016 1.64 1.64 1.76 1.74 879 1670300.00 2862954.00
14/11/2016 1.70 1.70 1.83 1.79 726 1664500.00 2977622.00
16/11/2016 1.79 1.67 1.80 1.70 320 343100.00 590923.00
17/11/2016 1.69 1.66 1.72 1.69 641 472000.00 799167.00
18/11/2016 1.69 1.66 1.70 1.66 265 664600.00 1116347.00
21/11/2016 1.68 1.62 1.70 1.64 251 313200.00 519673.00
22/11/2016 1.67 1.63 1.70 1.63 230 493500.00 822096.00
23/11/2016 1.64 1.61 1.66 1.65 164 543900.00 886862.00
24/11/2016 1.65 1.64 1.68 1.65 157 489100.00 809974.00
25/11/2016 1.66 1.61 1.66 1.61 175 378500.00 614281.00
28/11/2016 1.62 1.61 1.64 1.63 165 469700.00 761600.00
29/11/2016 1.63 1.61 1.65 1.64 262 367300.00 598739.00
30/11/2016 1.63 1.62 1.64 1.62 260 364100.00 595034.00
01/12/2016 1.61 1.50 1.64 1.54 386 604700.00 958951.00
02/12/2016 1.53 1.53 1.59 1.56 151 207600.00 322603.00
05/12/2016 1.57 1.56 1.61 1.57 78 108300.00 171351.00
06/12/2016 1.57 1.54 1.58 1.57 146 435600.00 679358.00
07/12/2016 1.56 1.56 1.60 1.58 359 975600.00 1554247.00
08/12/2016 1.59 1.56 1.60 1.56 106 183400.00 289528.00
09/12/2016 1.57 1.54 1.58 1.56 91 166200.00 258636.00
12/12/2016 1.56 1.54 1.56 1.56 150 200700.00 310547.00
13/12/2016 1.55 1.55 1.60 1.58 113 189500.00 298635.00
14/12/2016 1.57 1.48 1.57 1.49 1583 2036500.00 3068761.00
15/12/2016 1.49 1.46 1.53 1.53 170 431300.00 642514.00
16/12/2016 1.53 1.52 1.57 1.56 179 289200.00 447062.00
19/12/2016 1.57 1.49 1.57 1.50 284 704200.00 1088963.00
20/12/2016 1.51 1.46 1.52 1.47 335 314500.00 467067.00
21/12/2016 1.48 1.48 1.51 1.51 213 176300.00 263712.00
22/12/2016 1.51 1.48 1.51 1.49 221 111900.00 167504.00
23/12/2016 1.51 1.48 1.53 1.51 259 8719600.00 13166110.00
26/12/2016 1.52 1.50 1.54 1.52 98 218100.00 331911.00
27/12/2016 1.53 1.48 1.53 1.49 110 329800.00 499584.00
28/12/2016 1.49 1.48 1.52 1.50 176 181900.00 272514.00
29/12/2016 1.51 1.50 1.53 1.52 71 183700.00 278739.00
02/01/2017 1.50 1.49 1.52 1.51 748 390100.00 585735.00
03/01/2017 1.52 1.50 1.57 1.51 432 652200.00 992349.00
04/01/2017 1.51 1.48 1.54 1.50 3713 1047800.00 1574196.00
05/01/2017 1.51 1.48 1.52 1.49 276 831600.00 1243909.00
06/01/2017 1.50 1.46 1.50 1.47 309 520100.00 768302.00
09/01/2017 1.48 1.46 1.49 1.47 560 565700.00 834461.00
10/01/2017 1.48 1.46 1.49 1.46 141 832800.00 1227579.00
11/01/2017 1.47 1.37 1.48 1.43 405 945100.00 1350177.00
12/01/2017 1.45 1.45 1.52 1.45 498 611300.00 903355.00
13/01/2017 1.45 1.44 1.47 1.45 661 471300.00 686756.00
16/01/2017 1.45 1.44 1.49 1.44 344 447500.00 651296.00
17/01/2017 1.45 1.43 1.48 1.44 1299 2214000.00 3222706.00
18/01/2017 1.45 1.44 1.50 1.45 782 1566800.00 2300609.00
19/01/2017 1.44 1.39 1.46 1.40 564 847600.00 1202990.00
20/01/2017 1.41 1.41 1.44 1.43 560 376600.00 537644.00
23/01/2017 1.43 1.43 1.46 1.45 2277 1659000.00 2399424.00
24/01/2017 1.47 1.43 1.49 1.43 815 944400.00 1372988.00
26/01/2017 1.44 1.44 1.51 1.50 753 1510000.00 2234114.00
27/01/2017 1.53 1.52 1.62 1.57 1662 5044800.00 7934039.00
30/01/2017 1.59 1.43 1.60 1.45 1374 3973300.00 5874067.00
31/01/2017 1.48 1.43 1.48 1.44 806 2156000.00 3120979.00
01/02/2017 1.44 1.41 1.46 1.42 1707 2817900.00 4008406.00
02/02/2017 1.43 1.40 1.43 1.40 706 2164800.00 3061001.00
03/02/2017 1.42 1.41 1.43 1.43 617 1842000.00 2614668.00
06/02/2017 1.44 1.40 1.46 1.41 791 3163600.00 4478199.00
07/02/2017 1.42 1.39 1.42 1.40 594 1413800.00 1982178.00
08/02/2017 1.40 1.33 1.40 1.34 859 2758500.00 3744364.00
09/02/2017 1.36 1.32 1.39 1.35 1111 3308400.00 4464028.00
10/02/2017 1.38 1.27 1.38 1.28 1895 36115400.00 48255941.00
13/02/2017 1.30 1.27 1.33 1.30 2074 4968200.00 6479156.00
14/02/2017 1.31 1.26 1.33 1.27 1418 3293100.00 4213752.00
15/02/2017 1.28 1.20 1.28 1.25 1564 3436100.00 4290019.00
16/02/2017 1.25 1.21 1.30 1.22 1302 5777100.00 7159984.00
17/02/2017 1.23 1.19 1.28 1.27 1706 3739400.00 4610997.00
20/02/2017 1.29 1.28 1.37 1.36 2044 5336500.00 7095271.00
21/02/2017 1.40 1.36 1.43 1.40 1447 3976900.00 5556400.00
22/02/2017 1.40 1.32 1.40 1.34 666 1752700.00 2368389.00
23/02/2017 1.35 1.30 1.37 1.35 1189 1702500.00 2280151.00
24/02/2017 1.34 1.32 1.36 1.34 1379 1815800.00 2424316.00
01/03/2017 1.37 1.34 1.41 1.41 1224 1613500.00 2237374.00
02/03/2017 1.41 1.38 1.44 1.39 1475 1859300.00 2610193.00
03/03/2017 1.40 1.39 1.53 1.51 2437 6287500.00 9171105.00
06/03/2017 1.51 1.46 1.53 1.46 1671 2206900.00 3293266.00
07/03/2017 1.46 1.40 1.49 1.43 1828 2550500.00 3666138.00
08/03/2017 1.43 1.38 1.46 1.40 1894 1615100.00 2267783.00
09/03/2017 1.40 1.36 1.45 1.40 2909 2267800.00 3185825.00
10/03/2017 1.41 1.37 1.42 1.39 1516 1499100.00 2087034.00
13/03/2017 1.40 1.38 1.43 1.41 1631 1494700.00 2095318.00
14/03/2017 1.42 1.38 1.42 1.38 1966 2920900.00 4048531.00
15/03/2017 1.40 1.35 1.40 1.37 1604 1593500.00 2181804.00
16/03/2017 1.37 1.35 1.47 1.44 1485 1955600.00 2760853.00
17/03/2017 1.44 1.31 1.47 1.37 1252 5882600.00 8057048.00
20/03/2017 1.36 1.32 1.38 1.34 267 949000.00 1289295.00
21/03/2017 1.33 1.31 1.36 1.32 300 896700.00 1191748.00
22/03/2017 1.31 1.31 1.34 1.33 196 516900.00 686523.00
23/03/2017 1.33 1.31 1.36 1.36 301 619200.00 827636.00
24/03/2017 1.36 1.34 1.38 1.34 253 350600.00 475127.00
27/03/2017 1.33 1.32 1.35 1.33 94 196200.00 262197.00
28/03/2017 1.34 1.33 1.39 1.39 203 426900.00 581310.00
29/03/2017 1.39 1.37 1.40 1.38 155 374600.00 516951.00
30/03/2017 1.37 1.34 1.37 1.35 212 419200.00 567484.00
31/03/2017 1.34 1.32 1.37 1.35 425 1062400.00 1436243.00
03/04/2017 1.43 1.35 1.46 1.36 1020 1874400.00 2639200.00
04/04/2017 1.36 1.33 1.37 1.34 314 334500.00 450857.00
05/04/2017 1.35 1.31 1.37 1.32 371 529800.00 707372.00
06/04/2017 1.32 1.31 1.35 1.32 344 695900.00 926109.00
07/04/2017 1.32 1.32 1.36 1.32 252 322400.00 430723.00
10/04/2017 1.34 1.33 1.36 1.33 268 230500.00 308034.00
11/04/2017 1.35 1.33 1.37 1.33 267 707700.00 948185.00
12/04/2017 1.33 1.28 1.33 1.29 650 805100.00 1049385.00
13/04/2017 1.30 1.29 1.32 1.29 116 215000.00 279301.00
17/04/2017 1.30 1.28 1.31 1.28 154 299100.00 385247.00
18/04/2017 1.28 1.28 1.35 1.29 305 1064700.00 1393815.00
19/04/2017 1.29 1.27 1.31 1.28 192 459300.00 591222.00
20/04/2017 1.28 1.27 1.29 1.29 101 173600.00 222618.00
24/04/2017 1.32 1.29 1.33 1.32 288 949600.00 1246632.00
25/04/2017 1.31 1.29 1.31 1.30 190 334600.00 434992.00
26/04/2017 1.30 1.28 1.30 1.29 123 452200.00 586499.00
27/04/2017 1.30 1.27 1.32 1.32 433 771500.00 995874.00
28/04/2017 1.31 1.30 1.32 1.30 431 467600.00 611939.00
02/05/2017 1.31 1.31 1.35 1.34 837 566600.00 756438.00
03/05/2017 1.34 1.33 1.36 1.34 296 290700.00 390893.00
04/05/2017 1.35 1.29 1.35 1.30 179 282600.00 369717.00
05/05/2017 1.30 1.29 1.32 1.31 223 282000.00 368135.00
08/05/2017 1.31 1.29 1.32 1.31 127 636800.00 832900.00
09/05/2017 1.31 1.31 1.34 1.31 105 199200.00 263044.00
10/05/2017 1.33 1.31 1.35 1.31 124 188700.00 251531.00
11/05/2017 1.34 1.30 1.34 1.30 153 189700.00 248867.00
12/05/2017 1.31 1.30 1.33 1.31 104 193700.00 254610.00
15/05/2017 1.32 1.31 1.35 1.35 268 397100.00 526782.00
16/05/2017 1.33 1.31 1.36 1.31 501 604100.00 805006.00
17/05/2017 1.34 1.33 1.49 1.49 2271 8231800.00 11923301.00
18/05/2017 1.27 1.26 1.36 1.29 1269 3765000.00 4879245.00
19/05/2017 1.33 1.32 1.39 1.34 583 2026900.00 2746896.00
22/05/2017 1.33 1.29 1.34 1.29 251 893300.00 1169161.00
23/05/2017 1.30 1.29 1.33 1.30 230 813000.00 1065530.00
24/05/2017 1.31 1.30 1.33 1.30 204 858200.00 1125519.00
25/05/2017 1.30 1.30 1.36 1.31 493 1317300.00 1738257.00
26/05/2017 1.31 1.30 1.33 1.30 427 588300.00 772352.00
29/05/2017 1.33 1.31 1.35 1.32 628 1241300.00 1644547.00
30/05/2017 1.32 1.30 1.37 1.32 411 904200.00 1207473.00
31/05/2017 1.33 1.29 1.33 1.30 1798 2161700.00 2824539.00
01/06/2017 1.31 1.29 1.31 1.30 578 510300.00 663406.00
02/06/2017 1.30 1.30 1.32 1.30 528 943700.00 1241380.00
05/06/2017 1.32 1.31 1.35 1.34 291 647100.00 858450.00
06/06/2017 1.34 1.32 1.35 1.32 280 689700.00 918080.00
07/06/2017 1.33 1.32 1.34 1.33 235 654900.00 869544.00
08/06/2017 1.33 1.30 1.33 1.31 344 645300.00 847304.00
09/06/2017 1.32 1.30 1.33 1.31 195 418500.00 548227.00
12/06/2017 1.31 1.29 1.32 1.29 313 444300.00 578264.00
13/06/2017 1.30 1.29 1.31 1.30 382 401100.00 522869.00
14/06/2017 1.33 1.30 1.33 1.30 377 774100.00 1017484.00
16/06/2017 1.30 1.30 1.31 1.30 112 115700.00 150695.00
