20/06/2016 394.00 394.00 405.67 399.00 9 3800.00 1534736.00
21/06/2016 401.01 400.00 401.01 400.00 5 500.00 200201.00
22/06/2016 401.00 401.00 401.00 401.00 5 500.00 200500.00
23/06/2016 399.00 399.00 415.00 415.00 7 800.00 324900.00
27/06/2016 400.00 384.88 414.79 414.79 31 4700.00 1881358.00
28/06/2016 415.04 415.02 418.00 417.99 7 1000.00 417399.00
29/06/2016 417.99 417.99 427.00 427.00 6 600.00 253899.00
30/06/2016 427.00 427.00 429.02 429.00 13 2600.00 1115163.00
01/07/2016 429.00 428.50 429.00 428.50 6 600.00 257300.00
04/07/2016 427.00 427.00 427.00 427.00 1 100.00 42700.00
06/07/2016 410.11 410.11 424.93 424.93 5 500.00 210983.00
08/07/2016 424.92 424.92 424.92 424.92 5 500.00 212460.00
11/07/2016 427.00 424.92 427.00 424.92 3 300.00 127684.00
15/07/2016 427.00 426.50 427.00 426.50 4 400.00 170750.00
18/07/2016 424.92 424.92 429.00 429.00 2 200.00 85392.00
20/07/2016 422.56 419.39 425.00 425.00 16 2100.00 884479.00
21/07/2016 409.28 409.28 411.01 410.01 12 1500.00 614466.00
22/07/2016 400.00 397.83 417.93 417.93 12 1800.00 722880.00
25/07/2016 399.45 396.45 417.92 417.92 22 2200.00 893793.00
26/07/2016 420.00 396.50 420.00 417.97 28 2900.00 1182728.00
27/07/2016 420.00 417.90 420.00 417.90 2 200.00 83790.00
28/07/2016 420.00 420.00 424.00 424.00 2 200.00 84400.00
29/07/2016 433.00 425.00 434.99 434.99 18 1800.00 774978.00
01/08/2016 420.03 420.03 433.00 433.00 3 300.00 128053.00
04/08/2016 428.00 428.00 434.00 434.00 3 300.00 129200.00
05/08/2016 429.10 429.10 434.80 434.80 2 200.00 86390.00
09/08/2016 435.00 435.00 440.00 440.00 8 800.00 351001.00
10/08/2016 432.00 432.00 443.00 443.00 8 800.00 350501.00
11/08/2016 440.00 430.00 450.00 450.00 16 1700.00 752276.00
12/08/2016 445.00 445.00 456.00 456.00 2 200.00 90100.00
15/08/2016 450.20 450.20 462.00 462.00 2 200.00 91220.00
16/08/2016 464.00 455.10 464.00 461.00 8 800.00 368412.00
17/08/2016 459.01 459.01 462.50 462.50 4 400.00 184401.00
18/08/2016 462.50 455.00 462.50 456.01 13 1300.00 596517.00
19/08/2016 455.00 454.00 460.00 460.00 9 900.00 411950.00
22/08/2016 452.00 448.00 456.00 456.00 4 400.00 180800.00
23/08/2016 456.00 456.00 456.00 456.00 4 400.00 182400.00
24/08/2016 456.00 456.00 456.00 456.00 2 200.00 91200.00
25/08/2016 452.00 452.00 455.00 454.50 5 500.00 226950.00
26/08/2016 451.01 440.00 459.98 459.98 10 1000.00 450495.00
31/08/2016 449.68 449.68 479.99 470.00 10 1300.00 599666.00
01/09/2016 478.99 470.00 478.99 478.99 33 4400.00 2096650.00
02/09/2016 472.01 465.00 479.00 478.99 22 2200.00 1040980.00
05/09/2016 450.00 450.00 470.05 464.98 27 3800.00 1761600.00
06/09/2016 460.00 450.00 469.39 464.95 28 3500.00 1604902.00
08/09/2016 465.00 464.01 466.00 464.99 16 1700.00 791011.00
09/09/2016 466.00 466.00 467.99 467.99 5 500.00 233299.00
12/09/2016 478.57 464.05 478.57 467.97 13 1400.00 654536.00
13/09/2016 468.20 467.00 469.00 468.99 9 900.00 421765.00
14/09/2016 470.00 469.59 470.00 469.59 9 900.00 422856.00
15/09/2016 472.00 472.00 476.01 472.00 28 3100.00 1471099.00
16/09/2016 467.00 467.00 480.10 480.10 29 25600.00 12284610.00
19/09/2016 480.00 463.45 490.00 465.01 19 15200.00 7286523.00
20/09/2016 471.35 471.35 471.35 471.35 2 200.00 94270.00
21/09/2016 470.00 470.00 471.00 471.00 4 400.00 188300.00
22/09/2016 471.50 471.50 471.50 471.50 3 300.00 141450.00
23/09/2016 469.01 469.01 471.50 471.50 3 1000.00 471251.00
27/09/2016 460.00 460.00 466.94 464.00 15 1800.00 831877.00
28/09/2016 464.99 464.99 471.99 471.99 11 1100.00 515587.00
29/09/2016 471.00 467.02 472.99 467.02 5 500.00 234903.00
30/09/2016 472.00 468.00 490.98 490.98 11 1100.00 526933.00
05/10/2016 460.34 460.34 487.99 480.05 12 1200.00 569360.00
06/10/2016 485.00 485.00 494.79 485.04 6 600.00 292686.00
13/10/2016 480.19 480.01 484.65 480.01 5 500.00 240504.00
14/10/2016 485.00 485.00 485.00 485.00 1 100.00 48500.00
17/10/2016 485.00 485.00 493.00 493.00 3 300.00 146300.00
18/10/2016 500.89 500.89 500.89 500.89 1 100.00 50089.00
20/10/2016 496.00 495.00 502.00 502.00 10 1000.00 499301.00
26/10/2016 490.76 483.43 493.98 492.51 11 1500.00 731299.00
27/10/2016 493.98 492.00 496.99 492.53 15 1500.00 739507.00
28/10/2016 498.99 498.99 498.99 498.99 3 300.00 149697.00
31/10/2016 496.99 496.99 502.99 502.99 5 500.00 250197.00
03/11/2016 490.01 487.12 490.01 487.12 10 1000.00 488616.00
04/11/2016 480.23 450.00 480.23 450.00 13 1900.00 864045.00
07/11/2016 440.00 405.02 440.00 410.00 34 7300.00 3054238.00
08/11/2016 422.00 400.00 422.00 400.00 19 3200.00 1302616.00
09/11/2016 390.00 390.00 390.00 390.00 3 300.00 117000.00
10/11/2016 350.00 325.01 385.00 385.00 32 9700.00 3273977.00
11/11/2016 385.00 385.00 416.97 414.99 15 1600.00 632399.00
14/11/2016 414.99 414.99 430.00 430.00 4 400.00 169998.00
16/11/2016 400.09 400.00 426.99 424.03 16 1600.00 661454.00
17/11/2016 414.05 414.04 419.97 419.97 12 1200.00 501019.00
18/11/2016 411.00 409.00 435.00 435.00 18 1800.00 752218.00
21/11/2016 420.01 420.01 444.17 440.00 11 1100.00 476579.00
22/11/2016 432.03 432.03 449.99 449.81 15 1500.00 664101.00
23/11/2016 443.71 435.02 450.00 440.00 16 2500.00 1105927.00
24/11/2016 440.00 440.00 440.00 440.00 1 100.00 44000.00
25/11/2016 420.54 420.54 439.93 439.93 10 2000.00 869322.00
28/11/2016 445.00 430.01 454.99 454.99 14 1400.00 627798.00
29/11/2016 445.50 445.50 461.12 461.12 20 2000.00 914061.00
30/11/2016 460.00 450.00 463.00 463.00 15 2600.00 1194406.00
01/12/2016 450.00 450.00 459.83 459.83 9 1000.00 456881.00
02/12/2016 450.00 449.01 453.49 449.01 21 2100.00 945252.00
05/12/2016 449.00 449.00 460.00 460.00 7 900.00 412900.00
06/12/2016 459.90 459.90 464.79 460.00 21 2300.00 1060512.00
07/12/2016 460.00 457.00 466.00 457.00 16 1600.00 735402.00
08/12/2016 459.00 459.00 469.50 469.50 4 400.00 186290.00
09/12/2016 468.51 466.00 475.00 475.00 9 900.00 424200.00
13/12/2016 475.00 475.00 483.69 483.69 4 400.00 191469.00
14/12/2016 484.00 484.00 494.90 494.90 5 500.00 245669.00
15/12/2016 495.00 483.00 503.97 503.97 20 2600.00 1291285.00
16/12/2016 515.00 501.00 515.00 511.99 19 1900.00 966203.00
19/12/2016 511.99 511.99 520.00 520.00 7 700.00 361702.00
20/12/2016 520.00 520.00 531.96 531.96 7 700.00 370380.00
21/12/2016 531.96 530.00 535.00 533.49 17 6600.00 3520581.00
22/12/2016 535.00 535.00 545.00 545.00 7 700.00 379501.00
23/12/2016 545.04 536.00 579.00 579.00 18 2000.00 1143104.00
26/12/2016 585.00 585.00 604.00 604.00 4 400.00 238300.00
27/12/2016 586.05 581.65 615.00 615.00 20 2000.00 1203890.00
28/12/2016 600.00 600.00 634.99 634.99 19 2100.00 1319994.00
29/12/2016 635.00 633.00 668.99 668.99 27 3700.00 2450871.00
02/01/2017 660.00 645.00 660.00 645.00 7 700.00 453505.00
03/01/2017 647.51 645.01 647.51 645.01 3 300.00 193753.00
05/01/2017 630.21 625.00 630.21 625.00 11 1200.00 753042.00
06/01/2017 600.00 600.00 625.00 608.60 7 700.00 429621.00
09/01/2017 610.99 609.98 615.00 609.98 6 600.00 367092.00
10/01/2017 601.00 601.00 601.00 601.00 7 700.00 420700.00
11/01/2017 602.50 600.01 610.01 610.01 10 1000.00 604724.00
12/01/2017 615.00 600.00 615.00 600.00 12 1300.00 783012.00
13/01/2017 590.05 590.00 596.00 596.00 8 1600.00 946411.00
16/01/2017 596.00 596.00 597.01 597.01 2 200.00 119301.00
17/01/2017 594.00 594.00 600.00 600.00 3 300.00 179400.00
23/01/2017 591.00 585.00 591.00 585.00 8 800.00 469800.00
24/01/2017 591.99 591.99 593.00 593.00 3 300.00 177699.00
26/01/2017 588.52 588.52 604.99 604.98 10 4900.00 2953968.00
27/01/2017 595.00 595.00 639.99 639.99 4 800.00 482999.00
30/01/2017 630.00 630.00 649.99 649.99 4 800.00 509997.00
31/01/2017 650.00 607.37 650.00 646.99 35 5100.00 3203595.00
01/02/2017 621.51 618.01 644.50 630.00 12 1200.00 758300.00
02/02/2017 634.99 618.02 634.99 630.01 13 1700.00 1061711.00
03/02/2017 638.00 638.00 640.00 639.98 4 400.00 255796.00
06/02/2017 630.00 630.00 637.99 631.01 5 500.00 316102.00
07/02/2017 636.00 632.00 636.00 632.00 3 300.00 190000.00
08/02/2017 635.01 635.01 635.01 635.01 1 100.00 63501.00
09/02/2017 630.00 625.00 630.00 625.01 6 600.00 375902.00
13/02/2017 626.00 626.00 632.99 632.99 2 200.00 125899.00
15/02/2017 638.00 638.00 649.25 649.25 2 200.00 128725.00
16/02/2017 649.25 649.25 665.00 665.00 4 400.00 262925.00
17/02/2017 655.01 645.00 658.00 645.00 11 1100.00 715432.00
20/02/2017 646.00 645.00 646.00 645.00 2 200.00 129100.00
21/02/2017 620.03 620.02 629.98 629.98 7 700.00 438580.00
24/02/2017 600.00 600.00 600.00 600.00 1 100.00 60000.00
02/03/2017 600.00 600.00 600.00 600.00 1 100.00 60000.00
03/03/2017 601.00 601.00 604.00 604.00 2 200.00 120500.00
10/03/2017 590.00 590.00 610.00 610.00 3 300.00 179500.00
15/03/2017 600.00 600.00 615.00 615.00 2 200.00 121500.00
16/03/2017 615.00 615.00 615.00 615.00 1 100.00 61500.00
17/03/2017 615.00 602.00 625.00 602.00 4 2700.00 1629000.00
21/03/2017 602.00 571.90 602.00 599.99 6 700.00 417586.00
24/03/2017 570.17 570.16 606.00 606.00 11 1500.00 896353.00
27/03/2017 606.00 606.00 606.00 606.00 1 100.00 60600.00
28/03/2017 600.00 596.99 600.00 596.99 2 200.00 119699.00
29/03/2017 604.50 604.50 604.50 604.50 2 200.00 120900.00
30/03/2017 604.50 604.50 604.50 604.50 1 400.00 241800.00
31/03/2017 596.02 596.00 624.00 624.00 16 2200.00 1359203.00
03/04/2017 618.00 618.00 620.01 620.01 2 200.00 123801.00
05/04/2017 610.00 600.00 610.00 605.01 3 300.00 181501.00
12/04/2017 605.01 605.01 605.01 605.01 3 300.00 181503.00
13/04/2017 580.01 580.01 618.00 618.00 11 1100.00 669402.00
18/04/2017 610.00 610.00 620.00 620.00 2 200.00 123000.00
19/04/2017 605.00 600.21 610.01 610.00 7 700.00 425522.00
20/04/2017 603.01 596.00 604.00 596.00 7 700.00 420501.00
24/04/2017 595.00 595.00 595.00 595.00 5 500.00 297500.00
25/04/2017 581.68 551.82 581.68 560.00 25 3300.00 1859748.00
26/04/2017 560.00 560.00 560.00 560.00 1 100.00 56000.00
27/04/2017 560.00 560.00 574.94 574.94 6 600.00 342874.00
28/04/2017 580.00 580.00 580.00 580.00 6 600.00 348000.00
08/05/2017 580.00 580.00 580.00 580.00 1 100.00 58000.00
12/05/2017 580.00 580.00 580.00 580.00 1 100.00 58000.00
15/05/2017 580.00 580.00 580.00 580.00 1 100.00 58000.00
16/05/2017 550.00 550.00 579.98 574.99 3 600.00 335497.00
17/05/2017 550.23 550.23 569.99 569.99 4 400.00 226020.00
22/05/2017 569.99 545.00 569.99 545.00 2 500.00 282496.00
23/05/2017 537.00 537.00 565.00 565.00 4 400.00 223200.00
24/05/2017 565.00 565.00 580.00 565.00 5 500.00 284496.00
25/05/2017 560.00 553.01 570.00 570.00 11 1200.00 676906.00
26/05/2017 552.01 550.00 560.00 551.00 4 500.00 276301.00
30/05/2017 570.00 558.01 570.00 558.01 2 200.00 112801.00
31/05/2017 551.02 551.02 558.00 555.00 5 500.00 277402.00
01/06/2017 560.00 560.00 560.00 560.00 1 100.00 56000.00
02/06/2017 570.00 560.00 580.00 580.00 6 1000.00 570098.00
05/06/2017 588.00 588.00 588.00 588.00 1 100.00 58800.00
06/06/2017 590.00 590.00 605.00 605.00 3 400.00 238500.00
07/06/2017 605.00 593.01 605.00 599.00 4 400.00 239830.00
08/06/2017 598.98 598.98 598.99 598.99 3 300.00 179696.00
09/06/2017 587.00 587.00 594.99 594.99 6 600.00 354294.00
12/06/2017 595.00 590.00 595.00 590.00 7 700.00 413902.00
13/06/2017 594.99 589.60 594.99 589.99 5 500.00 295456.00
14/06/2017 591.50 591.50 594.00 594.00 3 300.00 177950.00
16/06/2017 596.73 578.04 605.00 578.04 38 25700.00 15332228.00
