20/06/2016 1.74 1.74 1.81 1.81 193 120952.08 214647.00
21/06/2016 1.84 1.80 1.86 1.84 204 69521.15 126206.00
22/06/2016 1.86 1.83 1.89 1.86 206 92449.46 171560.00
23/06/2016 1.86 1.86 1.94 1.94 177 129366.14 247190.00
24/06/2016 1.86 1.85 1.92 1.85 270 177010.74 334721.00
27/06/2016 1.83 1.79 1.83 1.83 24 13778.02 24983.00
28/06/2016 1.86 1.82 1.90 1.87 91 48170.48 89788.00
29/06/2016 1.93 1.91 1.95 1.95 457 137885.37 266213.00
30/06/2016 1.96 1.91 1.97 1.96 243 98549.65 192117.00
01/07/2016 1.98 1.98 2.05 2.01 182 146614.95 294948.00
04/07/2016 1.99 1.99 2.03 2.03 15 8203.71 16542.00
05/07/2016 1.98 1.98 2.07 1.99 294 112853.55 226249.00
06/07/2016 2.01 1.99 2.05 2.00 210 466980.20 932389.00
07/07/2016 2.03 2.02 2.03 2.02 46 3738050.28 7534796.00
08/07/2016 2.04 2.04 2.12 2.11 68 2470367.32 5122498.00
11/07/2016 2.11 2.11 2.15 2.14 45 59739.81 127244.00
12/07/2016 2.18 2.07 2.18 2.08 45 47223.90 99378.00
13/07/2016 2.05 2.05 2.12 2.08 67 37652.91 78449.00
14/07/2016 2.09 2.03 2.13 2.05 321 204146.07 424081.00
15/07/2016 2.06 2.05 2.11 2.08 22 43753.10 90928.00
18/07/2016 2.09 2.04 2.16 2.13 188 633683.72 1351524.00
19/07/2016 2.16 2.16 2.23 2.22 943 1599933.06 3530259.00
20/07/2016 2.25 2.19 2.28 2.23 355 835831.45 1880198.00
21/07/2016 2.27 2.22 2.31 2.24 412 288917.70 651556.00
22/07/2016 2.26 2.22 2.28 2.26 668 1568064.82 3509049.00
25/07/2016 2.28 2.24 2.30 2.26 73 157763.58 357784.00
26/07/2016 2.26 2.24 2.30 2.27 27 53639.62 122174.00
27/07/2016 2.24 2.20 2.26 2.23 100 97708.24 217842.00
28/07/2016 2.23 2.19 2.26 2.25 45 54060.32 120495.00
29/07/2016 2.25 2.22 2.31 2.29 90 119584.79 272286.00
01/08/2016 2.32 2.27 2.34 2.34 205 399457.39 923365.00
02/08/2016 2.35 2.35 2.47 2.35 135 159867.10 381109.00
03/08/2016 2.37 2.37 2.51 2.51 358 1853406.55 4498678.00
04/08/2016 2.52 2.52 2.61 2.61 99 159236.04 409039.00
05/08/2016 2.61 2.59 2.65 2.63 61 80143.90 210631.00
08/08/2016 2.64 2.57 2.79 2.58 71 133783.52 349307.00
09/08/2016 2.60 2.60 2.80 2.70 574 283343.39 774117.00
10/08/2016 2.73 2.64 2.77 2.69 491 227810.61 612748.00
11/08/2016 2.76 2.71 2.80 2.79 136 90977.00 251396.00
12/08/2016 2.80 2.73 2.80 2.79 72 58688.05 162781.00
15/08/2016 2.79 2.73 2.79 2.75 117 303957.83 837916.00
16/08/2016 2.76 2.74 2.78 2.75 75 131048.95 361460.00
17/08/2016 2.77 2.73 2.77 2.76 76 176695.21 483682.00
18/08/2016 2.73 2.73 2.77 2.75 107 355178.41 976004.00
19/08/2016 2.75 2.71 2.80 2.74 48 64788.24 179093.00
22/08/2016 2.75 2.66 2.75 2.66 55 41965.11 112497.00
23/08/2016 2.71 2.65 2.72 2.72 333 895571.26 2399454.00
24/08/2016 2.72 2.59 2.75 2.61 93 107279.23 286154.00
25/08/2016 2.59 2.50 2.60 2.52 114 97813.42 247889.00
26/08/2016 2.48 2.48 2.61 2.57 78 57636.29 147445.00
29/08/2016 2.57 2.53 2.63 2.59 42 33130.35 86219.00
30/08/2016 2.59 2.49 2.62 2.56 74 73623.00 187864.00
31/08/2016 2.56 2.52 2.56 2.56 32 36390.80 92465.00
01/09/2016 2.61 2.53 2.61 2.60 143 1179861.23 3019258.00
02/09/2016 2.60 2.56 2.65 2.56 108 93816.74 241452.00
05/09/2016 2.58 2.49 2.58 2.52 45 70257.38 177847.00
06/09/2016 2.51 2.47 2.52 2.47 31 51325.75 127818.00
08/09/2016 2.49 2.42 2.66 2.66 118 297016.23 779630.00
09/09/2016 2.61 2.50 2.61 2.56 121 86244.09 218838.00
12/09/2016 2.54 2.43 2.55 2.52 129 99916.93 251466.00
13/09/2016 2.48 2.37 2.57 2.57 97 132416.23 323998.00
14/09/2016 2.56 2.42 2.56 2.42 72 75095.46 184710.00
15/09/2016 2.42 2.38 2.42 2.39 114 163653.42 390965.00
16/09/2016 2.40 2.28 2.40 2.35 80 100863.52 234980.00
19/09/2016 2.35 2.34 2.42 2.38 45 50694.70 120314.00
20/09/2016 2.39 2.37 2.41 2.38 36 38599.49 91817.00
21/09/2016 2.40 2.38 2.46 2.44 38 43227.22 104494.00
22/09/2016 2.46 2.42 2.51 2.46 52 88978.66 219116.00
23/09/2016 2.55 2.44 2.56 2.52 59 90977.00 227905.00
26/09/2016 2.47 2.43 2.58 2.58 34 82247.41 208836.00
27/09/2016 2.54 2.49 2.57 2.54 94 35023.51 88592.00
28/09/2016 2.57 2.50 2.58 2.50 98 30921.66 78199.00
29/09/2016 2.52 2.44 2.55 2.55 68 120846.90 305858.00
30/09/2016 2.55 2.49 2.55 2.52 48 130523.07 328209.00
03/10/2016 2.56 2.43 2.56 2.50 260 225391.57 561892.00
04/10/2016 2.50 2.48 2.56 2.51 855 372216.87 937442.00
05/10/2016 2.53 2.50 2.56 2.50 742 831414.07 2096537.00
06/10/2016 2.51 2.47 2.55 2.50 73 172172.65 430947.00
07/10/2016 2.50 2.48 2.54 2.52 31 36706.33 92152.00
10/10/2016 2.52 2.52 2.59 2.54 57 38915.02 99153.00
11/10/2016 2.54 2.50 2.54 2.52 26 41228.88 103865.00
13/10/2016 2.51 2.50 2.51 2.51 29 63946.84 160511.00
14/10/2016 2.52 2.43 2.52 2.50 95 96972.01 242213.00
17/10/2016 2.50 2.49 2.54 2.50 296 172383.01 433762.00
18/10/2016 2.47 2.47 2.54 2.52 82 204566.78 515709.00
19/10/2016 2.52 2.43 2.53 2.50 75 87295.85 217884.00
20/10/2016 2.50 2.48 2.50 2.49 27 28818.15 71715.00
21/10/2016 2.47 2.44 2.50 2.44 74 43016.87 106358.00
24/10/2016 2.46 2.42 2.47 2.44 55 72991.95 178626.00
25/10/2016 2.47 2.42 2.47 2.42 34 36390.80 88625.00
26/10/2016 2.43 2.40 2.45 2.45 19 160918.85 394495.00
27/10/2016 2.43 2.41 2.44 2.42 21 28818.15 69661.00
28/10/2016 2.42 2.40 2.42 2.42 27 23769.71 57245.00
31/10/2016 2.42 2.34 2.42 2.37 93 169963.96 404246.00
01/11/2016 2.38 2.30 2.38 2.37 95 94552.97 222728.00
03/11/2016 2.34 2.30 2.39 2.31 98 94868.50 219911.00
04/11/2016 2.31 2.28 2.31 2.30 130 136518.09 313922.00
07/11/2016 2.33 2.33 2.38 2.36 42 36180.45 84607.00
08/11/2016 2.48 2.31 2.51 2.32 312 242640.39 581848.00
09/11/2016 2.31 2.26 2.36 2.35 92 81300.83 188687.00
10/11/2016 2.42 2.23 2.42 2.32 200 95289.20 221131.00
11/11/2016 2.33 2.23 2.33 2.29 87 91400.00 207479.00
14/11/2016 2.33 2.27 2.33 2.31 23 32200.00 74241.00
16/11/2016 2.32 2.32 2.38 2.32 32 41400.00 96450.00
17/11/2016 2.32 2.32 2.36 2.36 18 64800.00 152351.00
18/11/2016 2.35 2.30 2.35 2.34 33 17400.00 40421.00
21/11/2016 2.31 2.30 2.37 2.37 33 28100.00 65985.00
22/11/2016 2.37 2.26 2.37 2.27 209 88100.00 202531.00
23/11/2016 2.28 2.22 2.28 2.24 46 1259800.00 2797352.00
24/11/2016 2.24 2.23 2.30 2.25 26 9500.00 21542.00
25/11/2016 2.26 2.13 2.26 2.23 208 36400.00 80058.00
28/11/2016 2.20 2.20 2.29 2.24 59 66800.00 149568.00
29/11/2016 2.25 2.20 2.25 2.20 30 10400.00 22913.00
30/11/2016 2.20 2.18 2.23 2.19 54 43100.00 94955.00
01/12/2016 2.19 2.08 2.19 2.11 56 82000.00 172917.00
02/12/2016 2.09 2.08 2.15 2.08 43 25500.00 53503.00
05/12/2016 2.08 2.04 2.14 2.11 76 44500.00 93060.00
06/12/2016 2.07 2.04 2.07 2.05 39 102700.00 211687.00
07/12/2016 2.07 2.07 2.12 2.11 17 17600.00 37033.00
08/12/2016 2.11 2.06 2.13 2.11 48 47300.00 98682.00
09/12/2016 2.11 2.07 2.11 2.09 52 39900.00 83154.00
12/12/2016 2.16 2.05 2.16 2.08 55 28800.00 60016.00
13/12/2016 2.10 2.04 2.13 2.04 57 49000.00 102321.00
14/12/2016 2.06 2.03 2.10 2.09 39 61900.00 127857.00
15/12/2016 2.09 2.07 2.13 2.13 43 91700.00 192687.00
16/12/2016 2.13 2.06 2.13 2.06 82 143000.00 298467.00
19/12/2016 2.08 2.00 2.08 2.00 137 198300.00 399757.00
20/12/2016 2.01 2.00 2.03 2.02 32 86300.00 173217.00
21/12/2016 2.02 1.99 2.04 1.99 136 86700.00 173395.00
22/12/2016 1.99 1.99 2.08 2.08 100 154400.00 318616.00
23/12/2016 2.10 2.07 2.11 2.09 125 106100.00 221969.00
26/12/2016 2.09 2.09 2.12 2.11 30 28100.00 59252.00
27/12/2016 2.11 2.11 2.15 2.11 153 83600.00 178888.00
28/12/2016 2.16 2.15 2.20 2.20 115 99800.00 217646.00
29/12/2016 2.25 2.15 2.28 2.15 386 159600.00 346215.00
02/01/2017 2.18 2.12 2.19 2.12 149 79500.00 171189.00
03/01/2017 2.19 2.17 2.23 2.17 152 138600.00 303409.00
04/01/2017 2.21 2.20 2.27 2.24 200 199800.00 443663.00
05/01/2017 2.24 2.18 2.28 2.20 134 258200.00 571198.00
06/01/2017 2.19 2.14 2.20 2.18 126 102100.00 220752.00
09/01/2017 2.20 2.18 2.21 2.21 122 100900.00 221686.00
10/01/2017 2.19 2.18 2.20 2.18 80 42700.00 93515.00
11/01/2017 2.18 2.16 2.19 2.19 38 69200.00 150231.00
12/01/2017 2.20 2.20 2.29 2.25 83 116400.00 260110.00
13/01/2017 2.26 2.18 2.26 2.20 170 204500.00 451344.00
16/01/2017 2.22 2.20 2.36 2.31 170 330000.00 760120.00
17/01/2017 2.35 2.30 2.43 2.34 148 127300.00 301715.00
18/01/2017 2.30 2.29 2.38 2.30 104 258400.00 595783.00
19/01/2017 2.30 2.22 2.30 2.28 163 229800.00 518314.00
20/01/2017 2.30 2.16 2.30 2.21 373 5558400.00 12232062.00
23/01/2017 2.20 2.20 2.27 2.23 99 111800.00 249163.00
24/01/2017 2.25 2.25 2.28 2.26 97 64100.00 145013.00
26/01/2017 2.26 2.26 2.29 2.28 63 87100.00 197496.00
27/01/2017 2.26 2.22 2.26 2.25 36 46900.00 105442.00
30/01/2017 2.25 2.20 2.25 2.25 64 66900.00 148729.00
31/01/2017 2.24 2.21 2.24 2.21 40 84600.00 187709.00
01/02/2017 2.22 2.20 2.24 2.20 25 24800.00 55052.00
02/02/2017 2.23 2.22 2.25 2.25 27 20800.00 46567.00
03/02/2017 2.24 2.22 2.29 2.27 54 57800.00 130934.00
06/02/2017 2.30 2.23 2.30 2.24 41 44700.00 100527.00
07/02/2017 2.23 2.22 2.26 2.23 28 17700.00 39655.00
08/02/2017 2.24 2.21 2.24 2.23 33 26900.00 59765.00
09/02/2017 2.24 2.23 2.26 2.26 27 34900.00 78565.00
10/02/2017 2.25 2.23 2.28 2.28 41 59100.00 133526.00
13/02/2017 2.30 2.27 2.38 2.33 111 139900.00 325754.00
14/02/2017 2.37 2.30 2.40 2.36 673 153100.00 363368.00
15/02/2017 2.39 2.35 2.46 2.44 124 26000.00 62357.00
16/02/2017 2.45 2.40 2.45 2.45 60 66800.00 162882.00
17/02/2017 2.42 2.34 2.44 2.35 614 455100.00 1075790.00
20/02/2017 2.36 2.35 2.40 2.36 96 152900.00 362289.00
21/02/2017 2.36 2.29 2.36 2.35 392 53900600.00 124022827.00
22/02/2017 2.38 2.31 2.38 2.37 708 701500.00 1653512.00
23/02/2017 2.40 2.30 2.41 2.36 521 665800.00 1570817.00
24/02/2017 2.33 2.28 2.33 2.28 672 497400.00 1141269.00
01/03/2017 2.30 2.28 2.34 2.34 62 136000.00 315431.00
02/03/2017 2.35 2.26 2.35 2.31 335 401600.00 925236.00
03/03/2017 2.29 2.29 2.33 2.29 174 136600.00 314262.00
06/03/2017 2.29 2.29 2.33 2.32 50 47800.00 110713.00
07/03/2017 2.34 2.31 2.38 2.35 109 123600.00 289236.00
08/03/2017 2.38 2.24 2.38 2.24 235 339900.00 771475.00
09/03/2017 2.24 2.19 2.27 2.19 94 224000.00 495268.00
10/03/2017 2.20 2.18 2.21 2.19 172 137300.00 301115.00
13/03/2017 2.22 2.21 2.25 2.23 52 89000.00 197705.00
14/03/2017 2.22 2.19 2.29 2.29 64 179600.00 404277.00
15/03/2017 2.24 2.23 2.27 2.25 40 72400.00 162408.00
16/03/2017 2.25 2.19 2.29 2.27 56 89300.00 200842.00
17/03/2017 2.28 2.22 2.29 2.22 87 134700.00 300470.00
20/03/2017 2.28 2.22 2.28 2.25 64 85000.00 191355.00
21/03/2017 2.25 2.16 2.25 2.16 72 128500.00 281708.00
22/03/2017 2.19 2.17 2.19 2.17 31 37100.00 80823.00
23/03/2017 2.16 2.16 2.24 2.22 121 264500.00 580737.00
24/03/2017 2.23 2.22 2.27 2.24 37 49600.00 111361.00
27/03/2017 2.24 2.19 2.26 2.25 410 179100.00 399528.00
28/03/2017 2.26 2.23 2.26 2.25 23 30900.00 69261.00
29/03/2017 2.23 2.20 2.26 2.20 52 89200.00 198987.00
30/03/2017 2.18 2.18 2.24 2.23 78 118100.00 261549.00
31/03/2017 2.21 2.20 2.25 2.24 42 44500.00 99265.00
03/04/2017 2.25 2.19 2.25 2.24 202 104600.00 232574.00
04/04/2017 2.24 2.20 2.24 2.23 49 55800.00 123846.00
05/04/2017 2.25 2.21 2.30 2.21 73 101000.00 225542.00
06/04/2017 2.23 2.15 2.23 2.15 117 228200.00 497207.00
07/04/2017 2.19 2.15 2.20 2.16 42 80200.00 173392.00
10/04/2017 2.20 2.14 2.22 2.16 113 113800.00 245462.00
11/04/2017 2.18 2.08 2.18 2.13 116 224600.00 476082.00
12/04/2017 2.14 2.07 2.14 2.07 138 215100.00 447692.00
13/04/2017 2.10 2.04 2.10 2.05 85 149800.00 308108.00
17/04/2017 2.07 2.06 2.08 2.08 24 24600.00 50941.00
18/04/2017 2.09 2.07 2.10 2.09 90 168500.00 352631.00
19/04/2017 2.10 2.05 2.10 2.06 62 125900.00 260030.00
20/04/2017 2.09 2.03 2.09 2.08 52 122200.00 251485.00
24/04/2017 2.09 2.05 2.10 2.10 51 60900.00 127017.00
25/04/2017 2.08 2.06 2.11 2.10 80 129300.00 269593.00
26/04/2017 2.09 2.06 2.13 2.08 144 326500.00 681167.00
27/04/2017 2.09 2.08 2.10 2.08 68 124000.00 258629.00
28/04/2017 2.12 2.06 2.12 2.10 381 298200.00 619768.00
02/05/2017 2.10 2.09 2.13 2.13 97 250700.00 528816.00
03/05/2017 2.13 2.13 2.18 2.17 62 217800.00 471021.00
04/05/2017 2.17 2.10 2.17 2.16 62 73100.00 155835.00
05/05/2017 2.16 2.12 2.18 2.18 56 138000.00 298085.00
08/05/2017 2.18 2.12 2.19 2.14 57 86500.00 186499.00
09/05/2017 2.16 2.16 2.30 2.29 350 560000.00 1262490.00
10/05/2017 2.31 2.31 2.40 2.39 241 405500.00 959286.00
11/05/2017 2.39 2.39 2.46 2.45 117 279700.00 676529.00
12/05/2017 2.47 2.37 2.51 2.45 74 88500.00 215181.00
15/05/2017 2.43 2.40 2.44 2.41 60 50200.00 121559.00
16/05/2017 2.42 2.41 2.43 2.43 44 100600.00 244123.00
17/05/2017 2.43 2.36 2.43 2.39 114 389600.00 934485.00
18/05/2017 2.15 2.08 2.26 2.08 566 847700.00 1804742.00
19/05/2017 2.10 2.10 2.24 2.19 118 362200.00 785381.00
22/05/2017 2.19 2.04 2.20 2.12 196 378700.00 795883.00
23/05/2017 2.16 2.12 2.22 2.15 85 153400.00 331942.00
24/05/2017 2.16 2.15 2.21 2.19 67 84300.00 184763.00
25/05/2017 2.22 2.14 2.22 2.16 43 15000.00 32542.00
26/05/2017 2.21 2.17 2.22 2.17 89 122900.00 270819.00
29/05/2017 2.19 2.16 2.20 2.18 28 18200.00 39619.00
30/05/2017 2.18 2.18 2.24 2.21 68 204600.00 452589.00
31/05/2017 2.22 2.20 2.25 2.24 201 379200.00 842638.00
01/06/2017 2.24 2.23 2.30 2.26 46 73000.00 164584.00
02/06/2017 2.26 2.23 2.29 2.25 61 110500.00 247808.00
05/06/2017 2.24 2.18 2.25 2.19 50 50600.00 112492.00
06/06/2017 2.19 2.06 2.21 2.08 446 3661200.00 7571735.00
07/06/2017 2.12 2.07 2.14 2.09 158 329500.00 691695.00
08/06/2017 2.08 2.06 2.09 2.07 55 86200.00 178572.00
09/06/2017 2.09 2.05 2.09 2.05 183 257700.00 532405.00
12/06/2017 2.05 2.04 2.07 2.06 168 243200.00 500919.00
13/06/2017 2.08 2.02 2.09 2.07 137 201100.00 413088.00
14/06/2017 2.09 2.05 2.11 2.07 131 323200.00 669091.00
16/06/2017 2.07 2.05 2.09 2.09 70 184800.00 383320.00
