20/06/2016 2.18 2.17 2.20 2.18 2755 1160309.78 2532560.00
21/06/2016 2.17 2.16 2.23 2.20 1751 1038666.08 2282794.00
22/06/2016 2.19 2.19 2.26 2.24 5345 2052606.99 4597160.00
23/06/2016 2.25 2.24 2.33 2.33 5019 4123157.98 9456675.00
24/06/2016 2.22 2.20 2.31 2.21 3246 9214875.22 20796512.00
27/06/2016 2.21 2.12 2.23 2.16 2683 3921600.85 8504585.00
28/06/2016 2.18 2.15 2.23 2.20 8001 7297891.57 15884838.00
29/06/2016 2.23 2.22 2.29 2.27 3474 1658047.41 3750789.00
30/06/2016 2.25 2.23 2.32 2.30 3660 5836289.34 13235463.00
01/07/2016 2.33 2.31 2.50 2.48 7701 8154092.10 19654236.00
04/07/2016 2.48 2.43 2.52 2.51 4083 2623581.22 6515759.00
05/07/2016 2.51 2.44 2.54 2.50 2501 1487474.99 3710118.00
06/07/2016 2.46 2.46 2.56 2.50 3090 6759153.96 16940399.00
07/07/2016 2.52 2.49 2.57 2.54 5763 4197020.54 10631354.00
08/07/2016 2.54 2.54 2.66 2.57 4362 3691458.48 9634681.00
11/07/2016 2.60 2.57 2.65 2.61 7582 4431648.91 11590875.00
12/07/2016 2.65 2.51 2.68 2.51 6489 7562565.72 19391701.00
13/07/2016 2.56 2.47 2.58 2.52 9524 4127539.66 10424535.00
14/07/2016 2.57 2.55 2.66 2.58 6635 5171735.00 13429773.00
15/07/2016 2.60 2.57 2.63 2.61 4109 4298216.41 11162494.00
18/07/2016 2.62 2.58 2.77 2.73 9060 7126588.86 19457889.00
19/07/2016 2.78 2.78 2.98 2.94 14281 10694004.16 31051355.00
20/07/2016 2.97 2.94 3.16 3.07 12836 13288582.85 40896281.00
21/07/2016 3.06 2.87 3.06 2.92 7262 7115008.72 20867103.00
22/07/2016 2.95 2.93 3.01 2.95 5848 4619435.06 13717152.00
25/07/2016 2.98 2.91 3.05 2.97 11849 5478661.04 16283467.00
26/07/2016 2.95 2.94 3.00 2.97 1802 1669314.58 4951459.00
27/07/2016 2.93 2.80 2.94 2.85 9230 6867756.95 19606912.00
28/07/2016 2.87 2.80 2.92 2.89 5541 2481907.00 7118338.00
29/07/2016 2.89 2.89 2.99 2.95 5428 2962848.21 8752914.00
01/08/2016 2.96 2.95 3.18 3.16 7706 10544401.19 32530069.00
02/08/2016 3.18 3.09 3.26 3.11 7125 2950329.13 9313744.00
03/08/2016 3.12 3.10 3.34 3.28 5848 5106218.50 16722590.00
04/08/2016 3.31 3.21 3.35 3.21 4487 3739030.97 12273405.00
05/08/2016 3.21 3.19 3.30 3.23 1919 1239910.24 4023103.00
08/08/2016 3.24 3.15 3.33 3.19 2654 1232294.47 3972048.00
09/08/2016 3.35 3.34 3.54 3.36 10387 8424712.82 28605754.00
10/08/2016 3.38 3.24 3.42 3.26 6439 5588307.29 18344105.00
11/08/2016 3.29 3.28 3.41 3.34 4722 4064318.32 13577497.00
12/08/2016 3.34 3.28 3.38 3.32 4333 2303092.85 7656069.00
15/08/2016 3.31 3.30 3.39 3.37 3469 1579072.90 5306027.00
16/08/2016 3.38 3.33 3.49 3.39 4541 2148795.23 7328444.00
17/08/2016 3.37 3.27 3.42 3.30 4047 3284379.83 10910101.00
18/08/2016 3.32 3.29 3.43 3.36 3646 3148652.17 10606008.00
19/08/2016 3.36 3.36 3.42 3.36 3195 1506983.88 5109637.00
22/08/2016 3.37 3.29 3.37 3.30 1767 1344966.16 4475159.00
23/08/2016 3.32 3.32 3.49 3.40 8626 4899862.38 16744032.00
24/08/2016 3.43 3.21 3.46 3.23 8108 7823692.80 26032879.00
25/08/2016 3.25 3.09 3.27 3.11 15889 6655767.25 20965458.00
26/08/2016 3.12 3.03 3.17 3.14 5127 4269318.21 13363963.00
29/08/2016 3.13 3.12 3.20 3.15 2441 1277884.78 4050001.00
30/08/2016 3.16 3.06 3.16 3.12 3890 2085260.91 6476001.00
31/08/2016 3.14 3.04 3.14 3.09 5811 1887146.52 5838785.00
01/09/2016 3.11 3.10 3.13 3.12 6134 2052919.96 6402214.00
02/09/2016 3.12 3.11 3.23 3.12 5083 4618809.11 14544264.00
05/09/2016 3.11 3.07 3.16 3.07 4072 1771866.69 5486626.00
06/09/2016 3.08 3.06 3.13 3.13 7076 2340754.41 7245389.00
08/09/2016 3.15 3.09 3.15 3.10 9666 2568810.26 8001690.00
09/09/2016 3.09 2.99 3.12 3.01 4959 2241019.09 6844645.00
12/09/2016 2.96 2.91 3.03 2.98 3584 1700090.65 5084944.00
13/09/2016 2.96 2.85 3.10 3.05 8575 5317269.27 15589692.00
14/09/2016 3.07 2.91 3.12 2.93 4835 2273986.00 6808969.00
15/09/2016 2.94 2.92 3.02 2.98 5315 1347887.28 4019756.00
16/09/2016 2.97 2.89 2.98 2.96 3326 2214311.73 6498483.00
19/09/2016 2.97 2.91 3.01 2.99 2558 880717.06 2618524.00
20/09/2016 3.00 2.93 3.06 3.00 968 944773.01 2823480.00
21/09/2016 3.00 2.94 3.06 2.95 1682 1598790.45 4764559.00
22/09/2016 2.98 2.98 3.06 3.06 1656 1385861.82 4186874.00
23/09/2016 3.16 3.03 3.23 3.12 4602 4227483.63 13244912.00
26/09/2016 3.08 3.01 3.11 3.07 1997 1651266.25 5039610.00
27/09/2016 3.06 2.99 3.08 3.05 2487 1295933.11 3935519.00
28/09/2016 3.10 3.00 3.12 3.00 2263 2099553.53 6385433.00
29/09/2016 3.02 3.02 3.14 3.07 3697 1578968.58 4858323.00
30/09/2016 3.07 3.00 3.12 3.00 1564 783694.22 2381922.00
03/10/2016 3.03 3.02 3.12 3.10 4131 1250864.44 3859798.00
04/10/2016 3.11 3.10 3.28 3.27 3081 3970007.94 12779481.00
05/10/2016 3.31 3.28 3.43 3.35 3635 4790007.48 16149666.00
06/10/2016 3.36 3.31 3.41 3.35 3190 2334077.57 7829358.00
07/10/2016 3.35 3.27 3.36 3.27 2350 1346426.72 4454334.00
10/10/2016 3.28 3.28 3.39 3.35 2033 1135688.93 3809928.00
11/10/2016 3.35 3.18 3.37 3.22 2984 1840095.66 5992829.00
13/10/2016 3.22 3.22 3.29 3.27 3277 1423836.35 4638983.00
14/10/2016 3.32 3.21 3.34 3.27 3015 1530978.78 5006580.00
17/10/2016 3.26 3.24 3.37 3.35 1927 2226726.48 7425776.00
18/10/2016 3.37 3.36 3.45 3.37 8403 3353130.43 11426504.00
19/10/2016 3.36 3.25 3.44 3.27 8244 2679604.09 8856799.00
20/10/2016 3.28 3.26 3.31 3.28 1087 1802016.80 5913358.00
21/10/2016 3.28 3.15 3.28 3.18 4245 4153308.09 13291988.00
24/10/2016 3.21 3.19 3.27 3.25 2312 3654214.23 11893700.00
25/10/2016 3.24 3.22 3.27 3.26 1642 1648971.08 5353500.00
26/10/2016 3.25 3.22 3.26 3.26 1917 966890.04 3135605.00
27/10/2016 3.24 3.16 3.27 3.16 3377 2873649.78 9150494.00
28/10/2016 3.16 3.08 3.17 3.10 2252 1938787.71 6038401.00
31/10/2016 3.12 3.06 3.17 3.12 3514 2692436.14 8384671.00
01/11/2016 3.14 3.02 3.16 3.08 2148 1452525.90 4476133.00
03/11/2016 3.06 2.97 3.08 2.97 1939 1718973.59 5182328.00
04/11/2016 2.96 2.89 3.01 2.93 3714 2027673.16 5993387.00
07/11/2016 2.98 2.93 3.03 2.95 2379 2712362.34 8006220.00
08/11/2016 3.12 2.88 3.23 2.90 12356 9501457.76 28590752.00
09/11/2016 2.83 2.76 2.95 2.89 3799 3825516.93 11000695.00
10/11/2016 2.95 2.73 2.95 2.78 6425 4787503.67 13453767.00
11/11/2016 2.79 2.64 2.79 2.73 6261 5666300.00 15266957.00
14/11/2016 2.72 2.69 2.87 2.77 4747 2547200.00 7085214.00
16/11/2016 2.83 2.77 2.91 2.89 4590 2817200.00 7983205.00
17/11/2016 2.90 2.82 2.93 2.85 3576 1980600.00 5729931.00
18/11/2016 2.84 2.76 2.90 2.85 2319 2232900.00 6328915.00
21/11/2016 2.84 2.79 2.86 2.83 3293 1028000.00 2897453.00
22/11/2016 2.86 2.73 2.90 2.76 3720 2921300.00 8149651.00
23/11/2016 2.74 2.71 2.77 2.71 1253 2189100.00 5992018.00
24/11/2016 2.72 2.70 2.76 2.72 1018 810600.00 2208545.00
25/11/2016 2.73 2.63 2.73 2.65 4525 2226100.00 5918224.00
28/11/2016 2.65 2.62 2.75 2.70 3844 2713200.00 7327529.00
29/11/2016 2.73 2.65 2.73 2.65 4636 1296100.00 3456899.00
30/11/2016 2.69 2.63 2.70 2.64 2514 4338800.00 11612654.00
01/12/2016 2.65 2.50 2.65 2.54 3202 2182400.00 5573844.00
02/12/2016 2.52 2.48 2.59 2.51 2350 1577000.00 3997844.00
05/12/2016 2.53 2.46 2.58 2.58 3991 2144700.00 5402991.00
06/12/2016 2.55 2.46 2.58 2.46 1707 3780900.00 9452768.00
07/12/2016 2.49 2.49 2.55 2.55 5294 2851100.00 7190567.00
08/12/2016 2.58 2.54 2.61 2.59 2235 1657500.00 4288983.00
09/12/2016 2.59 2.51 2.61 2.55 4216 1427600.00 3642154.00
12/12/2016 2.54 2.54 2.63 2.61 2054 1869300.00 4850234.00
13/12/2016 2.64 2.55 2.73 2.56 6376 2713400.00 7070974.00
14/12/2016 2.62 2.55 2.62 2.58 3724 1853400.00 4792047.00
15/12/2016 2.61 2.53 2.68 2.65 6720 3852900.00 10191193.00
16/12/2016 2.68 2.54 2.70 2.55 4791 2269300.00 5880545.00
19/12/2016 2.57 2.48 2.59 2.50 2465 2126100.00 5372986.00
20/12/2016 2.52 2.48 2.55 2.52 4718 1928900.00 4850289.00
21/12/2016 2.54 2.47 2.54 2.50 3547 1514100.00 3785057.00
22/12/2016 2.50 2.50 2.66 2.64 4701 3540100.00 9187975.00
23/12/2016 2.68 2.59 2.71 2.65 4591 2209400.00 5866440.00
26/12/2016 2.67 2.63 2.70 2.68 1137 784100.00 2101752.00
27/12/2016 2.69 2.68 2.78 2.76 2535 1559100.00 4291381.00
28/12/2016 2.79 2.79 2.84 2.83 1746 1458200.00 4095724.00
29/12/2016 2.83 2.73 2.83 2.74 2771 2627500.00 7247547.00
02/01/2017 2.74 2.71 2.78 2.78 566 760600.00 2092044.00
03/01/2017 2.78 2.77 2.88 2.82 3731 3366300.00 9516021.00
04/01/2017 2.83 2.80 2.97 2.92 3223 3237400.00 9416888.00
05/01/2017 2.92 2.87 2.97 2.88 1511 2042500.00 5929783.00
06/01/2017 2.86 2.80 2.88 2.84 5764 1913700.00 5421204.00
09/01/2017 2.86 2.84 2.92 2.87 4832 2539800.00 7336019.00
10/01/2017 2.88 2.81 2.91 2.86 5333 2236100.00 6357365.00
11/01/2017 2.87 2.80 2.87 2.84 2586 1107200.00 3132087.00
12/01/2017 2.87 2.85 2.95 2.85 4123 2222600.00 6450531.00
13/01/2017 2.85 2.83 2.90 2.87 3844 3324200.00 9520199.00
16/01/2017 2.85 2.85 3.08 3.04 5575 6048100.00 18163617.00
17/01/2017 3.06 2.95 3.15 3.00 6673 4832300.00 14784545.00
18/01/2017 3.01 2.96 3.08 2.98 1946 2416500.00 7270034.00
19/01/2017 2.98 2.91 3.01 2.94 5075 2179200.00 6420889.00
20/01/2017 2.98 2.85 2.98 2.86 5015 4081100.00 11760002.00
23/01/2017 2.88 2.86 2.96 2.93 5420 3743900.00 10953233.00
24/01/2017 2.95 2.94 3.02 2.99 5117 2939400.00 8772566.00
26/01/2017 3.02 2.97 3.05 2.99 2505 1970400.00 5918511.00
27/01/2017 2.98 2.91 2.99 2.95 2780 1364800.00 4035115.00
30/01/2017 2.94 2.86 2.94 2.89 4679 1913600.00 5511764.00
31/01/2017 2.89 2.87 2.93 2.88 2584 1501800.00 4342982.00
01/02/2017 2.90 2.89 2.96 2.91 3067 2612500.00 7618290.00
02/02/2017 2.90 2.90 2.96 2.96 2813 2221200.00 6528338.00
03/02/2017 2.98 2.93 3.02 3.00 2388 3189700.00 9541128.00
06/02/2017 3.02 2.96 3.03 2.98 3872 2306400.00 6912871.00
07/02/2017 2.99 2.93 3.00 2.96 1643 1888300.00 5612794.00
08/02/2017 2.97 2.89 2.97 2.91 2936 1555600.00 4559525.00
09/02/2017 2.92 2.89 2.95 2.94 2351 1350900.00 3939622.00
10/02/2017 2.95 2.92 2.99 2.98 2273 1246700.00 3702658.00
13/02/2017 2.99 2.98 3.13 3.06 5263 4893600.00 15037004.00
14/02/2017 3.08 3.04 3.12 3.05 3167 3523000.00 10811381.00
15/02/2017 3.07 3.03 3.09 3.08 3773 2808800.00 8604205.00
16/02/2017 3.08 3.05 3.11 3.10 5013 2194000.00 6764036.00
17/02/2017 3.11 3.06 3.11 3.08 1871 1167900.00 3597361.00
20/02/2017 3.09 3.05 3.13 3.05 3804 1840200.00 5684865.00
21/02/2017 3.05 3.03 3.09 3.04 1868 2076400.00 6349282.00
22/02/2017 3.01 2.89 3.01 2.95 7921 6653700.00 19539327.00
23/02/2017 2.95 2.82 2.98 2.87 4274 3687600.00 10665183.00
24/02/2017 2.84 2.75 2.85 2.76 5545 2905900.00 8105719.00
01/03/2017 2.78 2.76 2.89 2.86 4368 2998700.00 8486921.00
02/03/2017 2.87 2.70 2.92 2.74 5287 4619500.00 12952580.00
03/03/2017 2.76 2.66 2.78 2.68 6755 4585100.00 12344051.00
06/03/2017 2.70 2.67 2.77 2.70 3749 2449700.00 6673939.00
07/03/2017 2.72 2.71 2.79 2.75 3176 2721900.00 7489813.00
08/03/2017 2.76 2.62 2.77 2.64 4622 4166600.00 11128249.00
09/03/2017 2.63 2.56 2.63 2.58 5387 6176300.00 15982923.00
10/03/2017 2.61 2.55 2.62 2.55 2901 2890200.00 7441740.00
13/03/2017 2.58 2.57 2.63 2.61 4396 2554600.00 6645188.00
14/03/2017 2.63 2.61 2.70 2.63 3453 3514200.00 9299806.00
15/03/2017 2.66 2.62 2.67 2.64 4230 4554300.00 12064070.00
16/03/2017 2.64 2.64 2.71 2.66 3601 2524500.00 6732313.00
17/03/2017 2.69 2.59 2.71 2.71 5025 4212500.00 11252606.00
20/03/2017 2.70 2.68 2.78 2.76 27261 5744600.00 15737213.00
21/03/2017 2.78 2.63 2.79 2.65 10109 7582200.00 20299755.00
22/03/2017 2.65 2.57 2.67 2.58 2783 2568600.00 6698684.00
23/03/2017 2.59 2.58 2.78 2.75 2303 4927800.00 13221056.00
24/03/2017 2.74 2.72 2.84 2.74 9449 5277700.00 14660455.00
27/03/2017 2.73 2.62 2.74 2.70 3427 3080300.00 8258448.00
28/03/2017 2.72 2.70 2.76 2.70 1990 2269400.00 6198938.00
29/03/2017 2.72 2.61 2.78 2.61 3039 11506300.00 30950485.00
30/03/2017 2.63 2.59 2.65 2.61 1626 1888300.00 4951129.00
31/03/2017 2.63 2.59 2.66 2.62 3431 1965200.00 5162681.00
03/04/2017 2.62 2.57 2.73 2.70 5445 6136400.00 16061052.00
04/04/2017 2.67 2.63 2.73 2.64 3665 3850700.00 10236966.00
05/04/2017 2.66 2.58 2.71 2.58 5076 3548600.00 9386681.00
06/04/2017 2.59 2.47 2.62 2.48 5284 4912300.00 12484078.00
07/04/2017 2.50 2.46 2.56 2.50 5962 5513400.00 13812105.00
10/04/2017 2.53 2.47 2.53 2.49 3447 3335100.00 8315585.00
11/04/2017 2.49 2.41 2.51 2.42 2740 6496200.00 15810497.00
12/04/2017 2.39 2.33 2.42 2.33 3155 6247700.00 14782361.00
13/04/2017 2.34 2.32 2.38 2.35 2933 2953800.00 6952080.00
17/04/2017 2.37 2.35 2.38 2.38 2405 2728400.00 6452808.00
18/04/2017 2.40 2.35 2.41 2.39 5487 6199400.00 14675541.00
19/04/2017 2.41 2.37 2.43 2.39 4583 2051100.00 4916900.00
20/04/2017 2.38 2.33 2.42 2.34 5124 7098100.00 16832504.00
24/04/2017 2.37 2.34 2.37 2.36 2216 1494700.00 3526738.00
25/04/2017 2.36 2.32 2.38 2.36 3501 5950700.00 13994414.00
26/04/2017 2.37 2.32 2.40 2.35 7570 4684700.00 11082728.00
27/04/2017 2.36 2.35 2.38 2.35 4130 2176500.00 5144162.00
28/04/2017 2.37 2.35 2.40 2.40 3397 2695400.00 6419810.00
02/05/2017 2.41 2.40 2.52 2.50 7486 9700900.00 23853493.00
03/05/2017 2.51 2.46 2.56 2.56 7517 8379500.00 21075401.00
04/05/2017 2.55 2.43 2.55 2.49 10448 5658100.00 13984527.00
05/05/2017 2.49 2.47 2.56 2.53 6144 4615900.00 11661491.00
08/05/2017 2.52 2.50 2.57 2.57 4547 3846100.00 9749911.00
09/05/2017 2.59 2.59 2.82 2.80 10665 18742400.00 51402372.00
10/05/2017 2.81 2.79 2.95 2.88 12675 12534200.00 36134423.00
11/05/2017 2.85 2.84 3.00 3.00 8326 7390100.00 21719866.00
12/05/2017 3.01 2.91 3.03 2.94 5086 4434700.00 13087426.00
15/05/2017 2.95 2.83 2.97 2.92 6018 4108000.00 11933778.00
16/05/2017 2.94 2.90 2.96 2.95 7049 4114400.00 12125857.00
17/05/2017 2.93 2.82 2.95 2.87 3115 3537700.00 10143497.00
18/05/2017 2.57 2.56 2.68 2.62 7630 15420400.00 40405697.00
19/05/2017 2.65 2.64 2.82 2.78 5793 16267800.00 44580633.00
22/05/2017 2.74 2.59 2.76 2.66 5095 5174400.00 13658959.00
23/05/2017 2.66 2.63 2.73 2.70 4425 4277400.00 11450402.00
24/05/2017 2.71 2.67 2.78 2.76 3312 7439400.00 20159099.00
25/05/2017 2.75 2.69 2.79 2.71 3272 3419300.00 9313008.00
26/05/2017 2.73 2.71 2.78 2.76 7203 5780400.00 15856252.00
29/05/2017 2.75 2.72 2.78 2.75 2581 1589000.00 4367440.00
30/05/2017 2.77 2.75 2.85 2.80 4022 3325900.00 9297510.00
31/05/2017 2.82 2.73 2.84 2.82 7729 5283200.00 14759798.00
01/06/2017 2.81 2.79 2.87 2.83 4053 4509900.00 12673437.00
02/06/2017 2.82 2.76 2.83 2.83 4159 2346900.00 6585296.00
05/06/2017 2.82 2.69 2.82 2.74 3472 3366500.00 9223853.00
06/06/2017 2.73 2.58 2.75 2.67 4072 18961600.00 49658581.00
07/06/2017 2.70 2.67 2.74 2.69 1598 2386000.00 6434291.00
08/06/2017 2.69 2.60 2.69 2.64 3808 3634000.00 9567309.00
09/06/2017 2.66 2.57 2.67 2.57 5032 4113600.00 10737247.00
12/06/2017 2.58 2.58 2.66 2.66 2259 2604500.00 6860501.00
13/06/2017 2.65 2.63 2.72 2.70 1408 1855400.00 4967452.00
14/06/2017 2.72 2.68 2.73 2.70 1267 1599100.00 4316712.00
16/06/2017 2.70 2.66 2.74 2.74 2178 3490500.00 9471939.00
