20/06/2016 1.40 1.38 1.41 1.41 233 137900.00 192264.00
21/06/2016 1.39 1.38 1.41 1.38 226 45700.00 63327.00
22/06/2016 1.39 1.35 1.39 1.36 207 49100.00 67148.00
23/06/2016 1.37 1.36 1.40 1.40 240 108000.00 148165.00
24/06/2016 1.36 1.36 1.51 1.49 1035 244200.00 352894.00
27/06/2016 1.49 1.44 1.51 1.46 234 81700.00 120168.00
28/06/2016 1.48 1.44 1.48 1.44 219 31900.00 46469.00
29/06/2016 1.48 1.41 1.48 1.41 136 59300.00 84855.00
30/06/2016 1.42 1.40 1.47 1.47 227 58400.00 83805.00
01/07/2016 1.47 1.43 1.47 1.46 213 46800.00 67780.00
04/07/2016 1.46 1.43 1.50 1.49 226 59900.00 88172.00
05/07/2016 1.48 1.44 1.48 1.44 235 56400.00 81638.00
06/07/2016 1.47 1.43 1.52 1.52 354 2894500.00 4393580.00
07/07/2016 1.53 1.49 1.74 1.68 600 587800.00 977909.00
08/07/2016 1.67 1.62 1.71 1.71 298 166700.00 276358.00
11/07/2016 1.73 1.65 1.78 1.66 330 226500.00 387018.00
12/07/2016 1.67 1.56 1.71 1.56 318 207300.00 335725.00
13/07/2016 1.56 1.51 1.60 1.56 286 141800.00 218844.00
14/07/2016 1.56 1.55 1.67 1.65 300 131300.00 213037.00
15/07/2016 1.63 1.61 1.72 1.72 378 230700.00 384261.00
18/07/2016 1.74 1.74 1.93 1.88 307 388500.00 713576.00
19/07/2016 1.90 1.85 2.14 1.99 540 597500.00 1188582.00
20/07/2016 2.01 1.89 2.07 1.95 218 215600.00 425276.00
21/07/2016 1.93 1.93 2.05 1.98 311 146300.00 294500.00
22/07/2016 2.03 1.93 2.08 1.94 430 361200.00 716629.00
25/07/2016 1.97 1.91 1.98 1.93 169 149100.00 289669.00
26/07/2016 1.93 1.90 1.95 1.90 234 47900.00 92060.00
27/07/2016 1.89 1.83 2.00 2.00 436 336600.00 649133.00
28/07/2016 2.01 1.92 2.09 1.99 526 427400.00 864445.00
29/07/2016 1.99 1.97 2.02 1.99 307 124400.00 247587.00
01/08/2016 1.99 1.99 2.05 2.00 266 95300.00 191418.00
02/08/2016 2.00 1.91 2.04 1.96 302 154400.00 304767.00
03/08/2016 2.01 1.91 2.01 1.97 324 185800.00 363660.00
04/08/2016 2.00 1.92 2.00 1.94 332 207400.00 408422.00
05/08/2016 1.99 1.93 2.02 1.94 292 129500.00 255776.00
08/08/2016 1.95 1.95 2.00 2.00 289 151300.00 299742.00
09/08/2016 2.00 2.00 2.34 2.20 963 1006400.00 2226836.00
10/08/2016 2.37 2.37 3.07 3.01 1903 2795100.00 7503859.00
11/08/2016 3.07 2.65 3.19 2.66 1740 2649300.00 7630206.00
12/08/2016 2.71 2.62 2.83 2.70 622 518400.00 1421593.00
15/08/2016 2.71 2.50 2.79 2.56 524 505300.00 1324462.00
16/08/2016 2.59 2.56 2.71 2.58 368 260200.00 682132.00
17/08/2016 2.60 2.44 2.66 2.46 433 383400.00 964920.00
18/08/2016 2.46 2.28 2.59 2.32 775 890900.00 2130653.00
19/08/2016 2.34 2.23 2.44 2.38 563 491300.00 1147191.00
22/08/2016 2.39 2.36 2.75 2.64 827 985700.00 2562308.00
23/08/2016 2.74 2.67 3.01 2.85 1432 1763100.00 5042826.00
24/08/2016 2.90 2.76 2.98 2.85 598 506300.00 1441631.00
25/08/2016 2.86 2.78 2.94 2.86 463 198200.00 564676.00
26/08/2016 2.88 2.74 2.88 2.74 353 217100.00 603528.00
29/08/2016 2.78 2.61 2.78 2.65 307 190400.00 514774.00
30/08/2016 2.66 2.65 2.80 2.73 423 216400.00 586176.00
31/08/2016 2.74 2.62 2.78 2.64 385 132900.00 353579.00
01/09/2016 2.67 2.62 3.10 2.90 1450 1436300.00 4241456.00
02/09/2016 2.90 2.80 2.94 2.85 412 253000.00 726294.00
05/09/2016 2.85 2.84 3.06 2.90 747 739400.00 2197552.00
06/09/2016 2.92 2.88 3.00 2.98 432 253700.00 747821.00
08/09/2016 2.98 2.94 3.38 3.16 1694 1219700.00 3874465.00
09/09/2016 3.17 2.96 3.25 3.07 662 606900.00 1853637.00
12/09/2016 3.09 2.93 3.10 3.10 466 381600.00 1153391.00
13/09/2016 3.09 2.93 3.25 2.93 1313 987400.00 3050005.00
14/09/2016 2.98 2.86 3.05 3.02 446 337500.00 1000249.00
15/09/2016 3.03 2.97 3.08 3.08 481 244800.00 741496.00
16/09/2016 3.11 2.96 3.16 3.02 457 248800.00 755570.00
19/09/2016 3.05 3.02 3.13 3.09 549 269500.00 828260.00
20/09/2016 3.09 3.01 3.11 3.05 360 199300.00 607623.00
21/09/2016 3.05 3.02 3.15 3.15 396 207000.00 635529.00
22/09/2016 3.15 3.06 3.23 3.07 656 450600.00 1409334.00
23/09/2016 3.05 3.05 3.15 3.09 438 167500.00 520814.00
26/09/2016 3.06 3.06 3.12 3.11 292 160300.00 495608.00
27/09/2016 3.11 3.06 3.17 3.06 296 173000.00 536382.00
28/09/2016 3.06 3.06 3.14 3.10 343 90800.00 281628.00
29/09/2016 3.15 3.03 3.16 3.04 329 112900.00 348496.00
30/09/2016 3.05 3.04 3.13 3.11 367 135000.00 417063.00
03/10/2016 3.13 3.07 3.16 3.15 368 167900.00 525663.00
04/10/2016 3.15 3.10 3.15 3.12 346 73700.00 229691.00
05/10/2016 3.11 3.08 3.32 3.22 1705 933100.00 2985776.00
06/10/2016 3.22 3.15 3.28 3.20 565 324900.00 1040357.00
07/10/2016 3.20 3.16 3.28 3.27 592 315000.00 1014891.00
10/10/2016 3.26 3.26 3.76 3.76 1021 889800.00 3115644.00
11/10/2016 3.70 3.37 3.70 3.40 2460 1745200.00 6080045.00
13/10/2016 3.36 3.22 3.59 3.54 1072 904900.00 3091492.00
14/10/2016 3.61 3.51 3.66 3.51 786 637500.00 2273326.00
17/10/2016 3.51 3.43 3.59 3.48 542 256400.00 893778.00
18/10/2016 3.48 3.44 3.59 3.45 646 259500.00 905338.00
19/10/2016 3.46 3.39 3.51 3.39 411 183100.00 630725.00
20/10/2016 3.39 3.33 3.62 3.58 537 404000.00 1420492.00
21/10/2016 3.60 3.46 3.60 3.47 661 393600.00 1387363.00
24/10/2016 3.55 3.52 3.76 3.75 745 700700.00 2558636.00
25/10/2016 3.75 3.70 3.92 3.76 1017 957400.00 3636273.00
26/10/2016 3.76 3.63 3.85 3.70 741 302600.00 1124519.00
27/10/2016 3.71 3.67 3.90 3.82 641 295300.00 1125021.00
28/10/2016 3.79 3.79 4.08 4.06 1273 814900.00 3250639.00
31/10/2016 4.04 4.04 4.24 4.10 749 460800.00 1905457.00
01/11/2016 4.16 3.73 4.20 3.74 1788 1704000.00 6592507.00
03/11/2016 3.76 3.66 3.84 3.77 754 536600.00 2021191.00
04/11/2016 3.77 3.77 3.98 3.85 950 562000.00 2189982.00
07/11/2016 4.00 3.95 4.11 4.07 959 591600.00 2391922.00
08/11/2016 4.02 3.81 4.09 3.95 1336 833200.00 3274724.00
09/11/2016 3.70 3.70 4.06 4.00 892 877800.00 3438772.00
10/11/2016 4.05 3.81 4.17 4.00 820 679700.00 2717334.00
11/11/2016 3.89 3.35 3.92 3.40 1581 1577700.00 5594340.00
14/11/2016 3.51 3.41 3.60 3.55 935 568700.00 2001152.00
16/11/2016 3.53 3.51 3.68 3.58 410 258700.00 929308.00
17/11/2016 3.61 3.41 3.71 3.41 507 300800.00 1068240.00
18/11/2016 3.44 3.28 3.44 3.40 665 525500.00 1760108.00
21/11/2016 3.44 3.32 3.49 3.47 617 457000.00 1555159.00
22/11/2016 3.48 3.42 3.65 3.54 430 337400.00 1195524.00
23/11/2016 3.50 3.42 3.58 3.42 376 229100.00 796203.00
24/11/2016 3.49 3.31 3.56 3.35 459 290900.00 1000260.00
25/11/2016 3.35 3.31 3.48 3.38 559 441600.00 1480555.00
28/11/2016 3.40 3.31 3.44 3.31 435 322300.00 1074591.00
29/11/2016 3.31 3.29 3.37 3.34 543 405000.00 1342561.00
30/11/2016 3.37 3.29 3.44 3.30 457 310000.00 1033933.00
01/12/2016 3.31 3.15 3.35 3.25 599 522300.00 1695185.00
02/12/2016 3.22 3.07 3.28 3.11 375 275800.00 868977.00
05/12/2016 3.07 3.02 3.14 3.11 348 234800.00 724532.00
06/12/2016 3.17 3.07 3.27 3.22 341 195500.00 622022.00
07/12/2016 3.23 3.11 3.32 3.11 343 221800.00 706877.00
08/12/2016 3.13 3.11 3.22 3.22 344 194300.00 617365.00
09/12/2016 3.18 3.17 3.39 3.39 417 276000.00 914300.00
12/12/2016 3.33 3.15 3.39 3.19 333 211900.00 687626.00
13/12/2016 3.20 3.15 3.26 3.26 285 105300.00 337676.00
14/12/2016 3.23 3.12 3.30 3.19 331 165100.00 528332.00
15/12/2016 3.19 3.15 3.21 3.17 266 54100.00 171804.00
16/12/2016 3.17 2.94 3.18 2.99 591 480500.00 1447914.00
19/12/2016 2.97 2.75 3.03 2.75 576 678000.00 1925969.00
20/12/2016 2.80 2.71 2.91 2.86 504 277500.00 774903.00
21/12/2016 2.83 2.80 2.89 2.84 380 112100.00 319711.00
22/12/2016 2.84 2.81 2.89 2.88 269 69200.00 198080.00
23/12/2016 2.88 2.83 2.96 2.96 310 71900.00 208587.00
26/12/2016 2.96 2.90 3.00 2.90 258 73900.00 217097.00
27/12/2016 2.93 2.75 2.96 2.78 347 242400.00 681767.00
28/12/2016 2.80 2.79 2.85 2.80 305 93100.00 262582.00
29/12/2016 2.79 2.73 2.79 2.79 327 134200.00 370658.00
02/01/2017 2.79 2.72 2.83 2.83 261 107500.00 301055.00
03/01/2017 2.84 2.83 2.92 2.86 336 86100.00 247312.00
04/01/2017 2.88 2.88 2.99 2.94 486 219100.00 643702.00
05/01/2017 2.95 2.94 3.09 2.94 507 281900.00 844837.00
06/01/2017 2.96 2.82 2.98 2.89 477 210600.00 606224.00
09/01/2017 2.89 2.89 2.96 2.91 279 79700.00 233023.00
10/01/2017 2.95 2.78 2.98 2.87 562 328900.00 942356.00
11/01/2017 2.87 2.77 2.90 2.81 359 117900.00 332721.00
12/01/2017 2.86 2.75 2.91 2.81 670 333600.00 946291.00
13/01/2017 2.83 2.81 2.86 2.85 318 164000.00 464333.00
16/01/2017 2.83 2.83 2.90 2.90 322 134300.00 385512.00
17/01/2017 2.90 2.88 3.38 3.37 1076 841800.00 2625887.00
18/01/2017 3.41 3.08 3.43 3.09 957 775300.00 2479446.00
19/01/2017 3.10 2.96 3.20 3.01 651 457000.00 1391144.00
20/01/2017 3.03 2.98 3.28 3.26 604 368800.00 1149331.00
23/01/2017 3.26 3.17 3.58 3.50 809 720600.00 2451243.00
24/01/2017 3.50 3.20 3.56 3.37 932 664300.00 2259686.00
26/01/2017 3.40 3.23 3.51 3.30 732 701400.00 2358018.00
27/01/2017 3.33 3.30 3.42 3.39 595 348900.00 1166913.00
30/01/2017 3.40 3.20 3.52 3.26 701 547300.00 1836895.00
31/01/2017 3.27 3.26 3.40 3.40 492 401600.00 1342335.00
01/02/2017 3.41 3.36 3.55 3.49 442 271300.00 936522.00
02/02/2017 3.51 3.30 3.51 3.36 514 449400.00 1510605.00
03/02/2017 3.39 3.32 3.51 3.51 545 445700.00 1529934.00
06/02/2017 3.51 3.50 3.71 3.63 1109 971000.00 3506205.00
07/02/2017 3.70 3.45 3.75 3.46 1237 914000.00 3235373.00
08/02/2017 3.49 3.40 3.61 3.59 1078 525400.00 1853984.00
09/02/2017 3.62 3.47 3.63 3.47 994 528600.00 1859775.00
10/02/2017 3.51 3.50 3.67 3.61 1185 981300.00 3515298.00
13/02/2017 3.61 3.57 3.73 3.64 788 375900.00 1359761.00
14/02/2017 3.65 3.58 3.92 3.88 1615 1206000.00 4556192.00
15/02/2017 3.92 3.81 3.96 3.93 1716 1026700.00 4018169.00
16/02/2017 3.95 3.85 4.05 3.94 1492 817700.00 3228410.00
17/02/2017 4.00 3.93 4.16 4.03 1450 969200.00 3888940.00
20/02/2017 4.10 4.07 4.39 4.26 1503 1219100.00 5155804.00
21/02/2017 4.31 4.01 4.40 4.06 1271 1101800.00 4617053.00
22/02/2017 4.05 3.87 4.19 4.00 889 682200.00 2714292.00
23/02/2017 4.05 3.87 4.10 3.98 787 495000.00 1974988.00
24/02/2017 4.00 3.80 4.08 4.05 906 541300.00 2140679.00
01/03/2017 4.05 3.99 4.15 3.99 410 213900.00 862295.00
02/03/2017 4.00 3.88 4.04 3.96 673 388500.00 1537078.00
03/03/2017 3.99 3.93 4.20 4.19 1315 806400.00 3307157.00
06/03/2017 4.19 4.16 4.33 4.32 934 532000.00 2270970.00
07/03/2017 4.38 4.13 4.48 4.17 917 1146200.00 4941708.00
08/03/2017 4.21 4.04 4.26 4.24 982 557700.00 2315034.00
09/03/2017 4.22 4.10 4.30 4.10 897 527400.00 2209399.00
10/03/2017 4.10 3.96 4.21 4.01 636 355700.00 1445013.00
13/03/2017 4.01 4.00 4.14 4.06 547 382400.00 1551326.00
14/03/2017 4.05 4.00 4.22 4.15 719 396000.00 1633851.00
15/03/2017 4.15 4.13 4.24 4.22 847 313300.00 1311437.00
16/03/2017 4.22 4.10 4.29 4.10 674 438500.00 1831695.00
17/03/2017 3.74 3.55 3.98 3.56 1813 2050800.00 7766404.00
20/03/2017 3.60 3.35 3.64 3.45 927 593100.00 2075689.00
21/03/2017 3.48 3.20 3.48 3.21 1175 854300.00 2791917.00
22/03/2017 3.20 3.20 3.46 3.44 920 624900.00 2098069.00
23/03/2017 3.40 3.35 3.62 3.52 928 539700.00 1887092.00
24/03/2017 3.50 3.39 3.59 3.42 497 239500.00 830193.00
27/03/2017 3.43 3.31 3.44 3.44 422 140400.00 474334.00
28/03/2017 3.48 3.43 3.60 3.59 677 326500.00 1153087.00
29/03/2017 3.60 3.46 3.61 3.48 426 158800.00 561148.00
30/03/2017 3.49 3.45 3.60 3.50 417 152300.00 537149.00
31/03/2017 3.50 3.46 3.55 3.50 366 186800.00 654712.00
03/04/2017 3.50 3.40 3.53 3.48 474 180200.00 623467.00
04/04/2017 3.50 3.37 3.50 3.40 420 246900.00 848930.00
05/04/2017 3.40 3.33 3.45 3.34 479 369700.00 1247583.00
06/04/2017 3.34 3.28 3.39 3.36 399 160100.00 532151.00
07/04/2017 3.41 3.29 3.43 3.30 395 142000.00 473413.00
10/04/2017 3.35 3.30 3.44 3.42 412 180700.00 606034.00
11/04/2017 3.44 3.41 3.56 3.49 524 289500.00 1009524.00
12/04/2017 3.52 3.39 3.52 3.47 323 119700.00 412808.00
13/04/2017 3.50 3.41 3.50 3.50 476 262200.00 908904.00
17/04/2017 3.52 3.48 3.56 3.54 357 144700.00 509441.00
18/04/2017 3.54 3.44 3.55 3.49 344 107900.00 376906.00
19/04/2017 3.50 3.44 3.57 3.55 624 327500.00 1153071.00
20/04/2017 3.58 3.54 3.75 3.70 886 849600.00 3119805.00
24/04/2017 3.72 3.62 3.79 3.72 704 579400.00 2154283.00
25/04/2017 3.74 3.65 3.74 3.66 491 311700.00 1148255.00
26/04/2017 3.61 3.55 3.73 3.65 516 319300.00 1164871.00
27/04/2017 3.69 3.52 3.69 3.52 469 157800.00 564619.00
28/04/2017 3.52 3.52 3.67 3.66 418 169100.00 612620.00
02/05/2017 3.61 3.61 3.84 3.80 500 217300.00 817741.00
03/05/2017 3.83 3.75 3.89 3.80 589 235600.00 900698.00
04/05/2017 3.84 3.62 3.87 3.62 377 128600.00 479659.00
05/05/2017 3.67 3.67 3.83 3.81 315 77600.00 292199.00
08/05/2017 3.83 3.78 3.92 3.80 467 208200.00 800432.00
09/05/2017 3.83 3.68 3.87 3.68 410 289200.00 1079997.00
10/05/2017 3.75 3.71 4.05 3.89 1319 1517300.00 5926510.00
11/05/2017 3.97 3.95 4.11 4.11 1044 1234200.00 4981563.00
12/05/2017 3.88 3.65 3.90 3.69 2282 2802700.00 10474529.00
15/05/2017 3.65 3.56 3.68 3.59 950 702000.00 2538373.00
16/05/2017 3.60 3.53 3.74 3.71 1040 917900.00 3338378.00
17/05/2017 3.73 3.64 3.77 3.64 682 573700.00 2125948.00
18/05/2017 3.08 3.05 3.38 3.12 907 968500.00 3059006.00
19/05/2017 3.20 3.16 3.30 3.26 696 487000.00 1578065.00
22/05/2017 3.20 2.96 3.24 2.98 839 679800.00 2076515.00
23/05/2017 3.04 2.97 3.07 3.01 476 372300.00 1122642.00
24/05/2017 3.06 3.01 3.14 3.13 584 424500.00 1309823.00
25/05/2017 3.15 3.11 3.22 3.12 522 331700.00 1046310.00
26/05/2017 3.14 3.09 3.19 3.11 412 148700.00 467307.00
29/05/2017 3.11 3.11 3.17 3.14 365 124400.00 389918.00
30/05/2017 3.21 3.19 3.38 3.32 724 619000.00 2040793.00
31/05/2017 3.32 3.26 3.41 3.26 729 403600.00 1340891.00
01/06/2017 3.27 3.15 3.31 3.17 371 147400.00 473710.00
02/06/2017 3.20 3.14 3.24 3.17 367 153400.00 488722.00
05/06/2017 3.20 3.10 3.20 3.10 333 89200.00 280177.00
06/06/2017 3.14 3.06 3.15 3.13 339 144600.00 448374.00
07/06/2017 3.14 3.09 3.18 3.09 381 189700.00 591770.00
08/06/2017 3.11 3.04 3.12 3.12 498 187800.00 579283.00
09/06/2017 3.14 3.07 3.15 3.11 348 191200.00 596399.00
12/06/2017 3.14 3.06 3.15 3.07 352 145200.00 448223.00
13/06/2017 3.10 2.98 3.10 2.99 466 246500.00 749320.00
14/06/2017 3.00 2.97 3.05 3.02 379 185000.00 556755.00
16/06/2017 2.99 2.97 3.01 2.97 332 121300.00 362283.00
