20/06/2016 14.10 13.82 14.10 13.82 6 600.00 8420.00
21/06/2016 13.90 13.90 15.10 14.94 50 13200.00 194154.00
22/06/2016 14.30 14.10 14.50 14.10 29 5600.00 80064.00
23/06/2016 14.34 14.08 14.75 14.08 16 2500.00 35475.00
24/06/2016 13.30 13.30 14.00 13.85 33 7000.00 95821.00
27/06/2016 13.90 13.55 13.90 13.55 13 9500.00 129178.00
28/06/2016 13.58 13.54 13.60 13.56 15 1900.00 25771.00
29/06/2016 13.90 13.58 13.90 13.70 15 3000.00 41081.00
30/06/2016 14.00 13.50 14.00 13.70 45 5800.00 78677.00
01/07/2016 13.69 13.50 13.70 13.50 8 1600.00 21686.00
04/07/2016 13.58 13.48 14.20 13.48 48 14500.00 198703.00
05/07/2016 13.60 12.66 13.90 12.86 40 11500.00 152020.00
06/07/2016 12.73 12.60 13.25 12.75 34 7800.00 99772.00
07/07/2016 13.07 13.00 13.49 13.31 37 5400.00 71763.00
08/07/2016 13.25 12.80 13.25 12.80 12 1900.00 24463.00
11/07/2016 13.20 13.20 13.59 13.23 22 12900.00 170819.00
12/07/2016 13.47 13.40 13.60 13.60 21 4800.00 64977.00
13/07/2016 13.69 13.26 13.70 13.70 27 37700.00 502388.00
14/07/2016 14.00 13.40 14.00 13.42 27 7500.00 101775.00
15/07/2016 13.28 13.00 13.29 13.00 53 14300.00 186565.00
18/07/2016 13.10 13.00 13.22 13.05 32 21000.00 274796.00
19/07/2016 12.98 12.98 13.60 13.32 25 7900.00 105675.00
20/07/2016 13.36 13.36 13.91 13.91 36 13500.00 184865.00
21/07/2016 13.90 13.90 16.15 16.15 139 64700.00 985231.00
22/07/2016 16.15 14.67 16.52 15.60 107 36600.00 570684.00
25/07/2016 15.88 15.55 15.90 15.80 19 21700.00 340846.00
26/07/2016 15.61 15.31 15.75 15.75 18 6400.00 99576.00
27/07/2016 15.51 14.80 15.51 15.34 37 12200.00 185462.00
28/07/2016 15.29 14.60 15.29 15.00 23 7800.00 116240.00
29/07/2016 14.99 14.75 15.15 14.92 20 13100.00 194660.00
01/08/2016 14.90 14.80 15.00 14.80 5 2200.00 32871.00
02/08/2016 14.61 14.15 14.61 14.25 15 4500.00 64643.00
03/08/2016 14.25 14.21 15.50 15.50 59 34000.00 498904.00
04/08/2016 15.50 14.98 15.80 14.98 41 16200.00 245632.00
05/08/2016 14.87 14.87 15.42 15.42 15 4500.00 68702.00
08/08/2016 15.50 15.30 16.40 15.35 37 13700.00 216784.00
09/08/2016 15.17 15.01 15.89 15.50 35 11100.00 169963.00
10/08/2016 15.50 15.10 15.50 15.12 9 2700.00 41002.00
11/08/2016 15.00 15.00 15.40 15.23 28 10000.00 152131.00
12/08/2016 15.30 15.22 15.55 15.22 18 9500.00 145936.00
15/08/2016 15.50 15.35 15.60 15.45 7 11500.00 176709.00
16/08/2016 15.40 15.20 15.40 15.20 3 500.00 7680.00
17/08/2016 15.30 15.05 15.30 15.10 17 6300.00 95328.00
18/08/2016 15.18 15.01 15.49 15.25 21 13900.00 211391.00
19/08/2016 15.25 15.25 15.90 15.35 27 5400.00 84318.00
22/08/2016 15.49 15.07 15.50 15.07 16 4700.00 71105.00
23/08/2016 15.04 14.84 15.04 14.84 20 7900.00 118401.00
24/08/2016 14.84 14.73 14.95 14.95 7 3100.00 45832.00
25/08/2016 14.90 14.56 14.90 14.56 5 3700.00 54732.00
26/08/2016 14.73 14.71 14.75 14.75 6 2400.00 35370.00
29/08/2016 15.30 14.45 15.30 14.67 22 5200.00 75979.00
31/08/2016 14.67 14.37 14.67 14.50 17 16900.00 244929.00
01/09/2016 14.50 14.00 14.69 14.20 22 4800.00 68654.00
02/09/2016 14.36 14.18 14.78 14.70 43 24000.00 347720.00
05/09/2016 14.50 14.30 14.67 14.30 17 4900.00 70541.00
06/09/2016 14.39 14.00 14.39 14.00 21 35600.00 506520.00
08/09/2016 14.00 14.00 14.65 14.50 52 39000.00 563843.00
09/09/2016 14.30 14.10 14.45 14.10 11 4700.00 66757.00
12/09/2016 14.02 13.82 14.02 13.82 10 5400.00 75089.00
13/09/2016 13.80 13.48 13.80 13.48 13 5300.00 72436.00
14/09/2016 13.48 13.40 13.48 13.40 4 1100.00 14790.00
15/09/2016 13.50 13.20 13.61 13.54 25 10200.00 137008.00
16/09/2016 13.55 13.55 14.20 14.20 15 5000.00 68878.00
19/09/2016 14.29 13.49 14.30 13.49 37 23900.00 329200.00
20/09/2016 13.42 12.95 13.42 12.95 34 10100.00 132614.00
21/09/2016 12.81 12.58 12.91 12.80 45 10700.00 136506.00
22/09/2016 12.82 12.82 14.00 14.00 33 11500.00 153609.00
23/09/2016 13.55 13.55 13.89 13.57 51 8500.00 116785.00
26/09/2016 13.40 13.26 13.50 13.50 6 1500.00 20026.00
27/09/2016 13.49 13.16 13.80 13.16 8 900.00 12185.00
28/09/2016 13.50 13.20 13.80 13.20 10 2000.00 27000.00
29/09/2016 13.33 13.33 13.74 13.50 9 5900.00 79643.00
30/09/2016 13.49 13.49 13.49 13.49 1 100.00 1349.00
03/10/2016 13.50 13.50 13.89 13.81 11 32000.00 441757.00
04/10/2016 13.80 13.60 13.80 13.60 2 500.00 6820.00
05/10/2016 13.60 13.60 14.21 13.90 39 13300.00 186176.00
06/10/2016 14.10 14.10 15.60 15.19 57 28700.00 424909.00
07/10/2016 15.00 14.81 15.39 15.36 26 7600.00 114317.00
10/10/2016 15.59 15.59 16.30 16.14 34 9400.00 149919.00
11/10/2016 15.80 15.50 16.00 15.89 32 8000.00 126689.00
13/10/2016 16.20 15.90 16.20 15.90 6 2200.00 35210.00
14/10/2016 16.10 15.75 16.10 15.75 10 4700.00 74524.00
17/10/2016 16.08 15.80 16.08 15.80 5 700.00 11125.00
18/10/2016 16.05 16.05 16.48 16.16 19 3400.00 55029.00
19/10/2016 16.50 16.25 16.50 16.25 25 9900.00 162712.00
20/10/2016 16.10 16.00 16.29 16.01 18 11600.00 185676.00
21/10/2016 16.25 16.20 16.45 16.35 19 3500.00 57290.00
24/10/2016 16.45 16.45 18.00 16.98 48 15400.00 264618.00
25/10/2016 17.29 16.48 17.29 16.48 24 7700.00 128530.00
26/10/2016 16.48 16.43 16.65 16.43 13 6600.00 109249.00
27/10/2016 16.65 16.17 16.65 16.30 22 5800.00 94974.00
28/10/2016 16.25 16.10 16.59 16.10 53 16300.00 264743.00
31/10/2016 16.00 16.00 16.20 16.00 33 20900.00 334436.00
01/11/2016 16.21 15.60 16.21 15.60 21 19700.00 314998.00
03/11/2016 15.25 15.25 15.50 15.50 2 600.00 9175.00
04/11/2016 15.98 15.98 16.38 15.98 7 6500.00 104072.00
07/11/2016 15.75 15.54 15.75 15.74 12 2300.00 35998.00
08/11/2016 15.32 15.00 15.74 15.40 14 2800.00 42539.00
09/11/2016 14.30 14.30 15.65 14.96 29 6300.00 93114.00
10/11/2016 15.30 14.31 15.30 14.50 13 1500.00 21865.00
11/11/2016 14.45 14.01 15.00 14.50 36 7700.00 111579.00
14/11/2016 14.50 14.00 14.50 14.10 24 6900.00 98635.00
16/11/2016 15.08 15.08 17.70 16.47 120 38600.00 644243.00
17/11/2016 16.47 15.60 16.97 15.93 36 8500.00 137252.00
18/11/2016 15.91 15.62 15.91 15.62 6 2400.00 37696.00
21/11/2016 15.70 15.70 16.95 16.89 30 5800.00 96358.00
22/11/2016 16.90 16.50 17.00 16.89 33 15200.00 254517.00
23/11/2016 16.11 16.10 16.59 16.30 25 5300.00 85881.00
24/11/2016 16.00 16.00 16.30 16.11 9 35900.00 584692.00
25/11/2016 16.05 16.00 16.59 16.50 39 8100.00 132009.00
28/11/2016 16.21 16.05 16.50 16.05 13 5300.00 85813.00
29/11/2016 16.20 15.75 16.20 15.82 16 37200.00 587867.00
30/11/2016 16.47 16.47 17.30 16.61 66 14700.00 249340.00
01/12/2016 16.60 16.30 17.10 16.59 29 11800.00 196933.00
02/12/2016 16.59 16.25 17.00 16.80 19 5700.00 95802.00
05/12/2016 17.00 16.58 17.00 16.77 4 1000.00 16745.00
06/12/2016 16.77 16.77 17.19 17.01 46 11100.00 188889.00
07/12/2016 16.80 16.80 17.35 17.35 31 7100.00 121596.00
08/12/2016 17.50 17.50 17.87 17.55 58 7100.00 125738.00
09/12/2016 17.85 17.53 18.00 18.00 106 16300.00 291455.00
12/12/2016 18.00 17.64 19.64 18.16 125 36300.00 678895.00
13/12/2016 18.17 18.17 18.64 18.43 52 24400.00 448755.00
14/12/2016 18.43 18.25 18.64 18.55 85 13200.00 243897.00
15/12/2016 18.55 18.30 18.90 18.56 68 25900.00 481329.00
16/12/2016 19.00 18.80 19.21 19.09 69 28200.00 536113.00
19/12/2016 19.29 18.60 19.29 18.76 41 9200.00 172979.00
20/12/2016 18.99 18.85 19.50 19.20 43 7600.00 145427.00
21/12/2016 19.49 18.71 19.50 18.86 40 11800.00 222996.00
22/12/2016 18.99 18.99 22.94 22.06 342 74100.00 1546826.00
23/12/2016 22.50 22.30 23.60 22.80 137 26500.00 600833.00
26/12/2016 22.81 22.55 23.05 22.70 66 9500.00 216325.00
27/12/2016 22.70 21.37 22.70 22.15 136 39100.00 848589.00
28/12/2016 22.16 21.85 22.20 21.85 62 6500.00 143413.00
29/12/2016 21.85 21.77 22.13 21.78 59 9700.00 213292.00
02/01/2017 21.70 21.60 23.39 23.30 108 27300.00 619306.00
03/01/2017 23.60 23.60 26.49 26.39 358 65600.00 1681477.00
04/01/2017 26.42 26.20 26.80 26.26 117 29900.00 792027.00
05/01/2017 26.27 26.27 27.30 27.00 137 27000.00 725896.00
06/01/2017 27.00 24.88 27.00 25.45 107 27000.00 695062.00
09/01/2017 25.45 25.35 27.05 26.60 145 23800.00 627824.00
10/01/2017 26.60 24.95 27.38 25.10 166 40100.00 1030741.00
11/01/2017 25.50 24.44 25.50 25.28 89 15300.00 383029.00
12/01/2017 25.29 25.19 26.00 25.20 171 21700.00 551092.00
13/01/2017 25.50 25.20 28.00 26.91 407 83600.00 2263346.00
16/01/2017 26.91 26.80 27.38 27.34 104 16700.00 453796.00
17/01/2017 27.34 26.65 27.40 27.30 117 29200.00 787835.00
18/01/2017 27.30 26.50 27.34 26.94 178 25500.00 688445.00
19/01/2017 26.95 26.80 28.20 27.10 238 47400.00 1285021.00
20/01/2017 27.40 27.30 28.40 27.87 222 48500.00 1350559.00
23/01/2017 27.87 27.00 28.15 27.27 317 240300.00 6518885.00
24/01/2017 27.30 27.10 27.70 27.60 320 76300.00 2096133.00
26/01/2017 27.80 27.35 27.85 27.59 57 8600.00 237349.00
27/01/2017 27.59 26.66 27.69 26.73 226 29100.00 792721.00
30/01/2017 26.74 25.60 26.74 25.90 151 19500.00 506753.00
31/01/2017 25.50 25.36 26.20 26.20 52 9400.00 242542.00
01/02/2017 26.21 25.80 26.76 26.76 93 17300.00 456833.00
02/02/2017 26.70 26.46 27.00 26.46 79 11100.00 296959.00
03/02/2017 26.46 25.95 26.58 26.58 67 11000.00 289338.00
06/02/2017 27.00 26.50 27.50 26.92 107 14200.00 381483.00
07/02/2017 27.40 27.40 29.51 28.88 256 43000.00 1222402.00
08/02/2017 28.80 28.50 29.94 29.40 200 29700.00 861718.00
09/02/2017 29.30 29.20 30.30 30.12 114 21300.00 638630.00
10/02/2017 30.50 29.90 34.00 33.00 381 86000.00 2741223.00
13/02/2017 33.49 33.49 35.98 35.45 249 52900.00 1866272.00
14/02/2017 36.00 33.68 37.70 36.00 404 100800.00 3565748.00
15/02/2017 36.03 35.30 36.80 36.00 354 86500.00 3109696.00
16/02/2017 36.00 35.15 36.29 35.51 218 52000.00 1860398.00
17/02/2017 35.52 35.52 37.40 36.50 233 61700.00 2244501.00
20/02/2017 36.50 36.00 37.00 36.32 79 14900.00 541036.00
21/02/2017 36.40 36.04 37.70 37.00 75 11400.00 421773.00
22/02/2017 36.95 36.85 38.09 37.50 155 34100.00 1277215.00
23/02/2017 37.56 37.56 38.60 37.75 136 28000.00 1063231.00
24/02/2017 37.80 37.00 37.89 37.89 101 15700.00 589313.00
01/03/2017 37.89 37.20 38.50 37.96 75 13500.00 512618.00
02/03/2017 37.97 36.90 38.39 36.95 141 25200.00 947506.00
03/03/2017 36.96 36.18 38.19 38.17 145 23000.00 856369.00
06/03/2017 38.18 37.70 38.18 37.84 48 10600.00 401072.00
07/03/2017 37.90 37.40 37.90 37.56 46 8500.00 319765.00
08/03/2017 37.56 35.78 38.98 36.00 235 45300.00 1658295.00
09/03/2017 35.50 34.10 36.00 35.99 157 32400.00 1142608.00
10/03/2017 35.85 35.80 37.07 35.85 52 20900.00 751611.00
13/03/2017 36.00 35.90 36.60 36.41 55 7700.00 279716.00
14/03/2017 35.82 35.82 37.30 36.59 113 16400.00 601789.00
15/03/2017 36.80 36.30 39.90 39.15 280 46900.00 1827002.00
16/03/2017 39.74 37.90 39.80 38.40 85 18800.00 725628.00
17/03/2017 38.50 37.01 38.71 38.57 107 24100.00 917030.00
20/03/2017 38.56 37.22 38.57 37.90 94 25000.00 953984.00
21/03/2017 37.90 35.85 38.80 38.79 146 25300.00 944515.00
22/03/2017 38.89 37.53 39.10 38.25 76 14000.00 533743.00
23/03/2017 37.14 37.14 39.00 38.87 90 12200.00 465839.00
24/03/2017 38.80 38.80 39.87 39.11 68 22500.00 880947.00
27/03/2017 39.00 38.45 39.59 39.17 112 17300.00 677061.00
28/03/2017 39.58 39.13 42.20 40.60 212 57500.00 2333991.00
29/03/2017 41.00 40.30 43.50 43.00 413 87200.00 3698211.00
30/03/2017 43.70 43.01 47.00 46.90 460 113100.00 5106195.00
31/03/2017 46.10 43.89 48.50 46.99 567 109100.00 5103667.00
03/04/2017 47.15 46.00 47.89 47.00 176 27200.00 1278066.00
04/04/2017 46.80 46.25 47.55 47.17 300 46200.00 2174915.00
05/04/2017 47.17 46.60 47.45 47.00 152 24400.00 1145749.00
06/04/2017 46.80 44.00 46.80 44.01 328 87400.00 3953995.00
07/04/2017 44.20 40.50 45.04 42.30 720 167100.00 7090524.00
10/04/2017 42.72 41.00 43.60 42.00 426 81300.00 3409332.00
11/04/2017 41.60 39.20 42.12 41.00 392 90300.00 3653902.00
12/04/2017 41.14 39.59 41.53 40.50 251 53200.00 2149620.00
13/04/2017 40.74 38.16 41.03 39.00 308 51600.00 2032929.00
17/04/2017 39.50 38.22 40.60 39.60 264 61000.00 2415576.00
18/04/2017 39.60 38.02 39.99 38.97 236 101800.00 4016521.00
19/04/2017 39.00 37.27 39.08 38.36 197 28100.00 1073355.00
20/04/2017 39.00 37.47 39.00 38.73 314 42000.00 1598883.00
24/04/2017 39.06 38.65 42.41 40.49 477 72200.00 2938105.00
25/04/2017 40.00 39.60 42.69 42.30 307 44400.00 1842801.00
26/04/2017 42.10 41.65 44.00 43.00 229 43000.00 1846639.00
27/04/2017 43.00 41.47 44.69 42.20 213 36800.00 1569887.00
28/04/2017 42.44 41.07 43.48 43.48 105 16200.00 685143.00
02/05/2017 43.67 42.10 44.00 42.48 155 24300.00 1043306.00
03/05/2017 42.35 40.90 42.60 42.00 134 19500.00 810648.00
04/05/2017 41.97 40.05 41.99 41.45 140 21700.00 887973.00
05/05/2017 41.30 40.90 41.98 41.98 82 13000.00 540141.00
08/05/2017 41.81 41.00 41.81 41.31 107 19300.00 797367.00
09/05/2017 41.60 40.47 41.60 41.50 161 22400.00 921717.00
10/05/2017 41.47 41.20 42.70 41.96 121 29600.00 1245964.00
11/05/2017 43.13 41.00 43.16 42.00 95 14100.00 588372.00
12/05/2017 42.00 41.80 42.40 42.30 136 27500.00 1158423.00
15/05/2017 42.50 40.10 43.00 40.46 166 28500.00 1171069.00
16/05/2017 40.60 37.72 40.60 39.00 256 44400.00 1726139.00
17/05/2017 38.90 38.05 39.50 38.98 187 23600.00 917175.00
18/05/2017 33.20 33.00 35.55 35.45 137 21800.00 748658.00
19/05/2017 35.29 35.26 36.80 35.53 218 29500.00 1058223.00
22/05/2017 35.00 34.80 36.29 36.20 132 17800.00 637929.00
23/05/2017 36.29 36.05 37.05 36.05 180 26300.00 960595.00
24/05/2017 36.44 34.15 37.00 34.40 275 64300.00 2237732.00
25/05/2017 34.46 33.80 35.29 35.29 63 11000.00 379992.00
26/05/2017 35.29 35.02 35.80 35.79 115 21700.00 769828.00
29/05/2017 35.99 35.00 35.99 35.40 47 5400.00 190987.00
30/05/2017 35.49 34.40 37.00 36.00 222 29800.00 1061776.00
31/05/2017 36.63 36.19 37.50 36.80 137 23200.00 851500.00
01/06/2017 36.85 36.29 37.20 36.82 85 10400.00 383200.00
02/06/2017 37.00 36.50 37.20 36.61 145 17200.00 633133.00
05/06/2017 36.62 36.60 37.10 36.95 126 18400.00 679450.00
06/06/2017 36.99 36.70 37.15 37.08 65 10500.00 388749.00
07/06/2017 36.98 36.73 37.05 37.00 69 11800.00 436195.00
08/06/2017 36.95 36.90 37.20 36.95 79 16500.00 611464.00
09/06/2017 36.90 36.55 36.99 36.98 78 10700.00 393399.00
12/06/2017 36.94 36.50 37.69 37.50 110 17600.00 654381.00
13/06/2017 37.49 37.35 37.90 37.80 111 25000.00 942929.00
14/06/2017 37.75 37.01 37.75 37.50 75 10700.00 399247.00
16/06/2017 37.81 36.10 37.81 36.99 145 22800.00 838990.00
