20/06/2016 5.99 5.97 6.20 5.97 290 93154.88 567127.00
21/06/2016 6.00 5.99 6.16 6.06 194 234267.66 1419809.00
22/06/2016 6.02 6.02 6.18 6.11 164 123524.81 755454.00
23/06/2016 6.14 6.07 6.18 6.16 117 224962.39 1381857.00
24/06/2016 6.05 5.99 6.31 6.16 101 57263.15 349613.00
27/06/2016 6.16 5.98 6.16 6.06 259 153383.45 930103.00
28/06/2016 6.06 6.06 6.18 6.14 524 134875.18 828982.00
29/06/2016 6.12 6.12 6.35 6.19 137 105527.81 653981.00
30/06/2016 6.16 6.11 6.27 6.25 136 253696.23 1562203.00
01/07/2016 6.24 6.17 6.37 6.37 123 67488.72 424985.00
04/07/2016 6.37 6.22 6.38 6.31 197 64318.79 404000.00
05/07/2016 6.31 6.08 6.31 6.29 298 163813.53 1013410.00
06/07/2016 6.28 6.09 6.28 6.21 363 239073.67 1480571.00
07/07/2016 6.23 6.17 6.31 6.23 458 345010.51 2149075.00
08/07/2016 6.22 6.22 6.31 6.31 68 232836.08 1458992.00
11/07/2016 6.30 6.26 6.47 6.36 542 424565.39 2696754.00
12/07/2016 6.41 6.25 6.47 6.33 1431 286009.01 1813000.00
13/07/2016 6.27 6.27 6.41 6.37 130 101233.08 645762.00
14/07/2016 6.40 6.34 6.45 6.45 196 156553.38 1001654.00
15/07/2016 6.42 6.41 6.94 6.90 384 292553.37 1978318.00
18/07/2016 6.99 6.93 7.14 7.12 472 254207.51 1799005.00
19/07/2016 7.09 7.01 7.20 7.06 581 219747.36 1554891.00
20/07/2016 7.05 6.87 7.42 7.22 668 216781.94 1554644.00
21/07/2016 7.29 7.28 8.20 8.07 776 517618.02 4038055.00
22/07/2016 8.16 7.90 8.53 8.02 463 208908.26 1709065.00
25/07/2016 7.97 7.87 8.21 8.19 753 170153.37 1375364.00
26/07/2016 8.26 8.09 8.41 8.19 554 184571.42 1513775.00
27/07/2016 7.32 6.83 7.49 6.85 1226 919380.40 6560190.00
28/07/2016 6.84 6.84 7.19 7.08 665 275681.19 1933095.00
29/07/2016 7.14 7.04 7.33 7.09 602 309323.29 2227593.00
01/08/2016 6.96 6.96 7.31 7.10 550 219200.00 1566814.00
02/08/2016 7.10 6.85 7.25 6.99 723 180200.00 1258227.00
03/08/2016 6.99 6.92 7.17 7.10 739 630400.00 4452205.00
04/08/2016 7.12 6.90 7.17 7.03 669 316800.00 2215394.00
05/08/2016 7.05 6.92 7.24 7.04 322 514300.00 3609772.00
08/08/2016 7.12 6.71 7.12 6.76 583 252800.00 1737401.00
09/08/2016 6.79 6.75 6.94 6.94 416 86700.00 597216.00
10/08/2016 7.02 6.84 7.09 7.06 232 88200.00 615408.00
11/08/2016 7.09 6.82 7.20 7.20 485 307000.00 2137885.00
12/08/2016 7.15 6.89 7.15 7.00 392 116200.00 814634.00
15/08/2016 6.99 6.92 7.01 6.93 175 55800.00 388755.00
16/08/2016 6.90 6.84 6.99 6.90 611 233800.00 1612690.00
17/08/2016 6.89 6.72 6.91 6.76 501 139300.00 946212.00
18/08/2016 6.76 6.76 6.96 6.96 313 138500.00 951381.00
19/08/2016 6.90 6.81 6.90 6.88 324 144900.00 994000.00
22/08/2016 6.83 6.80 6.93 6.84 290 85800.00 586333.00
23/08/2016 6.90 6.73 6.98 6.80 334 154600.00 1051275.00
24/08/2016 6.78 6.68 6.89 6.68 257 96300.00 650689.00
25/08/2016 6.70 6.68 6.79 6.74 191 52700.00 354263.00
26/08/2016 6.83 6.66 6.84 6.69 297 96700.00 650963.00
29/08/2016 6.70 6.64 6.90 6.66 269 99300.00 667048.00
30/08/2016 6.82 6.70 7.05 6.70 793 385900.00 2659666.00
31/08/2016 6.77 6.69 7.00 6.99 517 197100.00 1352499.00
01/09/2016 7.00 7.00 7.24 7.00 574 238300.00 1688288.00
02/09/2016 7.06 6.96 7.15 6.96 445 184600.00 1299369.00
05/09/2016 7.00 6.76 7.04 6.88 327 190300.00 1318906.00
06/09/2016 6.87 6.75 7.00 6.96 417 189200.00 1298828.00
08/09/2016 6.90 6.87 7.03 6.95 548 167300.00 1163724.00
09/09/2016 6.96 6.73 6.96 6.83 246 88800.00 604038.00
12/09/2016 6.78 6.72 6.90 6.89 380 121300.00 824537.00
13/09/2016 6.83 6.53 6.83 6.62 520 180800.00 1201811.00
14/09/2016 6.70 6.33 6.70 6.35 701 262000.00 1699721.00
15/09/2016 6.42 6.11 6.68 6.68 462 182700.00 1164515.00
16/09/2016 6.68 6.27 6.68 6.27 514 161700.00 1036008.00
19/09/2016 6.34 6.20 6.44 6.32 236 81400.00 517186.00
20/09/2016 6.34 6.25 6.47 6.25 811 297800.00 1887304.00
21/09/2016 6.32 6.25 6.64 6.52 569 407400.00 2589118.00
22/09/2016 6.47 6.40 6.71 6.52 1001 721900.00 4727084.00
23/09/2016 6.50 6.42 6.65 6.54 577 144600.00 943471.00
26/09/2016 6.56 6.30 6.56 6.38 442 153900.00 982675.00
27/09/2016 6.49 6.29 6.60 6.35 722 171500.00 1091471.00
28/09/2016 6.38 6.30 6.45 6.39 326 117200.00 749194.00
29/09/2016 6.40 6.38 6.78 6.70 1439 457200.00 3020450.00
30/09/2016 6.69 6.69 6.99 6.97 473 330600.00 2282378.00
03/10/2016 6.96 6.89 7.10 7.02 413 135300.00 943234.00
04/10/2016 7.00 6.81 7.10 6.85 180 122400.00 844734.00
05/10/2016 6.86 6.85 6.97 6.87 269 91100.00 628566.00
06/10/2016 6.86 6.81 6.95 6.93 186 75200.00 518795.00
07/10/2016 6.94 6.82 6.96 6.94 528 152500.00 1053157.00
10/10/2016 6.92 6.85 7.04 6.90 274 95400.00 662978.00
11/10/2016 6.95 6.90 7.09 6.94 1026 319900.00 2243346.00
13/10/2016 6.90 6.85 6.97 6.85 377 93700.00 647504.00
14/10/2016 6.91 6.78 6.94 6.85 310 101600.00 696926.00
17/10/2016 6.79 6.73 6.85 6.80 477 504100.00 3419382.00
18/10/2016 6.86 6.75 6.88 6.87 256 158200.00 1076413.00
19/10/2016 6.82 6.82 7.09 7.00 595 237300.00 1653248.00
20/10/2016 7.03 6.85 7.08 7.00 476 285800.00 2001737.00
21/10/2016 7.04 7.04 7.58 7.55 1037 506300.00 3750375.00
24/10/2016 7.68 7.35 7.85 7.35 1132 490500.00 3720689.00
25/10/2016 7.35 7.12 7.44 7.30 345 115700.00 845479.00
26/10/2016 7.29 7.11 7.56 7.16 685 320500.00 2334541.00
27/10/2016 7.11 7.06 7.22 7.21 412 115200.00 821709.00
28/10/2016 7.23 7.23 7.39 7.35 381 169200.00 1240271.00
31/10/2016 7.39 7.20 7.39 7.30 346 116300.00 848177.00
01/11/2016 7.30 7.06 7.33 7.10 364 115800.00 825680.00
03/11/2016 7.05 6.90 7.18 6.91 482 144800.00 1019243.00
04/11/2016 7.10 6.90 7.10 6.91 348 126700.00 882165.00
07/11/2016 7.02 6.86 7.09 6.94 277 106900.00 748238.00
08/11/2016 6.87 6.87 7.01 7.01 255 64500.00 448116.00
09/11/2016 6.71 6.57 6.92 6.79 463 165000.00 1116223.00
10/11/2016 6.85 6.57 6.91 6.70 707 221000.00 1472119.00
11/11/2016 6.65 6.40 6.70 6.42 466 144200.00 942229.00
14/11/2016 6.45 6.22 6.46 6.34 469 245800.00 1564076.00
16/11/2016 6.35 6.30 6.72 6.63 1139 274100.00 1796833.00
17/11/2016 6.62 6.62 7.00 6.82 580 180600.00 1229151.00
18/11/2016 6.77 6.61 6.96 6.73 968 217400.00 1466642.00
21/11/2016 6.70 6.50 6.85 6.50 550 240200.00 1591480.00
22/11/2016 6.49 6.41 6.65 6.54 593 138700.00 913060.00
23/11/2016 6.58 6.51 6.65 6.63 617 155200.00 1024511.00
24/11/2016 6.64 6.52 6.75 6.61 431 125300.00 834570.00
25/11/2016 6.64 6.55 6.75 6.67 376 74300.00 494659.00
28/11/2016 6.57 6.55 6.85 6.81 580 1238500.00 8294425.00
29/11/2016 6.80 6.64 7.12 6.91 1085 260800.00 1800568.00
30/11/2016 6.99 6.79 7.67 7.67 1221 886900.00 6599820.00
01/12/2016 7.57 7.23 7.57 7.23 1309 409800.00 3034457.00
02/12/2016 7.19 6.97 7.25 6.97 420 115600.00 815498.00
05/12/2016 6.93 6.92 7.30 7.10 609 169600.00 1207103.00
06/12/2016 7.13 6.91 7.19 7.00 341 97700.00 689271.00
07/12/2016 7.01 6.90 7.25 7.23 666 251200.00 1792471.00
08/12/2016 7.17 7.07 7.43 7.09 621 226500.00 1630142.00
09/12/2016 7.13 7.06 7.30 7.09 192 67100.00 479061.00
12/12/2016 7.14 6.95 7.19 6.96 248 82500.00 580983.00
13/12/2016 7.00 6.94 7.08 6.94 155 48000.00 336045.00
14/12/2016 6.99 6.98 7.18 6.98 223 78900.00 554938.00
15/12/2016 7.03 6.98 7.14 7.00 258 60200.00 423758.00
16/12/2016 7.01 6.95 7.07 6.95 212 63800.00 445760.00
19/12/2016 7.00 6.67 7.04 6.78 1017 196500.00 1340951.00
20/12/2016 6.79 6.70 6.86 6.80 545 142300.00 960165.00
21/12/2016 6.82 6.77 6.92 6.89 347 107500.00 736831.00
22/12/2016 6.94 6.85 7.06 6.91 622 171600.00 1186051.00
23/12/2016 6.97 6.97 7.28 7.19 451 169100.00 1204219.00
26/12/2016 7.19 7.19 7.46 7.46 440 123000.00 901035.00
27/12/2016 7.43 7.34 7.48 7.40 279 91500.00 678253.00
28/12/2016 7.40 7.40 7.79 7.67 353 153200.00 1158978.00
29/12/2016 7.71 7.52 7.78 7.65 247 183700.00 1403925.00
02/01/2017 7.58 7.57 7.90 7.61 569 179400.00 1377896.00
03/01/2017 7.70 7.60 7.86 7.70 492 194500.00 1498239.00
04/01/2017 7.70 7.70 7.91 7.86 274 81600.00 635467.00
05/01/2017 7.80 7.80 8.05 7.94 445 146700.00 1165165.00
06/01/2017 7.90 7.90 8.07 7.97 244 112800.00 901265.00
09/01/2017 8.90 8.12 9.15 8.12 1321 423700.00 3613489.00
10/01/2017 8.11 8.11 8.65 8.56 857 256600.00 2162475.00
11/01/2017 8.64 8.42 8.90 8.79 464 140700.00 1227817.00
12/01/2017 8.95 8.49 8.95 8.57 538 196100.00 1706151.00
13/01/2017 8.50 8.30 8.83 8.41 244 88600.00 760412.00
16/01/2017 9.01 8.61 9.09 8.71 693 626600.00 5593615.00
17/01/2017 8.61 8.51 8.78 8.59 1027 306100.00 2645761.00
18/01/2017 8.56 8.01 8.60 8.01 669 249900.00 2084185.00
19/01/2017 8.10 8.02 8.60 8.60 530 213600.00 1782727.00
20/01/2017 8.45 8.31 8.54 8.50 180 99500.00 834132.00
23/01/2017 8.43 8.25 8.46 8.40 236 82500.00 688422.00
24/01/2017 8.33 8.14 8.45 8.23 425 163900.00 1351855.00
26/01/2017 8.30 8.13 8.33 8.27 746 187700.00 1544949.00
27/01/2017 8.20 8.00 8.31 8.12 656 234500.00 1908072.00
30/01/2017 8.10 7.83 8.16 7.91 702 270000.00 2156125.00
31/01/2017 7.99 7.91 8.18 8.15 343 157200.00 1259231.00
01/02/2017 8.17 8.00 8.18 8.00 462 87200.00 705485.00
02/02/2017 8.00 8.00 8.17 8.16 162 36700.00 296202.00
03/02/2017 8.16 8.03 8.37 8.20 425 99600.00 817477.00
06/02/2017 8.13 8.00 8.16 8.06 376 107600.00 868485.00
07/02/2017 8.12 7.92 8.20 7.98 332 135500.00 1091014.00
08/02/2017 8.00 7.93 8.07 8.00 218 45900.00 366870.00
09/02/2017 8.01 7.90 8.07 7.98 195 52200.00 417172.00
10/02/2017 8.01 7.86 8.07 8.06 230 83700.00 669382.00
13/02/2017 8.05 8.02 8.33 8.21 403 143400.00 1168603.00
14/02/2017 8.15 8.11 8.30 8.30 284 79000.00 648477.00
15/02/2017 8.31 8.22 8.39 8.22 346 150200.00 1245177.00
16/02/2017 8.24 8.15 8.29 8.24 248 49500.00 408407.00
17/02/2017 8.25 8.23 8.40 8.37 280 130800.00 1087662.00
20/02/2017 8.37 8.32 8.71 8.71 408 192000.00 1637041.00
21/02/2017 8.75 8.62 8.91 8.70 457 1207000.00 10729230.00
22/02/2017 8.64 8.54 8.85 8.60 446 116700.00 1011051.00
23/02/2017 8.54 8.27 8.82 8.31 560 249000.00 2118837.00
24/02/2017 8.32 8.06 9.22 8.90 1525 461500.00 4046554.00
01/03/2017 9.35 8.66 9.35 8.80 584 151800.00 1349451.00
02/03/2017 8.73 8.62 8.98 8.86 1328 270400.00 2384189.00
03/03/2017 8.70 8.70 8.96 8.85 453 101800.00 895194.00
06/03/2017 8.85 8.72 8.85 8.73 137 140700.00 1234888.00
07/03/2017 8.75 8.23 8.79 8.44 395 146600.00 1247942.00
08/03/2017 8.44 8.05 8.51 8.28 447 206200.00 1697015.00
09/03/2017 8.32 7.89 8.32 8.00 656 182100.00 1470716.00
10/03/2017 8.00 8.00 8.34 8.34 641 258400.00 2109670.00
13/03/2017 8.27 8.05 8.40 8.27 316 118900.00 972140.00
14/03/2017 8.20 8.03 8.38 8.03 383 113000.00 920753.00
15/03/2017 8.23 8.20 8.89 8.80 835 376800.00 3236183.00
16/03/2017 8.80 8.63 8.89 8.83 297 118100.00 1034975.00
17/03/2017 8.90 8.72 9.00 8.89 434 295000.00 2603008.00
20/03/2017 8.82 8.72 8.84 8.75 138 598500.00 5254701.00
21/03/2017 8.75 8.68 8.97 8.97 260 215000.00 1887614.00
22/03/2017 8.83 8.77 8.89 8.80 235 59900.00 527956.00
23/03/2017 8.79 8.70 8.90 8.80 122 50700.00 447629.00
24/03/2017 8.80 8.80 8.89 8.81 332 73900.00 652315.00
27/03/2017 8.76 8.58 8.88 8.74 107 73900.00 642430.00
28/03/2017 8.71 8.58 8.87 8.69 397 175500.00 1524528.00
29/03/2017 8.59 8.59 8.89 8.86 235 121900.00 1063776.00
30/03/2017 9.00 8.96 9.21 9.05 792 331600.00 3013645.00
31/03/2017 9.11 8.97 9.27 9.27 609 252300.00 2303391.00
03/04/2017 9.26 9.09 9.26 9.15 504 204900.00 1876738.00
04/04/2017 9.13 9.01 9.18 9.10 551 245500.00 2240289.00
05/04/2017 9.10 9.01 9.14 9.01 334 86800.00 788783.00
06/04/2017 9.02 9.00 9.09 9.00 269 82100.00 741635.00
07/04/2017 9.01 8.95 9.11 9.10 272 139300.00 1257023.00
10/04/2017 9.06 9.01 9.08 9.01 63 19200.00 173733.00
11/04/2017 9.03 8.80 9.04 8.80 400 193400.00 1730615.00
12/04/2017 8.79 8.79 8.98 8.98 121 279600.00 2477262.00
13/04/2017 8.97 8.83 8.99 8.85 102 37400.00 332755.00
17/04/2017 8.86 8.80 8.93 8.80 66 20200.00 178852.00
18/04/2017 8.82 8.59 8.90 8.89 287 1164800.00 10357254.00
19/04/2017 8.89 8.87 8.97 8.96 396 163800.00 1461445.00
20/04/2017 8.96 8.96 9.11 9.11 222 86500.00 780334.00
24/04/2017 9.02 8.98 9.06 9.00 225 161600.00 1455105.00
25/04/2017 8.99 8.91 8.99 8.99 137 47400.00 424005.00
26/04/2017 8.95 8.85 8.98 8.91 117 230400.00 2062269.00
27/04/2017 8.92 8.80 9.08 9.03 311 212900.00 1905574.00
28/04/2017 9.03 8.97 9.03 9.03 223 73100.00 659250.00
02/05/2017 8.99 8.99 9.06 9.00 202 69900.00 631457.00
03/05/2017 8.93 8.93 9.07 8.98 143 42000.00 379316.00
04/05/2017 8.98 8.92 9.04 8.96 153 49700.00 445846.00
05/05/2017 8.96 8.90 8.99 8.96 166 30600.00 273762.00
08/05/2017 8.94 8.94 9.48 9.15 266 200400.00 1809150.00
09/05/2017 9.19 9.00 9.26 9.10 228 92400.00 842440.00
10/05/2017 9.14 9.02 9.15 9.03 219 86900.00 788743.00
11/05/2017 9.04 8.98 9.06 9.05 194 137600.00 1241060.00
12/05/2017 9.05 8.71 9.05 8.82 416 125300.00 1107144.00
15/05/2017 8.82 8.79 9.00 9.00 220 62700.00 553582.00
16/05/2017 8.97 8.80 9.00 8.80 130 33800.00 301353.00
17/05/2017 8.80 8.76 8.95 8.95 220 84800.00 749257.00
18/05/2017 8.00 7.80 8.27 8.10 453 199700.00 1596025.00
19/05/2017 8.19 8.10 8.58 8.55 1007 202400.00 1706185.00
22/05/2017 8.41 8.03 8.44 8.35 508 199100.00 1636220.00
23/05/2017 8.32 8.18 8.48 8.35 469 105800.00 879814.00
24/05/2017 8.40 8.31 8.49 8.35 664 144200.00 1209987.00
25/05/2017 8.31 7.94 8.37 8.20 610 148900.00 1213473.00
26/05/2017 8.25 8.25 8.35 8.35 161 30800.00 255546.00
29/05/2017 8.30 8.16 8.46 8.46 105 40200.00 334449.00
30/05/2017 8.39 8.25 8.39 8.26 129 33100.00 274933.00
31/05/2017 8.23 7.92 8.23 7.92 489 107300.00 859306.00
01/06/2017 7.96 7.95 8.20 8.03 316 98800.00 794369.00
02/06/2017 8.05 7.85 8.06 7.86 177 62800.00 497431.00
05/06/2017 7.85 7.81 8.07 8.07 121 50000.00 397751.00
06/06/2017 8.05 7.91 8.16 8.05 221 78200.00 629450.00
07/06/2017 8.12 7.95 8.20 8.00 1887 328500.00 2632430.00
08/06/2017 7.98 7.94 8.05 8.00 507 95100.00 759396.00
09/06/2017 8.00 7.84 8.10 7.94 656 120600.00 955644.00
12/06/2017 8.09 8.06 8.39 8.34 509 229600.00 1888182.00
13/06/2017 8.40 8.21 8.45 8.23 274 98800.00 816846.00
14/06/2017 8.24 8.18 8.30 8.25 192 57100.00 471019.00
16/06/2017 8.25 8.20 8.45 8.41 273 135500.00 1125855.00
