20/06/2016 25.47 25.32 25.98 25.82 2034 432179.48 11142737.00
21/06/2016 25.61 25.48 26.18 25.71 2233 633581.50 16340637.00
22/06/2016 25.62 25.62 26.52 26.08 2227 519893.46 13534259.00
23/06/2016 26.20 26.20 26.71 26.63 1627 304370.62 8056719.00
24/06/2016 26.14 25.75 26.67 26.14 2423 476706.43 12497104.00
27/06/2016 26.21 25.19 26.39 25.27 3365 680994.47 17355847.00
28/06/2016 25.44 25.37 26.24 25.83 4965 942384.20 24302530.00
29/06/2016 26.06 25.56 26.18 25.76 3194 820450.42 21145090.00
30/06/2016 25.72 25.56 26.24 25.95 3257 748609.48 19356004.00
01/07/2016 25.84 25.63 25.95 25.86 1904 829108.44 21357121.00
04/07/2016 26.00 25.68 26.15 25.71 762 248093.49 6403281.00
05/07/2016 25.68 25.08 25.82 25.18 2150 498969.91 12608254.00
06/07/2016 25.23 24.41 25.23 25.13 2668 638838.16 15888016.00
07/07/2016 25.28 24.96 25.42 25.36 2735 599464.78 15157304.00
08/07/2016 25.58 25.38 25.80 25.61 3606 591734.41 15143585.00
11/07/2016 25.81 25.80 26.46 26.20 1954 783653.84 20536388.00
12/07/2016 26.46 25.77 26.65 26.19 1914 281797.92 7374624.00
13/07/2016 26.27 26.04 27.15 26.85 2929 690373.99 18388984.00
14/07/2016 26.92 26.92 27.68 27.21 3620 713668.18 19361310.00
15/07/2016 27.41 27.10 27.58 27.29 1736 420944.66 11500075.00
18/07/2016 27.31 27.31 28.06 28.00 1363 267883.25 7475180.00
19/07/2016 28.08 27.64 28.12 28.04 1608 304782.90 8500478.00
20/07/2016 27.94 27.67 28.02 27.94 1477 409503.71 11420197.00
21/07/2016 27.92 27.51 28.06 27.94 2159 388580.16 10788876.00
22/07/2016 27.93 27.81 28.41 27.97 1155 265718.74 7461975.00
25/07/2016 28.19 27.24 28.19 27.96 1066 244382.91 6801040.00
26/07/2016 27.84 27.50 28.14 27.58 1204 220882.57 6137565.00
27/07/2016 27.49 26.95 27.67 26.95 1324 225726.94 6136319.00
28/07/2016 27.17 26.35 27.19 26.53 1322 283240.92 7541037.00
29/07/2016 26.21 26.21 28.17 27.26 3279 673057.95 18509116.00
01/08/2016 27.34 27.34 28.91 28.54 4978 1205938.44 34259543.00
02/08/2016 28.71 26.64 28.71 27.17 5672 1314472.90 35908806.00
03/08/2016 27.05 26.41 27.38 26.87 3259 612967.17 16512443.00
04/08/2016 26.73 26.73 27.89 26.91 2312 496805.41 13497931.00
05/08/2016 26.99 26.88 27.21 27.17 1575 254483.93 6882645.00
08/08/2016 27.40 26.68 27.40 26.68 1692 258400.65 6955622.00
09/08/2016 26.83 26.58 27.20 26.67 1852 559576.05 14949077.00
10/08/2016 26.83 26.44 27.17 27.17 2444 419192.45 11253258.00
11/08/2016 27.03 26.79 27.58 27.41 2885 520511.89 14159335.00
12/08/2016 27.51 27.11 28.09 27.26 3281 502268.20 13763158.00
15/08/2016 27.51 26.92 27.62 27.13 2116 392806.10 10668016.00
16/08/2016 26.97 26.96 27.45 27.02 1634 631107.78 17158243.00
17/08/2016 27.04 26.45 27.15 26.75 2183 494950.12 13179985.00
18/08/2016 26.79 26.63 27.18 26.91 2230 462791.76 12455178.00
19/08/2016 26.96 26.44 27.10 26.49 2042 600804.71 16064083.00
22/08/2016 26.40 25.45 26.45 25.52 2266 507524.86 13045024.00
23/08/2016 25.55 25.42 25.88 25.56 2770 414141.93 10620330.00
24/08/2016 25.56 25.28 26.54 26.05 2098 653577.40 16903110.00
25/08/2016 26.20 25.53 26.44 25.88 2716 387240.23 9995848.00
26/08/2016 25.58 25.49 26.16 25.95 4075 687384.91 17755430.00
29/08/2016 26.00 25.81 26.36 26.36 1456 305195.19 7970909.00
30/08/2016 26.37 26.28 27.10 26.80 1806 279530.35 7468293.00
31/08/2016 26.82 26.67 27.26 26.73 2914 635746.01 17087281.00
01/09/2016 26.76 26.73 27.58 27.17 4060 803958.96 21884300.00
02/09/2016 27.18 27.18 28.11 28.07 2519 682952.83 19053587.00
05/09/2016 28.07 28.07 28.67 28.33 1318 241084.62 6818623.00
06/09/2016 28.59 28.15 29.06 28.91 2772 659864.77 18916677.00
08/09/2016 29.04 28.36 29.04 28.91 3103 555350.11 15931142.00
09/09/2016 28.79 28.37 29.30 29.02 4069 660483.20 19077074.00
12/09/2016 29.09 28.80 29.66 29.27 6823 1244074.95 36488444.00
13/09/2016 29.06 28.74 29.54 29.27 6056 1182335.03 34584942.00
14/09/2016 28.99 28.83 29.54 29.06 4107 1231912.49 35809931.00
15/09/2016 28.89 28.88 29.22 28.93 2710 485879.81 14103250.00
16/09/2016 28.92 28.71 29.10 28.91 1964 433416.34 12528077.00
19/09/2016 28.77 28.63 29.20 28.79 2487 391775.38 11322799.00
20/09/2016 28.74 28.70 29.22 28.89 1773 295918.74 8568380.00
21/09/2016 28.73 28.63 29.44 28.66 2940 437951.49 12638476.00
22/09/2016 28.84 28.72 29.22 28.98 4708 806638.82 23325212.00
23/09/2016 28.82 28.75 29.53 29.11 3006 779427.90 22683975.00
26/09/2016 29.25 28.67 29.25 28.86 2140 477840.22 13796629.00
27/09/2016 28.98 28.35 29.04 28.72 3121 505566.50 14505011.00
28/09/2016 28.76 28.35 29.06 28.49 3702 561637.48 16078417.00
29/09/2016 28.66 28.57 29.10 28.88 3169 518347.38 14952038.00
30/09/2016 28.96 28.82 29.45 28.93 2767 579881.17 16858587.00
03/10/2016 28.72 28.72 29.38 29.14 2091 527726.91 15335666.00
04/10/2016 29.30 29.08 30.00 29.37 2336 410328.28 12106010.00
05/10/2016 29.51 28.96 29.59 29.26 1919 309214.98 9050222.00
06/10/2016 29.18 29.18 29.88 29.73 2624 408472.99 12125633.00
07/10/2016 29.73 29.55 30.34 29.70 3445 879922.77 26254004.00
10/10/2016 30.08 29.84 30.44 30.34 3012 599464.78 18052300.00
11/10/2016 30.41 30.08 30.77 30.28 2643 521233.39 15832677.00
13/10/2016 30.28 29.60 30.28 29.83 5777 1053598.52 31532674.00
14/10/2016 30.16 29.83 30.75 29.98 3875 588126.90 17750018.00
17/10/2016 29.76 29.76 30.28 29.94 2747 482684.59 14491137.00
18/10/2016 30.11 29.67 30.42 30.20 2846 695733.71 20854456.00
19/10/2016 30.15 30.11 31.03 30.49 2869 430118.04 13172916.00
20/10/2016 30.51 30.20 30.90 30.57 2979 558236.12 17078543.00
21/10/2016 30.48 30.30 31.05 30.66 2238 960730.95 29420669.00
24/10/2016 30.95 30.33 30.95 30.57 2209 399402.69 12200067.00
25/10/2016 30.56 29.98 30.73 30.48 1963 326324.88 9933929.00
26/10/2016 30.29 30.11 30.65 30.36 1818 266749.46 8105239.00
27/10/2016 30.45 30.05 30.55 30.22 3550 657906.41 19884966.00
28/10/2016 30.88 30.15 31.13 30.40 2644 382600.00 11682576.00
31/10/2016 30.65 30.07 30.79 30.27 3013 487900.00 14813882.00
01/11/2016 30.18 29.90 30.66 30.10 3252 495500.00 15010466.00
03/11/2016 29.90 29.11 30.21 29.58 3373 591000.00 17617699.00
04/11/2016 29.79 29.26 30.09 29.58 3379 633900.00 18847879.00
07/11/2016 29.87 29.57 30.21 29.85 2139 399400.00 11954084.00
08/11/2016 29.93 29.81 30.09 30.09 2201 435900.00 13074617.00
09/11/2016 29.87 29.15 30.53 30.01 3391 750600.00 22511496.00
10/11/2016 30.10 28.27 30.51 28.35 6347 1471000.00 42931415.00
11/11/2016 28.35 27.39 29.35 27.99 4904 991700.00 27959666.00
14/11/2016 27.67 27.59 29.09 28.35 4227 1015800.00 28914334.00
16/11/2016 28.86 28.50 30.07 29.62 7381 1477400.00 43474447.00
17/11/2016 30.00 29.26 30.00 29.56 2534 477300.00 14122498.00
18/11/2016 29.88 29.73 30.41 29.80 2611 473000.00 14149215.00
21/11/2016 30.22 28.80 30.30 29.31 3768 556300.00 16418883.00
22/11/2016 29.33 28.23 29.68 28.42 5612 966100.00 27740817.00
23/11/2016 28.59 28.08 28.59 28.30 1834 336000.00 9496463.00
24/11/2016 28.44 28.00 28.78 28.24 743 136100.00 3867745.00
25/11/2016 28.20 27.89 28.61 28.03 1145 183900.00 5172938.00
28/11/2016 28.00 27.76 28.64 28.53 2062 314800.00 8913464.00
29/11/2016 28.44 28.20 28.63 28.48 1480 250100.00 7115205.00
30/11/2016 28.47 28.26 29.06 28.62 3388 957200.00 27372372.00
01/12/2016 28.50 27.14 28.55 27.42 3147 522300.00 14466676.00
02/12/2016 27.50 27.03 27.96 27.12 2055 333300.00 9107773.00
05/12/2016 27.00 26.48 27.37 26.95 1957 306200.00 8202566.00
06/12/2016 26.90 26.48 27.51 27.40 2428 369700.00 10028997.00
07/12/2016 27.77 26.86 27.84 26.86 2715 579300.00 15807402.00
08/12/2016 27.02 26.83 27.53 27.10 2545 501400.00 13652094.00
09/12/2016 27.03 26.70 27.15 27.11 1715 400900.00 10811097.00
12/12/2016 27.10 25.50 27.24 25.62 3059 658700.00 17176272.00
13/12/2016 25.65 25.62 27.39 27.00 4163 1471500.00 39202274.00
14/12/2016 26.71 26.60 27.24 26.60 2819 498200.00 13408226.00
15/12/2016 26.57 25.92 26.78 26.64 3316 789500.00 20689645.00
16/12/2016 26.49 26.49 27.61 26.92 3116 714100.00 19364113.00
19/12/2016 27.01 26.26 27.07 26.50 2120 499300.00 13209294.00
20/12/2016 26.50 26.00 26.81 26.05 1874 423800.00 11088599.00
21/12/2016 26.05 25.57 26.13 25.61 3001 813200.00 20935327.00
22/12/2016 25.61 25.40 25.96 25.68 2109 417000.00 10704740.00
23/12/2016 25.98 25.32 26.09 25.60 2356 434600.00 11168657.00
26/12/2016 25.63 25.62 26.22 26.22 467 104900.00 2732863.00
27/12/2016 26.36 25.84 26.36 25.84 882 143200.00 3734915.00
28/12/2016 26.06 25.93 27.06 26.84 2566 356200.00 9476053.00
29/12/2016 26.87 26.40 27.02 26.90 1493 260400.00 6981159.00
02/01/2017 26.89 26.66 27.00 26.91 323 53900.00 1446423.00
03/01/2017 27.04 26.78 27.87 27.44 1805 310200.00 8524067.00
04/01/2017 27.40 27.21 28.02 28.02 3206 478600.00 13205791.00
05/01/2017 28.02 27.39 28.02 27.71 3706 527000.00 14591439.00
06/01/2017 27.49 27.12 27.68 27.19 2479 398000.00 10881751.00
09/01/2017 27.00 26.92 27.89 27.57 1448 341100.00 9391021.00
10/01/2017 27.61 27.14 27.83 27.33 1755 272700.00 7450587.00
11/01/2017 27.51 27.04 27.79 27.79 1971 315400.00 8659817.00
12/01/2017 28.00 27.69 28.53 27.69 3151 635500.00 17830566.00
13/01/2017 27.39 27.11 27.77 27.30 1906 285700.00 7822273.00
16/01/2017 27.15 26.60 27.32 26.73 1028 161000.00 4314830.00
17/01/2017 26.50 26.02 26.55 26.10 3389 600600.00 15760436.00
18/01/2017 26.06 25.81 26.50 25.97 2360 623400.00 16305216.00
19/01/2017 26.08 25.70 26.23 25.84 2759 486700.00 12597755.00
20/01/2017 26.19 25.77 26.21 26.00 1637 262400.00 6814494.00
23/01/2017 26.15 25.87 26.76 26.64 2553 396600.00 10435983.00
24/01/2017 26.96 26.29 27.47 26.73 2643 397300.00 10693054.00
26/01/2017 26.76 26.76 27.65 27.50 2547 618400.00 16876070.00
27/01/2017 27.34 27.34 28.15 27.55 2320 381800.00 10614899.00
30/01/2017 27.58 26.80 27.66 26.90 2014 305900.00 8307423.00
31/01/2017 26.96 26.28 27.19 26.28 3515 543700.00 14482406.00
01/02/2017 26.46 26.45 27.07 26.46 2021 441400.00 11771444.00
02/02/2017 26.43 26.32 27.20 26.83 2046 297900.00 8020433.00
03/02/2017 26.83 26.43 27.31 26.43 2620 462500.00 12410213.00
06/02/2017 26.60 25.68 26.66 25.73 2433 507800.00 13308360.00
07/02/2017 25.74 25.74 26.44 25.75 1865 429000.00 11145948.00
08/02/2017 25.99 25.77 26.27 25.94 1987 380500.00 9912812.00
09/02/2017 26.08 25.56 26.28 25.61 3587 1024900.00 26575342.00
10/02/2017 25.94 25.32 25.94 25.58 4099 1133300.00 28995164.00
13/02/2017 25.61 25.61 27.06 26.90 3703 898200.00 23959047.00
14/02/2017 26.91 26.55 27.46 26.90 3555 668300.00 18102280.00
15/02/2017 26.90 26.90 28.04 28.04 3614 781600.00 21526182.00
16/02/2017 27.94 27.80 29.19 28.96 3739 1260600.00 36201550.00
17/02/2017 28.96 28.40 29.06 28.57 2920 476100.00 13624654.00
20/02/2017 28.56 28.22 28.69 28.22 552 92100.00 2615785.00
21/02/2017 28.28 28.28 28.79 28.64 3198 490000.00 14045582.00
22/02/2017 28.52 28.52 29.29 29.08 2553 507600.00 14738823.00
23/02/2017 29.24 28.81 29.89 29.23 4242 687500.00 20168234.00
24/02/2017 29.14 28.16 29.14 28.90 2320 489800.00 14081513.00
01/03/2017 28.92 28.23 29.22 28.85 2577 356900.00 10289793.00
02/03/2017 28.96 28.34 29.11 28.88 3098 506900.00 14600056.00
03/03/2017 29.00 28.96 29.78 29.73 2519 367200.00 10818763.00
06/03/2017 29.78 29.25 29.78 29.60 2841 406300.00 11965487.00
07/03/2017 29.36 29.35 30.13 29.75 4363 848800.00 25183687.00
08/03/2017 29.80 29.35 29.93 29.51 1765 322700.00 9529544.00
09/03/2017 29.35 29.19 29.61 29.46 2522 491700.00 14457593.00
10/03/2017 29.30 29.28 29.84 29.55 3393 753000.00 22301021.00
13/03/2017 29.55 29.40 29.84 29.63 2335 444000.00 13159941.00
14/03/2017 29.40 29.35 29.75 29.35 1877 297500.00 8788961.00
15/03/2017 29.36 28.75 30.08 29.80 2586 474700.00 13999509.00
16/03/2017 30.05 29.39 30.52 29.80 2317 432400.00 12918130.00
17/03/2017 29.72 28.17 30.00 28.30 3675 1065300.00 30412494.00
20/03/2017 27.90 27.84 28.46 28.10 4715 1037300.00 29161211.00
21/03/2017 28.33 27.38 28.54 27.89 3921 619400.00 17330174.00
22/03/2017 27.82 27.65 28.30 28.12 3986 602600.00 16937511.00
23/03/2017 28.18 28.05 29.08 28.55 2535 379100.00 10873003.00
24/03/2017 28.49 28.10 28.61 28.10 949 187300.00 5293708.00
27/03/2017 27.99 27.84 28.27 28.10 2174 458900.00 12873619.00
28/03/2017 28.20 27.66 28.50 28.30 1912 470200.00 13176765.00
29/03/2017 28.30 28.03 28.69 28.51 999 184200.00 5232686.00
30/03/2017 28.39 28.22 29.17 28.81 1892 352600.00 10165665.00
31/03/2017 28.62 28.41 29.12 28.41 1615 283300.00 8122187.00
03/04/2017 28.40 28.40 28.94 28.87 736 179700.00 5180481.00
04/04/2017 28.82 28.74 29.29 29.29 1401 337600.00 9808180.00
05/04/2017 29.17 28.73 29.35 28.80 2658 468200.00 13576126.00
06/04/2017 28.93 28.45 29.03 28.89 2946 434900.00 12511156.00
07/04/2017 28.99 28.63 29.26 28.85 3574 585700.00 16911581.00
10/04/2017 28.97 28.33 29.13 28.75 2184 401300.00 11509422.00
11/04/2017 28.84 28.43 28.95 28.75 1635 243900.00 7006039.00
12/04/2017 28.95 28.55 28.95 28.95 2261 596500.00 17205742.00
13/04/2017 28.95 28.22 28.95 28.55 1356 207700.00 5927649.00
17/04/2017 28.63 28.47 29.05 29.05 1129 291600.00 8424306.00
18/04/2017 28.84 28.50 28.89 28.70 3219 428900.00 12313584.00
19/04/2017 28.74 28.22 28.74 28.56 2079 332900.00 9476420.00
20/04/2017 28.67 28.17 28.68 28.30 1539 279900.00 7933111.00
24/04/2017 28.48 28.34 29.06 28.57 2828 483500.00 13939101.00
25/04/2017 28.42 28.42 28.93 28.60 1713 332200.00 9507505.00
26/04/2017 28.47 28.26 28.57 28.41 2597 539500.00 15315503.00
27/04/2017 28.38 28.21 28.68 28.68 1592 315700.00 8991347.00
28/04/2017 28.69 28.40 28.83 28.72 1551 354500.00 10154544.00
02/05/2017 28.63 28.42 29.03 28.67 3109 608700.00 17455028.00
03/05/2017 28.79 28.43 29.08 28.61 1766 329700.00 9483667.00
04/05/2017 28.80 28.33 28.99 28.75 2565 446100.00 12793033.00
05/05/2017 28.55 28.54 29.04 28.75 2030 360200.00 10407801.00
08/05/2017 28.66 28.64 29.45 29.20 2084 365700.00 10712222.00
09/05/2017 29.37 28.95 29.65 29.23 1599 296200.00 8662285.00
10/05/2017 29.35 29.35 30.00 29.61 1950 285100.00 8485656.00
11/05/2017 29.89 29.37 30.18 30.18 2427 459100.00 13712713.00
12/05/2017 30.22 30.22 31.23 30.90 3470 643900.00 19904657.00
15/05/2017 30.91 30.37 31.36 30.63 2134 319900.00 9872672.00
16/05/2017 30.54 30.22 31.28 31.26 2262 376800.00 11596011.00
17/05/2017 31.38 30.84 31.38 31.10 2451 467100.00 14517924.00
18/05/2017 28.10 28.10 31.33 29.99 7411 1448900.00 43887390.00
19/05/2017 30.05 29.57 31.00 29.70 4038 792800.00 23782946.00
22/05/2017 29.49 29.28 31.43 31.19 4250 911500.00 27522922.00
23/05/2017 30.88 30.85 32.70 32.68 4025 1055600.00 34137174.00
24/05/2017 32.70 32.49 33.86 32.59 4451 850400.00 28186389.00
25/05/2017 32.55 32.55 34.13 33.56 3629 692700.00 23246000.00
26/05/2017 33.42 32.84 34.05 32.90 3465 685400.00 22773804.00
29/05/2017 33.07 32.65 33.22 33.03 1088 177800.00 5862625.00
30/05/2017 33.02 32.11 33.02 32.11 1464 318300.00 10333904.00
31/05/2017 32.20 31.43 32.28 32.20 1985 470800.00 15007865.00
01/06/2017 32.59 31.77 33.19 32.00 1507 291200.00 9456698.00
02/06/2017 32.11 31.48 32.42 31.48 2197 433700.00 13872797.00
05/06/2017 31.50 31.50 31.94 31.55 1209 179500.00 5685212.00
06/06/2017 31.51 30.54 31.81 31.06 1694 280300.00 8734112.00
07/06/2017 31.10 30.86 32.17 31.50 1934 310500.00 9701896.00
08/06/2017 31.50 31.02 31.70 31.33 3447 493500.00 15546803.00
09/06/2017 31.57 29.75 31.59 30.11 3238 592500.00 17998607.00
12/06/2017 30.01 29.65 30.56 30.11 1677 287400.00 8677974.00
13/06/2017 30.01 29.42 30.32 29.63 2074 330700.00 9839459.00
14/06/2017 29.93 29.77 30.57 30.15 2455 461500.00 13923560.00
16/06/2017 30.05 29.96 31.19 31.10 2351 1094200.00 33817579.00
