20/06/2016 1.61 1.61 1.61 1.61 3 1069.81 1720.00
22/06/2016 1.66 1.62 1.66 1.62 3 855.85 1419.00
23/06/2016 1.66 1.66 1.66 1.66 1 320.94 534.00
24/06/2016 1.66 1.66 1.66 1.66 2 1176.79 1958.00
28/06/2016 1.65 1.55 1.66 1.55 5 1069.81 1688.00
29/06/2016 1.63 1.63 1.63 1.63 1 427.93 696.00
04/07/2016 1.50 1.50 1.52 1.52 3 2032.64 3077.00
05/07/2016 1.52 1.51 1.55 1.55 3 1069.81 1634.00
07/07/2016 1.53 1.53 1.53 1.53 1 320.94 492.00
12/07/2016 1.63 1.63 1.63 1.63 1 106.98 174.00
20/07/2016 1.52 1.52 1.59 1.59 4 427.93 666.00
21/07/2016 1.59 1.59 1.59 1.59 1 534.91 850.00
22/07/2016 1.59 1.53 1.63 1.56 18 17330.97 26802.00
25/07/2016 1.61 1.61 1.63 1.63 4 5990.95 9640.00
26/07/2016 1.61 1.61 1.61 1.61 1 427.93 688.00
27/07/2016 1.63 1.63 1.67 1.67 4 5135.10 8554.00
28/07/2016 1.67 1.63 1.67 1.63 2 641.89 1049.00
29/07/2016 1.66 1.66 1.73 1.68 27 7809.63 13251.00
01/08/2016 1.68 1.68 1.75 1.75 15 4921.14 8444.00
02/08/2016 1.86 1.68 1.86 1.68 9 9628.31 17300.00
03/08/2016 1.82 1.82 1.87 1.87 12 3744.34 6931.00
04/08/2016 1.87 1.78 1.87 1.78 12 5349.06 9560.00
05/08/2016 1.81 1.81 1.94 1.94 29 23000.97 43027.00
08/08/2016 1.96 1.96 2.01 1.96 4 3851.33 7565.00
09/08/2016 2.09 2.04 2.09 2.04 3 534.91 1096.00
10/08/2016 1.88 1.87 2.01 1.87 16 16047.19 30370.00
11/08/2016 1.92 1.84 1.92 1.84 3 2781.51 5190.00
12/08/2016 1.92 1.80 1.92 1.80 8 5028.12 9103.00
15/08/2016 1.86 1.86 1.89 1.89 3 427.93 802.00
16/08/2016 1.89 1.87 1.89 1.89 4 1069.81 2014.00
17/08/2016 1.87 1.87 1.89 1.89 4 1283.78 2414.00
19/08/2016 1.80 1.80 1.84 1.84 5 1604.72 2930.00
22/08/2016 1.83 1.82 1.83 1.82 3 641.89 1173.00
23/08/2016 1.85 1.79 1.86 1.79 15 10805.11 19567.00
24/08/2016 1.79 1.79 1.79 1.79 1 106.98 191.00
25/08/2016 1.78 1.78 1.85 1.85 2 320.94 578.00
26/08/2016 1.82 1.82 1.82 1.82 1 320.94 585.00
30/08/2016 1.80 1.73 1.81 1.81 9 4814.16 8362.00
01/09/2016 1.77 1.77 1.77 1.77 1 534.91 945.00
02/09/2016 1.80 1.73 1.84 1.82 12 3209.44 5785.00
08/09/2016 1.68 1.68 1.83 1.83 5 4386.23 7571.00
09/09/2016 1.78 1.78 1.83 1.83 3 1283.78 2286.00
13/09/2016 1.82 1.82 1.82 1.82 1 106.98 195.00
20/09/2016 1.77 1.66 1.80 1.66 6 1283.78 2228.00
21/09/2016 1.68 1.65 1.68 1.65 7 5883.97 9754.00
22/09/2016 1.64 1.64 1.64 1.64 1 106.98 175.00
23/09/2016 1.64 1.64 1.65 1.65 2 213.96 352.00
26/09/2016 1.63 1.63 1.65 1.65 2 748.87 1230.00
27/09/2016 1.64 1.62 1.64 1.62 4 4065.29 6606.00
28/09/2016 1.62 1.62 1.79 1.79 10 5883.97 9911.00
03/10/2016 1.65 1.65 1.79 1.78 9 962.83 1654.00
05/10/2016 1.65 1.65 1.79 1.73 10 2032.64 3463.00
06/10/2016 1.70 1.70 1.78 1.78 3 1390.76 2390.00
07/10/2016 1.79 1.78 1.79 1.79 6 5563.03 9901.00
11/10/2016 1.81 1.81 1.81 1.81 1 106.98 194.00
14/10/2016 1.81 1.81 1.81 1.81 1 213.96 388.00
17/10/2016 1.79 1.79 1.81 1.80 6 2995.48 5368.00
18/10/2016 1.73 1.68 1.77 1.68 4 1925.66 3299.00
19/10/2016 1.81 1.79 1.85 1.79 12 7167.75 13125.00
20/10/2016 1.85 1.85 1.85 1.85 1 106.98 198.00
21/10/2016 1.84 1.82 1.85 1.82 5 3744.34 6891.00
25/10/2016 1.79 1.79 1.79 1.79 2 1390.76 2496.00
26/10/2016 1.83 1.83 1.83 1.83 1 106.98 196.00
28/10/2016 1.84 1.83 1.92 1.86 14 14977.38 27615.00
04/11/2016 2.13 2.12 2.14 2.12 4 1200.00 2563.00
07/11/2016 2.11 2.11 2.11 2.11 1 100.00 211.00
09/11/2016 2.11 2.11 2.11 2.11 1 500.00 1055.00
16/11/2016 1.85 1.85 1.85 1.85 2 2000.00 3700.00
17/11/2016 2.00 2.00 2.00 2.00 1 100.00 200.00
21/11/2016 2.01 2.01 2.01 2.01 1 100.00 201.00
24/11/2016 2.01 2.01 2.01 2.01 1 100.00 201.00
29/11/2016 1.82 1.82 1.90 1.84 14 10500.00 19559.00
30/11/2016 1.99 1.99 2.00 2.00 2 600.00 1199.00
01/12/2016 2.00 2.00 2.00 2.00 1 100.00 200.00
02/12/2016 1.84 1.84 1.99 1.99 2 200.00 383.00
06/12/2016 1.98 1.98 1.98 1.98 1 100.00 198.00
07/12/2016 1.95 1.95 1.95 1.95 2 1000.00 1950.00
12/12/2016 1.90 1.87 1.90 1.90 3 300.00 567.00
15/12/2016 1.90 1.90 1.90 1.90 2 300.00 570.00
19/12/2016 1.85 1.75 1.85 1.80 7 5800.00 10201.00
20/12/2016 1.75 1.75 1.80 1.80 3 300.00 535.00
26/12/2016 1.78 1.78 1.78 1.78 2 800.00 1424.00
27/12/2016 1.78 1.78 1.78 1.78 1 200.00 356.00
28/12/2016 1.78 1.78 1.79 1.79 3 600.00 1070.00
29/12/2016 1.76 1.76 1.79 1.79 4 900.00 1605.00
02/01/2017 1.85 1.85 1.85 1.85 1 100.00 185.00
03/01/2017 1.80 1.80 1.80 1.80 2 1400.00 2520.00
04/01/2017 1.85 1.85 1.85 1.85 1 500.00 925.00
05/01/2017 1.80 1.80 1.85 1.85 3 11300.00 20880.00
10/01/2017 1.82 1.80 1.82 1.80 4 3000.00 5416.00
12/01/2017 1.80 1.80 1.80 1.80 1 900.00 1620.00
16/01/2017 1.81 1.81 1.81 1.81 3 5000.00 9050.00
24/01/2017 1.90 1.90 2.41 2.03 219 109900.00 236446.00
26/01/2017 2.03 2.02 3.33 3.33 622 792700.00 2450894.00
27/01/2017 3.30 2.80 3.78 2.80 864 959100.00 3214520.00
30/01/2017 2.80 2.23 2.85 2.26 248 230800.00 552163.00
31/01/2017 2.22 2.19 2.76 2.75 112 113100.00 289420.00
01/02/2017 2.73 2.46 2.95 2.64 112 64900.00 177594.00
02/02/2017 2.51 2.33 2.64 2.35 35 18300.00 44300.00
03/02/2017 2.50 2.43 2.85 2.43 117 101100.00 268162.00
06/02/2017 2.45 2.40 2.53 2.40 55 25800.00 62664.00
07/02/2017 2.40 2.40 2.54 2.54 33 59300.00 142861.00
08/02/2017 2.54 2.47 2.73 2.47 88 31800.00 83373.00
09/02/2017 2.48 2.48 2.61 2.50 13 3500.00 8763.00
10/02/2017 2.49 2.40 2.49 2.45 15 5000.00 12190.00
13/02/2017 2.40 2.35 2.43 2.37 33 14000.00 33342.00
14/02/2017 2.38 2.29 2.50 2.50 39 26200.00 63455.00
15/02/2017 2.40 2.38 2.45 2.42 23 11800.00 28510.00
16/02/2017 2.42 2.31 2.46 2.31 17 16800.00 39696.00
17/02/2017 2.33 2.30 2.39 2.30 20 11800.00 27339.00
20/02/2017 2.40 2.30 2.40 2.31 12 10500.00 24231.00
21/02/2017 2.34 2.25 2.34 2.28 17 18900.00 43473.00
22/02/2017 2.28 2.25 2.37 2.25 14 6900.00 15763.00
23/02/2017 2.25 2.20 2.25 2.20 9 9800.00 21625.00
24/02/2017 2.20 1.95 2.20 2.06 35 24100.00 49643.00
01/03/2017 2.08 2.07 2.14 2.14 4 800.00 1664.00
02/03/2017 2.09 2.07 2.19 2.10 9 4900.00 10467.00
03/03/2017 2.07 2.07 2.20 2.20 7 1400.00 3027.00
06/03/2017 2.18 2.15 2.30 2.26 31 11100.00 24701.00
07/03/2017 2.34 2.34 2.83 2.56 484 373500.00 977410.00
08/03/2017 2.56 2.40 2.70 2.40 124 79000.00 202451.00
09/03/2017 2.45 2.31 2.58 2.36 38 20000.00 47991.00
10/03/2017 2.36 2.32 2.62 2.55 38 26500.00 63922.00
13/03/2017 2.62 2.53 2.67 2.59 28 7100.00 18475.00
14/03/2017 2.59 2.42 2.66 2.42 29 13600.00 34612.00
15/03/2017 2.44 2.44 2.54 2.44 15 8000.00 19821.00
16/03/2017 2.50 2.50 2.65 2.50 20 11400.00 28731.00
17/03/2017 2.55 2.50 2.55 2.54 16 11900.00 29800.00
20/03/2017 2.58 2.50 2.58 2.53 12 6100.00 15454.00
21/03/2017 2.53 2.33 2.53 2.35 19 9200.00 22530.00
22/03/2017 2.46 2.45 2.47 2.47 9 5600.00 13723.00
23/03/2017 2.52 2.31 2.52 2.40 16 11100.00 27254.00
24/03/2017 2.40 2.32 2.53 2.40 21 13600.00 33183.00
27/03/2017 2.45 2.40 2.47 2.40 16 8200.00 19759.00
28/03/2017 2.50 2.45 2.50 2.45 4 1100.00 2735.00
29/03/2017 2.40 2.40 2.49 2.40 5 1800.00 4338.00
30/03/2017 2.35 2.35 2.37 2.36 5 10600.00 25047.00
31/03/2017 2.35 2.32 2.46 2.44 18 9800.00 23288.00
03/04/2017 2.45 2.35 2.45 2.36 7 2100.00 5065.00
04/04/2017 2.36 2.32 2.39 2.37 9 2000.00 4703.00
05/04/2017 2.37 2.32 2.44 2.34 18 9400.00 22196.00
06/04/2017 2.34 2.22 2.39 2.25 23 24800.00 56547.00
07/04/2017 2.32 2.24 2.32 2.30 17 10000.00 22666.00
10/04/2017 2.30 2.30 2.30 2.30 3 4000.00 9200.00
11/04/2017 2.30 2.18 2.34 2.26 17 18500.00 40838.00
12/04/2017 2.23 2.10 2.23 2.10 44 21600.00 46693.00
13/04/2017 2.11 2.11 2.15 2.12 11 4200.00 8932.00
18/04/2017 2.14 2.14 2.33 2.30 12 7900.00 17860.00
19/04/2017 2.15 2.15 2.28 2.20 10 1500.00 3260.00
24/04/2017 2.28 2.28 2.38 2.36 16 4900.00 11491.00
25/04/2017 2.36 2.36 2.38 2.38 2 500.00 1182.00
26/04/2017 2.18 2.18 2.30 2.30 4 2400.00 5508.00
27/04/2017 2.30 2.25 2.30 2.30 6 8200.00 18730.00
28/04/2017 2.30 2.30 2.38 2.37 8 7100.00 16455.00
02/05/2017 2.35 2.18 2.35 2.30 12 3700.00 8488.00
03/05/2017 2.28 2.23 2.30 2.30 11 8900.00 20102.00
04/05/2017 2.30 2.19 2.36 2.19 10 5300.00 12168.00
05/05/2017 2.33 2.21 2.37 2.27 6 1100.00 2519.00
08/05/2017 2.35 2.35 2.47 2.38 19 9800.00 23610.00
09/05/2017 2.47 2.35 2.47 2.35 22 9000.00 21481.00
10/05/2017 2.44 2.40 2.46 2.40 16 7500.00 18384.00
11/05/2017 2.47 2.44 2.47 2.44 4 2400.00 5898.00
12/05/2017 2.44 2.37 2.47 2.40 22 8400.00 20241.00
15/05/2017 2.41 2.37 2.44 2.37 16 10200.00 24547.00
16/05/2017 2.56 2.50 2.67 2.50 72 86900.00 222715.00
17/05/2017 2.60 2.56 2.79 2.78 74 92700.00 249402.00
18/05/2017 2.50 2.40 2.64 2.50 48 25700.00 65514.00
19/05/2017 2.52 2.51 2.65 2.60 31 26700.00 68366.00
22/05/2017 2.51 2.47 2.59 2.53 26 49300.00 124616.00
23/05/2017 2.64 2.57 2.64 2.60 11 11300.00 29383.00
24/05/2017 2.57 2.57 2.65 2.64 20 27300.00 71815.00
25/05/2017 2.66 2.58 2.66 2.65 11 6600.00 17357.00
26/05/2017 2.65 2.60 2.70 2.61 27 22300.00 59039.00
29/05/2017 2.70 2.70 2.95 2.81 66 82300.00 229211.00
30/05/2017 3.10 2.95 3.10 3.05 98 53100.00 161771.00
31/05/2017 3.04 2.85 3.08 2.85 48 32300.00 94841.00
01/06/2017 2.90 2.85 2.95 2.85 23 20300.00 58142.00
02/06/2017 2.95 2.81 2.95 2.88 16 8500.00 24495.00
05/06/2017 2.83 2.83 2.85 2.85 9 4700.00 13357.00
06/06/2017 2.97 2.91 3.00 2.91 19 10200.00 30107.00
07/06/2017 2.99 2.83 2.99 2.83 13 5800.00 16894.00
08/06/2017 2.90 2.80 2.92 2.92 7 4700.00 13293.00
09/06/2017 2.95 2.92 2.96 2.92 3 1800.00 5317.00
12/06/2017 2.92 2.70 2.92 2.71 13 11000.00 30503.00
13/06/2017 2.75 2.62 2.75 2.74 12 17300.00 45991.00
14/06/2017 2.66 2.66 2.88 2.87 4 1100.00 3138.00
16/06/2017 2.88 2.80 2.88 2.85 4 2300.00 6535.00
