08/07/2016 178.41 178.41 178.41 178.41 1 900.00 160569.00
22/07/2016 199.72 199.72 199.72 199.72 1 100.00 19972.00
25/07/2016 199.81 199.81 199.81 199.81 1 1600.00 319696.00
26/07/2016 199.15 199.15 199.15 199.15 1 600.00 119490.00
29/08/2016 204.84 204.84 204.84 204.84 1 5800.00 1188072.00
30/08/2016 203.07 203.07 203.07 203.07 1 100.00 20307.00
06/09/2016 202.76 202.76 202.76 202.76 1 4400.00 892144.00
08/09/2016 199.12 199.12 199.12 199.12 1 200.00 39824.00
12/09/2016 201.21 201.21 201.21 201.21 1 100.00 20121.00
26/09/2016 201.54 201.54 201.54 201.54 1 100.00 20154.00
28/09/2016 203.80 203.80 203.80 203.80 1 100.00 20380.00
03/10/2016 216.24 216.24 216.24 216.24 1 400.00 86496.00
06/10/2016 217.71 217.71 217.71 217.71 1 100.00 21771.00
10/10/2016 215.36 215.36 215.36 215.36 1 900.00 193824.00
17/10/2016 209.17 209.17 209.17 209.17 1 100.00 20917.00
24/10/2016 211.65 211.65 211.65 211.65 1 100.00 21165.00
25/10/2016 209.90 209.90 209.90 209.90 1 100.00 20990.00
26/10/2016 213.13 213.13 213.13 213.13 1 100.00 21313.00
27/10/2016 222.96 222.96 222.96 222.96 1 100.00 22296.00
31/10/2016 219.01 219.01 219.01 219.01 1 100.00 21901.00
07/11/2016 218.99 218.99 218.99 218.99 1 100.00 21899.00
10/11/2016 223.15 223.15 223.15 223.15 1 100.00 22315.00
14/11/2016 229.91 229.91 229.91 229.91 1 700.00 160937.00
16/11/2016 225.20 225.20 225.20 225.20 1 100.00 22520.00
18/11/2016 226.02 226.02 226.02 226.02 1 100.00 22602.00
21/11/2016 223.16 223.16 223.16 223.16 1 100.00 22316.00
05/12/2016 227.37 227.37 227.37 227.37 1 100.00 22737.00
27/12/2016 219.31 219.31 219.31 219.31 1 200.00 43862.00
28/12/2016 217.48 217.48 217.48 217.48 1 100.00 21748.00
09/01/2017 210.95 210.95 210.95 210.95 1 200.00 42190.00
17/01/2017 205.30 205.27 205.30 205.27 2 200.00 41057.00
23/01/2017 175.86 175.86 175.86 175.86 1 300.00 52758.00
03/02/2017 165.39 165.39 165.39 165.39 1 100.00 16539.00
07/02/2017 164.82 164.82 164.82 164.82 1 100.00 16482.00
14/02/2017 170.57 170.57 170.57 170.57 2 400.00 68228.00
13/03/2017 183.39 183.39 183.39 183.39 1 300.00 55017.00
03/04/2017 175.32 175.32 175.32 175.32 1 1300.00 227916.00
10/04/2017 177.51 177.51 177.51 177.51 1 300.00 53253.00
24/04/2017 165.64 165.64 165.64 165.64 1 800.00 132512.00
08/05/2017 174.84 174.84 174.84 174.84 1 4400.00 769296.00
