20/06/2016 4.10 3.96 4.12 4.03 3341 1112702.08 4477109.00
21/06/2016 4.04 3.97 4.44 4.29 8909 2976298.60 12728940.00
22/06/2016 4.29 4.17 4.41 4.19 3875 1046247.62 4473792.00
23/06/2016 4.31 4.20 4.33 4.32 2440 889238.69 3812467.00
24/06/2016 4.09 4.00 4.27 4.27 1588 634188.91 2620464.00
27/06/2016 4.29 4.08 4.31 4.11 2090 754894.01 3121755.00
28/06/2016 4.15 4.15 4.36 4.30 5649 1348779.52 5793543.00
29/06/2016 4.29 4.29 4.45 4.39 2201 787300.82 3457636.00
30/06/2016 4.45 4.28 4.45 4.45 2949 1951382.05 8517728.00
01/07/2016 4.47 4.38 4.54 4.41 3680 1443436.11 6393861.00
04/07/2016 4.46 4.22 4.47 4.22 1690 511945.51 2209262.00
05/07/2016 4.19 4.09 4.20 4.14 3680 828834.86 3442535.00
06/07/2016 4.11 4.08 4.19 4.18 2535 714795.71 2964011.00
07/07/2016 4.15 4.11 4.28 4.14 4133 1995377.36 8392077.00
08/07/2016 4.16 4.16 4.22 4.18 2226 716231.46 3003771.00
11/07/2016 4.19 4.13 4.24 4.20 4231 1439539.09 6033970.00
12/07/2016 4.24 4.17 4.32 4.19 3971 929644.64 3924153.00
13/07/2016 4.24 4.13 4.26 4.18 2638 571528.91 2402898.00
14/07/2016 4.24 4.05 4.24 4.05 3718 1423028.03 5839315.00
15/07/2016 4.07 4.00 4.11 4.11 3761 765969.76 3108558.00
18/07/2016 4.11 4.05 4.15 4.08 2199 808631.88 3306406.00
19/07/2016 4.11 4.06 4.14 4.13 4412 1086345.91 4450379.00
20/07/2016 4.14 4.09 4.37 4.28 3202 1147980.38 4871007.00
21/07/2016 4.29 4.26 4.47 4.39 2084 2402821.18 10396910.00
22/07/2016 4.45 4.34 4.47 4.36 1647 788736.56 3464863.00
25/07/2016 4.36 4.21 4.42 4.22 2276 564350.19 2403305.00
26/07/2016 4.21 4.11 4.24 4.14 1662 3042958.17 12809857.00
27/07/2016 4.15 4.00 4.18 4.03 2454 558914.87 2270593.00
28/07/2016 4.01 3.89 4.05 4.00 2139 783814.01 3106039.00
29/07/2016 5.20 5.08 6.18 5.96 10310 7508841.81 41425001.00
01/08/2016 5.96 5.52 6.03 5.56 8163 2513886.28 14162662.00
02/08/2016 5.25 5.25 5.47 5.39 4030 2923688.81 15675641.00
03/08/2016 5.56 5.32 5.70 5.51 3705 1192898.67 6520449.00
04/08/2016 5.56 5.51 5.78 5.70 2919 772533.16 4390394.00
05/08/2016 5.81 5.60 5.92 5.85 2565 808426.77 4667454.00
08/08/2016 5.85 5.64 6.01 5.64 2427 689465.08 4003153.00
09/08/2016 5.67 5.67 5.96 5.87 2697 644444.23 3769387.00
10/08/2016 5.94 5.68 5.98 5.92 4325 758996.14 4443381.00
11/08/2016 5.71 5.55 6.23 5.64 8701 2304370.12 13245344.00
12/08/2016 5.67 5.61 5.99 5.80 3484 976408.90 5674766.00
15/08/2016 5.81 5.56 5.91 5.57 3027 733562.95 4201113.00
16/08/2016 5.62 5.57 5.80 5.73 3917 675107.63 3857200.00
17/08/2016 5.81 5.53 5.81 5.62 3401 929952.30 5210759.00
18/08/2016 5.67 5.49 5.68 5.58 4143 954359.96 5331032.00
19/08/2016 5.58 5.56 5.66 5.64 1826 402418.71 2248841.00
22/08/2016 5.60 5.52 5.61 5.55 3820 1023070.60 5686014.00
23/08/2016 5.52 5.49 5.65 5.61 2985 1035992.30 5782211.00
24/08/2016 5.56 5.51 5.62 5.51 1481 339245.94 1878505.00
25/08/2016 5.53 5.33 5.54 5.49 3664 934156.98 5099215.00
26/08/2016 5.52 5.36 5.52 5.43 2397 476051.89 2587436.00
29/08/2016 5.49 5.40 5.74 5.65 2644 474103.38 2671623.00
30/08/2016 5.66 5.45 5.72 5.57 2024 389497.00 2163068.00
31/08/2016 5.62 5.32 5.68 5.45 2296 703925.08 3846174.00
01/09/2016 5.43 5.28 5.49 5.33 1892 398624.24 2143410.00
02/09/2016 5.31 5.31 5.49 5.39 1739 411238.28 2223735.00
05/09/2016 5.47 5.33 5.52 5.37 862 255562.54 1381224.00
06/09/2016 5.39 5.14 5.41 5.28 1439 399342.11 2097797.00
08/09/2016 5.25 5.17 5.40 5.34 2260 539634.87 2853733.00
09/09/2016 5.31 5.10 5.31 5.12 2259 483230.62 2502937.00
12/09/2016 5.06 4.80 5.14 4.98 5295 1400671.43 6933123.00
13/09/2016 4.94 4.75 4.95 4.84 2719 849858.26 4111101.00
14/09/2016 4.84 4.75 5.08 4.94 3074 569375.30 2818731.00
15/09/2016 4.96 4.90 5.05 5.02 1157 244999.56 1223788.00
16/09/2016 5.07 4.86 5.07 5.05 1899 483128.06 2399868.00
19/09/2016 5.06 4.88 5.06 4.88 2104 340168.92 1677851.00
20/09/2016 4.93 4.80 4.93 4.83 828 212797.86 1033252.00
21/09/2016 4.81 4.67 4.85 4.77 1472 253203.82 1204354.00
22/09/2016 4.78 4.77 4.99 4.87 2059 383959.13 1881918.00
23/09/2016 4.84 4.60 4.90 4.68 3961 802273.58 3760699.00
26/09/2016 4.62 4.49 4.66 4.53 2208 521995.72 2382792.00
27/09/2016 4.53 4.31 4.57 4.50 3497 1253302.50 5522682.00
28/09/2016 4.45 4.42 4.55 4.51 2753 890571.88 3995087.00
29/09/2016 4.64 4.57 4.87 4.70 2600 1014353.57 4780661.00
30/09/2016 4.73 4.51 4.77 4.53 1672 512355.72 2344611.00
03/10/2016 4.58 4.50 4.68 4.67 941 319555.73 1477388.00
04/10/2016 4.62 4.59 4.76 4.76 1427 334220.84 1559917.00
05/10/2016 4.82 4.78 4.92 4.89 1253 1117316.97 5400131.00
06/10/2016 4.88 4.78 5.04 4.97 1754 471744.66 2312307.00
07/10/2016 5.03 4.93 5.22 5.10 3684 1071168.04 5428156.00
10/10/2016 5.08 5.08 5.35 5.12 2809 558914.87 2911995.00
11/10/2016 5.14 5.01 5.21 5.09 1271 236077.44 1201886.00
13/10/2016 5.07 4.93 5.32 5.29 5510 978357.41 5101869.00
14/10/2016 5.29 5.17 5.40 5.31 2124 493588.49 2605937.00
17/10/2016 5.31 5.17 5.31 5.19 1463 346424.67 1802298.00
18/10/2016 5.24 5.10 5.24 5.22 1895 512048.06 2648994.00
19/10/2016 5.27 5.11 5.29 5.16 1616 420570.62 2179506.00
20/10/2016 5.14 5.10 5.33 5.30 1625 350834.45 1845937.00
21/10/2016 5.33 5.31 5.55 5.45 2474 742074.86 4035427.00
24/10/2016 5.46 5.32 5.58 5.36 2774 587937.42 3188739.00
25/10/2016 5.32 5.28 5.51 5.46 1152 359141.26 1932132.00
26/10/2016 5.41 5.33 5.42 5.38 842 230231.91 1237464.00
27/10/2016 5.38 5.30 5.46 5.36 1209 215669.35 1158618.00
28/10/2016 5.36 5.33 5.42 5.36 2079 815400.39 4376437.00
31/10/2016 5.38 5.32 5.46 5.38 3321 2777447.97 14904442.00
01/11/2016 5.38 5.20 5.40 5.24 1984 1720945.03 9189204.00
03/11/2016 5.24 5.14 5.24 5.14 2038 535430.19 2778553.00
04/11/2016 5.18 4.91 5.18 5.05 2799 565170.61 2840590.00
07/11/2016 5.07 5.01 5.20 5.15 1492 357090.20 1834571.00
08/11/2016 5.15 5.14 5.29 5.29 2083 697156.57 3638004.00
09/11/2016 5.09 5.01 5.26 5.12 2518 980511.02 5017986.00
10/11/2016 5.20 4.79 5.20 4.86 3184 889648.90 4400870.00
11/11/2016 4.79 4.44 4.85 4.50 3863 1060605.06 4872704.00
14/11/2016 4.50 4.17 4.50 4.31 3938 1352368.88 5830173.00
16/11/2016 4.40 4.25 4.50 4.50 3951 1192283.35 5268060.00
17/11/2016 4.50 4.33 4.51 4.37 4163 1589574.40 6987353.00
18/11/2016 4.39 4.34 4.55 4.51 2026 619626.36 2748271.00
21/11/2016 4.88 4.57 4.88 4.78 1888 587014.44 2749743.00
22/11/2016 4.78 4.47 4.90 4.53 3372 1466408.02 6761255.00
23/11/2016 4.56 4.37 4.96 4.88 3040 792428.48 3740712.00
24/11/2016 4.87 4.84 5.27 5.06 2720 840013.16 4256366.00
25/11/2016 5.06 4.90 5.16 5.06 2234 624651.46 3126755.00
28/11/2016 5.00 4.95 5.49 5.27 3280 1212178.67 6316249.00
29/11/2016 5.25 5.14 5.43 5.21 2761 750176.56 3940563.00
30/11/2016 5.42 5.29 5.62 5.38 4099 1185719.95 6460117.00
01/12/2016 5.42 5.31 5.53 5.43 2492 804119.54 4360144.00
02/12/2016 5.23 5.19 5.66 5.55 2554 890469.32 4859645.00
05/12/2016 5.66 5.47 5.77 5.70 2794 849448.05 4803072.00
06/12/2016 5.73 5.47 5.79 5.68 4371 1944921.19 10927371.00
07/12/2016 5.62 5.51 5.85 5.52 4044 1268480.37 7235649.00
08/12/2016 5.55 5.49 5.68 5.51 1499 1119880.80 6266493.00
09/12/2016 5.58 5.42 5.67 5.48 2647 892315.28 4957233.00
12/12/2016 5.52 5.46 5.65 5.56 2102 782583.37 4345889.00
13/12/2016 5.59 5.48 5.70 5.65 5406 1163568.46 6541339.00
14/12/2016 5.65 5.54 5.68 5.61 4074 724230.61 4073449.00
15/12/2016 5.57 5.23 5.62 5.27 4073 896007.20 4767875.00
16/12/2016 5.29 5.17 5.31 5.27 3409 1058246.34 5547648.00
19/12/2016 5.26 4.98 5.26 5.02 2380 654494.44 3310648.00
20/12/2016 5.02 4.93 5.08 4.99 3190 921132.73 4605630.00
21/12/2016 5.00 4.98 5.03 5.00 2128 356474.88 1783735.00
22/12/2016 5.00 4.99 5.41 5.18 3036 872830.18 4544571.00
23/12/2016 5.18 5.01 5.26 5.06 2245 441696.58 2256692.00
26/12/2016 4.99 4.99 5.16 5.11 460 135882.97 692195.00
27/12/2016 5.07 4.98 5.24 5.01 1819 442414.45 2252449.00
28/12/2016 5.04 5.04 5.24 5.20 1084 295763.39 1519746.00
29/12/2016 5.14 4.95 5.22 5.20 3284 855191.03 4344478.00
02/01/2017 5.14 5.08 5.33 5.33 609 158649.78 829249.00
03/01/2017 5.36 5.26 5.46 5.37 2119 646085.08 3489667.00
04/01/2017 5.42 5.33 5.52 5.51 3646 671825.93 3648265.00
05/01/2017 5.54 5.52 5.84 5.84 2873 685875.72 3915972.00
06/01/2017 5.85 5.59 5.85 5.65 1785 342937.86 1945779.00
09/01/2017 5.68 5.29 5.69 5.29 4721 1306425.05 7125691.00
10/01/2017 5.35 5.33 5.44 5.38 1628 407546.37 2194871.00
11/01/2017 5.37 5.31 5.67 5.60 1448 358936.16 1995936.00
12/01/2017 5.66 5.66 5.86 5.77 2176 544044.66 3150743.00
13/01/2017 5.70 5.65 5.88 5.70 1448 286225.95 1640785.00
16/01/2017 5.71 5.66 5.83 5.75 1385 252588.50 1453448.00
17/01/2017 5.69 5.69 5.92 5.85 2248 483640.83 2823803.00
18/01/2017 5.79 5.73 5.92 5.92 1732 530712.74 3092884.00
19/01/2017 5.92 5.48 5.94 5.57 2196 691618.69 3927695.00
20/01/2017 5.58 5.58 5.84 5.75 2757 590808.91 3390394.00
23/01/2017 5.71 5.68 5.88 5.75 1302 392368.49 2279771.00
24/01/2017 5.70 5.52 5.77 5.63 2931 660339.97 3708027.00
26/01/2017 5.65 5.65 5.80 5.68 2030 455848.92 2606177.00
27/01/2017 5.68 5.55 5.76 5.61 1729 396368.07 2240213.00
30/01/2017 5.57 5.41 5.59 5.55 2480 620959.55 3400432.00
31/01/2017 5.54 5.48 5.68 5.54 2741 517483.38 2900233.00
01/02/2017 5.54 5.45 5.65 5.54 1653 608448.06 3361135.00
02/02/2017 5.59 5.49 5.73 5.69 1190 240897.44 1360449.00
03/02/2017 5.72 5.72 5.82 5.80 1196 337399.99 1950032.00
06/02/2017 5.83 5.80 6.23 6.06 3018 999380.81 6070512.00
07/02/2017 6.06 5.91 6.14 5.97 2520 600141.25 3589262.00
08/02/2017 6.06 5.76 6.06 5.85 1328 350014.03 2063834.00
09/02/2017 5.85 5.83 5.91 5.89 777 479025.94 2812277.00
10/02/2017 5.90 5.74 6.01 5.78 1896 732332.31 4302112.00
13/02/2017 5.87 5.75 5.88 5.88 1628 695618.27 4062821.00
14/02/2017 5.88 5.73 5.95 5.73 1636 522611.04 3048170.00
15/02/2017 5.70 5.65 6.12 6.12 1876 602192.32 3573661.00
16/02/2017 6.17 6.00 6.29 6.29 2195 471129.34 2913091.00
17/02/2017 6.30 6.00 6.34 6.14 1758 451234.02 2766009.00
20/02/2017 6.21 6.01 6.22 6.01 1297 372780.84 2286343.00
21/02/2017 6.05 5.76 6.13 5.85 2047 616754.87 3650148.00
22/02/2017 5.88 5.49 5.89 5.66 5095 1569576.53 8899038.00
23/02/2017 5.67 5.61 5.80 5.73 1684 367653.18 2092536.00
24/02/2017 5.63 5.61 5.72 5.68 1668 448977.85 2550096.00
01/03/2017 5.67 5.52 5.75 5.56 3638 1223664.63 6916380.00
02/03/2017 5.59 5.46 5.80 5.78 1396 785967.63 4417890.00
03/03/2017 5.73 5.73 5.97 5.93 1297 374216.58 2203231.00
06/03/2017 5.92 5.83 6.35 6.35 3537 1330627.60 8251596.00
07/03/2017 6.13 5.98 6.28 6.00 2979 960102.94 5844371.00
08/03/2017 6.01 5.74 6.01 5.81 1796 546711.04 3186022.00
09/03/2017 5.73 5.57 5.82 5.57 3040 1200385.06 6791249.00
10/03/2017 5.62 5.62 5.82 5.67 2747 622087.63 3555193.00
13/03/2017 5.76 5.68 5.78 5.74 663 145522.97 834388.00
14/03/2017 5.75 5.57 5.75 5.70 1786 481794.87 2724420.00
15/03/2017 5.68 5.57 5.75 5.66 1693 403649.34 2283177.00
16/03/2017 5.79 5.75 5.95 5.83 1177 474513.60 2773704.00
17/03/2017 5.83 5.74 6.04 5.80 3097 726281.67 4246018.00
20/03/2017 5.74 5.63 5.85 5.78 2263 519431.89 2989494.00
21/03/2017 5.81 5.66 5.81 5.77 2252 547531.47 3142980.00
22/03/2017 5.70 5.61 5.79 5.79 2787 711514.01 4061938.00
23/03/2017 5.73 5.62 5.73 5.62 2466 556556.15 3152333.00
24/03/2017 5.64 5.59 5.75 5.73 1440 431954.02 2452383.00
27/03/2017 5.72 5.55 5.72 5.55 2622 546198.27 3062329.00
28/03/2017 5.58 5.57 5.84 5.77 1498 430723.39 2468685.00
29/03/2017 5.77 5.74 5.95 5.95 1145 264074.46 1559025.00
30/03/2017 6.00 5.80 6.18 6.07 1657 653776.57 3893208.00
31/03/2017 6.07 5.93 6.34 6.00 3212 1287657.82 7931653.00
03/04/2017 5.97 5.97 6.23 6.19 1510 507638.28 3093388.00
04/04/2017 6.19 6.15 6.34 6.29 1029 446619.13 2807812.00
05/04/2017 6.37 6.25 6.59 6.33 3063 739818.69 4716864.00
06/04/2017 6.30 6.26 6.42 6.29 1929 518611.47 3284071.00
07/04/2017 6.25 6.25 6.41 6.34 2890 913133.58 5779776.00
10/04/2017 6.40 6.29 6.43 6.29 2057 383343.81 2431550.00
11/04/2017 6.33 6.00 6.33 6.24 2034 448875.30 2780411.00
12/04/2017 6.18 6.09 6.34 6.28 1231 787916.14 4923984.00
13/04/2017 6.21 6.18 6.37 6.35 1789 384984.66 2427642.00
17/04/2017 6.32 6.17 6.38 6.17 883 214131.05 1340869.00
18/04/2017 6.10 6.09 6.29 6.18 2051 470001.26 2919067.00
19/04/2017 6.25 5.87 6.25 5.87 2191 581681.68 3471307.00
20/04/2017 5.98 5.87 6.02 5.93 1210 338900.00 2008463.00
24/04/2017 6.03 5.98 6.38 6.25 3068 766500.00 4793974.00
25/04/2017 6.27 6.08 6.28 6.17 2512 589400.00 3634030.00
26/04/2017 6.22 6.16 6.35 6.29 1668 275500.00 1728830.00
27/04/2017 6.28 6.15 6.28 6.19 1677 349700.00 2169561.00
28/04/2017 6.20 6.18 6.39 6.36 812 248400.00 1570806.00
02/05/2017 6.40 6.24 6.50 6.24 2111 597100.00 3816052.00
03/05/2017 6.24 6.21 6.42 6.40 1449 314100.00 1998957.00
04/05/2017 6.29 5.98 6.38 6.25 1367 340500.00 2105291.00
05/05/2017 6.25 6.06 6.34 6.08 1778 428900.00 2641337.00
08/05/2017 6.12 5.80 6.12 5.89 2509 533200.00 3169483.00
09/05/2017 5.95 5.92 6.15 6.10 1709 455200.00 2755990.00
10/05/2017 6.16 6.10 6.26 6.20 2351 614100.00 3804030.00
11/05/2017 6.19 6.18 6.35 6.28 1759 324600.00 2030917.00
12/05/2017 6.34 6.14 6.37 6.23 1927 338500.00 2116735.00
15/05/2017 6.33 6.23 6.42 6.36 1912 732800.00 4649640.00
16/05/2017 6.48 6.36 6.61 6.47 3609 995400.00 6438592.00
17/05/2017 6.46 6.42 6.70 6.45 2781 810000.00 5293421.00
18/05/2017 5.42 5.42 6.10 6.00 3338 1106600.00 6566742.00
19/05/2017 6.08 6.02 6.27 6.13 1564 423000.00 2600943.00
22/05/2017 6.10 5.69 6.10 5.93 1854 491100.00 2906193.00
23/05/2017 5.95 5.89 6.10 6.01 1909 358700.00 2149378.00
24/05/2017 6.10 5.98 6.13 5.99 1387 334800.00 2020644.00
25/05/2017 5.95 5.90 6.08 6.00 2703 1256400.00 7531622.00
26/05/2017 6.01 5.93 6.05 6.00 1046 230700.00 1381624.00
29/05/2017 5.99 5.88 6.00 5.96 1153 268000.00 1585053.00
30/05/2017 5.91 5.85 5.97 5.90 1092 247000.00 1452593.00
31/05/2017 5.90 5.74 5.90 5.79 1796 365000.00 2107789.00
01/06/2017 5.76 5.76 5.97 5.90 1302 284200.00 1670812.00
02/06/2017 5.89 5.74 5.91 5.79 2165 592000.00 3435284.00
05/06/2017 5.80 5.73 5.90 5.90 830 192700.00 1121450.00
06/06/2017 5.89 5.86 6.00 6.00 879 234300.00 1395845.00
07/06/2017 6.00 5.82 6.01 5.88 1317 288700.00 1713006.00
08/06/2017 5.82 5.72 5.83 5.77 1230 278000.00 1604624.00
09/06/2017 5.81 5.77 5.86 5.82 1198 239900.00 1395098.00
12/06/2017 5.82 5.72 5.87 5.75 723 203100.00 1172510.00
13/06/2017 5.79 5.72 5.83 5.76 685 195900.00 1128606.00
14/06/2017 5.78 5.72 5.84 5.74 912 205700.00 1188284.00
16/06/2017 5.73 5.69 5.95 5.95 1057 364400.00 2142114.00
