20/06/2016 60.53 60.27 61.67 61.20 3573 563800.00 34496831.00
21/06/2016 61.24 60.84 62.31 62.31 3458 659100.00 40664209.00
22/06/2016 61.95 60.13 62.32 61.00 5079 894000.00 54563883.00
23/06/2016 61.03 60.40 61.26 60.60 4756 865500.00 52534739.00
24/06/2016 60.55 58.86 60.55 59.70 9696 1352000.00 80455828.00
27/06/2016 59.50 59.49 61.40 60.80 5662 846400.00 51402882.00
28/06/2016 60.87 60.61 61.77 61.02 4727 783000.00 47854213.00
29/06/2016 61.97 61.50 62.34 62.19 6477 1049900.00 65055250.00
30/06/2016 62.34 61.57 63.48 63.14 7028 1503100.00 94231782.00
01/07/2016 63.11 61.80 63.38 62.41 6357 1639900.00 102651084.00
04/07/2016 62.78 61.86 62.78 62.26 1564 334400.00 20805596.00
05/07/2016 61.71 61.66 63.32 62.50 3719 638400.00 40017726.00
06/07/2016 62.20 61.50 62.44 61.70 4925 729900.00 45136806.00
07/07/2016 62.00 60.45 62.00 60.65 4250 858400.00 52261176.00
08/07/2016 61.32 61.11 62.39 61.99 3617 635200.00 39307239.00
11/07/2016 62.26 62.07 63.45 62.94 4134 721800.00 45422328.00
12/07/2016 63.43 62.97 63.94 63.45 5174 751500.00 47704314.00
13/07/2016 63.45 62.45 63.90 63.36 5953 895400.00 56628488.00
14/07/2016 63.80 62.60 63.88 63.08 4991 680600.00 42918575.00
15/07/2016 63.09 61.90 63.67 62.70 4546 708700.00 44347245.00
18/07/2016 62.60 62.27 63.45 63.25 3456 694000.00 43639200.00
19/07/2016 63.15 62.72 64.65 64.02 4120 2294400.00 146211331.00
20/07/2016 64.55 63.56 65.88 63.81 6491 1386100.00 89755525.00
21/07/2016 64.42 63.20 64.74 63.90 3445 570800.00 36355371.00
22/07/2016 64.01 63.44 64.58 64.10 3179 536600.00 34400682.00
25/07/2016 63.93 63.26 64.22 63.98 3154 499400.00 31802646.00
26/07/2016 63.99 62.32 64.09 62.32 4691 910900.00 57463553.00
27/07/2016 62.89 62.10 63.04 62.16 4989 841000.00 52545583.00
28/07/2016 62.50 62.37 64.20 64.20 5253 927100.00 58660394.00
29/07/2016 65.30 65.17 67.00 66.28 8393 1338700.00 88777434.00
01/08/2016 66.32 65.84 66.48 66.26 6515 1056700.00 69969655.00
02/08/2016 66.01 65.10 66.27 65.41 4156 751900.00 49239222.00
03/08/2016 65.41 64.24 65.58 65.55 6587 1124100.00 73141288.00
04/08/2016 65.55 65.20 66.50 65.45 4506 877200.00 57720937.00
05/08/2016 65.70 65.40 66.98 65.96 3507 568900.00 37585856.00
08/08/2016 65.96 65.11 66.40 65.62 2627 383900.00 25264111.00
09/08/2016 66.00 63.83 66.01 64.42 6713 913500.00 59124359.00
10/08/2016 64.57 62.69 64.94 63.14 4468 765500.00 48607515.00
11/08/2016 63.32 62.82 63.75 63.35 4912 721700.00 45706302.00
12/08/2016 63.60 62.62 63.66 62.70 5392 681200.00 42907069.00
15/08/2016 62.71 62.00 63.36 62.01 4987 904800.00 56556710.00
16/08/2016 61.72 59.63 61.72 59.70 8625 1935400.00 116565262.00
17/08/2016 59.80 58.35 61.36 61.36 10573 3023000.00 179936579.00
18/08/2016 61.42 60.41 61.63 61.02 6837 1521100.00 92736038.00
19/08/2016 60.96 59.67 62.06 61.48 5883 907200.00 55644148.00
22/08/2016 61.58 59.53 61.69 59.98 4661 796200.00 47842093.00
23/08/2016 60.13 59.20 60.33 59.22 5832 861900.00 51452661.00
24/08/2016 58.22 57.72 58.92 58.59 7194 1262200.00 73778557.00
25/08/2016 58.85 58.56 60.84 60.20 7279 1519500.00 90422602.00
26/08/2016 60.52 59.00 61.04 59.66 7944 1086200.00 65059221.00
29/08/2016 59.70 58.41 59.85 59.55 6005 772000.00 45756275.00
30/08/2016 59.84 58.41 59.84 59.19 5365 792900.00 46613023.00
31/08/2016 59.15 57.90 59.68 59.68 6591 1366400.00 80861772.00
01/09/2016 59.60 58.45 59.92 59.55 8358 1331600.00 78907412.00
02/09/2016 59.71 59.23 61.83 61.50 9606 1743900.00 106140529.00
05/09/2016 61.80 61.35 62.50 62.10 4248 734200.00 45456837.00
06/09/2016 62.39 61.82 63.17 63.17 6337 1035800.00 64947429.00
08/09/2016 63.10 62.35 63.64 63.15 8189 1489200.00 93964570.00
09/09/2016 62.17 61.98 63.17 62.25 8570 1160400.00 72588483.00
12/09/2016 62.24 61.97 64.04 64.04 5779 1044600.00 65693495.00
13/09/2016 63.76 62.64 63.84 63.03 7209 964700.00 60943751.00
14/09/2016 62.91 62.80 63.89 63.71 4760 596500.00 37760318.00
15/09/2016 64.00 64.00 65.00 64.60 6924 1203800.00 77645502.00
16/09/2016 64.44 63.70 65.21 65.21 5293 1170600.00 75792486.00
19/09/2016 65.25 65.25 66.60 66.60 7593 1288500.00 84969970.00
20/09/2016 66.89 66.54 68.71 68.45 8235 1745000.00 118007998.00
21/09/2016 67.87 67.49 69.60 69.20 5966 1145600.00 78675130.00
22/09/2016 69.72 67.29 69.73 67.58 7685 1095700.00 74590490.00
23/09/2016 67.20 67.20 68.51 68.02 4215 717700.00 48891209.00
26/09/2016 67.97 66.80 68.23 66.80 5528 972500.00 65495377.00
27/09/2016 66.78 66.25 67.86 66.61 5349 812400.00 54265086.00
28/09/2016 66.65 65.89 67.28 66.60 4922 788100.00 52421362.00
29/09/2016 66.60 66.25 67.69 66.26 5564 924700.00 61697944.00
30/09/2016 66.24 65.20 67.41 66.28 6379 1292600.00 85763305.00
03/10/2016 65.73 65.51 67.84 66.67 7102 1073300.00 72108817.00
04/10/2016 66.66 65.98 67.47 67.47 6123 876800.00 58714465.00
05/10/2016 67.75 67.51 69.30 68.75 5615 763500.00 52366779.00
06/10/2016 68.68 67.62 69.10 67.64 3871 726700.00 49474974.00
07/10/2016 67.98 66.93 68.49 68.35 5942 883600.00 59930670.00
10/10/2016 68.37 67.43 68.56 67.50 4198 729700.00 49496712.00
11/10/2016 67.50 67.10 67.80 67.10 3622 690500.00 46517301.00
13/10/2016 67.00 66.82 68.90 68.66 9007 2161600.00 147089753.00
14/10/2016 68.65 68.22 70.48 68.95 5452 847900.00 58980279.00
17/10/2016 69.74 68.84 70.97 70.00 6095 1089800.00 76531343.00
18/10/2016 70.00 69.21 70.31 69.90 4586 791200.00 55139224.00
19/10/2016 69.90 68.37 70.54 68.75 2855 715200.00 49394051.00
20/10/2016 68.37 67.71 69.48 69.00 3843 746100.00 51280256.00
21/10/2016 69.02 68.72 69.69 68.97 2812 394600.00 27300989.00
24/10/2016 69.39 68.90 70.29 70.00 4752 788900.00 55095181.00
25/10/2016 70.30 69.25 70.42 69.80 3363 924100.00 64574981.00
26/10/2016 69.70 68.60 69.76 68.97 4593 907700.00 62668496.00
27/10/2016 69.24 68.54 70.16 68.74 6366 1044600.00 72193094.00
28/10/2016 70.10 69.30 70.70 70.00 8642 1379400.00 96686401.00
31/10/2016 70.10 69.36 71.14 70.86 6581 1103000.00 77755027.00
01/11/2016 71.22 68.96 71.24 69.39 6339 939600.00 65407361.00
03/11/2016 69.38 66.60 69.38 67.00 7644 1343700.00 90868052.00
04/11/2016 67.01 66.38 67.88 67.04 8180 1086600.00 72985939.00
07/11/2016 67.55 66.55 68.60 68.34 4762 758100.00 51311694.00
08/11/2016 68.35 66.60 68.69 67.00 4560 652200.00 43918411.00
09/11/2016 65.65 64.68 67.67 67.08 8341 1186500.00 78924029.00
10/11/2016 67.25 64.51 68.19 65.46 9149 1309600.00 86004250.00
11/11/2016 64.60 63.50 66.20 63.96 9499 1576500.00 101337092.00
14/11/2016 63.49 63.13 66.09 64.75 8681 1667800.00 108127221.00
16/11/2016 64.20 64.01 66.13 65.19 5450 1049200.00 68398992.00
17/11/2016 65.26 63.68 65.79 63.95 5627 9927600.00 635322802.00
18/11/2016 63.50 63.46 66.38 65.18 7753 1216700.00 79451273.00
21/11/2016 65.70 64.90 66.26 65.90 4083 747400.00 49083075.00
22/11/2016 66.70 65.77 66.98 66.00 4884 741500.00 49090435.00
23/11/2016 65.86 64.09 66.10 64.94 5313 984500.00 63956222.00
24/11/2016 64.98 64.59 65.25 64.86 1178 211100.00 13697948.00
25/11/2016 64.65 63.64 64.69 64.30 2094 405200.00 25984893.00
28/11/2016 64.30 63.67 65.58 65.17 6216 914600.00 59258468.00
29/11/2016 64.71 64.18 65.18 64.18 4866 776500.00 50197776.00
30/11/2016 65.00 63.66 65.34 64.49 4889 1141100.00 73562929.00
01/12/2016 63.68 61.43 64.58 62.60 11967 1801000.00 112786251.00
02/12/2016 61.68 60.50 62.10 61.58 8826 1343800.00 82506857.00
05/12/2016 61.76 60.61 61.77 61.11 6062 905700.00 55311503.00
06/12/2016 60.59 59.88 62.86 62.11 6865 1085900.00 67172400.00
07/12/2016 63.04 61.30 63.50 62.80 6346 887700.00 55355650.00
08/12/2016 63.61 60.87 63.61 62.00 5310 801600.00 49555526.00
09/12/2016 62.32 60.80 62.50 61.45 5160 740000.00 45473254.00
12/12/2016 60.81 60.04 60.96 60.70 5410 1033100.00 62455839.00
13/12/2016 60.26 59.03 61.11 59.55 8231 1352000.00 81053420.00
14/12/2016 59.55 58.83 60.54 59.00 6120 1093000.00 65255396.00
15/12/2016 59.00 58.19 59.27 58.21 9252 1351300.00 79034914.00
16/12/2016 58.39 58.06 59.00 58.06 4580 919100.00 53604919.00
19/12/2016 58.06 57.70 58.48 58.11 3976 707400.00 41165949.00
20/12/2016 58.96 57.92 58.96 58.04 5284 1048600.00 60996935.00
21/12/2016 58.33 58.00 59.84 59.46 5580 1241300.00 73112273.00
22/12/2016 59.25 58.91 60.34 58.91 6787 922000.00 54825662.00
23/12/2016 58.89 58.24 59.55 58.40 4325 630500.00 36987753.00
26/12/2016 58.79 58.63 59.42 59.34 757 155900.00 9215364.00
27/12/2016 59.49 58.51 59.85 59.52 1926 367600.00 21735867.00
28/12/2016 59.52 58.72 60.02 60.02 2368 389900.00 23265646.00
29/12/2016 59.93 59.60 61.37 61.19 3163 615200.00 37476431.00
02/01/2017 60.62 59.81 61.08 60.63 1939 309900.00 18717737.00
03/01/2017 60.74 60.74 63.27 62.95 6048 1015900.00 63283278.00
04/01/2017 62.83 61.59 62.93 62.06 3891 701000.00 43580237.00
05/01/2017 62.53 61.07 62.58 61.13 5468 972200.00 59606069.00
06/01/2017 61.46 59.33 61.46 61.26 6367 1292300.00 77795698.00
09/01/2017 61.23 60.55 62.01 61.16 5574 790400.00 48460458.00
10/01/2017 61.45 60.02 61.79 60.04 3646 654500.00 39403681.00
11/01/2017 60.75 60.09 61.39 60.95 4404 852300.00 51772372.00
12/01/2017 63.01 62.00 63.74 62.72 8847 1265800.00 79538235.00
13/01/2017 62.45 61.84 62.77 62.77 4426 603800.00 37622883.00
16/01/2017 62.80 62.13 63.28 62.30 4594 761300.00 47607798.00
17/01/2017 62.12 61.71 64.12 64.00 7329 1204500.00 76190370.00
18/01/2017 64.20 63.08 64.77 63.35 6053 935500.00 59615328.00
19/01/2017 64.00 62.84 64.00 63.82 5175 2309700.00 146670292.00
20/01/2017 63.89 63.15 64.19 63.59 4093 968600.00 61486779.00
23/01/2017 63.90 63.37 64.50 64.01 5647 992200.00 63580274.00
24/01/2017 64.01 63.83 65.76 65.24 3644 556100.00 36147717.00
26/01/2017 65.26 65.26 66.47 66.32 6653 1275400.00 84241093.00
27/01/2017 66.48 65.76 66.48 66.25 4702 1026700.00 67811889.00
30/01/2017 65.81 64.61 66.75 65.50 4027 719400.00 46869545.00
31/01/2017 65.17 64.96 65.75 65.50 4748 1123200.00 73449946.00
01/02/2017 65.52 62.66 66.00 63.25 7840 1673100.00 106754595.00
02/02/2017 63.26 63.25 64.85 63.61 4470 836000.00 53553870.00
03/02/2017 63.92 63.53 64.40 64.20 5481 846400.00 54317364.00
06/02/2017 64.48 62.60 64.71 62.90 5853 1263000.00 79371921.00
07/02/2017 63.30 62.50 63.81 62.95 4386 858600.00 54048754.00
08/02/2017 62.95 62.69 64.31 64.31 4061 596300.00 38066928.00
09/02/2017 64.33 62.70 64.50 62.99 7286 1341500.00 84711565.00
10/02/2017 63.01 62.60 64.35 64.00 5048 1239500.00 79070156.00
13/02/2017 64.15 63.10 64.70 63.24 6938 1129000.00 71601746.00
14/02/2017 63.27 62.98 64.10 63.57 6076 1174200.00 74668403.00
15/02/2017 63.89 63.61 66.40 65.99 7504 1593300.00 103607205.00
16/02/2017 66.00 64.24 66.18 64.65 7418 1817600.00 117548647.00
17/02/2017 64.66 62.61 65.60 63.30 10155 1930100.00 122037125.00
20/02/2017 63.50 63.02 64.06 63.40 5793 869300.00 55265906.00
21/02/2017 63.97 62.71 63.97 63.20 6829 1262400.00 79605786.00
22/02/2017 62.95 60.42 62.95 60.63 10479 2363800.00 144108436.00
23/02/2017 60.67 60.16 61.69 60.80 7646 1933600.00 117890493.00
24/02/2017 60.49 58.66 60.50 59.40 9897 2227800.00 132069259.00
01/03/2017 58.94 57.93 59.87 58.10 13601 2278500.00 134126491.00
02/03/2017 58.16 57.80 60.09 60.00 12059 2000800.00 118617378.00
03/03/2017 60.01 59.01 60.20 59.50 8158 1453800.00 86456184.00
06/03/2017 59.49 59.06 60.13 59.50 6181 972500.00 57981150.00
07/03/2017 59.61 58.86 61.50 59.15 10303 1785700.00 106462766.00
08/03/2017 59.31 58.20 59.62 59.05 6767 1149500.00 67752374.00
09/03/2017 58.55 56.92 58.92 56.98 10676 2229500.00 128190558.00
10/03/2017 57.10 57.10 58.83 57.81 9031 1865100.00 107803823.00
13/03/2017 57.96 57.96 58.99 58.63 5078 811600.00 47591894.00
14/03/2017 58.65 56.41 58.67 56.50 10503 1801500.00 103166222.00
15/03/2017 56.51 56.22 57.99 57.66 7484 1292100.00 73995371.00
16/03/2017 57.67 56.45 58.13 56.50 6129 1625900.00 92292048.00
17/03/2017 56.31 56.31 57.41 56.70 6903 1560900.00 88503564.00
20/03/2017 57.01 56.72 58.29 58.15 6527 1453600.00 83623911.00
21/03/2017 58.30 56.84 58.59 57.65 10664 2033700.00 117469199.00
22/03/2017 57.62 56.58 57.62 57.30 10636 1783900.00 101961184.00
23/03/2017 57.21 56.78 57.74 57.74 6605 1744300.00 100044245.00
24/03/2017 57.77 57.01 57.98 57.50 6004 1122500.00 64420739.00
27/03/2017 57.34 56.47 57.86 57.22 6977 2557900.00 146140704.00
28/03/2017 58.00 57.51 60.30 59.80 7582 2198300.00 129687372.00
29/03/2017 60.00 59.07 60.10 59.40 6477 1078600.00 64157234.00
30/03/2017 59.77 58.88 59.96 59.31 4664 753900.00 44727937.00
31/03/2017 59.45 58.14 59.45 58.67 8141 1368700.00 80511543.00
03/04/2017 58.26 58.20 59.22 58.82 6707 1170200.00 68520386.00
04/04/2017 58.95 58.12 59.25 58.96 9548 1561400.00 91663555.00
05/04/2017 59.30 58.89 60.77 60.20 11759 1824800.00 109727012.00
06/04/2017 60.21 59.14 60.49 60.25 8004 1238900.00 74177222.00
07/04/2017 60.16 59.68 61.65 61.06 9845 1679300.00 102342636.00
10/04/2017 61.14 60.71 61.57 61.27 6588 1473000.00 90042335.00
11/04/2017 61.31 60.36 61.57 61.26 6681 1091100.00 66535968.00
12/04/2017 61.39 60.78 62.54 62.01 10655 1739500.00 107793516.00
13/04/2017 62.00 61.22 62.26 61.81 4962 724500.00 44789717.00
17/04/2017 62.01 61.86 62.40 62.10 3055 490100.00 30434773.00
18/04/2017 62.00 62.00 63.20 63.20 5169 820900.00 51512991.00
19/04/2017 63.38 62.14 63.38 62.40 6651 1080600.00 67663588.00
20/04/2017 62.60 61.61 62.99 62.18 4713 938500.00 58463075.00
24/04/2017 62.50 62.36 64.04 64.00 5981 1017500.00 64787272.00
25/04/2017 64.00 63.50 66.00 65.90 8564 2135200.00 139763503.00
26/04/2017 65.70 64.77 66.65 66.65 6108 1544800.00 101248562.00
27/04/2017 66.26 64.80 66.62 66.00 11092 2201300.00 144011015.00
28/04/2017 65.57 65.42 68.93 67.45 8315 2687700.00 180357154.00
02/05/2017 67.79 67.23 70.00 69.30 11191 2574100.00 177058097.00
03/05/2017 69.00 68.81 69.60 69.15 6746 1787100.00 123524464.00
04/05/2017 68.82 67.34 68.82 68.00 12689 2610400.00 177316737.00
05/05/2017 67.91 67.44 68.64 68.32 3755 1113500.00 75988360.00
08/05/2017 68.19 67.44 68.19 67.75 4783 956500.00 64795505.00
09/05/2017 68.00 67.76 69.01 69.01 4823 997000.00 68392713.00
10/05/2017 69.13 69.02 70.09 70.05 6076 1303100.00 90793164.00
11/05/2017 69.01 68.79 69.89 69.18 7780 1667600.00 115468553.00
12/05/2017 69.26 68.90 70.55 69.70 6151 1470300.00 102716416.00
15/05/2017 69.42 69.29 71.16 70.20 4131 981500.00 69274801.00
16/05/2017 70.85 69.37 70.85 69.86 5264 1629900.00 113955524.00
17/05/2017 69.44 68.73 69.49 69.20 7044 1128500.00 78096220.00
18/05/2017 64.25 64.00 67.20 67.16 19902 3391500.00 222113117.00
19/05/2017 67.14 66.51 68.54 67.30 11047 2300200.00 154912526.00
22/05/2017 66.80 65.16 67.34 65.60 11482 2045100.00 134713190.00
23/05/2017 65.57 65.21 66.74 66.25 6588 1009500.00 66687077.00
24/05/2017 67.09 66.50 67.65 66.90 7570 1078700.00 72253998.00
25/05/2017 67.00 66.35 67.95 67.50 5253 901500.00 60707896.00
26/05/2017 67.85 67.67 70.96 70.80 11393 1963500.00 137565868.00
29/05/2017 70.68 69.55 70.96 70.80 7322 1332100.00 93849529.00
30/05/2017 70.85 70.50 72.84 72.19 8037 1402500.00 100844612.00
31/05/2017 72.26 70.53 72.98 72.00 13109 2504700.00 179562413.00
01/06/2017 72.01 71.06 73.08 72.33 12561 2025800.00 146035654.00
02/06/2017 72.58 71.64 73.19 72.29 11057 1758900.00 127286093.00
05/06/2017 72.19 71.81 73.15 72.54 6355 1069500.00 77618076.00
06/06/2017 72.49 72.01 75.19 74.62 8918 1513500.00 112587881.00
07/06/2017 74.94 74.23 75.65 75.26 10033 1826400.00 136932237.00
08/06/2017 74.83 73.22 75.24 73.59 9483 1554500.00 114790858.00
09/06/2017 73.57 73.27 74.46 74.30 6896 1017400.00 75261448.00
12/06/2017 73.98 71.92 74.49 72.95 14678 2182500.00 159199918.00
13/06/2017 73.05 72.29 74.05 73.16 9032 1680700.00 122732165.00
14/06/2017 73.00 70.73 73.00 71.35 9858 2327100.00 166259697.00
16/06/2017 71.35 70.33 72.00 72.00 5626 2251500.00 161624193.00
