13/07/2016 2.97 2.97 2.97 2.97 4 505.35 1500.00
14/07/2016 2.90 2.90 2.92 2.92 2 303.21 883.00
28/07/2016 3.02 3.02 3.13 3.07 5 1212.84 3739.00
01/08/2016 3.07 3.07 3.21 3.14 5 1313.91 4121.00
02/08/2016 3.14 3.13 3.18 3.13 4 1010.70 3184.00
03/08/2016 3.06 3.06 3.06 3.06 1 101.07 309.00
04/08/2016 3.00 2.87 3.00 2.87 5 707.49 2056.00
05/08/2016 2.80 2.80 2.80 2.80 2 202.14 566.00
08/08/2016 2.77 2.77 2.77 2.77 4 404.28 1120.00
09/08/2016 2.77 2.77 2.77 2.77 2 202.14 560.00
10/08/2016 2.83 2.83 2.83 2.83 1 101.07 286.00
11/08/2016 2.77 2.71 2.77 2.71 7 1313.91 3604.00
12/08/2016 2.73 2.73 2.77 2.76 3 505.35 1394.00
16/08/2016 2.77 2.77 2.77 2.77 1 101.07 280.00
17/08/2016 2.77 2.77 2.77 2.77 1 101.07 280.00
22/08/2016 2.77 2.77 2.77 2.77 1 101.07 280.00
24/08/2016 2.77 2.77 2.77 2.77 1 101.07 280.00
31/08/2016 2.81 2.81 2.81 2.81 1 202.14 568.00
01/09/2016 2.82 2.82 2.82 2.82 1 202.14 570.00
05/09/2016 2.83 2.83 2.87 2.87 2 303.21 862.00
09/09/2016 2.87 2.87 2.87 2.87 1 202.14 580.00
13/09/2016 2.87 2.87 2.92 2.92 3 505.35 1467.00
14/09/2016 2.92 2.92 2.92 2.92 1 202.14 590.00
29/09/2016 2.90 2.90 2.90 2.90 1 202.14 586.00
05/10/2016 2.90 2.90 2.90 2.90 1 101.07 293.00
01/11/2016 2.97 2.97 2.97 2.97 1 101.07 300.00
03/11/2016 2.90 2.90 2.90 2.90 2 303.21 879.00
04/11/2016 2.97 2.94 2.97 2.94 2 303.21 894.00
07/11/2016 2.97 2.94 2.97 2.94 2 303.21 894.00
08/11/2016 2.97 2.94 2.97 2.94 2 303.21 894.00
09/11/2016 2.77 2.77 2.82 2.82 3 505.35 1416.00
10/11/2016 2.77 2.77 2.81 2.81 4 505.35 1414.00
11/11/2016 2.77 2.77 2.80 2.80 2 202.14 563.00
14/11/2016 2.77 2.77 2.77 2.77 1 101.07 280.00
16/11/2016 2.77 2.77 2.77 2.77 1 101.07 280.00
17/11/2016 2.77 2.77 2.77 2.77 1 101.07 280.00
18/11/2016 2.77 2.77 2.77 2.77 1 101.07 280.00
21/11/2016 2.77 2.77 2.78 2.78 2 909.63 2528.00
22/11/2016 2.77 2.77 2.80 2.80 2 303.21 846.00
23/11/2016 2.80 2.80 2.80 2.80 1 101.07 283.00
24/11/2016 2.81 2.81 2.81 2.81 1 101.07 284.00
28/11/2016 2.84 2.84 2.84 2.84 1 101.07 287.00
01/12/2016 2.85 2.67 2.88 2.67 4 2122.47 6033.00
05/12/2016 2.87 2.70 2.87 2.70 3 303.21 839.00
06/12/2016 2.71 2.71 2.71 2.71 1 101.07 274.00
19/12/2016 2.72 2.72 2.72 2.72 1 101.07 275.00
27/12/2016 2.72 2.72 2.72 2.72 2 202.14 550.00
28/12/2016 2.71 2.71 2.71 2.71 1 101.07 274.00
03/01/2017 2.72 2.72 2.77 2.77 6 707.49 1951.00
04/01/2017 2.79 2.79 2.79 2.79 1 202.14 564.00
17/01/2017 2.78 2.77 2.78 2.77 3 1212.84 3361.00
18/01/2017 2.77 2.77 2.77 2.77 1 1010.70 2800.00
21/02/2017 2.80 2.80 2.80 2.80 2 404.28 1132.00
22/02/2017 2.79 2.79 2.79 2.79 1 101.07 282.00
07/03/2017 2.78 2.78 2.78 2.78 1 101.07 281.00
09/03/2017 2.81 2.81 2.81 2.81 4 7100.00 19951.00
10/03/2017 2.81 2.81 2.82 2.82 5 500.00 1406.00
16/03/2017 2.82 2.81 2.82 2.81 2 400.00 1125.00
28/03/2017 2.82 2.81 2.82 2.81 3 4100.00 11522.00
30/03/2017 2.81 2.81 2.81 2.81 1 100.00 281.00
03/04/2017 2.82 2.82 2.82 2.82 1 100.00 282.00
04/04/2017 2.81 2.81 2.82 2.82 15 5400.00 15224.00
06/04/2017 2.82 2.81 2.82 2.81 2 2000.00 5621.00
10/04/2017 2.81 2.81 2.81 2.81 1 100.00 281.00
02/05/2017 2.82 2.82 2.82 2.82 1 100.00 282.00
08/05/2017 2.82 2.82 2.82 2.82 1 100.00 282.00
09/05/2017 2.82 2.82 2.82 2.82 1 100.00 282.00
30/05/2017 2.67 2.67 2.67 2.67 3 400.00 1068.00
31/05/2017 2.70 2.70 2.70 2.70 1 100.00 270.00
