21/06/2016 2.17 2.17 2.17 2.17 1 202.14 438.00
22/06/2016 2.17 2.17 2.17 2.17 1 303.21 657.00
23/06/2016 2.18 2.18 2.18 2.18 1 1010.68 2200.00
27/06/2016 2.18 2.18 2.18 2.18 1 303.21 660.00
28/06/2016 2.19 2.19 2.28 2.28 6 1617.09 3603.00
29/06/2016 2.27 2.27 2.27 2.27 1 1010.68 2290.00
30/06/2016 2.03 2.03 2.18 2.18 4 4042.74 8500.00
01/07/2016 2.46 2.33 2.46 2.33 2 202.14 484.00
04/07/2016 2.34 2.34 2.34 2.34 1 303.21 708.00
05/07/2016 2.36 2.34 2.36 2.34 2 303.21 714.00
07/07/2016 2.33 2.33 2.34 2.34 2 1212.82 2825.00
12/07/2016 2.38 2.38 2.49 2.43 5 2829.92 6874.00
13/07/2016 2.42 2.42 2.42 2.42 1 909.62 2205.00
14/07/2016 2.47 2.47 2.47 2.47 1 101.07 250.00
15/07/2016 2.47 2.47 2.47 2.47 4 404.27 1000.00
18/07/2016 2.49 2.49 2.60 2.54 4 2021.37 5108.00
19/07/2016 2.53 2.53 2.54 2.53 3 2324.57 5898.00
21/07/2016 2.52 2.51 2.52 2.52 6 1718.16 4333.00
25/07/2016 2.52 2.51 2.52 2.51 2 303.21 763.00
26/07/2016 2.52 2.52 2.52 2.52 1 202.14 510.00
27/07/2016 2.51 2.51 2.98 2.98 8 3638.46 9661.00
28/07/2016 3.02 2.90 3.03 2.94 9 3436.33 10125.00
29/07/2016 2.88 2.81 2.88 2.82 3 2223.50 6320.00
01/08/2016 2.81 2.81 3.07 2.86 24 15059.19 44491.00
02/08/2016 2.97 2.85 3.02 2.94 13 6670.51 19491.00
03/08/2016 2.87 2.77 2.97 2.84 24 11521.80 32976.00
04/08/2016 2.82 2.62 2.82 2.67 9 5154.49 14136.00
05/08/2016 2.58 2.58 2.64 2.64 4 505.34 1317.00
08/08/2016 2.64 2.51 2.64 2.56 12 86211.34 227484.00
09/08/2016 2.58 2.58 2.81 2.81 3 1111.75 2894.00
10/08/2016 2.81 2.77 2.86 2.77 13 10106.84 28145.00
11/08/2016 2.77 2.77 2.77 2.77 1 101.07 280.00
12/08/2016 2.74 2.74 2.77 2.77 2 808.55 2228.00
15/08/2016 2.78 2.78 2.78 2.78 1 303.21 843.00
17/08/2016 2.77 2.77 2.77 2.77 1 101.07 280.00
18/08/2016 2.77 2.77 2.80 2.80 3 4143.80 11486.00
22/08/2016 2.80 2.80 2.80 2.80 1 202.14 566.00
23/08/2016 2.81 2.81 2.81 2.81 1 101.07 284.00
24/08/2016 2.81 2.81 2.81 2.81 1 101.07 284.00
25/08/2016 2.78 2.78 2.78 2.78 1 101.07 281.00
26/08/2016 2.78 2.78 2.78 2.78 2 808.55 2248.00
29/08/2016 2.76 2.76 2.77 2.77 2 2021.37 5590.00
30/08/2016 2.73 2.73 2.73 2.73 1 1010.68 2760.00
31/08/2016 2.77 2.77 2.77 2.77 1 606.41 1680.00
01/09/2016 2.79 2.78 2.84 2.81 8 8085.47 22696.00
05/09/2016 2.83 2.83 2.83 2.83 2 1212.82 3432.00
08/09/2016 2.79 2.79 2.83 2.83 2 1111.75 3142.00
09/09/2016 2.77 2.77 2.77 2.77 2 1414.96 3920.00
12/09/2016 2.78 2.78 2.78 2.78 2 2526.71 7025.00
13/09/2016 2.80 2.80 2.80 2.80 1 101.07 283.00
21/09/2016 2.80 2.80 2.80 2.80 1 101.07 283.00
26/09/2016 2.80 2.78 2.80 2.78 3 2021.37 5622.00
27/09/2016 2.79 2.79 2.79 2.79 1 101.07 282.00
28/09/2016 2.80 2.80 2.80 2.80 1 101.07 283.00
29/09/2016 2.80 2.80 2.83 2.83 2 1111.75 3143.00
03/10/2016 2.83 2.77 2.83 2.77 5 4143.80 11546.00
05/10/2016 2.77 2.77 2.80 2.80 2 1111.75 3110.00
06/10/2016 2.80 2.78 2.80 2.78 2 2021.37 5622.00
07/10/2016 2.78 2.78 2.80 2.78 7 15564.53 43277.00
13/10/2016 2.78 2.78 2.82 2.82 3 303.21 850.00
17/10/2016 2.82 2.77 2.82 2.77 4 25267.10 70005.00
18/10/2016 2.78 2.77 2.80 2.80 4 4447.01 12351.00
19/10/2016 2.92 2.90 3.05 2.90 6 3537.39 10511.00
21/10/2016 2.89 2.79 2.90 2.79 7 6367.31 18162.00
24/10/2016 2.82 2.82 2.91 2.91 4 3335.26 9530.00
25/10/2016 3.46 2.96 3.46 3.06 6 3840.60 11499.00
26/10/2016 3.05 3.05 3.05 3.05 2 202.14 616.00
01/11/2016 3.01 3.01 3.01 3.01 1 101.07 304.00
03/11/2016 2.92 2.76 2.92 2.76 8 6165.17 17241.00
07/11/2016 2.77 2.76 2.77 2.76 4 5963.04 16471.00
08/11/2016 2.77 2.77 2.81 2.81 3 2829.92 7908.00
09/11/2016 2.82 2.78 2.82 2.78 2 808.55 2252.00
10/11/2016 2.81 2.81 2.81 2.81 1 1010.68 2840.00
11/11/2016 2.78 2.78 2.78 2.78 1 909.62 2529.00
16/11/2016 2.77 2.77 2.78 2.78 5 6165.17 17140.00
17/11/2016 2.77 2.77 2.87 2.86 4 3133.12 8900.00
21/11/2016 2.86 2.86 2.86 2.86 1 101.07 289.00
22/11/2016 2.86 2.86 2.86 2.86 1 101.07 289.00
23/11/2016 2.87 2.87 2.87 2.87 1 101.07 290.00
24/11/2016 2.85 2.85 2.87 2.87 4 126537.64 363078.00
25/11/2016 2.87 2.84 2.87 2.84 3 2021.37 5743.00
28/11/2016 2.84 2.84 2.85 2.85 2 1111.75 3167.00
29/11/2016 2.85 2.82 2.85 2.82 2 1010.68 2853.00
30/11/2016 2.83 2.30 2.83 2.30 14 37092.10 85198.00
01/12/2016 2.32 2.32 2.56 2.37 18 90860.49 216868.00
02/12/2016 2.40 2.38 2.40 2.38 3 14351.71 34242.00
05/12/2016 2.46 2.14 2.46 2.14 13 9197.22 19862.00
06/12/2016 2.15 2.15 2.26 2.23 14 7074.79 15700.00
07/12/2016 2.28 2.28 2.33 2.33 8 4345.94 10049.00
08/12/2016 2.34 2.34 2.34 2.34 1 101.07 236.00
12/12/2016 2.30 2.29 2.33 2.32 6 5154.49 11833.00
13/12/2016 2.33 2.33 2.33 2.33 1 101.07 235.00
14/12/2016 2.33 2.33 2.52 2.44 10 4649.15 11250.00
15/12/2016 2.44 2.44 2.44 2.44 2 202.14 494.00
16/12/2016 2.46 2.44 2.48 2.45 5 4649.15 11420.00
19/12/2016 2.46 2.42 2.46 2.42 4 2223.50 5397.00
20/12/2016 2.43 2.42 2.43 2.42 2 202.14 491.00
21/12/2016 2.42 2.37 2.42 2.37 2 202.14 485.00
22/12/2016 2.37 2.37 2.37 2.37 1 101.07 240.00
23/12/2016 2.37 2.37 2.37 2.37 1 101.07 240.00
26/12/2016 2.37 2.37 2.37 2.37 1 101.07 240.00
27/12/2016 2.37 2.37 2.37 2.37 2 202.14 480.00
28/12/2016 2.37 2.37 2.37 2.37 3 303.21 720.00
29/12/2016 2.37 2.35 2.37 2.35 3 303.21 718.00
02/01/2017 2.34 2.34 2.37 2.37 7 2829.92 6696.00
03/01/2017 2.37 2.37 2.82 2.78 44 12330.34 32206.00
04/01/2017 2.82 2.77 2.82 2.77 2 707.48 1980.00
05/01/2017 2.77 2.77 2.77 2.77 1 101.07 280.00
06/01/2017 2.78 2.78 2.78 2.78 2 505.34 1405.00
10/01/2017 2.78 2.77 2.78 2.77 2 808.55 2241.00
12/01/2017 2.82 2.77 2.82 2.77 5 2324.57 6531.00
13/01/2017 2.77 2.77 2.79 2.79 2 1313.89 3642.00
16/01/2017 2.80 2.80 2.80 2.80 1 101.07 283.00
17/01/2017 2.77 2.77 2.79 2.79 2 202.14 562.00
18/01/2017 2.77 2.77 2.79 2.78 5 1313.89 3653.00
19/01/2017 2.78 2.78 2.78 2.78 2 202.14 562.00
23/01/2017 2.78 2.78 2.79 2.79 4 606.41 1688.00
27/01/2017 2.82 2.82 2.82 2.82 5 505.34 1425.00
30/01/2017 2.82 2.82 2.82 2.82 4 404.27 1140.00
31/01/2017 2.79 2.79 2.79 2.79 1 101.07 282.00
01/02/2017 2.80 2.78 2.81 2.78 6 1516.03 4230.00
02/02/2017 2.78 2.78 2.78 2.78 1 101.07 281.00
06/02/2017 2.77 2.77 2.77 2.77 5 505.34 1400.00
07/02/2017 2.78 2.78 2.78 2.78 1 202.14 562.00
08/02/2017 2.77 2.77 2.77 2.77 1 101.07 280.00
09/02/2017 2.77 2.77 2.77 2.77 1 101.07 280.00
10/02/2017 2.77 2.77 2.78 2.78 4 6973.72 19321.00
13/02/2017 2.77 2.77 2.78 2.78 2 303.21 842.00
14/02/2017 2.77 2.77 2.78 2.77 5 3537.39 9811.00
15/02/2017 2.78 2.77 2.78 2.77 3 1212.82 3370.00
16/02/2017 2.78 2.78 2.78 2.78 1 101.07 281.00
17/02/2017 2.78 2.78 2.78 2.78 1 202.14 562.00
20/02/2017 2.78 2.78 2.78 2.78 1 202.14 562.00
21/02/2017 2.77 2.75 2.87 2.78 27 87727.37 243989.00
22/02/2017 2.79 2.79 2.79 2.79 3 606.41 1692.00
23/02/2017 2.79 2.79 2.79 2.79 1 303.21 846.00
02/03/2017 2.79 2.79 2.79 2.79 1 101.07 282.00
07/03/2017 2.79 2.79 2.79 2.79 1 101.07 282.00
09/03/2017 2.81 2.81 2.81 2.81 2 300.00 843.00
10/03/2017 2.81 2.81 2.82 2.81 12 1800.00 5059.00
13/03/2017 2.83 2.83 2.83 2.83 1 100.00 283.00
14/03/2017 2.82 2.81 2.82 2.81 2 300.00 845.00
20/03/2017 2.81 2.81 2.81 2.81 1 4000.00 11240.00
22/03/2017 2.82 2.82 2.82 2.82 1 100.00 282.00
23/03/2017 2.82 2.81 2.82 2.81 4 10400.00 29325.00
24/03/2017 2.80 2.80 2.80 2.80 1 100.00 280.00
28/03/2017 2.81 2.81 2.82 2.82 4 81700.00 230377.00
29/03/2017 2.83 2.83 2.86 2.86 2 1100.00 3143.00
30/03/2017 2.81 2.81 2.81 2.81 11 1100.00 3091.00
31/03/2017 2.83 2.83 2.86 2.86 2 1100.00 3143.00
03/04/2017 2.88 2.88 2.88 2.88 1 1000.00 2880.00
05/04/2017 2.85 2.85 2.85 2.85 1 100.00 285.00
06/04/2017 2.85 2.81 2.85 2.81 3 2000.00 5625.00
10/04/2017 2.81 2.81 2.81 2.81 1 100.00 281.00
04/05/2017 2.80 2.80 2.80 2.80 4 2200.00 6160.00
05/05/2017 2.70 2.70 2.80 2.76 5 2100.00 5766.00
08/05/2017 2.80 2.78 2.80 2.78 2 1000.00 2782.00
09/05/2017 2.75 2.73 2.75 2.73 5 2000.00 5494.00
10/05/2017 2.74 2.74 2.74 2.74 1 100.00 274.00
12/05/2017 2.74 2.74 2.74 2.74 1 100.00 274.00
16/05/2017 2.72 2.72 2.74 2.74 2 300.00 818.00
19/05/2017 2.72 2.72 2.72 2.72 1 100.00 272.00
22/05/2017 2.50 2.50 2.70 2.65 4 1400.00 3690.00
30/05/2017 2.63 2.56 2.63 2.59 15 6500.00 16834.00
31/05/2017 2.56 2.56 2.56 2.56 1 100.00 256.00
06/06/2017 2.57 2.57 2.57 2.57 1 100.00 257.00
