20/06/2016 2.22 2.21 2.28 2.27 10 3600.00 8095.00
21/06/2016 2.21 2.20 2.27 2.27 5 2000.00 4447.00
22/06/2016 2.19 2.19 2.27 2.19 23 3900.00 8664.00
23/06/2016 2.23 2.21 2.28 2.26 16 12400.00 27829.00
24/06/2016 2.22 2.20 2.22 2.20 7 4400.00 9690.00
27/06/2016 2.22 2.20 2.22 2.20 8 3600.00 7980.00
28/06/2016 2.26 2.21 2.26 2.26 4 700.00 1577.00
29/06/2016 2.20 2.20 2.29 2.26 9 6000.00 13431.00
30/06/2016 2.18 2.18 2.28 2.28 15 8000.00 17939.00
01/07/2016 2.30 2.27 2.35 2.35 13 9700.00 22536.00
04/07/2016 2.36 2.30 2.38 2.35 9 4400.00 10335.00
05/07/2016 2.28 2.28 2.46 2.40 57 40700.00 95522.00
06/07/2016 2.47 2.40 2.59 2.59 11 19300.00 48980.00
07/07/2016 2.56 2.56 2.65 2.65 6 800.00 2082.00
08/07/2016 2.70 2.56 2.74 2.63 14 6100.00 16443.00
11/07/2016 2.69 2.63 2.83 2.75 11 6000.00 16667.00
12/07/2016 2.76 2.76 3.00 2.85 21 7900.00 22979.00
13/07/2016 2.81 2.81 2.90 2.85 14 4200.00 11993.00
14/07/2016 2.99 2.85 2.99 2.86 18 6600.00 18966.00
15/07/2016 2.86 2.86 2.99 2.93 19 9100.00 26550.00
18/07/2016 2.95 2.90 3.07 3.01 55 95700.00 286546.00
19/07/2016 3.00 2.92 3.08 2.98 42 110400.00 330977.00
20/07/2016 3.04 2.81 3.04 2.95 41 32700.00 95321.00
21/07/2016 2.96 2.91 2.97 2.91 8 1900.00 5577.00
22/07/2016 2.96 2.88 2.96 2.93 25 14300.00 41341.00
25/07/2016 2.87 2.82 2.87 2.82 9 5700.00 16239.00
26/07/2016 2.89 2.80 2.89 2.88 12 4400.00 12509.00
27/07/2016 2.82 2.81 2.88 2.82 11 6700.00 18949.00
28/07/2016 2.82 2.78 2.90 2.90 11 3900.00 11062.00
29/07/2016 2.93 2.93 3.20 3.20 40 23800.00 72967.00
01/08/2016 3.12 3.12 3.27 3.27 5 1000.00 3188.00
02/08/2016 3.22 3.11 3.27 3.15 8 4400.00 14100.00
03/08/2016 3.12 3.12 3.35 3.35 20 10600.00 34009.00
04/08/2016 3.75 3.33 3.76 3.55 28 14800.00 53260.00
05/08/2016 3.46 3.46 3.49 3.49 6 600.00 2080.00
08/08/2016 3.65 3.30 3.65 3.30 11 3000.00 10484.00
09/08/2016 3.30 3.29 3.40 3.30 8 3100.00 10239.00
10/08/2016 3.26 3.25 3.47 3.47 7 15500.00 50548.00
11/08/2016 3.47 3.47 3.58 3.53 6 1400.00 4945.00
12/08/2016 3.58 3.40 3.64 3.45 24 20300.00 70016.00
15/08/2016 3.63 3.50 3.63 3.50 9 5500.00 19763.00
16/08/2016 3.52 3.44 3.60 3.60 13 12400.00 44053.00
17/08/2016 3.50 3.50 3.55 3.50 7 1700.00 5970.00
18/08/2016 3.67 3.45 3.67 3.45 18 32400.00 114772.00
19/08/2016 3.55 3.55 3.55 3.55 1 500.00 1775.00
22/08/2016 3.45 3.45 3.55 3.54 3 300.00 1054.00
23/08/2016 3.40 3.35 3.59 3.59 9 1043000.00 3743149.00
24/08/2016 3.41 3.41 3.55 3.42 11 2600.00 9045.00
25/08/2016 3.42 3.05 3.42 3.05 110 43700.00 138015.00
26/08/2016 3.19 3.05 3.19 3.06 77 13500.00 41996.00
29/08/2016 3.10 3.08 3.21 3.21 9 1700.00 5331.00
30/08/2016 3.22 3.13 3.22 3.18 19 2800.00 8849.00
31/08/2016 3.11 3.11 3.18 3.17 28 4700.00 14803.00
01/09/2016 3.27 3.13 3.27 3.26 8 1700.00 5460.00
02/09/2016 3.27 3.17 3.29 3.24 16 8700.00 28023.00
05/09/2016 3.24 3.24 3.30 3.29 5 2700.00 8891.00
06/09/2016 3.21 3.10 3.23 3.16 22 6700.00 21301.00
08/09/2016 3.18 3.14 3.25 3.25 22 24200.00 77540.00
09/09/2016 3.17 3.17 3.26 3.24 8 8000.00 25498.00
12/09/2016 3.20 3.20 3.20 3.20 4 2700.00 8640.00
13/09/2016 3.12 3.05 3.22 3.05 10 6300.00 19278.00
14/09/2016 3.09 3.00 3.25 3.25 19 7000.00 21548.00
15/09/2016 3.03 3.03 3.23 3.23 8 2000.00 6256.00
16/09/2016 3.12 3.05 3.12 3.05 5 600.00 1837.00
19/09/2016 3.08 2.99 3.08 2.99 10 3600.00 10833.00
20/09/2016 2.92 2.92 2.92 2.92 3 900.00 2628.00
21/09/2016 2.92 2.74 2.92 2.74 51 46500.00 131436.00
22/09/2016 2.78 2.78 2.89 2.89 23 37500.00 105734.00
23/09/2016 2.92 2.91 2.92 2.91 3 300.00 875.00
26/09/2016 2.94 2.90 2.94 2.90 2 400.00 1164.00
27/09/2016 2.90 2.90 2.90 2.90 1 400.00 1160.00
28/09/2016 2.90 2.90 3.05 3.05 10 8600.00 25616.00
29/09/2016 3.05 3.05 3.25 3.25 14 5700.00 18283.00
30/09/2016 3.20 3.20 3.25 3.25 4 5400.00 17520.00
03/10/2016 3.15 3.15 3.25 3.24 6 700.00 2242.00
04/10/2016 3.24 3.24 3.25 3.24 4 2300.00 7465.00
05/10/2016 3.18 3.18 3.20 3.20 5 2600.00 8300.00
06/10/2016 3.25 3.25 3.25 3.25 9 3800.00 12350.00
07/10/2016 3.24 3.24 3.27 3.27 4 2500.00 8136.00
10/10/2016 3.30 3.17 3.31 3.29 12 10200.00 33581.00
11/10/2016 3.25 3.21 3.25 3.21 2 900.00 2893.00
13/10/2016 3.21 3.10 3.21 3.15 7 2500.00 7852.00
14/10/2016 3.13 3.13 3.19 3.19 4 1000.00 3152.00
17/10/2016 3.19 3.19 3.19 3.19 1 200.00 638.00
18/10/2016 3.24 3.24 3.25 3.25 3 1800.00 5848.00
19/10/2016 3.29 3.29 3.30 3.30 2 300.00 988.00
20/10/2016 3.30 3.15 3.30 3.15 17 8300.00 26168.00
21/10/2016 3.20 3.20 3.24 3.24 2 700.00 2260.00
24/10/2016 3.33 3.23 3.33 3.23 8 3600.00 11680.00
25/10/2016 3.21 3.21 3.21 3.21 1 200.00 642.00
26/10/2016 3.20 3.18 3.27 3.27 7 2600.00 8317.00
27/10/2016 3.16 3.14 3.25 3.14 4 1100.00 3477.00
28/10/2016 3.26 3.26 3.27 3.27 4 1200.00 3922.00
31/10/2016 3.26 3.20 3.26 3.25 7 6800.00 22092.00
01/11/2016 3.20 3.10 3.20 3.10 10 8000.00 24877.00
03/11/2016 3.08 3.01 3.10 3.10 13 16700.00 50752.00
04/11/2016 3.02 3.02 3.22 3.15 9 9700.00 30016.00
07/11/2016 3.25 3.25 3.25 3.25 3 400.00 1300.00
08/11/2016 3.09 3.05 3.24 3.24 22 35600.00 111333.00
09/11/2016 3.04 3.04 3.20 3.20 18 23500.00 73513.00
10/11/2016 3.11 3.00 3.19 3.18 6 900.00 2809.00
11/11/2016 3.01 2.85 3.01 3.00 6 2800.00 8011.00
14/11/2016 3.00 2.70 3.00 2.70 16 5000.00 13865.00
16/11/2016 2.70 2.70 2.70 2.70 5 6400.00 17280.00
17/11/2016 2.75 2.75 2.75 2.75 1 200.00 550.00
18/11/2016 2.85 2.85 2.85 2.85 2 600.00 1710.00
21/11/2016 2.87 2.84 2.87 2.84 5 5000.00 14266.00
23/11/2016 2.67 2.57 2.67 2.67 22 8000.00 21046.00
24/11/2016 2.67 2.52 2.67 2.60 22 10400.00 26436.00
25/11/2016 2.60 2.48 2.60 2.48 17 25500.00 65850.00
28/11/2016 2.50 2.38 2.50 2.40 19 8400.00 20330.00
29/11/2016 2.42 2.39 2.45 2.39 9 9300.00 22486.00
30/11/2016 2.49 2.45 2.49 2.45 10 5200.00 12855.00
01/12/2016 2.43 2.38 2.43 2.40 4 1900.00 4551.00
02/12/2016 2.38 2.38 2.49 2.49 5 800.00 1935.00
05/12/2016 2.51 2.51 2.51 2.51 3 400.00 1004.00
06/12/2016 2.52 2.52 2.52 2.52 1 200.00 504.00
07/12/2016 2.47 2.38 2.47 2.47 13 5200.00 12701.00
09/12/2016 2.47 2.47 2.47 2.47 1 100.00 247.00
12/12/2016 2.40 2.38 2.40 2.38 5 3900.00 9307.00
13/12/2016 2.40 2.40 2.40 2.40 1 100.00 240.00
14/12/2016 2.35 2.33 2.36 2.33 6 3700.00 8673.00
15/12/2016 2.29 2.29 2.29 2.29 1 100.00 229.00
16/12/2016 2.31 2.29 2.31 2.30 5 2900.00 6668.00
19/12/2016 2.25 2.25 2.25 2.25 2 3500.00 7875.00
22/12/2016 2.44 2.44 2.44 2.44 1 100.00 244.00
23/12/2016 2.44 2.33 2.44 2.33 3 500.00 1209.00
27/12/2016 2.33 2.33 2.33 2.33 1 100.00 233.00
28/12/2016 2.42 2.35 2.42 2.35 6 1200.00 2850.00
29/12/2016 2.30 2.30 2.49 2.49 13 2400.00 5846.00
04/01/2017 2.54 2.54 2.54 2.54 5 7500.00 19050.00
05/01/2017 2.55 2.54 2.65 2.63 12 6900.00 17874.00
06/01/2017 2.64 2.64 2.68 2.68 9 1000.00 2652.00
09/01/2017 2.70 2.70 2.74 2.73 6 1800.00 4899.00
10/01/2017 2.74 2.74 2.78 2.78 6 3600.00 9960.00
11/01/2017 2.75 2.75 2.75 2.75 2 900.00 2475.00
12/01/2017 2.90 2.88 2.90 2.88 4 1400.00 4036.00
16/01/2017 2.86 2.86 2.90 2.90 3 1900.00 5466.00
19/01/2017 2.90 2.77 2.90 2.77 12 5500.00 15559.00
20/01/2017 2.82 2.82 2.82 2.82 2 400.00 1128.00
24/01/2017 2.77 2.77 2.92 2.92 3 500.00 1445.00
26/01/2017 2.93 2.90 2.93 2.90 2 2000.00 5806.00
30/01/2017 2.75 2.65 2.75 2.65 12 4300.00 11594.00
31/01/2017 2.80 2.65 2.84 2.65 12 5200.00 14083.00
01/02/2017 2.66 2.65 2.80 2.65 34 19600.00 53702.00
02/02/2017 2.66 2.59 2.66 2.59 21 4900.00 12896.00
03/02/2017 2.65 2.65 2.72 2.66 11 5900.00 15891.00
06/02/2017 2.79 2.70 2.84 2.70 17 6500.00 18098.00
07/02/2017 2.80 2.80 2.87 2.87 15 8700.00 24429.00
08/02/2017 2.80 2.80 2.89 2.89 11 4500.00 12867.00
09/02/2017 2.89 2.89 2.98 2.98 2 600.00 1743.00
10/02/2017 2.97 2.97 3.10 3.03 15 22000.00 66084.00
13/02/2017 3.03 3.03 3.25 3.23 33 13500.00 43461.00
14/02/2017 3.23 3.20 3.55 3.20 31 30300.00 102185.00
15/02/2017 3.26 3.23 3.27 3.23 4 800.00 2604.00
16/02/2017 3.20 3.20 3.25 3.24 7 2500.00 8097.00
17/02/2017 3.24 3.24 3.24 3.24 1 400.00 1296.00
20/02/2017 3.24 3.24 3.49 3.48 20 18100.00 58993.00
21/02/2017 3.46 3.41 3.47 3.41 15 6100.00 21115.00
22/02/2017 3.41 3.41 3.41 3.41 8 2400.00 8184.00
23/02/2017 3.37 3.34 3.47 3.34 10 8400.00 28368.00
24/02/2017 3.31 3.31 3.38 3.38 6 4400.00 14842.00
01/03/2017 3.47 3.39 3.47 3.39 3 700.00 2385.00
02/03/2017 3.35 3.35 3.35 3.35 1 400.00 1340.00
03/03/2017 3.26 3.25 3.26 3.25 4 500.00 1626.00
06/03/2017 3.30 3.27 3.40 3.27 161 46800.00 154742.00
07/03/2017 3.29 3.24 3.30 3.24 94 41600.00 136875.00
08/03/2017 3.24 3.10 3.24 3.10 14 8300.00 26160.00
09/03/2017 3.09 2.90 3.19 3.08 15 4400.00 13670.00
10/03/2017 3.20 3.15 3.20 3.15 6 1400.00 4470.00
13/03/2017 3.38 2.98 3.38 3.23 5 500.00 1589.00
14/03/2017 3.20 3.20 3.20 3.20 1 100.00 320.00
15/03/2017 3.11 3.03 3.14 3.03 24 6700.00 20493.00
16/03/2017 3.03 3.03 3.18 3.08 19 11600.00 35809.00
17/03/2017 3.04 3.02 3.06 3.06 5 4500.00 13708.00
20/03/2017 3.06 3.01 3.18 3.18 7 1500.00 4591.00
21/03/2017 3.19 3.14 3.20 3.14 7 900.00 2848.00
23/03/2017 3.12 3.12 3.12 3.12 1 200.00 624.00
24/03/2017 3.10 3.10 3.14 3.14 7 4000.00 12544.00
28/03/2017 3.14 2.88 3.14 2.88 3 1200.00 3716.00
29/03/2017 2.88 2.88 3.24 3.06 29 11400.00 35776.00
30/03/2017 3.20 3.20 3.25 3.20 14 9000.00 29009.00
31/03/2017 3.19 3.05 3.19 3.19 13 4300.00 13377.00
03/04/2017 3.18 3.18 3.19 3.18 5 3100.00 9862.00
04/04/2017 3.20 3.15 3.26 3.20 15 14200.00 45600.00
05/04/2017 3.27 3.23 3.48 3.23 62 42600.00 140459.00
06/04/2017 3.30 3.02 3.30 3.15 9 2600.00 8229.00
07/04/2017 3.16 3.13 3.20 3.20 29 14800.00 47104.00
10/04/2017 3.29 3.13 3.29 3.13 29 16700.00 53665.00
11/04/2017 3.13 3.13 3.13 3.13 1 200.00 626.00
12/04/2017 3.10 3.10 3.19 3.19 6 3500.00 10931.00
13/04/2017 3.19 3.07 3.28 3.07 8 3100.00 9702.00
17/04/2017 3.15 3.05 3.15 3.10 6 1500.00 4622.00
18/04/2017 3.11 3.00 3.20 3.00 8 1100.00 3386.00
19/04/2017 3.09 2.99 3.10 2.99 17 5100.00 15457.00
20/04/2017 3.00 3.00 3.05 3.05 11 6600.00 20120.00
24/04/2017 3.10 2.97 3.10 3.05 19 7800.00 23464.00
25/04/2017 3.10 3.10 3.15 3.10 8 2700.00 8375.00
26/04/2017 3.10 3.08 3.10 3.08 3 500.00 1548.00
27/04/2017 3.07 3.05 3.11 3.05 22 15700.00 47924.00
28/04/2017 3.17 3.17 3.17 3.17 6 3000.00 9510.00
02/05/2017 3.14 3.14 3.20 3.20 74 37600.00 119270.00
04/05/2017 3.15 3.15 3.16 3.15 3 900.00 2842.00
05/05/2017 3.22 3.22 3.23 3.22 5 2800.00 9023.00
08/05/2017 3.20 3.20 3.21 3.20 9 10100.00 32401.00
09/05/2017 3.24 3.18 3.29 3.18 30 30900.00 99086.00
10/05/2017 3.27 3.27 3.38 3.30 25 12600.00 41953.00
11/05/2017 3.37 3.37 3.60 3.59 22 12900.00 44265.00
12/05/2017 3.59 3.35 3.65 3.65 28 11800.00 41768.00
15/05/2017 3.69 3.69 3.75 3.75 20 17400.00 65065.00
16/05/2017 3.80 3.55 3.82 3.66 23 30600.00 111225.00
17/05/2017 3.66 3.66 3.67 3.66 52 52700.00 192885.00
18/05/2017 3.49 2.90 3.49 2.90 47 31500.00 99547.00
19/05/2017 2.98 2.98 3.27 3.12 28 9600.00 30062.00
22/05/2017 3.17 2.93 3.17 2.93 27 33000.00 99309.00
23/05/2017 3.14 3.03 3.14 3.12 10 2000.00 6134.00
24/05/2017 3.12 3.12 3.30 3.25 12 4000.00 13102.00
25/05/2017 3.31 3.22 3.32 3.30 43 24400.00 79184.00
26/05/2017 3.40 3.32 3.40 3.40 6 3900.00 13044.00
29/05/2017 3.30 3.30 3.30 3.30 2 2500.00 8250.00
30/05/2017 3.30 3.29 3.30 3.29 3 700.00 2309.00
31/05/2017 3.15 3.11 3.21 3.21 17 11300.00 35758.00
01/06/2017 3.21 3.15 3.22 3.15 14 27500.00 87241.00
02/06/2017 3.17 3.17 3.25 3.25 15 8500.00 27540.00
05/06/2017 3.25 3.16 3.42 3.17 96 27300.00 87521.00
06/06/2017 3.26 3.25 3.34 3.34 44 12600.00 41001.00
07/06/2017 3.34 3.27 3.36 3.30 7 1700.00 5610.00
08/06/2017 3.28 3.25 3.33 3.32 15 1500.00 4899.00
09/06/2017 3.25 3.25 3.32 3.32 3 2400.00 7807.00
12/06/2017 3.26 3.25 3.33 3.33 5 2000.00 6526.00
13/06/2017 3.24 3.24 3.38 3.38 14 3700.00 12428.00
14/06/2017 3.38 3.38 3.38 3.38 2 400.00 1352.00
