20/06/2016 1.17 1.17 1.17 1.17 1 672.85 786.00
22/06/2016 1.13 1.13 1.13 1.13 2 224.28 254.00
05/07/2016 1.10 1.10 1.10 1.10 1 112.14 123.00
06/07/2016 1.11 1.11 1.11 1.11 6 897.13 998.00
08/07/2016 1.07 1.07 1.07 1.07 3 560.70 600.00
11/07/2016 1.07 1.03 1.07 1.03 2 560.70 580.00
12/07/2016 1.09 1.03 1.09 1.03 12 8971.28 9448.00
13/07/2016 1.11 1.09 1.20 1.11 15 5831.33 6571.00
14/07/2016 1.12 1.12 1.12 1.12 1 224.28 252.00
15/07/2016 1.08 1.08 2.24 2.23 57 32969.45 61251.00
18/07/2016 2.22 2.22 2.93 2.92 44 23886.03 61530.00
19/07/2016 2.93 2.32 3.92 3.04 67 24558.88 74611.00
20/07/2016 2.68 2.68 3.25 2.86 16 6504.18 18803.00
21/07/2016 2.90 2.90 3.20 3.20 9 3700.65 11013.00
22/07/2016 2.90 2.51 3.02 2.72 34 16484.72 43998.00
25/07/2016 2.76 2.76 3.14 3.12 5 4373.50 12212.00
26/07/2016 2.70 2.63 2.72 2.63 39 21082.50 57035.00
27/07/2016 2.64 2.59 2.64 2.61 8 1906.40 4985.00
28/07/2016 2.59 2.59 2.59 2.59 6 2018.54 5238.00
29/07/2016 2.55 2.43 2.55 2.43 6 897.13 2247.00
01/08/2016 2.10 1.91 2.14 2.14 27 11101.96 22772.00
22/11/2016 2.00 2.00 2.44 2.44 24 5900.00 12590.00
23/11/2016 2.44 2.10 2.44 2.15 24 3100.00 6755.00
24/11/2016 2.15 2.15 2.15 2.15 2 500.00 1075.00
25/11/2016 2.14 2.14 2.14 2.14 1 20000.00 42800.00
01/12/2016 1.93 1.84 2.02 1.89 21 5700.00 10860.00
02/12/2016 1.93 1.93 1.93 1.93 1 100.00 193.00
06/12/2016 1.87 1.87 1.87 1.87 1 100.00 187.00
07/12/2016 2.00 2.00 2.51 2.51 25 8000.00 17089.00
08/12/2016 2.58 2.20 2.65 2.28 36 12900.00 30869.00
09/12/2016 2.46 2.33 2.46 2.33 2 200.00 479.00
13/12/2016 2.15 2.01 2.18 2.06 65 14300.00 29633.00
14/12/2016 2.13 2.13 2.13 2.13 1 100.00 213.00
15/12/2016 2.13 1.93 2.26 1.94 31 6500.00 12864.00
16/12/2016 2.35 2.18 2.35 2.25 75 50200.00 112160.00
19/12/2016 2.32 2.19 2.32 2.19 3 300.00 681.00
20/12/2016 2.34 2.34 2.34 2.34 2 200.00 468.00
21/12/2016 2.29 2.29 2.29 2.29 1 100.00 229.00
22/12/2016 2.02 1.99 2.02 1.99 13 4300.00 8626.00
23/12/2016 2.09 2.09 2.29 2.19 12 3100.00 6687.00
27/12/2016 2.01 2.01 2.01 2.01 1 100.00 201.00
28/12/2016 2.01 1.91 2.17 1.91 22 5800.00 11218.00
29/12/2016 1.89 1.89 1.99 1.99 11 16400.00 31006.00
03/01/2017 1.99 1.94 1.99 1.94 3 300.00 587.00
04/01/2017 1.98 1.94 2.05 1.98 6 1000.00 1963.00
05/01/2017 1.99 1.94 1.99 1.94 3 1800.00 3542.00
06/01/2017 1.94 1.94 1.94 1.94 1 200.00 388.00
12/01/2017 1.81 1.81 1.90 1.90 7 1800.00 3336.00
13/01/2017 1.90 1.87 1.90 1.90 4 400.00 755.00
16/01/2017 2.00 2.00 2.00 2.00 1 100.00 200.00
17/01/2017 1.85 1.82 1.98 1.97 20 2400.00 4565.00
18/01/2017 1.97 1.80 1.98 1.95 9 1100.00 2092.00
19/01/2017 1.97 1.92 2.35 2.35 78 34100.00 72647.00
20/01/2017 2.55 2.27 2.60 2.27 31 14700.00 36746.00
23/01/2017 2.27 1.90 2.27 2.01 29 16200.00 31076.00
24/01/2017 2.16 2.05 2.16 2.07 12 4100.00 8549.00
26/01/2017 2.27 2.08 2.27 2.08 11 4500.00 9686.00
27/01/2017 2.08 2.08 2.25 2.25 2 300.00 641.00
02/02/2017 2.03 2.03 2.24 2.24 16 1900.00 4024.00
03/02/2017 2.23 2.23 2.23 2.23 1 100.00 223.00
10/02/2017 1.91 1.91 1.91 1.91 5 4600.00 8786.00
13/02/2017 1.91 1.91 1.91 1.91 5 1000.00 1910.00
14/02/2017 2.00 1.95 2.00 1.95 18 4800.00 9478.00
15/02/2017 2.00 1.95 2.19 2.02 80 46500.00 93336.00
16/02/2017 2.04 2.04 2.04 2.04 1 600.00 1224.00
17/02/2017 1.92 1.92 2.00 1.92 12 5000.00 9621.00
20/02/2017 2.05 1.94 2.05 1.95 12 4300.00 8461.00
21/02/2017 1.98 1.90 1.98 1.90 8 1900.00 3650.00
22/02/2017 1.95 1.92 1.98 1.92 11 4200.00 8085.00
23/02/2017 1.91 1.90 1.95 1.95 4 1500.00 2863.00
02/03/2017 1.90 1.90 1.90 1.90 1 100.00 190.00
03/03/2017 1.90 1.90 1.95 1.95 2 200.00 385.00
07/03/2017 1.90 1.90 1.90 1.90 1 100.00 190.00
08/03/2017 1.89 1.89 1.89 1.89 1 400.00 756.00
10/03/2017 1.72 1.72 1.80 1.79 13 2800.00 4837.00
13/03/2017 1.71 1.71 1.79 1.79 2 200.00 350.00
14/03/2017 1.95 1.90 1.96 1.90 6 2400.00 4571.00
15/03/2017 1.70 1.70 1.89 1.89 5 1500.00 2569.00
27/03/2017 1.82 1.60 1.82 1.77 8 4600.00 7847.00
28/03/2017 1.77 1.77 1.78 1.78 5 600.00 1063.00
04/04/2017 1.77 1.77 1.97 1.89 7 3400.00 6205.00
05/04/2017 1.89 1.85 1.95 1.85 15 11500.00 22023.00
06/04/2017 1.94 1.94 1.94 1.94 2 200.00 388.00
07/04/2017 1.90 1.90 1.90 1.90 1 100.00 190.00
10/04/2017 1.94 1.94 1.94 1.94 1 100.00 194.00
11/04/2017 1.76 1.76 1.89 1.89 2 200.00 365.00
13/04/2017 1.50 1.50 1.84 1.84 17 5500.00 8830.00
17/04/2017 1.56 1.56 1.60 1.59 6 600.00 943.00
18/04/2017 1.78 1.60 1.78 1.60 2 200.00 338.00
19/04/2017 1.77 1.77 1.78 1.78 2 200.00 355.00
20/04/2017 1.75 1.75 1.75 1.75 2 500.00 875.00
02/05/2017 1.51 1.51 1.65 1.65 9 1200.00 1916.00
03/05/2017 1.56 1.56 1.56 1.56 4 2400.00 3744.00
04/05/2017 1.64 1.60 1.70 1.60 8 1900.00 3095.00
05/05/2017 1.61 1.61 1.80 1.80 26 3300.00 5621.00
08/05/2017 1.79 1.79 1.79 1.79 1 100.00 179.00
09/05/2017 1.73 1.73 1.78 1.78 5 5100.00 9038.00
10/05/2017 1.77 1.77 1.77 1.77 1 100.00 177.00
11/05/2017 1.66 1.66 1.74 1.74 2 200.00 340.00
12/05/2017 1.65 1.65 1.65 1.65 1 700.00 1155.00
15/05/2017 1.66 1.66 1.77 1.77 2 600.00 1007.00
17/05/2017 1.74 1.66 1.74 1.66 7 1800.00 3043.00
18/05/2017 1.62 1.62 1.65 1.65 4 1300.00 2109.00
23/05/2017 1.53 1.53 1.64 1.57 9 2500.00 3924.00
24/05/2017 1.65 1.65 1.65 1.65 1 100.00 165.00
25/05/2017 1.65 1.65 1.90 1.80 96 45600.00 82373.00
26/05/2017 1.83 1.83 2.15 2.00 263 139400.00 276083.00
29/05/2017 1.97 1.81 1.97 1.86 223 106200.00 195685.00
30/05/2017 1.94 1.70 1.94 1.70 12 6300.00 10928.00
31/05/2017 1.83 1.80 1.83 1.82 22 7500.00 13553.00
01/06/2017 1.81 1.81 1.82 1.82 6 700.00 1270.00
02/06/2017 1.86 1.85 1.86 1.85 3 7100.00 13136.00
05/06/2017 1.85 1.62 1.85 1.76 39 23300.00 40136.00
06/06/2017 1.86 1.86 1.86 1.86 1 100.00 186.00
07/06/2017 1.84 1.76 1.84 1.76 11 5200.00 9190.00
08/06/2017 1.70 1.67 1.79 1.67 15 7800.00 13300.00
09/06/2017 1.66 1.65 1.74 1.65 12 5100.00 8470.00
12/06/2017 1.81 1.61 1.85 1.61 78 52700.00 88794.00
13/06/2017 1.69 1.61 1.69 1.65 5 1000.00 1622.00
14/06/2017 1.73 1.65 1.73 1.70 6 1600.00 2682.00
16/06/2017 1.70 1.70 1.75 1.72 86 32700.00 55643.00
