08/09/2016 2.09 2.09 2.09 2.09 1 105.29 220.00
13/09/2016 1.84 1.80 1.84 1.80 7 737.05 1339.00
23/09/2016 1.81 1.66 1.81 1.66 5 526.47 906.00
26/09/2016 2.07 2.05 2.09 2.08 5 1052.93 2185.00
27/09/2016 1.99 1.99 2.08 2.08 5 1474.11 2976.00
29/09/2016 2.03 2.02 2.03 2.02 2 200.00 405.00
07/10/2016 1.91 1.91 1.91 1.91 1 100.00 191.00
10/10/2016 1.92 1.92 1.92 1.92 1 100.00 192.00
14/10/2016 1.92 1.92 1.95 1.95 3 700.00 1347.00
18/10/2016 2.05 2.05 2.05 2.05 1 1100.00 2255.00
19/10/2016 2.19 2.19 2.19 2.19 1 100.00 219.00
20/10/2016 2.20 2.20 2.20 2.20 4 1000.00 2200.00
21/10/2016 1.98 1.98 1.98 1.98 1 1200.00 2376.00
24/10/2016 2.15 2.15 2.15 2.15 2 200.00 430.00
25/10/2016 2.15 2.15 2.15 2.15 2 300.00 645.00
27/10/2016 2.15 2.15 2.15 2.15 2 300.00 645.00
01/11/2016 2.09 2.09 2.09 2.09 1 100.00 209.00
03/11/2016 2.03 2.03 2.03 2.03 2 500.00 1015.00
04/11/2016 1.99 1.99 1.99 1.99 1 100.00 199.00
07/11/2016 2.15 2.15 2.15 2.15 1 100.00 215.00
11/11/2016 1.85 1.85 1.85 1.85 4 1300.00 2405.00
14/11/2016 2.15 1.91 2.19 2.10 14 7300.00 15339.00
16/11/2016 2.00 2.00 2.10 2.10 5 8000.00 16200.00
17/11/2016 2.10 2.00 2.15 2.10 9 16900.00 34074.00
21/11/2016 2.00 2.00 2.00 2.00 3 2900.00 5800.00
22/11/2016 2.01 2.00 2.01 2.00 3 700.00 1401.00
23/11/2016 2.01 2.00 2.01 2.01 8 8400.00 16833.00
24/11/2016 2.00 2.00 2.00 2.00 4 8900.00 17800.00
25/11/2016 2.00 2.00 2.00 2.00 9 19100.00 38200.00
28/11/2016 2.00 2.00 2.00 2.00 2 16800.00 33600.00
29/11/2016 2.01 2.00 2.05 2.05 4 4000.00 8060.00
30/11/2016 2.05 2.05 2.20 2.20 4 500.00 1075.00
01/12/2016 2.01 2.01 2.19 2.01 5 800.00 1627.00
02/12/2016 2.00 2.00 2.00 2.00 3 4700.00 9400.00
05/12/2016 2.00 2.00 2.00 2.00 3 3300.00 6600.00
08/12/2016 2.00 2.00 2.00 2.00 2 1800.00 3600.00
09/12/2016 2.00 2.00 2.00 2.00 1 100.00 200.00
12/12/2016 2.00 2.00 2.00 2.00 3 9800.00 19600.00
14/12/2016 2.14 2.14 2.14 2.14 1 100.00 214.00
15/12/2016 2.14 2.14 2.15 2.15 2 1200.00 2573.00
16/12/2016 2.20 2.20 2.20 2.20 1 500.00 1100.00
19/12/2016 2.25 2.20 2.27 2.27 6 1200.00 2695.00
20/12/2016 2.28 2.28 2.28 2.28 3 1200.00 2736.00
21/12/2016 2.28 2.16 2.34 2.29 9 3700.00 8277.00
22/12/2016 2.20 2.20 2.26 2.26 3 600.00 1332.00
26/12/2016 2.33 2.32 2.33 2.32 2 400.00 929.00
29/12/2016 2.29 2.11 2.33 2.33 14 3200.00 7368.00
02/01/2017 2.35 2.33 2.35 2.33 2 400.00 938.00
03/01/2017 2.33 2.33 2.33 2.33 2 1500.00 3495.00
04/01/2017 2.34 2.34 2.34 2.34 3 400.00 936.00
05/01/2017 2.39 2.25 2.39 2.25 3 1500.00 3389.00
06/01/2017 2.06 2.06 2.08 2.07 5 1100.00 2276.00
10/01/2017 2.20 2.20 2.22 2.22 4 1100.00 2422.00
11/01/2017 2.22 2.22 2.22 2.22 1 100.00 222.00
12/01/2017 2.30 2.30 2.38 2.35 7 2100.00 4928.00
13/01/2017 2.39 2.20 2.39 2.39 7 1600.00 3801.00
16/01/2017 2.39 2.39 2.40 2.40 2 1500.00 3595.00
18/01/2017 2.44 2.44 2.44 2.44 3 500.00 1220.00
19/01/2017 2.43 2.43 2.49 2.49 3 600.00 1464.00
26/01/2017 2.49 2.49 2.49 2.49 1 100.00 249.00
27/01/2017 2.75 2.60 2.75 2.70 13 5200.00 14175.00
02/02/2017 2.60 2.30 2.60 2.50 8 4700.00 11551.00
03/02/2017 2.40 2.40 2.59 2.46 6 3900.00 9666.00
06/02/2017 2.45 2.45 2.45 2.45 2 1100.00 2695.00
07/02/2017 2.55 2.40 2.55 2.55 6 4300.00 10425.00
09/02/2017 2.50 2.50 2.57 2.57 2 1200.00 3021.00
10/02/2017 2.55 2.45 2.60 2.60 8 4800.00 12260.00
13/02/2017 2.60 2.40 2.60 2.60 9 3900.00 9696.00
14/02/2017 2.45 2.40 2.45 2.45 8 7200.00 17563.00
15/02/2017 2.45 2.44 2.49 2.48 7 800.00 1964.00
16/02/2017 2.48 2.48 2.48 2.48 1 1300.00 3224.00
17/02/2017 2.35 2.35 2.48 2.48 2 600.00 1423.00
21/02/2017 2.11 2.11 2.48 2.48 3 500.00 1203.00
22/02/2017 2.60 2.48 2.60 2.58 8 4500.00 11430.00
23/02/2017 2.60 2.55 2.60 2.60 5 600.00 1545.00
03/03/2017 2.22 2.22 2.60 2.60 10 2100.00 5023.00
06/03/2017 2.59 2.59 2.60 2.60 2 700.00 1815.00
07/03/2017 2.35 2.35 2.59 2.59 9 2800.00 7022.00
08/03/2017 2.50 2.50 2.62 2.62 2 200.00 512.00
10/03/2017 2.45 2.45 2.65 2.65 6 2600.00 6725.00
21/03/2017 2.55 2.55 2.55 2.55 1 100.00 255.00
23/03/2017 2.65 2.65 2.65 2.65 1 100.00 265.00
28/03/2017 2.63 2.63 2.63 2.63 1 1000.00 2630.00
30/03/2017 2.60 2.60 2.65 2.65 3 2500.00 6505.00
31/03/2017 2.60 2.60 2.79 2.79 2 900.00 2359.00
07/04/2017 2.80 2.75 2.80 2.75 2 400.00 1115.00
10/04/2017 2.75 2.60 2.75 2.75 7 4200.00 11415.00
11/04/2017 2.85 2.76 2.85 2.76 2 400.00 1122.00
19/04/2017 2.70 2.70 2.76 2.76 4 500.00 1362.00
25/04/2017 2.76 2.76 2.85 2.85 6 4200.00 11795.00
26/04/2017 2.70 2.70 2.95 2.95 8 3500.00 9850.00
28/04/2017 3.08 2.70 3.08 2.97 9 2800.00 8385.00
02/05/2017 2.70 2.70 3.00 3.00 5 2300.00 6530.00
08/05/2017 2.96 2.75 2.97 2.95 7 700.00 2013.00
09/05/2017 2.70 2.70 2.90 2.90 3 500.00 1430.00
16/05/2017 2.89 2.89 2.90 2.90 4 6900.00 20001.00
17/05/2017 3.00 3.00 3.10 3.10 4 500.00 1540.00
18/05/2017 3.00 3.00 3.00 3.00 1 100.00 300.00
19/05/2017 2.99 2.99 3.03 3.00 3 700.00 2098.00
22/05/2017 2.54 2.54 2.90 2.90 2 200.00 544.00
25/05/2017 2.75 2.70 2.90 2.70 11 1100.00 3085.00
26/05/2017 2.95 2.85 3.20 2.92 49 23300.00 69772.00
29/05/2017 2.93 2.93 2.93 2.93 1 300.00 879.00
30/05/2017 3.00 3.00 3.00 3.00 1 100.00 300.00
31/05/2017 3.00 3.00 3.00 3.00 4 600.00 1800.00
01/06/2017 3.00 3.00 3.00 3.00 1 100.00 300.00
05/06/2017 2.95 2.95 2.95 2.95 2 500.00 1475.00
13/06/2017 3.00 3.00 3.04 3.04 2 600.00 1804.00
