05/09/2016 2.37 2.37 2.37 2.37 2 215.46 510.00
06/09/2016 2.18 2.18 2.37 2.37 7 1400.50 3172.00
16/09/2016 2.27 2.27 2.32 2.32 7 2370.07 5425.00
20/09/2016 2.27 2.27 2.32 2.32 4 2801.00 6375.00
21/09/2016 2.32 2.32 2.32 2.32 1 107.73 250.00
22/09/2016 2.32 2.32 2.32 2.32 1 107.73 250.00
23/09/2016 2.37 2.36 2.37 2.37 3 754.11 1781.00
26/09/2016 2.38 2.38 2.41 2.41 3 1185.04 2820.00
27/09/2016 2.46 2.46 2.46 2.46 1 107.73 265.00
07/10/2016 2.29 2.29 2.46 2.45 7 2400.00 5541.00
10/10/2016 2.30 2.21 2.40 2.35 11 4200.00 9536.00
11/10/2016 2.34 2.34 2.34 2.34 1 100.00 234.00
13/10/2016 2.30 2.30 2.30 2.30 1 100.00 230.00
14/10/2016 2.30 2.30 2.30 2.30 1 500.00 1150.00
19/10/2016 2.30 2.09 2.30 2.15 23 12700.00 26949.00
20/10/2016 2.14 2.10 2.15 2.14 11 5800.00 12332.00
21/10/2016 2.15 2.15 2.15 2.15 3 2000.00 4300.00
24/10/2016 2.15 2.05 2.15 2.15 7 2700.00 5555.00
25/10/2016 2.15 2.08 2.20 2.15 13 2800.00 5925.00
26/10/2016 2.15 2.15 2.20 2.20 2 800.00 1735.00
27/10/2016 2.24 2.24 2.30 2.30 5 600.00 1363.00
28/10/2016 2.30 2.30 2.30 2.30 1 100.00 230.00
31/10/2016 2.30 2.30 2.40 2.40 5 1000.00 2320.00
01/11/2016 2.34 2.33 2.34 2.33 3 600.00 1403.00
04/11/2016 2.30 2.19 2.30 2.19 2 200.00 449.00
07/11/2016 2.05 2.00 2.20 2.20 17 5200.00 10631.00
08/11/2016 2.10 2.10 2.10 2.10 1 100.00 210.00
09/11/2016 2.00 2.00 2.08 2.08 4 1500.00 3040.00
11/11/2016 2.03 1.85 2.08 2.06 28 27000.00 51284.00
14/11/2016 2.10 1.86 2.10 2.05 32 5700.00 11357.00
16/11/2016 1.95 1.95 2.02 2.02 6 8100.00 16102.00
17/11/2016 2.00 2.00 2.09 2.07 22 114700.00 230791.00
18/11/2016 2.07 2.07 2.07 2.07 1 600.00 1242.00
21/11/2016 2.00 2.00 2.07 2.00 5 2500.00 5042.00
22/11/2016 2.00 2.00 2.00 2.00 1 100.00 200.00
23/11/2016 2.01 2.00 2.01 2.00 7 4800.00 9618.00
24/11/2016 2.01 2.00 2.01 2.00 5 8500.00 17003.00
25/11/2016 2.00 2.00 2.00 2.00 5 15100.00 30200.00
28/11/2016 2.01 2.01 2.01 2.01 4 5700.00 11457.00
29/11/2016 2.05 2.01 2.05 2.05 8 3800.00 7683.00
30/11/2016 2.05 2.05 2.20 2.20 7 6200.00 12770.00
01/12/2016 2.02 2.01 2.14 2.01 11 5400.00 10944.00
02/12/2016 2.01 2.00 2.01 2.00 7 11200.00 22415.00
05/12/2016 2.00 2.00 2.00 2.00 6 6100.00 12200.00
07/12/2016 2.00 2.00 2.00 2.00 5 3000.00 6000.00
08/12/2016 2.00 2.00 2.00 2.00 1 5000.00 10000.00
09/12/2016 2.00 2.00 2.00 2.00 1 100.00 200.00
13/12/2016 2.00 2.00 2.00 2.00 1 100.00 200.00
14/12/2016 2.08 2.00 2.08 2.08 3 5200.00 10432.00
15/12/2016 2.10 2.10 2.10 2.10 1 200.00 420.00
16/12/2016 2.10 2.10 2.20 2.20 6 2700.00 5774.00
19/12/2016 2.25 2.25 2.25 2.25 1 200.00 450.00
20/12/2016 2.25 2.25 2.27 2.27 3 400.00 905.00
21/12/2016 2.34 2.20 2.50 2.29 17 5300.00 12193.00
22/12/2016 2.25 2.20 2.29 2.29 5 1200.00 2678.00
26/12/2016 2.39 2.24 2.39 2.38 3 2200.00 4957.00
29/12/2016 2.34 2.33 2.38 2.38 16 3700.00 8770.00
04/01/2017 2.30 2.30 2.40 2.40 3 1100.00 2580.00
05/01/2017 2.30 2.30 2.30 2.30 1 500.00 1150.00
10/01/2017 2.10 2.10 2.35 2.35 15 10600.00 22962.00
12/01/2017 2.45 2.40 2.45 2.40 5 1100.00 2655.00
16/01/2017 2.45 2.45 2.45 2.45 1 500.00 1225.00
23/01/2017 2.45 2.45 2.45 2.45 3 1000.00 2450.00
24/01/2017 2.44 2.44 2.50 2.50 2 1100.00 2690.00
26/01/2017 2.50 2.50 2.50 2.50 1 200.00 500.00
27/01/2017 2.59 2.59 2.59 2.59 2 1000.00 2590.00
30/01/2017 2.64 2.64 2.64 2.64 1 100.00 264.00
31/01/2017 2.60 2.59 2.70 2.70 8 2000.00 5213.00
01/02/2017 2.47 2.47 2.52 2.52 4 600.00 1499.00
02/02/2017 2.50 2.50 2.65 2.50 6 800.00 2036.00
03/02/2017 2.54 2.54 2.54 2.54 1 100.00 254.00
06/02/2017 2.40 2.40 2.42 2.40 4 2200.00 5310.00
07/02/2017 2.50 2.50 2.50 2.50 3 2600.00 6500.00
08/02/2017 2.37 2.37 2.50 2.50 3 1300.00 3120.00
09/02/2017 2.50 2.50 2.50 2.50 4 3400.00 8500.00
10/02/2017 2.54 2.54 2.54 2.54 1 100.00 254.00
13/02/2017 2.60 2.45 2.60 2.58 7 2200.00 5493.00
14/02/2017 2.45 2.45 2.45 2.45 4 3000.00 7350.00
15/02/2017 2.40 2.40 2.45 2.45 4 1300.00 3180.00
20/02/2017 2.45 2.45 2.45 2.45 3 800.00 1960.00
22/02/2017 2.60 2.60 2.63 2.60 4 2300.00 6040.00
23/02/2017 2.69 2.62 2.69 2.68 8 4400.00 11594.00
03/03/2017 2.48 2.40 2.60 2.60 16 5500.00 13816.00
06/03/2017 2.50 2.50 2.52 2.52 3 400.00 1004.00
07/03/2017 2.59 2.50 2.60 2.60 6 3200.00 8274.00
08/03/2017 2.60 2.60 2.60 2.60 1 100.00 260.00
16/03/2017 2.61 2.61 2.70 2.70 6 2300.00 6120.00
17/03/2017 2.65 2.65 2.69 2.69 3 700.00 1862.00
21/03/2017 2.60 2.60 2.65 2.65 2 900.00 2345.00
22/03/2017 2.65 2.65 2.65 2.65 1 100.00 265.00
23/03/2017 2.60 2.60 2.70 2.70 3 1100.00 2890.00
31/03/2017 2.51 2.51 2.71 2.71 10 14500.00 37063.00
03/04/2017 2.56 2.56 2.56 2.56 6 16500.00 42240.00
04/04/2017 2.84 2.55 2.84 2.55 10 3400.00 9489.00
10/04/2017 2.59 2.59 2.59 2.59 1 900.00 2331.00
12/04/2017 2.60 2.60 2.60 2.60 1 300.00 780.00
18/04/2017 2.51 2.51 2.65 2.65 2 200.00 516.00
24/04/2017 2.65 2.65 2.70 2.70 2 2000.00 5350.00
25/04/2017 2.70 2.70 2.80 2.80 3 3800.00 10440.00
26/04/2017 2.78 2.78 2.86 2.86 8 6000.00 17024.00
27/04/2017 2.90 2.90 2.95 2.95 3 500.00 1470.00
28/04/2017 2.72 2.70 2.95 2.93 22 6900.00 19419.00
02/05/2017 2.75 2.75 2.95 2.95 7 2000.00 5650.00
08/05/2017 2.86 2.71 2.92 2.85 17 2400.00 6916.00
10/05/2017 2.84 2.65 2.84 2.84 9 5000.00 13433.00
11/05/2017 2.66 2.66 2.84 2.84 6 1700.00 4648.00
12/05/2017 2.91 2.81 2.93 2.87 25 9100.00 26287.00
15/05/2017 2.84 2.70 2.90 2.89 5 700.00 1995.00
16/05/2017 2.89 2.89 3.10 2.90 33 42900.00 124540.00
17/05/2017 2.90 2.90 3.10 3.00 27 34500.00 102966.00
18/05/2017 2.82 2.70 2.90 2.88 12 9000.00 25705.00
19/05/2017 2.80 2.80 3.00 2.88 5 2100.00 6072.00
24/05/2017 3.00 2.90 3.00 2.90 2 700.00 2050.00
25/05/2017 2.70 2.70 2.90 2.89 6 800.00 2257.00
26/05/2017 3.04 2.80 3.04 2.88 121 28400.00 80974.00
29/05/2017 2.80 2.62 2.88 2.80 27 36200.00 101321.00
30/05/2017 2.80 2.80 2.90 2.90 60 41600.00 118346.00
31/05/2017 2.90 2.90 2.90 2.90 3 500.00 1450.00
01/06/2017 2.85 2.80 2.90 2.81 16 45500.00 129871.00
02/06/2017 2.80 2.80 2.81 2.81 2 200.00 561.00
12/06/2017 2.82 2.82 2.82 2.82 4 500.00 1410.00
13/06/2017 2.90 2.90 2.90 2.90 1 1200.00 3480.00
14/06/2017 2.75 2.75 2.85 2.85 10 7400.00 20477.00
16/06/2017 2.70 2.70 2.85 2.85 7 3500.00 9947.00
