20/06/2016 33.10 32.80 33.47 33.27 4920 773356.10 25619738.00
21/06/2016 33.05 33.00 35.09 35.01 7043 1652661.46 56496580.00
22/06/2016 34.97 32.69 35.02 33.05 5831 1185707.68 39787776.00
23/06/2016 33.33 32.78 34.09 33.62 2777 844233.95 28319625.00
24/06/2016 32.28 31.99 32.98 32.79 4284 656486.40 21317296.00
27/06/2016 32.20 32.07 33.27 32.80 3785 840243.79 27560822.00
28/06/2016 33.31 33.08 33.78 33.48 4586 1474994.32 49291009.00
29/06/2016 33.87 32.88 34.07 33.21 4315 955643.43 31947486.00
30/06/2016 32.90 32.37 33.07 32.86 5611 1708838.72 56049781.00
01/07/2016 32.72 32.72 33.40 33.14 5402 1113779.79 36952217.00
04/07/2016 33.24 32.55 33.31 33.03 1550 243084.78 7999665.00
05/07/2016 32.99 31.21 32.99 31.57 3640 974229.18 31008078.00
06/07/2016 31.60 31.18 31.91 31.81 4253 893900.95 28301571.00
07/07/2016 32.13 31.63 32.34 32.10 2469 637690.64 20406631.00
08/07/2016 32.47 32.39 33.26 33.05 3612 676437.20 22210071.00
11/07/2016 33.05 32.60 33.33 32.98 2925 447422.99 14796217.00
12/07/2016 33.33 32.96 33.76 33.43 5081 1002790.33 33370317.00
13/07/2016 33.19 32.79 33.57 33.29 3548 857674.49 28533368.00
14/07/2016 33.67 33.35 34.36 33.81 5775 1568343.07 53086048.00
15/07/2016 33.77 33.64 34.59 34.47 4853 942412.90 32255068.00
18/07/2016 34.81 34.81 35.33 35.14 5943 2089164.01 73436237.00
19/07/2016 35.14 34.62 35.42 35.34 4991 1105904.47 38909740.00
20/07/2016 35.50 34.78 35.58 35.12 3190 970134.01 34137267.00
21/07/2016 35.34 34.25 35.56 35.02 2717 521975.99 18212477.00
22/07/2016 36.09 35.87 37.27 36.95 8563 3067383.35 112837373.00
25/07/2016 36.87 35.89 36.88 36.52 3139 1597954.26 58422058.00
26/07/2016 36.42 36.01 36.53 36.38 4560 981789.48 35736662.00
27/07/2016 36.29 36.16 36.38 36.33 4523 1819198.16 66094282.00
28/07/2016 36.77 35.32 37.14 37.14 4373 797507.07 29030426.00
29/07/2016 37.25 36.81 38.38 38.38 4054 1072093.11 40661396.00
01/08/2016 38.38 37.76 38.65 38.56 4760 699118.11 26865271.00
02/08/2016 38.12 37.55 38.39 37.94 5229 1001425.27 37958239.00
03/08/2016 37.68 36.95 38.72 38.68 3633 629605.32 23915261.00
04/08/2016 38.81 38.14 39.71 39.24 3929 860929.62 33491090.00
05/08/2016 39.52 39.19 40.49 40.09 5738 968873.96 38553517.00
08/08/2016 40.02 39.65 40.22 39.93 2358 363104.60 14500527.00
09/08/2016 39.89 39.89 40.87 40.71 2976 553897.27 22472660.00
10/08/2016 40.95 40.27 41.19 40.55 2435 433667.44 17578949.00
11/08/2016 40.40 40.28 41.59 41.43 4312 777451.26 31770020.00
12/08/2016 41.17 40.06 41.83 40.19 4322 789526.75 32101597.00
15/08/2016 40.26 40.25 40.99 40.86 4575 638215.67 25962441.00
16/08/2016 40.86 39.72 40.87 40.00 2932 521135.96 20870312.00
17/08/2016 39.78 38.42 40.18 40.18 8883 1600999.38 63181349.00
18/08/2016 40.39 39.33 40.56 39.52 3093 551482.18 21868849.00
19/08/2016 39.22 38.64 39.47 39.46 3277 595898.96 23333837.00
22/08/2016 39.00 38.46 39.14 38.53 1441 308922.42 11977086.00
23/08/2016 38.46 38.20 39.15 38.38 4184 749625.15 29070294.00
24/08/2016 37.75 37.75 38.96 38.49 3280 539721.70 20698077.00
25/08/2016 38.68 37.82 38.68 37.86 4917 1212168.75 46271869.00
26/08/2016 38.15 37.24 38.54 37.76 6532 1139610.83 43181208.00
29/08/2016 37.58 37.58 38.98 38.55 5164 1241989.95 47549144.00
30/08/2016 38.57 38.07 38.82 38.75 2045 567862.84 21811034.00
31/08/2016 38.54 37.70 38.91 38.39 3019 847069.06 32357206.00
01/09/2016 38.19 37.98 39.14 38.70 2953 694287.92 26767198.00
02/09/2016 39.14 38.82 40.05 40.05 4568 850954.22 33704233.00
05/09/2016 40.25 39.64 40.67 40.19 2797 500240.12 19994850.00
06/09/2016 40.63 39.74 41.19 41.07 4379 1353399.43 54891373.00
08/09/2016 41.41 40.37 41.41 41.27 4710 801707.24 32908774.00
09/09/2016 40.68 39.01 41.24 39.03 7483 1488329.85 59215545.00
12/09/2016 38.84 38.44 39.33 39.24 3844 619944.93 24220433.00
13/09/2016 38.58 37.54 38.81 38.29 5810 1595119.15 60524456.00
14/09/2016 37.93 37.47 38.49 37.74 3568 597474.03 22562545.00
15/09/2016 37.99 37.42 38.13 37.68 4789 695022.95 26272898.00
16/09/2016 37.68 37.18 38.19 38.00 3442 867859.90 32844567.00
19/09/2016 38.09 37.97 38.66 38.36 4525 830268.39 31840239.00
20/09/2016 38.76 38.00 39.44 39.39 4148 702898.27 27443431.00
21/09/2016 39.45 37.69 39.77 39.77 6906 1145911.08 44371203.00
22/09/2016 40.02 38.35 40.24 38.79 7426 1460083.72 56869662.00
23/09/2016 38.71 37.99 39.14 38.35 4953 779551.35 29876507.00
26/09/2016 37.90 37.66 38.54 38.18 2862 483439.44 18387535.00
27/09/2016 38.18 37.52 38.65 37.93 3965 855364.40 32460768.00
28/09/2016 38.17 37.67 38.77 38.08 4052 719803.95 27462069.00
29/09/2016 38.24 37.50 38.78 37.80 3904 1038176.75 39536422.00
30/09/2016 37.99 37.77 38.56 37.77 4067 832788.49 31806976.00
03/10/2016 37.73 37.62 39.08 38.98 4528 680322.36 26353159.00
04/10/2016 39.09 38.51 39.10 38.95 4324 943147.93 36711848.00
05/10/2016 39.12 38.99 39.47 39.28 3981 765165.77 30062092.00
06/10/2016 39.14 38.61 39.28 39.05 2867 664781.73 25928075.00
07/10/2016 39.24 38.28 39.51 39.51 3954 779341.34 30398723.00
10/10/2016 39.71 38.78 39.84 39.16 2856 586868.60 22953021.00
11/10/2016 39.24 38.86 39.43 39.14 3025 831633.44 32581168.00
13/10/2016 38.94 38.67 40.07 39.62 6462 1781081.62 70393508.00
14/10/2016 40.05 38.45 40.27 38.86 4209 778291.30 30423595.00
17/10/2016 38.86 38.43 38.96 38.47 2351 1056027.47 40915887.00
18/10/2016 38.49 38.21 39.05 39.05 5568 1755250.59 67983882.00
19/10/2016 39.05 38.67 40.16 39.73 5771 1731834.64 68580557.00
20/10/2016 39.77 39.19 40.57 40.57 3514 579308.30 23196731.00
21/10/2016 40.38 38.58 40.57 38.86 8827 2050627.46 80343662.00
24/10/2016 39.16 37.16 39.46 37.16 6631 1440657.93 54576587.00
25/10/2016 37.24 37.24 38.73 38.67 8706 1954863.61 74774389.00
26/10/2016 38.67 37.84 39.05 38.09 7357 1216368.92 46458559.00
27/10/2016 38.09 37.23 38.53 37.24 5810 1055817.46 39694332.00
28/10/2016 37.46 37.28 38.30 38.19 6447 1205553.48 45876891.00
31/10/2016 38.00 37.41 38.18 37.74 4439 1119555.02 42189176.00
01/11/2016 38.05 35.81 38.05 35.95 8496 1578738.49 57629740.00
03/11/2016 35.95 35.49 36.22 35.83 5984 1813422.93 65132058.00
04/11/2016 35.83 35.65 36.67 36.33 5163 903036.31 32716791.00
07/11/2016 36.71 36.36 37.98 37.98 2953 560302.53 20971092.00
08/11/2016 38.13 36.57 38.19 36.90 3736 689457.73 25560543.00
09/11/2016 36.15 34.86 36.67 36.00 4342 816827.85 29386301.00
10/11/2016 36.05 32.92 36.46 34.39 8700 1857209.69 64391358.00
11/11/2016 33.62 32.42 34.90 33.50 10599 1865505.02 62449624.00
14/11/2016 33.05 32.26 33.90 33.28 8285 1812057.87 59744363.00
16/11/2016 32.88 32.26 34.00 33.44 7543 1450948.35 48257718.00
17/11/2016 33.93 31.90 33.97 32.06 8081 1621685.21 53030372.00
18/11/2016 31.71 31.71 32.67 32.00 5800 910911.63 29440985.00
21/11/2016 32.40 31.94 33.42 33.27 9520 1858469.74 61062986.00
22/11/2016 33.82 33.33 35.11 34.88 12039 2388636.06 82698073.00
23/11/2016 34.87 33.83 34.99 34.97 11621 1875060.40 64914868.00
24/11/2016 34.68 34.22 34.95 34.47 1731 381270.33 13176477.00
25/11/2016 33.72 33.56 34.36 34.09 3097 577838.24 19713251.00
28/11/2016 33.96 33.64 34.46 34.06 5092 1015600.84 34636880.00
29/11/2016 33.98 31.72 34.07 31.72 9539 2522411.44 82939772.00
30/11/2016 32.27 31.98 33.31 33.01 12347 2247510.38 73337439.00
01/12/2016 32.75 30.40 32.75 30.95 13292 2138305.99 66808435.00
02/12/2016 30.34 30.00 31.79 31.23 8543 1527916.44 47457502.00
05/12/2016 31.09 30.06 31.32 30.47 6508 1844189.16 56114017.00
06/12/2016 31.71 31.57 33.03 32.87 10535 4317878.64 140375795.00
07/12/2016 32.90 32.61 34.29 34.00 12621 2155526.68 72894388.00
08/12/2016 34.28 33.07 34.29 33.72 6173 1069783.02 35817035.00
09/12/2016 33.89 32.77 34.35 33.33 10186 1547552.23 51998873.00
12/12/2016 32.79 31.72 32.79 32.27 3510 518930.87 16699652.00
13/12/2016 31.90 31.32 33.04 33.04 6996 1189697.84 38177849.00
14/12/2016 33.11 32.12 33.18 32.39 7449 1273701.22 41370330.00
15/12/2016 32.06 30.95 32.14 31.64 8249 1252700.38 39608042.00
16/12/2016 31.90 31.43 32.31 31.43 4347 1010560.64 31999102.00
19/12/2016 31.44 31.32 32.09 31.59 5192 812102.66 25860806.00
20/12/2016 31.77 31.43 31.85 31.68 4207 1035761.65 32763149.00
21/12/2016 31.67 31.67 32.49 32.34 4015 572903.04 18358129.00
22/12/2016 31.96 31.67 32.52 32.23 6674 1126065.28 36266975.00
23/12/2016 32.36 31.87 33.38 32.85 3651 526386.17 17290193.00
26/12/2016 32.80 31.98 32.98 32.37 2560 393240.81 12734296.00
27/12/2016 32.55 31.73 32.63 32.25 4145 621835.01 19920546.00
28/12/2016 32.09 31.42 32.45 31.52 7168 1271391.13 40267344.00
29/12/2016 31.58 31.26 32.59 32.59 5332 1125855.28 36242820.00
02/01/2017 32.28 32.13 33.43 33.27 3854 580358.34 19134538.00
03/01/2017 33.58 33.28 34.71 34.67 8408 1231174.51 42085339.00
04/01/2017 34.33 34.11 35.36 35.23 7177 1190747.88 41543572.00
05/01/2017 35.52 34.41 35.54 34.69 5795 952598.31 33157630.00
06/01/2017 34.69 34.15 34.69 34.68 4564 611859.61 21102605.00
09/01/2017 34.87 34.47 36.24 35.09 8788 1546922.21 54809129.00
10/01/2017 35.37 34.67 35.48 34.81 4931 2255070.69 79219342.00
11/01/2017 34.74 33.95 35.08 34.66 6559 1049622.21 36153292.00
12/01/2017 35.94 35.81 37.44 37.14 11734 3761566.27 138749071.00
13/01/2017 36.96 35.91 37.09 36.39 7532 1689202.93 61455691.00
16/01/2017 36.47 35.92 36.66 36.17 1820 664046.70 24071200.00
17/01/2017 36.09 35.67 36.33 35.95 8520 1549862.33 55700147.00
18/01/2017 36.08 34.70 36.15 35.00 8274 1581363.59 55496506.00
19/01/2017 35.16 34.36 35.54 35.24 9355 1542512.03 53914481.00
20/01/2017 35.47 34.55 35.57 35.09 6557 1575063.34 55059644.00
23/01/2017 35.09 34.56 35.43 34.76 8087 2539842.14 88592996.00
24/01/2017 34.71 34.55 36.47 35.81 10750 2454998.73 87768514.00
26/01/2017 36.00 36.00 37.30 36.62 11400 2506765.81 92090586.00
27/01/2017 36.67 35.83 36.75 36.19 5066 923722.15 33358975.00
30/01/2017 35.87 34.76 35.91 35.01 4135 839613.76 29504535.00
31/01/2017 34.71 34.43 35.68 35.09 7152 989349.79 34550200.00
01/02/2017 35.52 35.27 36.09 36.07 8539 1386160.74 49548461.00
02/02/2017 36.04 35.41 37.26 37.16 8973 1538311.86 56347005.00
03/02/2017 37.05 35.60 37.13 36.44 11529 2521781.41 91013276.00
06/02/2017 36.61 35.00 36.61 35.00 9396 1847969.31 65191879.00
07/02/2017 35.29 34.84 36.02 35.95 5433 1219939.06 43202436.00
08/02/2017 36.08 35.87 37.55 37.39 8899 1742650.08 64376889.00
09/02/2017 37.24 36.61 37.77 36.77 8127 1583463.68 58694164.00
10/02/2017 36.97 36.79 37.27 37.05 6678 1175522.27 43549244.00
13/02/2017 36.98 36.98 37.48 37.05 8037 1185077.66 44107322.00
14/02/2017 37.37 37.08 38.79 38.57 9138 1926932.49 73590464.00
15/02/2017 38.82 38.36 39.05 38.79 8764 1228549.41 47687899.00
16/02/2017 38.75 37.67 38.87 37.87 6319 1463128.84 55860264.00
17/02/2017 37.53 36.70 38.16 37.00 7758 1228024.38 45472062.00
20/02/2017 37.37 37.05 37.67 37.39 4598 683262.48 25623042.00
21/02/2017 37.19 37.19 37.76 37.62 5511 777346.26 29210429.00
22/02/2017 37.68 36.88 37.99 37.32 6036 1007200.50 37616211.00
23/02/2017 37.33 37.32 38.22 37.62 8845 1503030.44 56649481.00
24/02/2017 37.22 36.26 37.41 36.69 7314 1102019.32 40612450.00
01/03/2017 36.66 36.10 36.98 36.52 4342 661211.59 24193817.00
02/03/2017 36.31 35.62 36.61 35.93 6514 1331768.56 47834941.00
03/03/2017 35.99 35.99 36.94 36.94 5924 1054872.42 38553792.00
06/03/2017 36.87 36.80 37.59 37.14 4938 1222039.14 45544228.00
07/03/2017 37.60 37.09 37.67 37.12 6131 1498830.27 55996961.00
08/03/2017 37.04 36.47 37.21 36.86 6058 951653.27 35125065.00
09/03/2017 37.04 35.90 37.04 36.39 5638 884450.57 32122467.00
10/03/2017 36.84 36.40 38.35 38.32 7772 1481084.56 56038556.00
13/03/2017 38.59 38.00 38.99 38.35 10778 1465648.94 56348486.00
14/03/2017 38.37 38.10 39.47 38.92 8520 1530331.54 59717096.00
15/03/2017 39.19 38.85 40.22 39.91 8410 1500615.35 59535786.00
16/03/2017 39.99 39.81 41.78 41.40 11631 2383700.86 98301500.00
17/03/2017 41.30 39.79 42.18 40.58 11353 2109429.83 85553715.00
20/03/2017 40.47 40.27 41.47 41.47 7739 1045527.04 42796218.00
21/03/2017 41.30 39.92 41.50 40.33 10057 1645836.19 66737287.00
22/03/2017 39.82 39.53 40.78 40.33 11831 1721019.21 69455989.00
23/03/2017 39.91 39.74 40.56 40.00 9219 1784546.76 71462234.00
24/03/2017 39.92 39.87 40.38 40.00 9268 1377340.39 55262072.00
27/03/2017 39.62 39.61 40.19 40.09 6068 855889.42 34280000.00
28/03/2017 39.81 39.70 40.45 40.00 6414 1476569.38 59111321.00
29/03/2017 40.00 39.76 40.07 39.98 4941 942307.89 37657806.00
30/03/2017 40.19 39.61 40.22 39.76 4242 764325.74 30458876.00
31/03/2017 39.36 39.32 40.07 39.68 8062 1918532.15 76415881.00
03/04/2017 39.57 39.50 40.16 40.00 6991 1386475.76 55477389.00
04/04/2017 40.00 39.66 40.94 40.94 8647 5066558.75 203835184.00
05/04/2017 40.93 40.59 42.30 41.34 11808 1664526.94 69085252.00
06/04/2017 40.96 40.61 41.49 40.90 5184 922357.09 37749263.00
07/04/2017 41.06 40.66 41.92 41.32 8413 1219519.04 50430315.00
10/04/2017 41.33 40.95 42.30 40.95 6444 1086163.68 45060339.00
11/04/2017 41.19 40.01 41.30 41.20 4741 1180247.46 47986404.00
12/04/2017 41.41 40.66 41.75 41.63 7005 1195578.08 49442946.00
13/04/2017 41.52 41.19 41.70 41.52 6917 1358964.65 56292619.00
17/04/2017 41.52 41.46 42.96 42.76 5011 1024841.21 43638607.00
18/04/2017 42.63 41.70 42.68 41.84 6090 1148536.19 48257130.00
19/04/2017 41.71 41.39 42.03 41.72 8310 1516155.97 63359621.00
20/04/2017 41.59 41.28 42.23 41.81 2997 745004.96 31070812.00
24/04/2017 41.91 41.91 42.55 42.29 4106 709723.54 30020749.00
25/04/2017 41.90 41.53 42.15 41.90 5345 960158.61 40218856.00
26/04/2017 41.71 41.05 42.05 41.88 4974 1113359.77 46210206.00
27/04/2017 42.38 42.27 43.68 43.63 7173 1390990.94 59927953.00
28/04/2017 43.57 43.44 45.45 45.05 11145 1970719.25 87524431.00
02/05/2017 44.60 44.44 45.35 45.35 11956 1765436.00 79267388.00
03/05/2017 45.31 45.00 46.24 45.99 7607 1394400.00 63575862.00
04/05/2017 45.55 44.24 46.05 45.00 10664 2341100.00 106124234.00
05/05/2017 44.78 44.78 45.90 45.70 6090 934300.00 42561559.00
08/05/2017 45.42 45.42 46.48 46.48 4304 763300.00 35121252.00
09/05/2017 46.48 46.33 46.77 46.60 5966 1296900.00 60329700.00
10/05/2017 46.59 46.31 48.45 48.45 5471 1061700.00 50995763.00
11/05/2017 48.45 47.70 48.45 47.70 5969 1185400.00 56882809.00
12/05/2017 48.39 47.15 48.39 47.90 6888 1405800.00 66771788.00
15/05/2017 48.09 47.19 48.14 47.71 5294 1241100.00 58950474.00
16/05/2017 47.70 46.92 48.04 47.78 6942 1403600.00 66452316.00
17/05/2017 47.31 46.10 47.49 46.70 6323 1108100.00 51705881.00
18/05/2017 39.69 39.21 43.40 43.40 15670 3646800.00 153564479.00
19/05/2017 43.20 42.88 44.73 42.99 12266 2638700.00 114515794.00
22/05/2017 42.34 39.60 42.59 41.20 14163 2055800.00 83779895.00
23/05/2017 41.79 41.28 42.78 42.38 8381 1458500.00 61709058.00
24/05/2017 43.00 42.13 44.51 43.83 12059 3525700.00 152691079.00
25/05/2017 43.80 43.01 44.24 43.37 6144 1490200.00 65042825.00
26/05/2017 43.90 43.36 44.49 43.85 5778 1160500.00 51219653.00
29/05/2017 43.90 42.71 44.22 44.06 3707 625800.00 27253487.00
30/05/2017 44.06 43.39 44.06 43.42 5388 742100.00 32409169.00
31/05/2017 43.78 42.28 43.78 43.48 11316 1794900.00 77187376.00
01/06/2017 43.70 43.24 44.98 43.96 10608 1642500.00 72842515.00
02/06/2017 44.00 44.00 45.08 44.18 6351 849100.00 37693097.00
05/06/2017 44.01 43.39 44.18 43.39 5663 925400.00 40360793.00
06/06/2017 43.15 42.68 44.10 43.60 4730 770600.00 33466094.00
07/06/2017 44.10 43.60 44.56 44.56 8681 1129100.00 49709501.00
08/06/2017 44.21 43.26 44.41 43.88 5114 995400.00 43520432.00
09/06/2017 43.88 43.08 44.17 44.14 6380 985200.00 43135651.00
12/06/2017 43.79 42.98 44.11 43.54 8300 1158100.00 50346862.00
13/06/2017 43.16 42.80 43.77 43.37 6953 1318600.00 57169648.00
14/06/2017 43.80 42.72 44.05 42.98 8956 1830700.00 79352395.00
16/06/2017 42.61 42.61 43.48 43.20 9617 2556200.00 110052072.00
