01/08/2016 33.24 33.17 33.24 33.17 2 33702.24 1118047.00
08/08/2016 34.91 34.91 34.91 34.91 1 102.13 3565.00
09/08/2016 34.09 34.09 34.09 34.09 4 408.51 13928.00
11/08/2016 31.67 31.67 31.67 31.67 2 306.38 9702.00
15/08/2016 32.48 32.48 32.48 32.48 1 817.02 26536.00
19/08/2016 32.96 32.96 32.96 32.96 1 102.13 3366.00
22/08/2016 31.79 31.79 31.79 31.79 1 2348.94 74681.00
29/08/2016 32.02 32.02 32.02 32.02 1 102.13 3270.00
30/08/2016 31.43 31.43 31.43 31.43 1 714.90 22470.00
06/09/2016 31.45 31.45 31.45 31.45 1 1000.00 31450.00
15/09/2016 30.37 30.37 30.37 30.37 1 100.00 3037.00
19/09/2016 29.34 29.34 29.34 29.34 1 7900.00 231786.00
26/09/2016 30.64 30.64 30.64 30.64 1 200.00 6128.00
28/09/2016 32.60 32.60 32.60 32.60 2 300.00 9780.00
30/09/2016 34.20 34.20 34.47 34.47 2 300.00 10287.00
03/10/2016 31.97 31.97 31.97 31.97 2 6500.00 207805.00
06/10/2016 32.44 32.44 32.44 32.44 1 300.00 9732.00
10/10/2016 33.25 33.25 33.25 33.25 1 600.00 19950.00
14/10/2016 31.19 31.19 31.19 31.19 1 100.00 3119.00
17/10/2016 31.49 31.49 31.49 31.49 1 500.00 15745.00
20/10/2016 33.01 33.01 33.01 33.01 1 200.00 6602.00
24/10/2016 31.31 31.31 31.31 31.31 1 2600.00 81406.00
26/10/2016 31.94 31.94 31.94 31.94 1 500.00 15970.00
27/10/2016 32.56 32.56 32.56 32.56 1 400.00 13024.00
31/10/2016 30.98 30.98 30.98 30.98 1 300.00 9294.00
07/11/2016 31.45 31.45 31.45 31.45 1 200.00 6290.00
10/11/2016 35.60 35.60 35.60 35.60 1 400.00 14240.00
14/11/2016 36.74 36.74 36.74 36.74 2 1200.00 44088.00
18/11/2016 37.95 37.95 37.95 37.95 1 400.00 15180.00
21/11/2016 39.36 39.36 39.36 39.36 1 2000.00 78720.00
28/11/2016 39.04 39.04 39.04 39.04 1 900.00 35136.00
05/12/2016 48.57 48.57 48.57 48.57 1 2000.00 97140.00
06/12/2016 48.38 48.38 48.38 48.38 1 6100.00 295118.00
12/12/2016 51.73 51.73 51.73 51.73 2 1000.00 51730.00
19/12/2016 51.06 51.06 51.06 51.06 1 300.00 15318.00
22/12/2016 48.80 48.80 48.80 48.80 1 100.00 4880.00
27/12/2016 49.70 49.70 49.70 49.70 1 400.00 19880.00
28/12/2016 48.95 48.95 48.95 48.95 1 200.00 9790.00
03/01/2017 50.18 50.18 50.18 50.18 1 500.00 25090.00
09/01/2017 48.74 48.74 48.74 48.74 1 600.00 29244.00
26/01/2017 48.49 48.49 48.49 48.49 1 200.00 9698.00
30/01/2017 43.88 43.88 43.88 43.88 1 100.00 4388.00
03/02/2017 43.37 43.37 43.37 43.37 1 200.00 8674.00
06/02/2017 42.59 42.59 42.59 42.59 1 1300.00 55367.00
07/02/2017 41.84 41.84 41.84 41.84 1 400.00 16736.00
13/02/2017 41.93 41.93 41.93 41.93 1 600.00 25158.00
21/02/2017 41.96 41.96 41.96 41.96 1 700.00 29372.00
01/03/2017 43.52 43.52 43.52 43.52 1 1000.00 43520.00
06/03/2017 41.14 40.91 41.15 40.91 5 800.00 32823.00
07/03/2017 39.76 39.76 39.76 39.76 1 200.00 7952.00
13/03/2017 39.55 39.55 39.55 39.55 1 2000.00 79100.00
20/03/2017 37.15 37.15 37.15 37.15 1 500.00 18575.00
03/04/2017 38.55 38.55 38.55 38.55 1 100.00 3855.00
10/04/2017 39.93 39.93 39.93 39.93 1 200.00 7986.00
17/04/2017 36.49 36.49 36.49 36.49 1 900.00 32841.00
24/04/2017 35.93 35.93 35.93 35.93 1 500.00 17965.00
02/05/2017 33.00 33.00 33.00 33.00 1 100.00 3300.00
08/05/2017 35.96 35.96 35.96 35.96 1 300.00 10788.00
15/05/2017 33.61 33.61 33.61 33.61 2 900.00 30249.00
18/05/2017 34.89 34.89 34.93 34.93 2 1500.00 52391.00
22/05/2017 34.58 34.58 34.58 34.58 2 700.00 24206.00
29/05/2017 31.27 31.27 31.27 31.27 1 100.00 3127.00
30/05/2017 30.50 30.50 30.50 30.50 1 200.00 6100.00
05/06/2017 30.12 30.12 30.12 30.12 1 3000.00 90360.00
08/06/2017 27.78 27.78 27.78 27.78 1 800.00 22224.00
12/06/2017 29.80 29.80 29.80 29.80 1 2100.00 62580.00
