20/06/2016 3.45 3.44 3.65 3.65 1430 674100.00 2384556.00
21/06/2016 3.66 3.53 3.67 3.59 615 332100.00 1191644.00
22/06/2016 3.59 3.55 3.69 3.58 733 379000.00 1371106.00
23/06/2016 3.59 3.59 3.70 3.67 401 993700.00 3585479.00
24/06/2016 3.51 3.51 3.77 3.76 1768 847400.00 3123145.00
27/06/2016 3.79 3.61 3.84 3.71 873 937200.00 3463883.00
28/06/2016 3.81 3.65 3.81 3.80 734 412700.00 1539041.00
29/06/2016 3.86 3.81 3.97 3.85 1109 644500.00 2490577.00
30/06/2016 3.92 3.81 3.92 3.92 2484 1358300.00 5268276.00
01/07/2016 3.88 3.82 3.94 3.85 1015 535200.00 2061300.00
04/07/2016 3.87 3.87 4.03 4.01 424 360300.00 1432961.00
05/07/2016 4.00 3.90 4.05 3.96 314 606000.00 2413224.00
06/07/2016 3.98 3.92 4.05 4.02 571 606600.00 2426485.00
07/07/2016 4.05 4.02 4.14 4.08 469 501400.00 2038694.00
08/07/2016 4.03 4.03 4.29 4.29 647 541500.00 2258339.00
11/07/2016 4.30 4.28 4.42 4.36 1409 817700.00 3567879.00
12/07/2016 4.46 4.20 4.46 4.34 508 385300.00 1657543.00
13/07/2016 4.42 4.00 4.42 4.15 1361 1143000.00 4745503.00
14/07/2016 4.24 4.10 4.25 4.15 1000 446000.00 1845970.00
15/07/2016 4.15 4.11 4.29 4.21 1117 428400.00 1797203.00
18/07/2016 4.23 4.18 4.44 4.38 983 552900.00 2413639.00
19/07/2016 4.40 4.33 4.55 4.50 1382 745300.00 3338529.00
20/07/2016 4.55 4.34 4.60 4.36 1014 641000.00 2822176.00
21/07/2016 4.40 4.21 4.49 4.36 1034 388700.00 1700244.00
22/07/2016 4.37 4.37 4.47 4.41 1174 364400.00 1610175.00
25/07/2016 4.45 4.30 4.49 4.37 1265 706900.00 3107187.00
26/07/2016 4.43 4.36 4.45 4.36 530 360800.00 1579661.00
27/07/2016 4.38 4.37 4.57 4.49 1053 638800.00 2851743.00
28/07/2016 4.49 4.41 4.59 4.57 845 270400.00 1219926.00
29/07/2016 4.60 4.48 4.61 4.56 1009 260200.00 1184704.00
01/08/2016 4.56 4.54 4.66 4.59 689 260700.00 1199318.00
02/08/2016 4.59 4.43 4.59 4.54 339 336800.00 1517208.00
03/08/2016 4.54 4.46 4.69 4.69 742 366300.00 1693495.00
04/08/2016 4.75 4.63 4.80 4.68 634 359500.00 1698403.00
05/08/2016 4.65 4.65 4.75 4.74 318 382200.00 1804946.00
08/08/2016 4.71 4.51 4.78 4.55 372 637500.00 2909259.00
09/08/2016 4.52 4.51 4.61 4.56 632 155000.00 705491.00
10/08/2016 4.64 4.36 4.64 4.47 360 192600.00 858074.00
11/08/2016 4.50 4.42 4.94 4.84 1352 1078600.00 5027442.00
12/08/2016 4.89 4.69 4.90 4.75 869 508000.00 2431580.00
15/08/2016 4.71 4.70 4.85 4.74 974 192200.00 912881.00
16/08/2016 4.74 4.67 4.80 4.74 257 142000.00 674675.00
17/08/2016 4.74 4.65 4.83 4.80 437 321900.00 1527611.00
18/08/2016 4.80 4.72 4.90 4.86 557 356400.00 1723997.00
19/08/2016 4.81 4.81 5.25 5.13 1062 999200.00 5098510.00
22/08/2016 5.19 4.87 5.20 4.92 491 480300.00 2399133.00
23/08/2016 4.93 4.88 5.08 4.98 510 320000.00 1595351.00
24/08/2016 5.00 4.83 5.02 4.88 361 195000.00 955763.00
25/08/2016 4.81 4.66 4.98 4.86 737 367300.00 1781124.00
26/08/2016 4.87 4.72 4.96 4.76 639 386200.00 1851636.00
29/08/2016 4.82 4.71 4.85 4.76 292 88900.00 423192.00
30/08/2016 4.80 4.78 4.90 4.84 1153 408700.00 1980789.00
31/08/2016 4.88 4.80 5.00 5.00 979 400400.00 1972390.00
01/09/2016 5.09 4.91 5.09 4.93 607 372500.00 1843674.00
02/09/2016 5.00 4.92 5.12 5.12 598 452900.00 2277958.00
05/09/2016 5.18 5.09 5.19 5.14 528 149200.00 767977.00
06/09/2016 5.17 5.04 5.18 5.18 704 200300.00 1029797.00
08/09/2016 5.19 5.15 5.24 5.20 374 162200.00 843527.00
09/09/2016 5.10 4.92 5.20 5.00 949 459200.00 2299350.00
12/09/2016 5.00 4.80 5.04 4.97 469 161100.00 797299.00
13/09/2016 4.90 4.61 4.96 4.74 631 460300.00 2186277.00
14/09/2016 4.75 4.63 4.89 4.83 1156 468400.00 2237210.00
15/09/2016 4.89 4.70 4.96 4.86 1066 391500.00 1876685.00
16/09/2016 4.86 4.65 4.89 4.66 1133 1018800.00 4766101.00
19/09/2016 4.65 4.50 4.80 4.55 849 298900.00 1373453.00
20/09/2016 4.62 4.17 4.62 4.32 1042 694800.00 2998921.00
21/09/2016 4.34 4.18 4.38 4.24 705 375500.00 1593651.00
22/09/2016 4.30 4.22 4.40 4.27 640 364900.00 1566910.00
23/09/2016 4.26 4.13 4.47 4.44 546 899100.00 3896348.00
26/09/2016 4.35 4.32 4.47 4.38 788 523500.00 2281632.00
27/09/2016 4.37 4.26 4.45 4.38 276 204500.00 888238.00
28/09/2016 4.36 4.27 4.58 4.50 409 278900.00 1220047.00
29/09/2016 4.55 4.40 4.55 4.44 255 62500.00 278046.00
30/09/2016 4.45 4.39 4.49 4.42 641 174300.00 771972.00
03/10/2016 4.50 4.42 4.52 4.45 498 120300.00 536651.00
04/10/2016 4.45 4.35 4.45 4.41 384 94200.00 413678.00
05/10/2016 4.45 4.41 4.59 4.43 739 246900.00 1101278.00
06/10/2016 4.43 4.35 4.46 4.40 885 324100.00 1425172.00
07/10/2016 4.44 4.37 4.44 4.40 338 98800.00 434510.00
10/10/2016 4.41 4.36 4.53 4.38 480 128500.00 563961.00
11/10/2016 4.42 4.40 4.65 4.62 900 577900.00 2607302.00
13/10/2016 4.64 4.56 4.77 4.62 297 280400.00 1294235.00
14/10/2016 4.70 4.56 4.73 4.64 591 151600.00 701975.00
17/10/2016 4.64 4.61 4.72 4.67 511 239800.00 1120806.00
18/10/2016 4.68 4.68 4.88 4.85 355 313600.00 1507148.00
19/10/2016 4.88 4.67 4.93 4.70 490 223700.00 1066252.00
20/10/2016 4.65 4.58 4.87 4.84 798 287500.00 1378213.00
21/10/2016 4.90 4.70 4.90 4.84 681 179600.00 861289.00
24/10/2016 4.84 4.73 4.94 4.78 525 170100.00 815396.00
25/10/2016 4.82 4.75 4.89 4.79 460 161700.00 775538.00
26/10/2016 4.78 4.70 4.78 4.74 285 118400.00 561424.00
27/10/2016 4.75 4.71 4.82 4.77 184 67700.00 321298.00
28/10/2016 4.77 4.69 4.78 4.76 930 255200.00 1208555.00
31/10/2016 4.78 4.72 4.99 4.93 975 697800.00 3406851.00
01/11/2016 4.98 4.84 5.00 4.89 861 415600.00 2037840.00
03/11/2016 4.84 4.52 4.84 4.60 1066 493700.00 2289946.00
04/11/2016 4.60 4.46 4.65 4.54 908 468900.00 2127811.00
07/11/2016 4.65 4.55 4.79 4.79 338 220400.00 1036767.00
08/11/2016 4.80 4.73 4.99 4.84 911 501300.00 2430825.00
09/11/2016 4.59 4.45 4.77 4.74 388 301500.00 1405283.00
10/11/2016 4.80 4.36 4.80 4.53 1625 605400.00 2731838.00
11/11/2016 4.52 4.02 4.65 4.47 3922 1932100.00 8170522.00
14/11/2016 4.37 3.99 4.40 4.18 1620 730400.00 3029871.00
16/11/2016 4.20 4.17 4.33 4.27 1946 1150900.00 4872755.00
17/11/2016 4.30 4.30 4.64 4.48 1556 705500.00 3168396.00
18/11/2016 4.52 4.30 4.52 4.41 1209 274600.00 1211883.00
21/11/2016 4.49 4.40 4.65 4.65 641 175500.00 782763.00
22/11/2016 4.65 4.59 4.83 4.70 845 222200.00 1049660.00
23/11/2016 4.75 4.58 4.75 4.65 529 154900.00 722226.00
24/11/2016 4.71 4.65 4.71 4.66 334 59100.00 276369.00
25/11/2016 4.55 4.55 4.71 4.60 313 578000.00 2662962.00
28/11/2016 4.57 4.55 4.81 4.80 721 313300.00 1480884.00
29/11/2016 4.81 4.70 4.84 4.70 675 224700.00 1070812.00
30/11/2016 4.73 4.73 4.94 4.94 1445 1832800.00 8937831.00
01/12/2016 4.98 4.70 5.42 4.73 1867 1853600.00 9365778.00
02/12/2016 4.73 4.42 4.73 4.62 1086 311500.00 1426688.00
05/12/2016 4.66 4.60 4.80 4.70 473 120900.00 568151.00
06/12/2016 4.72 4.69 4.78 4.77 401 192100.00 905302.00
07/12/2016 4.78 4.72 4.89 4.82 743 192200.00 921556.00
08/12/2016 4.82 4.72 4.90 4.72 511 356300.00 1705640.00
09/12/2016 4.68 4.62 4.87 4.82 508 127800.00 611294.00
12/12/2016 4.73 4.57 4.73 4.65 650 259100.00 1195217.00
13/12/2016 4.61 4.51 4.66 4.57 1027 198300.00 911094.00
14/12/2016 4.57 4.51 4.62 4.53 656 235500.00 1073540.00
15/12/2016 4.61 4.46 4.61 4.55 417 419400.00 1902652.00
16/12/2016 4.70 4.61 4.88 4.85 502 250500.00 1203220.00
19/12/2016 4.82 4.67 4.82 4.75 523 165000.00 785489.00
20/12/2016 4.73 4.73 4.87 4.79 195 97900.00 470320.00
21/12/2016 4.84 4.73 4.89 4.81 646 140600.00 672508.00
22/12/2016 4.81 4.69 4.94 4.85 622 258000.00 1242950.00
23/12/2016 4.80 4.70 4.93 4.76 973 220500.00 1058585.00
26/12/2016 4.79 4.71 4.79 4.78 494 91400.00 434005.00
27/12/2016 4.76 4.76 4.83 4.77 151 90700.00 434626.00
28/12/2016 4.78 4.77 5.00 4.99 228 51000.00 253143.00
29/12/2016 5.00 4.91 5.06 4.99 293 159500.00 795596.00
02/01/2017 4.90 4.89 5.10 5.10 188 98500.00 497579.00
03/01/2017 5.11 5.01 5.20 5.19 394 99700.00 514696.00
04/01/2017 5.22 5.15 5.44 5.18 1543 491100.00 2575570.00
05/01/2017 5.17 5.11 5.23 5.16 289 92600.00 478430.00
06/01/2017 5.21 5.15 5.32 5.15 367 2513900.00 13146936.00
09/01/2017 5.15 5.15 5.39 5.29 700 241100.00 1270672.00
10/01/2017 5.35 5.29 5.43 5.34 245 121900.00 655751.00
11/01/2017 5.35 5.32 5.48 5.42 224 106500.00 575764.00
12/01/2017 5.47 5.41 5.70 5.62 675 347400.00 1943675.00
13/01/2017 5.67 5.46 5.72 5.54 329 186300.00 1047726.00
16/01/2017 5.57 5.47 5.58 5.50 155 892500.00 4934320.00
17/01/2017 5.55 5.50 5.71 5.65 418 130400.00 730818.00
18/01/2017 5.70 5.56 5.73 5.60 655 143400.00 809924.00
19/01/2017 5.55 5.50 5.70 5.60 525 92200.00 516090.00
20/01/2017 5.70 5.65 6.08 5.95 634 168700.00 979932.00
23/01/2017 6.00 5.94 6.09 6.01 335 102500.00 615819.00
24/01/2017 6.03 5.72 6.14 5.95 563 379500.00 2273657.00
26/01/2017 5.95 5.85 6.13 6.10 807 708400.00 4296714.00
27/01/2017 6.10 5.96 6.15 6.09 368 437200.00 2636816.00
30/01/2017 6.10 5.79 6.10 5.83 297 120900.00 709766.00
31/01/2017 5.96 5.78 5.99 5.89 924 743900.00 4361021.00
01/02/2017 6.00 5.95 6.19 6.00 464 188300.00 1143151.00
02/02/2017 6.01 5.98 6.20 6.02 540 472400.00 2855404.00
03/02/2017 6.10 6.09 6.19 6.15 255 243800.00 1493510.00
06/02/2017 6.20 6.17 6.35 6.20 487 202900.00 1259451.00
07/02/2017 6.18 6.15 6.33 6.19 344 136400.00 849691.00
08/02/2017 6.17 6.10 6.22 6.15 776 134500.00 828869.00
09/02/2017 6.11 6.11 6.30 6.28 521 172200.00 1075530.00
10/02/2017 6.33 6.30 6.58 6.55 865 384500.00 2474900.00
13/02/2017 6.57 6.57 6.79 6.79 761 810200.00 5375036.00
14/02/2017 6.78 6.49 6.78 6.58 471 303200.00 2001872.00
15/02/2017 6.58 6.58 6.80 6.73 1090 333700.00 2241145.00
16/02/2017 6.74 6.69 6.80 6.80 826 202100.00 1363405.00
17/02/2017 6.71 6.70 6.99 6.92 904 578200.00 3968496.00
20/02/2017 6.99 6.89 7.09 7.07 329 209700.00 1472040.00
21/02/2017 7.07 6.81 7.15 7.00 280 127000.00 885092.00
22/02/2017 6.97 6.81 6.98 6.90 430 118600.00 819373.00
23/02/2017 6.90 6.65 7.04 6.79 413 167700.00 1157390.00
24/02/2017 6.79 6.73 6.90 6.80 350 131000.00 890348.00
01/03/2017 6.67 6.64 6.80 6.65 130 59700.00 399295.00
02/03/2017 6.65 6.45 6.65 6.59 838 153200.00 1008905.00
03/03/2017 6.62 6.60 6.74 6.69 418 130000.00 867177.00
06/03/2017 6.69 6.61 6.95 6.86 698 197700.00 1348604.00
07/03/2017 6.95 6.76 7.00 6.86 383 129100.00 889385.00
08/03/2017 6.82 6.61 6.83 6.70 407 326700.00 2183578.00
09/03/2017 6.65 6.32 6.65 6.51 400 620000.00 4066160.00
10/03/2017 6.59 6.50 6.77 6.77 258 160700.00 1067367.00
13/03/2017 6.80 6.66 7.00 6.97 330 203600.00 1407673.00
14/03/2017 6.96 6.66 7.00 6.93 212 78700.00 541197.00
15/03/2017 6.99 6.76 6.99 6.92 153 65600.00 451349.00
16/03/2017 6.99 6.84 6.99 6.94 225 60300.00 417345.00
17/03/2017 6.94 6.74 7.15 7.15 483 187100.00 1311039.00
20/03/2017 7.15 6.98 7.15 6.99 311 133700.00 940434.00
21/03/2017 7.05 6.51 7.05 6.73 619 168100.00 1125725.00
22/03/2017 6.70 6.58 6.80 6.78 482 157500.00 1061166.00
23/03/2017 6.70 6.51 6.74 6.65 153 57700.00 383249.00
24/03/2017 6.65 6.45 6.73 6.54 147 52500.00 344356.00
27/03/2017 6.51 6.36 6.60 6.41 301 100900.00 647348.00
28/03/2017 6.48 6.18 6.48 6.35 323 99700.00 631874.00
29/03/2017 6.45 6.36 6.58 6.48 234 55600.00 359122.00
30/03/2017 6.50 6.38 6.60 6.60 174 41700.00 271296.00
31/03/2017 6.58 6.52 6.75 6.75 251 166200.00 1111239.00
03/04/2017 6.75 6.62 6.85 6.84 212 63100.00 427121.00
04/04/2017 6.81 6.70 6.85 6.85 380 128600.00 874633.00
05/04/2017 6.80 6.68 6.87 6.79 274 72400.00 492072.00
06/04/2017 6.68 6.55 6.96 6.55 876 206600.00 1368046.00
07/04/2017 6.52 6.52 6.79 6.79 279 81300.00 544087.00
10/04/2017 6.71 6.66 6.96 6.66 118 84700.00 566389.00
11/04/2017 6.72 6.66 6.75 6.71 118 42500.00 285225.00
12/04/2017 6.70 6.60 6.80 6.73 245 78200.00 523500.00
13/04/2017 6.80 6.54 6.80 6.59 123 24600.00 162758.00
17/04/2017 6.56 6.42 6.85 6.66 229 72700.00 480111.00
18/04/2017 6.79 6.58 6.95 6.65 620 265100.00 1768326.00
19/04/2017 6.80 6.55 6.80 6.63 260 101100.00 669970.00
20/04/2017 6.70 6.45 6.72 6.72 241 98600.00 652517.00
24/04/2017 6.77 6.51 6.77 6.70 480 255800.00 1688773.00
25/04/2017 6.70 6.34 6.79 6.79 512 351600.00 2308535.00
26/04/2017 6.72 6.41 6.72 6.53 1054 401700.00 2612148.00
27/04/2017 6.61 6.52 6.75 6.73 225 80600.00 534670.00
28/04/2017 6.74 6.46 6.74 6.60 673 434100.00 2845613.00
02/05/2017 6.65 6.65 6.94 6.89 398 198500.00 1362996.00
03/05/2017 6.90 6.84 6.92 6.85 170 83700.00 574193.00
04/05/2017 6.99 6.71 7.20 6.91 322 138200.00 952508.00
05/05/2017 6.99 6.85 7.09 6.98 164 53700.00 373113.00
08/05/2017 7.16 6.85 7.16 6.91 439 531200.00 3718587.00
09/05/2017 7.13 6.96 7.17 7.05 792 385300.00 2708077.00
10/05/2017 7.20 7.05 7.20 7.10 417 198700.00 1416136.00
11/05/2017 7.16 7.05 7.24 7.18 934 601200.00 4305071.00
12/05/2017 7.24 7.20 7.48 7.23 385 157100.00 1142506.00
15/05/2017 7.36 7.25 7.60 7.60 465 232100.00 1719942.00
16/05/2017 7.71 7.50 7.71 7.57 911 500300.00 3808942.00
17/05/2017 7.57 7.31 7.65 7.59 571 205200.00 1534501.00
18/05/2017 6.38 6.19 6.70 6.69 853 661100.00 4279508.00
19/05/2017 6.80 6.57 6.90 6.85 575 241200.00 1626591.00
22/05/2017 6.71 5.91 6.85 6.20 1165 662800.00 4086683.00
23/05/2017 6.29 5.97 6.29 6.02 631 270300.00 1638841.00
24/05/2017 6.18 6.03 6.44 6.44 653 385900.00 2430556.00
25/05/2017 6.49 6.16 6.54 6.45 504 266000.00 1699165.00
26/05/2017 6.50 6.36 6.70 6.36 562 312400.00 2017726.00
29/05/2017 6.22 6.22 6.39 6.37 195 81100.00 514232.00
30/05/2017 6.43 6.32 6.48 6.42 253 71600.00 459137.00
31/05/2017 6.46 6.23 6.60 6.47 429 229000.00 1470059.00
01/06/2017 6.51 6.21 6.60 6.30 351 116800.00 742711.00
02/06/2017 6.30 6.25 6.47 6.30 234 81500.00 514490.00
05/06/2017 6.21 6.02 6.33 6.08 233 65900.00 402733.00
06/06/2017 6.08 5.95 6.17 5.96 290 75200.00 451702.00
07/06/2017 5.97 5.84 6.12 6.11 314 107400.00 645483.00
08/06/2017 6.11 5.85 6.11 5.99 336 95500.00 570557.00
09/06/2017 6.04 5.80 6.21 5.85 411 133900.00 795335.00
12/06/2017 5.85 5.74 5.99 5.83 262 77300.00 450596.00
13/06/2017 5.84 5.80 5.98 5.94 200 50100.00 296113.00
14/06/2017 6.02 5.93 6.15 6.10 315 107500.00 649931.00
16/06/2017 6.15 5.97 6.45 6.00 1485 746600.00 4533866.00
