22/07/2016 10.45 10.45 10.45 10.45 1 1340.21 14000.00
28/07/2016 10.45 10.45 10.45 10.45 1 268.04 2800.00
02/08/2016 10.45 10.45 10.45 10.45 1 268.04 2800.00
03/08/2016 10.45 10.45 10.45 10.45 1 134.02 1400.00
06/10/2016 10.82 10.82 10.82 10.82 2 402.06 4350.00
13/03/2017 7.01 7.00 7.01 7.00 8 1500.00 10514.00
14/03/2017 7.02 7.00 7.02 7.00 3 1600.00 11204.00
16/03/2017 6.50 6.40 6.50 6.40 3 1000.00 6420.00
17/03/2017 6.00 6.00 6.00 6.00 2 600.00 3600.00
20/03/2017 6.00 6.00 6.00 6.00 2 1000.00 6000.00
21/03/2017 5.80 5.80 5.80 5.80 1 300.00 1740.00
22/03/2017 5.60 5.60 5.60 5.60 1 500.00 2800.00
24/03/2017 5.00 5.00 5.20 5.20 5 500.00 2550.00
27/03/2017 5.20 5.20 5.20 5.20 2 2100.00 10920.00
28/03/2017 5.19 4.18 5.19 4.18 9 3800.00 16030.00
29/03/2017 4.18 2.50 4.20 2.60 195 104800.00 292758.00
30/03/2017 2.60 1.70 2.60 2.00 510 315300.00 621166.00
31/03/2017 1.95 1.75 2.10 1.86 613 413900.00 804234.00
03/04/2017 2.00 1.97 2.17 2.17 526 344500.00 709219.00
04/04/2017 2.25 2.24 3.51 3.50 2631 2250400.00 6485836.00
05/04/2017 3.70 2.25 4.15 2.55 3081 3021500.00 10738693.00
06/04/2017 2.57 2.31 2.99 2.60 1208 762000.00 1968503.00
07/04/2017 2.60 2.33 2.65 2.55 322 210000.00 525700.00
10/04/2017 2.44 2.20 2.47 2.33 441 368700.00 861229.00
11/04/2017 2.32 2.15 2.90 2.70 786 744900.00 1995204.00
12/04/2017 2.80 2.55 2.87 2.61 416 236300.00 634587.00
13/04/2017 3.00 2.78 3.12 2.84 449 361900.00 1059240.00
17/04/2017 2.90 2.71 3.00 2.85 302 199700.00 560240.00
18/04/2017 2.80 2.60 2.80 2.65 240 150900.00 402382.00
19/04/2017 3.40 2.70 3.40 2.70 1141 1098700.00 3321103.00
20/04/2017 2.76 2.42 2.82 2.42 452 390800.00 1012577.00
24/04/2017 2.42 2.35 2.48 2.37 246 146300.00 352415.00
25/04/2017 2.37 2.20 2.38 2.28 177 120700.00 274803.00
26/04/2017 2.26 2.21 2.30 2.24 135 125600.00 281570.00
27/04/2017 2.24 2.05 2.24 2.14 335 221100.00 470639.00
28/04/2017 2.13 2.06 2.34 2.20 355 187100.00 412845.00
02/05/2017 2.30 2.22 2.35 2.22 192 117600.00 268768.00
03/05/2017 2.22 2.13 2.24 2.14 203 125200.00 271224.00
04/05/2017 2.14 2.07 2.34 2.26 296 159400.00 347976.00
05/05/2017 2.33 2.25 2.38 2.33 132 102100.00 235573.00
08/05/2017 2.31 2.23 2.33 2.24 74 38700.00 87708.00
09/05/2017 2.30 2.20 2.32 2.24 24 18400.00 41256.00
10/05/2017 2.30 2.16 2.30 2.16 75 43700.00 97041.00
11/05/2017 2.17 2.14 2.23 2.14 82 48000.00 104231.00
12/05/2017 2.20 2.10 2.40 2.27 283 207000.00 469748.00
15/05/2017 2.50 2.41 2.70 2.51 388 435000.00 1100741.00
16/05/2017 2.47 2.25 2.49 2.33 205 202000.00 476072.00
17/05/2017 2.30 2.20 2.32 2.24 150 144700.00 327794.00
18/05/2017 2.10 1.90 2.17 2.04 309 230800.00 477660.00
19/05/2017 2.04 2.04 2.20 2.16 218 210000.00 454482.00
22/05/2017 2.22 2.01 2.22 2.05 112 85500.00 177186.00
23/05/2017 2.05 2.05 2.11 2.11 128 79000.00 164490.00
24/05/2017 2.10 2.06 2.13 2.07 77 51900.00 109145.00
25/05/2017 2.11 2.07 2.18 2.17 69 36100.00 76454.00
26/05/2017 2.22 2.13 2.36 2.26 197 128000.00 286765.00
29/05/2017 2.35 2.22 2.45 2.33 265 186700.00 436340.00
30/05/2017 2.35 2.25 2.35 2.26 107 88200.00 200539.00
31/05/2017 2.30 2.25 2.36 2.28 160 84600.00 196051.00
01/06/2017 2.31 2.26 2.34 2.32 109 47300.00 109371.00
02/06/2017 2.37 2.37 2.60 2.55 530 310400.00 768513.00
05/06/2017 2.56 2.46 2.60 2.48 75 64500.00 162667.00
06/06/2017 2.52 2.40 2.52 2.46 181 106000.00 259972.00
07/06/2017 2.49 2.46 2.55 2.52 142 58600.00 146812.00
08/06/2017 2.52 2.40 2.52 2.50 90 52100.00 128287.00
09/06/2017 2.56 2.46 2.65 2.53 122 73700.00 187862.00
12/06/2017 2.53 2.53 2.60 2.60 70 64500.00 165536.00
13/06/2017 2.64 2.64 2.87 2.83 412 288200.00 808200.00
14/06/2017 2.89 2.61 2.95 2.68 169 181700.00 504109.00
16/06/2017 2.73 2.50 2.73 2.69 132 104300.00 276255.00
