20/06/2016 1.98 1.89 1.98 1.93 39 50700.00 98438.00
21/06/2016 1.91 1.90 1.95 1.95 64 31900.00 61528.00
22/06/2016 1.97 1.95 2.04 2.01 235 200900.00 400579.00
23/06/2016 2.01 1.98 2.04 1.98 152 565200.00 1130280.00
24/06/2016 1.90 1.90 2.09 2.09 282 213700.00 425500.00
27/06/2016 2.10 1.97 2.10 2.02 37 55000.00 112536.00
28/06/2016 2.04 1.95 2.07 1.99 67 52500.00 105584.00
29/06/2016 2.01 1.99 2.06 2.02 35 24800.00 49879.00
30/06/2016 1.97 1.97 2.09 2.08 65 146800.00 298409.00
01/07/2016 2.08 1.96 2.08 2.02 73 72800.00 146693.00
04/07/2016 2.04 2.03 2.08 2.08 49 51100.00 104508.00
05/07/2016 2.07 2.00 2.07 2.05 28 42100.00 85304.00
06/07/2016 2.03 2.00 2.05 2.00 12 3500.00 7088.00
07/07/2016 2.04 1.98 2.07 1.98 32 24700.00 49936.00
08/07/2016 2.00 2.00 2.05 2.00 30 21800.00 43958.00
11/07/2016 2.00 2.00 2.04 2.04 49 71400.00 143892.00
12/07/2016 2.04 1.95 2.06 2.02 147 764700.00 1547405.00
13/07/2016 2.02 1.99 2.02 2.02 37 86200.00 173612.00
14/07/2016 2.02 2.02 2.05 2.03 54 44700.00 91122.00
15/07/2016 2.03 2.03 2.09 2.09 91 98400.00 203931.00
18/07/2016 2.09 2.09 2.24 2.20 307 908700.00 1947147.00
19/07/2016 2.21 2.12 2.28 2.20 193 404300.00 879833.00
20/07/2016 2.20 2.16 2.36 2.31 187 202200.00 461111.00
21/07/2016 2.25 2.25 2.45 2.31 84 219600.00 513605.00
22/07/2016 2.35 2.30 2.44 2.40 165 179600.00 428636.00
25/07/2016 2.45 2.36 2.66 2.44 191 238600.00 598503.00
26/07/2016 2.48 2.40 2.55 2.45 140 145300.00 357365.00
27/07/2016 2.45 2.45 2.58 2.55 158 259400.00 647621.00
28/07/2016 2.55 2.50 2.68 2.56 171 214100.00 548591.00
29/07/2016 2.59 2.42 2.59 2.46 472 434900.00 1089214.00
01/08/2016 2.50 2.40 2.50 2.43 94 108200.00 265046.00
02/08/2016 2.46 2.30 2.52 2.36 117 158800.00 381296.00
03/08/2016 2.36 2.33 2.48 2.40 224 781200.00 1851342.00
04/08/2016 2.40 2.40 2.65 2.64 410 1262800.00 3146082.00
05/08/2016 2.66 2.63 2.84 2.84 406 653000.00 1769728.00
08/08/2016 2.87 2.74 2.99 2.74 160 228300.00 659059.00
09/08/2016 2.75 2.75 2.94 2.89 410 309200.00 889897.00
10/08/2016 2.90 2.81 3.00 2.85 897 541800.00 1571627.00
11/08/2016 2.94 2.85 3.30 3.30 796 614500.00 1837227.00
12/08/2016 3.30 3.26 3.88 3.45 592 564000.00 1974734.00
15/08/2016 3.46 3.17 3.64 3.17 171 171500.00 583711.00
16/08/2016 3.18 3.01 3.30 3.07 383 181500.00 568427.00
17/08/2016 3.07 3.03 3.32 3.29 76 63000.00 196753.00
18/08/2016 3.27 3.15 3.33 3.19 90 79100.00 254454.00
19/08/2016 3.19 3.03 3.19 3.14 72 132900.00 414690.00
22/08/2016 3.15 3.03 3.15 3.07 55 47800.00 147412.00
23/08/2016 3.06 2.96 3.12 2.96 106 109800.00 333933.00
24/08/2016 2.97 2.97 3.15 3.11 256 273300.00 845947.00
25/08/2016 3.15 3.08 3.29 3.27 330 243600.00 775261.00
26/08/2016 3.29 3.10 3.44 3.27 224 230600.00 743322.00
29/08/2016 3.25 3.05 3.25 3.08 253 193300.00 600803.00
30/08/2016 3.13 3.02 3.20 3.08 151 107200.00 334241.00
31/08/2016 3.11 3.05 3.20 3.08 155 106400.00 330080.00
01/09/2016 3.15 2.98 3.18 3.06 110 140000.00 425561.00
02/09/2016 3.07 3.00 3.10 3.00 94 146300.00 445551.00
05/09/2016 3.00 2.96 3.05 3.05 108 158400.00 476654.00
06/09/2016 3.07 2.95 3.07 2.95 333 210000.00 626774.00
08/09/2016 2.97 2.97 3.05 3.02 256 193200.00 579189.00
09/09/2016 3.04 2.97 3.04 3.03 87 171600.00 517506.00
12/09/2016 3.05 3.04 3.10 3.05 135 134500.00 410819.00
13/09/2016 3.09 3.00 3.09 3.05 74 106300.00 320310.00
14/09/2016 3.08 2.98 3.10 3.00 116 103700.00 312969.00
15/09/2016 3.00 2.96 3.04 3.03 33 28200.00 84556.00
16/09/2016 2.99 2.96 3.07 3.03 55 33700.00 101552.00
19/09/2016 3.02 2.95 3.04 2.95 194 79700.00 236942.00
20/09/2016 2.95 2.91 2.98 2.91 45 59200.00 173156.00
21/09/2016 2.95 2.79 2.95 2.81 106 189100.00 532494.00
22/09/2016 2.82 2.82 2.88 2.87 54 82200.00 234671.00
23/09/2016 2.85 2.81 3.03 3.01 105 82000.00 239251.00
26/09/2016 3.02 2.92 3.02 2.95 34 36500.00 107433.00
27/09/2016 2.95 2.86 2.95 2.90 122 95300.00 276622.00
28/09/2016 2.91 2.88 2.94 2.92 18 7000.00 20378.00
29/09/2016 2.94 2.88 2.95 2.95 53 50700.00 147182.00
30/09/2016 2.94 2.90 2.98 2.92 42 49500.00 144412.00
03/10/2016 2.90 2.90 3.11 3.09 117 118800.00 362531.00
04/10/2016 3.08 2.95 3.08 3.03 50 47700.00 143223.00
05/10/2016 3.05 2.96 3.08 3.07 170 99600.00 303017.00
06/10/2016 3.04 3.00 3.14 3.13 97 46000.00 140145.00
07/10/2016 3.14 3.05 3.14 3.12 83 41400.00 127798.00
10/10/2016 3.12 3.06 3.30 3.24 613 217300.00 687379.00
11/10/2016 3.20 3.13 3.20 3.14 49 78500.00 249839.00
13/10/2016 3.14 3.10 3.14 3.10 44 16100.00 50223.00
14/10/2016 3.12 3.08 3.18 3.12 65 36700.00 114491.00
17/10/2016 3.11 3.09 3.16 3.11 67 18700.00 58351.00
18/10/2016 3.10 3.10 3.29 3.20 157 111800.00 354787.00
19/10/2016 3.20 3.13 3.20 3.13 19 31800.00 100161.00
20/10/2016 3.13 3.12 3.41 3.41 66 242300.00 775214.00
21/10/2016 3.37 3.29 3.37 3.34 27 9200.00 30745.00
24/10/2016 3.38 3.30 3.59 3.30 58 59400.00 204155.00
25/10/2016 3.30 3.15 3.34 3.15 90 66600.00 213482.00
26/10/2016 3.17 3.08 3.20 3.20 56 75700.00 237229.00
27/10/2016 3.19 3.10 3.19 3.13 54 40600.00 127261.00
28/10/2016 3.15 3.10 3.18 3.13 34 36400.00 113528.00
31/10/2016 3.10 3.10 3.14 3.12 36 11000.00 34256.00
01/11/2016 3.15 3.01 3.15 3.01 74 98000.00 300315.00
03/11/2016 3.01 3.01 3.15 3.15 47 38000.00 115972.00
04/11/2016 3.12 3.02 3.12 3.05 46 33100.00 101395.00
07/11/2016 3.08 3.06 3.23 3.10 79 47700.00 148910.00
08/11/2016 3.15 3.01 3.15 3.01 182 62000.00 192107.00
09/11/2016 3.00 2.73 3.20 3.00 160 291000.00 850470.00
10/11/2016 3.02 2.95 3.03 2.95 85 77100.00 230614.00
11/11/2016 2.95 2.80 2.95 2.81 30 9100.00 26135.00
14/11/2016 2.80 2.80 2.93 2.85 77 38500.00 109553.00
16/11/2016 2.81 2.81 2.90 2.90 23 11300.00 32407.00
17/11/2016 2.90 2.85 2.94 2.93 16 24500.00 71133.00
18/11/2016 2.95 2.82 2.95 2.82 56 46500.00 132611.00
21/11/2016 2.82 2.75 2.95 2.95 116 203300.00 570306.00
22/11/2016 2.95 2.92 2.95 2.92 30 12200.00 35731.00
23/11/2016 2.90 2.86 2.90 2.88 13 6000.00 17220.00
24/11/2016 2.86 2.83 2.87 2.87 13 6400.00 18261.00
25/11/2016 2.90 2.81 2.90 2.81 28 577300.00 1624547.00
28/11/2016 2.82 2.80 2.90 2.80 39 47900.00 134782.00
29/11/2016 2.81 2.70 2.81 2.70 79 119100.00 327452.00
30/11/2016 2.71 2.61 2.73 2.65 82 117300.00 313299.00
01/12/2016 2.63 2.45 2.65 2.52 135 168000.00 430025.00
02/12/2016 2.52 2.43 2.54 2.54 46 30500.00 76314.00
05/12/2016 2.59 2.42 2.59 2.50 39 36400.00 91332.00
06/12/2016 2.57 2.35 2.62 2.35 81 63500.00 158685.00
07/12/2016 2.56 2.39 2.70 2.70 126 93400.00 232936.00
08/12/2016 2.72 2.60 2.80 2.66 117 58800.00 156584.00
09/12/2016 2.70 2.49 2.70 2.49 49 70000.00 179824.00
12/12/2016 2.51 2.40 2.69 2.50 81 98500.00 244444.00
13/12/2016 2.50 2.42 2.50 2.43 69 47500.00 116282.00
14/12/2016 2.44 2.43 2.55 2.50 45 96400.00 242257.00
15/12/2016 2.50 2.46 2.58 2.46 25 48500.00 121377.00
16/12/2016 2.46 2.46 2.64 2.55 57 83100.00 214884.00
19/12/2016 2.57 2.38 2.57 2.38 85 196700.00 483534.00
20/12/2016 2.36 2.36 2.50 2.50 31 67000.00 164333.00
21/12/2016 2.50 2.45 2.50 2.46 13 14200.00 34827.00
22/12/2016 2.46 2.45 2.48 2.45 17 18900.00 46417.00
23/12/2016 2.43 2.36 2.50 2.39 38 49100.00 118592.00
26/12/2016 2.41 2.37 2.55 2.49 28 34500.00 84938.00
27/12/2016 2.48 2.45 2.56 2.55 29 34800.00 86405.00
28/12/2016 2.55 2.47 2.61 2.59 75 100800.00 254151.00
29/12/2016 2.60 2.50 2.65 2.55 62 73300.00 187451.00
02/01/2017 2.60 2.54 2.66 2.65 16 42700.00 110592.00
03/01/2017 2.65 2.62 2.80 2.67 58 53400.00 142923.00
04/01/2017 2.72 2.67 2.74 2.69 20 12900.00 35121.00
05/01/2017 2.68 2.61 2.95 2.94 93 98700.00 276769.00
06/01/2017 2.82 2.82 2.94 2.84 101 58300.00 167781.00
09/01/2017 2.86 2.80 2.88 2.81 65 36400.00 102220.00
10/01/2017 2.80 2.76 2.90 2.90 134 73700.00 207115.00
11/01/2017 2.80 2.80 2.94 2.80 83 41300.00 117448.00
12/01/2017 2.80 2.80 2.95 2.94 58 48800.00 141211.00
13/01/2017 2.94 2.85 2.94 2.86 59 58700.00 170437.00
16/01/2017 2.81 2.81 3.04 3.01 73 88900.00 262050.00
17/01/2017 3.04 2.95 3.40 3.40 145 147900.00 471001.00
18/01/2017 3.37 3.21 3.39 3.21 178 148300.00 486737.00
19/01/2017 3.26 3.05 3.26 3.06 110 61500.00 193259.00
20/01/2017 3.03 3.03 3.24 3.24 39 52400.00 165210.00
23/01/2017 3.28 3.23 3.36 3.36 160 104300.00 345564.00
24/01/2017 3.35 3.32 3.40 3.32 90 59800.00 200691.00
26/01/2017 3.38 3.26 3.61 3.61 149 183600.00 633426.00
27/01/2017 3.60 3.52 3.64 3.54 133 95600.00 342364.00
30/01/2017 3.52 3.36 3.52 3.45 122 74300.00 255107.00
31/01/2017 3.49 3.49 3.67 3.54 128 231400.00 833398.00
01/02/2017 3.66 3.55 3.79 3.68 95 104200.00 381011.00
02/02/2017 3.63 3.63 3.79 3.76 91 54300.00 202147.00
03/02/2017 3.76 3.60 3.78 3.60 127 344400.00 1248024.00
06/02/2017 3.62 3.59 3.68 3.60 60 40200.00 146016.00
07/02/2017 3.56 3.56 3.77 3.59 68 66700.00 241162.00
08/02/2017 3.56 3.26 3.56 3.37 255 207100.00 696820.00
09/02/2017 3.35 3.15 3.38 3.20 256 112200.00 364810.00
10/02/2017 3.17 3.17 3.43 3.42 224 130300.00 433672.00
13/02/2017 3.45 3.23 3.45 3.35 270 162700.00 542509.00
14/02/2017 3.39 3.30 3.54 3.49 132 79500.00 269807.00
15/02/2017 3.49 3.39 3.53 3.45 209 98600.00 340645.00
16/02/2017 3.45 3.36 3.52 3.41 126 63900.00 218882.00
17/02/2017 3.47 3.39 3.66 3.61 187 93200.00 328192.00
20/02/2017 3.62 3.60 3.95 3.90 142 156600.00 589427.00
21/02/2017 3.90 3.63 3.95 3.93 225 120000.00 456484.00
22/02/2017 3.90 3.83 3.98 3.96 98 54000.00 211944.00
23/02/2017 3.96 3.76 4.00 3.76 176 94200.00 362231.00
24/02/2017 3.76 3.65 3.80 3.70 316 129100.00 481159.00
01/03/2017 3.71 3.63 3.88 3.88 63 29000.00 107008.00
02/03/2017 3.88 3.70 4.00 3.99 361 216500.00 847556.00
03/03/2017 3.98 3.94 4.20 4.10 280 136500.00 553625.00
06/03/2017 4.15 3.95 4.15 4.10 183 94500.00 382383.00
07/03/2017 4.10 3.93 4.10 3.95 109 83100.00 336511.00
08/03/2017 4.01 3.80 4.10 3.94 145 62800.00 242850.00
09/03/2017 3.98 3.84 3.98 3.90 162 79000.00 308248.00
10/03/2017 3.90 3.83 3.98 3.94 97 69400.00 273376.00
13/03/2017 3.98 3.91 4.05 4.04 85 44400.00 177973.00
14/03/2017 4.10 3.87 4.15 3.92 42 26300.00 105925.00
15/03/2017 3.92 3.85 3.97 3.97 70 25600.00 99662.00
16/03/2017 3.95 3.90 4.10 4.07 206 196000.00 794004.00
17/03/2017 4.10 3.95 4.10 4.03 40 24900.00 99047.00
20/03/2017 4.08 3.87 4.08 3.88 49 21300.00 82993.00
21/03/2017 3.93 3.56 3.94 3.92 170 87600.00 330125.00
22/03/2017 3.83 3.70 3.83 3.73 84 42000.00 157550.00
23/03/2017 3.70 3.65 3.79 3.65 101 70600.00 260666.00
24/03/2017 3.70 3.57 3.70 3.66 96 57800.00 210013.00
27/03/2017 3.70 3.62 3.78 3.68 101 62900.00 230988.00
28/03/2017 3.65 3.50 3.90 3.80 241 150100.00 558530.00
29/03/2017 3.77 3.77 3.87 3.83 31 26800.00 102472.00
30/03/2017 3.83 3.69 3.83 3.75 61 35600.00 133457.00
31/03/2017 3.80 3.68 3.80 3.80 58 30900.00 116303.00
03/04/2017 3.80 3.70 3.97 3.96 111 523200.00 1997446.00
04/04/2017 3.98 3.78 4.00 3.95 91 87300.00 340153.00
05/04/2017 3.93 3.71 3.93 3.80 78 120000.00 459625.00
06/04/2017 3.78 3.72 3.83 3.81 18 17400.00 66329.00
07/04/2017 3.93 3.70 3.93 3.71 51 48100.00 182067.00
10/04/2017 3.70 3.70 3.81 3.81 28 22700.00 85105.00
11/04/2017 3.80 3.75 3.81 3.81 23 9800.00 37192.00
12/04/2017 3.81 3.61 3.81 3.81 150 89100.00 330130.00
13/04/2017 3.81 3.62 3.81 3.65 118 55200.00 204327.00
17/04/2017 3.65 3.65 3.85 3.85 173 58000.00 218818.00
18/04/2017 3.90 3.65 3.90 3.65 235 138100.00 516724.00
19/04/2017 3.79 3.60 3.88 3.60 50 111700.00 415190.00
20/04/2017 3.77 3.60 3.77 3.77 74 138700.00 507425.00
24/04/2017 3.87 3.64 3.87 3.66 94 115700.00 426598.00
25/04/2017 3.74 3.63 3.77 3.69 48 52900.00 196189.00
26/04/2017 3.80 3.63 3.80 3.63 40 61200.00 226892.00
27/04/2017 3.63 3.43 3.63 3.55 137 72700.00 256515.00
28/04/2017 3.50 3.46 3.60 3.55 40 48500.00 171496.00
02/05/2017 3.62 3.62 3.79 3.79 49 59300.00 218222.00
03/05/2017 3.85 3.64 3.85 3.65 38 43700.00 160484.00
04/05/2017 3.77 3.52 3.77 3.56 24 20600.00 74846.00
05/05/2017 3.56 3.52 3.74 3.65 43 47100.00 171257.00
08/05/2017 3.75 3.54 3.75 3.57 26 51800.00 185847.00
09/05/2017 3.59 3.59 3.67 3.66 24 15200.00 55512.00
10/05/2017 3.75 3.69 3.84 3.83 67 83300.00 314757.00
11/05/2017 3.88 3.72 4.00 3.99 65 51200.00 201457.00
12/05/2017 4.11 3.98 4.15 4.15 180 94200.00 382421.00
15/05/2017 4.05 4.01 4.22 4.20 77 89900.00 369763.00
16/05/2017 4.20 4.03 4.23 4.06 52 72600.00 297947.00
17/05/2017 4.13 4.00 4.20 4.20 60 54600.00 224447.00
18/05/2017 3.51 3.51 3.89 3.73 95 82400.00 301466.00
19/05/2017 3.84 3.81 4.20 3.97 153 332300.00 1341450.00
22/05/2017 4.17 3.60 4.17 3.83 122 131800.00 496110.00
23/05/2017 3.89 3.67 4.00 4.00 78 134800.00 508285.00
24/05/2017 3.99 3.94 4.09 4.09 33 29300.00 118070.00
25/05/2017 4.00 3.97 4.09 4.00 28 28300.00 113595.00
26/05/2017 3.96 3.86 4.09 3.94 26 22500.00 90067.00
29/05/2017 4.00 3.85 4.00 3.98 38 38000.00 148097.00
30/05/2017 4.00 3.85 4.06 3.91 62 42000.00 167028.00
31/05/2017 3.87 3.83 3.95 3.95 33 51800.00 202234.00
01/06/2017 3.96 3.84 3.99 3.97 62 22400.00 88079.00
02/06/2017 3.91 3.79 3.91 3.81 86 66400.00 255706.00
05/06/2017 3.80 3.59 3.82 3.70 72 53300.00 197178.00
06/06/2017 3.79 3.66 3.79 3.70 77 124000.00 458534.00
07/06/2017 3.76 3.60 3.76 3.65 43 20800.00 76357.00
08/06/2017 3.73 3.66 3.80 3.75 177 84900.00 316167.00
09/06/2017 3.74 3.70 3.80 3.79 24 29900.00 112157.00
12/06/2017 3.79 3.70 3.89 3.80 78 91300.00 347057.00
13/06/2017 3.89 3.72 3.89 3.80 52 76300.00 291725.00
14/06/2017 3.86 3.76 3.86 3.80 301 83700.00 318426.00
16/06/2017 3.86 3.77 3.86 3.83 10 2200.00 8418.00
