04/07/2016 2.04 2.04 2.09 2.05 8 2900.00 5946.00
19/08/2016 2.51 2.51 2.51 2.51 3 5200.00 13052.00
22/08/2016 2.53 2.52 2.53 2.53 7 15100.00 38153.00
23/08/2016 2.55 2.55 2.65 2.65 4 4800.00 12499.00
02/09/2016 2.61 2.61 2.61 2.61 1 100.00 261.00
20/09/2016 2.66 2.66 2.66 2.66 1 1000.00 2660.00
21/09/2016 2.70 2.70 2.70 2.70 2 5000.00 13500.00
28/09/2016 2.81 2.81 2.90 2.90 2 4000.00 11330.00
30/09/2016 2.85 2.85 2.85 2.85 2 3000.00 8550.00
10/10/2016 2.90 2.90 2.90 2.90 3 6000.00 17400.00
18/10/2016 2.67 2.67 2.97 2.97 2 4000.00 11280.00
19/10/2016 2.99 2.99 2.99 2.99 1 5800.00 17342.00
31/10/2016 2.61 2.61 2.61 2.61 1 100.00 261.00
07/11/2016 2.80 2.80 2.80 2.80 1 1000.00 2800.00
18/11/2016 2.76 2.76 2.76 2.76 1 1700.00 4692.00
29/11/2016 2.65 2.65 2.65 2.65 2 200.00 530.00
06/01/2017 3.00 3.00 3.00 3.00 3 300.00 900.00
19/01/2017 3.00 3.00 3.06 3.06 8 3900.00 11718.00
24/01/2017 3.30 3.10 3.50 3.50 4 4000.00 13200.00
26/01/2017 3.50 3.01 3.50 3.01 3 4800.00 16114.00
27/01/2017 2.98 2.97 2.98 2.97 2 400.00 1191.00
30/01/2017 2.94 2.94 2.94 2.94 2 400.00 1176.00
01/02/2017 2.90 2.90 2.90 2.90 3 600.00 1740.00
10/02/2017 2.40 2.40 2.50 2.50 2 200.00 490.00
23/02/2017 2.75 2.75 2.75 2.75 1 3700.00 10175.00
24/02/2017 2.75 2.75 2.75 2.75 2 2800.00 7700.00
15/03/2017 2.28 2.28 2.28 2.28 1 100.00 228.00
17/03/2017 2.41 2.41 2.41 2.41 1 500.00 1205.00
23/03/2017 2.50 2.50 2.50 2.50 4 10000.00 25000.00
29/03/2017 2.20 2.20 2.20 2.20 3 1400.00 3080.00
30/03/2017 2.50 2.50 2.60 2.50 5 11200.00 28030.00
04/04/2017 2.70 2.70 2.70 2.70 2 300.00 810.00
05/04/2017 2.70 2.70 2.70 2.70 1 200.00 540.00
06/04/2017 2.65 2.65 2.65 2.65 1 300.00 795.00
24/04/2017 2.65 2.65 2.65 2.65 1 200.00 530.00
25/04/2017 2.23 2.23 2.41 2.41 5 1300.00 2971.00
30/05/2017 2.64 2.64 2.64 2.64 1 100.00 264.00
12/06/2017 2.39 2.39 2.39 2.39 1 100.00 239.00
