22/06/2016 3.86 3.86 3.86 3.86 4 10168.26 39192.00
29/06/2016 4.07 4.07 4.07 4.07 3 7184.10 29250.00
22/07/2016 3.97 3.97 3.98 3.98 5 10499.84 41760.00
09/08/2016 4.07 4.07 4.07 4.07 2 4863.08 19800.00
10/08/2016 4.07 4.07 4.07 4.07 1 5526.22 22500.00
11/08/2016 4.07 4.07 4.07 4.07 1 5526.22 22500.00
12/08/2016 4.07 4.07 4.07 4.07 1 5526.22 22500.00
23/08/2016 4.07 4.07 4.07 4.07 3 5342.02 21750.00
01/09/2016 4.21 4.21 4.21 4.21 5 4990516.28 21019500.00
20/09/2016 4.30 4.30 4.31 4.31 2 427.36 1839.00
22/09/2016 4.31 4.31 4.31 4.31 1 213.68 920.00
23/09/2016 4.30 4.30 4.30 4.30 2 4594.14 19737.00
26/09/2016 4.21 4.21 4.21 4.21 1 7478.83 31500.00
28/09/2016 4.30 4.30 4.31 4.31 3 2136.81 9199.00
30/09/2016 4.31 4.31 4.31 4.31 1 1068.40 4600.00
03/10/2016 4.31 4.31 4.31 4.31 1 106.84 460.00
18/10/2016 4.10 4.10 4.31 4.31 6 3418.89 14180.00
19/10/2016 4.31 4.31 4.31 4.31 1 534.20 2300.00
20/10/2016 4.31 4.31 4.31 4.31 1 6410.43 27600.00
21/10/2016 4.31 4.31 4.31 4.31 2 4380.46 18860.00
27/10/2016 4.35 4.35 4.35 4.35 3 8547.23 37200.00
28/10/2016 4.35 4.35 4.35 4.35 1 2457.33 10695.00
03/11/2016 4.21 4.17 4.21 4.17 2 747.88 3125.00
07/11/2016 4.12 4.12 4.12 4.12 1 534.20 2200.00
14/11/2016 4.40 4.40 4.40 4.40 1 106.84 470.00
24/11/2016 4.39 4.39 4.39 4.39 2 4487.30 19698.00
29/11/2016 4.18 4.18 4.18 4.18 3 320.52 1341.00
30/11/2016 4.38 4.38 4.38 4.38 1 106.84 468.00
01/12/2016 4.39 4.39 4.39 4.39 1 1068.40 4690.00
05/12/2016 4.13 4.13 4.13 4.13 1 106.84 441.00
07/12/2016 4.27 4.27 4.27 4.27 1 747.88 3192.00
26/12/2016 4.31 4.31 4.31 4.31 2 4594.14 19823.00
13/01/2017 4.53 4.53 4.53 4.53 2 213.68 968.00
17/01/2017 4.53 4.53 4.53 4.53 1 961.56 4356.00
26/01/2017 4.62 4.62 4.70 4.70 5 44000.00 206435.00
06/02/2017 4.56 4.56 4.56 4.56 1 1400.00 6384.00
13/02/2017 4.70 4.70 4.70 4.70 2 2000.00 9400.00
16/02/2017 4.80 4.80 4.80 4.80 1 200.00 960.00
17/02/2017 4.80 4.80 4.80 4.80 1 4800.00 23040.00
22/02/2017 4.70 4.70 4.70 4.70 2 600.00 2820.00
23/02/2017 4.71 4.71 4.71 4.71 2 4200.00 19782.00
27/03/2017 4.73 4.73 4.73 4.73 2 4100.00 19393.00
28/03/2017 4.74 4.74 4.74 4.74 1 4100.00 19434.00
29/03/2017 4.72 4.72 4.72 4.72 2 3300.00 15576.00
30/03/2017 4.72 4.72 4.72 4.72 1 1000.00 4720.00
03/04/2017 4.72 4.72 4.72 4.72 16 41000.00 193520.00
25/04/2017 4.72 4.72 4.72 4.72 2 1500.00 7080.00
18/05/2017 4.72 4.72 4.72 4.72 2 2000.00 9440.00
26/05/2017 4.72 4.72 4.72 4.72 2 1100.00 5192.00
30/05/2017 4.99 4.99 5.00 5.00 4 5100.00 25499.00
05/06/2017 4.80 4.80 4.80 4.80 1 100.00 480.00
08/06/2017 4.80 4.80 4.80 4.80 3 1700.00 8160.00
09/06/2017 5.20 5.20 5.20 5.20 1 100.00 520.00
