20/06/2016 9.82 9.63 9.87 9.63 7 1336.76 13140.00
21/06/2016 9.60 9.48 9.77 9.77 23 5655.52 54044.00
22/06/2016 9.87 9.77 9.87 9.77 9 2262.21 22280.00
23/06/2016 9.77 9.77 10.07 9.92 23 9151.66 90752.00
24/06/2016 9.53 9.38 9.53 9.38 15 3804.62 36067.00
27/06/2016 9.46 9.04 9.50 9.25 95 39177.35 356880.00
28/06/2016 9.38 9.29 9.38 9.37 9 1131.10 10567.00
29/06/2016 9.55 9.55 9.59 9.57 4 719.79 6888.00
30/06/2016 9.51 9.44 9.97 9.63 9 1645.24 15777.00
01/07/2016 9.72 9.72 9.92 9.74 12 3804.62 37211.00
04/07/2016 9.92 9.73 10.12 10.11 11 2673.52 26763.00
05/07/2016 10.05 9.68 10.11 9.68 8 925.45 9140.00
06/07/2016 9.69 9.69 9.69 9.69 1 102.83 996.00
07/07/2016 9.35 9.35 9.91 9.91 12 3084.83 29228.00
08/07/2016 10.10 10.02 10.14 10.14 3 411.31 4142.00
11/07/2016 10.21 10.21 10.50 10.46 9 2262.21 23323.00
12/07/2016 10.41 10.41 10.67 10.41 16 5449.87 57083.00
13/07/2016 10.11 10.08 10.50 10.50 28 5141.38 53376.00
14/07/2016 10.79 10.70 10.88 10.71 4 2056.55 22334.00
15/07/2016 10.79 10.41 10.85 10.41 11 1748.07 18508.00
19/07/2016 10.63 10.63 11.08 11.08 5 616.97 6675.00
20/07/2016 10.91 10.71 11.09 10.76 15 2776.35 29852.00
21/07/2016 10.76 10.63 10.86 10.63 15 1953.73 21030.00
22/07/2016 10.97 10.97 10.97 10.97 1 102.83 1128.00
25/07/2016 10.52 10.52 11.14 11.14 11 1953.73 21000.00
26/07/2016 11.12 10.94 11.28 11.18 52 12647.81 140286.00
27/07/2016 11.18 11.09 11.33 11.20 17 3598.97 40471.00
28/07/2016 10.89 10.89 11.40 10.89 20 4832.90 53965.00
29/07/2016 11.18 11.17 11.54 11.43 27 6272.49 71302.00
01/08/2016 11.27 11.27 11.56 11.41 8 5141.38 58145.00
02/08/2016 11.26 11.14 11.57 11.27 31 7403.59 83137.00
03/08/2016 11.33 11.24 11.35 11.29 11 1336.76 15119.00
04/08/2016 11.18 11.18 11.58 11.58 18 10385.60 119434.00
05/08/2016 11.64 11.58 11.64 11.58 2 308.48 3585.00
08/08/2016 11.51 11.51 11.79 11.79 21 3084.83 35969.00
09/08/2016 11.78 11.78 11.86 11.84 7 8534.70 101035.00
10/08/2016 11.84 11.73 11.84 11.73 5 5964.01 70054.00
11/08/2016 11.78 11.78 12.02 11.94 18 5347.04 63598.00
12/08/2016 12.17 12.01 12.28 12.25 61 18303.33 222346.00
15/08/2016 12.19 12.08 12.75 12.74 16 8329.04 105024.00
16/08/2016 12.48 12.25 12.66 12.35 31 7712.08 95196.00
17/08/2016 12.27 12.27 12.40 12.40 3 411.31 5074.00
18/08/2016 12.68 12.40 12.68 12.47 23 8534.70 106894.00
19/08/2016 12.47 12.45 12.60 12.45 7 3496.14 43549.00
22/08/2016 12.45 12.38 12.55 12.55 4 2365.04 29472.00
23/08/2016 12.63 12.51 12.69 12.51 21 11928.01 150300.00
24/08/2016 12.33 12.33 12.78 12.78 6 1953.73 24351.00
25/08/2016 12.64 12.53 12.65 12.53 14 3084.83 38825.00
26/08/2016 12.68 12.68 12.68 12.68 1 102.83 1304.00
29/08/2016 12.62 12.55 13.25 13.25 8 1131.10 14357.00
30/08/2016 13.26 13.03 13.33 13.03 8 2262.21 29780.00
31/08/2016 13.08 12.84 13.08 12.89 14 3187.66 41281.00
01/09/2016 12.89 12.89 13.37 13.37 6 3496.14 45786.00
02/09/2016 13.62 13.40 13.62 13.40 3 308.48 4179.00
05/09/2016 13.62 13.42 13.81 13.53 47 7917.73 108084.00
06/09/2016 13.81 13.24 13.81 13.45 29 5449.87 73755.00
08/09/2016 13.43 13.13 13.43 13.17 16 5655.52 74494.00
09/09/2016 12.93 12.80 12.93 12.80 5 1131.10 14587.00
12/09/2016 12.64 12.55 12.64 12.55 2 308.48 3890.00
13/09/2016 12.53 12.27 12.53 12.27 6 616.97 7684.00
14/09/2016 12.25 11.98 12.25 12.13 10 1233.93 14928.00
15/09/2016 12.13 12.13 12.44 12.44 13 5244.21 65123.00
19/09/2016 12.56 12.16 12.64 12.16 5 1028.28 12758.00
21/09/2016 12.30 12.30 12.32 12.32 2 205.66 2532.00
22/09/2016 12.64 12.16 12.64 12.35 19 5655.52 69808.00
26/09/2016 12.07 12.07 12.07 12.07 1 514.14 6205.00
28/09/2016 12.40 12.40 12.40 12.40 6 1028.28 12750.00
30/09/2016 12.43 12.35 13.14 13.14 15 4318.76 54766.00
03/10/2016 12.92 12.74 12.93 12.83 17 5655.52 72323.00
04/10/2016 12.74 12.55 12.74 12.55 12 3804.62 48304.00
05/10/2016 12.92 12.92 13.03 13.03 6 4113.11 53314.00
06/10/2016 12.76 12.64 12.80 12.64 6 719.79 9172.00
07/10/2016 13.02 13.02 13.02 13.02 3 1439.59 18746.00
10/10/2016 13.39 13.08 13.39 13.08 7 3496.14 45824.00
11/10/2016 13.08 12.91 13.08 12.91 7 6169.66 79747.00
13/10/2016 12.65 12.65 12.65 12.65 1 205.66 2602.00
14/10/2016 13.62 13.62 14.59 14.58 29 8843.18 124802.00
17/10/2016 14.57 14.48 14.82 14.82 16 4010.28 58481.00
18/10/2016 14.82 14.78 15.66 15.66 47 15115.67 230102.00
19/10/2016 15.56 15.56 15.56 15.56 2 616.97 9600.00
20/10/2016 15.42 15.32 15.44 15.32 4 1233.93 18971.00
21/10/2016 15.32 15.03 15.35 15.15 13 3393.31 51586.00
24/10/2016 15.07 15.01 15.16 15.08 16 4215.94 63547.00
25/10/2016 15.17 14.98 15.17 14.98 8 2879.18 43207.00
26/10/2016 15.18 15.18 15.75 15.75 9 2673.52 41012.00
27/10/2016 15.76 15.56 15.76 15.60 3 719.79 11288.00
28/10/2016 16.05 16.02 16.05 16.02 2 205.66 3297.00
31/10/2016 16.05 16.05 16.34 16.17 11 3290.49 53131.00
01/11/2016 16.24 16.11 16.24 16.11 5 4215.94 68421.00
03/11/2016 15.95 15.56 16.46 15.85 16 4524.42 70681.00
04/11/2016 15.38 15.38 16.00 15.85 3 514.14 8116.00
07/11/2016 15.92 15.92 16.73 16.73 25 8740.35 143339.00
08/11/2016 16.46 16.05 16.48 16.19 84 24061.68 394862.00
09/11/2016 16.05 15.56 16.29 16.06 26 7609.25 121410.00
10/11/2016 15.71 15.07 15.95 15.46 26 3187.66 49537.00
11/11/2016 14.68 14.49 15.07 14.49 33 4215.94 62091.00
14/11/2016 14.26 13.57 15.59 15.58 57 16452.43 238984.00
16/11/2016 15.66 15.66 17.24 17.01 63 10179.94 171596.00
17/11/2016 17.02 16.05 17.02 16.05 53 15218.50 252939.00
18/11/2016 16.72 16.63 17.51 17.26 52 12750.63 220115.00
21/11/2016 17.26 17.26 18.62 18.15 23 5038.56 90328.00
22/11/2016 18.38 18.15 18.63 18.19 32 8740.35 161156.00
23/11/2016 18.20 17.02 18.20 17.07 72 18303.33 319271.00
24/11/2016 16.83 16.83 17.31 17.12 4 616.97 10571.00
25/11/2016 16.66 16.66 17.50 17.44 21 3701.80 63217.00
28/11/2016 17.70 17.57 17.85 17.85 9 2365.04 41831.00
29/11/2016 17.51 17.26 17.64 17.26 7 822.62 14380.00
30/11/2016 17.43 17.02 17.73 17.02 21 5141.38 90129.00
01/12/2016 16.68 15.27 16.73 15.56 19 3393.31 54634.00
02/12/2016 15.56 14.93 16.14 16.14 9 1439.59 22578.00
05/12/2016 15.87 15.66 16.05 15.95 17 7403.59 117023.00
06/12/2016 15.66 15.66 16.92 16.92 24 9048.84 150714.00
07/12/2016 16.73 16.73 16.85 16.85 10 2776.35 46695.00
09/12/2016 17.29 15.56 17.29 15.56 14 9151.66 142756.00
12/12/2016 16.34 15.81 16.34 16.04 37 16246.77 260473.00
13/12/2016 15.85 15.85 16.36 15.95 24 5964.01 96672.00
14/12/2016 15.81 15.81 16.53 16.22 20 3187.66 51572.00
15/12/2016 15.85 15.80 16.02 16.02 5 1131.10 17956.00
16/12/2016 16.46 16.24 17.53 17.06 20 4524.42 76297.00
19/12/2016 17.03 16.69 17.15 16.69 25 6889.45 117251.00
20/12/2016 16.78 16.78 17.00 16.91 16 4215.94 71309.00
21/12/2016 16.91 16.53 17.02 16.92 43 20771.19 350825.00
22/12/2016 16.92 16.92 17.02 17.02 6 2159.38 36710.00
23/12/2016 17.02 17.02 17.29 17.27 34 8946.01 153517.00
26/12/2016 17.18 17.18 17.80 17.80 11 2570.69 45630.00
27/12/2016 17.76 17.76 17.76 17.76 2 514.14 9130.00
28/12/2016 17.82 16.05 18.37 18.37 136 31053.96 538508.00
29/12/2016 18.62 17.51 18.92 18.83 29 5861.18 108248.00
02/01/2017 18.33 18.10 19.05 18.10 11 4318.76 78773.00
03/01/2017 18.48 18.48 19.21 19.06 27 7712.08 145149.00
05/01/2017 18.92 18.92 19.65 19.65 49 32000.00 625362.00
06/01/2017 18.90 18.90 19.70 19.65 32 12200.00 239274.00
09/01/2017 19.27 19.21 20.50 20.49 30 12200.00 242835.00
10/01/2017 20.32 20.10 20.61 20.58 28 10400.00 213175.00
11/01/2017 20.40 19.46 20.40 20.00 13 2400.00 48168.00
12/01/2017 21.00 19.82 21.10 20.13 140 37500.00 760310.00
13/01/2017 20.10 19.80 20.43 20.20 54 8500.00 171595.00
16/01/2017 20.44 19.82 20.92 19.90 31 6100.00 124250.00
17/01/2017 20.31 19.91 20.35 20.19 54 7400.00 149222.00
18/01/2017 20.55 20.11 20.55 20.15 32 10200.00 205498.00
19/01/2017 20.00 19.00 20.00 19.00 16 2900.00 56053.00
20/01/2017 19.33 19.17 19.80 19.80 8 1200.00 23367.00
23/01/2017 19.81 19.81 20.52 20.51 7 1700.00 34518.00
24/01/2017 20.28 19.80 20.28 19.85 12 6800.00 135029.00
26/01/2017 20.65 20.49 20.99 20.99 23 5100.00 105698.00
27/01/2017 21.05 20.60 21.05 20.60 22 3100.00 64140.00
30/01/2017 20.60 19.80 20.60 19.80 15 2600.00 51777.00
31/01/2017 19.94 19.63 20.26 20.25 34 8200.00 163432.00
01/02/2017 20.25 20.25 20.95 20.95 32 5900.00 121960.00
02/02/2017 20.50 20.35 21.03 21.01 10 3200.00 67127.00
03/02/2017 20.99 20.53 21.05 21.01 192 19200.00 403335.00
06/02/2017 20.79 20.30 21.00 20.66 46 8500.00 174817.00
07/02/2017 20.93 20.37 20.93 20.37 9 2100.00 43514.00
08/02/2017 20.21 20.05 20.53 20.53 14 2600.00 52632.00
09/02/2017 20.72 20.55 20.86 20.80 12 2800.00 57822.00
10/02/2017 21.59 21.59 22.14 22.00 42 7500.00 163062.00
13/02/2017 22.00 22.00 22.80 22.80 70 13800.00 305161.00
14/02/2017 22.81 21.80 22.81 21.80 16 2000.00 44251.00
15/02/2017 21.81 21.81 22.25 22.25 17 5700.00 126347.00
16/02/2017 22.69 22.20 22.92 22.20 20 3700.00 82765.00
17/02/2017 21.90 21.50 21.99 21.50 39 7200.00 155897.00
20/02/2017 21.48 21.10 21.65 21.64 21 5300.00 114086.00
21/02/2017 21.64 21.22 21.85 21.80 131 17200.00 372074.00
22/02/2017 21.84 21.84 22.24 22.20 48 8800.00 193870.00
23/02/2017 22.30 21.36 22.30 21.36 35 4700.00 102409.00
24/02/2017 21.00 21.00 21.40 21.40 20 3900.00 82998.00
01/03/2017 21.42 21.29 21.42 21.29 3 300.00 6411.00
02/03/2017 21.12 21.00 21.12 21.00 41 8600.00 180711.00
03/03/2017 21.50 21.50 22.02 22.00 19 3500.00 76365.00
06/03/2017 21.62 21.50 21.62 21.51 20 4700.00 101103.00
07/03/2017 21.41 21.30 21.41 21.32 23 21600.00 460101.00
08/03/2017 21.04 20.00 21.80 20.11 50 10700.00 219465.00
09/03/2017 19.71 19.60 19.76 19.65 10 2600.00 51228.00
10/03/2017 20.01 19.50 20.30 19.61 24 3900.00 76835.00
13/03/2017 19.31 19.31 20.00 19.65 18 2900.00 57156.00
14/03/2017 19.65 19.50 20.15 19.50 16 4100.00 81228.00
15/03/2017 19.50 19.11 20.15 20.15 29 4300.00 84697.00
16/03/2017 20.15 19.40 20.15 19.40 49 9300.00 183363.00
17/03/2017 20.00 18.81 20.00 19.99 80 11900.00 232266.00
20/03/2017 19.21 19.21 19.60 19.60 4 600.00 11718.00
21/03/2017 19.56 18.82 19.70 18.82 15 2500.00 47719.00
22/03/2017 18.50 18.20 18.80 18.20 22 4800.00 88414.00
23/03/2017 18.21 18.00 18.60 18.60 13 3000.00 54283.00
24/03/2017 18.39 18.39 18.80 18.80 8 1200.00 22247.00
27/03/2017 18.20 18.20 18.92 18.60 22 8400.00 157417.00
28/03/2017 18.21 16.60 18.21 16.85 79 13900.00 237155.00
29/03/2017 16.91 16.00 16.91 16.32 39 9000.00 147399.00
30/03/2017 16.30 16.03 16.60 16.50 30 5200.00 85557.00
31/03/2017 16.61 16.13 16.61 16.13 12 1600.00 26377.00
03/04/2017 16.02 15.74 16.50 16.48 58 7900.00 126899.00
04/04/2017 16.15 16.10 16.49 16.12 13 1700.00 27695.00
05/04/2017 16.12 15.26 16.20 15.35 33 5500.00 85997.00
06/04/2017 15.00 14.50 15.00 14.50 24 4700.00 68463.00
07/04/2017 14.80 14.50 14.80 14.50 12 2600.00 37733.00
10/04/2017 14.60 14.00 14.60 14.00 54 10200.00 145607.00
11/04/2017 14.01 13.01 14.20 14.15 47 10700.00 145493.00
12/04/2017 14.00 13.80 14.15 14.00 11 2100.00 29319.00
13/04/2017 14.00 13.62 14.00 13.62 9 1800.00 24790.00
17/04/2017 13.62 13.61 13.89 13.61 27 6400.00 87704.00
18/04/2017 13.90 13.90 14.77 14.43 49 7700.00 111286.00
19/04/2017 14.70 14.35 14.70 14.41 29 5000.00 73027.00
20/04/2017 14.55 14.55 14.99 14.68 28 7900.00 116344.00
24/04/2017 14.72 14.68 15.31 15.01 94 14800.00 222780.00
25/04/2017 15.01 15.00 15.69 15.54 46 10000.00 153776.00
26/04/2017 15.81 15.54 15.90 15.62 53 13200.00 207407.00
27/04/2017 15.62 15.45 15.79 15.45 19 3400.00 52954.00
28/04/2017 15.51 15.51 16.50 16.50 32 5200.00 83323.00
02/05/2017 16.53 16.50 17.00 16.89 27 6100.00 102353.00
03/05/2017 16.80 15.80 16.95 16.02 33 5300.00 85070.00
04/05/2017 16.02 15.46 16.02 15.56 21 3900.00 61402.00
05/05/2017 16.00 16.00 16.68 16.68 47 6500.00 105637.00
08/05/2017 16.70 16.21 16.70 16.30 10 1700.00 27949.00
09/05/2017 16.99 16.30 16.99 16.30 7 1300.00 21311.00
10/05/2017 16.32 16.25 16.70 16.25 47 9900.00 161579.00
11/05/2017 16.53 16.31 16.53 16.35 22 5400.00 88253.00
12/05/2017 16.35 16.35 17.45 16.90 59 10900.00 187332.00
15/05/2017 17.39 17.10 17.44 17.44 31 4900.00 84889.00
16/05/2017 17.60 17.40 17.60 17.40 32 7100.00 124686.00
17/05/2017 17.37 16.12 17.37 16.70 35 4200.00 70942.00
18/05/2017 15.03 13.57 15.03 14.43 87 14700.00 205371.00
19/05/2017 15.20 14.50 15.30 14.50 22 3500.00 52577.00
22/05/2017 14.69 14.69 14.80 14.80 14 1800.00 26629.00
23/05/2017 15.04 14.90 15.40 15.40 16 3700.00 56075.00
24/05/2017 15.50 15.50 16.00 15.60 17 4900.00 76650.00
25/05/2017 15.61 14.90 15.61 14.92 24 3700.00 55925.00
26/05/2017 15.20 15.05 15.30 15.20 16 2400.00 36361.00
29/05/2017 15.02 14.80 15.50 15.10 19 4900.00 73316.00
30/05/2017 15.17 15.00 15.45 15.45 56 16500.00 248814.00
31/05/2017 15.40 15.05 15.70 15.05 13 2000.00 30873.00
01/06/2017 15.11 14.60 15.11 14.60 9 1900.00 28594.00
02/06/2017 14.65 14.65 14.84 14.70 6 1100.00 16215.00
05/06/2017 14.80 14.80 15.50 15.50 24 5400.00 82735.00
06/06/2017 15.31 15.25 15.57 15.40 29 6100.00 93913.00
07/06/2017 15.25 15.25 15.99 15.99 15 2200.00 34269.00
08/06/2017 15.50 15.23 15.50 15.25 8 1100.00 16812.00
09/06/2017 15.30 14.40 15.30 14.40 20 4900.00 71383.00
12/06/2017 14.34 13.80 14.34 13.93 37 6600.00 92639.00
13/06/2017 14.10 14.10 14.30 14.10 23 8300.00 117604.00
16/06/2017 14.20 14.20 14.90 14.90 18 8600.00 126411.00
