20/06/2016 17.43 17.11 17.43 17.21 3241 573633.29 9911322.00
21/06/2016 17.06 16.92 17.35 17.26 3111 744591.18 12796998.00
22/06/2016 17.36 16.97 17.48 17.03 4250 734516.50 12583134.00
23/06/2016 17.23 17.11 17.73 17.68 3227 740644.40 12940760.00
24/06/2016 17.04 16.62 17.04 16.94 10397 1940777.05 32617022.00
27/06/2016 16.87 16.35 16.99 16.53 4984 1024397.09 16960375.00
28/06/2016 16.85 16.53 16.91 16.71 2933 703046.12 11753851.00
29/06/2016 17.18 16.75 17.36 17.21 5052 1037483.78 17820586.00
30/06/2016 17.03 16.96 17.68 17.50 3557 901943.06 15689943.00
01/07/2016 17.63 17.35 17.70 17.65 3351 753211.77 13239714.00
04/07/2016 17.76 17.64 18.11 17.90 2727 590770.62 10605891.00
05/07/2016 17.71 17.28 17.86 17.34 5131 903916.45 15787285.00
06/07/2016 17.30 17.08 17.50 17.40 2641 549121.71 9508969.00
07/07/2016 17.33 17.24 17.85 17.55 4443 934244.33 16459512.00
08/07/2016 17.85 17.80 18.07 18.04 3784 615905.38 11072583.00
11/07/2016 18.04 17.90 18.52 18.44 4231 936944.76 17173691.00
12/07/2016 18.51 17.96 18.73 17.96 4355 917210.86 16680346.00
13/07/2016 17.78 17.71 18.36 18.22 5274 977762.77 17715687.00
14/07/2016 18.50 18.30 18.82 18.57 7147 1235134.36 23000581.00
15/07/2016 18.50 18.36 18.69 18.49 4413 787590.30 14578821.00
18/07/2016 18.38 18.33 18.88 18.82 4539 968415.14 18133705.00
19/07/2016 18.71 18.60 18.89 18.72 4932 814386.86 15269720.00
20/07/2016 18.87 18.58 18.97 18.87 6974 1265046.80 23777647.00
21/07/2016 18.87 18.49 18.95 18.74 4390 805454.67 15076471.00
22/07/2016 18.49 18.36 19.22 19.16 9154 1775739.34 33454912.00
25/07/2016 19.16 18.88 19.39 19.22 4878 939022.01 17957559.00
26/07/2016 19.12 19.12 19.63 19.44 5540 1268162.68 24673544.00
27/07/2016 19.59 19.37 19.88 19.37 8870 1428111.13 27899450.00
28/07/2016 19.34 18.94 19.50 19.13 6339 1502372.90 28853986.00
29/07/2016 19.05 19.05 19.88 19.62 6809 1271070.83 24917215.00
01/08/2016 19.62 19.24 19.80 19.57 5682 1095335.27 21412347.00
02/08/2016 19.35 19.09 19.61 19.35 6676 1175309.49 22681936.00
03/08/2016 19.12 19.03 19.63 19.63 9275 1375141.19 26661078.00
04/08/2016 19.58 19.52 20.13 20.05 13639 1850728.16 36861170.00
05/08/2016 20.03 19.51 20.11 20.00 9732 1546202.93 30615281.00
08/08/2016 19.89 19.79 20.20 20.11 4849 924585.11 18577797.00
09/08/2016 20.21 20.05 20.55 20.46 6572 1395394.40 28501706.00
10/08/2016 20.42 20.20 20.53 20.38 2767 688713.08 14016964.00
11/08/2016 20.32 20.20 21.17 21.17 6340 1185903.48 24712100.00
12/08/2016 21.17 20.97 21.38 21.18 5495 943072.66 20006896.00
15/08/2016 21.08 21.08 21.77 21.60 4689 698372.31 15036454.00
16/08/2016 21.35 21.23 21.57 21.35 3759 608531.13 13020702.00
17/08/2016 21.24 21.14 21.86 21.77 5665 1083806.52 23378643.00
18/08/2016 21.65 21.59 21.98 21.83 3553 901423.74 19639611.00
19/08/2016 21.74 21.55 22.14 22.02 4795 805143.09 17628997.00
22/08/2016 22.01 21.44 22.01 21.57 4334 861955.94 18661133.00
23/08/2016 21.57 21.42 21.82 21.42 5864 1004663.19 21722184.00
24/08/2016 21.19 21.18 22.00 21.62 5266 834328.49 18093264.00
25/08/2016 21.62 21.56 21.85 21.65 3671 594717.40 12904706.00
26/08/2016 21.56 21.46 21.96 21.71 8402 1463528.28 31765930.00
29/08/2016 21.84 21.73 22.54 22.20 4722 718937.11 15996763.00
30/08/2016 22.34 21.80 22.49 22.03 5860 912537.04 20143697.00
31/08/2016 21.97 21.78 22.41 21.84 8093 1598238.11 35111593.00
01/09/2016 21.72 21.65 22.05 21.86 6948 1438289.66 31460035.00
02/09/2016 21.96 21.90 22.16 22.16 8955 1896116.12 41865454.00
05/09/2016 22.11 22.11 22.54 22.53 2288 418462.53 9369773.00
06/09/2016 22.45 22.12 22.58 22.27 6554 1281457.10 28530162.00
08/09/2016 21.98 21.84 22.31 22.17 7681 1399756.63 30904514.00
09/09/2016 21.94 21.27 22.17 21.39 6737 1284884.56 27822626.00
12/09/2016 21.20 21.05 21.71 21.71 5364 860501.87 18474359.00
13/09/2016 21.45 20.84 21.46 20.99 9630 1511616.68 31855434.00
14/09/2016 20.92 20.70 21.17 21.07 6241 962287.24 20158605.00
15/09/2016 21.05 20.98 21.34 21.17 3380 578722.56 12260055.00
16/09/2016 21.07 20.65 21.07 20.78 4436 1507773.76 31342404.00
19/09/2016 20.88 20.67 21.22 20.84 3790 633873.61 13249931.00
20/09/2016 20.86 20.84 21.15 20.85 4227 795899.31 16683190.00
21/09/2016 20.96 20.76 21.24 21.01 6122 1145916.37 24070821.00
22/09/2016 21.26 21.03 21.69 21.10 7209 2071436.24 44023631.00
23/09/2016 21.07 20.84 21.22 20.93 9118 2036226.81 42704501.00
26/09/2016 20.80 20.59 20.90 20.72 5719 902254.64 18707128.00
27/09/2016 20.90 20.61 21.23 21.08 5149 1024293.23 21519108.00
28/09/2016 21.15 21.15 21.74 21.74 7845 1382723.16 29780854.00
29/09/2016 21.71 20.89 21.84 21.15 4465 801196.31 17049016.00
30/09/2016 21.13 21.01 21.34 21.18 5420 1192966.14 25277781.00
03/10/2016 21.01 20.99 21.46 21.29 4601 714159.43 15206317.00
04/10/2016 21.11 21.01 21.49 21.16 5396 1105513.80 23427641.00
05/10/2016 21.39 21.28 21.73 21.52 4037 686428.10 14805605.00
06/10/2016 21.39 21.29 21.63 21.47 4371 897373.10 19247820.00
07/10/2016 21.59 21.37 22.12 21.95 4776 986487.23 21514825.00
10/10/2016 21.96 21.78 22.19 21.88 2738 705954.28 15471087.00
11/10/2016 21.89 21.42 21.89 21.59 4056 1070615.96 23099322.00
13/10/2016 21.38 21.38 22.47 22.46 11266 3122629.89 69020174.00
14/10/2016 22.58 22.40 22.98 22.86 10220 1980037.13 45034454.00
17/10/2016 22.94 22.90 23.51 23.35 7850 1737725.62 40534707.00
18/10/2016 23.35 23.35 24.49 24.37 8676 1813129.88 43582847.00
19/10/2016 24.38 23.93 24.41 23.94 3771 812101.88 19546384.00
20/10/2016 23.92 23.63 24.25 24.04 3255 608946.58 14628446.00
21/10/2016 23.97 23.68 24.08 23.68 4228 2088261.98 49602527.00
24/10/2016 23.73 23.59 23.95 23.94 4754 800988.58 19083103.00
25/10/2016 23.79 23.53 24.07 24.00 4885 953458.92 22725536.00
26/10/2016 24.13 24.10 24.60 24.12 7729 1429876.79 34730040.00
27/10/2016 24.11 23.98 24.58 24.45 5183 1215504.33 29667416.00
28/10/2016 24.27 24.15 24.68 24.61 8270 1526780.62 37319047.00
31/10/2016 24.74 24.61 25.37 25.32 11715 2493741.68 62384078.00
01/11/2016 25.42 24.49 25.46 24.61 7272 1461451.03 36267258.00
03/11/2016 24.64 24.45 25.23 24.47 6161 1438081.94 35636835.00
04/11/2016 24.47 24.29 25.23 24.71 5108 911706.14 22646749.00
07/11/2016 24.84 24.84 25.80 25.60 4840 1251440.80 31888308.00
08/11/2016 25.08 25.08 26.22 25.94 5624 1086506.94 28043486.00
09/11/2016 24.89 24.59 26.02 25.34 7510 2626997.43 66708592.00
10/11/2016 25.19 24.15 25.51 24.19 12498 2459051.56 60591163.00
11/11/2016 24.16 23.43 24.36 23.95 14258 2649743.35 63164931.00
14/11/2016 23.52 23.48 24.46 24.36 9070 1734090.43 41768610.00
16/11/2016 25.03 24.72 25.95 25.67 11603 2456766.59 62759802.00
17/11/2016 25.71 25.23 26.04 25.31 9242 2076006.19 53392477.00
18/11/2016 25.22 25.22 26.77 26.70 10593 2191085.99 57612643.00
21/11/2016 26.96 26.76 28.16 27.33 9514 2160238.79 59660051.00
22/11/2016 27.57 27.54 28.37 27.83 6580 1378464.79 38547246.00
23/11/2016 27.77 27.03 27.77 27.33 5662 1213115.49 33153003.00
24/11/2016 27.23 26.78 27.42 26.78 1785 377852.24 10201152.00
25/11/2016 26.62 26.00 27.39 27.31 4759 1026682.07 27690559.00
28/11/2016 27.13 26.87 27.71 27.70 4864 867356.80 23756026.00
29/11/2016 27.55 26.69 27.58 26.69 12336 2288301.40 61725578.00
30/11/2016 27.09 26.90 27.57 27.11 5082 1439743.74 39109910.00
01/12/2016 26.40 24.78 26.66 24.95 15111 2627724.47 67191714.00
02/12/2016 24.74 24.26 25.72 25.56 7873 1482846.73 37515999.00
05/12/2016 25.72 24.96 26.00 25.28 3610 665136.27 16760727.00
06/12/2016 24.95 24.83 25.90 25.69 5803 1064903.52 27257574.00
07/12/2016 25.90 25.41 26.19 25.84 6781 1235861.40 31776117.00
08/12/2016 26.23 25.72 26.24 25.88 6216 1151524.95 29885918.00
09/12/2016 26.18 25.56 26.21 25.85 6534 1413466.49 36463953.00
12/12/2016 25.51 24.91 25.55 25.05 5067 927077.81 23314118.00
13/12/2016 24.74 24.65 25.38 24.92 7482 1414297.40 35277443.00
14/12/2016 24.95 24.65 25.31 24.80 9190 1915642.30 47815571.00
15/12/2016 24.60 24.21 25.10 25.10 7795 1610286.17 39749524.00
16/12/2016 25.11 24.84 26.25 25.90 8047 2629905.59 67971877.00
19/12/2016 25.87 25.41 26.17 25.49 4569 1187149.83 30576192.00
20/12/2016 25.54 25.35 25.86 25.80 4439 1092115.53 27940015.00
21/12/2016 25.66 25.47 26.14 25.76 3630 795587.73 20526287.00
22/12/2016 25.54 25.54 25.91 25.65 3718 952316.43 24523624.00
23/12/2016 25.65 25.65 26.38 26.14 3103 889687.27 23206763.00
26/12/2016 26.34 26.20 26.90 26.56 1938 564804.97 15024669.00
27/12/2016 26.83 26.46 26.86 26.70 2613 509446.19 13575220.00
28/12/2016 26.70 26.69 28.20 28.10 5189 1153706.06 31959910.00
29/12/2016 28.09 27.62 28.69 28.43 6908 1530104.23 43375319.00
02/01/2017 28.43 28.15 28.84 28.40 2698 546213.56 15596327.00
03/01/2017 28.79 28.66 29.41 29.41 7795 1493440.72 43459068.00
04/01/2017 29.03 29.03 29.55 29.55 5060 1174894.04 34556321.00
05/01/2017 29.51 28.98 29.74 29.46 5409 1055800.00 31090013.00
06/01/2017 29.46 28.92 29.46 29.33 4249 815800.00 23865708.00
09/01/2017 29.03 28.60 29.95 29.73 5256 1662500.00 48860147.00
10/01/2017 29.94 29.50 30.02 29.68 4243 812600.00 24243428.00
11/01/2017 30.00 28.82 30.04 29.87 4958 1329900.00 39311711.00
12/01/2017 30.69 30.38 31.59 31.37 8468 1763600.00 54730322.00
13/01/2017 31.49 30.90 31.69 31.27 6448 1155300.00 36160907.00
16/01/2017 31.41 31.09 31.90 31.75 3289 734400.00 23272642.00
17/01/2017 31.58 31.26 32.69 32.47 7994 1755200.00 56584285.00
18/01/2017 32.47 31.12 32.47 31.28 4407 1191700.00 37836495.00
19/01/2017 31.47 30.20 31.53 30.31 7877 1710100.00 52412692.00
20/01/2017 30.56 30.20 31.29 30.84 5127 938100.00 28975303.00
23/01/2017 31.08 30.90 31.90 31.75 4180 837600.00 26415329.00
24/01/2017 32.00 30.88 32.02 31.12 4682 1219200.00 37947567.00
26/01/2017 32.15 31.56 32.20 31.90 5367 1136600.00 36248370.00
27/01/2017 31.85 31.61 32.01 31.61 4688 829400.00 26320050.00
30/01/2017 31.61 30.73 31.61 30.82 3322 581100.00 18019643.00
31/01/2017 30.70 30.40 31.40 31.31 3880 779400.00 24284585.00
01/02/2017 31.41 31.36 32.15 31.92 3422 756800.00 24122712.00
02/02/2017 31.79 31.52 32.37 32.09 3240 537600.00 17264281.00
03/02/2017 32.20 31.55 32.55 32.29 5779 1051000.00 33894648.00
06/02/2017 32.45 31.73 32.45 31.90 3193 633200.00 20289270.00
07/02/2017 32.30 31.58 32.34 31.60 3772 853600.00 27175973.00
08/02/2017 31.60 31.19 32.00 31.92 4477 843600.00 26828638.00
09/02/2017 32.00 31.95 33.05 32.60 5531 1238700.00 40421793.00
10/02/2017 32.51 32.51 34.74 34.49 7228 1527800.00 51995513.00
13/02/2017 34.69 34.22 35.78 35.56 5646 1010600.00 35603169.00
14/02/2017 35.30 34.25 35.58 34.25 9603 1658700.00 57580560.00
15/02/2017 34.51 34.50 36.07 35.70 8583 1618100.00 57414274.00
16/02/2017 35.41 34.72 36.13 34.89 6842 1707500.00 60254565.00
17/02/2017 34.89 34.25 35.09 34.56 3665 1106300.00 38270363.00
20/02/2017 34.24 33.81 34.62 34.31 3145 1464400.00 50050043.00
21/02/2017 34.17 34.00 35.20 35.20 5230 1632500.00 56563779.00
22/02/2017 35.00 34.81 35.34 35.28 4310 1174500.00 41319373.00
23/02/2017 35.35 34.41 35.93 34.52 5036 1017300.00 35671201.00
24/02/2017 34.52 34.02 35.11 34.36 7486 1409100.00 48641432.00
01/03/2017 34.93 34.22 35.06 34.50 7320 1243800.00 42931370.00
02/03/2017 34.10 33.86 34.56 34.07 7567 1552200.00 53118931.00
03/03/2017 34.14 34.13 35.00 34.71 4657 878400.00 30461780.00
06/03/2017 34.40 34.29 35.09 34.29 5012 1031500.00 35550710.00
07/03/2017 34.29 33.61 34.70 33.83 4049 931900.00 31780926.00
08/03/2017 34.05 32.59 34.05 32.65 7103 1563300.00 51459377.00
09/03/2017 32.64 31.86 32.74 32.00 6883 1422500.00 45834820.00
10/03/2017 32.27 31.49 32.96 31.68 8941 2248400.00 72069686.00
13/03/2017 31.83 31.63 32.58 32.30 6669 1251100.00 40186469.00
14/03/2017 31.91 31.91 32.63 31.99 4627 1218800.00 39316403.00
15/03/2017 32.12 31.73 32.61 32.30 6202 1533000.00 49307980.00
16/03/2017 32.63 31.69 32.88 31.75 7961 1461500.00 46857394.00
17/03/2017 32.20 31.15 32.54 31.15 9569 2679000.00 84066672.00
20/03/2017 30.96 30.96 32.29 31.63 7873 1240900.00 39387185.00
21/03/2017 31.50 30.63 32.08 30.85 7266 1027500.00 31861112.00
22/03/2017 30.50 30.23 31.20 30.36 9588 2319400.00 70953524.00
23/03/2017 30.16 30.16 30.92 30.72 7459 2364500.00 72197477.00
24/03/2017 30.50 30.36 30.91 30.70 7473 1506900.00 46201174.00
27/03/2017 30.70 30.26 30.90 30.62 7523 1388400.00 42617593.00
28/03/2017 28.45 28.17 29.54 28.35 29803 7047600.00 201666466.00
29/03/2017 28.60 27.42 28.70 27.68 13892 3240600.00 90137478.00
30/03/2017 27.72 27.68 28.50 28.19 10428 2461500.00 69234277.00
31/03/2017 28.19 27.65 28.55 27.65 5300 1356400.00 37785252.00
03/04/2017 27.85 27.14 28.00 27.69 8390 1800100.00 49738285.00
04/04/2017 27.70 27.44 27.91 27.53 4636 1077400.00 29730136.00
05/04/2017 27.47 26.05 27.88 26.13 14891 3142100.00 83965800.00
06/04/2017 25.91 24.89 26.13 25.14 23731 8858700.00 226282027.00
07/04/2017 25.24 25.01 25.44 25.13 18630 5290600.00 133036679.00
10/04/2017 25.32 24.63 25.56 24.77 8037 1663700.00 41412542.00
11/04/2017 25.09 24.35 25.09 24.84 8173 1911300.00 47175136.00
12/04/2017 24.99 24.38 25.00 24.40 10222 3059300.00 75291416.00
13/04/2017 24.40 23.77 24.55 23.77 9140 1860500.00 44890664.00
17/04/2017 23.83 23.71 24.36 24.36 10932 2709100.00 65325406.00
18/04/2017 24.60 24.44 25.36 25.18 12541 4202000.00 105222040.00
19/04/2017 25.48 25.09 25.72 25.10 10036 2677700.00 67892407.00
20/04/2017 25.50 25.12 25.61 25.37 9551 2026300.00 51475068.00
24/04/2017 25.70 25.49 25.97 25.69 11175 2242100.00 57667258.00
25/04/2017 25.75 25.62 26.39 26.20 11818 3452300.00 90452485.00
26/04/2017 26.75 26.39 26.79 26.57 18564 4531700.00 120579336.00
27/04/2017 26.66 26.52 26.88 26.75 10284 2540300.00 67799859.00
28/04/2017 26.67 26.50 27.42 27.42 8653 2869000.00 78074059.00
02/05/2017 27.46 27.46 28.34 28.34 11650 2576900.00 72408511.00
03/05/2017 28.16 27.00 28.40 27.12 12357 3125200.00 85331809.00
04/05/2017 27.01 26.28 27.36 26.44 8913 1797800.00 47705107.00
05/05/2017 26.71 26.35 27.89 27.78 10969 1869600.00 51516414.00
08/05/2017 27.77 27.20 27.81 27.45 8143 1364300.00 37503615.00
09/05/2017 27.79 27.34 27.86 27.57 5796 926100.00 25554578.00
10/05/2017 27.90 27.40 28.00 27.80 10889 2269000.00 62764320.00
11/05/2017 27.80 27.26 27.98 27.65 11047 2075800.00 57154497.00
12/05/2017 27.59 27.53 28.74 28.65 15965 3551300.00 100644078.00
15/05/2017 28.96 28.58 29.04 28.97 9211 1720100.00 49560856.00
16/05/2017 29.10 28.30 29.24 28.44 9211 1757700.00 50429334.00
17/05/2017 28.40 27.54 28.40 27.90 8557 1720400.00 48028109.00
18/05/2017 22.80 22.75 24.97 24.79 30821 5797900.00 139861404.00
19/05/2017 25.12 25.12 26.28 25.36 14333 4074100.00 103985026.00
22/05/2017 25.02 24.19 25.36 25.03 13136 2705700.00 67089692.00
23/05/2017 25.10 25.10 25.71 25.60 5688 1133000.00 28877845.00
24/05/2017 25.80 25.62 26.32 25.73 8306 1634800.00 42406075.00
25/05/2017 26.16 24.85 26.16 25.05 6812 1508600.00 37943475.00
26/05/2017 25.27 25.20 25.76 25.76 7721 2365400.00 60374988.00
29/05/2017 25.60 25.27 25.60 25.60 2874 739700.00 18844554.00
30/05/2017 25.60 25.32 25.81 25.81 4535 876000.00 22483866.00
31/05/2017 25.81 25.12 25.88 25.44 13038 2805500.00 71325916.00
01/06/2017 25.44 24.82 25.76 24.82 9482 1533900.00 38554307.00
02/06/2017 24.89 24.57 25.25 24.98 5426 1131800.00 28106935.00
05/06/2017 24.74 24.60 25.77 25.68 6647 1434700.00 36562321.00
06/06/2017 25.70 25.43 25.83 25.76 8308 1234400.00 31658112.00
07/06/2017 25.92 25.69 26.30 26.28 10125 1553900.00 40387077.00
08/06/2017 26.05 25.42 26.09 25.48 6378 1041000.00 26701355.00
09/06/2017 25.56 24.58 25.85 24.61 8897 1854700.00 46162464.00
12/06/2017 24.75 23.81 24.76 24.52 9918 2283200.00 55186934.00
13/06/2017 24.52 24.08 24.63 24.46 6864 1238300.00 30213202.00
14/06/2017 24.60 24.51 25.23 24.92 8531 2281900.00 56818546.00
16/06/2017 24.56 24.47 24.96 24.94 7130 4023900.00 100022612.00
