20/06/2016 27.43 26.84 27.50 26.95 7803 1486269.75 40167354.00
21/06/2016 26.74 26.74 27.30 27.26 4885 1260598.73 34026579.00
22/06/2016 27.17 27.04 27.63 27.30 8150 3414383.95 93663566.00
23/06/2016 27.51 27.29 27.86 27.66 5637 1735271.81 47861658.00
24/06/2016 27.12 26.64 27.31 27.10 9728 1753854.05 47300866.00
27/06/2016 26.99 26.80 27.27 27.14 8434 2501273.16 67728522.00
28/06/2016 27.55 27.39 28.03 27.76 6398 1793392.93 49768157.00
29/06/2016 28.09 27.79 28.55 28.09 14030 2955918.71 83246246.00
30/06/2016 27.77 27.77 28.34 28.17 8156 3750722.55 104936238.00
01/07/2016 28.30 27.94 28.43 28.13 5119 1445285.58 40686386.00
04/07/2016 28.15 28.00 28.46 28.15 1778 452787.32 12783344.00
05/07/2016 28.00 27.73 28.19 27.93 5536 908361.99 25349338.00
06/07/2016 28.17 27.94 28.31 28.18 5227 1097384.69 30897729.00
07/07/2016 28.36 27.49 28.36 27.50 6349 1298898.80 35924637.00
08/07/2016 27.61 27.55 28.71 28.50 7100 1521266.31 42998822.00
11/07/2016 28.58 28.52 29.21 29.15 5862 1243874.71 36148156.00
12/07/2016 29.34 28.87 29.38 28.87 7569 2210357.82 64245999.00
13/07/2016 28.67 28.67 29.23 29.13 4837 875430.12 25463756.00
14/07/2016 29.49 28.89 29.62 29.30 10309 2693289.68 78792542.00
15/07/2016 29.25 28.21 29.33 28.38 5595 1258843.74 35853343.00
18/07/2016 28.24 28.21 28.72 28.66 4111 728217.46 20769139.00
19/07/2016 28.66 28.60 29.05 28.91 5617 2144597.33 61790217.00
20/07/2016 29.10 28.63 29.15 29.04 4426 846937.35 24539402.00
21/07/2016 28.96 28.82 29.35 29.17 4049 1257088.75 36511424.00
22/07/2016 29.37 29.12 30.50 30.50 13140 3788196.74 113458965.00
25/07/2016 30.49 30.04 30.50 30.45 7961 2409394.29 72972666.00
26/07/2016 30.37 29.86 30.53 29.87 11783 2843496.14 85866119.00
27/07/2016 29.87 29.63 30.10 29.79 5235 1557398.45 46492913.00
28/07/2016 29.97 29.54 29.98 29.88 5800 1484205.05 44171920.00
29/07/2016 29.55 29.06 29.85 29.83 7598 1588575.32 47161889.00
01/08/2016 29.83 28.63 29.83 28.87 7335 1414934.58 40991128.00
02/08/2016 28.41 27.57 28.60 27.92 8023 3145560.83 88056585.00
03/08/2016 27.67 27.29 28.22 28.15 4987 1070440.44 29947022.00
04/08/2016 27.99 27.94 28.69 28.59 4975 1127116.28 32040390.00
05/08/2016 28.90 28.58 29.08 29.08 6844 1312216.07 37921729.00
08/08/2016 29.02 27.85 29.02 28.25 4900 1118651.04 31615524.00
09/08/2016 28.41 28.07 28.49 28.14 3484 650791.45 18378978.00
10/08/2016 28.09 28.09 28.44 28.27 4300 1044528.53 29572805.00
11/08/2016 28.12 27.95 29.06 29.01 5195 1349896.73 38788431.00
12/08/2016 28.88 28.12 29.06 28.54 5053 941500.32 26856107.00
15/08/2016 28.54 28.18 29.42 29.41 9064 2448623.47 70711509.00
16/08/2016 29.13 28.88 29.96 29.00 5915 1774191.28 52195987.00
17/08/2016 28.76 28.36 29.19 29.10 8229 1336166.52 38618208.00
18/08/2016 29.10 28.71 29.37 28.94 4568 1058052.28 30630662.00
19/08/2016 28.69 28.39 29.00 28.39 4934 1139917.38 32562061.00
22/08/2016 28.48 28.14 28.68 28.28 5276 1110805.20 31535589.00
23/08/2016 28.27 28.13 28.65 28.18 7317 1197832.04 33926618.00
24/08/2016 27.85 27.72 28.29 28.07 6828 2206331.67 61878013.00
25/08/2016 28.09 27.81 28.29 27.99 10012 2196008.20 61535829.00
26/08/2016 27.99 27.71 28.38 28.00 9092 2142016.46 60040788.00
29/08/2016 27.74 27.74 28.78 28.58 8392 2207054.31 62877496.00
30/08/2016 28.60 27.91 28.61 28.19 6622 1425980.69 40065993.00
31/08/2016 28.67 28.29 29.17 28.47 11188 2612147.21 74767293.00
01/09/2016 28.59 28.00 28.73 28.26 6133 1378183.03 38904968.00
02/09/2016 28.40 28.29 30.14 30.14 8982 2216242.20 65560267.00
05/09/2016 30.28 29.87 31.06 30.17 3267 881624.20 26763725.00
06/09/2016 30.44 29.87 30.57 30.21 3374 726256.00 21895165.00
08/09/2016 30.21 29.84 30.47 30.10 5968 1219408.09 36685549.00
09/09/2016 29.58 28.35 29.72 28.53 6529 1090571.20 31534948.00
12/09/2016 28.24 28.09 28.67 28.09 6306 2300894.64 65266381.00
13/09/2016 27.67 27.40 28.21 27.54 7512 1408843.74 39005515.00
14/09/2016 27.40 27.40 28.33 28.30 7046 1419683.38 39853015.00
15/09/2016 28.28 28.19 28.87 28.72 4074 892463.85 25543061.00
16/09/2016 28.54 27.96 28.62 28.29 5787 2203441.10 62327212.00
19/09/2016 28.43 28.31 28.82 28.58 3122 937783.87 26734391.00
20/09/2016 28.59 28.49 29.04 28.73 3355 842085.32 24109901.00
21/09/2016 28.95 28.78 29.70 29.67 5513 1068891.92 31382587.00
22/09/2016 29.80 29.58 30.12 30.03 4789 846937.35 25288976.00
23/09/2016 29.92 29.36 30.17 29.68 6339 1272986.89 37698145.00
26/09/2016 29.33 28.92 29.46 29.10 5127 985788.00 28682141.00
27/09/2016 29.43 28.70 29.50 28.91 5243 1268754.27 36768429.00
28/09/2016 29.00 28.91 30.09 29.88 4928 1322952.48 38905737.00
29/09/2016 29.67 29.33 30.07 29.55 5499 1787818.26 53107904.00
30/09/2016 29.55 29.08 29.79 29.24 5022 1387990.33 40657758.00
03/10/2016 29.15 29.06 29.98 29.83 6278 1201548.49 35688177.00
04/10/2016 29.92 29.16 30.02 29.54 5245 1113076.37 32791381.00
05/10/2016 29.66 29.50 30.13 29.93 6654 1080247.74 32297420.00
06/10/2016 29.93 29.14 29.93 29.79 5651 1197522.34 35380872.00
07/10/2016 29.79 29.29 29.93 29.69 7213 1489263.55 44218411.00
10/10/2016 30.01 29.76 30.14 30.01 2893 602064.68 18052863.00
11/10/2016 29.97 29.52 30.00 29.92 3854 1075602.17 32041889.00
13/10/2016 30.00 29.78 30.46 30.08 6713 1954026.10 58878902.00
14/10/2016 30.30 29.31 30.50 29.54 9776 2050963.47 60995667.00
17/10/2016 29.54 29.31 30.60 30.49 5433 1559566.37 46800402.00
18/10/2016 30.51 30.13 30.65 30.65 6908 1348348.21 41039912.00
19/10/2016 30.34 30.34 31.06 30.99 5920 1199793.50 36958308.00
20/10/2016 31.00 30.49 31.10 31.10 5942 1116896.05 34531284.00
21/10/2016 30.95 30.67 31.32 31.14 4222 725946.30 22548834.00
24/10/2016 31.29 30.62 31.29 30.90 4476 948107.34 29329849.00
25/10/2016 30.92 30.44 31.37 31.28 4018 863248.43 26820080.00
26/10/2016 31.12 30.94 32.08 31.57 7208 2704232.55 85577022.00
27/10/2016 31.86 31.56 32.00 31.72 5485 1745492.04 55437598.00
28/10/2016 31.72 31.53 32.16 31.84 7996 1673021.29 53395344.00
31/10/2016 31.85 31.84 32.76 32.64 7969 1744872.63 56480887.00
01/11/2016 32.93 31.68 32.93 31.72 7417 1460048.14 46674253.00
03/11/2016 31.93 31.11 32.00 31.22 10447 1980454.18 62301253.00
04/11/2016 31.38 31.09 32.00 31.33 7392 1237577.39 38922518.00
07/11/2016 31.38 31.38 32.37 32.20 5284 972057.79 31192852.00
08/11/2016 31.98 31.86 32.45 32.21 7045 1296111.46 41659359.00
09/11/2016 31.11 30.71 31.66 31.41 8491 1850894.65 57866121.00
10/11/2016 31.68 28.78 31.79 29.30 17295 3898038.44 114990381.00
11/11/2016 28.62 25.85 28.86 26.26 31232 8001926.84 215101720.00
14/11/2016 26.31 25.45 27.28 26.64 21338 3945526.40 104493665.00
16/11/2016 27.11 26.60 28.32 28.32 23498 6340984.01 174389348.00
17/11/2016 28.53 27.44 28.54 27.56 8056 1977563.61 54789862.00
18/11/2016 27.56 26.89 27.70 27.53 8351 2038368.84 55842701.00
21/11/2016 27.53 27.52 28.81 28.60 8934 1901479.65 54077019.00
22/11/2016 29.17 28.12 29.25 29.09 9403 4228286.20 122262172.00
23/11/2016 28.96 28.32 29.05 28.75 4158 807811.40 23152203.00
24/11/2016 28.78 28.55 28.92 28.78 1163 312697.86 8986371.00
25/11/2016 28.19 27.71 28.81 28.71 3643 695801.77 19782643.00
28/11/2016 28.73 28.46 29.62 29.54 5207 946455.58 27747496.00
29/11/2016 29.35 28.67 29.70 28.67 6469 1474088.06 42780100.00
30/11/2016 28.82 28.82 29.65 29.02 11355 2417033.66 70352239.00
01/12/2016 28.07 27.20 28.37 27.32 14763 2272195.40 62990496.00
02/12/2016 27.12 26.48 28.24 27.88 11931 2292532.63 63348595.00
05/12/2016 27.96 26.84 28.08 27.53 5977 1350103.20 37145453.00
06/12/2016 27.53 27.01 27.80 27.40 5007 1273916.00 34885069.00
07/12/2016 27.70 26.90 27.76 27.00 5249 2708671.64 73286022.00
08/12/2016 27.37 26.57 27.62 26.81 5874 1636372.98 44241111.00
09/12/2016 26.95 26.40 27.35 26.83 6256 1538196.79 41232903.00
12/12/2016 26.44 26.38 27.01 26.82 8937 2945492.01 78792047.00
13/12/2016 26.69 26.38 27.42 27.42 6819 1139194.74 30841031.00
14/12/2016 27.50 26.82 27.54 26.83 7672 1702339.94 45974814.00
15/12/2016 26.61 26.31 26.89 26.79 6665 1635960.04 43392590.00
16/12/2016 27.03 26.61 27.58 26.97 5732 2203441.10 59712989.00
19/12/2016 26.97 26.07 26.97 26.07 7290 1591569.13 41924523.00
20/12/2016 26.29 25.39 26.47 25.75 5405 1073331.01 27746385.00
21/12/2016 25.57 25.57 26.27 25.77 6132 1309015.80 33772031.00
22/12/2016 25.82 25.44 26.49 26.49 6062 938300.04 24551803.00
23/12/2016 26.57 26.02 26.83 26.57 4031 877081.88 23190625.00
26/12/2016 26.72 26.27 27.09 27.09 923 196352.37 5265465.00
27/12/2016 27.36 26.27 27.36 26.70 3295 725430.13 19264139.00
28/12/2016 26.49 26.45 27.31 27.18 2964 556538.18 15061460.00
29/12/2016 27.18 26.86 27.95 27.89 4015 1142291.78 31501141.00
02/01/2017 27.56 26.42 27.76 27.48 2349 552615.26 15029099.00
03/01/2017 27.77 27.50 27.95 27.80 7487 1360529.90 37691452.00
04/01/2017 27.57 27.57 28.81 28.60 7204 1347935.27 38410636.00
05/01/2017 28.79 28.26 28.93 28.68 7588 1322539.54 37903717.00
06/01/2017 28.68 27.95 28.73 28.27 3717 855505.83 24093577.00
09/01/2017 28.53 28.17 29.02 28.39 5426 1031004.79 29377979.00
10/01/2017 28.57 27.95 28.62 28.33 5788 1325739.81 37428601.00
11/01/2017 28.19 27.99 28.85 28.50 6609 1165829.29 33075893.00
12/01/2017 29.43 29.07 30.42 30.16 12862 2248967.60 67354920.00
13/01/2017 30.32 29.52 30.32 29.89 5632 1006847.88 30019567.00
16/01/2017 29.91 29.63 29.99 29.84 2784 483757.73 14403475.00
17/01/2017 29.84 29.67 30.80 30.71 10539 1890227.07 57450151.00
18/01/2017 30.71 30.29 30.95 30.30 6257 1555230.52 47525352.00
19/01/2017 30.44 30.14 30.90 30.76 7623 2733551.20 83940478.00
20/01/2017 30.91 30.68 31.26 31.01 12684 2842050.86 88073204.00
23/01/2017 31.24 30.80 31.26 31.00 9315 1454163.76 45095593.00
24/01/2017 31.10 31.03 31.77 31.59 4995 1102752.90 34634291.00
26/01/2017 31.96 31.31 32.11 31.45 6261 1255746.70 39608615.00
27/01/2017 31.58 30.92 31.65 31.07 3673 682587.73 21255475.00
30/01/2017 31.27 30.08 31.27 30.25 3265 607639.35 18491024.00
31/01/2017 30.79 30.21 30.85 30.37 8535 1527976.56 46491288.00
01/02/2017 30.80 30.33 31.58 30.47 6960 1604370.23 49304572.00
02/02/2017 30.38 30.22 31.18 30.82 6136 1092119.72 33661456.00
03/02/2017 30.55 30.55 31.42 31.34 8752 2357570.48 73507878.00
06/02/2017 31.53 31.10 31.76 31.42 7699 2054473.45 64596484.00
07/02/2017 31.37 31.26 31.76 31.69 8551 1865657.21 58843739.00
08/02/2017 31.69 31.09 31.87 31.66 7641 2431383.28 76584695.00
09/02/2017 31.79 31.18 31.79 31.52 6789 1157054.34 36328252.00
10/02/2017 31.37 31.09 32.17 31.83 6316 1169545.74 37259687.00
13/02/2017 32.01 31.84 32.93 32.92 13626 2216448.67 72270520.00
14/02/2017 32.77 32.11 33.15 32.26 8429 1745285.57 56575058.00
15/02/2017 32.62 32.47 33.31 33.30 14676 2839366.75 93765731.00
16/02/2017 33.26 32.60 33.61 32.70 6536 1419889.85 46743073.00
17/02/2017 32.87 32.21 32.93 32.74 4011 790777.68 25835794.00
20/02/2017 32.76 32.65 33.52 32.92 4709 787577.41 25987017.00
21/02/2017 33.09 32.31 33.12 32.98 6988 1924913.92 63211769.00
22/02/2017 32.75 32.19 32.92 32.52 8116 2116620.73 68796534.00
23/02/2017 32.59 32.01 33.08 32.10 10772 1900963.48 61792826.00
24/02/2017 31.69 31.59 32.44 31.85 6827 1354852.00 43416949.00
01/03/2017 32.18 31.66 32.47 32.47 7614 1393461.77 44850999.00
02/03/2017 32.05 31.94 32.47 32.10 7681 1478940.09 47484255.00
03/03/2017 32.17 32.01 32.62 32.55 6867 1402443.19 45490504.00
06/03/2017 32.55 32.24 32.93 32.60 10139 2148726.72 70048255.00
07/03/2017 32.54 32.10 32.70 32.39 6593 1174397.77 38052563.00
08/03/2017 32.54 31.73 32.54 31.80 4818 1089642.09 34869789.00
09/03/2017 31.85 29.82 32.13 30.36 13702 3161149.27 97173008.00
10/03/2017 30.62 30.14 31.29 30.88 7397 2830695.04 87349063.00
13/03/2017 30.94 30.93 31.75 31.52 6434 1459015.79 45963513.00
14/03/2017 31.48 30.56 31.50 30.56 6409 1467997.21 45397452.00
15/03/2017 30.68 30.68 31.47 31.27 8632 2290055.00 71223294.00
16/03/2017 31.27 31.19 31.63 31.34 3943 887198.88 27827786.00
17/03/2017 31.63 30.72 31.90 30.86 7841 2419098.36 75074739.00
20/03/2017 30.37 29.72 30.62 29.90 10981 2688127.94 80612149.00
21/03/2017 29.89 29.25 30.07 29.25 10402 2327425.96 68747630.00
22/03/2017 29.12 29.12 30.17 30.03 8559 1964865.74 58701459.00
23/03/2017 29.76 29.66 30.39 30.14 6996 1505161.70 45265444.00
24/03/2017 29.93 29.93 30.84 30.51 6510 1090571.20 33377372.00
27/03/2017 30.32 30.19 30.68 30.61 5800 1211252.55 36914201.00
28/03/2017 31.78 30.72 32.03 31.06 4819 1301995.84 40430666.00
29/03/2017 31.29 31.07 31.70 31.53 5616 1192980.01 37579751.00
30/03/2017 31.52 31.12 31.83 31.40 3798 935099.77 29364195.00
31/03/2017 31.48 31.47 32.12 31.57 5065 1386648.28 44016857.00
03/04/2017 31.83 31.41 32.61 32.45 7075 1601789.36 51689728.00
04/04/2017 32.63 32.26 32.92 32.69 3471 929628.33 30389829.00
05/04/2017 32.89 32.71 33.32 33.07 9122 1955471.39 64634811.00
06/04/2017 32.89 32.02 33.05 32.17 9730 2235134.15 72383133.00
07/04/2017 32.16 32.16 33.04 32.64 9141 1813523.70 59293894.00
10/04/2017 32.69 31.68 32.78 31.78 7495 1931624.18 61714311.00
11/04/2017 32.00 31.66 32.39 32.30 11631 3664000.00 117942926.00
12/04/2017 32.22 32.15 32.82 32.55 9342 2938900.00 95610413.00
13/04/2017 32.21 31.84 32.65 31.84 3977 706400.00 22763971.00
17/04/2017 31.84 31.84 32.48 32.34 4177 852400.00 27458719.00
18/04/2017 32.33 31.96 32.99 32.54 6734 1363400.00 44445344.00
19/04/2017 32.54 32.12 32.72 32.60 6266 1216400.00 39544229.00
20/04/2017 31.49 30.70 31.68 30.78 15507 4057800.00 126061696.00
24/04/2017 30.99 30.30 31.17 30.35 7887 2549000.00 78547395.00
25/04/2017 30.37 29.45 30.47 29.58 16872 4501400.00 133457456.00
26/04/2017 29.58 29.52 30.19 30.04 13845 3536400.00 105763879.00
27/04/2017 30.04 29.20 30.34 29.20 6090 1408400.00 41652173.00
28/04/2017 29.20 29.02 29.55 29.27 7952 1902800.00 55657483.00
02/05/2017 29.30 29.29 30.05 29.85 9587 1757000.00 52441290.00
03/05/2017 29.96 29.85 30.62 30.40 5193 981600.00 29751404.00
04/05/2017 30.23 29.79 30.59 29.80 7161 1502100.00 45088641.00
05/05/2017 29.60 29.58 30.19 30.07 7144 1300800.00 38961699.00
08/05/2017 29.99 29.56 30.26 29.56 6063 910000.00 27120586.00
09/05/2017 29.59 29.51 30.60 30.50 11141 2381600.00 71721517.00
10/05/2017 30.84 30.13 31.14 30.37 11576 2000800.00 61046153.00
11/05/2017 30.65 29.83 30.92 29.95 8463 1712400.00 51558101.00
12/05/2017 30.98 30.24 31.05 30.98 11362 1962900.00 60266400.00
15/05/2017 31.15 29.97 32.09 30.25 17216 3687900.00 113047503.00
16/05/2017 30.58 30.52 32.53 32.31 14716 4218000.00 132746738.00
17/05/2017 32.15 31.07 32.21 31.39 9845 1513700.00 47593130.00
18/05/2017 26.00 25.61 28.80 28.80 27032 4954200.00 138529118.00
19/05/2017 28.81 28.34 30.13 28.70 18152 3887900.00 112533288.00
22/05/2017 28.75 27.12 28.76 27.56 13723 2399600.00 66461739.00
23/05/2017 27.56 27.56 28.62 28.34 9757 1805800.00 50977570.00
24/05/2017 28.76 28.41 29.44 29.13 6195 1096600.00 31916136.00
25/05/2017 29.50 28.67 29.58 28.74 7985 1866400.00 54271493.00
26/05/2017 29.20 28.67 29.39 29.29 5671 1035200.00 30079572.00
29/05/2017 29.01 28.47 29.38 28.89 2562 454500.00 13052231.00
30/05/2017 28.92 28.75 29.58 29.09 3785 681500.00 19939113.00
31/05/2017 29.40 28.92 29.40 29.00 7470 2048500.00 59702183.00
01/06/2017 29.16 29.01 29.99 29.45 9842 2071300.00 61087486.00
02/06/2017 29.87 28.93 29.93 29.10 4725 983500.00 28651015.00
05/06/2017 28.80 28.68 29.52 29.21 5527 1183900.00 34501148.00
06/06/2017 28.97 28.97 29.82 29.82 5058 1432300.00 42210421.00
07/06/2017 29.99 29.31 29.99 29.72 5848 878800.00 26168618.00
08/06/2017 29.73 28.89 29.73 29.72 3994 739500.00 21733223.00
09/06/2017 29.98 29.63 30.35 30.20 7304 2295600.00 69210639.00
12/06/2017 30.23 29.92 30.40 30.06 6478 1370300.00 41281323.00
13/06/2017 30.32 29.85 30.60 30.60 4503 967800.00 29238797.00
14/06/2017 30.74 30.38 31.03 30.73 10284 2271500.00 69878675.00
16/06/2017 30.18 30.18 32.00 32.00 12012 4444800.00 139029887.00
