21/06/2016 96.30 96.30 96.30 96.30 1 1700.00 163710.00
27/06/2016 82.66 82.66 82.66 82.66 1 800.00 66128.00
07/07/2016 83.80 83.80 83.80 83.80 1 1100.00 92180.00
13/07/2016 86.20 86.20 86.20 86.20 1 500.00 43100.00
21/07/2016 91.10 91.10 91.10 91.10 1 5700.00 519270.00
25/07/2016 92.83 92.83 92.83 92.83 1 6000.00 556980.00
08/08/2016 95.09 95.09 95.09 95.09 1 800.00 76072.00
24/08/2016 97.63 97.63 97.63 97.63 2 4000.00 390520.00
31/08/2016 101.70 101.70 101.70 101.70 1 100.00 10170.00
21/09/2016 99.29 99.29 99.29 99.29 1 3200.00 317728.00
22/09/2016 100.16 100.16 100.16 100.16 1 100.00 10016.00
09/11/2016 107.36 107.36 107.36 107.36 1 1800.00 193248.00
16/11/2016 126.16 125.63 126.16 125.63 3 3400.00 428096.00
17/11/2016 125.44 125.44 125.44 125.44 1 2200.00 275968.00
28/11/2016 130.41 130.41 130.41 130.41 1 300.00 39123.00
02/12/2016 134.37 134.37 134.37 134.37 1 400.00 53748.00
12/12/2016 130.50 130.50 130.50 130.50 1 900.00 117450.00
20/12/2016 134.08 134.08 134.08 134.08 1 100.00 13408.00
04/01/2017 130.81 130.81 130.81 130.81 1 1900.00 248539.00
11/01/2017 129.39 129.39 129.39 129.39 1 200.00 25878.00
17/01/2017 132.11 132.11 132.11 132.11 1 800.00 105688.00
24/01/2017 132.52 132.52 132.52 132.52 1 500.00 66260.00
31/01/2017 130.32 130.32 130.32 130.32 1 400.00 52128.00
03/02/2017 126.40 126.40 126.40 126.40 2 1000.00 126400.00
14/02/2017 127.86 127.86 127.86 127.86 2 400.00 51144.00
07/03/2017 131.15 131.15 131.15 131.15 2 200.00 26230.00
24/03/2017 126.50 126.19 126.50 126.19 2 800.00 100983.00
03/04/2017 125.59 125.59 125.59 125.59 2 400.00 50236.00
04/04/2017 125.44 125.44 125.44 125.44 1 2100.00 263424.00
07/04/2017 123.31 123.31 123.31 123.31 1 500.00 61655.00
11/04/2017 121.18 121.18 121.18 121.18 1 900.00 109062.00
02/05/2017 126.88 126.88 126.88 126.88 2 400.00 50752.00
22/05/2017 125.76 125.76 125.76 125.76 2 900.00 113184.00
01/06/2017 126.45 126.45 126.45 126.45 2 1200.00 151740.00
06/06/2017 127.08 127.08 127.65 127.65 2 1800.00 229485.00
08/06/2017 130.51 130.51 130.51 130.51 1 100.00 13051.00
09/06/2017 135.40 135.40 135.40 135.40 1 1800.00 243720.00
