20/06/2016 13.03 12.34 13.03 12.34 1184 227548.24 2863299.00
21/06/2016 12.35 12.26 12.75 12.75 771 162795.44 2031639.00
22/06/2016 12.65 12.15 12.74 12.18 1369 187255.36 2330056.00
23/06/2016 12.22 12.19 12.74 12.66 1223 172843.29 2165418.00
24/06/2016 12.03 11.93 12.57 12.29 1319 265405.29 3261533.00
27/06/2016 12.22 12.03 12.60 12.07 980 215369.03 2625963.00
28/06/2016 12.21 12.08 12.60 12.12 1346 433782.87 5358577.00
29/06/2016 12.26 12.16 12.89 12.40 1123 355125.47 4386933.00
30/06/2016 12.50 11.71 12.50 12.29 3358 993011.60 11880469.00
01/07/2016 12.29 11.86 12.51 12.32 3389 939220.09 11569624.00
04/07/2016 12.39 12.39 13.25 12.91 1342 374510.71 4793326.00
05/07/2016 13.01 12.67 13.35 12.96 2161 505437.22 6576101.00
06/07/2016 13.31 12.94 13.40 13.07 1419 265709.77 3478132.00
07/07/2016 13.23 12.76 13.23 13.10 1191 240539.40 3122363.00
08/07/2016 13.19 12.89 13.27 12.94 1367 228461.68 2966492.00
11/07/2016 13.02 12.87 13.44 13.23 1353 231303.50 3058789.00
12/07/2016 13.24 13.24 13.59 13.30 1394 252921.60 3384304.00
13/07/2016 13.40 13.30 13.51 13.45 1085 435914.23 5813738.00
14/07/2016 13.60 13.48 14.68 14.60 2679 683659.66 9788114.00
15/07/2016 14.29 13.91 14.98 14.87 4889 1116630.58 16336717.00
18/07/2016 14.89 14.81 15.65 14.93 1854 481180.29 7329682.00
19/07/2016 15.03 14.93 15.34 15.10 557 117630.87 1775405.00
20/07/2016 15.27 14.67 15.44 15.07 725 277178.52 4169899.00
21/07/2016 15.06 14.84 15.89 15.44 2183 555067.50 8557881.00
22/07/2016 15.45 15.11 15.75 15.67 1923 425257.42 6579237.00
25/07/2016 15.59 15.14 15.76 15.32 1390 239118.49 3675787.00
26/07/2016 15.53 15.28 15.53 15.29 605 84747.00 1302033.00
27/07/2016 15.28 14.98 15.52 15.27 1223 213846.63 3279784.00
28/07/2016 15.07 14.46 15.36 14.91 1228 234652.78 3484655.00
29/07/2016 15.07 15.07 15.67 15.40 1294 273727.75 4231942.00
01/08/2016 15.47 15.47 16.26 16.06 1668 384457.07 6152465.00
02/08/2016 16.14 15.27 16.14 15.96 1517 303262.33 4726962.00
03/08/2016 15.77 15.42 16.11 16.11 1696 324575.95 5115015.00
04/08/2016 16.12 15.76 16.23 15.96 1609 368522.60 5904336.00
05/08/2016 16.06 16.06 17.03 16.51 3463 914557.19 15222782.00
08/08/2016 16.60 15.96 16.62 16.36 1830 475598.15 7724404.00
09/08/2016 16.31 15.92 16.53 16.40 2637 459257.71 7458060.00
10/08/2016 16.41 16.24 17.28 16.75 3263 855285.03 14366480.00
11/08/2016 16.85 16.53 16.98 16.65 1066 269262.04 4496211.00
12/08/2016 16.65 16.21 16.79 16.40 1112 191213.60 3156774.00
15/08/2016 16.57 16.33 16.70 16.60 1043 232318.43 3837166.00
16/08/2016 16.45 16.10 16.58 16.10 1407 207960.01 3379530.00
17/08/2016 15.96 15.35 16.42 15.76 1663 348325.41 5446641.00
18/08/2016 15.84 15.55 16.25 15.81 1536 266318.73 4210057.00
19/08/2016 15.93 15.93 17.51 17.24 2935 715630.09 12052198.00
22/08/2016 17.06 16.65 17.12 16.65 1760 297578.70 5016315.00
23/08/2016 16.92 16.58 17.22 16.86 2007 382122.72 6487817.00
24/08/2016 16.93 15.96 17.00 15.96 2703 391866.09 6414074.00
25/08/2016 16.10 15.13 16.10 15.52 2371 425155.93 6628352.00
26/08/2016 15.38 15.01 15.67 15.34 3486 602870.90 9203859.00
29/08/2016 15.39 15.39 16.45 16.16 3271 474177.25 7557629.00
30/08/2016 16.23 15.83 16.49 16.38 1980 306510.12 4971913.00
31/08/2016 16.38 15.73 16.38 16.00 1242 197709.18 3149659.00
01/09/2016 15.97 15.85 16.62 16.48 1180 211309.30 3450139.00
02/09/2016 16.38 16.01 16.68 16.16 733 125851.84 2036606.00
05/09/2016 16.16 16.15 16.76 16.32 1475 352994.11 5770798.00
06/09/2016 16.26 15.98 16.72 16.71 1083 180353.80 2948395.00
08/09/2016 16.70 16.59 17.28 17.14 1547 234449.79 4002526.00
09/09/2016 17.18 16.38 17.18 16.75 1210 215267.54 3601195.00
12/09/2016 16.55 15.99 16.56 16.48 1723 259518.67 4240075.00
13/09/2016 16.52 15.76 16.70 16.28 1322 191822.56 3119949.00
14/09/2016 16.24 15.98 16.64 16.13 982 148484.87 2422775.00
15/09/2016 16.26 16.16 17.00 17.00 1452 234754.27 3897869.00
16/09/2016 16.69 16.41 17.05 17.05 1627 227649.74 3816497.00
19/09/2016 16.90 16.77 17.24 16.99 1556 261751.52 4444269.00
20/09/2016 16.88 16.79 17.09 17.02 1083 176598.55 2999306.00
21/09/2016 17.00 16.74 17.51 17.43 1755 388618.30 6633281.00
22/09/2016 17.51 17.49 18.18 17.98 1710 338582.04 6080284.00
23/09/2016 17.98 17.74 18.35 18.01 2709 473263.81 8572078.00
26/09/2016 17.87 17.17 17.98 17.74 2269 381412.26 6737425.00
27/09/2016 17.90 17.42 18.04 17.51 1111 223285.52 3953917.00
28/09/2016 17.68 17.51 18.12 17.91 1300 194156.91 3444446.00
29/09/2016 17.82 17.09 17.84 17.09 1353 195273.34 3408877.00
30/09/2016 17.13 16.60 17.25 17.00 1006 173959.72 2950929.00
03/10/2016 17.01 16.79 17.72 17.46 1338 178932.90 3099933.00
04/10/2016 17.54 17.19 17.93 17.93 1090 158025.25 2795594.00
05/10/2016 17.87 17.74 18.33 18.28 1404 272306.84 4928093.00
06/10/2016 18.32 18.05 18.58 18.25 872 188371.78 3449455.00
07/10/2016 18.31 17.88 18.60 18.60 1286 187356.85 3419437.00
10/10/2016 18.59 18.17 18.72 18.60 1260 270987.42 4978124.00
11/10/2016 18.39 18.29 18.54 18.35 1215 287023.38 5294698.00
13/10/2016 18.33 17.96 18.90 18.71 2385 501580.47 9316492.00
14/10/2016 18.71 18.48 19.16 19.16 968 154574.47 2924296.00
17/10/2016 19.04 18.69 20.04 19.34 3490 934551.39 17962103.00
18/10/2016 19.50 19.49 20.10 19.74 2008 429926.12 8537070.00
19/10/2016 19.80 19.61 20.45 19.91 1657 1247557.09 25165185.00
20/10/2016 19.96 19.57 20.02 19.75 860 118138.34 2333605.00
21/10/2016 19.71 19.66 20.29 20.10 1663 258402.24 5184180.00
24/10/2016 20.10 19.75 20.29 19.80 1634 230187.07 4586490.00
25/10/2016 19.91 18.62 20.06 20.00 1852 371770.39 7285756.00
26/10/2016 20.00 19.59 20.26 20.20 1263 216079.49 4309987.00
27/10/2016 20.32 19.56 20.34 19.95 1179 256575.36 5132542.00
28/10/2016 19.94 19.76 20.19 19.82 914 154878.96 3095038.00
31/10/2016 19.72 19.71 20.64 20.37 1132 335943.21 6820312.00
01/11/2016 20.45 19.70 20.86 20.10 1538 438147.08 8891024.00
03/11/2016 20.08 19.77 20.54 20.15 1665 434696.31 8789623.00
04/11/2016 20.19 20.19 20.89 20.89 1762 359083.71 7410838.00
07/11/2016 21.04 20.94 21.57 21.19 2641 388313.82 8283163.00
08/11/2016 20.99 20.99 22.84 21.97 3782 944802.22 20851647.00
09/11/2016 21.28 21.28 22.29 21.53 2393 567652.68 12321219.00
10/11/2016 21.53 19.55 21.93 20.24 2798 465854.79 9656398.00
11/11/2016 20.32 19.32 20.36 19.46 1863 270784.44 5355490.00
14/11/2016 19.31 19.31 20.78 19.39 1767 510105.92 10173363.00
16/11/2016 19.61 19.56 21.62 21.18 2942 564404.90 11699349.00
17/11/2016 21.45 20.40 21.67 20.59 2700 395215.37 8346874.00
18/11/2016 20.88 20.10 21.69 21.68 2919 567246.71 12156125.00
21/11/2016 21.82 21.71 22.16 22.16 1351 216586.95 4761653.00
22/11/2016 22.24 21.69 22.70 21.69 3001 577193.07 12803196.00
23/11/2016 21.78 21.22 21.81 21.52 1869 281136.77 6047452.00
24/11/2016 21.57 20.76 21.64 21.00 999 217094.42 4602611.00
25/11/2016 20.45 20.32 20.84 20.61 2845 499449.11 10321244.00
28/11/2016 20.64 20.30 20.93 20.74 2499 469407.06 9640742.00
29/11/2016 20.49 20.44 21.43 20.44 1180 175583.61 3697412.00
30/11/2016 20.48 19.91 21.00 20.00 1834 302348.89 6141424.00
01/12/2016 19.95 18.96 19.98 19.16 2776 426069.37 8266141.00
02/12/2016 18.92 18.23 19.31 18.52 1917 300014.54 5653935.00
05/12/2016 18.52 18.51 19.19 19.07 2933 467275.69 8820897.00
06/12/2016 18.88 18.57 19.48 18.57 1800 286515.92 5429010.00
07/12/2016 18.72 18.72 19.66 19.02 2055 294432.40 5644008.00
08/12/2016 19.12 18.08 19.58 18.13 1252 378062.98 7119431.00
09/12/2016 18.26 17.69 18.68 17.93 1990 518326.88 9316487.00
12/12/2016 17.88 16.74 17.88 17.03 1025 302145.90 5183011.00
13/12/2016 17.14 17.06 17.66 17.37 1316 386182.45 6689997.00
14/12/2016 17.48 16.70 17.55 16.89 1612 210598.84 3615083.00
15/12/2016 16.99 16.50 17.04 17.04 2050 315035.57 5270716.00
16/12/2016 17.28 16.41 17.28 16.95 3578 554255.55 9307385.00
19/12/2016 16.94 16.69 17.19 17.13 1478 248455.89 4207590.00
20/12/2016 17.38 17.11 18.12 17.78 2687 466666.73 8279194.00
21/12/2016 17.74 17.49 18.02 17.75 919 134580.27 2388969.00
22/12/2016 17.74 17.70 18.63 18.34 1398 185428.47 3345714.00
23/12/2016 18.34 17.87 18.50 17.87 1385 181876.20 3316534.00
26/12/2016 17.89 17.34 18.12 18.12 601 105857.63 1883861.00
27/12/2016 18.17 17.86 18.41 18.40 1512 203595.80 3707631.00
28/12/2016 18.25 17.94 18.40 18.29 1119 147571.43 2690233.00
29/12/2016 18.44 18.12 18.52 18.40 1875 247136.47 4524453.00
02/01/2017 18.18 17.89 18.32 18.23 703 88806.74 1608281.00
03/01/2017 18.22 18.22 19.06 18.95 1426 278700.92 5169294.00
04/01/2017 18.95 18.51 19.39 18.82 1646 227954.22 4338802.00
05/01/2017 18.85 18.01 19.27 18.07 1456 199942.03 3721391.00
06/01/2017 18.17 17.60 19.05 18.71 1738 278396.44 5152416.00
09/01/2017 18.56 18.33 19.00 18.41 914 116818.92 2176510.00
10/01/2017 18.41 17.83 18.68 18.05 1872 285095.01 5213791.00
11/01/2017 18.06 17.64 18.82 18.63 2313 331984.97 6001525.00
12/01/2017 18.69 18.26 19.36 18.72 2460 618906.86 11608087.00
13/01/2017 18.89 18.72 19.30 19.30 2494 291590.59 5519813.00
16/01/2017 19.11 19.11 20.27 20.05 1477 235363.24 4681933.00
17/01/2017 20.15 19.50 20.15 19.85 1404 182891.14 3615190.00
18/01/2017 19.85 18.46 20.02 18.46 1710 329955.10 6292415.00
19/01/2017 18.62 18.13 18.73 18.13 2008 352385.15 6471494.00
20/01/2017 18.18 18.04 18.69 18.43 2123 264593.34 4872704.00
23/01/2017 18.07 17.73 18.41 18.07 1611 247237.97 4432954.00
24/01/2017 18.11 17.49 18.60 17.64 1896 390546.67 6979274.00
26/01/2017 17.56 17.56 18.48 18.37 1617 224503.44 4081985.00
27/01/2017 18.48 17.74 18.48 17.74 1346 169696.99 3071077.00
30/01/2017 17.88 17.62 17.93 17.67 1108 147266.95 2619013.00
31/01/2017 17.69 17.21 17.90 17.48 2210 287835.33 5016628.00
01/02/2017 17.49 16.90 17.54 17.03 1505 305089.21 5213184.00
02/02/2017 17.08 16.79 17.34 17.08 2825 487574.38 8306098.00
03/02/2017 17.18 16.46 17.18 16.64 1965 537610.63 9079483.00
06/02/2017 16.65 16.14 17.02 16.84 2137 316557.97 5291391.00
07/02/2017 16.74 16.39 16.82 16.55 2133 328635.69 5438073.00
08/02/2017 16.58 16.31 16.94 16.54 2066 352486.64 5846023.00
09/02/2017 16.54 16.31 16.85 16.55 3600 544512.19 9006176.00
10/02/2017 16.46 16.44 17.40 17.32 2700 1236392.81 21156731.00
13/02/2017 17.36 17.36 18.12 17.90 1867 459968.17 8208252.00
14/02/2017 18.12 17.79 18.33 18.08 1547 276366.58 4988233.00
15/02/2017 18.09 18.08 18.49 18.08 1971 418355.87 7683180.00
16/02/2017 18.16 17.85 18.59 18.39 2391 387400.37 7062918.00
17/02/2017 18.41 18.10 19.20 18.83 2358 444236.69 8312483.00
20/02/2017 18.82 18.57 19.16 18.83 1312 194156.91 3661162.00
21/02/2017 18.85 18.61 19.39 19.39 1618 2267058.47 42920829.00
22/02/2017 19.37 18.30 19.37 18.93 4118 630071.14 11778809.00
23/02/2017 19.16 18.48 19.37 18.79 1342 468290.63 8927249.00
24/02/2017 18.76 18.33 18.87 18.62 1405 188980.74 3502529.00
01/03/2017 18.62 18.14 18.82 18.52 1183 177207.51 3290175.00
02/03/2017 18.76 18.05 18.76 18.22 1001 367101.69 6734517.00
03/03/2017 18.23 17.98 18.58 18.13 1534 215267.54 3917982.00
06/03/2017 18.14 18.01 18.50 18.01 1920 245005.11 4477972.00
07/03/2017 18.03 18.03 18.58 18.23 1610 248354.39 4535399.00
08/03/2017 18.25 17.18 18.47 17.44 1997 379483.89 6669262.00
09/03/2017 17.54 17.29 17.92 17.58 1094 147672.92 2595943.00
10/03/2017 17.74 17.44 18.04 18.03 1156 145034.09 2568560.00
13/03/2017 18.03 17.44 18.18 17.54 2176 284181.57 5002889.00
14/03/2017 17.62 17.33 17.75 17.54 1094 147571.43 2585319.00
15/03/2017 17.54 17.34 18.44 18.44 1268 168276.09 3014749.00
16/03/2017 18.43 18.17 18.73 18.23 2008 271190.41 4989632.00
17/03/2017 18.84 18.22 19.07 18.72 2628 429520.14 7944710.00
20/03/2017 18.73 18.31 18.99 18.99 1456 172900.00 3213697.00
21/03/2017 18.96 18.27 18.96 18.41 3597 582200.00 10728379.00
22/03/2017 18.29 18.00 18.49 18.22 2196 387900.00 7090101.00
23/03/2017 18.16 18.06 18.50 18.35 1656 224900.00 4100092.00
24/03/2017 18.20 17.91 18.63 18.63 1932 324700.00 5942671.00
27/03/2017 18.59 18.23 18.74 18.70 935 177400.00 3284723.00
28/03/2017 18.68 18.44 19.16 18.95 1117 254400.00 4772039.00
29/03/2017 19.00 18.69 19.75 19.75 1501 453900.00 8767940.00
30/03/2017 19.60 19.33 19.89 19.85 2277 608300.00 11959637.00
31/03/2017 19.79 19.64 20.56 20.50 1635 277900.00 5607673.00
03/04/2017 20.56 20.54 21.28 20.90 3186 604200.00 12621962.00
04/04/2017 20.80 20.80 21.40 21.25 2373 484000.00 10204631.00
05/04/2017 21.25 21.17 21.60 21.30 2237 436100.00 9286187.00
06/04/2017 21.27 21.27 22.14 22.01 3023 692500.00 15137676.00
07/04/2017 22.20 22.20 22.79 22.70 2278 845500.00 19078681.00
10/04/2017 22.70 22.46 23.49 23.39 2496 567100.00 13142093.00
11/04/2017 23.35 23.04 23.69 23.19 2732 460800.00 10704175.00
12/04/2017 23.18 23.16 23.94 23.80 2609 887700.00 21121219.00
13/04/2017 23.85 23.53 24.24 23.90 2165 391700.00 9347698.00
17/04/2017 23.90 23.26 24.20 23.75 2503 507700.00 11980012.00
18/04/2017 23.47 23.45 24.06 23.97 1507 211700.00 5038818.00
19/04/2017 23.85 23.80 24.14 23.91 1733 211900.00 5085596.00
20/04/2017 23.75 23.75 24.20 24.20 1486 210200.00 5046723.00
24/04/2017 24.24 23.99 24.64 24.44 2021 279900.00 6821099.00
25/04/2017 24.22 24.22 24.69 24.65 1643 248800.00 6113700.00
26/04/2017 24.67 24.04 24.67 24.35 1957 686200.00 16722252.00
27/04/2017 24.30 23.83 24.41 24.20 1150 159200.00 3840325.00
28/04/2017 24.30 24.19 24.53 24.50 1171 155600.00 3796253.00
02/05/2017 24.58 24.51 25.54 25.30 1974 288400.00 7283607.00
03/05/2017 25.04 24.85 25.51 24.88 1509 204000.00 5119799.00
04/05/2017 25.10 24.02 25.10 24.02 2026 280600.00 6822992.00
05/05/2017 24.02 23.84 25.05 24.00 2840 461700.00 11309767.00
08/05/2017 23.89 23.89 25.20 25.00 2517 411800.00 10241148.00
09/05/2017 25.03 24.98 25.78 25.73 2564 438000.00 11125373.00
10/05/2017 25.79 25.01 25.80 25.11 3300 832800.00 21264101.00
11/05/2017 25.20 25.20 25.81 25.60 2733 377300.00 9626532.00
12/05/2017 25.60 25.23 25.95 25.52 1654 1079400.00 27376128.00
15/05/2017 25.35 24.67 25.41 25.22 2045 1580500.00 39522413.00
16/05/2017 25.09 25.09 26.00 25.80 1542 462700.00 11835120.00
17/05/2017 25.84 25.64 26.12 25.70 2214 349300.00 9042165.00
18/05/2017 22.01 21.75 24.27 21.90 1920 346400.00 8013862.00
19/05/2017 22.25 22.00 23.80 23.80 2122 709500.00 16158167.00
22/05/2017 23.40 22.20 23.47 22.70 2140 404400.00 9218047.00
23/05/2017 22.70 22.16 23.06 22.20 1625 361500.00 8093248.00
24/05/2017 22.33 21.89 22.91 22.91 1970 418700.00 9318854.00
25/05/2017 22.89 22.80 23.57 22.85 2298 335900.00 7757268.00
26/05/2017 22.75 22.70 24.10 23.62 2250 647200.00 15303386.00
29/05/2017 23.69 23.36 24.01 23.60 2132 393300.00 9357217.00
30/05/2017 23.70 23.47 24.19 23.90 1533 268800.00 6384213.00
31/05/2017 23.67 23.47 24.06 24.06 1782 329600.00 7830555.00
01/06/2017 24.00 23.31 24.00 23.61 2092 300700.00 7124463.00
02/06/2017 23.39 23.04 23.65 23.13 1340 493200.00 11471038.00
05/06/2017 23.20 22.77 23.37 23.25 1435 213100.00 4911278.00
06/06/2017 23.44 22.90 23.70 23.70 1218 232100.00 5384267.00
07/06/2017 23.66 23.35 24.00 24.00 1403 1591300.00 37622082.00
08/06/2017 24.19 23.13 24.20 23.40 2082 426300.00 9994331.00
09/06/2017 23.68 23.19 24.20 23.19 2031 465100.00 10975511.00
12/06/2017 23.41 23.33 23.83 23.74 1447 189200.00 4459639.00
13/06/2017 24.06 23.20 24.06 23.75 1491 193300.00 4526708.00
14/06/2017 23.98 23.45 23.98 23.74 956 138900.00 3293734.00
16/06/2017 23.73 23.38 23.93 23.93 841 184700.00 4387728.00
