27/06/2016 5.00 5.00 5.00 5.00 2 200.00 1000.00
01/07/2016 4.85 4.85 4.85 4.85 1 200.00 970.00
04/07/2016 4.60 4.50 4.60 4.50 3 1100.00 5050.00
06/07/2016 4.40 4.40 4.40 4.40 1 100.00 440.00
18/07/2016 5.19 5.19 5.19 5.19 2 200.00 1038.00
20/07/2016 5.09 5.09 5.09 5.09 1 2300.00 11707.00
21/07/2016 4.90 4.90 4.90 4.90 3 1200.00 5880.00
22/07/2016 5.09 5.09 5.09 5.09 1 100.00 509.00
26/07/2016 4.90 4.90 4.90 4.90 2 1100.00 5390.00
29/07/2016 4.91 4.91 4.91 4.91 1 100.00 491.00
08/08/2016 4.90 4.90 4.90 4.90 1 100.00 490.00
10/08/2016 4.90 4.90 4.90 4.90 1 100.00 490.00
15/08/2016 4.80 4.80 4.80 4.80 1 400.00 1920.00
05/09/2016 4.70 4.70 4.70 4.70 1 400.00 1880.00
05/10/2016 5.00 5.00 5.00 5.00 1 100.00 500.00
06/10/2016 4.85 4.85 4.85 4.85 1 600.00 2910.00
19/10/2016 5.15 5.15 5.15 5.15 1 1100.00 5665.00
20/10/2016 4.85 4.85 4.85 4.85 1 900.00 4365.00
21/10/2016 4.70 4.70 4.70 4.70 2 800.00 3760.00
27/10/2016 4.61 4.61 4.61 4.61 1 600.00 2766.00
08/11/2016 4.61 4.61 4.61 4.61 1 400.00 1844.00
05/12/2016 4.00 4.00 4.05 4.05 2 700.00 2825.00
29/12/2016 4.60 4.60 4.60 4.60 4 600.00 2760.00
06/01/2017 4.61 4.61 4.61 4.61 1 5000.00 23050.00
17/01/2017 6.90 4.80 6.90 4.80 7 1400.00 8442.00
18/01/2017 5.05 5.05 5.05 5.05 2 1000.00 5050.00
06/02/2017 5.15 5.15 5.15 5.15 2 300.00 1545.00
29/03/2017 5.00 5.00 5.00 5.00 1 10000.00 50000.00
30/03/2017 5.00 5.00 5.00 5.00 1 13000.00 65000.00
27/04/2017 5.00 5.00 5.00 5.00 1 600.00 3000.00
18/05/2017 4.80 4.80 4.80 4.80 1 100.00 480.00
