20/06/2016 2.30 2.29 2.39 2.39 7 2700.00 6334.00
21/06/2016 2.30 2.26 2.30 2.26 27 13200.00 30172.00
22/06/2016 2.27 2.21 2.39 2.33 20 23800.00 54122.00
23/06/2016 2.35 2.21 2.40 2.26 321 46700.00 104757.00
24/06/2016 2.34 2.24 2.34 2.25 16 25600.00 57772.00
27/06/2016 2.35 2.21 2.35 2.21 17 16100.00 35944.00
28/06/2016 2.29 2.20 2.29 2.22 23 10400.00 23074.00
29/06/2016 2.27 2.21 2.30 2.30 38 45900.00 103366.00
30/06/2016 2.33 2.21 2.33 2.32 94 48600.00 108993.00
01/07/2016 2.32 2.22 2.32 2.22 32 28100.00 63009.00
04/07/2016 2.24 2.21 2.30 2.29 25 27500.00 61043.00
05/07/2016 2.28 2.20 2.28 2.20 12 6600.00 14711.00
06/07/2016 2.26 2.18 2.26 2.19 19 14800.00 32497.00
07/07/2016 2.26 2.16 2.26 2.16 46 24800.00 54294.00
08/07/2016 2.20 2.15 2.20 2.18 51 23800.00 51369.00
11/07/2016 2.19 2.13 2.20 2.13 29 33100.00 71922.00
12/07/2016 2.18 2.08 2.21 2.08 58 38800.00 82946.00
13/07/2016 2.10 2.08 2.16 2.10 158 39100.00 82342.00
14/07/2016 2.17 2.15 2.67 2.65 164 140300.00 334488.00
15/07/2016 2.62 2.55 3.29 3.18 197 178500.00 532458.00
18/07/2016 3.30 3.30 3.57 3.50 135 109600.00 375811.00
19/07/2016 3.70 3.51 3.74 3.63 75 70300.00 257314.00
20/07/2016 3.64 3.25 3.64 3.25 88 77600.00 264291.00
21/07/2016 3.16 3.16 3.60 3.25 28 17600.00 57299.00
22/07/2016 3.45 3.40 3.48 3.45 18 20100.00 69448.00
25/07/2016 3.48 3.40 3.55 3.48 28 17900.00 61880.00
26/07/2016 3.50 3.35 3.57 3.35 16 5300.00 18450.00
27/07/2016 3.35 3.00 3.49 3.30 67 30000.00 94963.00
28/07/2016 3.21 3.21 3.36 3.35 18 4300.00 14206.00
29/07/2016 3.50 3.08 3.50 3.09 46 22400.00 70413.00
01/08/2016 3.11 3.11 3.28 3.27 9 2400.00 7649.00
02/08/2016 3.39 3.10 3.39 3.10 26 7800.00 24523.00
03/08/2016 3.33 3.11 3.33 3.25 12 2400.00 7600.00
04/08/2016 3.29 3.25 3.71 3.71 46 28000.00 95571.00
05/08/2016 3.72 3.53 3.73 3.53 30 12800.00 46865.00
08/08/2016 3.67 3.60 3.67 3.60 12 3400.00 12311.00
09/08/2016 3.59 3.37 3.63 3.57 12 2100.00 7446.00
10/08/2016 3.35 3.26 3.47 3.47 31 6400.00 21268.00
11/08/2016 3.25 3.21 3.45 3.45 15 3600.00 11768.00
12/08/2016 3.44 3.22 3.44 3.26 15 8300.00 27037.00
15/08/2016 3.42 3.08 3.42 3.08 69 52400.00 163455.00
16/08/2016 3.13 2.90 3.13 2.96 53 34300.00 103338.00
17/08/2016 2.90 2.90 2.99 2.90 35 38000.00 111144.00
18/08/2016 3.16 2.90 3.16 2.99 15 10000.00 29068.00
19/08/2016 3.08 2.90 3.08 2.90 32 17400.00 50485.00
22/08/2016 2.91 2.89 3.07 3.06 15 4900.00 14246.00
23/08/2016 2.92 2.81 3.06 2.92 37 24900.00 72302.00
24/08/2016 2.98 2.97 3.19 3.11 30 7400.00 22558.00
25/08/2016 3.13 3.02 3.13 3.10 14 1600.00 4940.00
26/08/2016 3.15 3.10 3.15 3.10 4 600.00 1869.00
29/08/2016 3.15 3.02 3.15 3.09 15 3100.00 9555.00
30/08/2016 3.09 3.05 3.15 3.05 5 1400.00 4367.00
31/08/2016 3.02 3.02 3.14 3.13 18 13300.00 40647.00
01/09/2016 3.06 3.03 3.10 3.03 9 1600.00 4885.00
02/09/2016 3.13 3.09 3.16 3.09 14 3000.00 9315.00
05/09/2016 3.16 3.16 3.30 3.25 18 10500.00 33352.00
06/09/2016 3.29 3.19 3.39 3.19 11 2800.00 9176.00
08/09/2016 3.25 3.25 3.25 3.25 1 100.00 325.00
09/09/2016 3.23 3.20 3.24 3.23 13 4500.00 14532.00
12/09/2016 3.22 3.20 3.26 3.25 9 2500.00 8045.00
13/09/2016 3.25 3.14 3.25 3.20 17 5100.00 16187.00
14/09/2016 3.14 3.00 3.19 3.10 13 1300.00 3998.00
15/09/2016 3.20 3.01 3.20 3.17 6 2600.00 7890.00
16/09/2016 2.97 2.97 3.15 3.15 3 300.00 909.00
19/09/2016 2.99 2.99 3.17 3.17 3 300.00 933.00
20/09/2016 3.16 3.10 3.19 3.19 10 5200.00 16218.00
21/09/2016 3.06 3.05 3.18 3.05 5 800.00 2457.00
22/09/2016 3.17 3.06 3.17 3.17 7 700.00 2203.00
23/09/2016 3.17 3.12 3.18 3.17 10 3800.00 12035.00
26/09/2016 3.17 3.14 3.18 3.18 5 1400.00 4407.00
27/09/2016 3.17 3.01 3.22 3.04 19 4200.00 12933.00
28/09/2016 3.21 3.08 3.21 3.19 7 1400.00 4465.00
29/09/2016 3.20 3.15 3.20 3.20 5 1600.00 5066.00
30/09/2016 3.08 2.97 3.19 2.97 18 6700.00 20210.00
03/10/2016 3.09 2.91 3.09 2.91 33 35700.00 105804.00
04/10/2016 2.92 2.81 2.92 2.85 34 23200.00 65846.00
05/10/2016 2.88 2.82 2.90 2.82 32 14600.00 41637.00
06/10/2016 2.82 2.82 2.90 2.90 16 7200.00 20645.00
07/10/2016 2.86 2.80 3.05 2.95 24 23500.00 68332.00
10/10/2016 3.10 3.08 3.14 3.09 26 9100.00 28139.00
11/10/2016 3.15 3.09 3.21 3.21 22 25800.00 82154.00
13/10/2016 3.21 3.10 3.22 3.20 17 10900.00 34795.00
14/10/2016 3.25 3.14 3.25 3.25 4 400.00 1284.00
17/10/2016 3.24 3.24 3.25 3.25 4 600.00 1946.00
18/10/2016 3.28 3.25 3.31 3.30 12 13900.00 45554.00
19/10/2016 3.31 3.24 3.31 3.24 4 1100.00 3634.00
20/10/2016 3.30 3.03 3.30 3.05 16 15600.00 50340.00
21/10/2016 3.16 3.10 3.24 3.10 18 8400.00 26417.00
24/10/2016 3.11 3.10 3.11 3.10 4 1200.00 3728.00
25/10/2016 3.27 3.05 3.27 3.05 12 1600.00 4950.00
26/10/2016 3.05 3.05 3.05 3.05 7 6000.00 18300.00
27/10/2016 3.10 3.10 3.10 3.10 2 1000.00 3100.00
28/10/2016 3.10 3.10 3.11 3.10 6 15500.00 48060.00
31/10/2016 3.13 3.10 3.18 3.18 12 8400.00 26094.00
01/11/2016 3.21 3.05 3.21 3.05 14 5100.00 15885.00
03/11/2016 3.19 3.17 3.19 3.17 5 1400.00 4446.00
04/11/2016 3.11 3.11 3.11 3.11 2 500.00 1555.00
07/11/2016 3.12 3.10 3.22 3.10 7 8100.00 25227.00
08/11/2016 3.22 3.09 3.22 3.09 4 7500.00 23198.00
09/11/2016 3.06 2.99 3.08 3.04 18 12500.00 37884.00
10/11/2016 3.00 2.95 3.00 2.95 10 5400.00 16070.00
11/11/2016 2.95 2.90 2.95 2.90 5 700.00 2046.00
14/11/2016 3.00 2.88 3.00 2.89 9 5000.00 14537.00
16/11/2016 2.90 2.87 2.95 2.87 9 10400.00 30093.00
17/11/2016 2.94 2.90 2.95 2.95 6 4000.00 11699.00
18/11/2016 2.92 2.88 2.92 2.90 5 7700.00 22206.00
21/11/2016 2.90 2.83 2.90 2.83 13 8200.00 23521.00
22/11/2016 2.93 2.84 2.93 2.84 10 3400.00 9751.00
23/11/2016 2.84 2.72 2.84 2.75 15 6300.00 17342.00
24/11/2016 2.84 2.75 2.84 2.75 10 1700.00 4719.00
25/11/2016 2.73 2.69 2.82 2.69 13 11400.00 31043.00
28/11/2016 2.81 2.66 2.81 2.72 14 7000.00 18933.00
29/11/2016 2.73 2.72 2.82 2.82 10 10700.00 29320.00
30/11/2016 2.82 2.73 2.87 2.80 19 4900.00 13543.00
01/12/2016 2.76 2.65 2.76 2.65 10 2600.00 7061.00
02/12/2016 2.65 2.64 2.75 2.75 5 5500.00 14593.00
05/12/2016 2.74 2.64 2.78 2.78 8 2100.00 5783.00
06/12/2016 2.78 2.78 2.85 2.85 9 3900.00 10912.00
07/12/2016 2.83 2.78 2.85 2.85 10 2600.00 7329.00
08/12/2016 2.77 2.71 2.83 2.83 11 1800.00 5036.00
09/12/2016 2.75 2.70 2.78 2.78 13 2100.00 5765.00
12/12/2016 2.73 2.60 2.81 2.81 17 3200.00 8583.00
13/12/2016 2.80 2.79 2.80 2.80 4 1400.00 3917.00
14/12/2016 2.72 2.60 2.75 2.65 23 11200.00 30051.00
15/12/2016 2.74 2.74 2.75 2.75 2 1100.00 3015.00
16/12/2016 2.75 2.75 2.90 2.77 4 1300.00 3613.00
19/12/2016 2.89 2.63 2.89 2.63 13 2700.00 7321.00
20/12/2016 2.79 2.75 2.87 2.84 17 4900.00 13744.00
22/12/2016 2.88 2.83 2.91 2.91 7 1000.00 2885.00
23/12/2016 2.78 2.70 2.78 2.70 9 3000.00 8147.00
27/12/2016 2.82 2.63 2.82 2.70 20 22300.00 59281.00
28/12/2016 2.70 2.70 2.79 2.75 3 1200.00 3264.00
29/12/2016 2.65 2.60 2.67 2.60 37 29400.00 76744.00
02/01/2017 2.60 2.55 2.60 2.56 6 700.00 1797.00
03/01/2017 2.56 2.56 2.70 2.70 3 400.00 1066.00
04/01/2017 2.63 2.60 2.66 2.62 9 10300.00 27034.00
05/01/2017 2.70 2.63 2.76 2.63 9 17000.00 45132.00
06/01/2017 2.68 2.68 2.79 2.69 10 8400.00 22837.00
09/01/2017 2.70 2.60 2.70 2.61 29 52800.00 138312.00
10/01/2017 2.62 2.60 2.67 2.60 19 5800.00 15307.00
11/01/2017 2.65 2.60 2.65 2.63 16 12000.00 31521.00
12/01/2017 2.69 2.63 2.74 2.74 15 16900.00 44965.00
13/01/2017 2.75 2.72 2.75 2.72 2 700.00 1910.00
16/01/2017 2.75 2.64 2.75 2.64 14 3900.00 10518.00
17/01/2017 2.74 2.66 2.78 2.66 18 7300.00 19979.00
18/01/2017 2.71 2.64 2.80 2.67 52 48300.00 130062.00
19/01/2017 2.75 2.59 2.77 2.59 48 21600.00 57558.00
20/01/2017 2.69 2.59 2.79 2.59 54 30200.00 79781.00
23/01/2017 2.64 2.60 2.66 2.66 13 12500.00 32815.00
24/01/2017 2.71 2.65 2.75 2.75 21 9500.00 25318.00
26/01/2017 2.74 2.65 2.89 2.65 57 31400.00 85600.00
27/01/2017 2.74 2.65 2.80 2.72 47 30800.00 83515.00
30/01/2017 2.89 2.66 2.89 2.75 37 45800.00 125039.00
31/01/2017 2.75 2.65 2.75 2.65 33 25400.00 67798.00
01/02/2017 2.72 2.66 2.72 2.70 22 14800.00 39699.00
02/02/2017 2.73 2.68 2.73 2.68 4 900.00 2417.00
03/02/2017 2.74 2.70 2.84 2.72 67 61800.00 170034.00
06/02/2017 2.70 2.64 2.77 2.77 35 17000.00 45958.00
07/02/2017 2.77 2.69 2.78 2.69 14 10300.00 28190.00
08/02/2017 2.75 2.74 2.75 2.74 5 1800.00 4934.00
09/02/2017 2.74 2.65 2.89 2.65 82 92300.00 248770.00
10/02/2017 2.72 2.65 2.72 2.71 15 7800.00 20865.00
13/02/2017 2.71 2.60 2.71 2.67 41 35300.00 93048.00
14/02/2017 2.65 2.59 2.72 2.67 13 10100.00 26382.00
15/02/2017 2.69 2.50 2.69 2.61 39 26400.00 68095.00
16/02/2017 2.66 2.55 2.66 2.55 12 2300.00 5992.00
17/02/2017 2.56 2.50 2.60 2.50 25 14000.00 35419.00
20/02/2017 2.52 2.50 2.69 2.58 50 59100.00 152286.00
21/02/2017 2.60 2.59 2.85 2.85 83 101500.00 273556.00
22/02/2017 2.85 2.82 3.57 3.39 354 285700.00 907836.00
23/02/2017 3.34 3.10 3.59 3.38 96 82000.00 270906.00
24/02/2017 3.45 3.20 3.45 3.30 31 26300.00 85608.00
01/03/2017 3.30 3.23 3.35 3.30 14 4600.00 15150.00
02/03/2017 3.10 3.09 3.23 3.23 16 7100.00 22114.00
03/03/2017 3.15 3.10 3.19 3.19 12 4700.00 14757.00
06/03/2017 3.18 3.00 3.18 3.15 44 37900.00 115735.00
07/03/2017 3.10 3.10 3.25 3.25 20 7900.00 25153.00
08/03/2017 3.10 2.93 3.24 2.97 45 23300.00 70892.00
09/03/2017 3.13 3.10 3.13 3.10 3 500.00 1556.00
10/03/2017 3.05 2.96 3.10 3.10 13 6500.00 19813.00
13/03/2017 3.08 2.79 3.08 2.87 65 106500.00 299536.00
14/03/2017 2.90 2.88 2.90 2.88 4 2400.00 6920.00
15/03/2017 2.93 2.67 2.93 2.80 92 128900.00 352185.00
16/03/2017 2.85 2.76 2.85 2.77 20 6000.00 16727.00
17/03/2017 2.90 2.60 2.90 2.60 52 76400.00 205329.00
20/03/2017 2.70 2.60 2.70 2.60 13 6500.00 17082.00
21/03/2017 2.70 2.50 2.70 2.50 19 4800.00 12112.00
22/03/2017 2.69 2.58 2.69 2.64 24 19000.00 50121.00
23/03/2017 2.61 2.50 2.67 2.65 41 23100.00 59674.00
24/03/2017 2.56 2.56 2.65 2.61 11 13400.00 34810.00
27/03/2017 2.65 2.58 2.77 2.77 27 19300.00 51096.00
28/03/2017 2.78 2.58 2.79 2.69 21 13200.00 34653.00
29/03/2017 2.75 2.67 2.98 2.70 18 10800.00 29611.00
30/03/2017 2.64 2.57 2.67 2.59 34 28800.00 74506.00
31/03/2017 2.69 2.58 2.69 2.67 15 5600.00 14663.00
03/04/2017 2.60 2.60 2.70 2.60 23 12500.00 32665.00
04/04/2017 2.68 2.66 2.68 2.66 2 200.00 534.00
05/04/2017 2.66 2.66 2.85 2.70 25 16300.00 44935.00
06/04/2017 2.80 2.62 2.80 2.62 24 30500.00 81103.00
07/04/2017 2.62 2.57 2.78 2.68 16 6400.00 16988.00
10/04/2017 2.70 2.67 2.80 2.79 25 14100.00 38607.00
11/04/2017 2.75 2.74 2.75 2.74 2 500.00 1374.00
12/04/2017 2.70 2.70 2.99 2.95 38 29900.00 86062.00
13/04/2017 2.81 2.67 2.81 2.68 75 47800.00 130122.00
17/04/2017 2.72 2.69 2.72 2.69 4 1000.00 2717.00
18/04/2017 2.67 2.65 2.76 2.65 27 15400.00 41049.00
19/04/2017 2.67 2.67 2.70 2.70 7 2700.00 7284.00
20/04/2017 2.72 2.72 2.79 2.77 19 4900.00 13467.00
24/04/2017 2.73 2.70 2.75 2.75 15 4100.00 11097.00
25/04/2017 2.72 2.69 2.89 2.89 37 11600.00 32614.00
26/04/2017 2.82 2.76 2.89 2.88 24 12400.00 35186.00
27/04/2017 2.84 2.82 2.90 2.90 22 17000.00 48854.00
28/04/2017 2.85 2.85 3.09 2.99 67 85300.00 251266.00
02/05/2017 3.02 2.95 3.06 3.06 25 65200.00 197647.00
03/05/2017 3.07 2.93 3.13 2.93 26 22200.00 67271.00
04/05/2017 2.93 2.90 3.00 3.00 16 8100.00 23731.00
05/05/2017 3.06 2.92 3.06 2.99 16 39000.00 118588.00
08/05/2017 2.99 2.93 3.05 3.02 11 2400.00 7267.00
09/05/2017 3.02 2.93 3.05 3.04 16 3700.00 11223.00
10/05/2017 3.05 2.90 3.10 3.05 28 25500.00 76354.00
11/05/2017 2.91 2.90 3.06 3.05 31 18700.00 55755.00
12/05/2017 2.99 2.86 3.07 3.07 19 22700.00 68210.00
15/05/2017 2.86 2.86 3.05 2.92 46 34000.00 100030.00
16/05/2017 2.95 2.95 3.04 3.04 8 8400.00 24822.00
17/05/2017 3.04 2.91 3.05 2.93 25 11300.00 33726.00
18/05/2017 2.70 2.64 2.94 2.71 35 60100.00 162334.00
19/05/2017 2.67 2.67 3.07 3.00 28 13100.00 39341.00
22/05/2017 3.06 2.76 3.06 2.86 18 14100.00 41624.00
23/05/2017 2.73 2.73 2.97 2.80 12 5600.00 15842.00
24/05/2017 2.80 2.70 2.98 2.90 56 77900.00 215730.00
25/05/2017 2.75 2.73 2.86 2.85 50 62200.00 171901.00
26/05/2017 2.85 2.85 2.96 2.96 21 16200.00 47412.00
29/05/2017 2.91 2.90 2.99 2.99 19 14500.00 42262.00
30/05/2017 2.99 2.86 3.04 2.86 22 12400.00 36248.00
31/05/2017 2.83 2.76 2.91 2.91 27 43900.00 126718.00
01/06/2017 2.93 2.92 2.94 2.92 5 1300.00 3799.00
02/06/2017 2.75 2.75 3.04 3.04 27 51800.00 152757.00
05/06/2017 3.02 3.00 3.38 3.38 39 55900.00 170962.00
06/06/2017 3.36 3.21 3.50 3.22 71 41200.00 137368.00
07/06/2017 3.04 2.96 3.09 2.96 29 16500.00 49872.00
08/06/2017 3.05 3.05 3.10 3.08 10 3500.00 10783.00
09/06/2017 3.10 3.00 3.14 3.01 10 2900.00 8781.00
12/06/2017 3.00 3.00 3.00 3.00 2 600.00 1800.00
13/06/2017 3.04 3.04 3.19 3.10 7 30500.00 94582.00
14/06/2017 3.13 3.13 3.15 3.15 11 10600.00 33387.00
16/06/2017 3.15 3.00 3.23 3.15 41 36600.00 114893.00
