20/06/2016 6.88 6.51 6.88 6.80 51 17070.51 114780.00
21/06/2016 6.80 6.60 6.83 6.79 17 5588.56 37906.00
22/06/2016 6.69 6.40 6.79 6.40 56 20931.70 137056.00
23/06/2016 6.44 6.44 6.79 6.79 28 13209.33 88941.00
24/06/2016 6.40 6.23 6.76 6.76 44 75699.60 488110.00
27/06/2016 6.81 6.70 6.86 6.84 37 32616.87 222122.00
28/06/2016 6.86 6.25 6.86 6.30 117 30991.11 201415.00
29/06/2016 6.45 6.30 6.48 6.40 51 15444.75 98501.00
30/06/2016 6.40 6.17 6.63 6.50 91 53243.75 344911.00
01/07/2016 6.59 6.06 6.67 6.15 83 59746.80 377991.00
04/07/2016 6.20 6.02 6.27 6.12 36 9246.53 56894.00
05/07/2016 6.15 5.81 6.15 5.89 67 63912.82 385778.00
06/07/2016 5.92 5.85 6.03 5.85 91 28349.25 168190.00
07/07/2016 5.85 5.66 5.90 5.74 46 13209.33 76317.00
08/07/2016 5.74 5.54 5.80 5.76 34 17985.01 103440.00
11/07/2016 5.90 5.73 5.95 5.80 30 10669.07 62261.00
12/07/2016 5.86 5.69 5.90 5.81 54 27333.14 158966.00
13/07/2016 5.94 5.56 5.94 5.56 140 127114.36 732067.00
14/07/2016 5.69 5.58 5.90 5.90 109 69704.60 400420.00
15/07/2016 5.75 5.41 5.90 5.41 13 2641.87 14733.00
18/07/2016 5.70 5.70 5.87 5.81 23 5791.78 33471.00
19/07/2016 5.90 5.73 6.11 5.81 245 64928.92 382501.00
20/07/2016 5.90 5.90 6.25 6.25 105 83117.14 498330.00
21/07/2016 6.30 6.18 6.30 6.28 98 43387.56 269983.00
22/07/2016 6.35 6.28 6.59 6.52 114 55072.73 351814.00
25/07/2016 6.58 6.35 6.58 6.40 55 46029.42 296617.00
26/07/2016 6.36 6.35 6.45 6.38 69 13818.99 88186.00
27/07/2016 6.35 6.35 6.84 6.66 110 72448.07 480093.00
28/07/2016 6.54 6.54 6.85 6.74 57 48264.85 325338.00
29/07/2016 6.89 6.79 6.97 6.88 337 113905.04 783403.00
01/08/2016 6.89 6.72 6.89 6.73 87 76309.26 522753.00
02/08/2016 6.73 6.55 6.73 6.59 29 13818.99 91635.00
03/08/2016 6.59 6.39 6.64 6.39 32 12193.22 79340.00
04/08/2016 6.37 6.30 6.59 6.59 84 109230.97 703474.00
05/08/2016 6.69 6.50 6.69 6.50 16 10669.07 70291.00
08/08/2016 6.62 6.29 6.62 6.30 29 11990.00 76709.00
09/08/2016 6.40 6.11 6.40 6.25 60 46842.30 294772.00
10/08/2016 6.44 6.26 6.44 6.29 11 12498.05 78730.00
11/08/2016 6.84 6.17 6.89 6.40 152 72244.85 472929.00
12/08/2016 6.50 6.10 6.50 6.20 53 17985.01 111501.00
15/08/2016 6.28 6.12 6.37 6.20 79 114209.87 716462.00
16/08/2016 6.30 6.02 6.35 6.05 82 50805.10 317382.00
17/08/2016 6.11 6.04 6.29 6.20 24 6604.66 40807.00
18/08/2016 6.28 5.86 6.28 6.20 208 36986.11 224944.00
19/08/2016 6.24 6.02 6.24 6.20 65 41558.57 254265.00
22/08/2016 6.24 6.02 6.32 6.18 56 20525.26 126320.00
23/08/2016 6.04 5.91 6.19 6.17 40 38205.44 235866.00
24/08/2016 6.21 6.08 6.21 6.20 45 24792.89 153582.00
25/08/2016 6.20 6.02 6.20 6.20 70 14631.87 90038.00
26/08/2016 6.10 5.93 6.13 6.00 32 11278.73 68452.00
29/08/2016 6.00 5.83 6.06 6.06 39 32312.04 192705.00
30/08/2016 5.95 5.87 6.04 6.04 31 23878.40 144163.00
31/08/2016 6.01 5.85 6.16 5.86 154 81796.21 493064.00
01/09/2016 5.86 5.58 5.93 5.58 88 34953.91 200228.00
02/09/2016 5.64 5.46 5.66 5.56 58 14631.87 81533.00
05/09/2016 5.62 5.46 5.62 5.55 18 7417.54 41160.00
06/09/2016 5.56 5.15 5.56 5.31 97 119087.16 639652.00
08/09/2016 5.34 5.23 5.38 5.36 53 32108.82 170976.00
09/09/2016 5.38 5.28 5.38 5.31 13 17578.56 93399.00
12/09/2016 5.25 5.07 5.25 5.08 139 104353.68 534620.00
13/09/2016 4.95 4.92 5.14 5.12 83 116038.85 580921.00
14/09/2016 5.12 5.06 5.17 5.08 36 19204.33 98067.00
15/09/2016 5.14 5.00 5.20 5.03 113 142762.33 728645.00
16/09/2016 5.05 4.87 5.11 4.98 43 49992.22 248113.00
19/09/2016 4.98 4.92 5.39 5.22 98 80170.45 417971.00
20/09/2016 5.12 5.12 5.46 5.46 27 18594.67 99444.00
21/09/2016 5.37 5.27 5.71 5.71 77 40136.03 219475.00
22/09/2016 5.56 5.54 5.71 5.71 39 23167.13 131605.00
23/09/2016 5.63 5.48 5.69 5.69 78 25504.16 143628.00
26/09/2016 5.61 5.54 5.71 5.71 27 17273.73 98299.00
27/09/2016 5.86 5.72 5.86 5.79 200 44403.66 258204.00
28/09/2016 5.90 5.52 5.90 5.71 80 59746.80 341422.00
29/09/2016 5.57 5.57 5.81 5.81 30 45927.81 263323.00
30/09/2016 5.72 5.72 5.89 5.89 16 6909.49 40300.00
03/10/2016 5.73 5.69 5.84 5.84 8 2743.48 15925.00
04/10/2016 5.88 5.74 5.88 5.81 4 406.44 2353.00
05/10/2016 5.81 5.61 5.88 5.84 29 23471.96 134428.00
06/10/2016 5.83 5.62 5.83 5.68 61 14225.43 81357.00
07/10/2016 5.76 5.52 5.83 5.70 34 13412.55 75627.00
10/10/2016 5.78 5.63 5.86 5.86 12 2845.09 16278.00
11/10/2016 5.71 5.58 5.73 5.71 65 42371.45 239400.00
13/10/2016 5.84 5.61 5.85 5.66 44 23675.18 134428.00
14/10/2016 5.86 5.41 5.86 5.41 118 260223.73 1437931.00
17/10/2016 5.31 5.31 5.61 5.50 62 51617.98 284999.00
18/10/2016 5.34 5.34 5.53 5.48 101 166132.68 913702.00
19/10/2016 5.41 5.37 5.52 5.41 32 138596.31 761709.00
20/10/2016 5.56 5.31 5.57 5.41 128 86775.11 474301.00
21/10/2016 5.46 5.29 5.46 5.41 46 25097.72 135748.00
24/10/2016 5.41 5.15 5.53 5.43 240 301782.30 1639194.00
25/10/2016 5.48 5.41 5.48 5.45 29 18797.89 102473.00
26/10/2016 5.44 5.07 5.56 5.53 196 143575.21 766302.00
27/10/2016 5.66 5.66 5.81 5.81 38 10872.29 62307.00
28/10/2016 5.87 5.51 5.90 5.51 135 48874.51 282621.00
31/10/2016 5.41 5.41 5.90 5.52 82 33023.32 182992.00
01/11/2016 5.90 5.59 5.90 5.81 39 22252.63 126267.00
03/11/2016 5.90 5.64 5.90 5.75 13 21439.75 123646.00
04/11/2016 5.81 5.48 5.81 5.51 44 65945.02 365273.00
07/11/2016 5.90 5.67 5.99 5.74 42 19915.60 115609.00
08/11/2016 5.90 5.75 5.90 5.86 38 77630.19 454627.00
09/11/2016 5.86 5.64 5.95 5.81 65 121017.75 716250.00
10/11/2016 5.77 5.65 5.79 5.65 18 7214.32 40847.00
11/11/2016 6.14 5.43 6.20 5.46 41 32007.21 177216.00
14/11/2016 5.64 4.92 5.65 5.30 97 54971.12 291241.00
16/11/2016 5.37 4.84 5.37 4.91 411 104353.68 524594.00
17/11/2016 5.03 4.83 5.12 4.92 124 35055.52 173434.00
18/11/2016 4.93 4.67 5.06 4.91 80 33632.98 164210.00
21/11/2016 5.00 4.88 5.12 5.12 72 39221.54 195029.00
22/11/2016 5.24 5.10 5.35 5.27 107 61169.34 317188.00
23/11/2016 5.28 5.17 5.66 5.66 103 68180.45 366126.00
24/11/2016 5.35 5.35 5.98 5.98 106 76309.26 433170.00
25/11/2016 5.51 5.51 5.85 5.56 193 142355.89 809207.00
28/11/2016 5.62 5.54 5.85 5.68 136 33023.32 186371.00
29/11/2016 5.89 5.51 5.90 5.79 95 46029.42 262930.00
30/11/2016 5.90 5.78 6.05 6.05 407 214600.75 1275383.00
01/12/2016 6.40 6.11 6.59 6.25 886 548390.26 3481840.00
02/12/2016 6.50 6.17 6.59 6.30 341 118985.55 748443.00
05/12/2016 6.47 6.05 6.47 6.20 282 113701.82 703312.00
06/12/2016 6.20 5.83 6.24 5.83 215 131178.77 788845.00
07/12/2016 6.00 5.90 6.17 6.00 105 48976.12 292179.00
08/12/2016 6.09 5.82 6.10 5.82 107 67774.00 403686.00
09/12/2016 5.89 5.89 6.10 6.03 69 21846.19 130279.00
12/12/2016 6.06 5.83 6.19 6.00 82 46435.86 277992.00
13/12/2016 6.17 5.90 6.17 5.98 68 35461.96 211168.00
14/12/2016 6.15 5.52 6.15 5.52 104 68790.11 399106.00
15/12/2016 5.53 5.41 5.67 5.46 111 57308.15 313972.00
16/12/2016 5.49 5.49 5.69 5.57 79 38307.05 213561.00
19/12/2016 5.63 5.42 5.79 5.46 75 51821.20 290973.00
20/12/2016 5.56 5.34 5.56 5.34 152 55682.39 303136.00
21/12/2016 5.37 5.37 5.86 5.65 99 64725.70 360037.00
22/12/2016 5.76 5.53 5.85 5.62 92 39932.81 224383.00
23/12/2016 5.72 5.63 5.82 5.76 43 22252.63 126293.00
26/12/2016 5.80 5.52 5.80 5.52 50 16664.07 94507.00
27/12/2016 5.67 5.54 5.71 5.71 24 7417.54 41916.00
28/12/2016 5.70 5.57 5.88 5.61 54 43692.39 247967.00
29/12/2016 5.61 5.51 5.70 5.51 56 33328.15 184956.00
02/01/2017 5.66 5.61 5.81 5.79 43 12498.05 71675.00
03/01/2017 5.82 5.72 5.89 5.72 58 26215.43 151505.00
04/01/2017 5.80 5.80 6.02 5.96 89 20830.09 123374.00
05/01/2017 6.09 5.90 6.33 5.90 86 35970.01 215322.00
06/01/2017 6.00 5.93 6.12 5.98 41 19813.99 119098.00
09/01/2017 6.11 5.71 6.11 5.71 67 42777.89 249542.00
10/01/2017 5.86 5.70 5.90 5.70 55 29670.18 172593.00
11/01/2017 5.85 5.70 5.87 5.71 53 16968.90 97966.00
12/01/2017 5.86 5.76 5.95 5.87 87 187470.82 1101253.00
13/01/2017 5.91 5.71 6.14 5.88 133 41558.57 243376.00
16/01/2017 5.86 5.85 6.00 5.85 108 27231.53 161272.00
17/01/2017 6.06 5.85 6.06 5.90 80 88096.04 522730.00
18/01/2017 6.05 5.99 6.05 6.04 75 21338.14 128575.00
19/01/2017 6.07 6.02 6.12 6.03 145 54463.07 330791.00
20/01/2017 6.07 6.05 6.18 6.17 135 74683.50 455393.00
23/01/2017 6.24 6.04 6.32 6.04 137 45927.81 286963.00
24/01/2017 6.00 6.00 6.27 6.10 178 50805.10 311086.00
26/01/2017 6.12 6.09 6.40 6.09 301 91449.18 566676.00
27/01/2017 6.10 6.10 6.41 6.39 301 95615.20 598550.00
30/01/2017 6.41 6.28 6.54 6.28 169 51922.81 331365.00
31/01/2017 6.30 6.20 6.42 6.30 115 46334.25 293192.00
01/02/2017 6.40 6.30 6.69 6.30 82 45216.54 291072.00
02/02/2017 6.49 6.45 6.73 6.61 522 226895.58 1500858.00
03/02/2017 6.68 6.65 6.89 6.79 425 206573.54 1411902.00
06/02/2017 6.85 6.85 7.00 6.87 203 114209.87 787709.00
07/02/2017 6.87 6.79 7.07 6.79 143 77528.58 539901.00
08/02/2017 6.88 6.81 6.94 6.89 114 28146.03 193701.00
09/02/2017 6.99 6.69 6.99 6.70 126 64624.09 440111.00
10/02/2017 6.66 6.66 6.93 6.83 101 58425.87 399329.00
13/02/2017 6.84 6.76 6.92 6.76 198 81796.21 558588.00
14/02/2017 6.79 6.70 6.85 6.70 132 117054.95 797688.00
15/02/2017 6.69 6.68 6.85 6.69 117 40948.91 277948.00
16/02/2017 6.74 6.70 6.84 6.84 126 48976.12 330956.00
17/02/2017 6.86 6.69 6.87 6.70 132 108214.86 730334.00
20/02/2017 6.70 6.70 6.74 6.73 92 29162.13 196310.00
21/02/2017 6.74 6.62 6.74 6.66 139 66757.90 446438.00
22/02/2017 6.73 6.63 6.74 6.65 53 25199.33 168179.00
23/02/2017 6.65 6.64 6.79 6.71 90 53243.75 357571.00
24/02/2017 6.87 6.74 7.18 7.03 693 207386.42 1444412.00
01/03/2017 7.03 6.98 7.32 7.32 159 222526.34 1591227.00
02/03/2017 7.32 6.80 7.37 6.82 242 125386.99 894443.00
03/03/2017 6.85 6.82 7.19 7.03 216 86978.33 606839.00
06/03/2017 7.09 7.00 7.19 7.09 252 110551.90 788450.00
07/03/2017 7.14 7.08 7.28 7.16 241 102118.25 731433.00
08/03/2017 7.28 6.89 7.29 7.09 136 58324.26 415863.00
09/03/2017 6.88 6.42 6.89 6.66 385 201899.47 1359693.00
10/03/2017 6.71 6.60 6.97 6.74 238 144184.88 973769.00
13/03/2017 6.89 6.67 7.08 6.74 132 109434.19 743790.00
14/03/2017 6.89 6.45 6.89 6.50 352 1268603.36 8399214.00
15/03/2017 6.68 6.52 6.79 6.58 166 93887.83 619925.00
16/03/2017 6.74 6.53 6.89 6.57 465 303408.06 2009204.00
17/03/2017 6.64 6.51 6.78 6.52 588 218665.15 1445046.00
20/03/2017 6.50 6.41 6.57 6.54 175 57003.32 370281.00
21/03/2017 6.63 6.47 6.69 6.69 152 55479.17 363176.00
22/03/2017 6.59 6.49 6.75 6.51 162 68282.06 446355.00
23/03/2017 6.52 6.46 6.53 6.53 144 65233.75 424582.00
24/03/2017 6.58 6.50 6.63 6.56 454 377583.51 2475083.00
27/03/2017 6.60 6.52 6.80 6.59 249 88400.88 583678.00
28/03/2017 6.66 6.47 6.67 6.58 450 158918.35 1047254.00
29/03/2017 6.60 6.54 6.60 6.59 204 45114.93 296793.00
30/03/2017 6.59 6.52 6.59 6.56 168 39424.76 259258.00
31/03/2017 6.58 6.31 6.74 6.31 265 186149.89 1188616.00
03/04/2017 6.41 6.20 6.59 6.32 571 172229.29 1087150.00
04/04/2017 6.35 6.30 6.55 6.30 203 63303.16 404114.00
05/04/2017 6.34 6.33 6.49 6.38 430 155057.17 991698.00
06/04/2017 6.49 6.25 6.50 6.26 379 167453.61 1067820.00
07/04/2017 6.30 6.27 6.40 6.27 289 164710.14 1046257.00
10/04/2017 6.30 6.23 6.45 6.45 171 110247.07 698353.00
11/04/2017 6.50 6.27 6.66 6.38 151 69501.38 445552.00
12/04/2017 6.40 6.32 6.42 6.35 104 27841.20 177358.00
13/04/2017 6.40 6.32 6.51 6.32 205 117766.22 749339.00
17/04/2017 6.38 6.34 6.59 6.40 242 432554.63 2776544.00
18/04/2017 6.50 6.34 6.58 6.40 347 123253.17 792129.00
19/04/2017 6.45 6.30 6.58 6.40 243 232890.58 1491637.00
20/04/2017 6.45 6.37 6.45 6.37 167 67469.17 431288.00
24/04/2017 6.50 6.15 6.53 6.15 440 181170.99 1139495.00
25/04/2017 6.20 6.18 6.27 6.21 650 119595.21 742647.00
26/04/2017 6.30 6.16 6.38 6.24 235 110856.73 689193.00
27/04/2017 6.30 5.91 6.30 5.96 344 85000.00 522149.00
28/04/2017 6.01 6.01 6.29 6.29 307 99000.00 612483.00
02/05/2017 6.40 6.30 6.57 6.57 201 112000.00 722574.00
03/05/2017 6.57 6.40 6.60 6.49 233 203800.00 1316853.00
04/05/2017 6.55 6.45 6.59 6.46 206 65600.00 427177.00
05/05/2017 6.47 6.47 6.72 6.59 184 81100.00 534763.00
08/05/2017 6.65 6.60 6.81 6.68 617 239700.00 1602470.00
09/05/2017 6.98 6.87 7.22 7.07 741 265300.00 1873876.00
10/05/2017 7.20 7.10 7.90 7.60 1286 625200.00 4723116.00
11/05/2017 7.55 7.04 7.55 7.10 2344 1266600.00 9060177.00
12/05/2017 7.18 7.01 7.20 7.05 821 459100.00 3247594.00
15/05/2017 7.15 6.82 7.19 6.95 842 309600.00 2156299.00
16/05/2017 7.00 6.93 7.07 6.95 576 249000.00 1738771.00
17/05/2017 6.97 6.86 6.97 6.90 306 127400.00 880075.00
18/05/2017 6.00 5.75 6.42 6.30 447 236200.00 1448687.00
19/05/2017 6.40 6.24 6.70 6.32 526 183800.00 1189825.00
22/05/2017 6.33 5.86 6.33 5.92 374 160300.00 963446.00
23/05/2017 5.92 5.65 6.46 6.39 321 159000.00 963151.00
24/05/2017 6.43 6.30 6.55 6.33 321 145300.00 936550.00
25/05/2017 6.34 6.34 6.45 6.40 247 73000.00 467406.00
26/05/2017 6.41 6.40 6.50 6.44 234 62900.00 405479.00
29/05/2017 6.45 6.39 6.45 6.43 153 52200.00 335357.00
30/05/2017 6.43 6.37 6.49 6.37 132 168000.00 1077649.00
31/05/2017 6.38 6.25 6.47 6.47 253 58400.00 370223.00
01/06/2017 6.47 6.38 6.49 6.44 169 61400.00 394942.00
02/06/2017 6.40 6.36 6.49 6.36 113 26600.00 170924.00
05/06/2017 6.35 6.14 6.35 6.14 167 59500.00 368875.00
06/06/2017 6.16 6.16 6.44 6.44 83 26500.00 166390.00
07/06/2017 6.32 6.22 6.44 6.38 166 64800.00 412546.00
08/06/2017 6.44 6.30 6.50 6.50 79 49100.00 314396.00
09/06/2017 6.42 6.31 6.48 6.40 530 94900.00 607205.00
12/06/2017 6.40 6.34 6.52 6.40 82 30200.00 192658.00
13/06/2017 6.41 6.26 6.45 6.34 92 25600.00 162735.00
14/06/2017 6.40 6.25 6.41 6.26 128 29700.00 188035.00
16/06/2017 6.27 6.27 6.49 6.39 250 79300.00 505340.00
