20/06/2016 4.09 3.82 4.09 3.82 106 34732.04 135289.00
21/06/2016 3.84 3.79 3.93 3.90 30 8327.56 32066.00
22/06/2016 3.90 3.81 3.92 3.83 41 15436.46 59670.00
23/06/2016 3.86 3.84 3.91 3.91 62 30872.92 119822.00
24/06/2016 3.75 3.74 3.94 3.94 86 52098.06 199366.00
27/06/2016 3.94 3.74 3.94 3.74 86 30669.81 116017.00
28/06/2016 3.79 3.76 3.84 3.76 108 17467.57 66019.00
29/06/2016 3.78 3.78 3.92 3.82 85 28638.70 110462.00
30/06/2016 3.88 3.84 4.08 4.00 201 102165.00 401187.00
01/07/2016 4.02 3.92 4.15 4.15 112 61542.73 247259.00
04/07/2016 4.15 4.14 4.28 4.18 84 46106.27 193313.00
05/07/2016 4.17 4.04 4.25 4.14 112 46309.38 191032.00
06/07/2016 4.14 4.12 4.23 4.22 54 38489.60 160042.00
07/07/2016 4.14 4.14 4.28 4.24 56 23357.80 98971.00
08/07/2016 4.27 4.22 4.38 4.25 58 30162.03 130135.00
11/07/2016 4.34 4.34 4.53 4.40 77 53113.61 234559.00
12/07/2016 4.40 4.32 4.46 4.34 63 52605.83 229338.00
13/07/2016 4.33 4.33 4.42 4.34 62 44379.83 193772.00
14/07/2016 4.42 4.33 4.50 4.36 102 70174.97 309256.00
15/07/2016 4.38 4.34 4.49 4.49 83 30568.26 136493.00
18/07/2016 4.51 4.43 4.71 4.62 128 93228.10 424978.00
19/07/2016 4.60 4.59 4.71 4.59 48 17366.02 80511.00
20/07/2016 4.72 4.58 4.88 4.73 119 107547.45 502571.00
21/07/2016 4.73 4.63 4.77 4.77 56 250030.05 1179149.00
22/07/2016 4.82 4.81 5.33 5.10 558 462687.61 2347268.00
25/07/2016 5.12 5.10 5.30 5.16 178 97899.66 508281.00
26/07/2016 5.29 4.92 5.29 4.94 88 68651.63 348337.00
27/07/2016 4.97 4.89 5.14 4.89 109 63472.29 316789.00
28/07/2016 4.89 4.89 4.98 4.89 80 49457.61 243765.00
29/07/2016 4.88 4.80 5.12 4.91 163 211235.79 1040608.00
01/08/2016 4.92 4.79 5.12 4.79 121 127350.81 627574.00
02/08/2016 4.91 4.80 4.92 4.92 56 37880.26 185134.00
03/08/2016 4.92 4.89 5.08 5.07 117 101961.89 508196.00
04/08/2016 5.07 5.02 5.13 5.07 156 70885.85 359895.00
05/08/2016 5.12 5.10 5.39 5.20 266 203619.11 1061947.00
08/08/2016 5.31 5.11 5.31 5.12 103 50473.17 262826.00
09/08/2016 5.37 5.02 5.37 5.02 157 33716.48 173156.00
10/08/2016 5.02 4.93 5.42 5.42 244 160153.29 830730.00
11/08/2016 5.43 5.24 5.56 5.42 143 109578.56 593421.00
12/08/2016 5.46 5.13 5.63 5.61 154 73323.19 403857.00
15/08/2016 5.61 5.61 5.74 5.64 103 67432.96 383016.00
16/08/2016 5.66 5.46 5.74 5.55 230 167566.85 925693.00
17/08/2016 5.60 5.53 5.63 5.63 129 56668.06 316120.00
18/08/2016 5.66 5.63 5.81 5.81 178 108969.23 621713.00
19/08/2016 5.81 5.61 5.84 5.71 106 44176.71 253856.00
22/08/2016 5.57 5.57 5.81 5.76 78 64284.74 366537.00
23/08/2016 5.76 5.60 5.80 5.63 211 83174.09 470791.00
24/08/2016 5.72 5.58 5.72 5.71 93 30162.03 170068.00
25/08/2016 5.70 5.54 5.70 5.58 120 75252.75 421371.00
26/08/2016 5.66 5.57 5.75 5.66 82 49660.72 282506.00
29/08/2016 5.67 5.65 5.75 5.66 67 42145.60 239556.00
30/08/2016 5.65 5.46 5.65 5.51 69 38692.71 214398.00
31/08/2016 5.67 5.13 5.68 5.41 90 54332.28 296144.00
01/09/2016 5.44 5.25 5.47 5.46 70 66620.52 359536.00
02/09/2016 5.47 5.38 5.54 5.53 104 45090.72 247727.00
05/09/2016 5.48 5.39 5.70 5.66 162 75354.30 414025.00
06/09/2016 5.52 5.52 5.71 5.71 98 32193.15 181012.00
08/09/2016 5.71 5.51 5.71 5.66 75 43262.71 244149.00
09/09/2016 5.70 5.58 5.71 5.60 183 82970.98 468025.00
12/09/2016 5.60 5.41 5.65 5.65 72 41637.82 231279.00
13/09/2016 5.65 5.43 5.65 5.51 73 47629.61 263217.00
14/09/2016 5.41 5.33 5.56 5.50 98 54027.61 295375.00
15/09/2016 5.43 5.43 5.65 5.61 58 29044.92 162287.00
16/09/2016 5.62 5.43 5.62 5.49 114 40926.93 224037.00
19/09/2016 5.49 5.46 5.59 5.46 58 36153.82 200446.00
20/09/2016 5.46 5.41 5.50 5.46 161 73526.30 401550.00
21/09/2016 5.46 5.42 5.58 5.56 346 61136.51 336563.00
22/09/2016 5.56 5.56 5.61 5.59 39 14116.24 78885.00
23/09/2016 5.57 5.49 5.58 5.50 59 30263.59 167771.00
26/09/2016 5.49 5.15 5.49 5.18 129 103485.22 546258.00
27/09/2016 5.20 5.02 5.26 5.21 121 75963.64 389745.00
28/09/2016 5.19 5.19 5.36 5.32 104 45192.27 239054.00
29/09/2016 5.31 5.12 5.31 5.17 47 18990.91 98457.00
30/09/2016 5.17 5.09 5.17 5.09 45 18483.13 94815.00
03/10/2016 5.06 5.03 5.13 5.03 60 36153.82 183163.00
04/10/2016 5.02 4.82 5.03 5.02 92 112219.01 552323.00
05/10/2016 4.97 4.92 5.07 5.07 123 65300.29 325441.00
06/10/2016 5.07 4.98 5.12 5.07 121 24881.14 126049.00
07/10/2016 5.07 5.03 5.08 5.06 29 24576.47 124516.00
10/10/2016 5.02 5.02 5.12 5.12 38 19701.80 100182.00
11/10/2016 5.07 4.92 5.07 4.92 42 36560.04 182135.00
13/10/2016 4.93 4.84 4.99 4.92 47 31076.03 153244.00
14/10/2016 4.98 4.93 5.00 5.00 43 20615.80 102106.00
17/10/2016 5.08 4.95 5.08 4.98 140 32193.15 160150.00
18/10/2016 5.02 4.99 5.18 5.16 127 41231.60 210656.00
19/10/2016 5.10 5.01 5.18 5.12 66 60222.51 307239.00
20/10/2016 5.04 5.04 5.13 5.12 27 9140.01 46482.00
21/10/2016 5.07 5.00 5.16 5.00 43 23865.58 121646.00
24/10/2016 5.15 5.01 5.15 5.07 36 18584.69 93653.00
25/10/2016 5.08 5.02 5.27 5.25 86 78502.53 403356.00
26/10/2016 5.22 5.02 5.31 5.31 59 40622.27 208207.00
27/10/2016 5.08 5.08 5.30 5.27 34 8530.68 44494.00
28/10/2016 5.24 5.15 5.29 5.17 76 29552.70 154088.00
31/10/2016 5.25 4.95 5.39 5.03 239 163400.00 825153.00
01/11/2016 5.12 4.74 5.13 4.80 128 72100.00 353307.00
03/11/2016 4.77 4.57 4.81 4.58 168 158100.00 729956.00
04/11/2016 4.63 4.55 4.63 4.59 157 114300.00 525107.00
07/11/2016 4.60 4.48 4.67 4.60 284 113400.00 516380.00
08/11/2016 4.60 4.56 4.77 4.58 249 45900.00 211356.00
09/11/2016 4.40 4.36 4.64 4.64 268 78600.00 350778.00
10/11/2016 4.63 4.36 4.63 4.55 253 57300.00 258011.00
11/11/2016 4.46 4.15 4.46 4.35 286 109800.00 473054.00
14/11/2016 4.35 4.17 4.64 4.49 70 28100.00 122975.00
16/11/2016 4.55 4.44 4.87 4.75 317 62500.00 297555.00
17/11/2016 4.75 4.47 4.79 4.58 127 39300.00 180013.00
18/11/2016 4.54 4.43 4.54 4.43 75 22600.00 101167.00
21/11/2016 4.46 4.41 4.51 4.41 189 48700.00 216298.00
22/11/2016 4.43 4.38 4.45 4.41 52 29100.00 128780.00
23/11/2016 4.42 4.00 4.43 4.30 130 102900.00 433817.00
24/11/2016 4.35 4.26 4.39 4.34 44 18800.00 81035.00
25/11/2016 4.39 4.33 4.48 4.34 86 29000.00 127244.00
28/11/2016 4.40 4.35 4.45 4.39 95 30300.00 133175.00
29/11/2016 4.41 4.36 4.51 4.48 94 32800.00 145152.00
30/11/2016 4.47 4.39 4.52 4.52 95 62800.00 281625.00
01/12/2016 4.50 4.17 4.50 4.23 134 40900.00 175492.00
02/12/2016 4.24 4.15 4.36 4.36 59 20300.00 85898.00
05/12/2016 4.35 4.22 4.37 4.22 79 28600.00 121753.00
06/12/2016 4.21 4.16 4.40 4.40 78 25600.00 110402.00
07/12/2016 4.40 4.37 4.50 4.45 97 26300.00 116643.00
08/12/2016 4.42 4.38 4.42 4.39 42 17300.00 76168.00
09/12/2016 4.41 4.24 4.41 4.34 86 39200.00 169824.00
12/12/2016 4.33 4.21 4.38 4.25 54 11400.00 48575.00
13/12/2016 4.31 4.22 4.32 4.28 58 43700.00 186372.00
14/12/2016 4.32 4.15 4.32 4.16 49 13600.00 57092.00
15/12/2016 4.20 4.04 4.20 4.18 238 110000.00 453297.00
16/12/2016 4.19 4.13 4.19 4.13 61 75600.00 314436.00
19/12/2016 4.16 4.06 4.19 4.09 67 41600.00 170594.00
20/12/2016 4.10 4.04 4.12 4.10 50 16600.00 67980.00
21/12/2016 4.13 4.02 4.13 4.02 69 68400.00 276433.00
22/12/2016 4.02 3.99 4.10 3.99 64 28600.00 115515.00
23/12/2016 4.09 4.03 4.12 4.10 31 13500.00 54971.00
26/12/2016 4.02 4.02 4.18 4.18 48 13800.00 57020.00
27/12/2016 4.20 4.14 4.27 4.17 48 19300.00 80536.00
28/12/2016 4.18 4.12 4.20 4.15 55 51800.00 214895.00
29/12/2016 4.15 4.15 4.26 4.23 56 26700.00 112151.00
02/01/2017 4.11 4.11 4.26 4.25 53 23800.00 99986.00
03/01/2017 4.25 4.21 4.32 4.30 77 51700.00 220954.00
04/01/2017 4.33 4.25 4.34 4.28 89 69200.00 295884.00
05/01/2017 4.34 4.26 4.45 4.40 122 110300.00 478655.00
06/01/2017 4.43 4.40 4.80 4.70 297 117400.00 542649.00
09/01/2017 4.75 4.71 4.91 4.89 262 80100.00 388188.00
10/01/2017 4.89 4.80 4.96 4.85 127 130200.00 635434.00
11/01/2017 4.95 4.86 5.10 5.05 186 104700.00 520741.00
12/01/2017 5.10 4.95 5.13 4.95 131 73700.00 374227.00
13/01/2017 4.96 4.96 5.10 4.98 102 36700.00 184898.00
16/01/2017 5.00 4.92 5.08 5.02 82 47800.00 240581.00
17/01/2017 5.05 5.05 5.21 5.08 123 62000.00 317493.00
18/01/2017 5.17 5.13 5.30 5.13 111 48000.00 250614.00
19/01/2017 5.24 4.92 5.29 4.92 142 61000.00 311555.00
20/01/2017 4.94 4.94 5.06 4.98 97 44600.00 222997.00
23/01/2017 5.18 4.96 5.18 4.96 353 77600.00 387409.00
24/01/2017 5.03 4.99 5.10 5.00 303 56500.00 283923.00
26/01/2017 5.04 5.04 5.40 5.16 332 198000.00 1040413.00
27/01/2017 5.31 5.30 5.47 5.40 249 219200.00 1179224.00
30/01/2017 5.47 5.25 5.50 5.31 200 68900.00 369314.00
31/01/2017 5.31 5.22 5.44 5.38 351 52300.00 278292.00
01/02/2017 5.49 5.16 5.49 5.17 392 138200.00 729724.00
02/02/2017 5.17 4.98 5.25 5.02 297 212800.00 1074640.00
03/02/2017 5.19 5.01 5.19 5.04 266 153600.00 779359.00
06/02/2017 5.19 4.98 5.19 5.00 422 133600.00 669928.00
07/02/2017 5.01 5.00 5.15 5.13 361 123500.00 629124.00
08/02/2017 5.15 5.02 5.15 5.02 353 94400.00 476967.00
09/02/2017 5.04 5.02 5.12 5.03 448 93800.00 473946.00
10/02/2017 5.05 5.05 5.24 5.19 414 106500.00 549164.00
13/02/2017 5.19 5.17 5.50 5.50 206 114900.00 619022.00
14/02/2017 5.54 5.38 5.59 5.40 248 87100.00 472928.00
15/02/2017 5.47 5.42 5.55 5.45 180 60600.00 332672.00
16/02/2017 5.45 5.41 5.58 5.46 156 117500.00 644911.00
17/02/2017 5.51 5.42 5.54 5.54 215 53200.00 291277.00
20/02/2017 5.59 5.42 5.65 5.56 164 78600.00 435601.00
21/02/2017 5.56 5.39 5.63 5.52 140 95300.00 521807.00
22/02/2017 5.52 5.40 5.52 5.49 115 50000.00 272663.00
23/02/2017 5.51 5.15 5.51 5.30 181 110800.00 590264.00
24/02/2017 5.26 5.25 5.40 5.32 107 38900.00 206622.00
01/03/2017 5.42 5.28 5.46 5.45 82 40400.00 218277.00
02/03/2017 5.44 5.39 5.51 5.49 109 50400.00 273975.00
03/03/2017 5.49 5.48 5.61 5.59 123 59700.00 329587.00
06/03/2017 5.67 5.60 5.80 5.70 243 85000.00 484426.00
07/03/2017 5.73 5.50 5.82 5.76 126 47500.00 270502.00
08/03/2017 5.77 5.74 6.02 5.87 358 185800.00 1093111.00
09/03/2017 5.96 5.53 5.96 5.74 267 104000.00 597587.00
10/03/2017 5.85 5.75 6.00 5.93 222 128900.00 759305.00
13/03/2017 5.93 5.82 6.10 5.83 284 100500.00 599093.00
14/03/2017 5.93 5.74 5.97 5.75 150 55500.00 323003.00
15/03/2017 5.83 5.61 5.83 5.65 421 138000.00 779982.00
16/03/2017 5.67 5.60 5.83 5.77 125 75200.00 425030.00
17/03/2017 5.77 5.60 5.77 5.74 149 75100.00 426310.00
20/03/2017 5.72 5.58 5.72 5.58 429 108700.00 611479.00
21/03/2017 5.61 5.26 5.61 5.30 1181 229900.00 1226575.00
22/03/2017 5.31 5.10 5.32 5.20 485 151500.00 786565.00
23/03/2017 5.12 5.08 5.24 5.15 582 179500.00 920276.00
24/03/2017 5.20 5.11 5.50 5.50 125 53600.00 284403.00
27/03/2017 5.54 5.27 5.54 5.36 80 37900.00 203409.00
28/03/2017 5.36 5.31 5.55 5.51 167 50700.00 277787.00
29/03/2017 5.55 5.43 5.65 5.55 219 57600.00 321566.00
30/03/2017 5.55 5.41 5.66 5.47 151 41400.00 231461.00
31/03/2017 5.48 5.35 5.59 5.35 119 94000.00 517714.00
03/04/2017 5.49 5.35 5.50 5.39 105 33000.00 178469.00
04/04/2017 5.39 5.28 5.39 5.30 106 185000.00 981252.00
05/04/2017 5.33 5.29 5.41 5.29 48 27600.00 147400.00
06/04/2017 5.36 5.29 5.37 5.29 47 7400.00 39347.00
07/04/2017 5.44 5.29 5.50 5.30 101 37400.00 199539.00
10/04/2017 5.25 5.20 5.29 5.25 94 37300.00 196044.00
11/04/2017 5.36 5.17 5.37 5.34 69 24200.00 127573.00
12/04/2017 5.17 5.17 5.37 5.30 159 31700.00 166504.00
13/04/2017 5.30 5.25 5.34 5.25 88 25400.00 134136.00
17/04/2017 5.26 5.26 5.38 5.32 55 18900.00 100134.00
18/04/2017 5.62 5.50 5.70 5.55 1199 508800.00 2841122.00
19/04/2017 5.68 5.68 6.00 6.00 1168 621000.00 3664459.00
20/04/2017 6.10 6.02 6.50 6.48 1336 758600.00 4796632.00
24/04/2017 6.51 6.51 7.00 6.99 1104 673300.00 4617259.00
25/04/2017 7.00 6.31 7.00 6.55 1076 667100.00 4466724.00
26/04/2017 6.62 6.62 6.72 6.70 280 128300.00 856974.00
27/04/2017 6.85 6.77 6.91 6.77 426 196000.00 1337269.00
28/04/2017 6.80 6.80 6.85 6.85 278 136400.00 933027.00
02/05/2017 6.85 6.85 7.09 6.91 383 191000.00 1332337.00
03/05/2017 6.90 6.71 6.99 6.71 309 145000.00 1002043.00
04/05/2017 6.80 6.40 6.86 6.68 257 100800.00 674017.00
05/05/2017 6.79 6.68 6.84 6.80 165 94800.00 640429.00
08/05/2017 6.83 6.65 6.83 6.74 323 131500.00 884330.00
09/05/2017 6.79 6.63 6.82 6.69 541 173100.00 1157913.00
10/05/2017 6.77 5.99 6.81 6.00 1067 896400.00 5574411.00
11/05/2017 6.06 5.91 6.28 6.17 1139 862700.00 5211295.00
12/05/2017 6.25 6.04 6.25 6.22 474 277200.00 1715873.00
15/05/2017 6.25 6.23 6.45 6.34 350 252000.00 1592902.00
16/05/2017 6.36 6.36 6.54 6.46 228 115800.00 749118.00
17/05/2017 6.49 6.33 6.55 6.33 228 153600.00 986181.00
18/05/2017 5.50 4.98 5.93 5.76 846 532300.00 3012811.00
19/05/2017 5.80 5.80 6.15 6.05 413 225900.00 1355567.00
22/05/2017 6.05 5.65 6.05 5.74 404 134700.00 782039.00
23/05/2017 5.75 5.65 6.00 5.85 276 113300.00 662146.00
24/05/2017 5.85 5.83 5.96 5.86 714 151200.00 890472.00
25/05/2017 5.87 5.85 5.95 5.86 161 76400.00 450099.00
26/05/2017 5.83 5.83 6.09 6.04 141 62200.00 374739.00
29/05/2017 6.10 5.91 6.19 6.14 134 86900.00 528266.00
30/05/2017 6.14 5.93 6.14 5.93 198 118700.00 710619.00
31/05/2017 6.05 5.76 6.05 5.83 388 101500.00 594351.00
01/06/2017 5.87 5.84 5.99 5.95 137 68300.00 403115.00
02/06/2017 6.08 5.99 6.08 6.03 201 163200.00 982683.00
05/06/2017 6.03 5.92 6.03 6.00 105 27000.00 160886.00
06/06/2017 6.00 5.95 6.03 6.03 89 29900.00 179238.00
07/06/2017 6.03 6.02 6.09 6.09 201 124800.00 757296.00
08/06/2017 6.16 6.08 6.17 6.13 174 64600.00 396174.00
09/06/2017 6.14 6.13 6.28 6.16 175 73500.00 454139.00
12/06/2017 6.18 6.10 6.28 6.13 174 51300.00 317347.00
13/06/2017 6.15 6.01 6.15 6.02 121 39300.00 237777.00
14/06/2017 6.05 6.03 6.13 6.11 105 33200.00 201763.00
16/06/2017 6.15 6.03 6.15 6.09 93 42600.00 260729.00
