03/08/2016 21.20 21.20 21.20 21.20 1 1.00 31011.00
05/08/2016 21.53 21.53 21.53 21.53 2 100.00 3070770.00
11/08/2016 21.89 21.70 21.89 21.70 2 10.00 307697.00
12/08/2016 21.38 21.38 21.38 21.38 1 2.00 61261.00
15/08/2016 22.16 22.16 22.16 22.16 1 100.00 3165611.00
24/08/2016 22.10 22.10 22.10 22.10 1 20.00 641453.00
29/08/2016 21.35 21.33 21.35 21.33 2 12.00 373723.00
31/08/2016 20.85 20.85 20.85 20.85 1 15.00 454679.00
08/09/2016 21.54 21.54 21.58 21.58 2 22.00 680604.00
12/09/2016 21.50 21.30 21.50 21.30 5 64.00 2003001.00
13/09/2016 21.00 21.00 21.00 21.00 1 20.00 627934.00
14/09/2016 21.00 20.90 21.00 20.90 2 65.00 2043560.00
15/09/2016 20.90 20.90 20.90 20.90 1 2.00 62310.00
16/09/2016 21.35 21.35 21.42 21.42 2 85.00 2681502.00
19/09/2016 21.65 21.48 21.65 21.48 2 22.00 699133.00
20/09/2016 21.70 21.70 22.00 21.95 12 161.00 5162726.00
21/09/2016 21.61 21.58 21.63 21.58 4 100.00 3144612.00
23/09/2016 21.34 21.18 21.35 21.18 4 47.00 1457416.00
26/09/2016 21.01 21.00 21.01 21.00 2 22.00 673160.00
27/09/2016 20.90 20.90 20.90 20.90 1 1.00 30409.00
28/09/2016 21.00 21.00 21.00 21.00 2 10.00 305207.00
29/09/2016 21.12 21.12 21.12 21.12 1 23.00 707801.00
03/10/2016 21.00 21.00 21.50 21.50 5 45.00 1383408.00
04/10/2016 21.38 21.38 21.38 21.38 1 4.00 124919.00
05/10/2016 21.20 21.20 21.20 21.20 1 20.00 614910.00
06/10/2016 21.22 21.12 21.22 21.12 2 74.00 2270792.00
11/10/2016 21.34 21.25 21.34 21.25 3 3.00 92371.00
13/10/2016 21.00 20.90 21.26 21.26 9 62.00 1871329.00
14/10/2016 21.53 21.39 21.62 21.39 19 114.00 3535588.00
17/10/2016 21.69 21.50 21.69 21.65 6 138.00 4299690.00
18/10/2016 21.70 21.65 21.90 21.65 19 86.00 2675359.00
19/10/2016 21.63 21.63 21.84 21.84 8 134.00 4156708.00
20/10/2016 21.93 21.70 22.01 21.70 10 34.00 1051955.00
21/10/2016 21.83 21.83 21.85 21.85 2 21.00 652533.00
24/10/2016 22.17 21.97 22.17 22.15 6 207.00 6408381.00
25/10/2016 22.09 21.92 22.15 22.08 39 207.00 6386139.00
26/10/2016 22.26 22.19 22.53 22.50 24 181.00 5734134.00
27/10/2016 22.44 22.39 22.70 22.62 14 85.00 2711258.00
28/10/2016 22.59 22.30 22.61 22.30 13 262.00 8489237.00
31/10/2016 22.30 22.24 22.46 22.26 20 105.00 3359664.00
01/11/2016 22.20 21.93 22.20 21.93 17 109.00 3494013.00
03/11/2016 21.82 21.80 21.90 21.85 14 67.00 2127172.00
04/11/2016 21.76 21.76 21.78 21.78 6 25.00 789621.00
07/11/2016 21.99 21.99 22.05 22.05 3 25.00 792970.00
08/11/2016 22.17 22.17 22.45 22.37 27 149.00 4745965.00
09/11/2016 22.13 21.76 22.36 21.88 30 301.00 9612527.00
10/11/2016 22.25 22.00 22.30 22.03 10 122.00 4083913.00
11/11/2016 22.14 21.60 22.38 21.69 34 170.00 5645852.00
14/11/2016 21.59 21.55 21.70 21.70 8 30.00 1005292.00
16/11/2016 21.95 21.66 21.95 21.75 17 93.00 3120097.00
17/11/2016 21.86 21.80 21.86 21.85 13 44.00 1476246.00
18/11/2016 21.85 21.85 21.95 21.95 11 80.00 2669105.00
21/11/2016 22.07 22.07 22.48 22.45 47 345.00 11612920.00
22/11/2016 22.50 22.42 22.74 22.70 23 211.00 7221979.00
23/11/2016 22.60 22.60 22.85 22.80 18 248.00 8608572.00
25/11/2016 22.81 22.74 23.05 23.05 13 73.00 2578627.00
28/11/2016 23.27 23.00 23.33 23.33 16 68.00 2404654.00
29/11/2016 23.11 22.95 23.11 23.02 10 62.00 2176417.00
30/11/2016 23.17 22.77 23.17 22.82 12 499.00 17495026.00
01/12/2016 22.90 22.60 22.90 22.72 10 60.00 2128012.00
02/12/2016 22.75 22.61 22.75 22.70 5 34.00 1202163.00
05/12/2016 22.85 22.80 23.10 23.10 12 68.00 2416975.00
06/12/2016 23.30 23.05 23.36 23.15 18 102.00 3638325.00
07/12/2016 23.11 22.95 23.16 23.16 8 63.00 2221935.00
08/12/2016 23.02 22.60 23.02 22.70 23 173.00 6001731.00
09/12/2016 22.85 22.60 22.85 22.85 15 94.00 3242323.00
12/12/2016 22.84 22.66 22.84 22.75 4 29.00 992149.00
13/12/2016 22.85 22.66 22.85 22.68 14 628.00 21295996.00
14/12/2016 22.55 22.50 22.60 22.58 5 25.00 844948.00
15/12/2016 22.55 22.54 22.85 22.79 11 81.00 2802592.00
16/12/2016 22.71 22.71 22.85 22.85 4 52.00 1809501.00
19/12/2016 22.60 22.51 22.68 22.55 8 37.00 1269626.00
20/12/2016 22.34 22.15 22.35 22.15 13 72.00 2411924.00
21/12/2016 22.24 22.19 22.24 22.19 3 16.00 531559.00
22/12/2016 22.05 21.94 22.05 21.95 26 33.00 1082103.00
23/12/2016 21.84 21.79 21.92 21.88 136 158.00 5071935.00
27/12/2016 22.17 22.17 22.35 22.35 5 46.00 1506908.00
28/12/2016 22.15 22.15 22.15 22.15 1 30.00 982148.00
