15/09/2016 21.15 21.15 21.15 21.15 1 20.00 630553.00
16/09/2016 21.20 21.20 21.50 21.50 4 61.00 1929667.00
19/09/2016 21.90 21.90 21.90 21.90 1 1.00 32169.00
20/09/2016 21.90 21.90 21.90 21.90 1 1.00 32085.00
22/09/2016 21.73 21.73 21.73 21.73 1 1.00 31506.00
23/09/2016 21.60 21.60 21.60 21.60 1 1.00 31430.00
26/09/2016 21.29 21.29 21.29 21.29 1 1.00 31006.00
27/09/2016 20.95 20.95 21.23 21.23 2 40.00 1227425.00
28/09/2016 21.35 21.14 21.35 21.14 4 42.00 1291024.00
03/10/2016 21.52 21.52 21.64 21.64 3 41.00 1283181.00
04/10/2016 21.60 21.59 21.60 21.59 2 2.00 63086.00
05/10/2016 21.40 21.30 21.40 21.30 3 41.00 1269268.00
06/10/2016 21.35 21.25 21.35 21.25 2 21.00 647282.00
07/10/2016 21.40 21.40 21.40 21.40 1 1.00 31008.00
10/10/2016 21.30 21.30 21.30 21.30 1 1.00 30765.00
11/10/2016 21.55 21.55 21.55 21.55 1 1.00 31146.00
13/10/2016 21.16 21.16 21.37 21.37 4 22.00 670974.00
14/10/2016 21.51 21.51 21.64 21.64 2 3.00 93139.00
17/10/2016 21.65 21.65 21.65 21.65 1 1.00 31133.00
18/10/2016 21.86 21.86 21.86 21.86 1 1.00 31243.00
19/10/2016 21.77 21.77 21.77 21.77 1 1.00 31039.00
20/10/2016 22.05 22.05 22.05 22.05 1 1.00 31216.00
21/10/2016 21.88 21.88 21.88 21.88 1 1.00 31143.00
24/10/2016 22.33 22.33 22.33 22.33 1 1.00 31349.00
28/10/2016 22.67 22.67 22.67 22.67 1 1.00 32612.00
01/11/2016 22.45 22.09 22.45 22.09 2 5.00 161794.00
04/11/2016 21.90 21.90 21.94 21.94 3 16.00 508956.00
09/11/2016 22.49 22.00 22.49 22.00 3 165.00 5321187.00
10/11/2016 22.44 22.15 22.44 22.15 4 200.00 6741455.00
11/11/2016 21.87 21.87 21.87 21.87 1 12.00 400281.00
21/11/2016 22.30 22.30 22.60 22.60 4 63.00 2130356.00
22/11/2016 22.80 22.80 22.91 22.91 3 102.00 3529373.00
23/11/2016 22.94 22.94 22.94 22.94 1 8.00 280108.00
28/11/2016 23.21 23.21 23.21 23.21 1 1.00 35379.00
30/11/2016 22.97 22.97 22.97 22.97 1 100.00 3497355.00
05/12/2016 23.03 23.03 23.30 23.30 3 15.00 535719.00
06/12/2016 23.52 23.52 23.52 23.52 1 5.00 180224.00
08/12/2016 23.09 22.88 23.09 22.88 2 2.00 69904.00
12/12/2016 23.09 22.92 23.15 22.92 10 140.00 4856252.00
13/12/2016 23.02 22.98 23.02 22.98 2 333.00 11440696.00
14/12/2016 22.80 22.80 22.80 22.80 2 20.00 683357.00
15/12/2016 23.00 23.00 23.02 23.02 2 2.00 70042.00
16/12/2016 22.95 22.85 22.95 22.85 3 60.00 2096037.00
19/12/2016 22.95 22.75 22.95 22.85 6 91.00 3155615.00
20/12/2016 22.56 22.38 22.56 22.38 8 66.00 2233736.00
21/12/2016 22.45 22.45 22.45 22.45 1 1.00 33576.00
22/12/2016 22.30 22.20 22.30 22.20 26 35.00 1160894.00
23/12/2016 22.09 22.02 22.11 22.09 136 433.00 14024465.00
27/12/2016 22.24 22.24 22.55 22.55 9 124.00 4097159.00
28/12/2016 22.50 22.35 22.50 22.41 3 41.00 1358601.00
29/12/2016 22.50 22.34 22.50 22.34 7 39.00 1275769.00
03/01/2017 22.05 21.95 22.06 21.95 7 130.00 4185826.00
04/01/2017 21.99 21.99 22.33 22.33 14 159.00 5106738.00
05/01/2017 22.26 22.26 22.35 22.34 7 35.00 1122605.00
06/01/2017 22.20 21.99 22.20 21.99 10 117.00 3740505.00
09/01/2017 22.09 22.08 22.13 22.13 7 58.00 1843252.00
10/01/2017 22.21 22.21 22.35 22.33 4 46.00 1476922.00
11/01/2017 22.27 22.10 22.33 22.33 8 48.00 1529380.00
12/01/2017 22.29 22.26 22.90 22.90 42 481.00 15489975.00
13/01/2017 22.78 22.76 23.17 23.04 16 76.00 2514045.00
17/01/2017 23.40 23.38 23.68 23.54 25 218.00 7376945.00
18/01/2017 23.49 23.49 23.79 23.66 13 244.00 8384595.00
19/01/2017 23.60 23.51 23.68 23.68 8 57.00 1936273.00
20/01/2017 23.47 23.37 23.59 23.57 11 47.00 1580875.00
23/01/2017 23.41 23.26 23.44 23.28 13 93.00 3102179.00
24/01/2017 23.43 23.20 23.43 23.27 5 46.00 1523605.00
26/01/2017 23.20 23.10 23.20 23.10 6 70.00 2323388.00
27/01/2017 23.11 23.11 23.13 23.11 4 18.00 590597.00
30/01/2017 22.90 22.47 22.90 22.52 18 56.00 1775957.00
31/01/2017 22.66 22.52 22.66 22.52 4 4.00 128146.00
01/02/2017 22.66 22.65 22.85 22.85 8 58.00 1873357.00
02/02/2017 22.80 22.80 22.83 22.83 3 19.00 608306.00
06/02/2017 22.93 22.76 22.93 22.76 2 2.00 64133.00
07/02/2017 22.92 22.92 22.92 22.92 1 1.00 32171.00
08/02/2017 23.15 23.15 23.30 23.30 7 91.00 2962844.00
10/02/2017 23.35 23.35 23.40 23.40 2 40.00 1308238.00
13/02/2017 23.35 23.35 23.35 23.35 1 1.00 32691.00
14/02/2017 23.08 23.08 23.08 23.08 1 100.00 3228696.00
15/02/2017 22.95 22.95 23.29 23.29 6 230.00 7284135.00
16/02/2017 23.30 23.30 23.30 23.30 1 5.00 161086.00
17/02/2017 22.85 22.75 22.85 22.77 8 27.00 856737.00
21/02/2017 22.73 22.65 22.73 22.65 6 39.00 1230976.00
