01/06/2016 23.99 23.99 24.28 24.25 35 427.00 16661311.00
02/06/2016 24.40 24.40 25.20 25.20 86 729.00 29136456.00
03/06/2016 25.60 24.90 25.69 25.00 37 335.00 13418420.00
06/06/2016 25.39 25.07 25.58 25.09 42 633.00 25119768.00
07/06/2016 25.23 24.93 25.23 25.17 17 249.00 9682716.00
08/06/2016 25.52 25.52 26.10 26.05 30 264.00 10332810.00
09/06/2016 25.90 25.80 26.01 25.96 12 252.00 10006209.00
10/06/2016 26.02 25.80 26.60 25.95 44 783.00 31630323.00
13/06/2016 26.14 25.77 26.14 25.77 4 17.00 686476.00
14/06/2016 25.67 25.50 25.90 25.80 19 263.00 10628910.00
15/06/2016 25.70 25.45 25.70 25.45 13 74.00 2944131.00
16/06/2016 25.18 24.93 25.18 25.00 9 160.00 6239574.00
17/06/2016 25.30 25.30 25.52 25.52 5 14.00 548679.00
20/06/2016 25.25 25.17 25.29 25.29 4 16.00 615960.00
21/06/2016 25.05 25.01 25.05 25.01 3 201.00 7673038.00
22/06/2016 25.08 25.04 25.24 25.04 3 90.00 3432691.00
23/06/2016 24.93 24.77 24.94 24.77 5 47.00 1760922.00
24/06/2016 24.40 24.30 24.48 24.48 7 22.00 812816.00
27/06/2016 24.78 24.75 25.02 25.01 17 86.00 3276559.00
28/06/2016 25.52 25.44 25.52 25.44 4 106.00 4017374.00
29/06/2016 25.20 25.14 25.30 25.30 12 426.00 15666373.00
