21/09/2016 21.90 21.90 21.90 21.90 2 20.00 637421.00
10/11/2016 22.70 22.45 22.70 22.45 3 40.00 1367002.00
27/12/2016 22.70 22.70 22.70 22.70 1 20.00 669430.00
12/01/2017 22.65 22.63 22.65 22.63 2 78.00 2523720.00
17/01/2017 23.75 23.75 23.75 23.75 1 1.00 34316.00
10/02/2017 23.58 23.58 23.74 23.74 2 23.00 763759.00
23/02/2017 22.77 22.77 22.77 22.77 1 5.00 156744.00
01/03/2017 23.13 23.13 23.13 23.13 1 5.00 161148.00
02/03/2017 23.19 23.17 23.19 23.17 2 200.00 6557970.00
08/03/2017 22.74 22.74 22.79 22.79 3 30.00 969713.00
10/03/2017 22.34 22.34 22.37 22.37 5 50.00 1582227.00
13/03/2017 22.50 22.44 22.50 22.44 3 41.00 1307932.00
16/03/2017 22.32 22.32 22.32 22.32 1 5.00 156420.00
17/03/2017 22.22 22.22 22.25 22.25 2 6.00 185938.00
20/03/2017 22.42 22.27 22.42 22.27 2 21.00 646209.00
21/03/2017 22.22 22.20 22.32 22.32 5 50.00 1543793.00
22/03/2017 22.20 22.15 22.30 22.30 5 81.00 2499003.00
23/03/2017 22.20 22.20 22.24 22.24 3 21.00 656867.00
24/03/2017 21.90 21.70 21.90 21.70 5 124.00 3789785.00
27/03/2017 21.60 21.60 21.70 21.63 6 148.00 4513526.00
28/03/2017 21.70 21.63 21.70 21.65 5 62.00 1897443.00
29/03/2017 21.60 21.60 21.60 21.60 1 20.00 606314.00
30/03/2017 21.42 21.42 21.50 21.50 4 103.00 3114131.00
31/03/2017 21.44 21.08 21.44 21.10 14 211.00 6302709.00
03/04/2017 21.00 20.93 21.00 20.93 5 117.00 3439994.00
04/04/2017 20.96 20.95 21.00 20.95 5 59.00 1726089.00
05/04/2017 21.11 21.09 21.13 21.09 6 109.00 3198776.00
10/04/2017 21.09 21.00 21.09 21.00 2 46.00 1367667.00
11/04/2017 20.80 20.80 21.00 21.00 4 153.00 4516116.00
12/04/2017 21.10 21.10 21.17 21.13 3 44.00 1316222.00
13/04/2017 21.30 21.30 21.34 21.30 4 13.00 391330.00
17/04/2017 21.25 21.25 21.25 21.25 1 2.00 59309.00
18/04/2017 21.00 21.00 21.04 21.00 3 60.00 1761037.00
19/04/2017 21.20 21.13 21.27 21.13 7 564.00 16882248.00
20/04/2017 21.20 21.10 21.20 21.10 3 15.00 450926.00
24/04/2017 21.32 21.30 21.40 21.40 16 1079.00 32411839.00
25/04/2017 21.30 21.29 21.31 21.29 10 263.00 7944903.00
26/04/2017 21.27 21.07 21.29 21.07 16 234.00 7092874.00
27/04/2017 21.12 21.09 21.15 21.09 5 31.00 934827.00
28/04/2017 21.11 21.00 21.14 21.05 12 179.00 5410733.00
02/05/2017 21.50 21.30 21.50 21.37 19 68.00 2064688.00
03/05/2017 21.46 21.46 21.52 21.50 9 61.00 1860245.00
04/05/2017 21.55 21.43 21.55 21.43 7 33.00 1018715.00
05/05/2017 21.62 21.47 21.65 21.47 9 111.00 3418651.00
08/05/2017 21.23 21.23 21.30 21.28 7 230.00 7036727.00
09/05/2017 21.30 21.30 21.53 21.50 16 158.00 4865225.00
10/05/2017 21.55 21.37 21.75 21.37 24 354.00 10849372.00
11/05/2017 21.32 21.26 21.32 21.29 6 72.00 2170816.00
12/05/2017 21.22 21.20 21.29 21.29 7 69.00 2058456.00
15/05/2017 21.37 21.31 21.40 21.33 6 25.00 744222.00
16/05/2017 21.41 21.41 21.51 21.51 10 168.00 5017533.00
17/05/2017 21.56 21.50 21.60 21.50 7 245.00 7420206.00
18/05/2017 21.08 20.80 21.09 20.81 52 547.00 17164853.00
19/05/2017 21.00 20.98 21.06 21.02 13 92.00 2830350.00
22/05/2017 21.15 21.15 21.16 21.15 3 48.00 1494893.00
23/05/2017 21.10 20.90 21.10 20.92 9 68.00 2098613.00
24/05/2017 20.94 20.89 20.96 20.91 5 42.00 1288742.00
25/05/2017 20.91 20.71 20.91 20.71 5 65.00 1996158.00
26/05/2017 20.66 20.40 20.72 20.40 22 137.00 4129722.00
30/05/2017 20.31 20.09 20.31 20.12 15 50.00 1479186.00
31/05/2017 20.19 20.10 20.20 20.17 9 49.00 1441661.00
01/06/2017 20.16 20.13 20.17 20.13 4 87.00 2560882.00
02/06/2017 20.17 20.17 20.35 20.33 16 288.00 8538974.00
06/06/2017 20.40 20.40 20.55 20.40 5 157.00 4741669.00
07/06/2017 20.50 20.50 20.55 20.52 5 54.00 1632089.00
08/06/2017 20.65 20.65 20.78 20.69 8 150.00 4577381.00
09/06/2017 20.73 20.62 20.79 20.78 10 97.00 2970554.00
12/06/2017 20.67 20.51 20.71 20.51 19 217.00 6668841.00
13/06/2017 20.70 20.58 20.70 20.58 4 53.00 1632076.00
14/06/2017 20.60 20.58 20.60 20.58 2 10.00 303390.00
16/06/2017 20.60 20.60 20.73 20.73 4 23.00 702336.00
