01/06/2016 23.75 23.75 23.75 23.75 1 25.00 960938.00
03/06/2016 24.50 24.25 24.50 24.25 3 33.00 1270116.00
06/06/2016 24.62 24.62 24.63 24.62 3 42.00 1624968.00
09/06/2016 25.59 25.59 25.61 25.61 2 21.00 822405.00
10/06/2016 25.65 25.65 26.20 25.86 6 141.00 5648665.00
13/06/2016 25.99 25.68 25.99 25.68 2 23.00 933040.00
14/06/2016 25.58 25.53 25.58 25.53 2 51.00 2049232.00
15/06/2016 25.28 25.28 25.28 25.28 1 1.00 39289.00
17/06/2016 25.19 25.19 25.37 25.37 3 70.00 2720690.00
20/06/2016 25.07 24.98 25.10 25.10 3 25.00 957633.00
21/06/2016 24.80 24.69 24.80 24.69 2 2.00 75433.00
22/06/2016 24.85 24.85 24.85 24.85 1 10.00 377778.00
23/06/2016 24.59 24.53 24.85 24.53 3 22.00 822121.00
24/06/2016 24.06 24.06 24.11 24.11 2 13.00 475128.00
27/06/2016 24.60 24.55 24.60 24.58 3 22.00 827708.00
28/06/2016 25.04 25.04 25.04 25.04 1 20.00 744680.00
29/06/2016 24.67 24.67 24.67 24.67 1 2.00 71893.00
30/06/2016 25.31 25.31 25.62 25.62 7 115.00 4227626.00
05/07/2016 24.42 24.00 24.42 24.10 4 117.00 4228210.00
06/07/2016 23.55 23.54 23.60 23.60 3 25.00 881565.00
07/07/2016 23.75 23.18 23.75 23.18 4 130.00 4561092.00
08/07/2016 23.42 23.42 23.42 23.42 1 1.00 34651.00
11/07/2016 23.86 23.47 23.86 23.47 3 115.00 4012697.00
13/07/2016 24.75 24.70 24.75 24.70 2 5.00 182503.00
14/07/2016 24.82 23.85 24.82 23.85 5 23.00 825732.00
15/07/2016 23.46 23.46 23.56 23.56 2 42.00 1452673.00
18/07/2016 23.19 23.19 23.74 23.74 3 106.00 3647918.00
19/07/2016 22.95 22.95 22.95 22.95 1 1.00 33714.00
20/07/2016 23.00 22.63 23.00 22.63 2 4.00 133690.00
21/07/2016 22.65 22.65 22.65 22.65 1 20.00 668995.00
22/07/2016 22.35 21.79 22.65 21.79 3 31.00 1023235.00
25/07/2016 21.81 21.60 21.85 21.60 6 18.00 579953.00
26/07/2016 21.64 21.64 21.85 21.69 7 80.00 2563516.00
27/07/2016 22.00 22.00 22.19 22.12 8 57.00 1858047.00
28/07/2016 22.02 21.84 22.15 21.84 4 103.00 3345120.00
29/07/2016 22.50 22.50 22.50 22.50 2 34.00 1114716.00
01/08/2016 22.10 21.63 22.10 21.63 8 79.00 2538172.00
02/08/2016 21.57 21.25 21.60 21.25 7 23.00 721140.00
03/08/2016 21.59 21.55 21.69 21.55 5 15.00 474172.00
04/08/2016 21.55 21.41 21.60 21.41 4 131.00 4080160.00
05/08/2016 21.65 21.65 21.80 21.70 8 69.00 2139755.00
08/08/2016 21.95 21.95 22.05 22.05 8 145.00 4544477.00
09/08/2016 22.26 22.21 22.26 22.21 3 29.00 914304.00
12/08/2016 22.02 22.00 22.10 22.04 4 145.00 4576219.00
15/08/2016 22.36 22.36 22.57 22.57 5 122.00 3925501.00
16/08/2016 22.43 22.43 22.43 22.43 1 2.00 64187.00
17/08/2016 22.65 22.65 22.65 22.65 4 18.00 587088.00
18/08/2016 22.41 22.41 22.74 22.74 2 4.00 131320.00
19/08/2016 22.54 22.54 22.54 22.54 1 1.00 32638.00
23/08/2016 22.82 22.82 22.82 22.82 1 1.00 33051.00
24/08/2016 22.75 22.75 22.75 22.75 1 2.00 66032.00
25/08/2016 22.53 22.13 22.53 22.13 2 45.00 1461141.00
26/08/2016 22.05 22.05 22.05 22.05 1 50.00 1620295.00
29/08/2016 21.64 21.64 21.64 21.64 1 2.00 63143.00
