20/06/2016 265.52 265.52 265.52 265.52 1 7200.00 1911744.00
21/06/2016 265.90 265.90 265.90 265.90 1 1700.00 452030.00
27/06/2016 253.53 253.53 253.53 253.53 1 300.00 76059.00
28/06/2016 253.37 253.17 253.37 253.17 2 1100.00 278607.00
29/06/2016 255.25 255.25 255.25 255.25 1 400.00 102100.00
01/07/2016 253.00 253.00 254.08 254.08 2 200.00 50708.00
05/07/2016 255.40 255.40 255.40 255.40 1 7900.00 2017660.00
07/07/2016 258.50 258.50 258.50 258.50 1 300.00 77550.00
08/07/2016 259.20 259.20 259.20 259.20 1 700.00 181440.00
11/07/2016 259.05 259.05 259.05 259.05 1 700.00 181335.00
13/07/2016 257.92 257.92 257.92 257.92 1 200.00 51584.00
15/07/2016 258.02 258.02 258.02 258.02 1 500.00 129010.00
18/07/2016 257.12 257.12 257.12 257.12 1 400.00 102848.00
21/07/2016 265.90 261.32 265.90 261.32 2 3700.00 982914.00
25/07/2016 264.50 262.95 266.04 262.95 3 5500.00 1456750.00
28/07/2016 259.26 259.26 259.49 259.49 2 1400.00 363056.00
01/08/2016 256.63 253.00 256.63 253.00 3 30600.00 7795183.00
05/08/2016 256.65 256.65 256.65 256.65 1 1100.00 282315.00
23/08/2016 265.38 263.35 265.38 263.35 3 1800.00 477278.00
24/08/2016 262.54 262.54 262.54 262.54 1 2600.00 682604.00
31/08/2016 255.43 255.43 255.43 255.43 1 1000.00 255430.00
06/09/2016 252.99 252.99 254.63 254.63 2 1400.00 356154.00
08/09/2016 253.45 253.45 253.45 253.45 1 400.00 101380.00
15/09/2016 254.52 254.52 254.52 254.52 1 900.00 229068.00
21/09/2016 245.57 245.57 245.57 245.57 1 1500.00 368355.00
22/09/2016 249.00 249.00 249.00 249.00 1 500.00 124500.00
26/09/2016 247.14 247.14 247.14 247.14 1 1500.00 370710.00
28/09/2016 248.64 248.64 248.64 248.64 1 400.00 99456.00
29/09/2016 253.50 253.50 253.50 253.50 1 100.00 25350.00
06/10/2016 263.84 263.84 263.84 263.84 1 500.00 131920.00
10/10/2016 263.97 263.97 263.97 263.97 1 2200.00 580734.00
13/10/2016 260.18 260.18 260.18 260.18 1 500.00 130090.00
17/10/2016 260.37 260.37 260.37 260.37 1 2300.00 598851.00
19/10/2016 267.46 267.46 267.46 267.46 1 500.00 133730.00
24/10/2016 251.21 249.70 251.21 249.70 2 200.00 50091.00
25/10/2016 249.12 249.12 249.12 249.12 1 100.00 24912.00
27/10/2016 252.63 252.63 252.63 252.63 1 1000.00 252630.00
03/11/2016 253.59 253.59 253.59 253.59 1 800.00 202872.00
09/11/2016 255.20 255.20 255.20 255.20 1 1200.00 306240.00
10/11/2016 269.66 269.66 269.66 269.66 1 500.00 134830.00
14/11/2016 271.27 269.63 271.27 269.63 2 200.00 54090.00
16/11/2016 278.91 278.91 278.91 278.91 1 600.00 167346.00
17/11/2016 273.54 273.54 273.54 273.54 1 1100.00 300894.00
21/11/2016 273.73 273.73 273.73 273.73 1 100.00 27373.00
28/11/2016 278.06 276.52 278.06 276.52 2 800.00 221678.00
01/12/2016 300.39 300.39 302.00 302.00 2 6600.00 1992556.00
02/12/2016 293.23 293.23 293.23 293.23 1 900.00 263907.00
19/12/2016 288.42 288.42 288.42 288.42 1 100.00 28842.00
03/01/2017 273.50 273.50 273.50 273.50 1 6200.00 1695700.00
04/01/2017 273.43 273.43 273.43 273.43 1 900.00 246087.00
05/01/2017 272.77 272.77 272.77 272.77 1 2000.00 545540.00
11/01/2017 271.91 271.91 271.91 271.91 1 100.00 27191.00
17/01/2017 275.89 275.89 275.89 275.89 1 600.00 165534.00
24/01/2017 268.71 268.71 268.71 268.71 1 100.00 26871.00
30/01/2017 260.32 260.32 260.32 260.32 1 600.00 156192.00
31/01/2017 263.14 263.14 263.14 263.14 1 400.00 105256.00
03/02/2017 257.93 257.93 257.93 257.93 1 700.00 180551.00
14/02/2017 253.72 253.72 253.72 253.72 2 300.00 76116.00
21/02/2017 249.43 249.43 249.43 249.43 1 2500.00 623575.00
15/03/2017 251.68 251.68 251.68 251.68 2 800.00 201344.00
21/03/2017 244.61 244.20 244.61 244.20 9 7600.00 1856367.00
22/03/2017 243.89 243.89 243.89 243.89 1 3800.00 926782.00
23/03/2017 244.89 244.30 244.89 244.30 2 4000.00 979501.00
24/03/2017 243.45 239.80 243.45 239.80 2 2400.00 577345.00
28/03/2017 245.91 245.91 245.91 245.91 1 400.00 98364.00
29/03/2017 246.52 245.05 246.52 245.05 2 4300.00 1059007.00
03/04/2017 241.77 241.77 243.18 243.18 2 2500.00 606822.00
04/04/2017 241.34 241.34 242.41 242.41 2 1600.00 386572.00
06/04/2017 244.43 244.43 246.49 246.49 2 300.00 73741.00
07/04/2017 244.88 244.88 244.88 244.88 1 300.00 73464.00
11/04/2017 247.27 247.27 247.27 247.27 1 100.00 24727.00
12/04/2017 249.03 249.03 249.03 249.03 1 300.00 74709.00
13/04/2017 246.09 246.09 246.09 246.09 1 200.00 49218.00
17/04/2017 242.31 242.31 242.31 242.31 1 200.00 48462.00
18/04/2017 242.16 242.16 242.16 242.16 1 200.00 48432.00
19/04/2017 239.85 239.85 239.85 239.85 1 300.00 71955.00
24/04/2017 232.85 232.85 232.85 232.85 1 900.00 209565.00
27/04/2017 231.44 231.44 231.44 231.44 1 300.00 69432.00
02/05/2017 225.22 225.22 225.22 225.22 1 600.00 135132.00
05/05/2017 227.76 227.76 227.76 227.76 1 300.00 68328.00
10/05/2017 229.97 229.97 231.10 231.10 2 1600.00 369421.00
11/05/2017 226.74 226.74 226.74 226.74 1 300.00 68022.00
12/05/2017 222.05 222.05 222.05 222.05 1 300.00 66615.00
15/05/2017 224.53 223.63 224.53 223.63 2 24000.00 5368020.00
16/05/2017 219.32 219.32 220.23 220.23 2 1800.00 395049.00
22/05/2017 236.98 236.37 236.98 236.37 3 1000.00 236919.00
06/06/2017 228.47 228.47 229.92 229.92 4 2700.00 619189.00
