20/06/2016 14.93 14.83 14.99 14.98 846 149900.00 2237792.00
21/06/2016 14.99 14.83 15.01 14.96 262 248400.00 3713094.00
22/06/2016 14.91 14.38 14.92 14.50 829 205600.00 2995107.00
23/06/2016 14.48 14.42 14.90 14.71 1050 266700.00 3917580.00
24/06/2016 14.55 14.37 14.94 14.90 789 124500.00 1835946.00
27/06/2016 15.02 14.71 15.02 14.90 257 102700.00 1530253.00
28/06/2016 14.93 14.55 14.99 14.69 568 137500.00 2030173.00
29/06/2016 14.68 14.66 14.87 14.80 220 80800.00 1195244.00
30/06/2016 14.78 14.77 14.95 14.80 430 249100.00 3689368.00
01/07/2016 14.83 14.73 14.94 14.79 843 115300.00 1709606.00
04/07/2016 14.83 14.77 14.94 14.94 379 88300.00 1313054.00
05/07/2016 14.94 14.60 15.13 14.65 630 278100.00 4104511.00
06/07/2016 14.66 14.12 14.66 14.20 510 148800.00 2126767.00
07/07/2016 14.29 13.92 14.44 14.09 1635 316200.00 4450571.00
08/07/2016 14.01 13.82 14.14 13.84 1123 334700.00 4669962.00
11/07/2016 13.98 13.96 14.45 14.45 952 267400.00 3809874.00
12/07/2016 14.45 14.09 14.47 14.19 1519 402500.00 5738929.00
13/07/2016 14.29 14.20 14.61 14.39 1702 409900.00 5903027.00
14/07/2016 14.44 14.28 14.68 14.68 761 136800.00 1977298.00
15/07/2016 14.58 14.24 14.78 14.40 2629 497400.00 7154298.00
18/07/2016 14.43 14.33 14.70 14.48 510 112200.00 1626208.00
19/07/2016 14.56 14.49 15.09 15.00 1837 372600.00 5526974.00
20/07/2016 14.99 14.86 15.36 15.10 764 159300.00 2397935.00
21/07/2016 15.15 14.93 15.39 15.00 1250 677800.00 10197297.00
22/07/2016 15.07 14.81 15.35 15.35 1476 279200.00 4239041.00
25/07/2016 15.21 14.75 15.25 14.92 1560 342500.00 5112181.00
26/07/2016 14.89 14.50 15.08 14.66 1128 170000.00 2503054.00
27/07/2016 14.60 14.59 14.89 14.81 916 233400.00 3450206.00
28/07/2016 14.88 14.73 14.98 14.98 391 77300.00 1146975.00
29/07/2016 14.98 14.74 15.00 15.00 1919 368900.00 5480765.00
01/08/2016 15.05 15.05 15.28 15.21 358 69700.00 1058550.00
02/08/2016 15.19 14.65 15.22 14.71 855 184400.00 2727703.00
03/08/2016 14.63 14.55 14.73 14.56 723 152500.00 2229944.00
04/08/2016 14.59 14.40 14.80 14.69 1369 224300.00 3270540.00
05/08/2016 14.70 14.65 14.80 14.66 1436 254900.00 3745063.00
08/08/2016 14.62 14.62 14.88 14.84 460 133700.00 1971024.00
09/08/2016 14.97 14.97 15.47 15.32 1121 318800.00 4875962.00
10/08/2016 15.44 15.30 15.88 15.85 1363 427100.00 6691011.00
11/08/2016 15.58 14.93 15.70 15.45 1976 713200.00 10940398.00
12/08/2016 15.50 15.19 15.50 15.27 1919 624800.00 9555370.00
15/08/2016 15.34 15.16 15.39 15.19 489 264100.00 4031463.00
16/08/2016 15.13 14.82 15.20 15.20 931 307800.00 4627303.00
17/08/2016 15.16 14.87 15.20 14.87 565 138100.00 2064001.00
18/08/2016 14.86 14.58 14.86 14.66 585 108800.00 1599327.00
19/08/2016 14.56 14.56 14.83 14.80 421 74100.00 1091635.00
22/08/2016 14.83 14.45 15.10 14.49 731 139500.00 2031123.00
23/08/2016 14.49 14.20 14.58 14.30 609 144000.00 2068342.00
24/08/2016 14.38 13.90 14.38 14.13 1768 460800.00 6464436.00
25/08/2016 14.20 14.03 14.52 14.47 808 209700.00 3002265.00
26/08/2016 14.21 14.08 14.49 14.22 658 145100.00 2062744.00
29/08/2016 14.12 14.12 14.36 14.30 478 134500.00 1922410.00
30/08/2016 14.32 14.25 14.49 14.49 903 195500.00 2817270.00
31/08/2016 14.49 14.31 14.68 14.47 1824 338300.00 4888180.00
01/09/2016 14.40 14.33 14.53 14.40 720 373800.00 5397989.00
02/09/2016 14.50 14.36 14.80 14.45 840 545400.00 7898742.00
05/09/2016 14.44 14.35 14.85 14.36 358 166300.00 2403288.00
06/09/2016 14.44 13.90 14.44 14.19 1052 397600.00 5594399.00
08/09/2016 14.24 13.99 14.38 14.19 767 182500.00 2580680.00
09/09/2016 14.10 13.94 14.18 13.94 461 139800.00 1963845.00
12/09/2016 13.96 13.76 13.99 13.88 1122 192800.00 2676210.00
13/09/2016 13.89 13.79 13.90 13.87 663 108000.00 1494459.00
14/09/2016 13.78 13.65 13.91 13.79 641 127000.00 1752164.00
15/09/2016 13.70 13.70 13.87 13.79 818 146000.00 2012583.00
16/09/2016 13.79 13.27 13.87 13.38 1987 963500.00 13042298.00
19/09/2016 13.47 13.38 13.62 13.50 1057 385000.00 5195142.00
20/09/2016 13.59 13.40 13.67 13.46 1425 302700.00 4084523.00
21/09/2016 13.40 13.40 13.75 13.59 1367 280400.00 3790872.00
22/09/2016 13.60 13.53 14.20 13.95 1372 552000.00 7604133.00
23/09/2016 13.82 13.82 14.49 14.30 1505 514900.00 7328860.00
26/09/2016 14.15 13.99 14.27 14.18 572 182900.00 2584262.00
27/09/2016 14.13 14.02 14.29 14.09 750 150500.00 2124915.00
28/09/2016 14.23 13.98 14.23 14.08 819 225700.00 3180707.00
29/09/2016 14.01 13.97 14.19 14.18 985 1079700.00 15142258.00
30/09/2016 14.18 14.01 14.39 14.06 701 205000.00 2882594.00
03/10/2016 14.05 14.05 14.34 14.15 382 76500.00 1083285.00
04/10/2016 14.14 14.07 14.34 14.26 576 156400.00 2229445.00
05/10/2016 14.27 14.17 14.47 14.30 456 128100.00 1829550.00
06/10/2016 14.30 14.21 14.49 14.41 498 86000.00 1235862.00
07/10/2016 14.40 14.21 14.40 14.33 493 115600.00 1650996.00
10/10/2016 14.35 14.28 14.40 14.34 150 219800.00 3144085.00
11/10/2016 14.33 14.19 14.43 14.34 401 76200.00 1089723.00
13/10/2016 14.22 14.20 14.59 14.35 1057 171800.00 2470051.00
14/10/2016 14.35 14.25 14.48 14.40 798 352900.00 5047438.00
17/10/2016 14.40 14.26 14.56 14.50 464 97500.00 1407203.00
18/10/2016 14.50 14.43 14.90 14.72 707 282000.00 4124202.00
19/10/2016 14.66 14.60 14.85 14.68 580 106400.00 1562251.00
20/10/2016 14.68 14.55 14.77 14.61 871 228300.00 3345473.00
21/10/2016 14.54 14.54 15.00 15.00 629 328800.00 4900112.00
24/10/2016 15.00 14.84 15.55 15.25 1972 491000.00 7488849.00
25/10/2016 15.37 15.15 15.46 15.20 1041 171000.00 2609331.00
26/10/2016 15.19 14.89 15.29 15.00 1390 544400.00 8227621.00
27/10/2016 15.14 15.06 15.60 15.36 1097 241100.00 3708756.00
28/10/2016 15.40 15.33 15.59 15.44 834 167800.00 2597662.00
31/10/2016 15.58 15.30 15.81 15.81 1182 262900.00 4095556.00
01/11/2016 15.81 15.45 15.81 15.59 1055 190200.00 2960997.00
03/11/2016 15.59 15.02 15.60 15.29 1683 272800.00 4155780.00
04/11/2016 15.29 14.88 15.29 15.15 1145 207600.00 3130631.00
07/11/2016 15.18 15.05 15.33 15.17 558 114900.00 1743498.00
08/11/2016 15.17 15.12 15.37 15.13 364 58200.00 885660.00
09/11/2016 14.90 14.47 14.95 14.95 1991 983000.00 14418746.00
10/11/2016 15.11 14.03 15.11 14.50 1469 319100.00 4637379.00
11/11/2016 14.47 13.94 14.47 13.97 1940 549500.00 7706758.00
14/11/2016 13.95 13.91 14.16 14.05 939 3099700.00 43442460.00
16/11/2016 14.07 13.95 14.30 14.22 1328 1188700.00 16734043.00
17/11/2016 14.30 14.02 14.30 14.05 2115 383400.00 5397796.00
18/11/2016 14.15 14.06 14.37 14.22 1572 351800.00 4980342.00
21/11/2016 14.30 14.15 14.54 14.38 1362 278100.00 3984510.00
22/11/2016 14.49 14.05 14.63 14.27 2476 464900.00 6647557.00
23/11/2016 14.30 14.20 14.67 14.56 2197 314700.00 4565382.00
24/11/2016 14.50 14.41 14.68 14.56 518 137300.00 1996133.00
25/11/2016 14.50 14.45 14.90 14.64 727 111400.00 1631673.00
28/11/2016 14.50 14.36 14.69 14.50 686 448000.00 6496049.00
29/11/2016 14.50 14.09 14.70 14.36 1781 262200.00 3801064.00
30/11/2016 14.55 14.40 14.73 14.62 1313 235500.00 3434552.00
01/12/2016 14.64 14.10 14.77 14.30 2569 767200.00 10949596.00
02/12/2016 14.29 14.05 14.57 14.20 3138 587300.00 8397830.00
05/12/2016 14.30 14.04 14.32 14.11 924 208900.00 2949860.00
06/12/2016 14.06 13.97 14.33 14.24 1149 216300.00 3071023.00
07/12/2016 14.39 14.23 14.55 14.38 1709 220900.00 3181636.00
08/12/2016 14.54 14.26 14.58 14.38 1114 529900.00 7638334.00
09/12/2016 14.47 14.24 14.48 14.37 866 190100.00 2723581.00
12/12/2016 14.25 14.22 14.43 14.36 503 107900.00 1545395.00
13/12/2016 14.34 14.26 14.81 14.57 1158 187300.00 2716353.00
14/12/2016 14.60 14.36 14.66 14.36 582 121000.00 1748418.00
15/12/2016 14.44 14.31 14.68 14.50 1551 228300.00 3312857.00
16/12/2016 14.42 14.42 14.60 14.42 701 191800.00 2776281.00
19/12/2016 14.52 14.29 14.52 14.35 493 113100.00 1625107.00
20/12/2016 14.45 14.23 14.45 14.35 390 79500.00 1141947.00
21/12/2016 14.32 14.21 14.41 14.35 443 62200.00 893264.00
22/12/2016 14.32 14.32 14.40 14.40 435 75200.00 1081114.00
23/12/2016 14.43 14.40 14.77 14.50 685 120800.00 1753617.00
26/12/2016 14.55 14.34 14.60 14.44 264 51900.00 751384.00
27/12/2016 14.47 14.42 14.69 14.50 490 105100.00 1532026.00
28/12/2016 14.51 14.50 14.71 14.60 391 62000.00 906239.00
29/12/2016 14.63 14.40 14.76 14.47 1539 236100.00 3412760.00
02/01/2017 14.47 14.47 14.78 14.66 599 101500.00 1486603.00
03/01/2017 14.77 14.56 14.92 14.76 1009 168600.00 2481304.00
04/01/2017 14.76 14.76 15.40 15.25 1543 269500.00 4106518.00
05/01/2017 15.34 15.34 15.73 15.67 1347 295300.00 4611310.00
06/01/2017 15.67 15.54 15.86 15.66 571 116500.00 1828380.00
09/01/2017 15.55 15.50 15.75 15.65 790 188400.00 2939158.00
10/01/2017 15.76 15.50 15.76 15.55 667 174600.00 2717607.00
11/01/2017 15.60 15.44 15.75 15.57 1189 154700.00 2416825.00
12/01/2017 15.74 15.49 16.10 15.98 1460 304000.00 4794242.00
13/01/2017 15.91 15.72 16.08 15.85 1045 277200.00 4391861.00
16/01/2017 15.90 15.89 16.06 16.03 1188 173700.00 2782507.00
17/01/2017 16.03 16.00 16.44 16.29 1409 500300.00 8143562.00
18/01/2017 16.29 16.19 16.45 16.43 480 103800.00 1699132.00
19/01/2017 16.47 16.17 16.50 16.20 774 127100.00 2066923.00
20/01/2017 16.26 16.03 16.44 16.35 868 167900.00 2741041.00
23/01/2017 16.44 16.12 16.44 16.26 1062 218100.00 3546793.00
24/01/2017 16.34 16.25 16.85 16.70 752 333200.00 5513771.00
26/01/2017 16.80 16.63 16.98 16.76 1849 313300.00 5265177.00
27/01/2017 16.77 16.51 16.83 16.74 583 113200.00 1893686.00
30/01/2017 16.75 16.29 16.75 16.29 559 158200.00 2602934.00
31/01/2017 16.32 16.31 16.57 16.42 674 104000.00 1708187.00
01/02/2017 16.44 16.44 17.15 16.81 1128 258500.00 4348074.00
02/02/2017 16.99 16.46 17.03 16.70 1071 155300.00 2587165.00
03/02/2017 16.71 16.55 16.91 16.75 412 86600.00 1449956.00
06/02/2017 16.67 16.61 16.81 16.70 446 75200.00 1255842.00
07/02/2017 16.75 16.60 16.90 16.78 423 79800.00 1334071.00
08/02/2017 16.80 16.68 16.85 16.74 366 63800.00 1069748.00
09/02/2017 16.76 16.67 17.00 16.97 619 80700.00 1360978.00
10/02/2017 17.01 16.91 17.18 17.17 795 112300.00 1919951.00
13/02/2017 17.20 17.00 17.22 17.00 693 97800.00 1666481.00
14/02/2017 17.00 16.76 17.22 16.90 976 263500.00 4480673.00
15/02/2017 16.99 16.94 17.45 17.37 1966 262800.00 4512411.00
16/02/2017 17.40 17.35 17.96 17.76 1698 381900.00 6741785.00
17/02/2017 17.80 17.58 17.80 17.60 604 204300.00 3607198.00
20/02/2017 17.62 17.30 17.65 17.30 425 83800.00 1460357.00
21/02/2017 17.29 17.29 17.75 17.75 730 273800.00 4793174.00
22/02/2017 17.71 17.29 17.73 17.44 724 143000.00 2501044.00
23/02/2017 17.51 17.02 17.95 17.12 735 136500.00 2373969.00
24/02/2017 17.10 17.00 17.46 17.20 889 371400.00 6379299.00
01/03/2017 17.25 17.10 17.40 17.25 1143 367800.00 6340846.00
02/03/2017 17.29 16.91 17.44 17.16 972 158100.00 2704331.00
03/03/2017 17.12 17.12 17.79 17.70 926 338400.00 5874254.00
06/03/2017 17.70 17.61 18.30 18.30 714 461900.00 8334842.00
07/03/2017 18.20 17.94 18.62 18.23 1243 756000.00 13791775.00
08/03/2017 18.33 17.65 18.33 17.65 792 349700.00 6218961.00
09/03/2017 17.68 16.93 17.85 17.00 917 326800.00 5631634.00
10/03/2017 17.06 17.06 17.41 17.35 430 72900.00 1256279.00
13/03/2017 17.56 17.10 17.59 17.15 1078 206800.00 3579865.00
14/03/2017 17.18 17.10 17.32 17.15 366 64800.00 1114370.00
15/03/2017 17.17 17.06 17.32 17.06 896 250400.00 4309493.00
16/03/2017 17.24 17.16 17.46 17.40 1671 645000.00 11113443.00
17/03/2017 17.40 16.91 17.65 17.30 1123 251700.00 4341603.00
20/03/2017 17.38 17.04 17.43 17.25 878 212000.00 3673784.00
21/03/2017 17.35 16.96 17.35 17.00 1493 273900.00 4665080.00
22/03/2017 17.02 16.82 17.64 17.28 2088 464700.00 8045597.00
23/03/2017 17.22 17.22 17.54 17.39 2832 521100.00 9010839.00
24/03/2017 17.24 17.24 17.83 17.65 2455 363000.00 6362444.00
27/03/2017 17.50 17.08 17.68 17.24 1886 351200.00 6081342.00
28/03/2017 17.30 17.18 17.53 17.48 1183 183000.00 3183959.00
29/03/2017 17.58 17.43 17.75 17.56 2060 340400.00 6007171.00
30/03/2017 17.57 17.55 17.80 17.73 652 96600.00 1710919.00
31/03/2017 17.71 17.61 18.00 17.82 1818 334900.00 5977944.00
03/04/2017 17.83 17.67 17.88 17.70 700 138500.00 2457358.00
04/04/2017 17.70 17.70 18.00 18.00 1160 346700.00 6190916.00
05/04/2017 17.98 17.73 18.20 18.06 1727 291300.00 5244060.00
06/04/2017 18.13 17.85 18.13 18.00 741 110400.00 1983557.00
07/04/2017 18.03 17.89 18.10 18.00 1530 377200.00 6798730.00
10/04/2017 18.00 18.00 18.32 18.32 779 175500.00 3198036.00
11/04/2017 18.31 18.16 18.32 18.25 735 115000.00 2097633.00
12/04/2017 18.22 17.96 18.28 18.00 1021 239000.00 4335866.00
13/04/2017 17.90 17.87 18.32 18.21 1396 237400.00 4294058.00
17/04/2017 18.20 17.90 18.24 18.00 555 150300.00 2711478.00
18/04/2017 17.85 17.85 18.17 18.10 1774 411800.00 7450110.00
19/04/2017 18.10 18.09 18.73 18.55 1971 468200.00 8652032.00
20/04/2017 18.54 18.36 18.72 18.40 594 175600.00 3243191.00
24/04/2017 18.42 18.24 18.66 18.58 706 117000.00 2158803.00
25/04/2017 18.55 18.45 18.68 18.50 305 67300.00 1248817.00
26/04/2017 18.54 18.50 19.00 19.00 1039 277900.00 5233659.00
27/04/2017 18.90 18.55 19.09 19.00 811 171400.00 3228016.00
28/04/2017 18.94 18.87 19.61 19.60 1818 330600.00 6390474.00
02/05/2017 19.46 19.31 19.57 19.50 1173 170400.00 3312943.00
03/05/2017 19.50 19.34 19.64 19.64 995 161200.00 3144215.00
04/05/2017 19.78 19.26 19.78 19.70 1702 249300.00 4876963.00
05/05/2017 19.57 19.53 19.86 19.79 720 101400.00 1999255.00
08/05/2017 19.80 19.64 19.84 19.75 1454 187100.00 3696219.00
09/05/2017 19.86 19.61 20.04 19.96 1762 231900.00 4606035.00
10/05/2017 20.00 19.83 20.46 20.35 2370 328600.00 6663814.00
11/05/2017 20.21 20.21 20.72 20.32 1994 416700.00 8479943.00
12/05/2017 20.33 20.33 20.75 20.70 2282 402400.00 8262792.00
15/05/2017 20.70 20.59 20.70 20.69 1648 302300.00 6250334.00
16/05/2017 20.68 20.57 21.45 21.40 2153 441800.00 9197374.00
17/05/2017 21.00 20.49 21.10 20.49 2609 426200.00 8845228.00
18/05/2017 18.90 18.65 19.87 19.51 1554 371500.00 7149638.00
19/05/2017 19.71 19.61 20.43 20.43 2662 472000.00 9503640.00
22/05/2017 20.42 19.43 20.42 19.55 1499 226700.00 4501892.00
23/05/2017 19.66 19.58 20.43 20.16 1719 298100.00 5973899.00
24/05/2017 20.35 20.19 21.32 21.00 4410 647800.00 13482419.00
25/05/2017 21.00 20.42 21.10 20.85 2189 323800.00 6720700.00
26/05/2017 21.02 20.42 21.02 20.98 3047 477500.00 9903303.00
29/05/2017 20.93 20.67 21.14 20.85 902 113500.00 2367535.00
30/05/2017 20.60 20.59 20.95 20.71 845 130400.00 2702201.00
31/05/2017 20.56 20.17 20.67 20.17 983 205100.00 4158112.00
01/06/2017 20.21 20.21 20.41 20.34 1447 229100.00 4645629.00
02/06/2017 20.49 20.12 20.56 20.16 1671 265000.00 5380393.00
05/06/2017 20.14 20.14 20.63 20.48 694 109400.00 2238405.00
06/06/2017 20.24 20.22 20.53 20.30 370 105100.00 2141115.00
07/06/2017 20.32 20.10 20.49 20.43 1042 311900.00 6331109.00
08/06/2017 20.24 20.04 20.39 20.10 1293 270300.00 5465904.00
09/06/2017 20.20 20.00 20.36 20.30 418 72500.00 1465144.00
12/06/2017 20.33 20.00 20.33 20.05 1763 315200.00 6364661.00
13/06/2017 20.08 20.00 20.20 20.00 203 111700.00 2242230.00
14/06/2017 20.02 19.69 20.74 20.56 1255 512600.00 10407222.00
16/06/2017 20.58 20.30 20.59 20.45 1209 247200.00 5056549.00
