20/06/2016 3.26 3.17 3.28 3.17 188 118184.39 380490.00
21/06/2016 3.17 3.11 3.17 3.15 94 108894.79 341509.00
22/06/2016 3.15 3.09 3.24 3.16 144 177637.85 566788.00
23/06/2016 3.20 3.09 3.25 3.14 165 199829.68 631741.00
24/06/2016 3.08 3.08 3.20 3.12 69 150698.00 475352.00
27/06/2016 3.11 2.92 3.11 2.92 377 527959.09 1606450.00
28/06/2016 2.95 2.94 3.04 2.95 186 188888.59 562676.00
29/06/2016 2.95 2.95 3.13 3.05 215 202410.12 627074.00
30/06/2016 3.03 3.00 3.15 3.10 265 229762.84 708418.00
01/07/2016 3.08 3.08 3.18 3.18 51 111991.32 353387.00
04/07/2016 3.11 3.10 3.33 3.33 90 92689.59 299677.00
05/07/2016 3.27 3.26 3.38 3.34 108 176296.02 591269.00
06/07/2016 3.26 3.19 3.32 3.29 97 109823.75 362672.00
07/07/2016 3.29 3.20 3.29 3.26 112 37468.06 121344.00
08/07/2016 3.25 3.22 3.43 3.29 76 88148.01 290640.00
11/07/2016 3.37 3.26 3.54 3.44 183 212112.59 727121.00
12/07/2016 3.51 3.42 3.57 3.49 114 146053.20 513853.00
13/07/2016 3.48 3.39 3.54 3.51 152 124171.02 432966.00
14/07/2016 3.56 3.55 3.67 3.67 99 145227.46 524755.00
15/07/2016 3.63 3.51 3.68 3.66 298 239568.53 867318.00
18/07/2016 3.66 3.58 3.68 3.62 100 138518.30 504614.00
19/07/2016 3.62 3.56 3.66 3.57 221 134492.80 485931.00
20/07/2016 3.64 3.59 3.68 3.59 367 129022.26 473457.00
21/07/2016 3.66 3.59 3.68 3.60 129 143163.10 518690.00
22/07/2016 3.60 3.60 4.16 4.01 304 546641.51 2104940.00
25/07/2016 4.06 3.92 4.22 4.22 1772 791370.93 3237181.00
26/07/2016 4.20 4.12 4.67 4.41 991 1396433.72 6166603.00
27/07/2016 4.41 4.31 4.80 4.41 1564 2162722.73 9806941.00
28/07/2016 4.50 4.36 4.55 4.36 524 1085438.47 4860665.00
29/07/2016 4.33 3.90 4.47 4.38 626 466028.40 1964526.00
01/08/2016 4.38 4.13 4.50 4.15 172 184347.00 793075.00
02/08/2016 4.07 3.97 4.29 4.26 488 325858.62 1341795.00
03/08/2016 4.20 4.20 4.35 4.21 219 116532.90 500135.00
04/08/2016 4.33 4.12 4.33 4.12 202 139344.04 588893.00
05/08/2016 4.18 4.17 4.45 4.45 382 318014.07 1374076.00
08/08/2016 4.48 4.28 4.54 4.30 237 97437.61 426506.00
09/08/2016 4.25 4.22 4.40 4.24 379 90831.67 388456.00
10/08/2016 4.27 4.26 4.59 4.59 439 221298.98 978139.00
11/08/2016 4.64 4.48 4.72 4.71 177 77516.57 356225.00
12/08/2016 4.71 4.70 5.33 5.17 523 457358.11 2306146.00
15/08/2016 5.13 4.82 5.13 4.94 508 373029.16 1858691.00
16/08/2016 4.84 4.76 4.94 4.78 225 510824.93 2494849.00
17/08/2016 4.81 4.80 4.93 4.84 141 878073.89 4261147.00
18/08/2016 4.82 4.68 4.86 4.74 84 114468.55 549238.00
19/08/2016 4.75 4.46 4.75 4.51 138 180631.16 828077.00
22/08/2016 4.51 4.35 4.65 4.55 146 209016.06 954606.00
23/08/2016 4.55 4.45 4.57 4.45 84 118287.61 537717.00
24/08/2016 4.48 4.30 4.48 4.36 88 160606.91 704663.00
25/08/2016 4.29 4.24 4.40 4.27 65 65440.09 282766.00
26/08/2016 4.27 4.18 4.36 4.19 104 55531.18 236822.00
29/08/2016 4.17 4.17 4.45 4.22 148 49957.42 212797.00
30/08/2016 4.23 4.12 4.27 4.18 97 46551.23 196560.00
31/08/2016 4.18 4.06 4.41 4.31 286 266198.73 1149279.00
01/09/2016 4.20 4.17 4.29 4.26 90 26320.54 111171.00
02/09/2016 4.22 4.20 4.30 4.26 151 75245.78 319540.00
05/09/2016 4.28 4.12 4.31 4.21 216 105385.38 444544.00
06/09/2016 4.20 4.08 4.20 4.09 213 85257.91 352104.00
08/09/2016 4.12 3.90 4.12 3.90 435 207261.36 822316.00
09/09/2016 3.91 3.90 4.12 4.12 229 315536.84 1265705.00
12/09/2016 4.01 3.93 4.16 3.97 206 269398.48 1074019.00
13/09/2016 3.99 3.88 3.99 3.94 60 171341.56 680282.00
14/09/2016 3.94 3.57 4.05 4.05 331 454880.88 1726643.00
15/09/2016 3.95 3.62 3.95 3.62 473 770417.72 2897119.00
16/09/2016 3.63 3.62 3.91 3.88 395 1083270.89 4036124.00
19/09/2016 3.87 3.74 3.87 3.78 76 80613.11 306534.00
20/09/2016 3.75 3.59 3.75 3.74 192 260418.53 957628.00
21/09/2016 3.69 3.60 3.77 3.77 111 191365.82 707516.00
22/09/2016 3.71 3.62 3.78 3.78 142 267437.34 992900.00
23/09/2016 3.73 3.65 3.83 3.81 138 208293.54 781300.00
26/09/2016 3.73 3.70 3.76 3.71 33 12282.92 45765.00
27/09/2016 3.72 3.58 3.73 3.58 89 282094.27 1031709.00
28/09/2016 3.62 3.61 3.69 3.65 72 135421.76 496420.00
29/09/2016 3.68 3.54 3.68 3.55 139 212009.38 762796.00
30/09/2016 3.53 3.39 3.61 3.56 255 518875.92 1827606.00
03/10/2016 3.56 3.46 3.58 3.57 55 56047.27 198317.00
04/10/2016 3.63 3.52 3.77 3.57 219 320594.51 1161814.00
05/10/2016 3.58 3.53 3.60 3.53 145 160916.56 572718.00
06/10/2016 3.50 3.50 3.65 3.59 113 80097.02 288989.00
07/10/2016 3.55 3.55 3.62 3.59 89 70188.11 252633.00
10/10/2016 3.63 3.57 3.63 3.57 106 90522.02 324978.00
11/10/2016 3.57 3.42 3.57 3.43 243 685056.59 2389641.00
13/10/2016 3.47 3.34 3.47 3.38 129 160813.34 547446.00
14/10/2016 3.39 3.39 3.53 3.45 62 55118.31 191506.00
17/10/2016 3.49 3.45 3.54 3.48 68 161948.74 567463.00
18/10/2016 3.52 3.46 3.63 3.58 128 230072.49 815968.00
19/10/2016 3.63 3.56 3.76 3.65 255 672773.67 2470513.00
20/10/2016 3.64 3.61 3.83 3.73 188 586793.24 2192955.00
21/10/2016 3.73 3.56 3.78 3.73 238 369313.32 1367204.00
24/10/2016 3.73 3.63 3.73 3.64 147 280546.00 1029213.00
25/10/2016 3.64 3.50 3.64 3.56 182 205300.22 733123.00
26/10/2016 3.56 3.44 3.56 3.44 244 441978.65 1548200.00
27/10/2016 3.46 3.29 3.46 3.32 408 973550.36 3275801.00
28/10/2016 3.34 3.30 3.58 3.58 252 329161.59 1129432.00
31/10/2016 3.57 3.49 3.68 3.62 96 96405.43 346237.00
01/11/2016 3.58 3.44 3.68 3.44 188 130776.96 462882.00
03/11/2016 3.46 3.45 3.58 3.45 177 152659.14 535704.00
04/11/2016 3.46 3.42 3.53 3.42 85 28900.99 100011.00
07/11/2016 3.56 3.39 3.57 3.39 182 155858.89 542842.00
08/11/2016 3.42 3.39 3.48 3.39 81 63995.04 218931.00
09/11/2016 3.35 3.33 3.58 3.39 213 183314.83 624519.00
10/11/2016 3.45 3.35 3.48 3.43 145 59040.59 201149.00
11/11/2016 3.44 3.25 3.44 3.27 147 78858.41 261564.00
14/11/2016 3.28 3.28 3.45 3.41 118 104869.29 351518.00
16/11/2016 3.40 3.15 3.44 3.15 318 353314.56 1144492.00
17/11/2016 3.16 3.09 3.24 3.10 190 136557.16 426544.00
18/11/2016 3.21 3.10 3.27 3.15 156 120351.96 381370.00
21/11/2016 3.21 3.17 3.31 3.17 197 148530.43 482833.00
22/11/2016 3.23 3.16 3.34 3.16 214 351043.76 1144611.00
23/11/2016 3.18 3.10 3.22 3.10 240 296957.63 932889.00
24/11/2016 3.15 3.11 3.20 3.16 164 454571.23 1428438.00
25/11/2016 3.17 3.04 3.23 3.07 201 426599.20 1322631.00
28/11/2016 3.09 2.95 3.13 3.03 461 1099888.96 3321082.00
29/11/2016 3.07 2.95 3.09 2.95 334 512786.07 1542489.00
30/11/2016 2.97 2.97 3.26 3.17 504 910690.72 2830580.00
01/12/2016 3.17 2.99 3.26 3.03 414 381905.89 1194621.00
02/12/2016 3.05 2.98 3.19 3.15 338 443836.57 1356897.00
05/12/2016 3.20 3.12 3.33 3.27 372 684127.63 2218133.00
06/12/2016 3.27 3.27 3.78 3.68 620 780636.28 2757167.00
07/12/2016 3.73 3.60 3.85 3.68 467 349185.84 1306530.00
08/12/2016 3.70 3.55 3.76 3.58 145 80097.02 289599.00
09/12/2016 3.63 3.50 3.73 3.59 187 398420.74 1469709.00
12/12/2016 3.56 3.34 3.58 3.34 212 144298.50 497370.00
13/12/2016 3.38 3.35 3.66 3.48 243 190540.07 676997.00
14/12/2016 3.49 3.29 3.64 3.33 202 126751.47 434941.00
15/12/2016 3.37 3.30 3.54 3.40 160 88044.79 296809.00
16/12/2016 3.41 3.34 3.51 3.39 127 104146.77 354012.00
19/12/2016 3.48 3.36 3.55 3.41 102 393259.85 1340996.00
20/12/2016 3.42 3.24 3.46 3.42 210 145743.54 487530.00
21/12/2016 3.43 3.33 3.46 3.43 113 52434.65 177519.00
22/12/2016 3.39 3.32 3.53 3.49 113 127370.77 435366.00
23/12/2016 3.49 3.47 3.59 3.56 151 114674.98 406563.00
26/12/2016 3.55 3.55 3.65 3.63 130 83709.64 302608.00
27/12/2016 3.65 3.56 3.71 3.57 159 374577.42 1363151.00
28/12/2016 3.57 3.55 3.69 3.63 199 179908.64 656975.00
29/12/2016 3.62 3.48 3.63 3.59 219 169070.77 602375.00
02/01/2017 3.56 3.36 3.56 3.44 166 187030.67 647787.00
03/01/2017 3.48 3.45 3.63 3.63 206 149356.17 528254.00
04/01/2017 3.66 3.50 3.82 3.66 478 648207.83 2393312.00
05/01/2017 3.70 3.70 4.06 4.03 700 621474.42 2430917.00
06/01/2017 4.01 3.97 4.26 4.26 862 655949.17 2725631.00
09/01/2017 4.21 4.07 4.31 4.19 267 270327.44 1128848.00
10/01/2017 4.15 4.12 4.29 4.27 281 467473.45 1971986.00
11/01/2017 4.25 4.11 4.28 4.28 238 401517.27 1693746.00
12/01/2017 4.36 4.21 4.42 4.25 304 382421.98 1648482.00
13/01/2017 4.25 4.14 4.27 4.21 139 417206.38 1749809.00
16/01/2017 4.17 4.00 4.31 4.00 219 305731.15 1267949.00
17/01/2017 4.00 3.86 4.12 3.89 452 462519.00 1820949.00
18/01/2017 3.90 3.89 4.16 3.94 567 447242.76 1815610.00
19/01/2017 3.98 3.86 4.02 3.89 190 318530.15 1242722.00
20/01/2017 3.88 3.79 4.12 4.07 280 274456.15 1089998.00
23/01/2017 4.12 4.10 4.42 4.42 271 382318.76 1635741.00
24/01/2017 4.43 4.25 4.54 4.25 296 261141.05 1148595.00
26/01/2017 4.36 4.29 4.46 4.35 237 238536.35 1044445.00
27/01/2017 4.35 4.29 4.43 4.30 187 175883.14 763922.00
30/01/2017 4.38 4.13 4.38 4.14 208 220576.46 929624.00
31/01/2017 4.13 4.13 4.26 4.22 272 214589.82 904401.00
01/02/2017 4.22 4.06 4.30 4.06 228 251954.67 1043632.00
02/02/2017 4.07 4.03 4.16 4.16 201 167212.85 686060.00
03/02/2017 4.16 4.04 4.20 4.05 225 191985.12 789061.00
06/02/2017 4.13 3.93 4.13 3.95 361 215312.35 862127.00
07/02/2017 4.02 3.94 4.02 3.95 155 116945.78 466899.00
08/02/2017 3.96 3.88 4.10 4.03 158 80406.67 320911.00
09/02/2017 4.06 3.98 4.06 4.00 91 38293.81 153832.00
10/02/2017 4.06 4.03 4.16 4.06 184 175573.49 720359.00
13/02/2017 4.14 4.08 4.14 4.12 192 293241.79 1204909.00
14/02/2017 4.14 4.09 4.60 4.36 628 512682.85 2219316.00
15/02/2017 4.44 4.36 4.72 4.71 535 1091734.75 5020821.00
16/02/2017 4.71 4.59 4.82 4.65 446 341857.38 1609054.00
17/02/2017 4.74 4.47 4.74 4.57 238 172580.17 792863.00
20/02/2017 4.74 4.61 5.22 5.10 959 956416.21 4728231.00
21/02/2017 5.18 4.85 5.40 4.85 1483 1730240.11 9037305.00
22/02/2017 4.90 4.70 5.22 5.04 1116 860113.99 4276225.00
23/02/2017 5.10 5.08 5.48 5.35 1389 1452687.43 7690960.00
24/02/2017 5.39 5.11 5.75 5.61 1277 1118984.25 6191270.00
01/03/2017 5.72 5.68 6.00 5.80 773 789616.23 4590456.00
02/03/2017 5.79 5.57 5.82 5.58 653 529610.57 2999351.00
03/03/2017 5.61 5.42 5.76 5.74 666 508450.92 2843749.00
06/03/2017 5.60 5.43 5.72 5.53 466 341960.60 1906256.00
07/03/2017 5.42 5.22 5.78 5.51 943 854540.23 4718157.00
08/03/2017 5.51 5.08 5.58 5.18 935 893556.56 4724379.00
09/03/2017 5.14 4.96 5.38 5.11 638 666787.04 3470252.00
10/03/2017 5.15 4.76 5.24 5.13 790 899543.19 4497676.00
13/03/2017 5.02 4.80 5.13 4.84 515 610636.55 3007761.00
14/03/2017 4.83 4.70 4.99 4.94 622 726137.28 3515958.00
15/03/2017 4.99 4.86 5.06 4.87 397 426186.33 2113006.00
16/03/2017 4.94 4.82 5.01 4.82 360 254122.24 1242688.00
17/03/2017 4.84 4.71 4.98 4.93 493 432276.18 2093336.00
20/03/2017 4.88 4.80 5.01 4.83 377 211493.29 1032144.00
21/03/2017 4.88 4.52 4.88 4.52 533 497406.62 2290437.00
22/03/2017 4.51 4.47 4.70 4.64 351 365494.26 1677504.00
23/03/2017 4.57 4.53 4.69 4.57 284 170412.60 785945.00
24/03/2017 4.61 4.47 4.71 4.47 159 114571.77 521623.00
27/03/2017 4.46 4.20 4.46 4.28 253 198384.63 864366.00
28/03/2017 4.29 4.28 4.99 4.98 801 577710.07 2743165.00
29/03/2017 4.84 4.37 4.84 4.41 1084 983872.14 4517826.00
30/03/2017 4.44 4.34 4.55 4.37 283 548189.78 2434046.00
31/03/2017 4.36 4.28 4.44 4.29 249 192810.86 839203.00
03/04/2017 4.37 4.19 4.37 4.20 264 159677.95 678965.00
04/04/2017 4.21 4.21 4.46 4.26 352 226459.87 981524.00
05/04/2017 4.32 4.12 4.40 4.13 489 238123.48 1016932.00
06/04/2017 4.17 4.15 4.47 4.47 596 383660.59 1635134.00
07/04/2017 4.55 4.49 4.80 4.80 984 599901.90 2785820.00
10/04/2017 4.80 4.65 4.94 4.74 819 460557.86 2232981.00
11/04/2017 4.75 4.56 4.83 4.75 371 189714.33 895950.00
12/04/2017 4.67 4.67 5.08 5.02 920 507109.09 2510779.00
13/04/2017 5.08 4.82 5.23 5.23 1027 508863.79 2610591.00
17/04/2017 5.23 5.17 5.50 5.38 692 502154.63 2700344.00
18/04/2017 5.43 5.22 5.48 5.34 340 423296.23 2268226.00
19/04/2017 5.43 5.02 5.43 5.17 482 564188.54 2949598.00
20/04/2017 5.22 5.13 5.39 5.18 192 138724.73 725257.00
24/04/2017 5.23 5.13 5.35 5.23 210 227079.18 1196683.00
25/04/2017 5.22 5.22 5.63 5.61 431 404923.46 2225194.00
26/04/2017 5.59 5.43 5.88 5.78 795 1003689.96 5733334.00
27/04/2017 5.83 5.55 5.83 5.61 375 262792.54 1479235.00
28/04/2017 5.62 5.56 5.69 5.59 241 212835.12 1194119.00
02/05/2017 5.58 5.53 5.95 5.93 445 464100.00 2678208.00
03/05/2017 5.93 5.87 6.23 6.05 677 771300.00 4690300.00
04/05/2017 6.18 5.82 6.18 5.82 387 339400.00 2025058.00
05/05/2017 5.86 5.84 6.12 5.93 615 463900.00 2784439.00
08/05/2017 5.99 5.72 6.00 5.93 438 341700.00 2012645.00
09/05/2017 5.93 5.72 6.07 5.90 601 418600.00 2465819.00
10/05/2017 5.92 5.82 6.02 5.90 742 424200.00 2506682.00
11/05/2017 5.92 5.60 6.10 5.68 1258 735700.00 4315456.00
12/05/2017 5.68 5.62 5.82 5.72 433 222200.00 1269854.00
15/05/2017 5.80 5.62 5.88 5.66 367 257700.00 1481055.00
16/05/2017 5.73 5.32 5.90 5.85 1204 1009700.00 5589881.00
17/05/2017 5.85 5.57 5.90 5.57 579 328600.00 1882383.00
18/05/2017 4.98 4.65 5.13 4.74 1050 837800.00 4100152.00
19/05/2017 4.85 4.76 5.14 4.78 813 560800.00 2759476.00
22/05/2017 4.75 4.48 4.80 4.60 719 446100.00 2064588.00
23/05/2017 4.63 4.42 4.82 4.60 1183 767800.00 3512817.00
24/05/2017 4.68 4.66 4.97 4.76 476 292400.00 1410849.00
25/05/2017 4.88 4.76 4.95 4.77 493 290300.00 1405500.00
26/05/2017 4.85 4.73 4.93 4.77 282 150800.00 727184.00
29/05/2017 4.78 4.72 4.84 4.72 161 86500.00 412407.00
30/05/2017 4.73 4.71 4.82 4.72 105 71200.00 338445.00
31/05/2017 4.79 4.59 4.90 4.68 259 143800.00 679816.00
01/06/2017 4.80 4.62 4.87 4.65 167 90500.00 429522.00
02/06/2017 4.67 4.57 4.74 4.66 182 106300.00 492695.00
05/06/2017 4.65 4.52 4.70 4.60 198 82900.00 381365.00
06/06/2017 4.60 4.50 4.62 4.62 184 133300.00 606644.00
07/06/2017 4.63 4.56 4.78 4.69 262 101800.00 476495.00
08/06/2017 4.72 4.63 4.76 4.63 67 24000.00 112882.00
09/06/2017 4.63 4.55 4.74 4.67 121 56000.00 260196.00
12/06/2017 4.61 4.48 4.72 4.60 271 239900.00 1103356.00
13/06/2017 4.60 4.56 4.66 4.66 62 179400.00 827558.00
14/06/2017 4.64 4.64 4.72 4.72 66 45300.00 212551.00
16/06/2017 4.66 4.55 4.70 4.55 53 49100.00 228076.00
