20/06/2016 939.00 939.00 961.00 953.00 233363 140512400.00 788976534.00
21/06/2016 953.00 945.00 965.00 965.00 204148 167122700.00 809524092.00
22/06/2016 965.00 963.00 974.00 966.00 232593 136698400.00 862085464.00
23/06/2016 966.00 966.00 989.00 989.00 204321 137879500.00 829181029.00
24/06/2016 988.00 951.00 988.00 966.00 217963 134856500.00 815775518.00
27/06/2016 966.00 952.00 968.00 956.00 175284 93089400.00 579385620.00
28/06/2016 956.00 956.00 969.00 966.00 221224 118995400.00 808818649.00
29/06/2016 966.00 966.00 988.00 984.00 226464 118635400.00 906287437.00
30/06/2016 984.00 976.00 993.00 993.00 232801 125511900.00 909998304.00
01/07/2016 993.00 989.00 996.00 993.00 221555 135345600.00 943208305.00
04/07/2016 993.00 993.00 1007.00 1006.00 164337 97952100.00 694069466.00
05/07/2016 1006.00 997.00 1006.00 1002.00 207340 99622200.00 755067608.00
06/07/2016 1002.00 988.00 1002.00 1000.00 201655 116547100.00 767959561.00
07/07/2016 1000.00 1000.00 1010.00 1004.00 219442 117549500.00 850747510.00
08/07/2016 1004.00 1004.00 1023.00 1022.00 192057 95349500.00 802385447.00
11/07/2016 1022.00 1022.00 1041.00 1041.00 217387 104998600.00 887589506.00
12/07/2016 1041.00 1041.00 1056.00 1047.00 274595 153118100.00 1011279630.00
13/07/2016 1047.00 1045.00 1061.00 1060.00 272689 155331100.00 1049291906.00
14/07/2016 1060.00 1060.00 1075.00 1071.00 251698 131945500.00 995451235.00
15/07/2016 1071.00 1066.00 1081.00 1081.00 256738 145407300.00 1046424281.00
18/07/2016 1081.00 1079.00 1102.00 1102.00 227245 149712200.00 1022730307.00
19/07/2016 1102.00 1100.00 1118.00 1116.00 253704 154954100.00 1182392114.00
20/07/2016 1116.00 1108.00 1119.00 1110.00 210682 172828500.00 1164246187.00
21/07/2016 1110.00 1108.00 1121.00 1120.00 231069 154855300.00 1094997755.00
22/07/2016 1121.00 1119.00 1130.00 1129.00 213998 126993100.00 960084400.00
25/07/2016 1129.00 1117.00 1132.00 1125.00 257079 142357800.00 1012528357.00
26/07/2016 1125.00 1121.00 1129.00 1122.00 190666 135917000.00 985025208.00
27/07/2016 1122.00 1118.00 1128.00 1119.00 236577 163616100.00 1121295329.00
28/07/2016 1119.00 1105.00 1121.00 1114.00 227909 167882700.00 1083675225.00
29/07/2016 1114.00 1114.00 1138.00 1138.00 302086 173201000.00 1252136777.00
01/08/2016 1138.00 1138.00 1152.00 1142.00 260137 218161300.00 1315105829.00
02/08/2016 1142.00 1122.00 1142.00 1133.00 232516 169585500.00 1081997353.00
03/08/2016 1133.00 1123.00 1148.00 1145.00 232911 170999200.00 1139105249.00
04/08/2016 1145.00 1145.00 1165.00 1155.00 234461 167363000.00 1240697557.00
05/08/2016 1155.00 1152.00 1165.00 1161.00 201492 130835000.00 996927925.00
08/08/2016 1161.00 1142.00 1162.00 1143.00 206171 130170600.00 913618428.00
09/08/2016 1143.00 1143.00 1155.00 1149.00 209250 135817300.00 966699847.00
10/08/2016 1149.00 1138.00 1156.00 1138.00 202288 130976900.00 980242031.00
11/08/2016 1139.00 1135.00 1159.00 1159.00 239592 151853600.00 1137137236.00
12/08/2016 1159.00 1149.00 1162.00 1153.00 233368 135735100.00 1070707920.00
15/08/2016 1153.00 1153.00 1162.00 1156.00 221926 155492200.00 1121098479.00
16/08/2016 1156.00 1149.00 1162.00 1156.00 221687 145547100.00 1114847678.00
17/08/2016 1156.00 1141.00 1164.00 1164.00 236716 164219300.00 1197431331.00
18/08/2016 1164.00 1160.00 1169.00 1166.00 232175 189193600.00 1301043247.00
19/08/2016 1166.00 1157.00 1171.00 1169.00 188515 131953100.00 883790949.00
22/08/2016 1169.00 1144.00 1169.00 1147.00 209658 131765200.00 943277576.00
23/08/2016 1148.00 1144.00 1159.00 1145.00 202053 136036000.00 940902481.00
24/08/2016 1145.00 1137.00 1152.00 1140.00 220526 152088900.00 1066561168.00
25/08/2016 1140.00 1133.00 1143.00 1137.00 216430 133482100.00 901524780.00
26/08/2016 1137.00 1130.00 1154.00 1135.00 254958 142351400.00 1048200405.00
29/08/2016 1135.00 1135.00 1152.00 1148.00 186425 109138200.00 764537241.00
30/08/2016 1148.00 1138.00 1150.00 1143.00 184681 102404600.00 781473731.00
31/08/2016 1143.00 1126.00 1151.00 1140.00 216106 123862900.00 974086745.00
01/09/2016 1140.00 1134.00 1143.00 1143.00 191543 108576500.00 857210169.00
02/09/2016 1143.00 1143.00 1168.00 1168.00 220895 148322200.00 1152736741.00
05/09/2016 1168.00 1168.00 1176.00 1170.00 104047 46367300.00 426041684.00
06/09/2016 1170.00 1165.00 1183.00 1183.00 160928 79085800.00 709684853.00
08/09/2016 1183.00 1177.00 1185.00 1183.00 215469 103014600.00 872853397.00
09/09/2016 1183.00 1151.00 1183.00 1152.00 202177 102043200.00 868703602.00
12/09/2016 1152.00 1134.00 1160.00 1160.00 192811 100912400.00 814491316.00
13/09/2016 1159.00 1123.00 1159.00 1133.00 230799 108539000.00 853287798.00
14/09/2016 1133.00 1128.00 1136.00 1134.00 191709 87426800.00 720449201.00
15/09/2016 1135.00 1135.00 1148.00 1144.00 145823 60807200.00 582216803.00
16/09/2016 1144.00 1127.00 1145.00 1136.00 160486 87971400.00 921997299.00
19/09/2016 1137.00 1137.00 1153.00 1141.00 170207 76214500.00 776222899.00
20/09/2016 1142.00 1142.00 1150.00 1150.00 152525 76183900.00 655156403.00
21/09/2016 1150.00 1146.00 1162.00 1157.00 198074 97669400.00 826097789.00
22/09/2016 1157.00 1157.00 1177.00 1170.00 197523 108377400.00 932082606.00
23/09/2016 1170.00 1153.00 1171.00 1155.00 202923 78395600.00 700830349.00
26/09/2016 1155.00 1143.00 1155.00 1145.00 152002 72493100.00 736537419.00
27/09/2016 1145.00 1138.00 1150.00 1147.00 195746 89238600.00 775356875.00
28/09/2016 1147.00 1147.00 1161.00 1159.00 172272 88221200.00 775654290.00
29/09/2016 1159.00 1144.00 1169.00 1144.00 176277 79912500.00 698447900.00
30/09/2016 1144.00 1141.00 1149.00 1141.00 175109 73982300.00 772201488.00
03/10/2016 1141.00 1141.00 1162.00 1162.00 171775 65641900.00 651500852.00
04/10/2016 1162.00 1152.00 1165.00 1159.00 169264 64550900.00 599459998.00
05/10/2016 1159.00 1159.00 1176.00 1172.00 180362 81987000.00 787594337.00
06/10/2016 1172.00 1170.00 1180.00 1180.00 154778 75380300.00 687958785.00
07/10/2016 1180.00 1178.00 1187.00 1185.00 187196 99496500.00 909537169.00
10/10/2016 1185.00 1185.00 1196.00 1189.00 139553 63978900.00 674430833.00
11/10/2016 1190.00 1178.00 1191.00 1178.00 161659 65409600.00 782200435.00
13/10/2016 1178.00 1172.00 1183.00 1181.00 245093 93938800.00 994750859.00
14/10/2016 1181.00 1181.00 1198.00 1189.00 188379 72387100.00 729827494.00
17/10/2016 1189.00 1184.00 1194.00 1194.00 193108 76351600.00 834380476.00
18/10/2016 1194.00 1194.00 1211.00 1211.00 224356 99718400.00 1026276567.00
19/10/2016 1211.00 1204.00 1217.00 1206.00 199801 117350200.00 1015187971.00
20/10/2016 1206.00 1196.00 1211.00 1209.00 185544 107886900.00 878987723.00
21/10/2016 1209.00 1203.00 1221.00 1217.00 201512 132296400.00 1188125212.00
24/10/2016 1217.00 1217.00 1230.00 1221.00 194625 122692400.00 1061150704.00
25/10/2016 1221.00 1203.00 1221.00 1213.00 191817 106774100.00 914294039.00
26/10/2016 1213.00 1199.00 1213.00 1209.00 199183 90269800.00 865682175.00
27/10/2016 1209.00 1209.00 1222.00 1213.00 185633 82414100.00 917736691.00
28/10/2016 1213.00 1207.00 1223.00 1216.00 185482 95740400.00 810205736.00
31/10/2016 1216.00 1215.00 1223.00 1221.00 199144 101292400.00 950659595.00
01/11/2016 1221.00 1188.00 1230.00 1193.00 236117 107812200.00 1117649739.00
03/11/2016 1193.00 1168.00 1195.00 1168.00 216736 92968500.00 876048218.00
04/11/2016 1168.00 1154.00 1174.00 1158.00 211843 118516000.00 1463401043.00
07/11/2016 1158.00 1158.00 1194.00 1193.00 186075 88200600.00 862660430.00
08/11/2016 1193.00 1184.00 1197.00 1193.00 195840 91803200.00 1056438933.00
09/11/2016 1193.00 1146.00 1193.00 1177.00 232166 132820500.00 1156163033.00
10/11/2016 1177.00 1119.00 1186.00 1128.00 346956 168395900.00 1566141640.00
11/11/2016 1128.00 1077.00 1128.00 1091.00 406475 161030100.00 1512731241.00
14/11/2016 1091.00 1075.00 1103.00 1091.00 324807 130954400.00 1101669587.00
16/11/2016 1092.00 1082.00 1102.00 1102.00 277897 107764200.00 1039279543.00
17/11/2016 1102.00 1094.00 1111.00 1096.00 208647 79477400.00 721236365.00
18/11/2016 1096.00 1086.00 1098.00 1095.00 204221 87668400.00 765733892.00
21/11/2016 1095.00 1093.00 1106.00 1106.00 206280 85959200.00 773169847.00
22/11/2016 1106.00 1106.00 1126.00 1111.00 236107 101012800.00 1004193335.00
23/11/2016 1111.00 1097.00 1111.00 1106.00 213799 107984200.00 988746892.00
24/11/2016 1106.00 1106.00 1114.00 1109.00 105274 64674500.00 448745611.00
25/11/2016 1108.00 1095.00 1108.00 1106.00 146084 82321600.00 627497280.00
28/11/2016 1106.00 1102.00 1121.00 1118.00 177684 74380600.00 720799524.00
29/11/2016 1118.00 1102.00 1118.00 1103.00 185657 78757700.00 833743923.00
30/11/2016 1103.00 1103.00 1118.00 1118.00 209905 144392000.00 1639384410.00
01/12/2016 1118.00 1070.00 1118.00 1076.00 307589 118258900.00 1167912240.00
02/12/2016 1075.00 1056.00 1078.00 1075.00 250778 106513000.00 927059930.00
05/12/2016 1075.00 1069.00 1082.00 1071.00 187535 73688100.00 757617097.00
06/12/2016 1070.00 1063.00 1087.00 1086.00 191047 71279100.00 687630148.00
07/12/2016 1086.00 1086.00 1097.00 1095.00 234174 105425700.00 1082524035.00
08/12/2016 1095.00 1091.00 1107.00 1096.00 184746 70019300.00 651136947.00
09/12/2016 1096.00 1090.00 1105.00 1094.00 191070 70659800.00 738615996.00
12/12/2016 1094.00 1071.00 1094.00 1074.00 155176 68929000.00 642284674.00
13/12/2016 1074.00 1069.00 1087.00 1080.00 220276 91518000.00 816675623.00
14/12/2016 1080.00 1062.00 1082.00 1062.00 215472 111062500.00 1042531877.00
15/12/2016 1062.00 1054.00 1071.00 1069.00 207830 86281200.00 752319356.00
16/12/2016 1070.00 1070.00 1081.00 1072.00 201124 92590800.00 920523712.00
19/12/2016 1072.00 1059.00 1075.00 1060.00 169432 81873300.00 833262346.00
20/12/2016 1060.00 1052.00 1065.00 1057.00 186386 69414400.00 680819552.00
21/12/2016 1058.00 1058.00 1068.00 1066.00 144105 53941700.00 535653243.00
22/12/2016 1066.00 1060.00 1070.00 1069.00 174167 63934100.00 634465436.00
23/12/2016 1069.00 1069.00 1079.00 1076.00 130797 49847000.00 449176606.00
26/12/2016 1076.00 1076.00 1086.00 1085.00 56007 20493200.00 185236197.00
27/12/2016 1085.00 1085.00 1093.00 1089.00 114359 45998500.00 398873643.00
28/12/2016 1089.00 1089.00 1107.00 1106.00 124950 52817500.00 461566501.00
29/12/2016 1106.00 1098.00 1112.00 1112.00 164967 63335800.00 642865938.00
02/01/2017 1111.00 1100.00 1111.00 1107.00 94057 39672800.00 343766233.00
03/01/2017 1107.00 1107.00 1142.00 1142.00 241751 111823500.00 1035736897.00
04/01/2017 1142.00 1139.00 1152.00 1151.00 238011 103021000.00 966875667.00
05/01/2017 1151.00 1150.00 1162.00 1160.00 256637 129036800.00 1202338099.00
06/01/2017 1159.00 1145.00 1159.00 1149.00 215874 86835400.00 857773071.00
09/01/2017 1149.00 1147.00 1157.00 1153.00 207311 72708200.00 787676597.00
10/01/2017 1153.00 1153.00 1161.00 1155.00 198171 96316700.00 911583047.00
11/01/2017 1155.00 1147.00 1163.00 1158.00 221122 110336100.00 959454040.00
12/01/2017 1158.00 1158.00 1199.00 1191.00 376481 163796600.00 1809237451.00
13/01/2017 1191.00 1190.00 1200.00 1194.00 255238 107308100.00 1080099065.00
16/01/2017 1194.00 1194.00 1205.00 1203.00 192108 93001100.00 740724853.00
17/01/2017 1203.00 1202.00 1217.00 1216.00 269861 146334000.00 1198345081.00
18/01/2017 1216.00 1208.00 1223.00 1209.00 248034 151165000.00 1360386750.00
19/01/2017 1209.00 1187.00 1212.00 1194.00 281231 141918100.00 1397522542.00
20/01/2017 1194.00 1194.00 1210.00 1208.00 248226 129451400.00 1155714214.00
23/01/2017 1208.00 1205.00 1223.00 1221.00 219735 93410600.00 950556168.00
24/01/2017 1221.00 1221.00 1236.00 1232.00 219989 108621500.00 1096646533.00
26/01/2017 1232.00 1232.00 1249.00 1248.00 245566 117670400.00 1306280974.00
27/01/2017 1248.00 1243.00 1251.00 1243.00 213946 86813200.00 958087298.00
30/01/2017 1243.00 1218.00 1243.00 1220.00 216661 84670300.00 874615733.00
31/01/2017 1220.00 1220.00 1241.00 1239.00 226293 90969500.00 1004808053.00
01/02/2017 1239.00 1239.00 1253.00 1245.00 249214 123472500.00 1345045884.00
02/02/2017 1245.00 1242.00 1255.00 1250.00 235017 96906300.00 1041143423.00
03/02/2017 1249.00 1249.00 1265.00 1257.00 264074 128351300.00 1408738205.00
06/02/2017 1257.00 1245.00 1264.00 1246.00 246426 105854600.00 1067298109.00
07/02/2017 1246.00 1239.00 1255.00 1243.00 214937 95578000.00 1077714186.00
08/02/2017 1243.00 1239.00 1254.00 1253.00 236542 94637500.00 1086927436.00
09/02/2017 1253.00 1251.00 1267.00 1266.00 227159 96707900.00 1188902146.00
10/02/2017 1266.00 1266.00 1286.00 1284.00 244603 98754500.00 1218023901.00
13/02/2017 1284.00 1284.00 1302.00 1301.00 241823 95884700.00 1165536892.00
14/02/2017 1301.00 1283.00 1303.00 1293.00 255351 108530500.00 1265375736.00
15/02/2017 1293.00 1293.00 1314.00 1311.00 314703 123391700.00 1564629879.00
16/02/2017 1311.00 1309.00 1318.00 1315.00 261793 101241200.00 1256984680.00
17/02/2017 1315.00 1305.00 1321.00 1320.00 217068 96211700.00 1223151285.00
20/02/2017 1320.00 1320.00 1338.00 1334.00 180107 74833100.00 1002976728.00
21/02/2017 1334.00 1334.00 1349.00 1347.00 274428 114189000.00 1452939954.00
22/02/2017 1347.00 1325.00 1347.00 1327.00 307101 123256800.00 1507115349.00
23/02/2017 1327.00 1307.00 1341.00 1317.00 331420 136937300.00 1602046029.00
24/02/2017 1317.00 1298.00 1317.00 1310.00 308881 103646000.00 1367184759.00
01/03/2017 1310.00 1310.00 1330.00 1330.00 256986 73671100.00 998085838.00
02/03/2017 1330.00 1311.00 1332.00 1313.00 273476 94324300.00 1317251053.00
03/03/2017 1313.00 1306.00 1320.00 1317.00 219150 78168600.00 1039661948.00
06/03/2017 1317.00 1316.00 1326.00 1324.00 237726 102093900.00 1185928700.00
07/03/2017 1324.00 1324.00 1332.00 1328.00 212066 81095900.00 997613090.00
08/03/2017 1328.00 1295.00 1331.00 1299.00 274013 134170900.00 1431406111.00
09/03/2017 1299.00 1274.00 1299.00 1278.00 288735 138512700.00 1653188454.00
10/03/2017 1278.00 1278.00 1295.00 1288.00 264759 105863900.00 1355960887.00
13/03/2017 1288.00 1288.00 1306.00 1304.00 215916 78100400.00 953854516.00
14/03/2017 1304.00 1271.00 1307.00 1296.00 204655 82518600.00 1020820162.00
15/03/2017 1296.00 1286.00 1319.00 1319.00 247623 105181800.00 1337128356.00
16/03/2017 1319.00 1313.00 1326.00 1315.00 216322 78662400.00 1002213783.00
17/03/2017 1315.00 1284.00 1322.00 1290.00 293543 131152300.00 1531355382.00
20/03/2017 1290.00 1273.00 1290.00 1281.00 264490 109459100.00 1247162410.00
21/03/2017 1281.00 1250.00 1284.00 1258.00 267801 104742100.00 1171188628.00
22/03/2017 1258.00 1241.00 1264.00 1264.00 246805 96828400.00 1097731085.00
23/03/2017 1264.00 1257.00 1272.00 1269.00 218730 80971300.00 1023700763.00
24/03/2017 1269.00 1260.00 1273.00 1265.00 220504 94971100.00 1546079412.00
27/03/2017 1265.00 1252.00 1267.00 1267.00 235379 76056300.00 951524801.00
28/03/2017 1267.00 1264.00 1275.00 1272.00 184031 69005900.00 904399440.00
29/03/2017 1272.00 1271.00 1288.00 1287.00 224227 94151800.00 1184990941.00
30/03/2017 1287.00 1279.00 1291.00 1282.00 183218 68284500.00 935009115.00
31/03/2017 1282.00 1280.00 1293.00 1291.00 211219 80552100.00 1110692670.00
03/04/2017 1291.00 1285.00 1295.00 1291.00 166484 61931100.00 783934946.00
04/04/2017 1291.00 1287.00 1297.00 1297.00 149149 61558500.00 826357365.00
05/04/2017 1297.00 1287.00 1308.00 1289.00 270398 82625000.00 1146568998.00
06/04/2017 1289.00 1276.00 1291.00 1280.00 239614 79502100.00 1027525163.00
07/04/2017 1280.00 1275.00 1289.00 1284.00 236247 78981100.00 1058997596.00
10/04/2017 1284.00 1275.00 1291.00 1284.00 182252 69927800.00 916056230.00
11/04/2017 1284.00 1271.00 1292.00 1285.00 215698 80066700.00 1011023784.00
12/04/2017 1285.00 1274.00 1285.00 1274.00 219372 107813200.00 1476762191.00
13/04/2017 1274.00 1267.00 1283.00 1268.00 188773 67307200.00 840796009.00
17/04/2017 1268.00 1268.00 1298.00 1296.00 170858 65600800.00 921675720.00
18/04/2017 1296.00 1290.00 1298.00 1296.00 227208 86745400.00 1094431373.00
19/04/2017 1296.00 1288.00 1304.00 1292.00 226925 72274800.00 981934576.00
20/04/2017 1292.00 1288.00 1300.00 1294.00 208863 82587600.00 1099788765.00
24/04/2017 1294.00 1294.00 1308.00 1296.00 221713 68994200.00 1033352321.00
25/04/2017 1296.00 1292.00 1313.00 1313.00 226406 87307100.00 1169952307.00
26/04/2017 1314.00 1303.00 1314.00 1306.00 206714 81926000.00 1100788386.00
27/04/2017 1306.00 1295.00 1313.00 1302.00 185299 77253600.00 1022615051.00
28/04/2017 1303.00 1303.00 1336.00 1335.00 225333 96120500.00 1416236078.00
02/05/2017 1335.00 1335.00 1367.00 1362.00 294609 106363200.00 1335493451.00
03/05/2017 1362.00 1357.00 1372.00 1365.00 246094 100249800.00 1274669365.00
04/05/2017 1365.00 1343.00 1367.00 1347.00 254825 86548500.00 1086126258.00
05/05/2017 1347.00 1346.00 1363.00 1361.00 236687 94089600.00 1184471115.00
08/05/2017 1361.00 1355.00 1367.00 1360.00 201196 72193200.00 953680066.00
09/05/2017 1360.00 1360.00 1381.00 1380.00 227017 121791000.00 1297017111.00
10/05/2017 1381.00 1381.00 1399.00 1398.00 288710 115062500.00 1475269347.00
11/05/2017 1398.00 1395.00 1405.00 1402.00 229228 97019800.00 1335195551.00
12/05/2017 1402.00 1402.00 1414.00 1406.00 258660 94767900.00 1310558956.00
15/05/2017 1406.00 1403.00 1413.00 1406.00 237124 91193300.00 1346904457.00
16/05/2017 1407.00 1407.00 1424.00 1424.00 280386 106464100.00 1388903168.00
17/05/2017 1424.00 1404.00 1424.00 1407.00 268577 104376600.00 1363537558.00
18/05/2017 1407.00 1237.00 1407.00 1273.00 481486 239966100.00 2506368922.00
19/05/2017 1273.00 1273.00 1319.00 1311.00 361034 158421700.00 1697896560.00
22/05/2017 1311.00 1258.00 1311.00 1274.00 352992 140264100.00 1575212581.00
23/05/2017 1274.00 1273.00 1304.00 1303.00 280853 113371500.00 1257357246.00
24/05/2017 1303.00 1303.00 1333.00 1322.00 277281 117571700.00 1350057423.00
25/05/2017 1322.00 1311.00 1336.00 1320.00 245771 93493600.00 1112488116.00
26/05/2017 1320.00 1319.00 1343.00 1340.00 216735 85038500.00 1105064211.00
29/05/2017 1340.00 1329.00 1341.00 1338.00 126630 41994200.00 496603537.00
30/05/2017 1337.00 1335.00 1342.00 1337.00 184264 60956100.00 768082680.00
31/05/2017 1338.00 1316.00 1340.00 1321.00 284266 119156500.00 1591623551.00
01/06/2017 1321.00 1307.00 1327.00 1310.00 198579 73959400.00 933916954.00
02/06/2017 1310.00 1307.00 1321.00 1317.00 187461 65422700.00 891411384.00
05/06/2017 1317.00 1305.00 1317.00 1308.00 185286 63521300.00 824380419.00
06/06/2017 1308.00 1308.00 1325.00 1324.00 197529 82467400.00 931346894.00
07/06/2017 1324.00 1324.00 1335.00 1335.00 217691 69673200.00 974112747.00
08/06/2017 1336.00 1315.00 1336.00 1326.00 185527 64115700.00 886671006.00
09/06/2017 1326.00 1317.00 1335.00 1321.00 224556 76639900.00 1108538264.00
12/06/2017 1321.00 1308.00 1326.00 1313.00 178919 58132400.00 770755726.00
13/06/2017 1313.00 1308.00 1318.00 1317.00 150602 55759800.00 771046367.00
14/06/2017 1317.00 1316.00 1326.00 1326.00 217050 86695000.00 1160268634.00
16/06/2017 1325.00 1319.00 1334.00 1334.00 198244 86962100.00 1198882743.00
