20/06/2016 46.64 46.51 46.82 46.54 13 6980.00 325295.30
21/06/2016 46.51 46.23 47.01 47.01 19 6950.00 323653.10
22/06/2016 47.19 47.02 47.55 47.11 13 5490.00 258445.30
23/06/2016 47.50 47.50 48.15 48.15 12 1030.00 49441.70
24/06/2016 47.00 46.85 47.17 47.10 23 5580.00 262483.30
27/06/2016 46.94 46.52 46.94 46.60 11 1320.00 61732.30
28/06/2016 47.14 46.91 47.15 47.10 11 4160.00 195966.30
29/06/2016 47.94 47.82 48.17 47.95 9 62880.00 3023808.00
30/06/2016 47.80 47.70 48.45 48.45 12 1130.00 54648.90
01/07/2016 48.01 48.01 48.64 48.49 14 1260.00 60992.60
04/07/2016 48.99 48.91 49.04 49.04 13 102070.00 5005368.50
05/07/2016 48.90 48.60 49.01 48.85 13 2120.00 103309.20
06/07/2016 48.85 48.36 48.85 48.81 10 550.00 26784.30
07/07/2016 49.89 48.85 49.89 48.99 16 2840.00 139707.50
08/07/2016 49.56 49.56 49.85 49.85 13 1430.00 71058.60
11/07/2016 50.05 50.05 51.19 50.72 21 1030.00 52096.00
12/07/2016 51.00 50.72 51.25 50.99 86 33890.00 1725002.40
13/07/2016 51.30 51.20 51.60 51.60 12 1550.00 79727.60
14/07/2016 52.17 52.03 52.32 52.03 13 1460.00 76224.20
15/07/2016 52.40 52.10 52.70 52.61 24 9690.00 509025.20
18/07/2016 53.29 52.75 54.10 53.70 27 7310.00 391494.10
19/07/2016 54.00 54.00 55.00 55.00 30 366330.00 19982961.90
20/07/2016 54.30 54.01 54.41 54.13 17 18410.00 1001394.70
21/07/2016 54.59 54.54 54.63 54.54 7 950.00 51872.40
22/07/2016 53.05 53.05 55.15 55.08 26 9520.00 522349.70
25/07/2016 55.09 54.48 55.11 54.90 19 2740.00 150343.20
26/07/2016 54.90 54.67 54.99 54.85 12 2040.00 111914.00
27/07/2016 55.01 54.65 55.01 54.65 5 1140.00 62313.50
28/07/2016 54.50 53.93 54.50 54.25 14 1090.00 58966.40
29/07/2016 54.60 54.52 55.50 55.50 15 2380.00 131282.20
01/08/2016 55.48 55.48 56.06 55.80 19 1500.00 83722.00
02/08/2016 55.40 54.92 55.61 55.28 22 1800.00 99282.30
03/08/2016 55.30 55.30 56.00 56.00 20 920.00 51193.70
04/08/2016 56.00 56.00 56.89 56.30 18 66840.00 3801345.20
05/08/2016 56.30 56.14 56.63 56.57 17 3490.00 196987.00
08/08/2016 56.99 55.70 56.99 55.80 23 168560.00 9438238.40
09/08/2016 56.18 56.00 56.26 56.05 14 2940.00 164902.50
10/08/2016 56.05 55.50 56.35 55.50 22 2570.00 143918.50
11/08/2016 55.50 55.49 56.60 56.60 16 4850.00 270482.00
12/08/2016 56.60 56.05 56.80 56.17 28 4590.00 258236.30
15/08/2016 56.55 56.40 56.63 56.43 29 5360.00 302975.90
16/08/2016 57.55 56.00 57.55 56.42 17 1600.00 90155.90
17/08/2016 56.42 55.70 56.70 56.70 17 5890.00 329645.30
18/08/2016 56.92 56.75 56.92 56.90 7 1520.00 86462.50
19/08/2016 58.40 56.62 58.40 57.03 19 1610.00 91484.90
22/08/2016 58.33 56.05 58.33 56.05 16 6370.00 361950.60
23/08/2016 56.33 55.89 56.33 55.89 22 5800.00 325801.50
24/08/2016 57.27 55.63 57.27 55.65 14 1440.00 80492.30
25/08/2016 55.55 55.34 55.71 55.45 12 900.00 49939.50
26/08/2016 56.07 55.25 56.30 55.35 8 560.00 31094.30
29/08/2016 55.00 55.00 56.00 55.86 22 3470.00 193252.60
30/08/2016 56.06 55.55 56.06 55.75 7 1400.00 78028.60
31/08/2016 56.05 55.00 56.05 55.50 18 1960.00 108652.70
01/09/2016 55.50 55.30 55.71 55.65 30 2390.00 132804.90
02/09/2016 55.65 55.65 56.58 56.48 17 2620.00 147727.20
05/09/2016 56.63 56.63 57.50 57.50 20 3590.00 205021.60
06/09/2016 57.49 56.85 57.64 57.64 39 104810.00 6039522.50
08/09/2016 57.99 57.48 57.99 57.70 200 3320.00 191560.30
09/09/2016 56.85 56.15 56.85 56.15 22 2440.00 137923.60
12/09/2016 56.03 55.36 56.46 56.46 19 2770.00 154530.20
13/09/2016 55.56 54.78 55.56 54.91 14 1920.00 105370.50
14/09/2016 56.45 54.91 56.45 55.21 12 2150.00 118316.50
15/09/2016 55.27 55.27 56.60 56.60 14 710.00 39482.60
16/09/2016 54.99 54.99 55.39 55.30 8 530.00 29241.40
19/09/2016 56.18 55.55 56.18 55.65 12 740.00 41304.80
20/09/2016 55.73 55.73 56.03 55.80 11 1150.00 64170.50
21/09/2016 56.16 55.87 56.50 56.34 14 1710.00 96245.90
22/09/2016 55.81 55.81 57.30 57.30 22 13110.00 748502.30
23/09/2016 56.94 56.27 56.94 56.40 9 350.00 19886.20
26/09/2016 55.88 55.72 56.05 55.91 16 2410.00 134558.50
27/09/2016 55.91 55.48 55.93 55.82 8 620.00 34568.10
28/09/2016 56.20 55.92 57.30 57.30 9 420.00 23570.20
29/09/2016 56.76 55.80 56.76 55.80 9 1530.00 85643.60
30/09/2016 55.80 55.58 56.00 55.58 37 5310.00 295548.20
03/10/2016 55.73 55.73 56.50 56.50 17 1080.00 60816.70
04/10/2016 56.55 56.21 56.65 56.21 8 380.00 21422.30
05/10/2016 56.20 56.20 57.27 57.00 18 3920.00 223211.40
06/10/2016 57.00 57.00 57.50 57.50 14 2170.00 124306.50
07/10/2016 57.78 57.37 57.80 57.80 20 2760.00 159013.70
10/10/2016 58.49 57.87 58.49 58.12 21 1020.00 59312.70
11/10/2016 58.09 57.45 58.09 57.45 22 1630.00 93854.50
13/10/2016 58.00 57.13 58.00 57.57 14 3150.00 180771.60
14/10/2016 58.11 57.97 58.34 58.10 16 2820.00 164054.70
17/10/2016 57.82 57.73 58.13 58.10 25 2870.00 166294.50
18/10/2016 58.25 58.18 59.01 58.96 28 7800.00 456806.30
19/10/2016 58.99 58.69 59.24 58.72 18 820.00 48396.00
20/10/2016 58.88 58.38 59.49 58.90 18 2950.00 173553.40
21/10/2016 57.19 57.19 59.97 59.18 18 5200.00 307631.90
24/10/2016 59.97 59.50 59.97 59.58 20 1190.00 71035.30
25/10/2016 59.59 58.66 59.59 59.02 13 590.00 34878.70
26/10/2016 58.60 58.41 59.80 59.80 13 780.00 45725.00
27/10/2016 59.46 59.03 59.46 59.10 6 420.00 24815.90
28/10/2016 59.00 58.90 59.65 59.65 14 3550.00 209902.00
31/10/2016 59.65 59.17 59.65 59.50 58 12660.00 752824.40
01/11/2016 59.40 57.36 59.99 58.15 26 2910.00 169735.20
03/11/2016 57.89 57.00 58.13 57.00 18 1310.00 75637.10
04/11/2016 56.48 56.25 57.16 56.32 20 3030.00 172441.40
07/11/2016 57.05 57.05 59.99 59.99 17 4920.00 283091.40
08/11/2016 58.00 57.67 58.34 58.06 21 910.00 52876.90
09/11/2016 52.00 52.00 60.00 60.00 31 1720.00 97200.90
10/11/2016 57.36 54.44 57.36 54.91 32 101490.00 5584133.10
11/11/2016 54.15 52.00 54.34 53.14 46 19120.00 1013781.50
14/11/2016 52.92 52.38 53.61 53.16 17 1520.00 81095.70
16/11/2016 57.69 52.91 57.69 52.96 20 590.00 31857.50
17/11/2016 54.05 53.35 54.05 53.37 18 1770.00 95318.20
18/11/2016 53.88 53.00 53.88 53.36 39 11000.00 583716.60
21/11/2016 53.42 53.36 53.90 53.90 26 870.00 46656.80
22/11/2016 55.39 53.98 55.39 54.10 28 1530.00 83398.90
23/11/2016 54.10 53.50 54.10 53.92 30 1000.00 53868.30
24/11/2016 53.90 52.43 54.25 54.07 23 5760.00 311817.50
25/11/2016 53.99 53.44 55.00 55.00 20 590.00 31891.60
28/11/2016 54.99 53.76 54.99 54.56 24 540.00 29205.40
29/11/2016 54.38 53.65 54.44 53.65 19 1820.00 98420.20
30/11/2016 54.20 54.09 55.00 55.00 11 790.00 43028.80
01/12/2016 53.50 52.06 53.51 52.33 63 62000.00 3239542.80
02/12/2016 52.27 50.61 52.48 52.35 30 5200.00 271733.60
05/12/2016 52.50 52.19 52.60 52.19 25 4550.00 238964.10
06/12/2016 51.99 51.99 52.79 52.79 17 2640.00 139147.90
07/12/2016 54.25 53.15 54.25 53.25 79 9070.00 484011.30
08/12/2016 53.49 53.17 54.95 53.42 65 8480.00 454481.90
09/12/2016 53.57 53.10 53.66 53.10 45 2920.00 156152.80
12/12/2016 53.10 52.18 53.10 52.18 36 3080.00 162422.50
13/12/2016 52.40 52.15 52.87 52.65 26 2490.00 130615.50
14/12/2016 52.32 51.82 52.56 51.82 38 4170.00 217137.10
15/12/2016 51.84 51.50 52.19 52.10 31 2570.00 133523.50
16/12/2016 53.48 52.03 53.48 52.30 34 1490.00 78236.80
19/12/2016 53.75 51.72 53.75 51.72 31 1380.00 72059.50
20/12/2016 51.72 51.30 51.78 51.55 32 4500.00 231492.10
21/12/2016 52.95 51.57 52.95 52.00 21 3530.00 182504.10
22/12/2016 52.20 51.65 52.20 52.15 26 2890.00 150089.90
23/12/2016 53.59 52.15 53.59 52.50 20 1600.00 83841.40
26/12/2016 52.70 52.70 52.91 52.85 21 1150.00 60777.70
27/12/2016 53.00 52.88 53.23 53.15 17 950.00 50421.20
28/12/2016 53.46 53.46 53.95 53.95 13 1230.00 65916.00
29/12/2016 53.50 53.50 54.10 54.10 13 1020.00 54771.60
02/01/2017 54.50 53.61 54.50 54.00 25 2090.00 112634.70
03/01/2017 53.20 53.20 55.50 55.45 36 5030.00 277248.80
04/01/2017 54.36 53.21 56.99 56.99 37 1730.00 96359.40
05/01/2017 55.86 55.86 56.99 56.99 61 171080.00 9591853.10
06/01/2017 56.15 55.78 56.50 56.50 22 990.00 55463.30
09/01/2017 56.37 56.17 57.00 57.00 14 640.00 36019.40
10/01/2017 56.30 56.12 56.40 56.30 1299 13530.00 761487.10
11/01/2017 56.99 55.93 56.99 56.52 21 2210.00 124549.10
12/01/2017 57.42 57.20 58.32 58.10 38 2850.00 165230.30
13/01/2017 57.20 57.20 58.37 58.20 24 2270.00 131965.10
16/01/2017 58.15 58.15 59.00 59.00 29 1650.00 96534.20
17/01/2017 58.89 58.75 59.31 59.13 24 2080.00 122910.20
18/01/2017 59.49 58.80 59.56 58.80 36 6580.00 388456.70
19/01/2017 59.99 57.89 59.99 57.89 29 5760.00 336159.90
20/01/2017 58.10 58.10 58.87 58.87 32 21210.00 1243233.30
23/01/2017 59.52 58.70 59.53 59.40 30 6170.00 363784.70
24/01/2017 59.70 59.70 60.10 60.04 45 7130.00 426721.20
26/01/2017 60.99 60.00 60.99 60.76 34 3470.00 210650.80
27/01/2017 60.60 60.48 61.00 61.00 22 1420.00 86047.40
30/01/2017 60.50 59.39 60.50 60.40 28 2900.00 174291.20
31/01/2017 60.40 59.69 60.99 60.50 18 1660.00 99823.20
01/02/2017 60.99 60.42 60.99 60.58 20 1230.00 74560.80
02/02/2017 60.60 60.60 61.00 60.75 18 3160.00 192042.00
03/02/2017 61.01 59.91 61.53 61.19 30 4320.00 262092.10
06/02/2017 61.09 60.65 61.41 60.70 34 1160.00 70633.00
07/02/2017 60.71 60.37 60.77 60.37 44 3540.00 214601.60
08/02/2017 60.49 60.37 60.85 60.85 18 1610.00 97361.60
09/02/2017 61.00 60.88 61.58 61.58 28 6080.00 373178.10
10/02/2017 62.00 61.55 62.54 62.54 30 4000.00 248679.00
13/02/2017 63.10 62.80 64.00 63.30 67 11000.00 692213.40
14/02/2017 63.23 62.44 63.23 63.00 51 17310.00 1086026.00
15/02/2017 63.01 63.00 63.98 63.85 28 5150.00 327514.80
16/02/2017 63.01 63.01 64.69 64.00 33 5260.00 336590.20
17/02/2017 63.76 63.44 64.33 64.25 31 8480.00 543437.50
20/02/2017 64.90 64.69 65.11 65.00 35 5280.00 342814.50
21/02/2017 65.10 65.08 66.49 65.60 44 10960.00 717208.70
22/02/2017 65.60 64.50 65.60 64.70 38 5590.00 362071.60
23/02/2017 64.70 63.54 65.18 64.15 26 6190.00 398266.60
24/02/2017 64.15 63.23 64.15 63.80 48 14390.00 917094.20
01/03/2017 63.81 63.81 64.77 64.77 24 10980.00 709474.40
02/03/2017 64.77 63.95 64.80 63.95 51 13090.00 839364.30
03/03/2017 64.15 63.63 64.15 64.15 35 6420.00 410919.50
06/03/2017 64.16 64.16 65.90 64.50 33 5990.00 385672.30
07/03/2017 65.00 64.42 65.00 64.70 36 11470.00 741969.40
08/03/2017 64.50 63.10 64.80 63.34 122 11440.00 727701.00
09/03/2017 63.34 62.05 63.34 62.20 137 29450.00 1839470.10
10/03/2017 62.21 62.21 62.99 62.75 24 3650.00 228258.40
13/03/2017 62.76 62.76 63.54 63.50 29 7610.00 481731.20
14/03/2017 63.50 63.08 63.57 63.08 17 1370.00 86657.00
15/03/2017 63.50 62.87 64.20 64.20 29 6420.00 410179.40
16/03/2017 64.20 63.99 65.00 65.00 19 660.00 42395.10
17/03/2017 63.66 62.47 63.77 62.68 39 12580.00 789938.70
20/03/2017 62.68 62.32 62.68 62.50 24 6820.00 425681.00
21/03/2017 62.28 60.86 62.29 61.45 38 12690.00 779654.50
22/03/2017 61.00 60.58 62.00 62.00 32 5610.00 342781.50
23/03/2017 61.10 61.10 61.88 61.88 8 850.00 52428.50
24/03/2017 62.00 61.48 62.00 61.65 14 3920.00 242168.80
27/03/2017 60.51 60.51 61.81 61.80 24 8530.00 526212.20
28/03/2017 61.90 61.70 63.40 62.05 21 5920.00 366229.80
29/03/2017 62.05 62.05 62.71 62.65 19 4180.00 261718.40
30/03/2017 62.65 62.37 62.81 62.54 15 1390.00 87068.40
31/03/2017 62.54 62.54 62.99 62.77 23 2700.00 169825.30
03/04/2017 62.88 62.56 63.01 62.95 21 860.00 54059.80
04/04/2017 62.50 62.50 63.48 63.48 23 2010.00 126493.80
05/04/2017 63.01 62.70 64.96 62.70 33 3090.00 195933.20
06/04/2017 62.50 62.22 62.86 62.40 26 10530.00 660584.20
07/04/2017 62.45 62.02 62.70 62.46 21 3200.00 199985.80
10/04/2017 62.46 62.13 62.60 62.60 22 4410.00 275226.90
11/04/2017 63.19 62.07 63.19 62.68 13 2000.00 125495.90
12/04/2017 62.90 62.10 62.90 62.10 31 9460.00 589325.70
13/04/2017 62.41 61.86 62.41 62.18 20 4750.00 293996.90
17/04/2017 62.18 62.18 63.20 63.20 30 3670.00 229499.30
18/04/2017 63.20 62.87 63.40 63.40 20 2920.00 184380.20
19/04/2017 63.40 62.95 63.40 62.95 14 1600.00 100915.80
20/04/2017 62.95 62.78 63.04 63.04 13 910.00 57250.60
24/04/2017 63.70 63.12 63.70 63.20 19 2740.00 173251.80
25/04/2017 63.88 63.00 64.00 64.00 21 2550.00 161991.10
26/04/2017 63.50 63.50 63.75 63.60 15 6010.00 382442.70
27/04/2017 64.89 63.08 64.89 63.99 18 4400.00 278265.60
28/04/2017 63.98 63.98 64.90 64.90 32 9380.00 606146.90
02/05/2017 64.90 64.21 66.49 66.25 58 6010.00 394940.70
03/05/2017 66.65 66.00 66.88 66.75 38 4570.00 303602.70
04/05/2017 66.75 65.28 66.79 65.55 232 5060.00 332143.90
05/05/2017 66.70 65.89 66.70 66.35 24 3060.00 202860.90
08/05/2017 66.86 66.05 66.86 66.30 24 1720.00 114187.30
09/05/2017 65.51 65.51 67.23 67.20 38 7250.00 485590.80
10/05/2017 68.54 67.87 68.99 68.06 33 12260.00 835443.80
11/05/2017 68.22 67.90 68.47 68.35 46 15170.00 1034647.00
12/05/2017 69.00 68.45 70.00 68.55 40 13220.00 907775.50
15/05/2017 68.60 68.37 68.75 68.50 1475 156310.00 10715823.60
16/05/2017 68.81 68.61 69.40 69.40 26 200240.00 13777088.80
17/05/2017 69.39 68.35 69.39 68.60 72 43930.00 3019199.60
18/05/2017 59.50 59.40 64.37 61.80 156 61060.00 3707247.30
19/05/2017 62.01 62.01 64.14 63.80 105 21910.00 1393824.90
22/05/2017 64.14 61.45 64.14 62.00 152 32080.00 1982023.50
23/05/2017 63.00 62.80 63.57 63.57 82 17040.00 1076234.90
24/05/2017 63.00 63.00 64.85 64.53 37 10740.00 693181.40
25/05/2017 64.80 63.75 65.10 64.26 172 2820.00 180972.10
26/05/2017 64.90 64.90 65.35 65.20 27 12890.00 838113.30
29/05/2017 63.33 63.33 65.22 65.20 18 4670.00 303175.90
30/05/2017 65.32 65.07 65.32 65.15 19 142830.00 9305583.10
31/05/2017 65.12 64.07 65.12 64.38 55 181940.00 11714586.30
01/06/2017 64.30 63.59 64.67 63.78 5016 203850.00 12997144.80
02/06/2017 63.83 63.64 64.26 64.20 30 10580.00 678382.80
05/06/2017 63.90 63.63 63.92 63.75 15 2670.00 170332.90
06/06/2017 63.50 63.50 64.57 64.52 18 840.00 53818.00
07/06/2017 64.68 64.58 65.08 65.05 17 980.00 63604.20
08/06/2017 63.24 63.24 64.25 64.16 7 840.00 53729.00
09/06/2017 64.94 64.32 65.00 64.40 19 3690.00 239205.00
12/06/2017 64.30 63.77 64.30 64.04 8 1240.00 79200.30
13/06/2017 64.22 63.71 64.22 64.14 15 3900.00 249611.20
14/06/2017 64.79 64.26 64.79 64.43 10 810.00 52190.00
16/06/2017 64.71 64.29 64.79 64.73 24 1640.00 105935.60
