20/06/2016 41.51 41.51 43.91 42.76 4797 757417.79 32747424.00
21/06/2016 42.90 42.35 44.95 44.95 3925 611360.45 26636484.00
22/06/2016 44.99 43.28 44.99 44.21 4314 662083.74 29113074.00
23/06/2016 44.62 44.30 46.94 45.69 5673 903475.14 41361527.00
24/06/2016 44.34 42.82 44.34 43.64 2698 455866.21 19948728.00
27/06/2016 43.65 42.67 44.26 42.71 3794 513667.17 22272957.00
28/06/2016 43.05 42.75 43.87 43.68 4652 703370.14 30458875.00
29/06/2016 44.20 43.60 45.40 44.09 5221 952911.59 42123061.00
30/06/2016 43.97 43.66 46.11 44.75 4643 807926.61 36386572.00
01/07/2016 44.93 44.33 46.07 45.55 2428 408145.57 18564043.00
04/07/2016 45.69 44.01 45.83 44.33 1516 245144.71 10939504.00
05/07/2016 44.01 43.04 44.56 43.65 3390 474632.76 20698576.00
06/07/2016 43.66 42.46 43.87 43.29 4920 834950.44 36018200.00
07/07/2016 43.55 43.40 45.45 44.01 4263 597312.35 26623597.00
08/07/2016 44.73 42.86 44.74 43.42 4658 654040.94 28399008.00
11/07/2016 43.86 42.90 43.86 42.99 3575 518600.09 22502265.00
12/07/2016 43.59 43.14 44.57 44.02 3961 578867.51 25547776.00
13/07/2016 44.47 43.28 45.54 45.26 3654 522782.35 23291702.00
14/07/2016 45.65 42.97 45.65 43.22 4475 783047.53 34113393.00
15/07/2016 43.23 43.04 43.79 43.64 3048 456724.11 19812152.00
18/07/2016 44.29 43.69 45.27 44.46 2848 495544.05 22161720.00
19/07/2016 44.75 44.23 46.79 45.71 2933 2137670.44 98689141.00
20/07/2016 45.96 45.96 49.60 49.26 4939 869051.93 42035199.00
21/07/2016 49.62 47.72 50.15 49.03 6189 924815.38 44980102.00
22/07/2016 49.40 48.57 50.23 49.84 4516 702619.48 34823370.00
25/07/2016 49.60 48.86 50.85 50.36 3766 671306.16 33783814.00
26/07/2016 50.17 49.32 50.49 49.32 4395 685032.55 34086123.00
27/07/2016 49.39 48.56 49.90 48.56 4148 620904.58 30493663.00
28/07/2016 48.71 46.49 48.71 46.49 4429 721064.31 33905714.00
29/07/2016 46.49 46.49 48.96 48.45 6222 970069.57 46316938.00
01/08/2016 48.45 47.95 49.63 48.35 3932 821224.05 39964211.00
02/08/2016 47.93 47.93 49.56 49.52 4879 817577.98 40280006.00
03/08/2016 48.91 47.84 49.61 48.44 3645 697579.32 33815140.00
04/08/2016 48.31 48.05 49.29 48.77 2198 289540.99 14138836.00
05/08/2016 48.79 48.79 49.20 49.16 1651 273455.38 13408775.00
08/08/2016 49.22 47.34 49.24 47.56 2340 321819.45 15386657.00
09/08/2016 48.21 46.44 48.99 46.67 3324 653504.75 30973033.00
10/08/2016 46.53 46.53 48.42 48.01 4344 706587.26 33853527.00
11/08/2016 48.00 46.50 48.57 47.09 3526 624228.94 29251733.00
12/08/2016 46.91 46.50 47.37 46.95 2062 349915.65 16441495.00
15/08/2016 46.95 46.61 47.48 47.09 1673 270452.74 12697212.00
16/08/2016 46.81 46.48 47.30 46.57 3368 527393.56 24670593.00
17/08/2016 46.53 46.53 47.93 47.91 3549 590020.20 27884434.00
18/08/2016 48.02 47.10 49.12 47.50 4390 880848.05 42197436.00
19/08/2016 47.50 46.78 48.31 47.05 2360 484069.65 22850109.00
22/08/2016 47.09 45.27 47.39 45.78 3174 644282.33 29708050.00
23/08/2016 45.60 44.89 46.22 45.33 2755 428949.62 19664769.00
24/08/2016 45.11 43.84 45.33 44.66 4358 709911.62 31584623.00
25/08/2016 45.00 44.59 46.47 46.29 2601 427877.25 19585476.00
26/08/2016 45.93 45.44 47.51 46.54 7283 1081810.95 50401892.00
29/08/2016 46.54 46.11 47.22 47.00 3806 543800.88 25498276.00
30/08/2016 46.59 46.59 47.52 47.21 3154 429056.86 20184754.00
31/08/2016 47.55 45.98 47.63 46.91 3035 464445.20 21759716.00
01/09/2016 47.09 46.21 47.50 46.45 2605 422193.67 19754339.00
02/09/2016 46.93 46.25 47.94 47.94 5116 761063.87 35985663.00
05/09/2016 47.97 47.32 48.75 47.97 1578 274849.47 13247649.00
06/09/2016 48.39 48.02 49.42 48.87 3144 518600.09 25351510.00
08/09/2016 48.84 48.21 49.05 48.67 3832 646748.79 31387592.00
09/09/2016 48.12 46.36 48.12 46.77 2503 362569.67 17044303.00
12/09/2016 46.35 46.25 48.57 48.49 3378 480423.58 22939809.00
13/09/2016 47.88 46.03 48.35 47.23 3414 453399.75 21284671.00
14/09/2016 47.23 45.94 47.23 46.63 2837 368038.78 17082644.00
15/09/2016 46.97 46.45 47.88 47.79 1972 303803.57 14395342.00
16/09/2016 47.46 46.25 47.89 47.11 2799 849749.20 40105626.00
19/09/2016 47.45 46.85 47.75 47.75 3014 460155.71 21836908.00
20/09/2016 48.20 47.84 49.47 48.86 3100 483640.70 23605219.00
21/09/2016 49.27 47.51 49.31 48.77 2580 367395.35 17778066.00
22/09/2016 48.97 48.97 49.97 49.42 3555 574899.73 28477164.00
23/09/2016 50.09 49.29 50.78 49.61 2241 328789.89 16459792.00
26/09/2016 49.62 48.21 50.16 48.49 1560 238603.23 11645975.00
27/09/2016 49.03 48.40 49.42 49.15 2644 372649.98 18236425.00
28/09/2016 48.88 48.42 49.74 49.40 2247 336189.27 16516958.00
29/09/2016 49.65 47.65 50.12 48.39 3308 516669.82 25291052.00
30/09/2016 48.33 48.33 51.05 50.33 4069 711949.14 35793359.00
03/10/2016 50.36 49.71 51.75 51.13 3850 618438.12 31539508.00
04/10/2016 51.37 49.90 51.45 50.47 1665 272597.48 13751425.00
05/10/2016 50.93 50.90 52.77 51.75 2568 392167.19 20398064.00
06/10/2016 51.37 51.05 52.02 51.66 2481 316779.30 16287408.00
07/10/2016 52.05 51.30 52.22 51.75 3614 543586.41 28133549.00
10/10/2016 51.94 50.63 52.29 50.73 1714 262195.46 13402445.00
11/10/2016 50.85 50.69 51.56 51.29 1934 280318.58 14364194.00
13/10/2016 50.74 50.66 52.93 52.11 3279 554953.57 28848459.00
14/10/2016 52.34 52.34 54.35 53.16 3404 498975.65 26749323.00
17/10/2016 53.48 53.13 54.41 54.41 1382 227236.06 12199984.00
18/10/2016 54.28 53.44 55.06 54.09 3235 468305.75 25317269.00
19/10/2016 53.63 52.92 54.29 53.27 3450 517313.24 27656095.00
20/10/2016 53.22 52.88 53.82 53.62 1522 195386.55 10457518.00
21/10/2016 53.01 52.99 54.96 54.09 2396 501656.58 27133876.00
24/10/2016 54.09 53.95 55.19 55.02 1697 1544540.35 84903986.00
25/10/2016 54.65 54.21 55.55 55.55 2262 337476.12 18526440.00
26/10/2016 54.96 52.79 55.47 53.47 3866 541227.19 28944570.00
27/10/2016 53.98 53.15 54.74 53.74 2474 351524.22 18957831.00
28/10/2016 53.29 52.88 54.45 53.92 1852 248147.36 13320161.00
31/10/2016 53.40 53.35 54.50 54.33 2069 374794.73 20250470.00
01/11/2016 55.45 52.79 55.45 53.62 7257 1072695.77 57384525.00
03/11/2016 53.76 50.94 54.23 51.05 5364 835701.10 43721631.00
04/11/2016 51.05 49.23 51.05 49.69 4411 822618.14 41003309.00
07/11/2016 50.24 50.23 51.33 51.33 4067 659938.99 33536495.00
08/11/2016 51.33 51.10 52.89 52.15 3202 499190.12 25916066.00
09/11/2016 49.00 48.86 52.21 51.43 2717 401818.56 20492337.00
10/11/2016 51.01 46.92 51.89 46.92 5126 897255.37 43178918.00
11/11/2016 46.63 42.66 46.66 44.06 6716 1092534.69 48182853.00
14/11/2016 43.36 42.54 45.04 44.75 5352 720957.08 31412460.00
16/11/2016 44.61 43.53 45.80 44.54 5055 749911.18 33469816.00
17/11/2016 45.20 42.71 45.20 42.75 2298 366859.16 16056024.00
18/11/2016 42.71 41.00 42.71 42.16 3041 556454.90 23211675.00
21/11/2016 42.25 41.52 43.73 43.73 3147 471201.16 20153393.00
22/11/2016 44.03 43.56 45.07 44.93 4023 1290387.70 57383329.00
23/11/2016 45.11 42.27 45.11 42.94 3482 873663.14 37708102.00
24/11/2016 43.13 42.52 43.75 43.18 1869 312168.09 13491866.00
25/11/2016 42.53 41.34 42.60 42.00 2948 521924.45 21920022.00
28/11/2016 42.00 41.53 44.36 43.83 3990 571146.42 24817585.00
29/11/2016 43.66 42.86 43.94 43.36 3356 642995.48 27903965.00
30/11/2016 43.92 42.76 44.62 44.62 4404 785406.76 34525929.00
01/12/2016 44.62 39.67 44.62 40.14 7049 1140791.52 46881836.00
02/12/2016 39.63 37.86 40.34 38.50 8165 1312156.89 50923372.00
05/12/2016 38.90 38.90 40.89 40.36 5557 2042229.15 81937428.00
06/12/2016 39.91 39.69 41.93 41.87 4583 777256.71 31915100.00
07/12/2016 42.06 40.96 42.21 42.20 5187 722458.40 29994080.00
08/12/2016 42.83 41.14 42.89 41.64 2721 465410.34 19373655.00
09/12/2016 41.85 40.62 42.61 41.03 3692 586910.32 24072113.00
12/12/2016 40.42 39.85 41.27 41.09 4208 560315.44 22810906.00
13/12/2016 40.56 39.28 40.77 39.75 3897 566320.74 22573464.00
14/12/2016 39.84 38.73 39.99 38.73 4209 631413.84 24859595.00
15/12/2016 38.61 37.30 38.61 37.30 3711 621119.05 23517024.00
16/12/2016 37.80 36.68 37.80 37.24 5973 879132.25 32733631.00
19/12/2016 37.35 36.86 37.99 37.56 2439 335224.13 12555456.00
20/12/2016 37.79 36.14 38.18 37.58 5011 742511.80 27615196.00
21/12/2016 37.93 36.65 39.14 39.01 3428 491897.98 18891908.00
22/12/2016 38.70 37.28 39.91 39.40 2800 423051.56 16445253.00
23/12/2016 39.86 39.17 40.18 40.14 2453 353132.78 14045433.00
26/12/2016 40.63 39.80 40.63 40.21 879 128255.94 5157757.00
27/12/2016 40.55 40.27 42.29 41.24 3765 635274.39 26089414.00
28/12/2016 41.24 40.80 42.57 41.73 5888 894467.20 37539463.00
29/12/2016 41.74 41.21 42.60 41.71 4643 866799.95 36275372.00
02/01/2017 41.44 41.03 42.00 41.39 640 101875.54 4230558.00
03/01/2017 41.95 41.29 44.93 43.80 3522 522782.35 22797566.00
04/01/2017 43.37 43.01 44.35 43.89 5801 728356.46 31912696.00
05/01/2017 43.92 42.62 44.20 43.73 4631 597634.06 26050984.00
06/01/2017 43.74 41.55 43.82 41.80 3759 645032.99 27251907.00
09/01/2017 42.11 41.85 43.72 42.90 3650 528358.70 22818895.00
10/01/2017 43.09 42.49 43.58 43.00 1903 305948.32 13155596.00
11/01/2017 43.00 41.68 43.63 43.55 2576 404070.54 17250647.00
12/01/2017 44.25 43.73 45.18 43.83 5387 1666898.23 73725295.00
13/01/2017 44.15 42.86 44.16 43.36 2512 443426.67 19263266.00
16/01/2017 43.37 43.09 44.03 43.65 1239 221230.77 9640774.00
17/01/2017 43.82 43.74 44.99 44.75 2961 470450.50 20915414.00
18/01/2017 45.33 44.98 45.69 45.62 3444 710018.86 32279297.00
19/01/2017 45.69 45.37 46.30 45.65 2893 507447.40 23213641.00
20/01/2017 45.94 45.39 46.21 46.16 3242 567929.30 26046120.00
23/01/2017 46.14 45.50 46.55 46.55 2182 413721.91 19054283.00
24/01/2017 46.58 46.55 48.12 48.02 4368 1098111.03 52067015.00
26/01/2017 48.31 48.31 49.22 48.89 2706 512273.09 25021257.00
27/01/2017 48.98 48.01 49.37 48.49 3022 590985.34 28750570.00
30/01/2017 48.60 47.74 48.93 48.19 2122 312489.80 15037083.00
31/01/2017 48.01 47.67 48.91 48.49 3429 617151.27 29765399.00
01/02/2017 48.49 47.25 49.41 47.94 4347 671949.58 32245604.00
02/02/2017 47.95 47.69 50.35 49.52 2810 876558.55 43135235.00
03/02/2017 49.03 48.90 50.88 49.14 4119 1356338.70 68149418.00
06/02/2017 48.96 47.00 49.52 47.93 3027 604068.31 29143125.00
07/02/2017 48.76 46.74 48.77 47.55 3056 521388.27 24633859.00
08/02/2017 47.56 46.90 48.58 47.65 3717 547661.43 26043018.00
09/02/2017 47.93 47.20 48.72 48.72 3281 508305.30 24430191.00
10/02/2017 48.51 48.14 49.81 49.52 5392 1366526.26 67245589.00
13/02/2017 49.15 48.82 51.01 51.01 4161 636454.00 31926018.00
14/02/2017 51.10 50.17 51.19 50.65 3368 647284.98 32679849.00
15/02/2017 51.15 50.37 52.57 52.57 6163 882885.56 45591026.00
16/02/2017 53.90 52.90 55.85 55.25 8043 1935420.69 105970856.00
17/02/2017 54.83 54.55 58.24 57.80 7370 1242988.77 70785287.00
20/02/2017 56.32 56.12 58.18 58.18 3931 794200.23 45506144.00
21/02/2017 57.91 56.66 59.10 57.60 4936 705836.60 40810386.00
22/02/2017 57.62 55.42 57.98 55.81 3689 560208.21 31575325.00
23/02/2017 56.78 56.04 58.00 57.12 7092 1320199.70 75368461.00
24/02/2017 57.11 55.75 57.58 57.55 4925 784763.33 44610039.00
01/03/2017 57.72 56.98 58.93 58.79 5487 1384327.67 80901026.00
02/03/2017 58.84 56.66 59.10 57.01 6944 969104.43 55828007.00
03/03/2017 57.54 55.71 57.63 57.07 3412 513559.93 28946337.00
06/03/2017 57.07 56.29 58.10 56.88 2503 358494.65 20390386.00
07/03/2017 56.43 55.62 56.89 56.21 3532 521709.98 29260485.00
08/03/2017 56.32 53.97 56.74 55.02 5555 815862.18 44938977.00
09/03/2017 55.34 54.17 55.58 54.65 2533 346484.06 18955396.00
10/03/2017 54.79 54.69 56.01 55.80 3184 425518.02 23609928.00
13/03/2017 55.82 55.06 56.21 55.86 2592 637097.43 35533452.00
14/03/2017 56.05 55.21 57.01 56.96 4512 868730.22 48957564.00
15/03/2017 57.11 57.11 59.34 58.77 3781 555275.29 32289745.00
16/03/2017 59.12 58.53 59.56 59.30 3723 490503.89 28999818.00
17/03/2017 59.58 55.83 60.04 57.92 6642 1221434.05 70402983.00
20/03/2017 58.40 54.76 60.03 55.81 4651 652100.00 36827663.00
21/03/2017 55.91 53.19 56.32 55.67 4314 558900.00 30438211.00
22/03/2017 55.66 55.30 58.00 57.50 6550 949600.00 54213491.00
23/03/2017 57.50 56.29 57.50 57.00 4138 607200.00 34593501.00
24/03/2017 57.37 56.71 58.89 58.00 2502 381600.00 22173139.00
27/03/2017 57.85 57.64 60.55 60.20 6374 875400.00 52375263.00
28/03/2017 60.44 59.13 60.86 60.43 4513 620600.00 37275452.00
29/03/2017 60.00 60.00 62.72 62.49 3921 602500.00 37329345.00
30/03/2017 62.74 61.21 62.98 62.98 3448 442300.00 27533554.00
31/03/2017 62.22 61.62 63.43 63.40 4034 857800.00 53650922.00
03/04/2017 62.67 62.33 63.86 63.00 4202 623400.00 39285740.00
04/04/2017 62.63 62.00 63.46 62.91 2471 374500.00 23550864.00
05/04/2017 63.11 62.48 63.69 62.64 4633 572900.00 36197941.00
06/04/2017 62.70 62.18 64.87 64.30 5952 1038600.00 66474935.00
07/04/2017 64.29 63.67 65.83 65.49 7226 959400.00 62358067.00
10/04/2017 65.21 64.24 66.39 64.37 4017 602500.00 39028044.00
11/04/2017 64.83 63.43 65.05 64.74 6254 784700.00 50282881.00
12/04/2017 64.72 63.85 65.23 63.85 4905 943700.00 60749120.00
13/04/2017 63.55 62.50 64.52 62.58 2384 283100.00 17851653.00
17/04/2017 62.55 62.55 66.16 65.74 4848 725000.00 47436170.00
18/04/2017 65.94 65.28 66.06 65.98 5333 775100.00 51003841.00
19/04/2017 65.85 65.56 66.65 65.88 5596 777400.00 51362747.00
20/04/2017 66.50 65.95 66.96 66.50 3570 523200.00 34798078.00
24/04/2017 66.40 66.11 68.40 67.75 4702 645600.00 43803668.00
25/04/2017 67.75 65.40 67.81 67.81 4344 581400.00 38655180.00
26/04/2017 67.21 65.44 67.32 65.50 3220 473300.00 31333678.00
27/04/2017 66.09 65.33 67.93 67.19 5580 794100.00 52761978.00
28/04/2017 67.00 66.97 70.01 69.04 5664 1181500.00 81917773.00
02/05/2017 68.53 68.53 70.20 69.60 6200 954200.00 66406223.00
03/05/2017 69.61 69.54 70.61 69.90 5867 1048100.00 73408401.00
04/05/2017 70.20 68.33 70.20 68.65 6156 1116600.00 77008862.00
05/05/2017 68.11 68.11 69.92 69.00 3610 560300.00 38757576.00
08/05/2017 69.30 68.43 69.63 68.85 3778 928000.00 63867091.00
09/05/2017 68.95 68.79 69.56 69.30 4652 1044100.00 72148538.00
10/05/2017 69.75 69.65 71.49 71.00 3720 718900.00 51046497.00
11/05/2017 70.50 68.74 71.55 70.19 5178 758200.00 53421654.00
12/05/2017 71.00 70.53 71.53 71.00 4033 784400.00 55698020.00
15/05/2017 71.00 69.88 71.73 70.50 2353 1813400.00 127361910.00
16/05/2017 70.51 69.65 71.02 70.99 2589 390100.00 27643293.00
17/05/2017 70.98 67.13 71.06 67.46 3824 533200.00 36555829.00
18/05/2017 57.35 57.33 61.24 58.01 10458 1742900.00 102553880.00
19/05/2017 59.02 59.02 63.44 63.00 8182 1171000.00 72561205.00
22/05/2017 61.85 57.93 63.00 59.41 8453 1096400.00 65589519.00
23/05/2017 60.22 59.19 61.97 60.74 6545 890200.00 53771839.00
24/05/2017 61.90 60.94 65.10 63.80 4629 568900.00 36195928.00
25/05/2017 64.63 62.18 65.40 62.74 5725 914000.00 58058708.00
26/05/2017 62.81 62.34 63.77 63.45 3646 812800.00 51183855.00
29/05/2017 63.85 62.65 65.20 64.20 1621 248600.00 15932391.00
30/05/2017 64.20 64.20 65.32 64.94 4432 670800.00 43538844.00
31/05/2017 65.00 62.51 65.34 63.00 4560 845700.00 53650827.00
01/06/2017 63.00 61.28 64.07 61.72 4097 575700.00 35806534.00
02/06/2017 62.03 59.97 62.47 60.62 3583 629800.00 38103375.00
05/06/2017 60.27 59.85 63.07 62.66 5533 758000.00 47020785.00
06/06/2017 62.71 61.93 63.30 63.30 3677 441700.00 27723526.00
07/06/2017 66.00 64.44 68.15 64.60 7162 1232400.00 81326117.00
08/06/2017 65.06 63.93 65.99 64.60 3864 543600.00 35077744.00
09/06/2017 64.66 64.62 65.47 65.00 3894 705100.00 45810202.00
12/06/2017 65.30 62.40 65.85 62.62 3701 557700.00 35304292.00
13/06/2017 63.47 62.37 63.47 62.48 3212 435400.00 27422434.00
14/06/2017 62.83 61.23 63.40 62.00 4860 702800.00 43485631.00
16/06/2017 62.00 62.00 64.49 64.49 2283 707600.00 44572145.00
