20/06/2016 17.79 17.19 17.79 17.26 1560 873480.75 15278969.00
21/06/2016 17.21 16.80 17.21 17.11 2361 949996.58 16100084.00
22/06/2016 17.12 16.98 17.66 17.66 2237 928992.24 16324609.00
23/06/2016 17.64 17.34 17.72 17.53 743 388280.35 6797605.00
24/06/2016 17.18 16.66 17.44 16.82 1220 532010.09 9049575.00
27/06/2016 16.66 16.63 17.47 17.33 1262 464196.06 8001268.00
28/06/2016 17.33 17.09 17.57 17.48 896 1339477.18 23213777.00
29/06/2016 17.50 17.50 17.91 17.69 1346 728850.82 12915239.00
30/06/2016 17.77 17.44 17.93 17.79 1208 701845.23 12387984.00
01/07/2016 17.79 17.53 17.91 17.71 1080 593522.82 10494698.00
04/07/2016 17.63 17.50 17.81 17.66 862 421887.30 7454758.00
05/07/2016 17.65 17.27 17.82 17.56 1485 604325.05 10656280.00
06/07/2016 17.56 17.50 17.91 17.53 1827 833272.43 14674843.00
07/07/2016 17.53 17.53 17.81 17.81 2472 1314572.02 23347418.00
08/07/2016 17.88 17.66 17.88 17.78 1047 663137.22 11757999.00
11/07/2016 17.82 17.66 18.32 18.10 1615 808067.21 14537418.00
12/07/2016 18.13 17.41 18.21 17.45 2991 1099727.57 19453356.00
13/07/2016 17.46 16.78 17.49 17.21 3375 1626336.54 27652704.00
14/07/2016 17.21 17.21 17.92 17.76 1336 1557922.38 27603026.00
15/07/2016 17.77 17.36 17.77 17.45 1117 400282.83 7005494.00
18/07/2016 17.43 17.20 17.45 17.43 2132 807467.09 13979855.00
19/07/2016 17.43 17.35 17.83 17.54 1875 656535.86 11515860.00
20/07/2016 17.78 17.13 17.78 17.17 1222 501703.82 8676080.00
21/07/2016 17.20 16.91 17.60 17.20 2089 970700.87 16712931.00
22/07/2016 17.14 16.90 17.60 16.94 2215 950296.64 16224112.00
25/07/2016 16.95 16.90 17.22 17.16 1545 652034.93 11156829.00
26/07/2016 17.46 16.96 17.46 17.11 955 399082.58 6825839.00
27/07/2016 17.09 17.00 17.31 17.06 1715 918190.00 15721558.00
28/07/2016 17.12 17.02 17.45 17.42 1296 512506.05 8850294.00
29/07/2016 17.42 17.31 17.85 17.70 1951 1134834.83 20090892.00
01/08/2016 17.50 16.91 17.83 17.10 2946 1351179.60 23621366.00
02/08/2016 17.20 16.92 17.38 17.14 1359 528409.34 9017557.00
03/08/2016 17.00 16.60 17.19 17.00 1498 570718.10 9702077.00
04/08/2016 17.00 16.87 17.33 17.23 2484 848575.60 14545224.00
05/08/2016 17.23 16.94 17.26 17.00 771 426088.17 7257116.00
08/08/2016 17.00 16.68 17.12 16.93 1567 568917.73 9554387.00
09/08/2016 17.13 17.00 17.58 17.24 1702 750455.29 12944638.00
10/08/2016 17.29 16.92 17.29 17.20 1474 578219.65 9906256.00
11/08/2016 17.31 16.71 17.33 17.02 1227 730651.19 12336094.00
12/08/2016 16.98 16.79 17.01 16.79 608 238249.30 4026408.00
15/08/2016 16.93 16.63 16.93 16.73 1339 723749.77 12076842.00
16/08/2016 16.73 16.36 16.86 16.83 1501 1166641.41 19316952.00
17/08/2016 16.68 16.41 16.78 16.57 1525 673639.40 11155130.00
18/08/2016 16.52 16.37 16.83 16.83 1292 829671.68 13829898.00
19/08/2016 16.76 16.37 16.87 16.83 2186 1118931.54 18652551.00
22/08/2016 16.80 16.33 16.80 16.33 2356 1039115.02 17113181.00
23/08/2016 16.36 16.08 16.53 16.33 1594 676940.08 11074147.00
24/08/2016 16.33 16.13 16.42 16.25 1311 526008.85 8564410.00
25/08/2016 16.13 16.10 16.25 16.18 1103 987204.28 15972555.00
26/08/2016 16.23 16.16 16.33 16.26 1253 1139035.70 18487656.00
29/08/2016 16.29 16.15 16.33 16.24 1649 674839.64 10954310.00
30/08/2016 16.35 15.73 16.50 16.46 4217 1856784.22 29875285.00
31/08/2016 16.64 16.48 16.74 16.74 2438 1587328.47 26420741.00
01/09/2016 16.89 16.54 17.08 16.84 3726 1928499.06 32560892.00
02/09/2016 16.91 16.85 17.35 17.35 2953 1270162.83 21858886.00
05/09/2016 17.47 17.10 17.47 17.32 1397 547613.32 9466915.00
06/09/2016 17.46 17.29 17.53 17.53 2451 1087725.08 18909132.00
08/09/2016 17.53 17.32 17.69 17.46 2362 985403.91 17235012.00
09/09/2016 17.46 17.26 17.55 17.41 2263 1022311.55 17798476.00
12/09/2016 17.33 17.01 17.33 17.10 1874 970700.87 16631810.00
13/09/2016 17.11 17.06 17.50 17.26 1427 623529.03 10778976.00
14/09/2016 17.21 17.09 17.33 17.20 1005 666137.84 11452817.00
15/09/2016 17.33 17.08 17.59 17.08 2238 1059219.18 18247800.00
16/09/2016 17.16 16.95 17.83 17.37 3133 2678354.23 46352315.00
19/09/2016 17.57 17.51 18.12 17.93 2452 1225753.64 21876444.00
20/09/2016 17.92 17.92 18.92 18.60 3201 1854983.85 34456755.00
21/09/2016 18.57 17.94 18.89 18.68 4531 2006815.27 37259782.00
22/09/2016 18.67 18.36 19.06 18.52 1865 1038514.90 19330713.00
23/09/2016 18.53 18.48 18.94 18.72 1609 1008208.63 18768986.00
26/09/2016 18.65 18.61 19.32 18.83 2713 1410591.89 26847648.00
27/09/2016 18.86 18.63 19.19 18.94 1325 694643.74 13147022.00
28/09/2016 18.95 18.93 19.25 19.09 1020 479799.28 9147485.00
29/09/2016 19.15 19.00 19.58 19.33 1808 995906.08 19281711.00
30/09/2016 19.33 19.16 19.55 19.55 2099 1370083.51 26574353.00
03/10/2016 19.50 18.95 19.74 19.35 2326 996506.21 19282289.00
04/10/2016 19.44 19.22 19.61 19.59 1405 622628.84 12149183.00
05/10/2016 19.80 19.71 20.35 20.27 2083 987504.34 19784332.00
06/10/2016 20.33 20.09 20.83 20.71 2506 968300.37 19865353.00
07/10/2016 20.73 20.71 21.04 20.84 1919 834772.74 17456019.00
10/10/2016 21.03 20.60 21.11 20.76 1289 503804.25 10458767.00
11/10/2016 20.82 20.28 20.85 20.28 1662 733651.81 14979119.00
13/10/2016 20.16 20.16 20.87 20.78 2688 1274363.70 26386888.00
14/10/2016 20.75 20.53 20.75 20.60 1293 557215.30 11493942.00
17/10/2016 20.73 20.38 21.00 20.43 1967 783162.06 16143220.00
18/10/2016 20.55 20.42 20.76 20.50 2301 978502.48 20147282.00
19/10/2016 20.61 20.52 21.46 21.02 2720 1052917.88 22221332.00
20/10/2016 21.05 20.77 21.36 21.00 1466 541612.08 11349571.00
21/10/2016 21.04 21.00 21.41 21.23 1819 883682.86 18796082.00
24/10/2016 21.26 20.83 21.39 21.07 1224 516706.92 10854308.00
25/10/2016 21.17 20.87 21.17 21.06 1097 411685.19 8658982.00
26/10/2016 21.01 20.69 21.02 21.00 1092 471697.61 9853822.00
27/10/2016 21.00 20.93 21.62 20.96 2122 739352.99 15718924.00
28/10/2016 20.85 20.85 21.42 21.26 1662 612726.79 12990358.00
31/10/2016 21.26 21.07 21.57 21.19 1414 650234.55 13840736.00
01/11/2016 21.37 20.79 21.37 20.86 1044 587821.64 12365267.00
03/11/2016 21.06 20.14 21.24 20.23 2308 901086.46 18600702.00
04/11/2016 20.50 19.63 20.52 20.05 1980 909188.14 18136581.00
07/11/2016 20.22 20.18 20.61 20.35 2229 954197.45 19438702.00
08/11/2016 20.12 20.12 20.67 20.23 1977 889083.98 18149182.00
09/11/2016 19.43 19.33 20.12 19.99 2526 1251258.92 24688243.00
10/11/2016 20.33 17.73 20.38 19.36 5176 2389094.37 45603918.00
11/11/2016 19.04 18.49 19.32 18.72 2651 1260860.91 23776771.00
14/11/2016 18.72 17.91 18.87 18.50 2587 974601.67 17881943.00
16/11/2016 18.36 17.40 18.55 18.00 2801 1674646.53 30140813.00
17/11/2016 18.16 17.50 18.36 17.70 2105 1000106.95 17848741.00
18/11/2016 17.88 17.70 18.56 18.37 1613 883082.74 16129984.00
21/11/2016 18.38 18.03 18.94 18.49 1863 829071.56 15379318.00
22/11/2016 18.63 18.18 18.85 18.52 1584 831772.12 15313867.00
23/11/2016 18.54 17.96 18.62 18.48 1092 522408.10 9577387.00
24/11/2016 18.45 18.04 18.59 18.13 800 373877.37 6789157.00
25/11/2016 18.00 17.88 18.33 18.12 897 388880.47 7061610.00
28/11/2016 17.97 17.76 18.27 18.00 1254 506204.75 9086330.00
29/11/2016 18.09 17.72 18.13 17.81 965 415886.06 7459109.00
30/11/2016 17.87 17.87 18.18 17.95 1636 826971.12 14906644.00
01/12/2016 17.89 17.40 18.02 17.68 1391 895685.34 15863719.00
02/12/2016 17.46 17.16 17.81 17.64 1946 747754.73 13082135.00
05/12/2016 17.84 17.37 17.88 17.48 1398 926891.80 16380593.00
06/12/2016 17.49 17.20 18.33 18.12 1662 937393.97 16756274.00
07/12/2016 18.18 17.66 18.43 17.83 1619 778661.13 13999085.00
08/12/2016 17.77 17.18 17.92 17.57 1072 558715.61 9749329.00
09/12/2016 17.62 17.22 17.65 17.48 1595 792463.98 13794756.00
12/12/2016 17.50 16.72 17.81 17.45 2813 666300.00 11503573.00
13/12/2016 17.50 16.95 17.74 17.05 5706 1232500.00 21330517.00
14/12/2016 17.00 16.70 17.42 16.82 3733 694500.00 11722897.00
15/12/2016 16.85 16.48 17.09 16.80 3395 1104400.00 18522521.00
16/12/2016 16.81 16.81 17.82 17.45 4886 1513300.00 26292729.00
19/12/2016 17.55 17.11 17.60 17.60 4110 965500.00 16729308.00
20/12/2016 17.61 17.31 17.94 17.74 4340 784000.00 13757916.00
21/12/2016 17.90 17.87 18.86 18.36 4644 1084400.00 19790561.00
22/12/2016 18.47 18.03 18.55 18.34 3879 644900.00 11777895.00
23/12/2016 18.35 18.31 18.79 18.65 2634 528100.00 9844977.00
26/12/2016 18.66 18.44 18.96 18.56 1317 235300.00 4373353.00
27/12/2016 18.56 18.41 18.84 18.57 1728 388200.00 7211265.00
28/12/2016 18.51 18.41 19.34 18.99 3212 546700.00 10324260.00
29/12/2016 19.04 18.80 19.50 19.50 2874 771300.00 14806895.00
02/01/2017 19.50 19.03 19.50 19.23 1459 334600.00 6428311.00
03/01/2017 19.38 19.29 19.77 19.35 2436 522500.00 10190500.00
04/01/2017 19.46 19.02 19.78 19.38 3443 576500.00 11115628.00
05/01/2017 19.48 19.09 19.55 19.30 3844 985500.00 19027319.00
06/01/2017 19.25 18.67 19.25 19.01 2972 553200.00 10491690.00
09/01/2017 19.10 18.80 19.20 19.05 1902 309100.00 5886436.00
10/01/2017 19.12 18.76 19.13 19.02 2161 608500.00 11540981.00
11/01/2017 19.06 18.81 19.12 19.00 2262 375500.00 7102995.00
12/01/2017 19.13 19.13 19.73 19.63 3618 847600.00 16462642.00
13/01/2017 19.73 19.33 19.73 19.47 3101 434100.00 8437185.00
16/01/2017 19.47 19.21 19.72 19.62 2297 352200.00 6865864.00
17/01/2017 19.80 19.78 20.09 20.00 3824 650600.00 12998592.00
18/01/2017 20.06 19.65 20.09 20.00 2883 893700.00 17751507.00
19/01/2017 20.11 19.65 20.17 19.75 3070 837600.00 16601919.00
20/01/2017 19.90 19.27 20.02 20.00 3155 562600.00 11129169.00
23/01/2017 19.98 19.61 19.98 19.61 2519 421700.00 8319614.00
24/01/2017 19.65 19.65 20.22 20.05 3643 834500.00 16703451.00
26/01/2017 20.20 19.88 20.22 20.22 2138 368700.00 7412302.00
27/01/2017 20.03 20.03 20.22 20.19 1519 304100.00 6131428.00
30/01/2017 20.18 19.78 20.39 19.97 2513 534300.00 10700765.00
31/01/2017 19.98 19.78 20.71 20.46 3144 445600.00 9036358.00
01/02/2017 20.47 20.24 20.67 20.32 2356 602600.00 12259627.00
02/02/2017 20.50 19.91 20.57 20.42 4331 621200.00 12560644.00
03/02/2017 20.44 20.44 20.99 20.50 3341 513600.00 10600885.00
06/02/2017 20.55 20.11 20.69 20.25 2093 300300.00 6100634.00
07/02/2017 20.26 19.27 20.31 19.70 3902 825300.00 16285597.00
08/02/2017 19.80 19.43 19.85 19.62 2283 499500.00 9792484.00
09/02/2017 19.55 19.22 19.73 19.45 3454 531000.00 10343028.00
10/02/2017 19.40 19.28 20.00 19.66 3448 579300.00 11323704.00
13/02/2017 19.66 19.50 19.86 19.70 4225 640300.00 12601143.00
14/02/2017 19.70 19.25 19.82 19.70 3544 817900.00 16013133.00
15/02/2017 19.70 19.60 19.99 19.75 2540 434800.00 8627133.00
16/02/2017 19.75 19.50 19.94 19.73 2954 444100.00 8734615.00
17/02/2017 19.79 19.52 19.79 19.70 2076 330400.00 6500529.00
20/02/2017 19.70 19.51 19.89 19.60 1418 237500.00 4668348.00
21/02/2017 19.60 19.00 19.89 19.00 3168 640100.00 12303872.00
22/02/2017 19.05 18.77 19.23 18.95 2833 391300.00 7435049.00
23/02/2017 19.01 18.80 19.49 18.90 4266 607300.00 11600984.00
24/02/2017 19.01 18.69 19.23 19.00 3870 725600.00 13775581.00
01/03/2017 19.05 18.71 19.48 18.90 4248 580100.00 10993053.00
02/03/2017 18.73 18.73 19.47 19.30 4837 846500.00 16294666.00
03/03/2017 19.49 19.10 19.49 19.24 3004 408900.00 7885320.00
06/03/2017 19.24 19.24 19.60 19.48 2573 383900.00 7468229.00
07/03/2017 19.49 18.88 19.49 19.00 2163 355400.00 6770658.00
08/03/2017 19.10 18.16 19.10 18.40 5198 1040800.00 19202312.00
09/03/2017 18.46 18.41 18.85 18.81 4079 730000.00 13628614.00
10/03/2017 18.81 18.78 18.99 18.96 1282 400300.00 7582045.00
13/03/2017 19.00 18.68 19.10 18.84 2049 363200.00 6858493.00
14/03/2017 18.87 18.47 19.02 18.70 1445 221100.00 4137329.00
15/03/2017 18.66 18.31 18.72 18.54 3101 537300.00 9917721.00
16/03/2017 18.57 18.39 18.95 18.70 2436 606700.00 11348314.00
17/03/2017 18.88 18.20 18.94 18.45 3376 751600.00 13815330.00
20/03/2017 18.30 17.82 18.43 18.00 4184 751800.00 13573598.00
21/03/2017 18.01 17.71 18.18 17.80 2578 968100.00 17362679.00
22/03/2017 17.85 17.69 18.08 17.89 2225 354900.00 6337788.00
23/03/2017 17.87 17.32 17.92 17.40 3763 863600.00 15112079.00
24/03/2017 17.41 17.41 17.79 17.50 4065 685800.00 12065680.00
27/03/2017 17.44 17.44 17.79 17.78 2413 429000.00 7559332.00
28/03/2017 17.78 17.66 18.03 17.95 3248 613200.00 10905427.00
29/03/2017 17.96 17.36 18.00 17.50 4065 681600.00 12064122.00
30/03/2017 17.59 17.00 17.59 17.16 3084 716100.00 12320746.00
31/03/2017 17.09 17.08 17.38 17.28 4813 1291700.00 22244873.00
03/04/2017 17.36 17.24 17.71 17.45 3726 748500.00 13087086.00
04/04/2017 17.45 17.17 17.50 17.36 2944 633500.00 10997183.00
05/04/2017 17.49 17.49 18.33 18.10 4541 1046400.00 18810655.00
06/04/2017 18.02 17.59 18.05 17.90 4425 789900.00 14120577.00
07/04/2017 17.97 17.45 17.97 17.66 3039 615600.00 10835240.00
10/04/2017 17.71 17.24 17.80 17.40 3368 2969400.00 51599864.00
11/04/2017 17.44 17.43 17.82 17.55 3307 860100.00 15152664.00
12/04/2017 17.62 17.41 17.77 17.55 2098 452100.00 7957450.00
13/04/2017 17.60 17.42 17.62 17.50 2499 425900.00 7455426.00
17/04/2017 17.49 17.27 17.56 17.41 2857 1414300.00 24615573.00
18/04/2017 17.17 17.16 17.50 17.30 1887 375400.00 6504736.00
19/04/2017 17.31 17.14 17.46 17.40 3214 615500.00 10643831.00
20/04/2017 17.46 17.24 17.47 17.40 2255 355200.00 6172025.00
24/04/2017 17.49 17.25 17.77 17.63 2320 796400.00 13875585.00
25/04/2017 17.50 17.21 17.60 17.37 4400 1343300.00 23339913.00
26/04/2017 17.40 17.12 17.85 17.31 3442 977300.00 17051935.00
27/04/2017 17.35 17.15 17.52 17.30 3036 1957400.00 34117242.00
28/04/2017 17.29 17.29 17.80 17.80 3400 1487600.00 26174189.00
02/05/2017 17.63 17.62 18.23 17.79 3508 612800.00 10983767.00
03/05/2017 17.79 17.56 17.97 17.65 2256 441300.00 7812939.00
04/05/2017 17.64 17.31 17.65 17.51 1847 355400.00 6212354.00
05/05/2017 17.63 17.15 17.63 17.31 2507 514100.00 8889241.00
08/05/2017 17.35 17.17 17.44 17.17 1965 346400.00 5973809.00
09/05/2017 17.23 17.16 17.45 17.35 2127 446500.00 7726387.00
10/05/2017 17.38 17.24 17.85 17.77 3310 1425100.00 24899423.00
11/05/2017 17.81 17.60 18.20 18.20 2410 432600.00 7763697.00
12/05/2017 18.24 17.75 18.30 17.76 3907 616200.00 11067493.00
15/05/2017 17.83 17.74 18.08 17.87 2030 352700.00 6313519.00
16/05/2017 17.89 17.85 18.33 18.33 3418 584500.00 10622172.00
17/05/2017 18.35 18.00 18.41 18.17 3440 505500.00 9189129.00
18/05/2017 15.48 15.24 17.83 16.50 3734 1232700.00 20827801.00
19/05/2017 16.78 16.50 17.52 17.52 5979 1100200.00 18821161.00
22/05/2017 17.45 16.97 18.00 18.00 6190 1285300.00 22546974.00
23/05/2017 17.95 17.29 17.97 17.70 5259 1308600.00 23010060.00
24/05/2017 17.69 17.40 17.79 17.50 4494 856600.00 15025666.00
25/05/2017 17.59 17.59 18.24 18.19 4051 1057100.00 19105065.00
26/05/2017 18.06 17.88 18.70 18.70 3346 1666400.00 30694954.00
29/05/2017 18.75 18.29 18.90 18.43 2667 627000.00 11617288.00
30/05/2017 18.54 17.92 18.58 17.92 3418 939200.00 16981654.00
31/05/2017 18.00 17.77 18.14 18.00 3373 721800.00 12947722.00
01/06/2017 18.10 17.46 18.11 17.69 4098 963400.00 17021230.00
02/06/2017 17.87 17.18 17.87 17.39 2959 584800.00 10173236.00
05/06/2017 17.43 17.19 17.57 17.40 2897 558200.00 9704618.00
06/06/2017 17.40 17.27 17.61 17.44 3758 582500.00 10170003.00
07/06/2017 17.57 17.28 17.85 17.47 5583 859900.00 15072277.00
08/06/2017 17.32 16.80 17.66 17.00 5012 941100.00 15988002.00
09/06/2017 17.00 16.80 17.60 16.95 6066 1116700.00 19142569.00
12/06/2017 16.99 16.71 17.19 17.02 2388 358900.00 6087317.00
13/06/2017 17.16 16.87 17.37 16.87 1772 291400.00 4953354.00
14/06/2017 16.90 16.31 16.97 16.69 7515 1636400.00 27078738.00
16/06/2017 16.53 16.40 16.85 16.40 3688 1316600.00 21738002.00
