01/08/2016 20.68 20.68 20.79 20.79 2 55776.18 1159723.00
08/08/2016 19.82 19.82 19.82 19.82 1 98.54 1953.00
09/08/2016 19.86 19.86 19.86 19.86 8 788.36 15656.00
11/08/2016 19.22 19.22 19.22 19.22 2 689.81 13258.00
12/08/2016 19.48 19.48 19.48 19.48 1 98.54 1920.00
15/08/2016 19.71 19.71 19.71 19.71 1 98.54 1942.00
19/08/2016 19.08 19.08 19.08 19.08 1 197.09 3760.00
22/08/2016 19.71 19.71 19.71 19.71 1 1083.99 21362.00
29/08/2016 20.37 20.37 20.37 20.37 1 1773.80 36126.00
30/08/2016 20.03 20.03 20.03 20.03 1 1182.53 23688.00
06/09/2016 20.31 20.31 20.31 20.31 1 200.00 4062.00
12/09/2016 22.36 22.36 22.36 22.36 1 2100.00 46956.00
15/09/2016 22.30 22.30 22.30 22.30 1 300.00 6690.00
19/09/2016 21.69 21.69 21.69 21.69 1 1000.00 21690.00
26/09/2016 21.57 21.57 21.57 21.57 1 300.00 6471.00
28/09/2016 21.62 21.62 21.62 21.62 1 800.00 17296.00
30/09/2016 21.37 21.37 21.37 21.37 1 300.00 6411.00
03/10/2016 20.87 20.87 20.87 20.87 2 300.00 6261.00
06/10/2016 20.92 20.92 20.92 20.92 1 600.00 12552.00
10/10/2016 21.40 21.40 21.40 21.40 1 1600.00 34240.00
14/10/2016 22.37 22.37 22.37 22.37 1 200.00 4474.00
17/10/2016 22.06 22.06 22.06 22.06 1 6200.00 136772.00
20/10/2016 21.01 21.01 21.01 21.01 2 300.00 6303.00
24/10/2016 21.83 21.83 21.83 21.83 1 1600.00 34928.00
26/10/2016 19.83 19.83 19.83 19.83 1 800.00 15864.00
27/10/2016 19.87 19.87 19.87 19.87 1 600.00 11922.00
31/10/2016 19.93 19.93 19.93 19.93 1 900.00 17937.00
07/11/2016 19.78 19.78 19.78 19.78 1 300.00 5934.00
10/11/2016 23.78 23.78 23.78 23.78 1 600.00 14268.00
14/11/2016 25.30 25.30 25.35 25.35 2 3600.00 91150.00
18/11/2016 24.60 24.60 24.60 24.60 1 600.00 14760.00
21/11/2016 25.00 25.00 25.00 25.00 1 1200.00 30000.00
28/11/2016 26.70 26.70 26.70 26.70 1 2500.00 66750.00
05/12/2016 27.57 27.57 27.57 27.57 1 600.00 16542.00
06/12/2016 27.07 27.07 27.07 27.07 1 100.00 2707.00
12/12/2016 27.33 27.33 27.33 27.33 1 1000.00 27330.00
19/12/2016 28.60 28.60 28.60 28.60 1 400.00 11440.00
22/12/2016 27.99 27.99 27.99 27.99 1 200.00 5598.00
27/12/2016 28.07 28.07 28.07 28.07 1 800.00 22456.00
28/12/2016 28.46 28.46 28.46 28.46 1 1200.00 34152.00
03/01/2017 27.54 27.54 27.54 27.54 1 600.00 16524.00
09/01/2017 28.05 28.05 28.05 28.05 1 1100.00 30855.00
17/01/2017 27.63 27.63 27.63 27.63 1 200.00 5526.00
23/01/2017 28.92 28.92 28.92 28.92 1 1200.00 34704.00
24/01/2017 29.28 29.28 29.28 29.28 1 100.00 2928.00
26/01/2017 30.07 30.07 30.07 30.07 1 300.00 9021.00
30/01/2017 28.14 28.14 28.14 28.14 1 1400.00 39396.00
31/01/2017 29.63 29.57 29.63 29.57 14 6200.00 183634.00
03/02/2017 26.05 26.05 26.05 26.05 1 400.00 10420.00
06/02/2017 26.38 26.38 26.38 26.38 2 400.00 10552.00
07/02/2017 25.84 25.84 25.84 25.84 1 700.00 18088.00
13/02/2017 27.37 27.37 27.37 27.37 1 100.00 2737.00
17/02/2017 27.76 27.76 28.50 28.50 5 800.00 22584.00
21/02/2017 28.34 28.34 28.34 28.34 1 400.00 11336.00
23/02/2017 27.31 27.31 27.31 27.31 1 100.00 2731.00
01/03/2017 27.43 27.43 27.43 27.43 1 100.00 2743.00
07/03/2017 26.06 26.06 26.06 26.06 1 300.00 7818.00
10/04/2017 26.40 26.40 26.40 26.40 1 2900.00 76560.00
24/04/2017 27.21 27.21 27.21 27.21 1 1000.00 27210.00
02/05/2017 28.58 28.58 28.58 28.58 1 100.00 2858.00
08/05/2017 24.91 24.91 24.91 24.91 2 1700.00 42347.00
15/05/2017 24.38 24.38 24.38 24.38 1 100.00 2438.00
18/05/2017 26.06 26.06 26.21 26.21 2 1900.00 49784.00
22/05/2017 27.02 27.02 27.02 27.02 3 800.00 21616.00
29/05/2017 27.48 27.48 27.48 27.48 1 100.00 2748.00
30/05/2017 27.42 27.42 27.42 27.42 1 400.00 10968.00
05/06/2017 29.15 29.15 29.15 29.15 1 1300.00 37895.00
08/06/2017 28.30 28.30 28.30 28.30 1 800.00 22640.00
