20/06/2016 16.89 16.59 17.18 16.79 281 72936.38 1225310.00
21/06/2016 16.84 16.56 16.84 16.59 54 12258.22 204544.00
22/06/2016 16.44 16.44 16.74 16.68 17 2962.40 49441.00
23/06/2016 16.61 16.44 17.52 16.97 171 84275.23 1411026.00
24/06/2016 16.59 16.50 16.96 16.50 12 2145.19 35718.00
27/06/2016 16.50 16.23 16.72 16.24 63 20328.21 332705.00
28/06/2016 16.64 16.36 16.99 16.97 36 4596.83 76642.00
29/06/2016 17.06 16.80 17.32 16.94 50 13994.80 237847.00
30/06/2016 17.23 16.85 17.23 16.92 65 27070.23 458786.00
01/07/2016 17.17 16.84 17.17 16.88 10 16752.89 282607.00
04/07/2016 16.93 16.79 17.08 16.79 34 1807065.31 30338763.00
05/07/2016 16.93 16.60 16.93 16.89 18 8376.45 141181.00
06/07/2016 16.64 16.55 16.94 16.64 44 12768.97 213298.00
07/07/2016 16.65 16.56 16.84 16.74 56 11849.61 197744.00
08/07/2016 16.65 16.54 16.66 16.54 286 68543.86 1140418.00
11/07/2016 16.54 16.42 16.64 16.62 65 17161.50 284944.00
12/07/2016 16.68 16.39 17.03 16.52 158 600856.88 9924754.00
13/07/2016 16.62 16.46 16.62 16.62 42 11441.00 189665.00
14/07/2016 16.58 16.41 16.69 16.54 194 119006.84 1974414.00
15/07/2016 16.64 16.50 16.83 16.83 178 82232.20 1372642.00
18/07/2016 16.84 16.64 17.22 16.94 920 266616.19 4516628.00
19/07/2016 17.18 16.90 17.41 17.08 217 69769.68 1187778.00
20/07/2016 17.08 17.08 18.70 18.26 331 120947.73 2178627.00
21/07/2016 18.46 18.44 19.08 18.60 150 149345.93 2780903.00
22/07/2016 18.63 18.63 19.34 19.34 306 114818.62 2192690.00
25/07/2016 19.51 19.22 19.52 19.37 204 87135.48 1686483.00
26/07/2016 19.44 19.17 19.53 19.33 76 10215.18 197859.00
27/07/2016 19.37 19.03 19.96 19.37 214 57102.86 1106508.00
28/07/2016 19.15 19.14 19.67 19.63 50 11032.39 215784.00
29/07/2016 20.17 19.33 20.38 19.77 124 16957.20 334734.00
01/08/2016 19.97 19.43 20.25 19.67 66 14199.10 278918.00
02/08/2016 20.07 19.12 20.07 19.35 36 5311.89 103022.00
03/08/2016 19.13 18.91 19.27 19.27 37 10215.18 195670.00
04/08/2016 19.48 18.97 19.69 19.02 101 44027.42 840586.00
05/08/2016 19.19 18.99 19.39 19.08 309 51688.81 988963.00
08/08/2016 18.90 18.80 19.20 18.82 98 32075.66 606202.00
09/08/2016 18.66 18.33 18.84 18.36 186 62823.36 1173016.00
10/08/2016 18.46 17.48 18.52 17.91 175 55877.03 1001883.00
11/08/2016 17.74 17.43 18.04 17.81 93 83866.63 1485552.00
12/08/2016 17.91 17.87 18.76 18.32 426 91425.86 1677635.00
15/08/2016 18.20 17.88 18.36 18.34 79 60167.41 1085208.00
16/08/2016 18.56 17.85 18.56 17.87 86 11543.15 207479.00
17/08/2016 18.21 17.48 18.21 18.16 352 97861.42 1732704.00
18/08/2016 17.89 17.57 17.99 17.57 231 98678.64 1741505.00
19/08/2016 17.87 17.16 18.12 17.30 391 64355.63 1123340.00
22/08/2016 17.44 17.12 17.62 17.43 344 39532.75 689726.00
23/08/2016 17.50 17.16 17.59 17.16 84 30543.39 528248.00
24/08/2016 17.45 17.07 17.46 17.10 93 46376.92 799028.00
25/08/2016 17.41 17.04 17.42 17.21 65 11134.55 191569.00
26/08/2016 17.10 16.80 17.33 17.12 110 41269.33 704495.00
29/08/2016 17.23 16.89 17.23 17.02 69 27376.68 467339.00
30/08/2016 17.13 16.50 17.13 16.54 362 95511.93 1592570.00
31/08/2016 16.64 16.16 16.70 16.59 111 34731.61 571109.00
01/09/2016 16.54 16.26 16.54 16.26 239 43312.36 707476.00
02/09/2016 16.43 16.13 16.54 16.54 332 54242.60 886277.00
05/09/2016 16.54 16.54 16.98 16.64 223 152921.24 2546968.00
06/09/2016 16.75 16.62 17.07 17.07 193 156803.01 2615194.00
08/09/2016 16.81 16.80 16.92 16.80 236 43414.51 729918.00
09/09/2016 16.80 16.63 16.88 16.69 335 652749.99 10886524.00
12/09/2016 16.85 16.66 17.02 16.81 46 11747.46 197791.00
13/09/2016 16.70 16.20 16.75 16.30 314 111447.61 1827874.00
14/09/2016 16.33 16.30 16.47 16.31 147 18898.08 308516.00
15/09/2016 16.35 16.35 16.70 16.54 34 41780.09 685537.00
16/09/2016 16.45 16.40 16.64 16.63 33 20634.66 342692.00
19/09/2016 16.40 16.15 16.63 16.49 400 94490.41 1543982.00
20/09/2016 16.65 16.12 16.69 16.40 445 591254.61 9590022.00
21/09/2016 16.48 16.35 17.16 16.56 431 51178.05 847148.00
22/09/2016 16.81 16.47 17.12 16.78 305 60678.17 1020388.00
23/09/2016 16.65 16.58 17.02 16.93 156 22473.40 377095.00
26/09/2016 16.71 16.69 16.90 16.83 45 6742.02 113307.00
27/09/2016 16.65 16.57 16.80 16.61 46 12053.91 200422.00
28/09/2016 17.03 16.25 17.04 16.46 729 316977.03 5202549.00
29/09/2016 16.37 16.37 16.54 16.44 381 126463.93 2087459.00
30/09/2016 16.55 16.54 18.89 18.11 605 3462026.59 59498273.00
03/10/2016 18.11 17.25 18.11 17.76 317 405338.33 7171585.00
04/10/2016 17.76 17.62 18.37 17.88 156 172942.99 3087043.00
05/10/2016 17.73 17.63 18.16 17.98 184 40758.57 735180.00
06/10/2016 18.08 17.87 18.45 18.17 57 9908.72 179097.00
07/10/2016 18.54 18.12 18.55 18.21 42 6333.41 116064.00
10/10/2016 18.53 18.33 18.83 18.61 61 34527.31 639942.00
11/10/2016 19.06 18.60 19.06 18.66 299 66296.52 1237551.00
13/10/2016 18.83 18.60 18.83 18.74 95 30032.63 562578.00
14/10/2016 18.84 18.64 18.84 18.64 17 3268.86 61040.00
17/10/2016 18.74 18.36 19.06 18.60 296 37285.41 695995.00
18/10/2016 18.98 18.60 19.05 18.60 99 29521.87 555440.00
19/10/2016 19.04 18.64 19.58 18.80 211 40043.50 756770.00
20/10/2016 19.34 18.76 19.34 18.81 115 13688.34 258980.00
21/10/2016 19.08 18.60 19.08 18.60 139 54855.52 1026484.00
24/10/2016 18.99 17.92 18.99 18.36 102 1059416.30 19447230.00
25/10/2016 18.45 17.97 18.45 18.11 269 108995.97 1971884.00
26/10/2016 18.22 18.02 18.29 18.29 62 132695.19 2397905.00
27/10/2016 18.29 18.16 18.91 18.19 38 9500.12 174154.00
28/10/2016 18.41 18.38 18.63 18.63 7 1430.13 26595.00
31/10/2016 18.75 18.11 18.79 18.79 111 28704.66 531611.00
01/11/2016 18.61 18.01 18.70 18.01 75 34629.46 629413.00
03/11/2016 18.02 17.48 18.03 18.00 90 30951.99 550017.00
04/11/2016 18.11 17.67 18.11 18.01 59 24107.82 433561.00
07/11/2016 18.11 18.08 18.60 18.50 94 71812.71 1313883.00
08/11/2016 18.69 18.36 18.69 18.45 103 110732.55 2040976.00
09/11/2016 18.28 18.11 18.60 18.52 128 39737.05 732948.00
10/11/2016 18.49 18.18 18.76 18.46 163 171308.57 3181264.00
11/11/2016 18.69 17.68 18.69 17.68 52 13177.58 234601.00
14/11/2016 17.62 17.25 18.06 17.62 266 82538.65 1453234.00
16/11/2016 17.95 17.39 17.95 17.82 729 238830.90 4220650.00
17/11/2016 17.82 17.62 18.32 17.62 182 63436.27 1129123.00
18/11/2016 17.89 17.69 17.89 17.82 64 16855.05 299191.00
21/11/2016 17.96 17.40 18.08 17.72 118 18795.93 331789.00
22/11/2016 17.79 17.63 17.85 17.77 27 11543.15 204557.00
23/11/2016 17.76 17.75 17.77 17.77 9 1532.28 27221.00
24/11/2016 18.01 17.69 18.13 18.01 55 7252.78 130047.00
25/11/2016 18.06 18.00 18.30 18.22 74 9602.27 174569.00
28/11/2016 18.22 17.83 18.30 18.10 44 7661.38 138310.00
29/11/2016 18.14 18.01 18.44 18.09 24 3064.55 55474.00
30/11/2016 18.30 17.96 18.30 18.01 30 11951.76 215303.00
01/12/2016 18.06 17.43 18.06 17.68 110 29011.11 513315.00
02/12/2016 18.00 17.43 18.01 17.63 86 48317.80 856635.00
05/12/2016 17.69 17.31 17.69 17.60 81 159663.26 2783628.00
06/12/2016 17.63 17.45 17.64 17.54 20 4290.38 75286.00
07/12/2016 17.34 17.34 17.66 17.51 96 128200.51 2245311.00
08/12/2016 17.63 17.38 17.64 17.61 103 46989.83 820297.00
09/12/2016 17.43 17.35 17.59 17.59 69 28091.74 489903.00
12/12/2016 17.65 16.84 17.65 17.16 81 94694.72 1623338.00
13/12/2016 17.20 16.94 17.20 17.02 240 138926.45 2365845.00
14/12/2016 17.08 16.89 17.15 16.97 200 49237.17 834584.00
15/12/2016 17.37 16.78 17.37 17.01 145 50667.29 856103.00
16/12/2016 17.32 16.90 17.32 17.27 34 49135.01 847610.00
19/12/2016 16.97 16.64 17.12 16.64 204 119926.21 2007000.00
20/12/2016 16.82 16.64 16.82 16.64 100 41167.17 688432.00
21/12/2016 16.74 16.56 16.83 16.64 73 19408.84 323272.00
22/12/2016 16.79 16.63 16.79 16.64 16 3268.86 54417.00
23/12/2016 16.66 16.66 16.94 16.77 278 74979.42 1259359.00
26/12/2016 16.90 16.84 17.22 17.03 76 20941.12 357967.00
27/12/2016 17.24 16.86 17.24 16.86 74 15322.77 260621.00
28/12/2016 16.94 16.64 17.17 16.66 244 69871.83 1169348.00
29/12/2016 16.87 16.64 16.96 16.87 243 34833.76 587145.00
02/01/2017 17.03 16.40 17.13 16.64 101 20328.21 339065.00
03/01/2017 16.75 16.63 17.07 16.66 219 50565.14 845984.00
04/01/2017 16.82 16.72 17.04 16.76 484 118291.78 1998266.00
05/01/2017 16.94 16.64 16.94 16.73 221 85398.90 1426860.00
06/01/2017 16.85 16.62 16.89 16.79 389 190410.95 3187059.00
09/01/2017 16.92 16.69 16.92 16.78 232 68237.40 1146245.00
10/01/2017 16.88 16.64 16.88 16.64 322 471941.31 7862397.00
11/01/2017 16.69 16.64 16.78 16.71 164 412284.66 6883717.00
12/01/2017 17.02 17.02 17.99 17.30 477 740906.99 12793269.00
13/01/2017 17.48 17.23 17.67 17.67 445 134636.07 2359010.00
16/01/2017 17.77 17.64 18.10 18.03 183 88974.22 1592859.00
17/01/2017 17.81 17.79 18.16 17.90 174 132184.43 2370653.00
18/01/2017 17.85 17.48 17.87 17.48 179 28704.66 507501.00
19/01/2017 17.61 17.26 17.62 17.37 214 46376.92 809469.00
20/01/2017 17.43 17.24 17.57 17.31 73 17161.50 298582.00
23/01/2017 17.47 17.24 18.35 17.72 756 226572.69 3972571.00
24/01/2017 17.96 17.72 18.10 17.90 326 103581.92 1854107.00
26/01/2017 18.05 17.94 18.35 18.21 290 175292.49 3166299.00
27/01/2017 18.31 18.30 18.40 18.39 40 12053.91 220864.00
30/01/2017 18.54 17.81 18.54 17.81 184 74264.36 1339322.00
31/01/2017 18.05 17.81 18.29 18.10 160 33199.33 596420.00
01/02/2017 18.22 18.06 18.37 18.09 128 30339.08 550423.00
02/02/2017 18.40 17.82 18.40 18.01 111 25231.49 455402.00
03/02/2017 18.29 17.96 18.31 18.31 238 342208.52 6171840.00
06/02/2017 18.08 18.02 18.40 18.21 209 229739.39 4180687.00
07/02/2017 18.21 18.13 18.43 18.21 65 31871.36 582639.00
08/02/2017 18.44 18.15 18.51 18.51 114 175190.33 3213839.00
09/02/2017 18.36 18.36 18.91 18.70 192 58737.28 1096935.00
10/02/2017 18.98 18.80 19.58 19.58 119 35855.28 691799.00
13/02/2017 19.58 19.58 20.39 19.81 623 186631.34 3731292.00
14/02/2017 19.75 19.25 19.75 19.29 216 35344.52 686056.00
15/02/2017 19.55 19.18 19.58 19.58 346 76511.70 1488165.00
16/02/2017 19.62 19.09 19.63 19.38 130 20634.66 398171.00
17/02/2017 19.38 19.24 19.59 19.38 217 1594180.96 30900816.00
20/02/2017 19.73 19.39 20.46 20.46 186 33301.49 670233.00
21/02/2017 20.46 20.26 21.04 20.38 481 185609.82 3802495.00
22/02/2017 20.43 20.43 21.54 21.32 762 808633.63 17106897.00
23/02/2017 22.02 21.00 22.02 21.07 326 139743.66 2966188.00
24/02/2017 21.00 20.80 21.47 21.02 52 8274.30 173804.00
01/03/2017 21.04 20.70 21.48 20.95 102 26865.92 567629.00
02/03/2017 21.36 20.67 21.68 21.24 241 38613.38 820700.00
03/03/2017 21.49 20.86 21.68 21.02 206 30339.08 640714.00
06/03/2017 21.48 21.00 21.65 21.43 71 10419.48 222510.00
07/03/2017 21.43 21.32 23.00 21.54 151 1531561.91 32995827.00
08/03/2017 21.68 20.94 21.99 21.28 215 32382.12 697306.00
09/03/2017 21.28 20.36 21.33 20.65 178 34323.00 710009.00
10/03/2017 20.84 20.20 21.34 20.53 109 1036738.60 21285623.00
13/03/2017 20.76 20.56 21.53 21.36 295 43720.97 913646.00
14/03/2017 21.38 20.82 21.69 21.16 447 64049.18 1359867.00
15/03/2017 21.43 20.80 22.02 21.98 338 47602.74 1013919.00
16/03/2017 22.39 21.65 22.39 21.95 221 30236.93 663397.00
17/03/2017 22.02 20.95 22.51 22.51 288 117065.96 2600727.00
20/03/2017 22.52 22.52 23.45 22.76 317 86011.81 1967250.00
21/03/2017 22.97 22.37 23.29 22.56 339 56796.40 1283175.00
22/03/2017 22.64 21.94 22.64 22.14 161 42290.84 942768.00
23/03/2017 22.28 21.47 22.28 21.49 206 31054.15 674183.00
24/03/2017 21.61 21.35 21.95 21.54 303 39021.99 843540.00
27/03/2017 21.97 21.50 21.97 21.65 150 17161.50 371859.00
28/03/2017 21.77 21.40 21.93 21.74 244 28398.20 614899.00
29/03/2017 21.91 21.61 22.11 21.89 154 736514.46 16120436.00
30/03/2017 22.02 21.53 22.03 21.61 159 22677.70 490439.00
31/03/2017 21.67 21.46 21.98 21.74 369 75898.79 1640368.00
03/04/2017 21.94 21.50 21.94 21.54 264 41065.02 887028.00
04/04/2017 21.89 21.43 21.89 21.63 129 16242.14 350835.00
05/04/2017 21.57 21.24 21.83 21.39 375 87952.70 1887885.00
06/04/2017 21.39 20.91 21.61 21.18 311 53629.69 1141783.00
07/04/2017 21.24 21.05 21.43 21.15 39 5107.59 108214.00
10/04/2017 21.29 20.98 21.31 21.15 135 24720.74 521592.00
11/04/2017 21.14 20.99 21.15 21.00 69 12768.97 268980.00
12/04/2017 20.87 20.47 21.00 20.93 167 31871.36 661803.00
13/04/2017 20.69 20.30 20.75 20.75 161 48113.50 986117.00
17/04/2017 20.75 20.55 21.37 20.95 154 19510.99 407057.00
18/04/2017 20.62 20.61 21.17 21.14 215 26763.77 561479.00
19/04/2017 21.10 20.69 21.23 21.09 117 15424.92 322624.00
20/04/2017 21.10 20.79 21.10 21.08 144 16139.98 338032.00
24/04/2017 21.24 20.73 21.24 21.10 89 18080.87 377873.00
25/04/2017 21.15 20.96 21.33 21.33 47 7048.47 149492.00
26/04/2017 21.28 21.14 21.42 21.29 99 24925.04 530948.00
27/04/2017 21.49 21.03 21.62 21.29 109 14199.10 302381.00
28/04/2017 21.76 21.60 22.10 21.69 137 20400.00 443383.00
02/05/2017 21.74 21.55 22.08 22.08 146 34200.00 751344.00
03/05/2017 22.20 21.98 22.38 22.15 78 26600.00 588769.00
04/05/2017 22.52 22.02 22.52 22.25 31 4400.00 97541.00
05/05/2017 21.98 21.85 22.11 22.00 50 9200.00 202256.00
08/05/2017 22.03 21.56 22.45 22.20 150 21700.00 482829.00
09/05/2017 22.78 22.27 23.26 22.68 179 28000.00 639473.00
10/05/2017 22.77 22.55 22.85 22.85 174 37400.00 848647.00
11/05/2017 22.62 22.41 22.85 22.85 110 18300.00 414251.00
12/05/2017 22.90 22.62 23.18 22.90 270 121300.00 2776008.00
15/05/2017 23.00 22.41 23.13 22.70 182 36700.00 831399.00
16/05/2017 22.68 22.50 23.39 22.50 143 66500.00 1527209.00
17/05/2017 22.47 22.36 22.50 22.50 40 16100.00 361675.00
18/05/2017 20.05 19.80 20.82 20.82 168 104500.00 2110103.00
19/05/2017 21.06 20.15 21.77 20.15 258 52500.00 1075763.00
22/05/2017 20.20 18.29 20.20 19.68 221 32500.00 632997.00
23/05/2017 19.50 19.13 19.50 19.36 332 229800.00 4429959.00
24/05/2017 19.45 19.16 20.00 19.75 272 63300.00 1236613.00
25/05/2017 19.97 19.28 19.97 19.50 277 53600.00 1043119.00
26/05/2017 19.74 19.30 20.00 19.40 223 70000.00 1361031.00
29/05/2017 19.49 19.22 20.34 20.20 491 97500.00 1942562.00
30/05/2017 20.00 19.63 20.00 19.85 238 38600.00 765190.00
31/05/2017 19.80 19.43 20.15 20.15 360 130500.00 2589461.00
01/06/2017 20.20 19.56 20.20 19.61 321 54200.00 1068362.00
02/06/2017 19.65 19.26 19.65 19.32 292 75500.00 1460617.00
05/06/2017 19.32 19.16 19.43 19.35 175 22700.00 437889.00
06/06/2017 19.34 19.11 19.56 19.35 301 59600.00 1148050.00
07/06/2017 19.26 19.13 19.41 19.30 628 85200.00 1638336.00
08/06/2017 19.25 18.90 19.25 19.14 433 73600.00 1400606.00
09/06/2017 19.13 18.95 19.37 19.10 289 37500.00 714478.00
12/06/2017 19.20 19.01 19.79 19.60 922 179500.00 3508643.00
13/06/2017 19.51 19.07 19.51 19.35 352 82800.00 1596958.00
14/06/2017 19.49 19.10 19.50 19.28 257 50600.00 973560.00
16/06/2017 19.12 19.11 19.66 19.66 338 116900.00 2284762.00
