27/06/2016 129.60 129.60 129.60 129.60 1 10800.00 1399680.00
28/06/2016 127.60 127.60 128.30 128.30 2 28300.00 3619480.00
29/06/2016 127.73 127.70 127.73 127.70 5 500.00 63853.00
04/07/2016 129.75 129.75 129.75 129.75 1 100.00 12975.00
05/07/2016 129.32 129.03 129.40 129.40 3 1000.00 129249.00
07/07/2016 131.73 131.73 131.73 131.73 1 500.00 65865.00
08/07/2016 133.12 132.99 133.12 132.99 2 1300.00 172991.00
11/07/2016 134.45 134.45 134.45 134.45 1 100.00 13445.00
12/07/2016 133.39 133.39 133.39 133.39 1 300.00 40017.00
13/07/2016 133.58 133.58 134.25 134.25 2 1600.00 214733.00
15/07/2016 132.21 132.21 132.21 132.21 2 200.00 26442.00
18/07/2016 133.71 133.71 133.83 133.83 15 1500.00 200733.00
20/07/2016 133.36 133.36 133.36 133.36 1 1100.00 146696.00
21/07/2016 134.20 133.57 134.20 133.57 2 7900.00 1060117.00
25/07/2016 134.57 134.57 134.57 134.57 1 100.00 13457.00
28/07/2016 135.55 135.55 135.55 135.55 1 500.00 67775.00
01/08/2016 131.70 131.70 132.45 132.45 2 700.00 92490.00
04/08/2016 128.92 128.92 128.92 128.92 1 500.00 64460.00
05/08/2016 128.24 128.24 128.24 128.24 1 700.00 89768.00
09/08/2016 127.46 127.10 127.46 127.10 3 500.00 63622.00
11/08/2016 127.30 127.08 127.30 127.08 2 700.00 89088.00
12/08/2016 129.74 129.74 129.74 129.74 1 500.00 64870.00
15/08/2016 126.10 125.98 126.10 125.98 2 1600.00 201640.00
22/08/2016 123.76 123.45 123.76 123.45 2 1000.00 123481.00
23/08/2016 125.35 125.35 125.45 125.45 2 500.00 62705.00
24/08/2016 124.90 124.90 124.90 124.90 1 1000.00 124900.00
25/08/2016 128.75 128.75 128.75 128.75 1 1200.00 154500.00
29/08/2016 129.11 128.85 129.11 128.85 2 800.00 103132.00
30/08/2016 128.59 128.59 128.59 128.59 1 200.00 25718.00
31/08/2016 127.59 127.59 127.59 127.59 1 100.00 12759.00
01/09/2016 122.30 122.30 122.30 122.30 2 25300.00 3094190.00
06/09/2016 120.52 120.52 120.52 120.52 1 12200.00 1470344.00
03/10/2016 113.10 113.10 113.10 113.10 1 200.00 22620.00
21/11/2016 127.44 127.44 127.44 127.44 1 100.00 12744.00
02/12/2016 120.95 120.95 120.95 120.95 1 100.00 12095.00
07/12/2016 121.16 121.16 121.16 121.16 1 200.00 24232.00
31/01/2017 124.35 124.35 124.35 124.35 1 100.00 12435.00
14/02/2017 125.24 125.24 125.24 125.24 2 400.00 50096.00
24/02/2017 126.27 126.27 126.27 126.27 1 100.00 12627.00
22/03/2017 125.54 125.54 125.54 125.54 1 100.00 12554.00
30/05/2017 148.64 148.64 148.64 148.64 1 7300.00 1085072.00
05/06/2017 150.85 150.85 150.85 150.85 1 800.00 120680.00
08/06/2017 149.17 149.17 149.17 149.17 1 200.00 29834.00
12/06/2017 143.08 143.08 143.08 143.08 1 200.00 28616.00
