20/06/2016 11.90 11.66 11.92 11.80 176 23100.00 272515.00
21/06/2016 11.68 11.65 12.23 11.98 77 14900.00 178347.00
22/06/2016 12.11 11.64 12.20 12.20 187 57700.00 697317.00
23/06/2016 12.23 12.02 12.30 12.30 361 650600.00 7937664.00
24/06/2016 12.00 12.00 12.80 12.20 281 568300.00 6919781.00
27/06/2016 12.25 11.80 12.69 12.40 360 77600.00 952045.00
28/06/2016 12.65 12.29 12.80 12.29 437 389500.00 4833411.00
29/06/2016 12.36 12.33 12.81 12.45 156 32400.00 403820.00
30/06/2016 12.38 12.30 12.46 12.40 122 34800.00 430268.00
01/07/2016 12.27 12.27 12.55 12.47 272 401200.00 4989370.00
04/07/2016 12.36 12.25 12.55 12.47 70 71000.00 886385.00
05/07/2016 12.21 12.21 12.70 12.70 138 47200.00 593233.00
06/07/2016 12.69 12.56 12.69 12.63 90 16100.00 203514.00
07/07/2016 12.91 12.33 12.91 12.43 253 41600.00 526228.00
08/07/2016 12.41 12.24 12.56 12.24 89 16700.00 206043.00
11/07/2016 12.09 12.09 12.34 12.15 122 17500.00 213676.00
12/07/2016 12.13 12.10 12.32 12.32 87 31300.00 382884.00
13/07/2016 12.23 12.21 12.67 12.65 208 37000.00 462120.00
14/07/2016 12.94 12.71 13.26 13.10 184 398700.00 5089475.00
15/07/2016 13.02 12.90 13.47 13.42 133 338200.00 4399787.00
18/07/2016 13.47 13.39 14.08 13.79 380 46300.00 630032.00
19/07/2016 13.43 13.42 13.98 13.95 153 266900.00 3695019.00
20/07/2016 14.17 13.76 14.17 13.95 131 47000.00 654475.00
21/07/2016 13.77 13.75 14.12 13.98 184 63700.00 887244.00
22/07/2016 14.20 13.85 14.30 14.29 76 20000.00 284227.00
25/07/2016 14.29 13.95 14.29 14.24 83 21600.00 306636.00
26/07/2016 14.59 14.02 14.59 14.15 50 13300.00 189314.00
27/07/2016 14.55 14.16 14.55 14.45 20 4600.00 66373.00
28/07/2016 14.25 13.96 14.32 14.08 110 19600.00 277747.00
29/07/2016 13.93 13.62 14.13 14.05 176 433500.00 5924753.00
01/08/2016 14.41 14.13 14.41 14.30 84 22000.00 314269.00
02/08/2016 14.07 13.99 14.29 14.03 60 13500.00 190033.00
03/08/2016 14.27 13.89 14.27 13.89 48 10300.00 143903.00
04/08/2016 13.60 13.60 14.10 14.05 298 39700.00 549787.00
05/08/2016 13.98 13.86 14.30 14.30 203 34400.00 487461.00
08/08/2016 14.29 13.15 14.29 14.00 314 83800.00 1155310.00
09/08/2016 14.19 13.60 14.27 14.04 188 25400.00 354347.00
10/08/2016 14.05 13.81 14.14 13.89 114 19300.00 268432.00
11/08/2016 13.70 13.52 14.80 14.21 196 40900.00 582625.00
12/08/2016 14.45 13.40 14.45 13.84 136 33800.00 471370.00
15/08/2016 13.94 13.39 14.05 13.39 134 18700.00 255533.00
16/08/2016 13.63 12.79 13.66 12.93 351 56100.00 737612.00
17/08/2016 13.14 12.44 13.23 13.23 446 64100.00 821882.00
18/08/2016 13.50 12.89 13.50 13.41 144 25700.00 338157.00
19/08/2016 13.65 13.28 14.51 14.40 381 101300.00 1415446.00
