22/08/2016 2.61 2.61 2.80 2.76 9 7900.00 21713.00
23/08/2016 2.85 2.60 2.85 2.80 124 29900.00 80212.00
24/08/2016 2.80 2.64 2.80 2.64 133 89500.00 243280.00
25/08/2016 2.73 2.45 2.73 2.52 105 37400.00 94764.00
26/08/2016 2.65 2.50 2.84 2.60 482 107000.00 286789.00
29/08/2016 2.75 2.64 2.80 2.65 168 52100.00 140648.00
30/08/2016 2.77 2.70 3.02 2.90 640 134300.00 382350.00
31/08/2016 2.92 2.69 3.05 2.98 538 149300.00 438664.00
01/09/2016 3.01 2.69 3.02 2.78 271 122900.00 340879.00
02/09/2016 2.91 2.60 2.94 2.60 264 97200.00 262063.00
05/09/2016 2.65 2.60 2.77 2.60 265 147600.00 388895.00
06/09/2016 2.62 2.61 2.88 2.63 307 99400.00 267847.00
08/09/2016 2.65 2.62 2.83 2.62 213 82900.00 222193.00
09/09/2016 2.62 2.52 2.77 2.60 193 76200.00 200048.00
12/09/2016 2.62 2.48 2.67 2.61 1688 982900.00 2553119.00
13/09/2016 2.55 2.53 2.66 2.60 641 119900.00 311143.00
14/09/2016 2.57 2.40 2.64 2.55 670 142900.00 355460.00
15/09/2016 2.48 2.46 2.62 2.62 466 101400.00 259241.00
16/09/2016 2.55 2.43 2.75 2.67 2054 1370000.00 3617847.00
19/09/2016 2.63 2.63 2.84 2.80 124 513900.00 1391116.00
20/09/2016 2.75 2.70 2.97 2.97 282 2500000.00 6781808.00
21/09/2016 2.97 2.80 2.97 2.86 148 472600.00 1382898.00
22/09/2016 2.90 2.85 2.97 2.92 260 151600.00 441979.00
23/09/2016 2.86 2.86 2.92 2.91 428 185800.00 539140.00
26/09/2016 2.91 2.85 2.97 2.95 268 202300.00 593497.00
27/09/2016 2.95 2.87 2.95 2.95 401 91000.00 266999.00
28/09/2016 2.96 2.75 2.96 2.75 290 506600.00 1469554.00
29/09/2016 2.85 2.82 3.00 2.82 335 113500.00 328266.00
30/09/2016 2.80 2.77 2.85 2.80 118 104600.00 293007.00
03/10/2016 2.75 2.74 2.84 2.84 53 16400.00 45612.00
04/10/2016 2.77 2.77 2.96 2.90 209 118200.00 340070.00
05/10/2016 2.93 2.80 3.00 2.97 410 5625100.00 16385512.00
06/10/2016 2.97 2.90 3.05 2.97 510 3528900.00 10418926.00
07/10/2016 2.93 2.91 2.97 2.91 186 68200.00 199245.00
10/10/2016 2.86 2.86 3.00 2.92 254 896500.00 2656203.00
11/10/2016 2.91 2.84 3.00 2.96 1347 374500.00 1094209.00
13/10/2016 2.96 2.83 3.07 3.07 1398 673800.00 1998281.00
14/10/2016 3.04 2.91 3.09 2.91 828 211400.00 626908.00
17/10/2016 2.92 2.85 3.05 3.00 867 207400.00 617607.00
18/10/2016 3.03 2.95 3.14 3.05 990 468500.00 1428307.00
19/10/2016 3.14 2.96 3.14 3.02 1833 255000.00 765320.00
20/10/2016 2.98 2.94 3.05 2.96 639 171700.00 509517.00
21/10/2016 2.95 2.80 3.01 2.90 839 1397300.00 4078338.00
24/10/2016 2.94 2.84 2.95 2.95 120 69900.00 202662.00
25/10/2016 2.94 2.83 3.01 3.01 396 181700.00 537059.00
26/10/2016 2.99 2.92 3.06 3.06 177 73100.00 220822.00
27/10/2016 3.05 2.95 3.19 2.95 281 97800.00 293297.00
28/10/2016 3.00 2.89 3.00 2.98 89 69500.00 205103.00
31/10/2016 2.92 2.92 3.08 3.02 815 317800.00 945664.00
01/11/2016 3.03 2.95 3.10 3.00 232 658000.00 1983602.00
03/11/2016 3.02 2.98 3.20 3.12 156 167600.00 521827.00
04/11/2016 3.14 3.13 3.23 3.14 267 4829400.00 15166962.00
07/11/2016 3.22 3.14 3.28 3.14 58 50100.00 160165.00
08/11/2016 3.20 3.06 3.22 3.14 231 71100.00 224540.00
09/11/2016 3.14 3.09 3.17 3.09 21 4513200.00 14171071.00
10/11/2016 3.10 2.88 3.15 2.93 736 239300.00 720008.00
11/11/2016 2.93 2.74 2.97 2.85 469 230100.00 662665.00
14/11/2016 2.75 2.75 2.99 2.99 773 187900.00 537009.00
16/11/2016 2.87 2.77 3.06 2.90 1133 6248200.00 18721325.00
17/11/2016 2.94 2.91 3.05 2.91 427 216600.00 642607.00
18/11/2016 2.99 2.84 2.99 2.99 291 1069800.00 3105421.00
21/11/2016 3.04 3.00 3.13 3.00 72 17000.00 51883.00
22/11/2016 2.96 2.93 3.06 2.99 728 252700.00 751364.00
23/11/2016 2.99 2.78 3.04 2.84 526 457400.00 1354953.00
24/11/2016 2.81 2.80 2.97 2.93 727 1088600.00 3056912.00
25/11/2016 2.90 2.86 2.94 2.90 47 2320600.00 6660672.00
28/11/2016 2.87 2.87 2.95 2.92 262 155400.00 450398.00
29/11/2016 2.88 2.84 2.90 2.88 155 306500.00 882035.00
30/11/2016 2.88 2.71 2.89 2.71 1266 890400.00 2446857.00
01/12/2016 2.71 2.58 2.76 2.70 385 154400.00 413647.00
02/12/2016 2.65 2.64 2.76 2.64 377 214400.00 580177.00
05/12/2016 2.64 2.52 2.64 2.57 205 175000.00 453068.00
06/12/2016 2.55 2.50 2.62 2.50 193 189000.00 484169.00
07/12/2016 2.59 2.51 2.60 2.55 1511 644800.00 1646359.00
08/12/2016 2.54 2.42 2.55 2.45 560 136900.00 337631.00
09/12/2016 2.42 2.42 2.51 2.46 219 65800.00 161907.00
12/12/2016 2.43 2.31 2.49 2.35 208 64100.00 151384.00
13/12/2016 2.32 2.32 2.51 2.51 220 61900.00 148240.00
14/12/2016 2.51 2.30 2.51 2.30 229 119900.00 285277.00
15/12/2016 2.32 2.23 2.35 2.28 444 245600.00 560307.00
16/12/2016 2.26 2.25 2.39 2.27 694 788800.00 1808650.00
19/12/2016 2.27 2.24 2.37 2.28 262 3893200.00 8822297.00
20/12/2016 2.27 2.26 2.32 2.29 122 161600.00 368617.00
21/12/2016 2.30 2.22 2.35 2.22 798 223800.00 510494.00
22/12/2016 2.25 2.18 2.27 2.23 200 1101700.00 2446320.00
23/12/2016 2.28 2.24 2.39 2.30 99 59000.00 135856.00
26/12/2016 2.29 2.29 2.41 2.38 104 37500.00 89355.00
27/12/2016 2.36 2.34 2.44 2.35 100 34600.00 82146.00
28/12/2016 2.31 2.31 2.47 2.40 82 44300.00 105752.00
29/12/2016 2.40 2.34 2.44 2.40 246 191000.00 458099.00
02/01/2017 2.35 2.31 2.40 2.35 70 52100.00 122638.00
03/01/2017 2.35 2.25 2.39 2.28 396 133000.00 305986.00
04/01/2017 2.26 2.20 2.28 2.21 449 150600.00 334793.00
05/01/2017 2.21 2.20 2.24 2.23 717 365800.00 811447.00
06/01/2017 2.22 2.18 2.31 2.28 1078 311500.00 709683.00
09/01/2017 2.29 2.26 2.37 2.32 563 760100.00 1749690.00
10/01/2017 2.35 2.30 2.45 2.39 238 108600.00 256580.00
11/01/2017 2.40 2.31 2.43 2.36 245 2012100.00 4653671.00
12/01/2017 2.37 2.36 2.45 2.36 478 182100.00 436444.00
13/01/2017 2.35 2.31 2.39 2.34 229 161600.00 376349.00
16/01/2017 2.32 2.29 2.33 2.29 156 63000.00 145637.00
17/01/2017 2.31 2.27 2.32 2.28 387 313500.00 715721.00
18/01/2017 2.27 2.24 2.36 2.30 192 185100.00 427702.00
19/01/2017 2.30 2.27 2.31 2.28 285 241100.00 552221.00
20/01/2017 2.27 2.23 2.31 2.29 138 106900.00 242798.00
23/01/2017 2.30 2.20 2.34 2.21 284 199400.00 445239.00
24/01/2017 2.25 2.19 2.25 2.23 195 161000.00 357504.00
26/01/2017 2.25 2.21 2.26 2.22 299 133300.00 296780.00
27/01/2017 2.23 2.18 2.25 2.20 199 181000.00 399773.00
30/01/2017 2.20 2.10 2.21 2.15 332 175500.00 377421.00
31/01/2017 2.15 2.08 2.20 2.14 140 1888200.00 3967374.00
01/02/2017 2.10 2.10 2.20 2.20 251 1735900.00 3687338.00
02/02/2017 2.20 2.15 2.21 2.15 68 544300.00 1201190.00
03/02/2017 2.15 2.15 2.21 2.21 80 467500.00 1031618.00
06/02/2017 2.20 2.09 2.25 2.09 437 228600.00 488573.00
07/02/2017 2.11 2.00 2.11 2.06 761 2927500.00 6014651.00
08/02/2017 2.03 2.00 2.07 2.06 325 645600.00 1311327.00
09/02/2017 2.05 2.01 2.08 2.04 243 106600.00 217794.00
10/02/2017 2.03 2.01 2.14 2.08 415 188800.00 395041.00
13/02/2017 2.10 1.96 2.14 2.01 844 1971800.00 4007074.00
14/02/2017 2.00 1.96 2.02 2.00 465 395100.00 788078.00
15/02/2017 2.04 1.95 2.05 1.96 958 341100.00 674378.00
16/02/2017 2.01 1.99 2.09 2.06 1787 4886300.00 9798494.00
17/02/2017 2.07 2.02 2.33 2.30 1635 1505600.00 3280651.00
20/02/2017 2.35 2.35 2.68 2.55 3055 1655900.00 4218297.00
21/02/2017 2.64 2.33 2.64 2.62 3037 2406800.00 6026192.00
22/02/2017 2.60 2.49 2.69 2.66 1564 871600.00 2256255.00
23/02/2017 2.69 2.56 2.71 2.62 553 410600.00 1077124.00
24/02/2017 2.56 2.41 2.56 2.55 1009 1906100.00 4753626.00
01/03/2017 2.55 2.47 2.61 2.55 1075 382300.00 966759.00
02/03/2017 2.54 2.43 2.55 2.47 691 274200.00 680210.00
03/03/2017 2.53 2.44 2.60 2.60 1018 461000.00 1163425.00
06/03/2017 2.63 2.50 2.68 2.66 1073 459500.00 1190700.00
07/03/2017 2.67 2.60 2.74 2.61 1031 468000.00 1244429.00
08/03/2017 2.61 2.53 2.68 2.53 1197 1940500.00 5028529.00
09/03/2017 2.58 2.35 2.60 2.41 889 1271900.00 3091966.00
10/03/2017 2.42 2.23 2.42 2.24 1815 1089600.00 2485189.00
13/03/2017 2.28 2.11 2.31 2.19 2262 1124400.00 2468557.00
14/03/2017 2.20 2.14 2.26 2.18 1865 1312000.00 2856511.00
15/03/2017 2.23 2.03 2.24 2.10 1905 993200.00 2105832.00
16/03/2017 2.12 2.05 2.15 2.15 1376 476400.00 998451.00
17/03/2017 2.12 2.09 2.26 2.23 1059 681700.00 1486719.00
20/03/2017 2.17 2.11 2.24 2.15 499 259400.00 562372.00
21/03/2017 2.16 2.10 2.18 2.15 687 412700.00 884550.00
22/03/2017 2.16 2.11 2.19 2.15 444 156600.00 335803.00
23/03/2017 2.11 2.10 2.27 2.19 857 443200.00 962515.00
24/03/2017 2.22 2.15 2.24 2.15 962 339800.00 740946.00
27/03/2017 2.14 2.09 2.20 2.10 555 246700.00 522220.00
28/03/2017 2.10 2.10 2.14 2.10 687 257400.00 542127.00
29/03/2017 2.10 2.08 2.23 2.15 654 357600.00 771727.00
30/03/2017 2.12 2.12 2.23 2.18 309 218900.00 476783.00
31/03/2017 2.17 2.17 2.32 2.28 1662 651900.00 1468176.00
03/04/2017 2.30 2.21 2.31 2.21 265 250500.00 558845.00
04/04/2017 2.23 2.12 2.27 2.18 411 194200.00 422993.00
05/04/2017 2.21 2.12 2.21 2.16 863 742000.00 1599124.00
06/04/2017 2.18 2.15 2.29 2.25 845 574200.00 1282510.00
07/04/2017 2.26 2.21 2.30 2.23 538 522100.00 1167401.00
10/04/2017 2.26 2.22 2.36 2.33 1564 1057700.00 2420853.00
11/04/2017 2.33 2.22 2.38 2.23 724 723500.00 1640750.00
12/04/2017 2.20 2.18 2.24 2.20 307 184900.00 407158.00
13/04/2017 2.20 2.17 2.24 2.23 405 383300.00 846280.00
17/04/2017 2.23 2.21 2.27 2.21 724 278800.00 623572.00
18/04/2017 2.24 2.12 2.24 2.18 786 294200.00 636196.00
19/04/2017 2.19 2.10 2.22 2.13 861 570600.00 1226397.00
20/04/2017 2.15 2.12 2.19 2.19 909 193300.00 418771.00
24/04/2017 2.20 2.11 2.24 2.11 785 492300.00 1059037.00
25/04/2017 2.13 2.11 2.17 2.15 171 177800.00 382165.00
26/04/2017 2.16 2.12 2.18 2.16 160 205900.00 442813.00
27/04/2017 2.19 2.15 2.25 2.24 820 217400.00 478971.00
28/04/2017 2.25 2.22 2.35 2.35 873 732900.00 1695017.00
02/05/2017 2.35 2.32 2.43 2.33 998 439300.00 1044746.00
03/05/2017 2.32 2.30 2.52 2.41 2079 644900.00 1567978.00
04/05/2017 2.40 2.21 2.51 2.22 746 772000.00 1757144.00
05/05/2017 2.24 2.20 2.32 2.22 631 376900.00 850012.00
08/05/2017 2.24 2.24 2.34 2.32 362 593900.00 1370247.00
09/05/2017 2.33 2.32 2.42 2.34 797 437200.00 1039043.00
10/05/2017 2.35 2.26 2.40 2.26 1108 415400.00 957403.00
11/05/2017 2.34 2.32 2.51 2.39 1624 1328800.00 3197931.00
12/05/2017 2.45 2.27 2.47 2.28 1092 718100.00 1673132.00
15/05/2017 2.30 2.24 2.31 2.28 1639 514900.00 1175190.00
16/05/2017 2.27 2.24 2.30 2.28 1330 556400.00 1259228.00
17/05/2017 2.28 2.20 2.28 2.24 1780 1186700.00 2662345.00
18/05/2017 2.09 1.94 2.09 1.94 1018 590600.00 1179501.00
19/05/2017 2.03 1.94 2.04 1.99 1012 599200.00 1189540.00
22/05/2017 1.99 1.82 1.99 1.85 1165 610200.00 1152113.00
23/05/2017 1.86 1.81 1.90 1.86 1065 652700.00 1201895.00
24/05/2017 1.89 1.84 2.00 1.97 1111 5988400.00 11149360.00
25/05/2017 1.99 1.86 2.05 1.89 1797 1593400.00 3066291.00
26/05/2017 1.89 1.88 1.98 1.95 1131 685700.00 1319039.00
29/05/2017 1.93 1.90 1.97 1.96 780 312800.00 609373.00
30/05/2017 1.97 1.90 1.97 1.95 764 444000.00 859838.00
31/05/2017 1.94 1.90 1.97 1.95 728 893400.00 1728552.00
01/06/2017 1.95 1.93 1.99 1.97 914 861800.00 1690759.00
02/06/2017 1.98 1.92 2.01 1.99 1096 396900.00 783416.00
05/06/2017 2.00 1.95 2.00 1.96 508 258700.00 510943.00
06/06/2017 1.96 1.95 2.00 1.98 520 451000.00 887633.00
07/06/2017 1.98 1.96 2.04 2.00 674 229900.00 458016.00
08/06/2017 2.00 1.94 2.02 2.00 955 575500.00 1136067.00
09/06/2017 2.02 1.97 2.02 2.00 588 247900.00 493531.00
12/06/2017 2.01 1.94 2.01 1.98 815 636500.00 1253777.00
13/06/2017 1.98 1.96 1.98 1.98 202 155000.00 305711.00
14/06/2017 1.98 1.94 1.98 1.97 346 220100.00 431685.00
16/06/2017 1.97 1.89 1.97 1.92 500 364100.00 699693.00
