17/04/2017 12.00 12.00 12.00 12.00 2 200.00 2400.00
10/05/2017 10.00 10.00 10.04 10.04 13 2100.00 21072.00
12/05/2017 11.00 11.00 11.00 11.00 1 100.00 1100.00
15/05/2017 11.00 11.00 11.00 11.00 1 100.00 1100.00
29/05/2017 10.00 9.95 10.00 9.95 4 500.00 4985.00
30/05/2017 9.50 9.50 9.50 9.50 2 200.00 1900.00
31/05/2017 8.50 8.10 8.50 8.10 7 700.00 5780.00
01/06/2017 8.10 7.00 8.10 7.00 8 2900.00 21618.00
02/06/2017 6.00 5.90 6.15 6.03 29 4600.00 27454.00
05/06/2017 6.18 6.18 6.35 6.35 4 600.00 3729.00
06/06/2017 6.27 6.27 6.27 6.27 1 100.00 627.00
07/06/2017 6.40 6.40 6.40 6.40 3 300.00 1920.00
08/06/2017 6.50 6.50 6.69 6.69 2 200.00 1319.00
09/06/2017 5.98 5.98 5.98 5.98 2 200.00 1196.00
12/06/2017 6.00 6.00 6.00 6.00 3 400.00 2400.00
14/06/2017 5.98 5.95 5.98 5.95 2 200.00 1193.00
