10/02/2017 124.19 124.19 124.19 124.19 1 10.00 3869077.00
16/02/2017 123.73 123.73 123.73 123.73 1 10.00 3775124.00
21/02/2017 124.13 124.06 124.22 124.06 6 212.00 81515003.00
22/02/2017 124.26 124.02 124.29 124.16 18 1017.00 389274484.00
23/02/2017 124.39 124.39 124.56 124.50 9 1463.00 557664971.00
24/02/2017 124.97 124.84 125.11 125.06 8 188.00 72839330.00
01/03/2017 123.69 123.69 123.89 123.74 7 72.00 27601481.00
02/03/2017 123.48 123.44 123.64 123.52 9 85.00 32690815.00
03/03/2017 123.58 123.56 123.58 123.56 2 15.00 5813380.00
06/03/2017 123.66 123.58 123.73 123.58 4 32.00 12313706.00
07/03/2017 123.47 123.44 123.47 123.44 3 11.00 4234808.00
08/03/2017 122.88 122.88 123.14 123.05 10 122.00 47245180.00
09/03/2017 122.97 122.81 122.97 122.91 9 123.00 47965812.00
10/03/2017 122.94 122.73 123.11 123.02 5 29.00 11272613.00
13/03/2017 122.89 122.78 122.89 122.78 3 16.00 6197901.00
14/03/2017 122.72 122.72 123.03 122.89 4 109.00 42350554.00
15/03/2017 122.98 122.98 123.98 123.81 13 252.00 98391617.00
16/03/2017 123.59 123.59 123.73 123.64 5 22.00 8452595.00
17/03/2017 123.55 123.55 123.89 123.81 4 29.00 11160024.00
20/03/2017 123.88 123.88 124.00 124.00 4 55.00 21054945.00
21/03/2017 124.13 124.13 124.37 124.30 6 144.00 55040068.00
22/03/2017 124.67 124.50 124.73 124.55 5 105.00 40501926.00
23/03/2017 124.47 124.27 124.47 124.41 10 191.00 74267134.00
24/03/2017 124.50 124.50 124.61 124.56 5 114.00 44401464.00
27/03/2017 124.84 124.61 124.95 124.67 8 24.00 9355605.00
28/03/2017 124.58 124.24 124.69 124.24 9 21.00 8189748.00
29/03/2017 124.64 124.59 124.64 124.59 2 6.00 2334711.00
30/03/2017 124.47 124.22 124.47 124.22 6 67.00 26041918.00
31/03/2017 124.47 124.47 124.47 124.47 1 8.00 3154941.00
03/04/2017 125.09 125.09 125.11 125.11 2 2.00 779805.00
04/04/2017 125.11 125.02 125.11 125.02 4 23.00 8982385.00
05/04/2017 124.83 124.72 125.17 125.17 6 209.00 80767703.00
06/04/2017 125.05 124.89 125.19 125.03 8 150.00 58486818.00
07/04/2017 125.42 124.75 125.63 124.83 15 315.00 123491160.00
10/04/2017 124.91 124.84 124.92 124.88 5 340.00 133367884.00
11/04/2017 125.19 125.19 125.53 125.47 9 222.00 87491863.00
12/04/2017 125.64 125.36 125.64 125.36 3 20.00 7901618.00
13/04/2017 125.95 125.95 126.14 126.02 6 58.00 22862070.00
17/04/2017 126.14 125.83 126.14 125.97 5 45.00 17599373.00
18/04/2017 126.20 126.11 126.64 126.47 11 212.00 82800001.00
19/04/2017 126.17 126.10 126.32 126.14 15 299.00 118075973.00
20/04/2017 126.31 125.88 126.31 125.97 9 167.00 66165295.00
24/04/2017 125.83 125.69 125.84 125.77 4 16.00 6287961.00
25/04/2017 125.52 125.42 125.52 125.42 2 6.00 2376864.00
26/04/2017 125.47 125.41 125.62 125.56 4 28.00 11198243.00
27/04/2017 125.56 125.41 125.80 125.41 7 28.00 11176717.00
28/04/2017 125.53 125.30 125.80 125.80 9 38.00 15262253.00
02/05/2017 125.31 125.30 125.83 125.83 6 26.00 10356665.00
03/05/2017 125.69 125.39 125.69 125.39 5 26.00 10271051.00
04/05/2017 125.11 125.09 125.23 125.19 7 98.00 38997766.00
05/05/2017 125.28 125.17 125.34 125.17 4 40.00 15912779.00
08/05/2017 125.16 125.03 125.16 125.03 2 15.00 5991904.00
09/05/2017 124.83 124.77 124.88 124.84 6 157.00 62420918.00
10/05/2017 124.83 124.80 124.86 124.83 6 597.00 235485361.00
11/05/2017 125.03 124.88 125.03 124.91 4 81.00 31924289.00
12/05/2017 125.28 125.28 125.56 125.45 9 229.00 89851275.00
15/05/2017 125.42 125.41 125.52 125.52 4 14.00 5446195.00
16/05/2017 125.66 125.47 125.72 125.61 6 42.00 16302016.00
17/05/2017 125.88 125.88 126.47 126.47 12 122.00 47823223.00
18/05/2017 126.66 126.25 126.66 126.59 18 1481.00 633807547.00
19/05/2017 126.30 126.08 126.33 126.08 4 16.00 6642688.00
22/05/2017 126.25 126.20 126.25 126.20 4 44.00 18252117.00
23/05/2017 126.25 125.80 126.33 125.80 10 154.00 63464907.00
24/05/2017 126.08 126.08 126.19 126.19 3 13.00 5349949.00
25/05/2017 126.15 126.15 126.25 126.25 5 661.00 273918217.00
26/05/2017 126.25 126.00 126.25 126.00 4 600.00 246949131.00
29/05/2017 126.22 126.22 126.22 126.22 2 13.00 5367046.00
30/05/2017 126.34 126.34 126.38 126.38 3 74.00 30539333.00
