10/05/2017 12.00 12.00 12.00 12.00 2 200.00 2400.00
26/05/2017 10.00 9.98 10.00 9.99 15 1600.00 15994.00
29/05/2017 10.00 10.00 10.00 10.00 2 200.00 2000.00
31/05/2017 9.00 8.90 9.00 8.90 7 2100.00 18800.00
01/06/2017 8.00 8.00 8.00 8.00 1 100.00 800.00
02/06/2017 8.00 8.00 8.00 8.00 2 500.00 4000.00
05/06/2017 8.00 7.60 8.00 7.60 13 4100.00 31840.00
06/06/2017 7.66 7.60 7.66 7.60 2 2200.00 16840.00
14/06/2017 7.52 7.50 7.52 7.50 6 1100.00 8259.00
16/06/2017 7.52 7.10 7.52 7.10 4 900.00 6593.00
