20/06/2016 16.88 16.58 17.10 16.84 1620 317299.88 5337662.00
21/06/2016 16.86 16.62 17.00 17.00 1964 402367.45 6773537.00
22/06/2016 17.00 16.88 17.18 16.96 2043 509526.22 8668264.00
23/06/2016 17.18 17.01 17.48 17.37 2722 502052.59 8682264.00
24/06/2016 16.94 16.76 17.28 17.05 2468 443252.65 7540063.00
27/06/2016 17.06 16.69 17.16 16.84 3291 530848.08 8943233.00
28/06/2016 16.97 16.90 17.28 17.09 2487 459298.99 7841227.00
29/06/2016 17.29 17.11 17.49 17.30 1645 365438.89 6328615.00
30/06/2016 17.35 17.13 17.92 17.47 3382 874525.49 15384982.00
01/07/2016 17.68 17.41 18.12 17.88 4670 1101921.90 19496596.00
04/07/2016 17.89 17.86 18.68 18.15 2439 601408.00 11034468.00
05/07/2016 18.12 17.97 18.64 18.46 6072 1114890.85 20509456.00
06/07/2016 18.46 17.97 18.54 18.02 5889 1101702.08 19974029.00
07/07/2016 18.12 17.83 18.34 17.83 4512 871448.12 15765896.00
08/07/2016 18.10 17.92 18.30 18.15 5272 1056750.35 19178100.00
11/07/2016 18.15 18.15 18.99 18.74 3793 1398449.44 26029364.00
12/07/2016 18.85 18.59 19.05 18.69 5199 1907975.68 35683228.00
13/07/2016 18.87 18.70 19.28 18.93 8258 1911272.86 36430872.00
14/07/2016 19.24 18.39 19.24 18.39 3018 971682.76 18082796.00
15/07/2016 18.44 18.31 18.65 18.36 4062 1904128.96 35158156.00
18/07/2016 18.43 18.43 18.89 18.75 2116 547883.57 10273064.00
19/07/2016 18.82 18.62 19.72 19.38 5407 1358993.04 26307155.00
20/07/2016 19.50 19.39 20.01 19.84 3678 2532134.32 50376669.00
21/07/2016 20.01 19.32 20.24 19.52 4131 1008611.33 19816379.00
22/07/2016 19.69 19.33 19.81 19.47 3917 1379325.73 27040650.00
25/07/2016 19.61 19.48 19.90 19.64 3736 1351629.33 26593776.00
26/07/2016 19.58 19.58 20.37 20.33 3670 1249306.43 25173741.00
27/07/2016 20.33 20.33 21.23 21.23 7471 2469597.55 51257715.00
28/07/2016 21.25 21.13 21.83 21.67 9247 2048546.00 44062014.00
29/07/2016 21.70 21.63 23.85 23.56 4869 1567045.92 36031803.00
01/08/2016 23.69 22.29 23.70 22.65 4774 1410758.97 32026841.00
02/08/2016 22.17 21.08 22.37 21.58 8737 2099872.30 45315702.00
03/08/2016 21.32 20.92 21.56 21.35 8637 2358701.96 50105108.00
04/08/2016 21.57 19.43 21.62 19.58 14544 3806059.77 77247996.00
05/08/2016 19.84 19.56 20.67 20.20 6982 1618811.85 32335614.00
08/08/2016 20.39 20.17 22.32 21.36 4769 1271947.15 27047807.00
09/08/2016 21.36 21.17 21.84 21.84 3993 915630.50 19939275.00
10/08/2016 21.80 21.74 22.73 21.98 5143 1113132.35 24631103.00
11/08/2016 22.25 21.49 22.25 21.84 2561 528869.76 11518831.00
12/08/2016 21.81 21.23 21.99 21.24 4143 749671.78 16245845.00
15/08/2016 21.24 20.77 21.43 21.00 3468 878042.49 18457934.00
16/08/2016 21.02 20.94 21.71 21.37 4097 814516.57 17415666.00
17/08/2016 21.47 20.92 22.19 21.61 6140 1251174.84 27133879.00
18/08/2016 21.79 21.47 22.39 22.37 2377 553010.27 12309435.00
19/08/2016 22.36 21.94 22.51 21.95 2651 578542.08 12784531.00
22/08/2016 21.95 21.19 21.95 21.47 2279 710492.14 15309302.00
23/08/2016 21.66 20.98 21.66 21.07 5179 1092503.70 23072292.00
24/08/2016 21.19 20.59 21.20 20.92 3716 700408.15 14632532.00
25/08/2016 20.93 20.85 21.31 21.27 3502 593775.34 12549237.00
26/08/2016 21.07 20.77 21.65 20.86 4689 874839.72 18471084.00
29/08/2016 21.03 20.88 21.40 21.29 1473 250061.49 5316035.00
30/08/2016 21.15 21.09 21.35 21.09 1399 259501.81 5510209.00
31/08/2016 21.23 20.75 21.69 21.62 2824 836542.01 17857242.00
01/09/2016 20.84 19.76 20.84 20.60 4655 1191519.90 24379784.00
02/09/2016 20.65 20.65 21.32 21.21 2736 556443.12 11784018.00
05/09/2016 21.34 20.75 21.51 20.77 733 194706.81 4094606.00
06/09/2016 20.86 20.66 21.80 21.69 4071 837507.50 17930621.00
08/09/2016 21.76 21.08 22.02 21.17 3848 976966.93 20802600.00
09/09/2016 21.19 20.50 21.28 20.50 3364 901229.74 18742918.00
12/09/2016 20.51 20.32 20.96 20.96 3408 648057.23 13462453.00
13/09/2016 20.96 20.15 21.14 20.51 3439 813584.85 16816283.00
14/09/2016 20.55 20.46 20.94 20.70 2713 499157.48 10325610.00
15/09/2016 20.66 20.66 21.19 20.97 2829 669727.08 14044679.00
16/09/2016 20.99 20.73 21.24 21.06 4604 1171781.02 24687918.00
19/09/2016 20.89 20.89 21.53 21.23 3025 557944.99 11888911.00
20/09/2016 21.26 20.53 21.54 20.87 4866 1525578.86 32138896.00
21/09/2016 20.88 20.62 21.08 20.70 3014 766383.19 15927815.00
22/09/2016 20.97 20.55 21.24 20.55 1861 398532.14 8276374.00
23/09/2016 20.65 20.28 20.77 20.33 3262 785800.23 16074112.00
26/09/2016 20.36 20.05 20.40 20.09 1397 364310.94 7350187.00
27/09/2016 20.16 19.77 20.48 20.34 3248 888356.56 17965026.00
28/09/2016 20.34 20.01 20.50 20.05 4413 797386.09 16080316.00
29/09/2016 20.16 19.90 20.38 19.90 2640 478345.84 9629762.00
30/09/2016 19.86 19.40 19.86 19.55 3977 1072443.00 21053300.00
03/10/2016 19.55 19.40 19.72 19.47 2166 428676.83 8345800.00
04/10/2016 19.57 19.35 19.57 19.49 1969 479847.72 9353874.00
05/10/2016 19.47 19.40 19.71 19.41 2081 557623.15 10856155.00
06/10/2016 19.44 19.42 19.57 19.45 4082 951113.30 18528240.00
07/10/2016 19.57 19.39 19.83 19.48 3851 1105698.71 21704127.00
10/10/2016 19.51 19.51 19.89 19.81 4003 802642.64 15884334.00
11/10/2016 19.81 19.67 19.93 19.85 3785 604932.08 11988787.00
13/10/2016 19.90 19.78 20.43 19.94 4058 849522.48 16948469.00
14/10/2016 20.04 19.62 20.18 19.62 3597 801569.88 15965558.00
17/10/2016 19.74 19.21 19.77 19.57 5265 1031463.39 20076080.00
18/10/2016 19.56 19.12 19.56 19.12 5991 1631246.19 31443931.00
19/10/2016 19.45 19.23 19.85 19.47 11328 6752625.50 131484548.00
20/10/2016 19.48 19.19 20.01 19.94 15174 6880928.17 135027866.00
21/10/2016 20.00 19.79 20.09 20.00 7016 2789617.67 55668656.00
24/10/2016 20.11 19.58 20.21 19.86 10452 2335194.47 46385471.00
25/10/2016 19.80 19.59 19.88 19.80 7723 3368052.46 66491875.00
26/10/2016 19.86 19.67 19.91 19.67 8123 2281985.35 45141673.00
27/10/2016 19.75 19.68 19.86 19.84 6407 2461244.34 48727448.00
28/10/2016 19.86 19.24 20.22 19.35 9871 4111263.93 80446352.00
31/10/2016 19.37 18.90 19.47 19.35 9076 3547311.47 68104967.00
01/11/2016 19.42 19.05 19.54 19.10 8342 3812284.37 73384450.00
03/11/2016 19.10 19.05 19.41 19.11 8965 1897613.71 36526306.00
04/11/2016 19.25 19.10 19.36 19.28 4821 2137591.20 41032691.00
07/11/2016 19.37 19.15 19.53 19.47 5325 1107736.96 21471113.00
08/11/2016 19.45 19.27 19.53 19.47 6899 1426669.95 27721477.00
09/11/2016 19.16 18.93 19.37 18.93 3866 1106449.64 21083626.00
10/11/2016 19.07 18.04 19.11 18.19 7566 2723428.07 50656150.00
11/11/2016 18.19 17.10 18.27 17.39 12566 3314950.60 58048870.00
14/11/2016 17.41 17.27 17.88 17.38 8914 1745281.10 30440550.00
16/11/2016 17.20 16.78 17.48 17.32 19625 6932206.33 119760753.00
17/11/2016 17.43 17.32 17.84 17.62 6599 1966914.31 34580759.00
18/11/2016 17.72 17.53 17.77 17.58 6157 2971451.30 52237555.00
21/11/2016 17.82 17.69 18.03 17.97 4880 1619338.51 28994369.00
22/11/2016 18.23 17.55 18.41 17.59 8252 4456265.10 79419504.00
23/11/2016 17.78 17.59 17.78 17.72 4555 2111415.74 37345042.00
24/11/2016 17.79 17.76 18.16 18.10 2942 972780.56 17532570.00
25/11/2016 18.06 17.89 18.20 18.10 8167 1616423.28 29319720.00
28/11/2016 18.10 17.84 18.21 17.91 6086 1477932.43 26517345.00
29/11/2016 17.94 17.55 18.14 17.56 6965 1882325.69 33626800.00
30/11/2016 17.62 17.43 18.08 17.75 12738 14384338.03 255645715.00
01/12/2016 17.89 17.15 17.99 17.32 6223 1732651.06 30432616.00
02/12/2016 17.40 17.17 17.99 17.79 10455 2054054.33 36453065.00
05/12/2016 17.88 17.86 18.14 17.94 4893 1445530.81 25994178.00
06/12/2016 17.89 17.61 18.01 17.70 7775 1858703.86 33046206.00
07/12/2016 17.74 17.46 17.94 17.61 7864 1870305.73 32947517.00
08/12/2016 17.71 17.56 18.35 18.14 11670 3156232.38 56418500.00
09/12/2016 18.08 18.03 18.61 18.52 11445 2979173.14 54988868.00
12/12/2016 18.52 18.24 18.95 18.75 6228 8004247.94 149829359.00
13/12/2016 18.85 18.56 18.88 18.65 7844 3221140.16 60329052.00
14/12/2016 18.66 18.47 18.74 18.65 5201 2191186.39 40834481.00
15/12/2016 18.76 18.49 18.84 18.63 7898 3406770.14 63478713.00
16/12/2016 18.72 18.63 19.16 18.85 6469 3801338.38 71877064.00
19/12/2016 19.00 19.00 19.52 19.15 6987 2622755.20 50280141.00
20/12/2016 19.26 18.96 19.33 19.08 5732 1737668.08 33150062.00
21/12/2016 19.18 19.03 19.46 19.46 3591 1335783.35 25813401.00
22/12/2016 19.51 19.33 19.77 19.76 3263 863242.15 16976934.00
23/12/2016 19.80 19.40 19.87 19.61 4188 924282.64 18132517.00
26/12/2016 19.65 19.07 19.68 19.31 1104 309696.87 6011330.00
27/12/2016 19.38 19.08 19.47 19.43 2480 473795.45 9149653.00
28/12/2016 19.44 19.25 19.70 19.66 5519 1036434.09 20222401.00
29/12/2016 19.66 19.55 19.94 19.85 3049 856134.69 16918089.00
02/01/2017 19.82 19.71 20.47 20.47 1981 598175.90 12066849.00
03/01/2017 20.50 20.15 20.56 20.51 5729 1351147.99 27501844.00
04/01/2017 20.48 20.16 20.52 20.34 6901 1226453.97 24922296.00
05/01/2017 20.30 20.04 20.53 20.42 5661 1117960.77 22738843.00
06/01/2017 20.34 20.26 20.48 20.26 2626 600057.29 12218407.00
09/01/2017 20.34 19.64 20.34 19.90 5934 1223527.38 24360779.00
10/01/2017 19.98 19.76 20.44 20.44 8012 2255885.13 45616334.00
11/01/2017 20.44 20.15 20.82 20.15 7539 1422849.66 29041976.00
12/01/2017 20.66 20.31 20.70 20.65 10506 2054890.50 42153042.00
13/01/2017 20.66 20.47 21.06 20.99 9495 1930301.01 40334653.00
16/01/2017 21.09 20.49 21.19 20.95 4705 1102805.17 23072101.00
17/01/2017 21.05 20.82 21.05 21.00 5119 1031208.02 21607340.00
18/01/2017 21.00 20.95 21.24 21.15 2695 856448.26 18118900.00
19/01/2017 21.15 20.77 21.32 20.83 4305 918429.44 19248371.00
20/01/2017 20.81 20.81 21.20 21.05 4735 1091307.81 22961099.00
23/01/2017 21.05 20.62 21.05 20.77 6289 2310131.74 47941653.00
24/01/2017 20.79 20.73 21.03 20.82 3661 1990609.85 41556114.00
26/01/2017 20.89 20.87 21.03 20.90 3704 1666070.93 34884492.00
27/01/2017 20.95 20.83 21.22 21.06 4893 1426298.87 30012929.00
30/01/2017 21.06 20.42 21.09 20.72 4914 1032880.36 21278520.00
31/01/2017 20.72 20.34 20.81 20.53 4682 1046781.70 21540324.00
01/02/2017 20.67 20.52 20.87 20.81 4910 1577854.88 32655620.00
02/02/2017 20.79 20.59 21.14 20.98 3974 1099983.09 23020971.00
03/02/2017 21.15 20.98 21.18 21.02 3757 738966.22 15575462.00
06/02/2017 21.00 20.59 21.00 20.76 5724 1109808.10 23005675.00
07/02/2017 20.80 20.57 20.88 20.62 3011 781924.51 16131543.00
08/02/2017 20.62 20.05 20.74 20.36 4906 1201473.37 24508901.00
09/02/2017 20.30 20.19 20.51 20.39 4696 1472288.28 29885826.00
10/02/2017 20.37 20.13 20.51 20.37 8105 1540645.26 31329801.00
13/02/2017 20.37 20.32 21.05 20.91 9150 1756168.37 36247860.00
14/02/2017 21.04 20.47 21.14 20.52 7947 1465494.39 30223387.00
15/02/2017 20.57 20.52 20.77 20.61 7754 1433719.88 29591417.00
16/02/2017 20.61 20.57 21.01 20.88 7939 1340800.38 27823189.00
17/02/2017 20.88 20.78 21.49 21.12 10234 1772891.79 37366462.00
20/02/2017 21.33 21.18 21.43 21.18 3868 773667.32 16451163.00
21/02/2017 21.33 20.90 21.35 21.10 5454 1026400.04 21622051.00
22/02/2017 21.17 21.13 21.43 21.23 5091 1192275.48 25322484.00
23/02/2017 21.32 20.79 21.41 21.10 7350 1345817.40 28474727.00
24/02/2017 20.95 20.80 21.19 21.06 3126 704892.24 14869993.00
01/03/2017 21.06 21.06 21.83 21.83 9794 1755436.72 37918548.00
02/03/2017 21.87 21.62 22.15 21.62 9752 2321524.56 50730504.00
03/03/2017 21.59 21.58 22.01 21.88 5584 1084513.93 23690316.00
06/03/2017 21.91 21.66 22.26 22.00 6845 1352715.82 29577451.00
07/03/2017 21.91 21.91 22.24 22.14 5247 940797.02 20819201.00
08/03/2017 22.23 21.40 22.23 21.55 10706 2824586.01 62072262.00
09/03/2017 21.33 21.08 21.70 21.15 4692 3776148.73 80121027.00
10/03/2017 21.17 21.17 21.94 21.94 6985 1333692.92 28942341.00
13/03/2017 21.68 21.49 21.80 21.73 2741 485815.42 10541988.00
14/03/2017 21.74 21.19 21.74 21.28 5852 1151721.18 24606208.00
15/03/2017 21.42 21.14 21.62 21.48 6445 1382190.84 29660964.00
16/03/2017 21.34 20.66 21.53 20.67 7097 1889224.10 39341125.00
17/03/2017 20.69 20.65 20.87 20.66 6657 2035240.48 42208846.00
20/03/2017 20.66 20.47 21.01 20.77 4298 717330.29 14855370.00
21/03/2017 20.89 20.40 21.15 20.95 6768 1186422.28 24731381.00
22/03/2017 20.97 20.80 21.17 20.91 7181 1509393.37 31656948.00
23/03/2017 20.85 20.61 20.88 20.71 8261 1407380.49 29141789.00
24/03/2017 20.63 20.63 21.05 21.01 3202 738443.61 15468694.00
27/03/2017 20.97 20.79 21.10 21.10 3755 640402.55 13426589.00
28/03/2017 21.11 21.11 21.47 21.46 3658 714299.17 15250349.00
29/03/2017 21.50 21.43 21.96 21.76 4909 969540.40 21106107.00
30/03/2017 21.80 21.67 21.89 21.81 2979 764155.87 16673316.00
31/03/2017 21.79 21.73 22.31 21.96 5704 1301291.29 28680731.00
03/04/2017 22.01 21.93 22.42 22.15 6765 1312684.12 29080940.00
04/04/2017 22.25 22.01 22.30 22.17 3873 874739.50 19317634.00
05/04/2017 22.20 21.94 22.24 21.99 6350 2313058.33 50901084.00
06/04/2017 22.05 21.38 22.05 21.62 5177 1055352.47 22895781.00
07/04/2017 21.48 21.34 21.83 21.50 5345 1023159.87 22011270.00
10/04/2017 21.57 21.37 21.90 21.74 5968 1136983.67 24747173.00
11/04/2017 21.74 21.59 22.17 22.05 6491 1302859.11 28544569.00
12/04/2017 22.03 21.83 22.66 22.19 7339 3021295.26 67195221.00
13/04/2017 22.41 21.87 22.41 21.90 5453 1396092.19 30752419.00
17/04/2017 22.18 22.03 22.29 22.03 3479 839097.71 18608854.00
18/04/2017 22.28 22.08 22.45 22.30 5259 931181.06 20751373.00
19/04/2017 22.58 22.29 22.67 22.63 7308 1446889.58 32617102.00
20/04/2017 22.63 22.45 22.82 22.45 4076 1279968.92 28995416.00
24/04/2017 22.45 21.53 22.77 21.63 9666 2316403.02 50909642.00
25/04/2017 21.73 21.65 22.18 22.15 12088 2449458.75 53753389.00
26/04/2017 22.21 21.87 22.34 22.05 6224 1264290.71 27892523.00
27/04/2017 22.15 22.01 22.32 22.29 3728 1142732.34 25315982.00
28/04/2017 22.37 22.02 22.55 22.02 4919 1337664.73 29746215.00
02/05/2017 22.19 22.12 22.66 22.43 10150 2167564.55 48687083.00
03/05/2017 22.52 22.06 22.55 22.06 7369 1647779.69 36802937.00
04/05/2017 22.20 21.57 22.28 21.81 7697 1821912.32 39995348.00
05/05/2017 22.02 21.62 22.02 22.02 8934 1653464.59 36143063.00
08/05/2017 22.18 21.99 22.65 22.51 5383 1858857.57 41686262.00
09/05/2017 22.58 22.52 23.39 23.10 13172 3869256.34 89109479.00
10/05/2017 23.11 22.73 23.49 23.28 10413 1983932.70 46209239.00
11/05/2017 23.28 23.12 23.49 23.42 5370 1707112.01 39927351.00
12/05/2017 23.48 23.40 23.78 23.49 6614 992324.00 23415590.00
15/05/2017 23.54 23.09 23.67 23.47 4280 968514.77 22588388.00
16/05/2017 23.68 23.62 24.38 23.88 16487 3190846.39 76526982.00
17/05/2017 23.91 23.55 24.11 23.66 10752 2646299.52 63210616.00
18/05/2017 21.15 21.15 22.51 22.31 18787 5117759.55 112595104.00
19/05/2017 22.70 22.65 23.37 22.90 13564 2130875.54 49001403.00
22/05/2017 22.90 22.41 23.01 22.41 14522 2737551.23 61953209.00
23/05/2017 22.58 22.48 22.90 22.65 7526 1765500.00 40075863.00
24/05/2017 22.82 22.68 23.00 22.69 10465 2133900.00 48749510.00
25/05/2017 22.85 22.43 23.00 22.53 5737 1622600.00 36710681.00
26/05/2017 22.60 22.60 23.34 23.11 10769 3005100.00 69196163.00
29/05/2017 23.21 23.00 23.27 23.09 2350 589300.00 13660384.00
30/05/2017 23.22 23.01 23.54 23.45 15983 3478600.00 81130258.00
31/05/2017 23.56 22.70 23.84 22.70 32942 23072500.00 527898849.00
01/06/2017 22.89 22.37 23.16 22.40 7557 1982300.00 45070181.00
02/06/2017 22.61 21.77 22.64 22.34 7099 1678600.00 37335962.00
05/06/2017 22.34 21.80 22.34 21.95 9105 2059800.00 45217376.00
06/06/2017 21.95 21.66 22.57 22.40 10340 3499300.00 77613390.00
07/06/2017 22.56 22.07 22.56 22.38 7947 1712500.00 38182840.00
08/06/2017 22.31 21.91 22.31 22.00 10151 2509000.00 55278972.00
09/06/2017 22.11 21.54 22.15 21.85 10476 2751100.00 60291800.00
12/06/2017 21.90 21.85 22.39 22.07 8355 1775800.00 39265504.00
13/06/2017 22.11 21.74 22.30 21.85 5793 1095700.00 24031488.00
14/06/2017 22.00 21.64 22.05 21.78 9294 2013000.00 43870683.00
16/06/2017 21.76 21.72 22.07 21.80 5835 2497200.00 54547720.00
