20/06/2016 1.99 1.98 2.05 2.05 2212 965888.00 1952988.00
21/06/2016 2.05 2.02 2.07 2.07 1146 370720.00 758856.00
22/06/2016 2.08 2.06 2.19 2.12 1690 966224.00 2066129.00
23/06/2016 2.16 2.14 2.23 2.15 2808 1677648.00 3660005.00
24/06/2016 2.10 1.99 2.15 2.11 2661 2128224.00 4459074.00
27/06/2016 2.09 1.94 2.13 1.95 2421 1778672.00 3517964.00
28/06/2016 1.99 1.97 2.05 2.03 1698 1328208.00 2676772.00
29/06/2016 2.04 1.97 2.07 2.02 2246 885808.00 1788585.00
30/06/2016 2.03 2.00 2.13 2.13 1446 1353632.00 2819752.00
01/07/2016 2.12 2.11 2.18 2.12 2838 904736.00 1923943.00
04/07/2016 2.12 2.10 2.14 2.10 1066 494816.00 1045528.00
05/07/2016 2.10 2.07 2.17 2.14 1678 604912.00 1286835.00
06/07/2016 2.14 2.12 2.18 2.18 695 415072.00 893728.00
07/07/2016 2.18 2.15 2.24 2.24 2382 2105712.00 4601597.00
08/07/2016 2.25 2.25 2.38 2.37 1032 1815184.00 4243812.00
11/07/2016 2.38 2.33 2.40 2.39 1600 597856.00 1415399.00
12/07/2016 2.39 2.32 2.42 2.33 829 684432.00 1622311.00
13/07/2016 2.32 2.32 2.43 2.43 604 452480.00 1081138.00
14/07/2016 2.43 2.43 2.49 2.48 1190 267232.00 656250.00
15/07/2016 2.48 2.43 2.48 2.44 270 218960.00 535968.00
18/07/2016 2.46 2.40 2.49 2.49 2048 1001616.00 2459193.00
19/07/2016 2.49 2.48 2.55 2.54 710 773920.00 1957721.00
20/07/2016 2.55 2.50 2.56 2.52 553 591584.00 1496952.00
21/07/2016 2.50 2.49 2.55 2.50 415 359184.00 903574.00
22/07/2016 2.51 2.49 2.54 2.54 656 1035552.00 2607967.00
25/07/2016 2.58 2.57 2.68 2.58 2254 1229648.00 3212668.00
26/07/2016 2.62 2.50 2.63 2.50 832 798896.00 2035090.00
27/07/2016 2.51 2.45 2.57 2.51 1154 954352.00 2388085.00
28/07/2016 2.48 2.38 2.50 2.43 444 543424.00 1326044.00
29/07/2016 2.46 2.43 2.47 2.46 558 847728.00 2076275.00
01/08/2016 2.47 2.43 2.51 2.45 1114 677376.00 1664020.00
02/08/2016 2.46 2.41 2.46 2.41 532 388752.00 944759.00
03/08/2016 2.40 2.38 2.48 2.45 1031 780640.00 1873064.00
04/08/2016 2.47 2.45 2.51 2.45 661 520800.00 1293469.00
05/08/2016 2.46 2.46 2.59 2.58 1542 1479408.00 3794586.00
08/08/2016 2.60 2.46 2.63 2.50 1046 675136.00 1712485.00
09/08/2016 2.55 2.50 2.60 2.56 1151 988512.00 2527856.00
10/08/2016 2.59 2.51 2.60 2.54 1333 954240.00 2420620.00
11/08/2016 2.58 2.53 2.60 2.60 1269 947072.00 2417330.00
12/08/2016 2.62 2.54 2.63 2.54 1219 684320.00 1752738.00
15/08/2016 2.50 2.46 2.52 2.46 1086 1053696.00 2608455.00
16/08/2016 2.46 2.37 2.48 2.44 720 866880.00 2080090.00
17/08/2016 2.46 2.40 2.58 2.58 506 563584.00 1400767.00
18/08/2016 2.58 2.47 2.59 2.47 1365 614320.00 1541080.00
19/08/2016 2.49 2.42 2.49 2.48 867 483728.00 1191738.00
22/08/2016 2.51 2.44 2.51 2.44 637 418768.00 1033573.00
23/08/2016 2.43 2.43 2.54 2.46 558 569184.00 1418656.00
24/08/2016 2.49 2.42 2.53 2.50 550 442960.00 1099901.00
25/08/2016 2.56 2.41 2.60 2.43 824 1057400.00 2602283.00
26/08/2016 2.46 2.42 2.58 2.53 1246 860500.00 2138363.00
29/08/2016 2.57 2.51 2.58 2.52 554 452800.00 1149144.00
30/08/2016 2.51 2.45 2.54 2.48 423 367600.00 912026.00
31/08/2016 2.47 2.40 2.51 2.40 935 722500.00 1764510.00
01/09/2016 2.43 2.37 2.44 2.37 694 1392900.00 3343219.00
02/09/2016 2.36 2.34 2.40 2.39 652 1003500.00 2381050.00
05/09/2016 2.38 2.38 2.45 2.39 533 440300.00 1062300.00
06/09/2016 2.39 2.36 2.42 2.38 507 263500.00 629320.00
08/09/2016 2.38 2.35 2.40 2.40 684 622600.00 1475260.00
09/09/2016 2.37 2.34 2.37 2.34 461 393000.00 921743.00
12/09/2016 2.37 2.27 2.40 2.40 409 244800.00 572503.00
13/09/2016 2.40 2.29 2.40 2.32 1037 466800.00 1086781.00
14/09/2016 2.33 2.32 2.44 2.35 2001 494100.00 1174984.00
15/09/2016 2.35 2.33 2.41 2.35 406 204500.00 482936.00
16/09/2016 2.35 2.34 2.44 2.44 417 579900.00 1394536.00
19/09/2016 2.47 2.43 2.57 2.45 1460 964600.00 2421129.00
20/09/2016 2.47 2.42 2.49 2.42 535 301100.00 733698.00
21/09/2016 2.43 2.42 2.56 2.53 462 233200.00 580396.00
22/09/2016 2.47 2.44 2.57 2.48 1074 1213500.00 3008279.00
23/09/2016 2.48 2.45 2.52 2.48 421 433500.00 1076621.00
26/09/2016 2.45 2.43 2.48 2.44 518 399300.00 980577.00
27/09/2016 2.44 2.43 2.51 2.43 1368 767100.00 1884303.00
28/09/2016 2.45 2.43 2.49 2.49 438 286400.00 702423.00
29/09/2016 2.45 2.43 2.50 2.43 391 564200.00 1381569.00
30/09/2016 2.42 2.36 2.50 2.45 1019 750100.00 1837615.00
03/10/2016 2.45 2.40 2.48 2.41 659 597500.00 1452064.00
04/10/2016 2.41 2.39 2.45 2.39 624 760600.00 1832203.00
05/10/2016 2.40 2.40 2.44 2.44 432 297700.00 719668.00
06/10/2016 2.42 2.41 2.49 2.48 479 452000.00 1113036.00
07/10/2016 2.48 2.46 2.49 2.48 359 260200.00 644604.00
10/10/2016 2.48 2.45 2.52 2.47 363 597600.00 1487134.00
11/10/2016 2.45 2.45 2.47 2.47 1025 380900.00 937743.00
13/10/2016 2.49 2.45 2.54 2.52 2335 690500.00 1738137.00
14/10/2016 2.51 2.51 2.58 2.54 1050 688200.00 1757815.00
17/10/2016 2.54 2.48 2.58 2.55 945 677000.00 1723706.00
18/10/2016 2.55 2.51 2.58 2.51 575 358100.00 907303.00
19/10/2016 2.51 2.51 2.57 2.56 848 559500.00 1428052.00
20/10/2016 2.54 2.50 2.64 2.58 1051 1172700.00 3031471.00
21/10/2016 2.60 2.54 2.62 2.54 700 763700.00 1959974.00
24/10/2016 2.57 2.46 2.59 2.50 681 1145000.00 2887523.00
25/10/2016 2.50 2.41 2.50 2.41 637 1176300.00 2859670.00
26/10/2016 2.42 2.39 2.44 2.39 780 829200.00 1993248.00
27/10/2016 2.40 2.39 2.51 2.50 1132 523200.00 1295357.00
28/10/2016 2.50 2.42 2.50 2.47 1999 695200.00 1700860.00
31/10/2016 2.48 2.45 2.49 2.47 554 246000.00 608152.00
01/11/2016 2.46 2.42 2.51 2.42 527 685300.00 1683796.00
03/11/2016 2.43 2.39 2.44 2.39 776 939500.00 2257535.00
04/11/2016 2.39 2.39 2.44 2.39 2016 611900.00 1467923.00
07/11/2016 2.42 2.42 2.47 2.47 910 461100.00 1130098.00
08/11/2016 2.44 2.44 2.49 2.45 644 349600.00 860528.00
09/11/2016 2.38 2.31 2.43 2.41 820 711000.00 1696324.00
10/11/2016 2.41 2.31 2.41 2.31 1369 803600.00 1881058.00
11/11/2016 2.30 2.13 2.31 2.20 3844 2123000.00 4709292.00
14/11/2016 2.17 2.13 2.24 2.24 1707 1047000.00 2283618.00
16/11/2016 2.25 2.15 2.25 2.15 559 440100.00 954170.00
17/11/2016 2.17 2.17 2.22 2.17 571 839000.00 1828342.00
18/11/2016 2.16 2.16 2.21 2.19 640 1200600.00 2618778.00
21/11/2016 2.19 2.16 2.19 2.17 1036 390200.00 846693.00
22/11/2016 2.19 2.17 2.25 2.17 1667 714600.00 1580193.00
23/11/2016 2.18 2.16 2.24 2.24 1167 1250900.00 2730281.00
24/11/2016 2.25 2.21 2.31 2.24 1189 498000.00 1131008.00
25/11/2016 2.24 2.15 2.24 2.16 1879 714000.00 1552643.00
28/11/2016 2.16 2.16 2.21 2.18 569 229100.00 501195.00
29/11/2016 2.18 2.15 2.20 2.16 1319 812500.00 1761595.00
30/11/2016 2.14 2.14 2.24 2.20 968 453000.00 996398.00
01/12/2016 2.23 2.12 2.23 2.14 1399 753500.00 1613992.00
02/12/2016 2.13 2.07 2.19 2.15 1246 2975500.00 6296552.00
05/12/2016 2.13 2.09 2.18 2.12 1309 432500.00 925361.00
06/12/2016 2.12 2.09 2.18 2.17 1347 461800.00 995149.00
07/12/2016 2.17 2.14 2.18 2.14 759 354200.00 766677.00
08/12/2016 2.16 2.16 2.26 2.19 1006 828000.00 1833709.00
09/12/2016 2.25 2.17 2.25 2.18 1168 722100.00 1588269.00
12/12/2016 2.16 2.13 2.23 2.15 1422 604100.00 1317763.00
13/12/2016 2.15 2.14 2.23 2.21 2346 1341400.00 2917131.00
14/12/2016 2.23 2.13 2.26 2.13 1413 2985700.00 6462649.00
15/12/2016 2.13 2.10 2.17 2.13 1285 1156500.00 2451627.00
16/12/2016 2.12 2.11 2.22 2.20 1667 822800.00 1798183.00
19/12/2016 2.20 2.07 2.22 2.07 1206 912800.00 1939419.00
20/12/2016 2.07 2.02 2.13 2.09 1096 575400.00 1186885.00
21/12/2016 2.13 2.08 2.16 2.08 2338 778100.00 1650402.00
22/12/2016 2.09 2.09 2.16 2.13 1795 762700.00 1629466.00
23/12/2016 2.16 2.15 2.22 2.22 1321 474900.00 1041321.00
26/12/2016 2.22 2.20 2.28 2.23 1363 744400.00 1672282.00
27/12/2016 2.24 2.14 2.25 2.25 1709 814200.00 1787806.00
28/12/2016 2.26 2.19 2.27 2.22 944 340500.00 759825.00
29/12/2016 2.20 2.13 2.21 2.16 2291 1565500.00 3378789.00
02/01/2017 2.16 2.16 2.28 2.24 1770 848700.00 1898395.00
03/01/2017 2.26 2.20 2.38 2.35 1465 1305200.00 2999696.00
04/01/2017 2.36 2.34 2.45 2.41 870 1882800.00 4479010.00
05/01/2017 2.41 2.37 2.50 2.50 1089 1235600.00 3028342.00
06/01/2017 2.50 2.42 2.54 2.46 2191 1036600.00 2560400.00
09/01/2017 2.49 2.42 2.50 2.49 513 330800.00 817924.00
10/01/2017 2.54 2.47 2.55 2.55 769 531800.00 1331890.00
11/01/2017 2.55 2.47 2.56 2.49 2402 601300.00 1504705.00
12/01/2017 2.59 2.55 2.75 2.69 2763 1758900.00 4644678.00
13/01/2017 2.69 2.63 2.76 2.69 1566 792900.00 2136625.00
16/01/2017 2.70 2.67 2.83 2.73 1674 1174900.00 3230347.00
17/01/2017 2.75 2.71 2.90 2.85 3381 3009800.00 8504614.00
18/01/2017 2.90 2.71 2.95 2.71 4579 2433000.00 6876178.00
19/01/2017 2.72 2.68 2.81 2.73 2913 1029800.00 2823385.00
20/01/2017 2.75 2.69 2.78 2.72 3285 1549300.00 4244336.00
23/01/2017 2.72 2.66 2.79 2.72 2069 711100.00 1932199.00
24/01/2017 2.72 2.70 2.82 2.73 1449 1519500.00 4213860.00
26/01/2017 2.76 2.76 2.80 2.79 1566 594900.00 1655950.00
27/01/2017 2.80 2.80 2.88 2.87 2622 1280900.00 3644294.00
30/01/2017 2.87 2.70 2.87 2.74 626 725600.00 2001371.00
31/01/2017 2.75 2.74 2.81 2.79 305 461400.00 1286538.00
01/02/2017 2.83 2.83 2.94 2.89 2221 3030800.00 8749901.00
02/02/2017 2.94 2.90 3.00 2.90 1553 1834000.00 5459287.00
03/02/2017 2.93 2.92 3.09 3.05 1707 3272300.00 9848439.00
06/02/2017 3.10 3.00 3.18 3.05 1795 2326100.00 7247635.00
07/02/2017 3.08 2.92 3.09 2.92 1280 1087900.00 3253341.00
08/02/2017 2.95 2.94 3.02 3.00 2866 1547700.00 4631122.00
09/02/2017 3.02 3.00 3.15 3.15 1362 2693700.00 8350920.00
10/02/2017 3.17 3.15 3.30 3.30 2098 3968100.00 12893550.00
13/02/2017 3.38 3.21 3.47 3.21 4424 2286100.00 7547557.00
14/02/2017 3.25 3.12 3.25 3.22 1928 1207900.00 3848469.00
15/02/2017 3.25 3.17 3.31 3.31 2638 1784100.00 5797565.00
16/02/2017 3.31 3.22 3.40 3.35 2526 1233400.00 4109602.00
17/02/2017 3.33 3.30 3.55 3.54 3685 1754800.00 6064584.00
20/02/2017 3.60 3.48 3.73 3.48 2941 5229200.00 18594843.00
21/02/2017 3.52 3.43 3.54 3.48 1124 2068400.00 7228399.00
22/02/2017 3.50 3.33 3.50 3.37 1023 1089200.00 3698309.00
23/02/2017 3.39 3.16 3.44 3.28 1226 1715500.00 5603255.00
24/02/2017 3.25 3.17 3.30 3.27 1612 984700.00 3194287.00
01/03/2017 3.28 3.26 3.34 3.26 843 558900.00 1842935.00
02/03/2017 3.29 3.19 3.33 3.19 1053 958800.00 3100362.00
03/03/2017 3.22 3.16 3.25 3.17 1801 948200.00 3021463.00
06/03/2017 3.19 3.17 3.28 3.26 1427 1140000.00 3681322.00
07/03/2017 3.30 3.19 3.39 3.19 1600 752800.00 2459068.00
08/03/2017 3.19 3.07 3.19 3.10 3968 1617800.00 5037420.00
09/03/2017 3.08 2.98 3.15 2.98 4221 1643800.00 5015674.00
10/03/2017 3.03 3.00 3.18 3.14 1109 844800.00 2597933.00
13/03/2017 3.13 3.07 3.18 3.15 1148 875600.00 2753059.00
14/03/2017 3.17 3.10 3.24 3.10 884 614800.00 1939277.00
15/03/2017 3.12 3.01 3.14 3.10 1302 592200.00 1821213.00
16/03/2017 3.13 3.06 3.16 3.11 531 348200.00 1078906.00
17/03/2017 3.11 2.98 3.14 2.98 1069 566500.00 1713263.00
20/03/2017 2.98 2.93 3.05 2.97 458 433800.00 1288552.00
21/03/2017 3.01 2.91 3.01 2.97 1041 517000.00 1524809.00
22/03/2017 2.97 2.90 3.02 3.02 1074 616400.00 1821141.00
23/03/2017 3.00 2.94 3.00 2.94 525 665300.00 1967944.00
24/03/2017 2.80 2.67 2.84 2.70 2087 4418200.00 12123029.00
27/03/2017 2.68 2.67 2.77 2.73 1574 1118500.00 3034878.00
28/03/2017 2.75 2.71 2.77 2.74 747 439300.00 1201302.00
29/03/2017 2.76 2.70 2.76 2.70 1541 681300.00 1851418.00
30/03/2017 2.70 2.64 2.70 2.70 671 599100.00 1602150.00
31/03/2017 2.71 2.67 2.74 2.70 693 472300.00 1277243.00
03/04/2017 2.70 2.70 2.78 2.74 1190 569300.00 1560584.00
04/04/2017 2.74 2.68 2.78 2.72 1774 702300.00 1920269.00
05/04/2017 2.73 2.60 2.76 2.60 1963 703200.00 1865119.00
06/04/2017 2.62 2.60 2.68 2.66 707 721600.00 1910172.00
07/04/2017 2.66 2.61 2.70 2.69 508 301900.00 804760.00
10/04/2017 2.69 2.65 2.71 2.71 975 379600.00 1019208.00
11/04/2017 2.75 2.70 2.78 2.75 576 432000.00 1186249.00
12/04/2017 2.78 2.71 2.78 2.71 620 342100.00 936231.00
13/04/2017 2.72 2.66 2.73 2.71 635 628500.00 1695486.00
17/04/2017 2.73 2.67 2.77 2.72 1172 416500.00 1127560.00
18/04/2017 2.72 2.68 2.74 2.70 334 285400.00 771437.00
19/04/2017 2.72 2.65 2.74 2.69 529 350200.00 938634.00
20/04/2017 2.71 2.64 2.72 2.70 511 523700.00 1405014.00
24/04/2017 2.74 2.66 2.74 2.66 588 367100.00 986425.00
25/04/2017 2.66 2.65 2.72 2.69 1229 789600.00 2122238.00
26/04/2017 2.70 2.67 2.77 2.76 2816 1161000.00 3135836.00
27/04/2017 2.77 2.74 2.86 2.75 1980 897800.00 2493273.00
28/04/2017 2.79 2.73 2.84 2.84 1064 1015000.00 2845839.00
02/05/2017 2.89 2.88 2.98 2.90 3017 2460500.00 7164593.00
03/05/2017 2.89 2.81 2.92 2.84 1026 855500.00 2433345.00
04/05/2017 2.84 2.67 2.84 2.71 1024 1060700.00 2899569.00
05/05/2017 2.70 2.59 2.73 2.64 1148 1260900.00 3345058.00
08/05/2017 2.64 2.57 2.67 2.63 965 1022900.00 2693995.00
09/05/2017 2.66 2.64 2.75 2.69 878 1548800.00 4168036.00
10/05/2017 2.70 2.60 2.70 2.60 1324 1695000.00 4487101.00
11/05/2017 2.60 2.52 2.60 2.55 1433 1423400.00 3629925.00
12/05/2017 2.54 2.50 2.65 2.65 1266 935200.00 2430660.00
15/05/2017 2.63 2.60 2.70 2.66 1075 1051000.00 2789002.00
16/05/2017 2.66 2.65 2.75 2.71 1873 1207100.00 3259727.00
17/05/2017 2.70 2.64 2.75 2.75 1488 966200.00 2588824.00
18/05/2017 2.28 2.25 2.50 2.49 1065 1694900.00 4096185.00
19/05/2017 2.45 2.44 2.56 2.45 2172 2030900.00 5041212.00
22/05/2017 2.40 2.26 2.45 2.38 1590 1886300.00 4408822.00
23/05/2017 2.39 2.32 2.48 2.48 2102 1328500.00 3157645.00
24/05/2017 2.50 2.42 2.51 2.48 1260 1118000.00 2771392.00
25/05/2017 2.50 2.35 2.50 2.36 3800 2291600.00 5494939.00
26/05/2017 2.37 2.37 2.44 2.40 1276 869500.00 2083961.00
29/05/2017 2.40 2.34 2.41 2.35 877 1417000.00 3346132.00
30/05/2017 2.36 2.33 2.40 2.35 1040 632000.00 1492150.00
31/05/2017 2.35 2.26 2.35 2.30 912 1829100.00 4200234.00
01/06/2017 2.30 2.26 2.33 2.26 577 1625900.00 3707064.00
02/06/2017 2.28 2.20 2.31 2.27 849 2538500.00 5757870.00
05/06/2017 2.30 2.23 2.30 2.27 726 365900.00 827154.00
06/06/2017 2.28 2.23 2.28 2.26 1300 683800.00 1540466.00
07/06/2017 2.29 2.21 2.29 2.24 765 402900.00 904059.00
08/06/2017 2.26 2.21 2.26 2.21 328 202700.00 450373.00
09/06/2017 2.21 2.21 2.26 2.26 611 436300.00 974878.00
12/06/2017 2.25 2.20 2.25 2.23 969 1832200.00 4073516.00
13/06/2017 2.23 2.14 2.23 2.21 1522 1097300.00 2407874.00
14/06/2017 2.20 2.18 2.22 2.19 1884 1231300.00 2706861.00
16/06/2017 2.18 2.15 2.21 2.15 807 945600.00 2061793.00
