20/06/2016 3.99 3.97 4.12 4.12 39 12477.22 50318.00
21/06/2016 4.16 4.10 4.20 4.18 26 99614.91 415946.00
22/06/2016 4.07 4.07 4.24 4.24 31 8521.03 35863.00
23/06/2016 4.33 4.09 4.33 4.15 53 125380.88 515007.00
24/06/2016 3.94 3.93 4.09 4.04 45 16940.62 68011.00
27/06/2016 4.00 3.89 4.00 3.89 37 15621.89 61575.00
28/06/2016 3.99 3.94 3.99 3.98 10 2231.70 8865.00
29/06/2016 4.12 4.12 4.16 4.12 33 14911.80 61580.00
30/06/2016 4.14 4.12 4.24 4.23 28 6086.45 25474.00
01/07/2016 4.24 4.23 4.33 4.23 28 11057.05 47046.00
04/07/2016 4.23 4.23 4.31 4.29 39 13593.07 57983.00
05/07/2016 4.29 4.29 4.52 4.35 67 22621.31 99809.00
06/07/2016 4.35 4.15 4.36 4.15 66 32866.83 140796.00
07/07/2016 4.28 4.05 4.30 4.08 71 26374.62 109513.00
08/07/2016 4.08 4.08 4.24 4.19 54 15419.01 64015.00
11/07/2016 4.24 4.21 4.29 4.29 40 12578.66 53662.00
12/07/2016 4.29 4.29 4.51 4.40 39 11970.02 52142.00
13/07/2016 4.34 4.34 4.72 4.67 200 54676.62 251386.00
14/07/2016 4.72 4.67 4.83 4.83 155 68574.01 326718.00
15/07/2016 4.83 4.73 4.86 4.80 33 14506.04 69912.00
18/07/2016 4.83 4.78 4.86 4.82 39 52749.24 255323.00
19/07/2016 4.83 4.76 4.86 4.86 40 13998.84 67566.00
20/07/2016 4.88 4.76 4.92 4.78 52 21708.34 105078.00
21/07/2016 4.78 4.56 4.81 4.79 48 23128.51 109179.00
22/07/2016 4.65 4.65 4.83 4.83 86 104991.27 505629.00
25/07/2016 4.83 4.73 4.93 4.74 93 48387.28 236049.00
26/07/2016 4.74 4.74 4.82 4.75 33 6593.65 31586.00
27/07/2016 4.84 4.79 4.98 4.89 37 16433.42 80202.00
28/07/2016 5.00 4.90 5.02 4.93 59 30736.58 151946.00
29/07/2016 4.83 4.77 5.08 4.98 267 93731.34 462270.00
01/08/2016 5.08 5.08 5.15 5.15 149 84500.22 430669.00
02/08/2016 5.36 5.21 5.49 5.22 226 136945.14 724824.00
03/08/2016 5.23 5.23 5.34 5.29 136 99817.79 530255.00
04/08/2016 5.30 5.26 5.32 5.30 130 106005.68 562203.00
05/08/2016 5.32 5.31 5.40 5.37 135 90282.35 482350.00
08/08/2016 5.47 4.95 5.47 4.96 191 112700.78 574827.00
09/08/2016 5.01 5.00 5.13 5.11 39 16433.42 83618.00
10/08/2016 5.11 5.05 5.11 5.11 89 52749.24 268447.00
11/08/2016 5.13 5.13 5.23 5.15 101 67458.16 350163.00
12/08/2016 5.26 5.13 5.27 5.16 127 48590.16 250813.00
15/08/2016 5.27 5.09 5.27 5.09 113 38953.28 200884.00
16/08/2016 5.11 5.00 5.21 5.03 117 33475.48 169060.00
17/08/2016 5.03 4.88 5.03 4.88 98 37127.35 183831.00
18/08/2016 4.99 4.81 5.00 4.85 141 99919.23 490607.00
19/08/2016 4.87 4.78 4.92 4.84 150 50416.10 245575.00
22/08/2016 4.88 4.88 5.01 4.88 90 37228.79 183169.00
23/08/2016 4.93 4.88 4.93 4.88 36 6999.42 34180.00
24/08/2016 4.89 4.52 4.89 4.66 320 91093.88 432805.00
25/08/2016 4.70 4.65 4.79 4.70 83 36924.47 173237.00
26/08/2016 4.72 4.53 4.75 4.54 156 39460.49 183590.00
29/08/2016 4.61 4.55 4.83 4.70 309 53357.88 249263.00
30/08/2016 4.76 4.59 4.84 4.59 473 118990.11 556087.00
31/08/2016 4.63 4.57 4.77 4.73 452 136742.26 639759.00
01/09/2016 4.76 4.66 4.78 4.77 306 68979.77 327276.00
02/09/2016 4.77 4.65 4.85 4.65 211 78109.45 368627.00
05/09/2016 4.67 4.63 4.75 4.73 241 69385.54 326754.00
06/09/2016 4.73 4.67 4.75 4.73 91 22519.87 106200.00
08/09/2016 4.73 4.64 4.73 4.64 196 49300.25 230796.00
09/09/2016 4.64 4.47 4.65 4.47 155 102861.02 467072.00
12/09/2016 4.48 4.14 4.48 4.29 254 83282.93 358297.00
13/09/2016 4.29 4.04 4.30 4.05 356 119598.76 490098.00
14/09/2016 4.09 3.96 4.14 4.14 163 36315.82 147370.00
15/09/2016 4.19 4.06 4.24 4.12 310 73848.94 305346.00
16/09/2016 4.12 4.04 4.18 4.06 172 44228.21 181026.00
19/09/2016 4.07 4.07 4.27 4.13 229 55183.82 231631.00
20/09/2016 4.19 4.08 4.43 4.43 252 79935.39 342627.00
21/09/2016 4.39 4.31 4.41 4.40 137 27084.71 118172.00
22/09/2016 4.37 4.33 4.43 4.38 95 20592.49 90199.00
23/09/2016 4.35 4.29 4.39 4.29 50 19578.08 84672.00
26/09/2016 4.30 4.24 4.30 4.25 33 11665.70 49758.00
27/09/2016 4.26 4.18 4.28 4.18 105 20693.93 87623.00
28/09/2016 4.18 4.09 4.19 4.12 335 54676.62 226065.00
29/09/2016 4.25 4.14 4.29 4.25 175 79225.30 336087.00
30/09/2016 4.22 4.21 4.32 4.30 99 19172.32 81902.00
03/10/2016 4.29 4.26 4.30 4.26 111 23128.51 98776.00
04/10/2016 4.34 4.17 4.34 4.19 75 23432.84 99218.00
05/10/2016 4.20 4.17 4.25 4.18 137 41895.07 176242.00
06/10/2016 4.23 4.20 4.24 4.21 87 16433.42 69375.00
07/10/2016 4.22 4.19 4.26 4.22 63 16433.42 69422.00
10/10/2016 4.26 4.20 4.30 4.21 133 28302.00 120208.00
11/10/2016 4.20 4.19 4.21 4.21 19 6187.89 25979.00
13/10/2016 4.29 4.19 4.30 4.21 93 24954.45 105407.00
14/10/2016 4.22 4.21 4.25 4.21 83 30127.93 127038.00
17/10/2016 4.26 4.24 4.30 4.24 122 30026.49 128298.00
18/10/2016 4.30 4.24 4.30 4.24 180 29417.85 125581.00
19/10/2016 4.26 4.26 4.33 4.31 65 20085.29 86232.00
20/10/2016 4.33 4.29 4.62 4.53 92 561880.84 2433450.00
21/10/2016 4.57 4.34 4.57 4.56 97 446644.04 1983045.00
24/10/2016 4.51 4.44 4.57 4.44 78 54575.17 244197.00
25/10/2016 4.44 4.43 4.49 4.44 54 38344.64 170325.00
26/10/2016 4.41 4.39 4.49 4.41 96 27084.71 120695.00
27/10/2016 4.41 4.41 4.56 4.51 155 155711.70 694433.00
28/10/2016 4.43 4.43 4.76 4.70 249 817613.21 3759223.00
31/10/2016 4.65 4.63 4.73 4.69 133 53865.09 252764.00
01/11/2016 4.74 4.49 4.74 4.63 95 51734.83 236592.00
03/11/2016 4.58 4.49 4.59 4.49 91 46054.14 208865.00
04/11/2016 4.48 4.34 4.51 4.42 134 842364.78 3704002.00
07/11/2016 4.51 4.44 4.59 4.58 57 72023.00 326766.00
08/11/2016 4.38 4.38 4.61 4.58 115 56096.79 253182.00
09/11/2016 4.31 4.26 4.58 4.58 128 353724.23 1582836.00
10/11/2016 4.63 4.25 4.63 4.34 147 59951.54 267062.00
11/11/2016 4.25 3.95 4.27 3.99 182 179956.06 741125.00
14/11/2016 3.95 3.87 3.98 3.94 112 40576.34 159741.00
16/11/2016 3.94 3.88 3.98 3.93 52 226618.85 893565.00
17/11/2016 4.01 3.96 4.05 4.03 29 119192.99 478060.00
18/11/2016 3.91 3.87 3.95 3.95 45 26577.50 104173.00
21/11/2016 4.07 3.94 4.07 3.94 40 13998.84 55567.00
22/11/2016 3.93 3.93 4.04 3.97 30 23635.72 94201.00
23/11/2016 3.95 3.81 3.95 3.81 32 19375.20 74299.00
24/11/2016 3.83 3.81 3.90 3.85 27 9332.56 36052.00
25/11/2016 3.85 3.79 3.85 3.80 43 118178.58 453944.00
28/11/2016 3.79 3.74 3.86 3.86 56 23027.07 87485.00
29/11/2016 3.79 3.79 3.92 3.92 22 10346.97 40170.00
30/11/2016 3.87 3.82 3.91 3.89 38 16839.18 65187.00
01/12/2016 3.88 3.67 3.89 3.67 89 24345.80 91072.00
02/12/2016 3.69 3.63 3.76 3.66 78 220836.72 805878.00
05/12/2016 3.63 3.63 3.78 3.76 23 9028.24 33672.00
06/12/2016 3.76 3.75 3.76 3.76 9 4057.63 15225.00
07/12/2016 3.81 3.72 3.81 3.72 13 4767.72 17850.00
08/12/2016 3.72 3.72 3.76 3.75 16 8318.15 31189.00
09/12/2016 3.73 3.69 3.74 3.70 19 4767.72 17685.00
12/12/2016 3.69 3.45 3.69 3.50 37 16129.09 57684.00
13/12/2016 3.49 3.48 3.53 3.48 21 5274.92 18415.00
14/12/2016 3.50 3.35 3.50 3.35 55 32258.19 109491.00
15/12/2016 3.38 3.36 3.45 3.44 32 13085.87 44606.00
20/12/2016 3.46 3.40 3.46 3.45 53 23940.04 82556.00
21/12/2016 3.46 3.39 3.52 3.45 58 128931.31 443822.00
22/12/2016 3.45 3.35 3.45 3.45 74 104889.83 361701.00
23/12/2016 3.48 3.44 3.55 3.55 33 10000.00 34839.00
26/12/2016 3.54 3.50 3.56 3.54 21 16800.00 59275.00
27/12/2016 3.52 3.49 3.55 3.52 35 6500.00 22818.00
28/12/2016 3.54 3.52 3.54 3.54 23 11600.00 40988.00
29/12/2016 3.51 3.40 3.60 3.60 55 32100.00 114349.00
02/01/2017 3.53 3.53 3.63 3.63 25 7700.00 27587.00
03/01/2017 3.64 3.56 3.80 3.70 49 13100.00 48510.00
04/01/2017 3.65 3.65 3.74 3.66 44 12600.00 46502.00
05/01/2017 3.73 3.68 3.74 3.73 50 15900.00 58963.00
06/01/2017 3.69 3.68 3.74 3.68 68 25100.00 93044.00
09/01/2017 3.68 3.67 3.90 3.68 67 72600.00 268206.00
10/01/2017 3.73 3.72 3.97 3.75 45 18800.00 71591.00
11/01/2017 3.80 3.69 3.84 3.84 54 19000.00 71399.00
12/01/2017 3.87 3.82 4.02 4.01 70 19500.00 76817.00
13/01/2017 4.00 3.86 4.00 3.86 76 37600.00 147394.00
16/01/2017 3.87 3.87 4.05 3.99 88 23100.00 91330.00
17/01/2017 3.90 3.90 3.98 3.97 58 19600.00 77202.00
18/01/2017 4.00 3.94 4.00 3.94 50 16400.00 65026.00
19/01/2017 3.95 3.95 4.10 4.02 80 24900.00 100343.00
20/01/2017 4.02 3.99 4.05 4.05 42 7900.00 31639.00
23/01/2017 4.04 3.95 4.05 3.95 40 14300.00 57369.00
24/01/2017 4.02 3.92 4.02 3.92 30 14400.00 56782.00
26/01/2017 3.93 3.93 4.14 4.08 53 47200.00 191601.00
27/01/2017 4.10 4.00 4.15 4.04 67 35600.00 144372.00
30/01/2017 4.08 4.03 4.10 4.04 47 22900.00 93119.00
31/01/2017 4.05 4.00 4.05 4.04 77 37000.00 149607.00
01/02/2017 4.04 3.93 4.05 3.93 47 28600.00 114257.00
02/02/2017 3.93 3.93 4.09 4.07 39 17600.00 70037.00
03/02/2017 4.04 4.04 4.50 4.50 38 141900.00 582435.00
06/02/2017 4.49 4.27 4.58 4.40 58 24400.00 108985.00
07/02/2017 4.40 4.21 4.43 4.39 39 11200.00 48979.00
08/02/2017 4.30 4.28 4.45 4.28 35 15800.00 68551.00
09/02/2017 4.38 4.24 4.39 4.27 38 17700.00 75897.00
10/02/2017 4.16 4.16 4.48 4.28 55 23600.00 101955.00
13/02/2017 4.40 4.31 4.49 4.41 85 33100.00 146221.00
14/02/2017 4.42 4.31 4.45 4.35 61 23600.00 103863.00
15/02/2017 4.45 4.34 4.50 4.45 83 59700.00 265298.00
16/02/2017 4.45 4.42 4.60 4.60 65 38300.00 174693.00
17/02/2017 4.60 4.50 4.61 4.50 55 29000.00 132438.00
20/02/2017 4.58 4.57 4.62 4.60 59 21100.00 96910.00
21/02/2017 4.66 4.66 4.75 4.70 77 37200.00 174910.00
22/02/2017 4.65 4.46 4.65 4.63 65 25700.00 117743.00
23/02/2017 4.63 4.49 4.63 4.50 27 12800.00 58526.00
24/02/2017 4.50 4.45 4.55 4.54 71 54800.00 248152.00
01/03/2017 4.55 4.50 4.61 4.50 84 35900.00 164464.00
02/03/2017 4.52 4.52 5.00 4.62 235 258900.00 1210266.00
03/03/2017 4.71 4.59 4.94 4.74 100 52700.00 250099.00
06/03/2017 4.88 4.81 4.94 4.85 189 75200.00 366468.00
07/03/2017 4.90 4.80 4.95 4.84 93 49600.00 240821.00
08/03/2017 4.83 4.80 4.99 4.80 115 38000.00 185941.00
09/03/2017 4.87 4.61 4.87 4.61 70 17300.00 81284.00
10/03/2017 4.65 4.50 4.65 4.50 64 32100.00 146070.00
13/03/2017 4.51 4.44 4.60 4.45 54 21300.00 95738.00
14/03/2017 4.45 4.32 4.53 4.35 49 22500.00 99850.00
15/03/2017 4.31 4.20 4.31 4.30 55 44900.00 191526.00
16/03/2017 4.42 4.24 4.42 4.26 64 49400.00 212608.00
17/03/2017 4.37 4.25 4.40 4.33 362 52600.00 229700.00
20/03/2017 4.32 4.22 4.32 4.26 24 12900.00 55156.00
21/03/2017 4.26 4.15 4.26 4.25 33 18800.00 79327.00
22/03/2017 4.15 4.03 4.29 4.14 49 26700.00 111291.00
23/03/2017 4.14 4.00 4.14 4.03 59 55800.00 225569.00
24/03/2017 4.08 4.00 4.10 4.01 35 31700.00 127888.00
27/03/2017 4.01 3.98 4.08 3.98 56 44800.00 180569.00
28/03/2017 3.98 3.95 4.02 3.96 32 12800.00 50933.00
29/03/2017 3.98 3.95 4.29 4.11 114 83300.00 339111.00
30/03/2017 4.20 4.04 4.26 4.04 101 58800.00 243443.00
31/03/2017 4.10 4.10 4.29 4.22 57 37800.00 158608.00
03/04/2017 4.20 4.11 4.28 4.11 54 37600.00 157931.00
04/04/2017 4.15 4.05 4.19 4.11 54 23700.00 97705.00
05/04/2017 4.12 4.00 4.17 4.00 68 98700.00 402093.00
06/04/2017 4.10 4.03 4.16 4.04 36 21900.00 89217.00
07/04/2017 4.07 4.00 4.16 4.12 94 44900.00 182710.00
10/04/2017 4.12 4.03 4.16 4.03 75 59900.00 243162.00
11/04/2017 4.07 3.96 4.12 3.99 81 46500.00 187048.00
12/04/2017 3.99 3.95 4.09 3.99 132 41300.00 164247.00
13/04/2017 4.00 3.81 4.00 3.86 112 64400.00 252022.00
17/04/2017 3.82 3.81 4.00 3.87 121 71200.00 278191.00
18/04/2017 3.96 3.86 4.00 3.99 70 33100.00 129893.00
19/04/2017 4.00 4.00 4.14 4.12 78 32700.00 133596.00
20/04/2017 4.15 4.15 4.40 4.40 137 87400.00 374036.00
24/04/2017 4.40 4.40 4.50 4.47 87 44600.00 199651.00
25/04/2017 4.48 4.35 4.50 4.50 76 37600.00 166785.00
26/04/2017 4.50 4.42 4.50 4.45 44 18600.00 82726.00
27/04/2017 4.48 4.40 4.49 4.44 41 26000.00 115415.00
28/04/2017 4.50 4.45 4.50 4.50 83 178800.00 803877.00
02/05/2017 4.50 4.37 4.74 4.69 113 50300.00 226325.00
03/05/2017 4.69 4.54 4.69 4.64 53 16200.00 74871.00
04/05/2017 4.64 4.44 4.70 4.55 104 63700.00 290520.00
05/05/2017 4.65 4.55 4.65 4.60 67 39500.00 181381.00
08/05/2017 4.65 4.58 4.71 4.69 77 44000.00 203846.00
09/05/2017 4.70 4.70 4.89 4.85 135 59100.00 286067.00
10/05/2017 4.85 4.80 4.98 4.89 142 69400.00 340202.00
11/05/2017 4.88 4.84 5.00 4.88 135 68000.00 334265.00
12/05/2017 4.96 4.75 4.96 4.76 195 69700.00 335732.00
15/05/2017 4.80 4.76 4.84 4.76 105 351500.00 1687087.00
16/05/2017 4.80 4.77 4.90 4.85 148 84800.00 410396.00
17/05/2017 4.88 4.75 4.88 4.76 163 40700.00 196101.00
18/05/2017 3.81 3.80 4.17 4.03 204 97700.00 394042.00
19/05/2017 4.05 4.05 4.35 4.29 105 38800.00 163598.00
22/05/2017 4.29 3.90 4.29 4.05 136 395000.00 1584626.00
23/05/2017 4.15 4.05 4.25 4.05 62 20500.00 84473.00
24/05/2017 4.13 4.10 4.24 4.24 64 20600.00 86823.00
25/05/2017 4.36 4.14 4.38 4.20 149 340700.00 1433259.00
26/05/2017 4.36 4.15 4.36 4.17 95 27900.00 117520.00
29/05/2017 4.18 4.17 4.35 4.35 45 40000.00 169640.00
30/05/2017 4.35 4.22 4.40 4.23 78 29900.00 129686.00
31/05/2017 4.39 4.20 4.39 4.22 49 28000.00 118941.00
01/06/2017 4.22 4.22 4.33 4.24 57 23300.00 99391.00
02/06/2017 4.21 4.18 4.39 4.24 66 27100.00 116074.00
05/06/2017 4.25 4.05 4.38 4.07 93 80800.00 341815.00
06/06/2017 4.09 4.06 4.13 4.06 36 17300.00 70812.00
07/06/2017 4.15 4.09 4.30 4.09 57 29000.00 120487.00
08/06/2017 4.25 4.01 4.25 4.03 59 24400.00 99683.00
09/06/2017 4.06 4.06 4.20 4.18 32 10200.00 42368.00
12/06/2017 4.08 4.08 4.24 4.23 64 24000.00 100607.00
13/06/2017 4.20 4.03 4.20 4.06 75 34200.00 140146.00
14/06/2017 4.10 3.96 4.13 4.04 74 44000.00 177782.00
16/06/2017 4.04 4.04 4.08 4.06 35 9800.00 39796.00
