20/06/2016 8.45 8.41 8.60 8.60 5 800.00 6768.00
21/06/2016 9.11 8.95 9.33 9.33 31 7200.00 65645.00
22/06/2016 9.29 9.29 9.90 9.90 7 1800.00 16909.00
23/06/2016 9.45 9.45 9.46 9.45 7 2600.00 24574.00
24/06/2016 9.32 8.80 9.79 9.20 26 5900.00 54673.00
27/06/2016 9.30 8.80 9.50 9.49 16 3000.00 27294.00
28/06/2016 9.43 9.40 9.43 9.40 2 600.00 5643.00
29/06/2016 9.79 9.65 9.79 9.65 3 1800.00 17608.00
30/06/2016 9.45 9.05 9.45 9.05 7 1400.00 12916.00
01/07/2016 9.44 8.86 9.44 9.40 12 2000.00 18215.00
04/07/2016 9.40 9.01 9.40 9.35 8 2300.00 21480.00
05/07/2016 9.07 9.04 9.50 9.04 15 2800.00 25659.00
06/07/2016 9.04 8.90 9.30 8.90 12 4600.00 41903.00
07/07/2016 9.20 9.00 9.20 9.00 12 3300.00 29935.00
08/07/2016 9.00 8.99 9.29 9.20 7 1100.00 10063.00
11/07/2016 9.29 8.89 9.45 9.04 8 1500.00 13836.00
12/07/2016 9.04 9.01 9.38 9.36 7 2900.00 26447.00
13/07/2016 9.10 9.10 9.99 9.88 29 6800.00 65367.00
14/07/2016 9.89 9.89 11.19 10.50 44 11900.00 125110.00
15/07/2016 10.50 10.01 10.87 10.82 8 800.00 8360.00
18/07/2016 10.82 10.40 10.98 10.60 16 3200.00 34543.00
19/07/2016 10.15 10.15 10.55 10.55 4 400.00 4140.00
20/07/2016 10.95 10.60 10.95 10.80 7 1700.00 18325.00
21/07/2016 11.00 11.00 11.50 11.05 30 10100.00 111425.00
22/07/2016 11.49 11.10 11.50 11.10 18 3700.00 41874.00
25/07/2016 11.00 10.66 11.00 10.66 5 1400.00 15338.00
26/07/2016 10.70 10.60 10.87 10.65 12 4200.00 44648.00
27/07/2016 10.75 10.50 10.80 10.50 13 2700.00 28435.00
28/07/2016 10.40 10.40 10.49 10.49 4 1300.00 13546.00
29/07/2016 10.49 10.30 10.89 10.89 15 3500.00 36611.00
01/08/2016 10.89 10.87 10.89 10.87 2 200.00 2176.00
02/08/2016 11.01 10.70 11.43 11.11 8 1000.00 11070.00
03/08/2016 11.42 10.71 11.43 11.00 15 4000.00 44458.00
04/08/2016 11.00 10.50 11.00 10.50 2 300.00 3250.00
05/08/2016 10.55 10.55 10.65 10.65 5 800.00 8480.00
08/08/2016 10.50 10.20 10.85 10.20 18 5200.00 55183.00
09/08/2016 10.69 10.63 11.00 11.00 14 2600.00 28147.00
10/08/2016 11.00 11.00 12.36 12.36 101 25700.00 300631.00
11/08/2016 12.31 12.30 17.50 15.41 408 129500.00 1980670.00
12/08/2016 15.41 13.61 16.23 13.65 85 22800.00 324538.00
15/08/2016 13.29 12.50 14.50 12.77 48 10900.00 141298.00
16/08/2016 12.85 12.40 13.38 12.40 47 9700.00 125399.00
17/08/2016 12.60 12.00 12.60 12.30 28 7800.00 96469.00
18/08/2016 12.00 11.85 12.50 12.50 15 4200.00 50501.00
19/08/2016 12.29 12.00 12.30 12.10 25 6800.00 82493.00
22/08/2016 12.16 12.12 12.87 12.12 14 2600.00 32245.00
23/08/2016 12.17 12.13 12.50 12.13 15 3500.00 43062.00
24/08/2016 12.44 12.20 12.48 12.20 9 2800.00 34810.00
26/08/2016 12.42 12.40 12.48 12.48 11 2000.00 24848.00
29/08/2016 12.30 12.30 12.65 12.65 3 700.00 8815.00
30/08/2016 12.70 12.55 12.89 12.70 20 8200.00 104820.00
31/08/2016 12.98 12.98 13.50 13.00 26 7400.00 96531.00
01/09/2016 13.11 13.00 13.12 13.00 10 2400.00 31414.00
02/09/2016 13.00 13.00 14.90 14.90 58 17200.00 240608.00
05/09/2016 15.50 15.00 15.89 15.10 102 39700.00 615983.00
06/09/2016 14.20 14.20 15.59 15.45 44 10400.00 156251.00
08/09/2016 14.80 14.72 15.54 15.00 31 8600.00 131195.00
09/09/2016 14.55 14.50 15.53 14.55 35 7400.00 111179.00
12/09/2016 15.30 15.30 15.60 15.50 21 5100.00 78787.00
13/09/2016 15.30 14.15 15.30 14.20 24 3300.00 48921.00
14/09/2016 14.20 13.10 14.49 14.49 37 7000.00 96486.00
15/09/2016 14.99 13.70 14.99 14.01 31 4400.00 63568.00
16/09/2016 13.70 13.70 14.20 14.10 12 2100.00 29216.00
19/09/2016 14.75 13.85 14.75 14.50 12 1900.00 27516.00
20/09/2016 14.03 13.91 14.39 14.36 10 1400.00 19812.00
21/09/2016 14.00 14.00 14.45 14.45 12 1300.00 18561.00
22/09/2016 14.74 13.85 14.74 13.91 22 4300.00 60613.00
23/09/2016 14.45 13.65 14.45 14.15 10 2100.00 29449.00
26/09/2016 14.01 13.70 14.16 14.10 32 6500.00 90770.00
27/09/2016 14.09 13.40 14.09 13.61 10 2900.00 40259.00
28/09/2016 14.00 13.12 14.00 13.12 49 9000.00 120685.00
29/09/2016 13.70 13.00 13.70 13.04 41 12600.00 165872.00
30/09/2016 13.39 12.99 13.39 12.99 10 2000.00 26045.00
03/10/2016 13.49 12.17 13.49 12.36 27 7600.00 95010.00
04/10/2016 12.35 12.35 12.88 12.70 6 1100.00 14007.00
05/10/2016 12.97 12.32 12.97 12.32 14 2700.00 33536.00
06/10/2016 12.90 12.85 14.00 13.80 32 8200.00 109539.00
07/10/2016 13.00 12.60 13.65 13.55 22 2900.00 38253.00
10/10/2016 13.99 13.34 13.99 13.84 13 2100.00 28856.00
11/10/2016 13.60 13.60 14.70 14.00 14 5700.00 80872.00
13/10/2016 14.00 14.00 14.48 14.00 10 3200.00 44948.00
14/10/2016 13.99 13.98 14.90 14.49 23 6100.00 86531.00
17/10/2016 15.00 14.18 15.19 14.19 13 2900.00 42645.00
18/10/2016 14.05 13.90 14.89 14.15 18 2100.00 29645.00
19/10/2016 14.15 13.01 14.35 13.01 52 17700.00 239177.00
20/10/2016 13.31 13.31 17.01 16.00 418 131300.00 2090365.00
21/10/2016 16.06 16.05 20.15 20.00 818 294700.00 5567535.00
24/10/2016 22.15 22.00 53.01 53.01 2490 759000.00 25526159.00
25/10/2016 64.10 30.52 65.00 40.00 2110 510300.00 22678779.00
26/10/2016 34.50 30.70 38.00 31.99 842 164100.00 5551822.00
27/10/2016 35.00 28.50 35.79 29.00 636 133600.00 4424340.00
28/10/2016 29.20 24.15 29.20 24.16 623 130700.00 3405700.00
31/10/2016 30.00 25.00 30.00 25.65 542 117500.00 3176412.00
01/11/2016 25.68 23.13 28.00 27.20 359 84200.00 2113256.00
03/11/2016 26.00 24.51 27.19 24.55 201 37500.00 963677.00
04/11/2016 24.56 23.51 25.74 23.51 100 20100.00 488250.00
07/11/2016 24.00 21.50 24.40 21.56 126 24700.00 563275.00
08/11/2016 22.10 21.61 23.00 21.76 111 20500.00 458191.00
09/11/2016 20.60 20.60 24.52 24.52 159 33100.00 742090.00
10/11/2016 27.50 26.40 33.00 28.67 640 135300.00 3971752.00
11/11/2016 26.00 21.20 26.80 21.82 246 62200.00 1505991.00
14/11/2016 22.99 21.05 25.00 23.11 183 44500.00 1008074.00
16/11/2016 23.76 22.31 23.76 22.60 77 14900.00 342377.00
17/11/2016 22.60 21.60 22.95 21.90 114 19400.00 428797.00
18/11/2016 22.30 21.66 23.20 23.20 93 29400.00 655248.00
21/11/2016 23.00 22.35 23.10 22.60 28 6600.00 149653.00
22/11/2016 23.00 22.10 23.09 22.10 65 17000.00 383301.00
23/11/2016 22.45 22.10 22.80 22.30 38 8400.00 187510.00
24/11/2016 22.33 22.30 25.89 23.40 267 60500.00 1461397.00
25/11/2016 23.84 22.80 24.22 23.01 59 10300.00 239671.00
28/11/2016 23.06 22.51 23.50 22.71 50 8600.00 197959.00
29/11/2016 22.56 22.55 23.21 22.55 17 1900.00 43329.00
30/11/2016 23.06 22.55 24.30 22.90 54 10300.00 240522.00
01/12/2016 22.62 21.70 22.99 22.00 58 17700.00 391741.00
02/12/2016 23.54 22.02 23.70 22.02 65 11900.00 274123.00
05/12/2016 22.02 22.00 23.00 22.49 38 7400.00 166258.00
06/12/2016 22.65 22.65 24.69 23.41 119 23300.00 549161.00
07/12/2016 23.69 22.53 23.70 23.50 41 8800.00 204683.00
08/12/2016 23.52 22.57 23.89 22.60 58 14300.00 332472.00
09/12/2016 22.64 22.63 22.90 22.90 5 500.00 11370.00
12/12/2016 22.40 21.90 22.90 21.90 24 3900.00 86845.00
13/12/2016 22.12 21.90 22.12 21.90 8 2700.00 59423.00
14/12/2016 21.69 21.69 22.00 21.91 9 1400.00 30643.00
15/12/2016 21.81 21.80 23.19 22.01 16 2600.00 57771.00
16/12/2016 22.90 22.31 23.00 22.69 24 4600.00 104764.00
19/12/2016 23.03 22.70 23.10 23.10 32 8200.00 188463.00
20/12/2016 23.00 22.10 24.60 22.75 93 17500.00 405151.00
21/12/2016 22.89 22.60 23.39 22.99 26 3600.00 82495.00
22/12/2016 23.30 22.75 23.99 22.75 71 14100.00 330230.00
23/12/2016 22.91 22.31 22.91 22.32 17 2100.00 47302.00
26/12/2016 22.44 21.99 22.50 22.01 28 5300.00 117568.00
27/12/2016 22.02 21.90 22.02 22.00 9 2000.00 43940.00
28/12/2016 22.56 22.55 22.56 22.55 9 1900.00 42859.00
29/12/2016 22.89 22.21 22.89 22.50 15 3300.00 74658.00
02/01/2017 22.02 22.02 22.94 22.94 9 900.00 20130.00
03/01/2017 22.79 22.33 23.30 22.85 39 5400.00 123443.00
04/01/2017 22.60 22.15 22.95 22.50 26 5900.00 133313.00
05/01/2017 22.54 22.30 22.79 22.50 23 7600.00 171213.00
06/01/2017 22.84 22.03 22.84 22.25 21 4200.00 93842.00
09/01/2017 22.80 22.40 23.42 22.75 29 4000.00 90876.00
10/01/2017 23.00 22.43 23.30 22.48 51 9000.00 204704.00
11/01/2017 22.99 22.50 23.47 22.52 24 5800.00 131785.00
12/01/2017 22.52 22.20 23.20 23.00 38 9400.00 212249.00
13/01/2017 22.99 22.37 22.99 22.46 21 3600.00 81160.00
16/01/2017 22.90 22.70 26.99 26.99 142 41800.00 1031605.00
17/01/2017 28.00 25.30 29.90 25.30 195 46900.00 1275755.00
18/01/2017 26.00 25.00 27.50 25.49 106 18300.00 469604.00
19/01/2017 25.50 24.65 26.60 24.65 68 11000.00 281737.00
20/01/2017 24.65 24.41 25.43 25.28 43 7500.00 186008.00
23/01/2017 25.45 24.60 25.45 24.88 34 5000.00 124296.00
24/01/2017 25.30 24.81 31.99 29.40 298 66400.00 1920891.00
26/01/2017 32.20 29.40 37.54 35.00 579 121300.00 4056422.00
27/01/2017 33.49 30.40 34.30 30.40 305 64500.00 2062619.00
30/01/2017 30.49 29.51 32.00 29.51 115 29800.00 898482.00
31/01/2017 30.99 29.72 31.29 30.02 62 12200.00 368433.00
01/02/2017 30.31 30.26 33.90 32.10 141 26100.00 842468.00
02/02/2017 32.94 32.10 33.70 32.53 92 19600.00 642221.00
03/02/2017 32.71 32.70 33.48 32.78 37 7200.00 237846.00
06/02/2017 33.00 32.20 33.98 32.25 39 7800.00 254619.00
07/02/2017 32.19 30.80 32.19 31.90 45 6600.00 207203.00
08/02/2017 31.35 30.07 31.60 30.70 52 11400.00 349774.00
09/02/2017 30.49 30.49 31.59 30.50 20 2800.00 86040.00
10/02/2017 32.00 31.00 32.60 31.00 50 7200.00 226281.00
13/02/2017 31.11 31.00 32.30 31.91 22 4200.00 133129.00
14/02/2017 32.01 32.01 37.00 37.00 259 67400.00 2346231.00
15/02/2017 38.00 36.00 40.88 36.99 458 84900.00 3244177.00
16/02/2017 37.00 36.00 37.89 36.01 115 27100.00 990369.00
17/02/2017 36.03 34.00 36.79 34.10 128 31100.00 1099751.00
20/02/2017 35.40 34.22 36.69 34.30 153 30100.00 1060496.00
21/02/2017 35.79 34.60 36.00 35.16 101 21800.00 769875.00
22/02/2017 35.31 35.31 37.98 35.50 172 32900.00 1203874.00
23/02/2017 35.71 33.40 37.00 33.81 148 30800.00 1067722.00
24/02/2017 34.00 34.00 36.50 35.43 119 25900.00 920236.00
01/03/2017 36.01 35.21 36.99 35.30 48 6800.00 245154.00
02/03/2017 35.51 35.00 36.06 35.61 49 8000.00 283726.00
03/03/2017 36.00 35.15 36.95 36.89 76 15000.00 541472.00
06/03/2017 36.94 36.90 38.99 37.50 191 37600.00 1422057.00
07/03/2017 38.66 37.00 38.66 37.10 100 16300.00 610409.00
08/03/2017 37.80 36.51 37.80 37.30 57 9500.00 353373.00
09/03/2017 37.01 37.01 38.45 37.61 46 7100.00 267758.00
10/03/2017 37.61 37.40 38.40 37.50 28 4800.00 181527.00
13/03/2017 38.29 36.70 39.00 37.01 98 18200.00 679910.00
14/03/2017 37.30 36.72 37.51 37.05 53 9700.00 359996.00
15/03/2017 37.65 36.05 37.65 37.10 73 12700.00 468779.00
16/03/2017 38.15 37.90 40.80 38.30 255 53800.00 2100732.00
17/03/2017 39.10 37.61 40.00 38.50 111 22400.00 867107.00
20/03/2017 39.53 38.55 43.20 42.00 196 36000.00 1467514.00
21/03/2017 44.04 43.77 49.20 46.10 505 101900.00 4751183.00
22/03/2017 46.10 42.60 49.89 43.10 503 103400.00 4747281.00
23/03/2017 45.02 41.50 45.89 42.00 194 31500.00 1346638.00
24/03/2017 42.90 40.40 42.90 41.10 81 18700.00 775950.00
27/03/2017 41.55 40.15 41.84 40.15 40 6900.00 281814.00
28/03/2017 39.80 37.40 39.88 38.50 73 17400.00 669293.00
29/03/2017 39.48 38.86 41.10 40.39 62 11300.00 455307.00
30/03/2017 40.47 38.65 40.47 38.65 36 7200.00 281132.00
31/03/2017 39.59 39.51 41.20 39.86 43 6800.00 272304.00
03/04/2017 41.00 40.99 42.00 41.51 49 7000.00 290619.00
04/04/2017 42.00 40.00 42.50 40.00 37 5000.00 207983.00
05/04/2017 40.08 40.08 41.99 40.14 55 9000.00 369443.00
06/04/2017 41.13 40.40 41.40 40.99 18 3500.00 143686.00
07/04/2017 41.90 40.50 41.90 40.60 23 4700.00 194251.00
10/04/2017 40.20 40.20 40.50 40.50 7 700.00 28261.00
11/04/2017 40.37 39.01 40.68 39.50 27 5000.00 198049.00
12/04/2017 39.51 37.90 39.51 38.03 37 7500.00 290612.00
13/04/2017 38.10 36.00 38.60 36.00 104 31400.00 1168306.00
17/04/2017 36.19 36.00 37.20 36.36 56 10900.00 397804.00
18/04/2017 36.31 35.00 36.31 35.45 43 8000.00 283774.00
19/04/2017 35.41 34.20 35.64 34.20 25 4700.00 164539.00
20/04/2017 34.56 34.49 36.55 36.20 67 16700.00 591727.00
24/04/2017 39.00 38.01 40.30 39.50 148 30100.00 1187056.00
25/04/2017 40.18 40.03 44.00 43.00 197 41500.00 1764707.00
26/04/2017 42.79 41.62 44.37 41.62 179 42800.00 1825496.00
27/04/2017 42.33 39.00 42.61 39.10 101 25700.00 1045100.00
28/04/2017 39.79 37.00 40.00 39.00 148 33000.00 1257924.00
02/05/2017 40.52 40.00 44.00 40.00 108 19200.00 800459.00
03/05/2017 40.98 38.50 41.20 38.50 141 33200.00 1314937.00
04/05/2017 39.90 36.01 39.90 37.99 144 35200.00 1321263.00
05/05/2017 41.01 34.31 41.15 34.91 472 115000.00 4230525.00
08/05/2017 35.00 29.70 35.00 31.70 414 89400.00 2831280.00
09/05/2017 32.00 31.85 33.48 32.75 77 13000.00 424180.00
10/05/2017 33.50 32.80 34.12 32.90 71 12900.00 430611.00
11/05/2017 33.44 32.30 33.46 32.90 28 5600.00 184142.00
12/05/2017 32.90 32.10 33.20 32.50 44 8500.00 277075.00
15/05/2017 32.14 32.14 33.00 32.72 30 5400.00 176192.00
16/05/2017 32.90 32.82 34.30 32.82 51 13900.00 464058.00
17/05/2017 32.81 32.50 33.00 32.50 8 1000.00 32662.00
18/05/2017 26.01 26.01 30.50 30.44 113 26900.00 748527.00
19/05/2017 30.15 29.15 32.75 32.50 59 18700.00 585098.00
22/05/2017 31.99 30.00 31.99 30.00 17 2200.00 68048.00
23/05/2017 30.12 30.00 31.50 30.00 28 3900.00 119626.00
24/05/2017 31.46 29.62 31.46 29.62 23 8000.00 241155.00
25/05/2017 31.30 28.40 31.90 28.63 85 27700.00 816771.00
26/05/2017 29.02 28.80 29.49 29.35 30 7800.00 226887.00
29/05/2017 29.00 29.00 30.40 29.70 24 6500.00 193539.00
30/05/2017 29.70 29.20 30.40 29.84 21 4400.00 131089.00
31/05/2017 30.30 29.10 30.99 29.89 22 5700.00 170878.00
01/06/2017 29.90 29.21 30.30 29.87 16 3100.00 92447.00
02/06/2017 30.20 28.50 30.20 28.91 33 8000.00 230946.00
05/06/2017 29.91 28.25 29.91 28.85 20 3700.00 106231.00
06/06/2017 29.30 28.01 29.30 28.05 27 4200.00 118314.00
07/06/2017 28.12 27.00 29.75 27.89 40 9400.00 265702.00
08/06/2017 28.20 26.66 28.20 28.03 37 7700.00 212033.00
09/06/2017 28.30 28.30 30.52 30.10 87 19400.00 575901.00
12/06/2017 31.00 29.55 31.00 30.58 20 4000.00 120393.00
13/06/2017 29.51 29.15 30.32 29.99 20 4300.00 127378.00
14/06/2017 30.50 29.35 30.50 29.35 20 3200.00 95145.00
16/06/2017 29.90 28.70 29.97 29.30 18 4800.00 141307.00
