20/06/2016 60.50 60.50 60.50 60.50 2 200.00 12100.00
22/06/2016 60.40 60.35 60.40 60.36 9 1100.00 66392.00
23/06/2016 60.26 60.00 61.98 61.98 18 5200.00 317071.00
24/06/2016 61.10 61.00 62.31 62.31 17 3200.00 197766.00
27/06/2016 61.10 61.10 62.29 62.29 16 2300.00 142073.00
28/06/2016 62.29 62.29 62.99 62.99 11 4800.00 300865.00
29/06/2016 62.93 62.59 62.99 62.87 12 2200.00 137948.00
30/06/2016 62.50 62.50 62.50 62.50 3 1300.00 81250.00
01/07/2016 62.72 62.72 62.72 62.72 2 200.00 12544.00
04/07/2016 62.27 62.00 62.35 62.00 17 2600.00 161277.00
05/07/2016 62.30 62.00 62.30 62.00 13 2100.00 130328.00
06/07/2016 62.01 62.01 62.03 62.03 6 900.00 55823.00
07/07/2016 62.03 61.90 62.30 62.00 10 3300.00 205034.00
08/07/2016 62.01 62.01 62.30 62.30 3 300.00 18632.00
11/07/2016 62.49 61.48 62.49 62.00 6 2600.00 162098.00
12/07/2016 62.00 62.00 62.10 62.03 8 8000.00 496049.00
13/07/2016 62.46 62.01 62.46 62.10 4 1600.00 99819.00
14/07/2016 62.02 62.02 62.05 62.05 2 200.00 12407.00
15/07/2016 62.11 62.00 62.11 62.00 8 1600.00 99298.00
18/07/2016 62.00 62.00 62.07 62.01 7 800.00 49611.00
19/07/2016 61.91 61.87 62.00 62.00 7 2300.00 142399.00
20/07/2016 61.90 61.90 61.90 61.90 1 200.00 12380.00
21/07/2016 61.90 61.90 62.00 62.00 2 300.00 18580.00
22/07/2016 61.90 61.84 61.90 61.84 5 2400.00 148442.00
25/07/2016 62.10 62.02 62.14 62.14 5 500.00 31050.00
26/07/2016 63.41 63.30 63.70 63.53 22 6100.00 387370.00
27/07/2016 63.30 63.30 63.75 63.69 10 5300.00 336929.00
28/07/2016 63.30 63.29 63.60 63.60 11 2800.00 177341.00
29/07/2016 63.90 63.80 63.90 63.80 10 3000.00 191428.00
01/08/2016 63.55 63.51 63.60 63.60 4 900.00 57216.00
02/08/2016 63.61 63.60 63.80 63.80 15 8800.00 560659.00
03/08/2016 63.75 63.75 63.99 63.76 7 3400.00 216775.00
04/08/2016 63.75 63.75 63.97 63.97 11 3100.00 197751.00
05/08/2016 63.70 63.70 63.95 63.95 2 200.00 12765.00
08/08/2016 63.70 63.70 63.97 63.97 2 300.00 19164.00
09/08/2016 64.00 64.00 64.00 64.00 7 1100.00 70400.00
10/08/2016 64.00 63.80 64.00 63.97 21 21200.00 1354624.00
11/08/2016 63.80 63.80 63.95 63.94 23 7600.00 485112.00
12/08/2016 63.76 63.76 63.95 63.95 20 8300.00 529579.00
15/08/2016 63.77 63.77 63.95 63.95 5 500.00 31912.00
16/08/2016 64.00 64.00 64.30 64.30 9 1500.00 96137.00
17/08/2016 64.30 64.09 64.40 64.40 10 2300.00 147624.00
18/08/2016 64.15 64.15 64.55 64.55 10 3400.00 218741.00
19/08/2016 64.12 64.11 64.31 64.31 4 400.00 25685.00
22/08/2016 64.20 64.20 64.20 64.20 8 1000.00 64200.00
23/08/2016 64.00 63.55 64.10 64.10 10 1400.00 89573.00
24/08/2016 63.80 63.64 64.90 64.90 24 2800.00 180959.00
25/08/2016 64.43 63.20 64.43 63.20 12 1500.00 95587.00
26/08/2016 63.20 63.20 64.68 64.68 15 1500.00 95790.00
29/08/2016 63.77 63.77 64.50 64.50 7 700.00 44876.00
30/08/2016 64.49 64.49 64.49 64.49 1 100.00 6449.00
01/09/2016 64.03 64.00 64.10 64.10 7 700.00 44844.00
02/09/2016 64.17 64.17 64.22 64.17 7 1000.00 64181.00
05/09/2016 63.71 63.50 64.00 64.00 4 400.00 25517.00
09/09/2016 64.02 64.02 64.08 64.07 5 1500.00 96052.00
12/09/2016 64.14 64.14 64.14 64.14 1 100.00 6414.00
14/09/2016 64.14 64.14 64.15 64.15 2 400.00 25658.00
15/09/2016 64.50 64.14 64.50 64.14 2 200.00 12864.00
21/09/2016 64.25 64.25 64.50 64.50 4 700.00 45121.00
23/09/2016 64.29 64.28 64.29 64.28 3 300.00 19285.00
26/09/2016 64.28 64.28 64.28 64.28 2 200.00 12856.00
