07/11/2016 12.91 12.76 13.24 13.04 62 14200.00 184949.00
08/11/2016 12.85 12.77 13.10 12.77 68 19800.00 254030.00
09/11/2016 12.40 12.20 13.25 12.81 127 45900.00 588740.00
10/11/2016 12.81 12.33 12.84 12.70 86 218700.00 2730378.00
11/11/2016 12.41 11.81 12.65 11.82 65 16700.00 201949.00
14/11/2016 11.81 11.15 12.00 11.35 105 40000.00 456006.00
16/11/2016 11.35 11.26 12.87 12.87 178 47500.00 576119.00
17/11/2016 12.95 11.97 12.95 12.50 112 32500.00 404071.00
18/11/2016 12.35 12.10 12.50 12.30 66 20500.00 251792.00
21/11/2016 12.43 12.05 12.43 12.23 67 20500.00 250163.00
22/11/2016 12.22 11.95 12.29 11.95 103 24400.00 294135.00
23/11/2016 11.90 11.65 12.02 11.81 71 14000.00 164858.00
24/11/2016 11.82 11.35 11.82 11.35 97 22800.00 260242.00
25/11/2016 11.18 10.61 11.18 10.61 104 33000.00 358896.00
28/11/2016 10.71 10.02 10.71 10.02 133 35400.00 358081.00
29/11/2016 10.09 10.00 10.13 10.01 161 31300.00 314046.00
30/11/2016 10.30 10.01 10.30 10.02 156 54900.00 550072.00
01/12/2016 9.86 9.61 10.19 10.19 78 68300.00 685896.00
02/12/2016 10.00 9.82 10.11 10.03 108 20700.00 207789.00
05/12/2016 10.01 10.00 11.80 11.39 157 89400.00 1019038.00
06/12/2016 11.55 11.50 11.67 11.67 32 18300.00 212048.00
07/12/2016 11.70 11.48 11.75 11.75 54 11000.00 127853.00
08/12/2016 11.60 11.22 11.82 11.27 75 12600.00 144388.00
09/12/2016 11.27 11.05 11.27 11.07 54 9700.00 107856.00
12/12/2016 11.07 10.51 11.07 10.75 51 28400.00 305287.00
13/12/2016 10.56 10.56 10.94 10.85 53 12500.00 134291.00
14/12/2016 10.70 10.41 10.74 10.45 72 17700.00 187061.00
15/12/2016 10.35 10.31 10.80 10.60 69 12900.00 135283.00
16/12/2016 10.36 10.36 11.00 10.62 69 519000.00 5467329.00
19/12/2016 10.65 10.50 10.80 10.50 46 8900.00 94537.00
20/12/2016 10.45 10.45 10.75 10.60 43 6300.00 66426.00
21/12/2016 10.50 10.50 10.70 10.55 41 5600.00 59351.00
22/12/2016 10.52 10.16 10.52 10.29 61 32900.00 338922.00
23/12/2016 10.29 10.04 10.29 10.04 104 12500.00 126816.00
26/12/2016 10.01 10.01 10.39 10.35 67 10900.00 111435.00
27/12/2016 10.22 10.14 10.48 10.14 50 6900.00 70671.00
28/12/2016 10.09 10.02 10.24 10.07 54 6800.00 68837.00
29/12/2016 10.03 10.00 10.28 10.00 44 32100.00 321363.00
02/01/2017 10.25 10.10 10.25 10.10 6 4100.00 41564.00
03/01/2017 10.11 10.07 10.70 10.40 62 19300.00 200393.00
04/01/2017 10.11 10.11 10.54 10.40 48 36100.00 376137.00
05/01/2017 10.30 10.30 10.47 10.37 52 6500.00 67519.00
06/01/2017 10.37 10.06 10.59 10.18 75 17500.00 180592.00
09/01/2017 10.32 10.17 10.50 10.21 57 13700.00 140870.00
10/01/2017 10.31 10.14 10.31 10.30 49 13400.00 137447.00
11/01/2017 10.15 10.15 10.30 10.29 50 10900.00 111706.00
12/01/2017 10.30 10.30 10.68 10.50 72 43900.00 459527.00
13/01/2017 10.41 10.41 10.70 10.67 72 11200.00 118589.00
16/01/2017 10.67 10.53 10.95 10.87 80 41500.00 448732.00
17/01/2017 10.87 10.87 11.75 11.68 141 35400.00 406566.00
18/01/2017 11.75 11.70 12.77 12.10 187 60100.00 736088.00
19/01/2017 12.30 11.90 12.49 12.14 60 19300.00 233309.00
20/01/2017 12.02 11.36 12.23 11.86 104 23300.00 276767.00
23/01/2017 11.70 11.42 11.70 11.54 70 29400.00 340015.00
24/01/2017 11.50 11.04 11.50 11.29 86 20100.00 226353.00
26/01/2017 11.15 11.05 11.88 11.84 113 31900.00 371833.00
27/01/2017 11.51 11.51 11.94 11.91 100 28200.00 333140.00
30/01/2017 11.71 11.68 11.90 11.78 89 28100.00 331329.00
31/01/2017 11.80 11.80 12.79 12.60 137 39300.00 485233.00
01/02/2017 12.85 12.50 12.94 12.92 125 34800.00 443659.00
02/02/2017 12.94 12.40 13.00 12.40 213 2303800.00 29931707.00
03/02/2017 12.31 12.02 12.85 12.60 123 28900.00 362577.00
06/02/2017 12.70 12.63 13.20 12.95 91 17700.00 229442.00
07/02/2017 12.74 12.60 12.95 12.84 73 12800.00 162547.00
08/02/2017 12.61 12.52 12.83 12.75 79 13700.00 173380.00
09/02/2017 12.56 12.53 12.79 12.74 63 7700.00 97391.00
10/02/2017 12.60 12.60 12.89 12.89 77 17200.00 220503.00
13/02/2017 12.71 12.48 12.99 12.51 94 31400.00 396931.00
14/02/2017 12.52 12.24 12.57 12.31 74 22700.00 281398.00
15/02/2017 12.22 12.22 13.20 13.14 195 42600.00 552212.00
16/02/2017 13.30 13.21 14.60 14.57 358 115600.00 1628608.00
17/02/2017 14.90 13.70 14.90 14.20 106 34000.00 485107.00
20/02/2017 14.26 13.99 14.75 14.46 105 35900.00 515579.00
21/02/2017 14.57 14.25 14.85 14.59 101 26100.00 377161.00
22/02/2017 14.69 14.31 14.69 14.55 29 8600.00 124847.00
23/02/2017 14.55 13.91 14.55 14.20 49 18500.00 261923.00
24/02/2017 13.84 13.84 14.47 14.44 45 19600.00 281255.00
01/03/2017 14.39 14.04 14.39 14.04 20 16300.00 229748.00
02/03/2017 13.86 13.36 14.00 13.75 48 26400.00 362056.00
03/03/2017 13.84 13.71 13.98 13.80 25 38000.00 524697.00
06/03/2017 13.84 13.72 13.93 13.72 17 5400.00 74497.00
07/03/2017 13.60 13.51 13.63 13.51 32 8100.00 109756.00
08/03/2017 13.60 12.75 13.61 13.35 40 19000.00 252121.00
09/03/2017 13.04 13.04 14.20 13.46 58 42200.00 576904.00
10/03/2017 13.84 13.40 13.85 13.40 14 23300.00 312711.00
13/03/2017 13.50 13.50 13.50 13.50 13 9600.00 129600.00
14/03/2017 13.41 13.40 13.48 13.42 15 5400.00 72493.00
15/03/2017 13.31 13.29 13.50 13.43 12 18100.00 242795.00
16/03/2017 13.40 13.40 13.60 13.56 12 5900.00 79720.00
17/03/2017 13.80 13.29 13.80 13.30 17 25600.00 341909.00
20/03/2017 13.29 13.10 13.34 13.20 26 32300.00 426483.00
21/03/2017 13.34 13.06 13.34 13.28 52 12700.00 167261.00
22/03/2017 13.03 13.02 13.25 13.25 13 2600.00 34291.00
23/03/2017 13.08 13.04 13.08 13.06 8 7900.00 103146.00
24/03/2017 13.05 13.05 13.11 13.10 9 1700.00 22267.00
27/03/2017 13.25 13.05 13.25 13.05 17 9000.00 117791.00
28/03/2017 13.05 13.05 13.22 13.22 9 5700.00 75089.00
29/03/2017 13.28 13.17 13.30 13.30 5 14600.00 192878.00
30/03/2017 13.30 13.24 13.30 13.24 12 5100.00 67543.00
31/03/2017 13.44 13.24 13.44 13.25 20 9200.00 122204.00
03/04/2017 13.39 13.36 13.65 13.42 38 32600.00 440577.00
04/04/2017 13.41 13.33 13.59 13.39 14 7500.00 100531.00
05/04/2017 13.63 13.35 13.63 13.36 13 6700.00 90127.00
06/04/2017 13.36 13.35 13.49 13.35 21 15600.00 208461.00
07/04/2017 13.57 13.35 13.57 13.56 11 8600.00 116439.00
10/04/2017 13.56 13.36 13.60 13.40 13 10200.00 137166.00
11/04/2017 13.41 13.11 13.42 13.25 24 10000.00 133268.00
12/04/2017 13.28 12.91 13.28 13.05 145 38800.00 506570.00
13/04/2017 12.87 12.87 13.06 12.91 11 3500.00 45246.00
17/04/2017 13.00 13.00 13.20 13.15 15 14100.00 185406.00
18/04/2017 13.00 12.82 13.09 12.82 139 36700.00 471599.00
19/04/2017 12.83 12.31 12.89 12.51 45 20000.00 253634.00
20/04/2017 12.65 12.33 12.89 12.89 22 30800.00 388921.00
24/04/2017 12.93 12.92 12.94 12.92 7 6200.00 80121.00
25/04/2017 12.80 12.63 12.94 12.94 17 24300.00 311891.00
26/04/2017 12.94 12.84 12.94 12.84 5 7200.00 92500.00
27/04/2017 12.94 12.86 12.94 12.86 3 300.00 3866.00
28/04/2017 12.94 12.78 12.94 12.78 12 17200.00 220023.00
02/05/2017 13.05 12.85 13.13 12.95 17 18100.00 235258.00
03/05/2017 13.15 12.80 13.20 12.80 19 9100.00 118068.00
04/05/2017 12.82 12.81 13.53 13.49 46 33900.00 455219.00
05/05/2017 13.55 13.50 13.80 13.50 38 18300.00 248816.00
08/05/2017 13.47 13.40 13.65 13.55 22 14500.00 195931.00
09/05/2017 13.55 13.55 13.59 13.59 12 6300.00 85580.00
10/05/2017 13.60 13.51 13.80 13.65 17 9900.00 135213.00
11/05/2017 13.66 13.30 13.66 13.60 64 18000.00 243478.00
12/05/2017 13.55 13.31 13.80 13.80 28 13000.00 177619.00
15/05/2017 13.80 13.80 14.07 13.90 30 13200.00 183815.00
16/05/2017 13.80 13.77 14.08 14.08 33 11800.00 164752.00
17/05/2017 13.88 13.87 14.20 13.99 37 13000.00 182032.00
18/05/2017 13.50 12.15 13.50 12.95 60 58600.00 755859.00
19/05/2017 12.95 12.95 13.29 13.16 27 29700.00 393263.00
22/05/2017 13.15 13.12 13.55 13.55 30 10700.00 143594.00
23/05/2017 13.55 13.55 13.87 13.65 21 9400.00 128299.00
24/05/2017 13.66 13.50 13.83 13.82 28 7700.00 104677.00
25/05/2017 13.82 13.58 13.83 13.80 26 10800.00 148041.00
26/05/2017 13.61 13.61 13.99 13.84 37 23500.00 325266.00
29/05/2017 13.56 13.56 13.87 13.87 23 5500.00 75179.00
30/05/2017 13.99 13.64 13.99 13.90 30 6900.00 95430.00
31/05/2017 13.94 13.71 13.94 13.71 13 13900.00 190965.00
01/06/2017 13.52 13.52 13.95 13.89 19 7400.00 102720.00
02/06/2017 13.68 13.68 14.00 13.84 29 6100.00 84433.00
05/06/2017 13.97 13.70 13.97 13.79 26 13300.00 182659.00
06/06/2017 13.79 13.64 13.79 13.75 17 8900.00 121753.00
07/06/2017 15.50 15.20 16.25 15.50 185 55300.00 860504.00
08/06/2017 15.55 15.52 16.40 16.38 177 78800.00 1256923.00
09/06/2017 16.47 16.11 16.74 16.11 123 49200.00 809214.00
12/06/2017 16.44 16.21 16.46 16.24 49 14900.00 242918.00
13/06/2017 16.54 16.20 16.82 16.20 81 25700.00 424854.00
14/06/2017 16.27 16.21 16.45 16.21 45 12700.00 207808.00
16/06/2017 16.42 16.00 16.43 16.20 44 19300.00 312865.00
