20/06/2016 5.04 5.04 5.35 5.20 412 67800.00 354030.00
21/06/2016 5.23 5.10 5.38 5.13 582 126400.00 652204.00
22/06/2016 5.12 5.10 5.25 5.21 206 77200.00 398364.00
23/06/2016 5.16 5.16 5.59 5.30 714 353800.00 1869048.00
24/06/2016 5.19 4.95 5.35 5.34 366 90000.00 463014.00
27/06/2016 5.35 5.20 5.36 5.28 287 69000.00 363093.00
28/06/2016 5.38 5.30 5.49 5.42 237 46400.00 250221.00
29/06/2016 5.44 5.42 5.69 5.68 478 81600.00 456072.00
30/06/2016 5.68 5.55 5.99 5.97 426 80300.00 464636.00
01/07/2016 5.94 5.83 6.37 6.20 543 217200.00 1339188.00
04/07/2016 6.20 6.14 6.44 6.17 245 61500.00 385128.00
05/07/2016 6.15 5.92 6.15 6.02 303 51700.00 314301.00
06/07/2016 5.97 5.85 6.07 6.04 236 39400.00 233925.00
07/07/2016 6.10 6.09 6.54 6.43 381 223700.00 1432562.00
08/07/2016 6.45 6.36 7.05 7.02 1153 264000.00 1837097.00
11/07/2016 7.05 7.04 7.77 7.49 1032 285000.00 2120390.00
12/07/2016 7.54 7.35 7.74 7.40 793 161900.00 1213495.00
13/07/2016 7.33 7.06 7.33 7.20 476 168400.00 1213863.00
14/07/2016 7.25 7.25 7.69 7.60 442 393200.00 2946859.00
15/07/2016 7.70 7.70 8.01 7.89 464 141400.00 1120281.00
18/07/2016 8.03 7.95 8.49 8.15 307 498800.00 4066457.00
19/07/2016 8.15 8.05 8.34 8.28 694 327500.00 2680145.00
20/07/2016 8.42 8.11 8.43 8.13 355 408000.00 3323782.00
21/07/2016 8.17 8.13 8.70 8.25 981 337900.00 2870032.00
22/07/2016 8.36 8.27 8.70 8.56 572 1150900.00 9596740.00
25/07/2016 8.82 8.58 9.00 8.78 482 154700.00 1373462.00
26/07/2016 8.88 8.40 8.91 8.40 806 152700.00 1310808.00
27/07/2016 8.32 8.17 8.65 8.30 539 725300.00 6039181.00
28/07/2016 8.57 7.90 8.60 8.59 436 105000.00 868298.00
29/07/2016 8.60 8.34 8.68 8.53 258 108800.00 927985.00
01/08/2016 8.49 8.48 8.82 8.74 326 60100.00 521264.00
02/08/2016 8.79 8.51 9.05 8.90 502 151500.00 1322630.00
03/08/2016 8.90 8.74 9.22 9.14 365 143500.00 1292040.00
04/08/2016 9.30 8.59 9.40 9.00 541 287200.00 2602495.00
05/08/2016 9.12 8.72 9.13 9.05 565 148900.00 1329611.00
08/08/2016 9.14 8.77 9.14 9.00 289 67300.00 601720.00
09/08/2016 9.10 8.83 9.10 8.99 390 84400.00 758457.00
10/08/2016 8.93 8.78 9.00 8.80 347 118700.00 1048488.00
11/08/2016 8.79 8.77 9.16 9.03 339 96700.00 867324.00
12/08/2016 9.00 8.80 9.09 9.00 275 76500.00 685827.00
15/08/2016 9.09 8.81 9.09 8.81 263 54800.00 489562.00
16/08/2016 8.81 8.63 8.89 8.87 443 112000.00 984233.00
17/08/2016 8.92 8.63 8.92 8.70 304 75900.00 663530.00
18/08/2016 8.66 8.16 8.69 8.54 742 187000.00 1566662.00
19/08/2016 8.47 8.32 8.70 8.68 405 78200.00 669506.00
22/08/2016 8.59 8.21 8.59 8.27 398 84700.00 710085.00
23/08/2016 8.40 8.35 8.55 8.39 231 33800.00 285368.00
24/08/2016 8.31 8.15 8.65 8.65 479 201600.00 1712149.00
25/08/2016 8.64 8.33 8.70 8.35 390 122100.00 1029330.00
26/08/2016 8.40 8.40 8.56 8.55 237 50000.00 424674.00
29/08/2016 8.44 8.41 8.75 8.75 484 76600.00 664113.00
30/08/2016 8.77 8.52 8.78 8.75 582 75900.00 655014.00
31/08/2016 8.81 8.48 8.90 8.70 467 73600.00 636535.00
01/09/2016 8.79 8.58 9.00 8.85 333 47400.00 418854.00
02/09/2016 8.89 8.79 8.91 8.85 263 51300.00 454489.00
05/09/2016 8.78 8.76 9.10 8.91 302 122900.00 1093402.00
06/09/2016 8.93 8.75 9.18 9.00 738 158700.00 1415992.00
08/09/2016 8.99 8.82 9.19 8.95 496 61900.00 552036.00
09/09/2016 8.99 8.57 8.99 8.75 570 126700.00 1098677.00
12/09/2016 8.97 8.31 8.97 8.51 383 108900.00 929398.00
13/09/2016 8.52 7.92 8.52 8.27 500 269400.00 2206457.00
14/09/2016 8.29 8.03 8.29 8.10 265 85400.00 694921.00
15/09/2016 8.15 8.05 8.19 8.09 300 55500.00 450826.00
16/09/2016 8.11 7.81 8.14 7.90 253 52300.00 416037.00
19/09/2016 8.03 8.00 8.20 8.15 403 69400.00 562900.00
20/09/2016 8.18 8.06 8.45 8.30 1294 315200.00 2606161.00
21/09/2016 8.39 8.16 8.54 8.32 766 167300.00 1378178.00
22/09/2016 8.25 8.17 8.53 8.38 507 88500.00 737914.00
23/09/2016 8.39 8.26 8.49 8.33 356 67200.00 562944.00
26/09/2016 8.30 8.16 8.43 8.20 397 54200.00 446317.00
27/09/2016 8.25 8.07 8.47 8.18 355 80900.00 664506.00
28/09/2016 8.33 8.05 8.37 8.22 577 118300.00 968240.00
29/09/2016 8.24 8.05 8.30 8.28 550 88700.00 733075.00
30/09/2016 8.29 8.18 8.39 8.30 308 80800.00 668525.00
03/10/2016 8.29 8.18 8.34 8.31 400 80200.00 663437.00
04/10/2016 8.31 8.06 8.31 8.27 398 175100.00 1439521.00
05/10/2016 8.26 8.20 8.40 8.27 592 399500.00 3294016.00
06/10/2016 8.30 8.21 8.47 8.30 563 126700.00 1051777.00
07/10/2016 8.30 8.24 8.37 8.28 313 99000.00 819612.00
10/10/2016 8.28 8.28 8.64 8.60 354 75400.00 644127.00
11/10/2016 8.47 8.47 8.78 8.73 255 40300.00 349261.00
13/10/2016 8.73 8.51 8.73 8.51 411 108000.00 926833.00
14/10/2016 8.57 8.40 8.60 8.46 361 50400.00 429290.00
17/10/2016 8.57 8.38 8.57 8.46 274 36300.00 307433.00
18/10/2016 8.46 8.42 8.57 8.49 450 303200.00 2574608.00
19/10/2016 8.55 8.41 8.56 8.41 359 210200.00 1785453.00
20/10/2016 8.42 8.08 8.42 8.09 1395 219800.00 1795124.00
21/10/2016 8.09 8.09 8.20 8.11 447 89800.00 730931.00
24/10/2016 8.12 8.02 8.20 8.12 350 69600.00 564422.00
25/10/2016 8.12 8.05 8.37 8.17 229 35200.00 286225.00
26/10/2016 8.12 8.06 8.45 8.45 259 84600.00 706100.00
27/10/2016 8.38 8.35 8.50 8.39 271 498200.00 4189393.00
28/10/2016 8.47 8.25 8.51 8.35 237 145800.00 1224120.00
31/10/2016 8.43 8.04 8.44 8.04 288 75900.00 619164.00
01/11/2016 8.11 7.90 8.30 8.02 765 198000.00 1604913.00
03/11/2016 8.03 7.50 8.03 7.60 478 229800.00 1770812.00
04/11/2016 7.64 7.42 7.66 7.45 274 54200.00 407198.00
07/11/2016 7.45 7.45 8.01 7.97 349 61000.00 477581.00
08/11/2016 8.06 7.80 8.10 7.80 301 64500.00 508991.00
09/11/2016 8.04 7.52 8.04 7.55 312 81300.00 626528.00
10/11/2016 7.64 7.01 7.87 7.55 694 190000.00 1408443.00
11/11/2016 7.47 7.20 7.89 7.82 551 179500.00 1379623.00
14/11/2016 8.04 7.64 8.04 7.78 594 112700.00 874863.00
16/11/2016 7.63 7.37 8.15 8.00 749 220000.00 1710660.00
17/11/2016 8.01 7.56 8.10 7.70 568 117000.00 914497.00
18/11/2016 7.75 7.51 7.75 7.56 325 61100.00 467089.00
21/11/2016 7.56 7.25 7.77 7.45 717 245200.00 1835306.00
22/11/2016 7.57 7.30 7.58 7.45 364 77400.00 574668.00
23/11/2016 7.52 7.33 7.74 7.60 378 117500.00 885467.00
24/11/2016 7.60 7.51 7.82 7.60 315 54600.00 416581.00
25/11/2016 7.50 7.40 7.70 7.61 434 303700.00 2292789.00
28/11/2016 7.48 7.47 7.77 7.60 301 37700.00 285734.00
29/11/2016 7.60 7.33 7.60 7.54 441 78600.00 584813.00
30/11/2016 7.58 7.49 7.88 7.70 1066 129800.00 994913.00
01/12/2016 7.60 7.35 7.67 7.39 360 54200.00 405041.00
02/12/2016 7.39 7.08 7.49 7.33 614 140000.00 1027293.00
05/12/2016 7.34 7.22 7.39 7.37 282 54800.00 401100.00
06/12/2016 7.25 7.05 7.50 7.30 601 149400.00 1081224.00
07/12/2016 7.35 7.11 7.35 7.20 356 83500.00 602969.00
08/12/2016 7.24 7.11 7.26 7.14 335 74200.00 530924.00
09/12/2016 7.18 7.11 7.24 7.20 304 42500.00 304699.00
12/12/2016 7.20 7.05 7.27 7.08 211 41000.00 291846.00
13/12/2016 7.07 7.02 7.25 7.12 437 81500.00 579625.00
14/12/2016 7.14 7.00 7.19 7.00 363 103400.00 730115.00
15/12/2016 7.01 6.63 7.03 6.94 749 211500.00 1450751.00
16/12/2016 6.98 6.95 7.18 7.10 224 100900.00 713084.00
19/12/2016 7.13 6.99 7.22 7.10 287 53500.00 380097.00
20/12/2016 7.10 7.07 7.47 7.28 518 187400.00 1345840.00
21/12/2016 7.30 7.16 7.42 7.30 375 101500.00 743199.00
22/12/2016 7.38 7.25 7.41 7.27 209 31800.00 232843.00
23/12/2016 7.30 7.22 7.34 7.29 221 30300.00 220808.00
26/12/2016 7.35 7.25 7.39 7.34 222 38100.00 278841.00
27/12/2016 7.40 7.31 7.59 7.38 636 192500.00 1427773.00
28/12/2016 7.37 7.37 7.65 7.59 133 43200.00 326502.00
29/12/2016 7.56 7.50 7.70 7.69 124 116500.00 893633.00
02/01/2017 7.70 7.46 7.91 7.47 400 65100.00 490911.00
03/01/2017 7.50 7.46 7.65 7.55 832 151400.00 1148914.00
04/01/2017 7.53 7.53 7.93 7.91 541 171400.00 1339269.00
05/01/2017 7.97 7.90 8.41 8.39 440 168200.00 1383200.00
06/01/2017 8.38 8.26 8.46 8.29 459 75900.00 633695.00
09/01/2017 8.30 8.30 8.50 8.40 507 61100.00 514672.00
10/01/2017 8.36 8.24 8.55 8.24 888 224500.00 1893613.00
11/01/2017 8.38 8.36 8.70 8.70 493 92800.00 790700.00
12/01/2017 8.95 8.60 8.95 8.82 1142 226700.00 1996939.00
13/01/2017 8.72 8.46 8.89 8.89 833 278600.00 2420538.00
16/01/2017 8.85 8.70 8.95 8.82 503 71400.00 630891.00
17/01/2017 8.84 8.73 9.20 9.06 1219 299100.00 2711371.00
18/01/2017 8.95 8.91 9.42 9.00 1599 346200.00 3157340.00
19/01/2017 9.01 8.67 9.21 8.73 680 111800.00 983829.00
20/01/2017 8.69 8.69 9.15 9.15 844 188000.00 1671729.00
23/01/2017 9.26 8.80 9.26 8.92 596 108500.00 971297.00
24/01/2017 8.86 8.79 9.00 8.90 718 409300.00 3675008.00
26/01/2017 8.99 8.98 9.25 9.15 626 174100.00 1590516.00
27/01/2017 9.24 9.14 9.38 9.38 595 134300.00 1244134.00
30/01/2017 9.34 9.34 9.91 9.45 726 237400.00 2251106.00
31/01/2017 9.46 9.35 9.65 9.41 656 131900.00 1243696.00
01/02/2017 9.46 9.30 9.63 9.39 735 166800.00 1567197.00
02/02/2017 9.36 9.30 9.42 9.39 488 116900.00 1095461.00
03/02/2017 9.43 9.18 9.59 9.40 678 540500.00 5057480.00
06/02/2017 9.63 9.39 9.63 9.50 622 165100.00 1571992.00
07/02/2017 9.65 9.40 9.65 9.51 542 74300.00 704979.00
08/02/2017 9.88 9.44 9.90 9.85 669 139900.00 1362234.00
09/02/2017 9.84 9.74 9.96 9.94 430 59800.00 589663.00
10/02/2017 9.94 9.76 10.33 10.24 1743 502300.00 5093911.00
13/02/2017 10.32 10.29 10.69 10.61 726 157200.00 1651740.00
14/02/2017 10.61 10.46 10.67 10.55 765 189800.00 2009167.00
15/02/2017 10.66 10.66 11.35 11.00 1771 516300.00 5671846.00
16/02/2017 11.10 11.04 11.32 11.32 2703 361700.00 4045881.00
17/02/2017 11.36 11.06 11.49 11.19 1058 239000.00 2679898.00
20/02/2017 11.36 11.25 11.46 11.27 708 107900.00 1226062.00
21/02/2017 11.41 11.17 11.53 11.35 1406 489100.00 5569728.00
22/02/2017 11.29 11.15 11.44 11.25 892 214400.00 2415591.00
23/02/2017 11.39 10.95 11.65 11.10 1811 446400.00 4970452.00
24/02/2017 11.08 10.80 11.26 11.14 845 194800.00 2142847.00
01/03/2017 11.14 10.80 11.26 10.80 893 136600.00 1519532.00
02/03/2017 11.01 10.86 11.39 11.00 530 186000.00 2049553.00
03/03/2017 11.10 10.90 11.19 10.90 597 100700.00 1113629.00
06/03/2017 10.95 10.70 11.22 10.71 435 63800.00 694735.00
07/03/2017 10.73 10.63 11.28 10.95 602 76200.00 824588.00
08/03/2017 10.90 10.55 11.24 10.79 542 105800.00 1144005.00
09/03/2017 10.69 10.52 10.78 10.55 389 52600.00 559277.00
10/03/2017 10.70 10.41 11.18 10.99 1000 228600.00 2467905.00
13/03/2017 10.97 10.83 12.00 11.98 1500 398700.00 4588080.00
14/03/2017 12.14 12.09 12.41 12.30 1068 872500.00 10732117.00
15/03/2017 12.26 11.66 12.39 12.00 1449 619400.00 7429944.00
16/03/2017 12.07 11.72 12.10 11.85 777 157000.00 1867032.00
17/03/2017 11.91 11.67 11.95 11.88 513 94000.00 1111307.00
20/03/2017 11.94 11.73 12.00 12.00 934 169800.00 2013396.00
21/03/2017 12.09 11.60 12.26 11.61 930 209400.00 2468942.00
22/03/2017 11.81 11.49 12.15 12.05 1622 452300.00 5365998.00
23/03/2017 11.99 11.68 12.07 11.95 484 63900.00 754651.00
24/03/2017 12.01 11.78 12.16 11.85 719 221100.00 2641557.00
27/03/2017 11.83 11.60 11.85 11.60 640 113300.00 1323674.00
28/03/2017 11.64 11.55 11.96 11.79 1190 247200.00 2905217.00
29/03/2017 11.89 11.58 11.89 11.73 513 154200.00 1807661.00
30/03/2017 11.79 11.67 11.99 11.88 378 50900.00 601287.00
31/03/2017 11.67 11.55 11.97 11.55 749 177300.00 2078293.00
03/04/2017 11.51 11.51 12.01 11.95 847 144000.00 1716349.00
04/04/2017 12.00 11.75 12.00 11.99 461 60600.00 722396.00
05/04/2017 11.94 11.93 12.30 12.30 751 245000.00 2965656.00
06/04/2017 12.31 11.85 12.31 11.85 710 245700.00 2956347.00
07/04/2017 11.90 11.60 12.11 11.70 1271 198300.00 2332760.00
10/04/2017 11.75 11.50 11.76 11.55 1122 236500.00 2744191.00
11/04/2017 11.63 11.49 11.90 11.50 824 204400.00 2371411.00
12/04/2017 11.52 11.20 11.64 11.36 1060 173200.00 1964573.00
13/04/2017 11.39 10.79 11.48 11.25 1248 714000.00 7912782.00
17/04/2017 11.40 11.09 12.08 12.07 1065 189000.00 2243266.00
18/04/2017 12.04 11.86 12.34 12.19 1989 449300.00 5484828.00
19/04/2017 12.19 11.91 12.19 12.03 371 43000.00 516592.00
20/04/2017 11.94 11.75 12.21 12.02 417 52600.00 630789.00
24/04/2017 12.02 11.95 12.29 12.20 443 58100.00 704263.00
25/04/2017 12.19 11.79 12.19 12.09 1291 209700.00 2507768.00
26/04/2017 12.11 11.96 12.18 12.10 589 89600.00 1081100.00
27/04/2017 12.11 12.02 12.27 12.20 450 90600.00 1102641.00
28/04/2017 12.19 12.13 13.10 13.04 1413 359100.00 4569167.00
02/05/2017 13.01 12.75 13.29 13.00 520 233100.00 3039521.00
03/05/2017 13.04 12.77 13.04 12.96 474 64600.00 831620.00
04/05/2017 12.99 12.49 13.01 12.90 508 164900.00 2094083.00
05/05/2017 13.03 13.03 13.15 13.05 806 160900.00 2104888.00
08/05/2017 13.01 12.91 13.15 13.15 460 228800.00 2987890.00
09/05/2017 13.20 13.18 13.56 13.50 534 132000.00 1769663.00
10/05/2017 13.57 13.40 13.80 13.54 551 102400.00 1389206.00
11/05/2017 13.68 13.29 13.87 13.82 611 235000.00 3234011.00
12/05/2017 13.85 13.80 14.00 13.98 1213 221500.00 3087659.00
15/05/2017 13.91 13.73 14.06 13.91 966 327000.00 4515509.00
16/05/2017 13.93 13.80 14.19 14.10 568 155100.00 2172368.00
17/05/2017 14.12 14.01 14.18 14.10 684 291800.00 4121196.00
18/05/2017 12.01 11.85 12.79 12.20 1409 686300.00 8446520.00
19/05/2017 12.50 12.26 12.99 12.59 1870 468300.00 5881467.00
22/05/2017 12.30 11.70 12.39 11.99 1199 349400.00 4188823.00
23/05/2017 12.68 11.97 12.69 12.00 1550 504000.00 6117665.00
24/05/2017 12.20 11.96 12.71 12.71 2761 709700.00 8788569.00
25/05/2017 12.86 12.71 13.36 13.00 1020 596600.00 7769936.00
26/05/2017 13.16 12.98 13.36 13.25 582 222700.00 2920843.00
29/05/2017 13.15 13.11 13.30 13.29 416 68200.00 901931.00
30/05/2017 13.41 13.29 13.77 13.29 1281 463300.00 6262533.00
31/05/2017 13.45 13.02 13.60 13.50 798 117200.00 1561204.00
01/06/2017 13.63 13.42 13.82 13.67 569 95000.00 1296263.00
02/06/2017 13.86 13.23 13.86 13.34 1535 214200.00 2874941.00
05/06/2017 13.38 13.20 13.76 13.50 1205 171900.00 2329389.00
06/06/2017 13.48 13.45 13.69 13.60 882 162800.00 2206157.00
07/06/2017 13.68 13.64 14.42 14.25 1075 317000.00 4479801.00
08/06/2017 14.25 13.92 14.25 14.10 588 96400.00 1356015.00
09/06/2017 14.10 13.80 14.27 13.84 639 108700.00 1510054.00
12/06/2017 13.92 13.40 13.98 13.77 601 108200.00 1483369.00
13/06/2017 13.93 13.57 14.01 13.96 810 141000.00 1958034.00
14/06/2017 14.15 13.78 14.16 13.99 686 136800.00 1905112.00
16/06/2017 14.05 13.86 14.47 14.00 816 133800.00 1868950.00
