20/06/2016 3.01 2.93 3.10 2.93 4 424.83 1289.00
22/06/2016 2.85 2.85 2.85 2.85 1 106.20 302.00
27/06/2016 2.84 2.84 2.84 2.84 7 743.44 2107.00
29/06/2016 2.93 2.93 2.95 2.95 3 318.61 938.00
30/06/2016 3.10 3.10 3.10 3.10 2 212.41 660.00
01/07/2016 3.01 3.01 3.01 3.01 1 106.20 320.00
04/07/2016 3.01 3.01 3.01 3.01 1 106.20 320.00
05/07/2016 3.10 3.07 3.11 3.10 8 849.65 2638.00
06/07/2016 2.93 2.90 2.93 2.91 5 531.03 1541.00
07/07/2016 3.30 3.30 3.30 3.30 1 106.20 350.00
08/07/2016 3.30 3.30 3.34 3.34 3 318.61 1055.00
11/07/2016 3.10 3.10 3.10 3.10 2 212.41 660.00
12/07/2016 3.10 3.10 3.10 3.10 1 106.20 330.00
13/07/2016 3.10 3.10 3.10 3.10 13 1380.67 4290.00
15/07/2016 3.10 3.10 3.10 3.10 1 106.20 330.00
20/07/2016 3.15 3.11 3.15 3.11 6 1486.89 4682.00
21/07/2016 3.20 3.13 3.20 3.13 4 1593.09 5002.00
25/07/2016 3.13 3.11 3.13 3.11 2 212.41 664.00
26/07/2016 3.11 3.11 3.11 3.11 1 212.41 662.00
27/07/2016 3.14 3.14 3.15 3.15 2 212.41 669.00
29/07/2016 3.24 3.24 3.74 3.74 10 1168.26 3989.00
01/08/2016 3.74 3.74 3.74 3.74 2 318.61 1194.00
02/08/2016 3.64 3.15 3.64 3.15 9 955.85 3090.00
03/08/2016 3.61 3.61 3.73 3.72 4 424.83 1567.00
04/08/2016 3.96 3.96 3.98 3.97 5 531.03 2105.00
05/08/2016 3.85 3.76 3.86 3.76 5 531.03 2029.00
08/08/2016 4.24 3.39 4.24 3.39 6 637.23 2560.00
09/08/2016 3.41 3.29 3.41 3.29 20 2124.12 7097.00
10/08/2016 3.30 3.08 3.30 3.08 3 416.30 1350.00
11/08/2016 3.17 3.17 3.17 3.17 1 104.07 330.00
12/08/2016 3.61 3.07 3.61 3.07 19 2185.59 7351.00
15/08/2016 3.08 3.07 3.11 3.11 8 1144.83 3528.00
16/08/2016 3.12 3.12 3.12 3.12 9 936.68 2925.00
17/08/2016 3.12 3.11 3.12 3.11 11 1144.83 3566.00
18/08/2016 3.12 3.12 3.28 3.13 21 4058.94 13005.00
19/08/2016 3.13 3.13 3.27 3.27 3 312.23 992.00
23/08/2016 3.31 3.15 3.31 3.15 3 312.23 1009.00
25/08/2016 3.27 3.27 3.27 3.27 1 104.07 340.00
26/08/2016 3.28 3.17 3.28 3.17 2 208.15 671.00
29/08/2016 3.22 3.22 3.22 3.22 1 312.23 1005.00
30/08/2016 3.22 3.22 3.22 3.22 2 208.15 670.00
01/09/2016 3.23 3.23 3.23 3.23 1 104.07 336.00
02/09/2016 3.21 3.21 3.27 3.27 2 1144.83 3734.00
05/09/2016 3.18 3.18 3.56 3.56 9 1248.90 4157.00
06/09/2016 3.37 3.22 3.37 3.22 22 2705.97 8883.00
08/09/2016 3.28 3.27 3.28 3.27 5 520.38 1703.00
09/09/2016 3.27 3.19 3.27 3.25 19 1977.44 6440.00
12/09/2016 3.54 3.46 3.56 3.46 10 1248.90 4405.00
15/09/2016 3.30 3.27 3.30 3.27 3 312.23 1025.00
16/09/2016 3.36 3.36 3.36 3.36 5 1248.90 4200.00
21/09/2016 3.45 3.27 3.45 3.27 2 208.15 699.00
22/09/2016 3.36 3.27 3.47 3.34 8 832.61 2820.00
26/09/2016 3.27 3.27 3.27 3.27 23 2810.04 9180.00
27/09/2016 3.26 3.26 3.26 3.26 1 104.07 339.00
28/09/2016 3.22 3.22 3.22 3.22 2 520.38 1675.00
29/09/2016 3.19 3.18 3.19 3.18 2 1977.44 6292.00
30/09/2016 3.12 3.12 3.26 3.22 4 936.68 2989.00
03/10/2016 3.22 3.17 3.22 3.17 5 1561.14 4995.00
04/10/2016 3.02 2.97 3.17 3.02 9 3226.34 9885.00
05/10/2016 3.02 3.02 3.07 3.07 7 3226.34 9775.00
06/10/2016 3.07 3.03 3.07 3.03 3 728.53 2232.00
07/10/2016 3.07 3.07 3.08 3.08 3 1248.90 3850.00
10/10/2016 3.17 3.17 3.18 3.17 5 6348.61 20131.00
11/10/2016 3.32 3.17 3.36 3.17 31 3850.80 12356.00
13/10/2016 3.36 3.18 3.36 3.32 6 728.53 2416.00
17/10/2016 3.31 3.31 3.31 3.31 1 104.07 344.00
18/10/2016 3.32 3.17 3.36 3.34 9 3018.19 10007.00
19/10/2016 3.20 3.20 3.35 3.32 4 520.38 1705.00
20/10/2016 3.35 3.17 3.36 3.35 8 936.68 3084.00
21/10/2016 3.20 3.20 3.36 3.36 3 416.30 1382.00
24/10/2016 3.36 3.36 3.38 3.36 7 2289.66 7722.00
25/10/2016 3.38 3.38 3.39 3.39 3 312.23 1057.00
26/10/2016 3.53 3.53 3.56 3.56 2 1040.76 3697.00
28/10/2016 3.53 3.51 3.53 3.51 3 520.38 1831.00
31/10/2016 3.51 3.37 3.51 3.37 19 3226.34 11131.00
01/11/2016 3.51 3.37 3.51 3.38 18 2914.11 9846.00
03/11/2016 3.37 3.26 3.64 3.36 12 1352.98 4687.00
04/11/2016 3.30 3.27 3.36 3.36 14 2705.97 8967.00
07/11/2016 3.36 3.17 3.36 3.27 7 2810.04 9067.00
08/11/2016 3.27 3.27 3.27 3.27 5 1769.28 5780.00
09/11/2016 3.27 3.27 3.41 3.40 14 2563.85 8723.00
10/11/2016 3.42 3.01 3.61 3.11 33 6153.24 20969.00
11/11/2016 2.93 2.93 3.12 2.95 10 1948.53 5789.00
14/11/2016 2.94 2.93 3.22 3.22 20 3794.50 11321.00
16/11/2016 3.22 3.22 3.22 3.22 2 205.11 660.00
17/11/2016 3.22 3.22 3.72 3.72 8 922.99 3363.00
18/11/2016 3.70 3.06 3.70 3.35 5 512.77 1677.00
21/11/2016 3.70 3.12 3.70 3.41 9 1128.09 3728.00
22/11/2016 3.70 3.31 3.71 3.60 9 922.99 3307.00
23/11/2016 3.25 3.25 3.46 3.46 3 820.43 2752.00
24/11/2016 3.51 3.41 3.51 3.41 3 615.32 2130.00
25/11/2016 3.36 3.32 3.51 3.51 22 3794.50 12940.00
28/11/2016 3.51 3.51 3.71 3.71 12 1640.86 5988.00
29/11/2016 3.71 3.71 3.76 3.76 14 3691.94 13769.00
30/11/2016 3.76 3.46 3.76 3.75 5 1128.09 4210.00
01/12/2016 3.33 3.30 3.41 3.41 25 4512.38 15265.00
02/12/2016 3.66 3.66 3.66 3.66 1 307.66 1125.00
05/12/2016 3.37 3.37 3.66 3.56 6 1025.54 3650.00
06/12/2016 3.64 3.56 3.64 3.56 3 410.22 1468.00
07/12/2016 3.56 3.33 3.87 3.33 24 4409.82 16148.00
08/12/2016 3.45 3.45 3.64 3.64 19 3897.05 13675.00
09/12/2016 3.41 3.34 3.43 3.34 15 2153.63 7285.00
12/12/2016 3.37 3.08 3.37 3.08 12 1845.97 6009.00
13/12/2016 3.09 3.09 3.22 3.22 3 615.32 1967.00
14/12/2016 3.22 3.06 3.39 3.09 33 7486.44 23862.00
15/12/2016 3.00 2.93 3.04 2.93 25 3179.17 9523.00
16/12/2016 2.97 2.74 2.97 2.88 33 4614.93 13204.00
19/12/2016 2.88 2.88 2.92 2.88 11 2256.19 6521.00
21/12/2016 2.88 2.79 3.00 3.00 16 3794.50 10761.00
22/12/2016 2.93 2.93 3.00 2.94 20 4204.71 12345.00
23/12/2016 2.95 2.94 2.95 2.94 5 717.88 2117.00
26/12/2016 2.94 2.94 3.07 2.94 8 1743.42 5173.00
27/12/2016 2.94 2.86 2.94 2.93 21 2563.85 7485.00
28/12/2016 2.93 2.89 2.93 2.93 5 717.88 2088.00
29/12/2016 2.89 2.83 2.92 2.92 7 1333.20 3818.00
02/01/2017 2.92 2.92 2.99 2.99 4 410.22 1212.00
03/01/2017 2.99 2.99 3.12 3.01 11 2358.74 7259.00
04/01/2017 3.07 3.06 3.10 3.08 11 1948.53 5998.00
05/01/2017 3.08 3.08 3.08 3.08 1 102.55 316.00
06/01/2017 3.02 2.94 3.08 2.94 16 2871.51 8606.00
09/01/2017 2.94 2.94 3.05 3.05 8 2666.40 8086.00
10/01/2017 2.85 2.85 3.05 3.05 9 2563.85 7611.00
11/01/2017 2.98 2.90 3.05 2.95 18 3384.28 10077.00
12/01/2017 3.20 2.96 3.37 3.12 17 3179.17 9967.00
13/01/2017 3.36 3.36 3.40 3.39 9 1845.97 6266.00
16/01/2017 3.49 3.30 3.49 3.36 15 2358.74 8000.00
17/01/2017 3.28 3.27 3.46 3.29 20 2871.51 9484.00
18/01/2017 3.27 3.27 3.27 3.27 9 2461.30 8040.00
19/01/2017 3.09 3.07 3.12 3.08 24 3794.50 11716.00
20/01/2017 3.08 3.02 3.08 3.06 5 717.88 2188.00
23/01/2017 3.12 2.92 3.27 2.92 132 19280.15 58739.00
24/01/2017 2.94 2.90 2.95 2.93 192 25946.16 76036.00
26/01/2017 2.97 2.90 3.11 3.11 185 48815.70 143832.00
27/01/2017 3.14 3.05 3.22 3.05 36 6768.56 21308.00
30/01/2017 2.97 2.88 2.97 2.91 151 19485.26 56922.00
31/01/2017 2.93 2.83 3.00 2.86 132 26766.59 76839.00
01/02/2017 2.99 2.92 2.99 2.92 15 4512.38 13224.00
02/02/2017 2.93 2.79 3.10 2.80 354 50456.57 143078.00
03/02/2017 2.83 2.83 2.94 2.94 36 14665.22 42591.00
06/02/2017 2.94 2.89 3.01 2.97 31 7896.66 23363.00
07/02/2017 2.94 2.94 3.00 3.00 11 1743.42 5202.00
08/02/2017 2.99 2.99 3.07 3.07 39 7794.10 23655.00
09/02/2017 3.06 2.99 3.07 2.99 149 21844.00 66025.00
10/02/2017 3.08 3.00 3.08 3.07 21 4717.48 14338.00
13/02/2017 3.08 3.03 3.19 3.19 24 4307.27 13412.00
14/02/2017 3.03 2.99 3.15 3.14 19 3384.28 10379.00
15/02/2017 3.02 3.02 3.20 3.17 32 8101.77 25593.00
16/02/2017 3.20 3.07 3.20 3.07 18 3281.73 10176.00
17/02/2017 3.13 3.07 3.19 3.07 22 3384.28 10615.00
20/02/2017 3.08 3.00 3.08 3.00 7 922.99 2824.00
21/02/2017 3.00 2.96 3.16 2.99 30 8409.43 25477.00
22/02/2017 3.08 2.99 3.08 3.02 40 10665.62 32428.00
23/02/2017 3.07 3.07 3.07 3.07 51 14870.33 45675.00
24/02/2017 3.07 3.07 3.12 3.12 23 5948.13 18292.00
01/03/2017 3.10 2.93 3.20 3.08 94 29330.44 89307.00
02/03/2017 3.08 2.98 3.13 3.11 22 11691.16 35590.00
03/03/2017 2.99 2.99 3.05 3.00 42 10870.72 32831.00
06/03/2017 3.01 3.01 3.18 3.03 29 6153.24 18837.00
07/03/2017 3.07 3.04 3.07 3.04 9 1538.31 4699.00
08/03/2017 3.04 2.89 3.05 2.93 176 29945.77 88765.00
09/03/2017 2.97 2.87 2.97 2.91 140 26561.49 77643.00
10/03/2017 3.01 2.83 3.01 2.84 84 21331.23 61759.00
13/03/2017 2.84 2.75 3.41 3.02 870 335966.90 1018752.00
14/03/2017 3.11 2.97 3.27 3.02 614 260076.94 800252.00
15/03/2017 3.04 2.69 3.07 2.91 1575 643423.80 1815703.00
16/03/2017 2.92 2.74 2.93 2.81 741 265409.75 741865.00
17/03/2017 2.82 2.73 2.85 2.74 530 255564.57 709459.00
20/03/2017 2.76 2.71 2.81 2.73 418 138653.01 379605.00
21/03/2017 2.76 2.64 2.77 2.65 390 148293.08 399822.00
22/03/2017 2.66 2.63 2.76 2.64 387 99169.72 265035.00
23/03/2017 2.69 2.61 2.69 2.65 314 96810.98 256947.00
24/03/2017 2.66 2.57 2.69 2.64 234 109117.46 285854.00
27/03/2017 2.64 2.62 2.74 2.69 236 62250.28 166841.00
28/03/2017 2.72 2.69 2.85 2.77 174 57532.79 158121.00
29/03/2017 2.77 2.70 2.81 2.74 160 47174.84 130327.00
30/03/2017 2.74 2.69 2.78 2.69 176 42149.69 114950.00
31/03/2017 2.70 2.64 2.74 2.64 603 185725.29 498129.00
03/04/2017 2.71 2.64 2.71 2.65 146 48405.49 128658.00
04/04/2017 2.65 2.61 2.66 2.64 168 54045.96 142609.00
05/04/2017 2.69 2.57 2.71 2.71 450 141421.97 372095.00
06/04/2017 2.67 2.59 2.69 2.66 165 56507.25 148932.00
07/04/2017 2.63 2.60 2.68 2.60 249 88504.10 231909.00
10/04/2017 2.60 2.60 2.67 2.65 52 28510.01 75211.00
11/04/2017 2.65 2.61 2.66 2.63 149 45533.98 120062.00
12/04/2017 2.63 2.59 2.67 2.61 167 46354.41 121225.00
13/04/2017 2.62 2.60 2.63 2.63 132 38765.41 101606.00
17/04/2017 2.61 2.58 2.65 2.63 64 34970.91 91666.00
18/04/2017 2.63 2.61 2.68 2.63 228 57225.13 151010.00
19/04/2017 2.63 2.59 2.65 2.61 179 66660.10 174021.00
20/04/2017 2.61 2.61 2.72 2.65 169 54763.84 145658.00
24/04/2017 2.71 2.58 2.71 2.68 178 69839.27 184923.00
25/04/2017 2.68 2.61 2.69 2.63 117 42252.25 112216.00
26/04/2017 2.65 2.61 2.67 2.61 150 58558.33 154448.00
27/04/2017 2.65 2.57 2.67 2.58 353 96298.21 250715.00
28/04/2017 2.61 2.58 2.63 2.59 224 55891.93 145288.00
02/05/2017 2.62 2.57 2.66 2.65 111 43072.68 113144.00
03/05/2017 2.64 2.61 2.65 2.65 70 43585.45 114816.00
04/05/2017 2.65 2.52 2.66 2.56 385 116398.79 300617.00
05/05/2017 2.57 2.54 2.63 2.63 151 69634.17 181050.00
08/05/2017 2.66 2.63 2.76 2.69 258 115783.47 311593.00
09/05/2017 2.74 2.69 2.77 2.69 302 87170.90 237781.00
10/05/2017 2.75 2.71 2.76 2.75 150 64916.68 177847.00
11/05/2017 2.78 2.70 2.78 2.70 239 54100.00 148251.00
12/05/2017 2.72 2.67 2.74 2.68 210 63300.00 171243.00
15/05/2017 2.72 2.66 2.72 2.67 133 41800.00 112184.00
16/05/2017 2.67 2.59 2.68 2.60 390 128800.00 337402.00
17/05/2017 2.61 2.56 2.64 2.64 158 73400.00 191001.00
18/05/2017 2.45 2.25 2.59 2.47 377 111700.00 277782.00
19/05/2017 2.49 2.47 2.57 2.55 140 91300.00 230421.00
22/05/2017 2.56 2.49 2.56 2.50 187 94900.00 239240.00
23/05/2017 2.52 2.51 2.59 2.54 82 31600.00 80578.00
24/05/2017 2.57 2.50 2.63 2.59 162 92500.00 237753.00
25/05/2017 2.60 2.57 2.64 2.60 138 76500.00 199156.00
26/05/2017 2.63 2.59 2.69 2.59 126 52900.00 139190.00
29/05/2017 2.64 2.63 2.68 2.67 53 30800.00 81599.00
30/05/2017 2.74 2.70 2.74 2.74 149 77500.00 211487.00
31/05/2017 2.76 2.67 2.80 2.74 269 70500.00 192841.00
01/06/2017 2.74 2.69 2.78 2.70 172 76900.00 211397.00
02/06/2017 2.71 2.71 2.77 2.77 94 49300.00 135976.00
05/06/2017 2.77 2.71 2.77 2.76 57 25200.00 69262.00
06/06/2017 2.72 2.65 2.72 2.66 127 35900.00 96357.00
07/06/2017 2.68 2.66 2.71 2.70 78 27400.00 73682.00
08/06/2017 2.69 2.66 2.69 2.67 60 15700.00 42035.00
09/06/2017 2.67 2.66 2.70 2.69 22 10300.00 27579.00
12/06/2017 2.69 2.67 2.71 2.69 52 39800.00 107215.00
13/06/2017 2.69 2.69 2.75 2.74 54 10300.00 28092.00
14/06/2017 2.73 2.72 2.77 2.77 73 26200.00 72095.00
16/06/2017 2.72 2.72 2.85 2.83 205 53900.00 151754.00
