20/06/2016 2.61 2.59 2.67 2.59 3 326.12 856.00
21/06/2016 2.65 2.65 2.65 2.65 1 108.71 288.00
22/06/2016 2.65 2.65 2.67 2.67 2 434.85 1154.00
23/06/2016 2.67 2.67 2.67 2.67 1 108.71 290.00
27/06/2016 2.56 2.51 2.59 2.51 15 4348.47 11132.00
28/06/2016 2.56 2.56 2.56 2.56 2 217.42 554.00
29/06/2016 2.58 2.56 2.58 2.58 8 2174.24 5597.00
30/06/2016 2.58 2.58 2.61 2.61 3 869.70 2248.00
01/07/2016 2.67 2.67 2.68 2.67 6 760.98 2031.00
04/07/2016 2.67 2.59 2.95 2.59 6 1087.11 3002.00
05/07/2016 2.69 2.69 2.69 2.69 7 3043.94 8176.00
06/07/2016 2.76 2.76 2.77 2.76 7 2609.08 7204.00
07/07/2016 2.76 2.76 2.82 2.76 7 1087.11 3014.00
08/07/2016 2.76 2.76 2.83 2.83 2 652.27 1807.00
11/07/2016 2.93 2.78 2.93 2.88 4 1087.11 3085.00
12/07/2016 2.91 2.91 2.91 2.91 1 108.71 317.00
13/07/2016 2.85 2.85 2.91 2.87 17 5109.46 14792.00
14/07/2016 2.88 2.88 2.88 2.88 1 108.71 313.00
15/07/2016 2.85 2.71 2.85 2.73 6 1087.11 3018.00
18/07/2016 2.85 2.85 2.86 2.86 2 326.12 928.00
19/07/2016 2.82 2.82 2.82 2.82 1 108.71 306.00
20/07/2016 2.82 2.82 2.82 2.82 5 2174.24 6120.00
21/07/2016 2.82 2.82 2.87 2.87 2 869.70 2468.00
25/07/2016 2.87 2.87 2.87 2.87 1 217.42 622.00
27/07/2016 3.11 3.11 3.11 3.11 1 434.85 1356.00
29/07/2016 3.07 3.06 3.07 3.06 12 4565.89 14064.00
01/08/2016 3.07 3.07 3.12 3.12 4 4457.18 13804.00
02/08/2016 3.12 3.12 3.19 3.17 12 5544.31 17529.00
03/08/2016 3.09 3.09 3.12 3.12 4 1195.83 3713.00
04/08/2016 3.12 3.08 3.13 3.12 13 11306.02 35445.00
05/08/2016 3.27 3.13 3.30 3.13 13 10218.92 32441.00
08/08/2016 3.13 3.12 3.35 3.34 9 2282.94 7312.00
09/08/2016 3.36 3.29 3.36 3.31 21 8044.67 26532.00
10/08/2016 3.20 3.15 3.23 3.15 4 1065.87 3412.00
11/08/2016 3.19 3.19 3.28 3.19 3 852.69 2738.00
12/08/2016 3.27 3.27 3.47 3.47 24 10658.61 36192.00
15/08/2016 3.29 3.29 3.47 3.29 10 3410.76 11363.00
16/08/2016 3.26 3.26 3.29 3.29 11 3837.10 12556.00
17/08/2016 3.29 3.27 3.29 3.29 14 5009.55 16438.00
18/08/2016 3.28 3.24 3.28 3.24 21 8740.06 28342.00
19/08/2016 3.27 3.27 3.32 3.32 5 959.28 3163.00
23/08/2016 3.26 3.23 3.26 3.23 6 1475.16 4772.00
24/08/2016 3.33 3.33 3.33 3.33 1 105.36 350.00
26/08/2016 3.22 3.18 3.22 3.20 5 842.95 2697.00
30/08/2016 3.13 3.13 3.18 3.18 6 1369.80 4322.00
31/08/2016 3.13 3.13 3.18 3.18 2 210.74 665.00
01/09/2016 3.35 3.33 3.35 3.35 3 421.48 1409.00
05/09/2016 3.78 3.41 3.78 3.41 10 4636.22 16126.00
06/09/2016 3.33 3.31 3.36 3.31 22 9693.92 32365.00
08/09/2016 3.61 3.25 3.61 3.28 14 4214.75 13867.00
09/09/2016 3.41 3.12 3.42 3.12 25 8008.03 26362.00
12/09/2016 3.21 3.01 3.21 3.04 13 4109.39 12494.00
15/09/2016 3.12 3.08 3.12 3.08 7 1159.06 3583.00
16/09/2016 3.03 3.00 3.03 3.00 6 3793.27 11424.00
19/09/2016 3.03 3.03 3.03 3.03 1 105.36 320.00
20/09/2016 3.03 3.03 3.03 3.03 1 316.10 960.00
21/09/2016 3.02 3.02 3.13 3.13 5 948.31 2924.00
22/09/2016 3.13 2.97 3.13 3.10 17 5900.65 18025.00
26/09/2016 3.05 3.03 3.17 3.12 33 10852.98 33477.00
27/09/2016 3.12 3.02 3.15 3.15 20 6427.50 20064.00
28/09/2016 3.22 3.13 3.23 3.23 12 4741.59 14999.00
29/09/2016 3.22 3.22 3.22 3.22 1 421.48 1356.00
30/09/2016 3.22 3.18 3.22 3.18 3 421.48 1347.00
03/10/2016 3.09 3.09 3.18 3.17 3 632.22 1982.00
04/10/2016 3.12 3.08 3.12 3.08 3 632.22 1954.00
05/10/2016 3.04 3.04 3.08 3.07 5 526.84 1612.00
06/10/2016 3.00 3.00 3.16 3.13 4 1159.06 3580.00
07/10/2016 3.11 3.06 3.11 3.06 7 948.31 2914.00
10/10/2016 3.06 3.06 3.06 3.06 1 105.36 323.00
11/10/2016 2.98 2.96 3.08 2.96 10 2844.95 8683.00
13/10/2016 2.94 2.93 2.98 2.98 15 4846.97 14249.00
14/10/2016 2.98 2.98 2.98 2.98 3 316.10 945.00
17/10/2016 2.98 2.98 2.98 2.98 7 1369.80 4095.00
18/10/2016 2.98 2.94 3.09 3.03 11 3161.06 9520.00
19/10/2016 2.96 2.96 2.96 2.96 1 105.36 312.00
20/10/2016 2.97 2.94 3.06 3.03 15 4004.00 11931.00
21/10/2016 3.08 3.04 3.08 3.04 5 1475.16 4506.00
24/10/2016 3.12 3.00 3.12 3.00 10 6322.13 19458.00
25/10/2016 3.05 3.05 3.10 3.10 4 1369.80 4223.00
26/10/2016 3.10 3.09 3.13 3.09 7 8008.03 25070.00
27/10/2016 3.17 3.17 3.17 3.17 7 3687.91 11690.00
28/10/2016 3.14 3.13 3.14 3.13 7 6638.23 20800.00
31/10/2016 3.10 3.05 3.15 3.05 17 9483.19 29771.00
01/11/2016 3.10 2.96 3.11 2.96 23 11801.30 36239.00
03/11/2016 2.96 2.91 3.04 2.91 20 7270.45 21547.00
04/11/2016 3.01 2.96 3.07 2.96 24 13697.95 41031.00
07/11/2016 3.04 3.01 3.07 3.07 4 842.95 2574.00
08/11/2016 3.07 3.07 3.07 3.07 5 5373.80 16524.00
09/11/2016 2.90 2.86 3.08 3.03 35 15145.84 45235.00
10/11/2016 3.03 2.80 3.03 2.81 56 33818.78 98301.00
11/11/2016 2.80 2.62 2.89 2.62 18 5809.36 16047.00
14/11/2016 2.74 2.60 2.77 2.65 28 14938.36 40089.00
16/11/2016 2.65 2.61 2.74 2.74 7 2074.78 5534.00
17/11/2016 2.65 2.59 2.67 2.62 14 5913.09 15542.00
18/11/2016 2.63 2.60 2.90 2.60 15 6639.27 18117.00
21/11/2016 2.91 2.80 2.91 2.83 17 6224.32 17797.00
22/11/2016 2.80 2.79 2.88 2.88 13 2800.95 7862.00
23/11/2016 2.85 2.80 2.85 2.80 4 1867.30 5276.00
24/11/2016 2.80 2.70 2.80 2.70 11 4460.75 12274.00
25/11/2016 2.77 2.63 2.77 2.64 57 42532.82 114606.00
28/11/2016 2.80 2.62 2.85 2.69 27 11826.20 31704.00
29/11/2016 2.75 2.65 2.75 2.65 26 18984.16 50839.00
30/11/2016 2.63 2.56 2.68 2.57 36 9336.48 24493.00
01/12/2016 2.61 2.57 2.61 2.58 27 14523.40 37543.00
02/12/2016 2.56 2.56 2.56 2.56 24 62865.57 160592.00
05/12/2016 2.56 2.46 2.56 2.46 25 24378.57 60626.00
06/12/2016 2.54 2.54 2.56 2.55 4 1244.86 3175.00
07/12/2016 2.56 2.55 2.56 2.56 21 8506.56 21710.00
08/12/2016 2.56 2.47 2.56 2.49 38 20436.50 51279.00
09/12/2016 2.65 2.49 2.65 2.49 55 34129.99 85706.00
12/12/2016 2.51 2.50 2.56 2.50 12 4511.52 11295.00
13/12/2016 2.49 2.49 2.54 2.54 2 1230.41 3065.00
14/12/2016 2.52 2.49 2.56 2.49 60 29632.48 73721.00
15/12/2016 2.49 2.49 2.52 2.49 51 15380.18 38253.00
16/12/2016 2.56 2.49 2.56 2.51 78 41526.48 103427.00
19/12/2016 2.48 2.48 2.57 2.49 9 5229.26 13250.00
20/12/2016 2.55 2.54 2.58 2.58 9 3178.57 8164.00
21/12/2016 2.54 2.54 2.62 2.58 40 14047.23 36085.00
22/12/2016 2.58 2.53 2.61 2.54 27 19276.49 49705.00
23/12/2016 2.63 2.56 2.68 2.63 11 4511.52 11843.00
26/12/2016 2.58 2.58 2.63 2.63 4 7177.42 18575.00
27/12/2016 2.63 2.58 2.93 2.64 40 14047.23 38376.00
28/12/2016 2.73 2.63 2.73 2.64 17 5741.93 15485.00
29/12/2016 2.71 2.62 2.73 2.62 19 5024.19 13522.00
02/01/2017 2.64 2.62 2.64 2.62 6 3896.31 10235.00
03/01/2017 2.67 2.62 2.83 2.82 24 15072.57 40621.00
04/01/2017 2.88 2.78 2.88 2.83 18 6254.61 17478.00
05/01/2017 2.83 2.73 2.83 2.73 7 3383.64 9257.00
06/01/2017 2.69 2.63 2.69 2.63 23 10150.92 27087.00
09/01/2017 2.65 2.60 2.68 2.61 20 8510.37 22451.00
10/01/2017 2.71 2.58 2.72 2.71 21 7690.09 20693.00
11/01/2017 2.71 2.65 2.74 2.65 17 8510.37 23136.00
12/01/2017 2.76 2.76 2.95 2.83 20 9125.57 25635.00
13/01/2017 2.82 2.78 2.83 2.79 10 4203.92 11792.00
16/01/2017 2.79 2.72 2.79 2.79 37 17635.94 48429.00
17/01/2017 2.82 2.75 2.82 2.75 29 7279.95 20367.00
18/01/2017 2.80 2.75 2.83 2.77 16 5741.93 16000.00
19/01/2017 2.78 2.73 2.82 2.77 28 12611.75 35191.00
20/01/2017 2.78 2.77 2.83 2.81 11 2153.22 6038.00
23/01/2017 2.84 2.73 2.88 2.87 338 86846.74 247473.00
24/01/2017 2.93 2.78 2.93 2.85 272 112685.44 319076.00
26/01/2017 2.83 2.79 2.90 2.79 318 158313.30 447853.00
27/01/2017 2.82 2.75 2.82 2.81 54 30145.15 83501.00
30/01/2017 2.82 2.79 2.84 2.80 191 73107.11 206178.00
31/01/2017 2.84 2.79 2.85 2.79 135 77413.56 219556.00
01/02/2017 2.81 2.78 2.86 2.83 17 6152.07 17324.00
02/02/2017 2.85 2.83 2.96 2.96 472 170925.04 491869.00
03/02/2017 2.93 2.89 2.96 2.96 18 9638.24 28205.00
06/02/2017 2.95 2.93 2.97 2.93 21 8510.37 25097.00
07/02/2017 2.96 2.88 2.96 2.89 15 3076.04 8940.00
08/02/2017 2.88 2.86 2.95 2.95 37 13432.02 38742.00
09/02/2017 2.93 2.88 2.93 2.90 270 84180.84 245645.00
10/02/2017 2.93 2.88 2.94 2.94 20 8202.76 23861.00
13/02/2017 2.96 2.90 2.98 2.96 21 7485.02 22109.00
14/02/2017 2.98 2.93 2.99 2.93 22 6562.21 19422.00
15/02/2017 2.95 2.92 3.00 3.00 32 17225.80 50736.00
16/02/2017 3.00 2.95 3.03 2.96 15 7587.55 22620.00
17/02/2017 3.08 2.94 3.08 2.94 22 7792.62 23351.00
20/02/2017 3.00 2.96 3.00 2.97 14 4921.66 14731.00
21/02/2017 3.02 3.02 3.07 3.04 26 26351.37 80004.00
22/02/2017 3.04 3.04 3.10 3.04 43 33426.25 103038.00
23/02/2017 3.09 3.02 3.09 3.07 45 30350.22 93294.00
24/02/2017 3.06 3.06 3.14 3.12 22 7690.09 23805.00
01/03/2017 3.17 3.12 3.30 3.20 55 33221.18 106627.00
02/03/2017 3.18 3.11 3.18 3.11 13 3178.57 9961.00
03/03/2017 3.15 3.07 3.15 3.07 33 14662.44 45322.00
06/03/2017 3.12 3.02 3.12 3.02 38 14970.04 46054.00
07/03/2017 3.04 3.04 3.08 3.07 26 8612.90 26411.00
08/03/2017 3.09 2.99 3.09 3.02 188 120170.46 364251.00
09/03/2017 3.02 2.87 3.02 2.95 165 93716.55 275347.00
10/03/2017 2.96 2.85 2.96 2.85 105 51164.72 147391.00
13/03/2017 2.86 2.86 3.80 3.31 2124 2431606.11 8016822.00
14/03/2017 3.46 3.36 3.77 3.66 1823 2625806.48 9499520.00
15/03/2017 3.78 3.12 3.86 3.12 2864 3548104.48 11807285.00
16/03/2017 3.18 2.98 3.27 2.99 1335 1494748.21 4613229.00
17/03/2017 3.02 2.91 3.07 2.91 960 978281.84 2894967.00
20/03/2017 2.95 2.92 2.99 2.96 659 625768.17 1839608.00
21/03/2017 2.93 2.82 2.94 2.84 666 717946.70 2054831.00
22/03/2017 2.88 2.76 2.88 2.79 597 693338.41 1941209.00
23/03/2017 2.82 2.77 2.83 2.79 532 426235.99 1188119.00
24/03/2017 2.80 2.68 2.80 2.71 542 518824.66 1415479.00
27/03/2017 2.68 2.65 2.76 2.71 786 271306.34 738987.00
28/03/2017 2.76 2.71 2.78 2.76 342 274177.30 750125.00
29/03/2017 2.78 2.74 2.80 2.74 368 276022.92 762226.00
30/03/2017 2.79 2.70 2.79 2.72 372 225268.34 617300.00
31/03/2017 2.75 2.65 2.75 2.65 890 715075.73 1925690.00
03/04/2017 2.67 2.66 2.72 2.69 394 263821.32 709944.00
04/04/2017 2.73 2.68 2.74 2.70 278 212554.06 574645.00
05/04/2017 2.71 2.59 2.71 2.66 722 513697.94 1356405.00
06/04/2017 2.68 2.62 2.70 2.63 298 253157.73 670569.00
07/04/2017 2.65 2.59 2.65 2.64 436 316729.13 828066.00
10/04/2017 2.66 2.63 2.67 2.67 139 129706.17 344599.00
11/04/2017 2.68 2.62 2.70 2.65 300 277048.27 735071.00
12/04/2017 2.65 2.61 2.67 2.63 298 235624.32 619646.00
13/04/2017 2.65 2.60 2.65 2.63 273 239828.24 628763.00
17/04/2017 2.63 2.60 2.65 2.64 161 115556.40 303826.00
18/04/2017 2.66 2.60 2.66 2.61 470 186817.89 492183.00
19/04/2017 2.66 2.60 2.73 2.60 538 567733.63 1504459.00
20/04/2017 2.63 2.60 2.71 2.67 510 320420.37 850101.00
24/04/2017 2.70 2.63 2.70 2.67 378 220551.75 587323.00
25/04/2017 2.68 2.64 2.70 2.64 307 188663.51 503276.00
26/04/2017 2.65 2.63 2.69 2.69 223 254593.21 681375.00
27/04/2017 2.70 2.62 2.73 2.63 485 413214.11 1104320.00
28/04/2017 2.67 2.60 2.68 2.63 334 317959.54 835989.00
02/05/2017 2.63 2.62 2.67 2.65 214 252850.12 669181.00
03/05/2017 2.65 2.63 2.68 2.68 131 146419.29 390401.00
04/05/2017 2.68 2.58 2.71 2.59 598 540049.31 1421146.00
05/05/2017 2.64 2.58 2.68 2.66 277 281969.93 743562.00
08/05/2017 2.69 2.65 2.78 2.78 475 578294.68 1575295.00
09/05/2017 2.77 2.69 2.83 2.69 519 553994.00 1527208.00
10/05/2017 2.72 2.72 2.79 2.77 274 351078.19 969309.00
11/05/2017 2.80 2.70 2.80 2.70 384 334100.00 918614.00
12/05/2017 2.74 2.70 2.75 2.70 366 499500.00 1356886.00
15/05/2017 2.71 2.67 2.74 2.69 221 217500.00 586876.00
16/05/2017 2.70 2.55 2.70 2.63 708 744500.00 1958617.00
17/05/2017 2.63 2.58 2.63 2.62 337 322900.00 840004.00
18/05/2017 2.15 2.15 2.55 2.50 823 924000.00 2235826.00
19/05/2017 2.53 2.52 2.60 2.56 282 257000.00 658222.00
22/05/2017 2.56 2.50 2.58 2.55 208 161400.00 410672.00
23/05/2017 2.54 2.53 2.60 2.58 148 127600.00 328054.00
24/05/2017 2.58 2.55 2.62 2.58 173 118600.00 306401.00
25/05/2017 2.60 2.56 2.64 2.57 175 160400.00 416053.00
26/05/2017 2.60 2.58 2.67 2.63 180 176400.00 465294.00
29/05/2017 2.67 2.65 2.68 2.68 59 63200.00 168702.00
30/05/2017 2.71 2.70 2.76 2.76 188 193500.00 527429.00
31/05/2017 2.79 2.67 2.80 2.71 308 194200.00 533675.00
01/06/2017 2.75 2.71 2.80 2.75 352 240400.00 666280.00
02/06/2017 2.76 2.74 2.80 2.77 128 137900.00 383306.00
05/06/2017 2.78 2.73 2.80 2.73 100 67200.00 184954.00
06/06/2017 2.73 2.67 2.77 2.69 202 135000.00 364465.00
07/06/2017 2.72 2.69 2.72 2.69 104 85300.00 230708.00
08/06/2017 2.74 2.67 2.74 2.68 74 48200.00 129480.00
09/06/2017 2.68 2.67 2.72 2.69 50 36200.00 97661.00
12/06/2017 2.69 2.69 2.73 2.72 77 72900.00 197335.00
13/06/2017 2.72 2.70 2.76 2.72 102 84000.00 230140.00
14/06/2017 2.73 2.73 2.77 2.77 114 95700.00 264020.00
16/06/2017 2.75 2.75 2.86 2.82 290 308400.00 866899.00
