20/06/2016 30.05 29.64 30.66 29.71 2318 364400.00 10956534.00
21/06/2016 29.62 29.55 30.77 30.61 3277 464400.00 14118917.00
22/06/2016 30.49 29.81 30.87 30.00 3314 513800.00 15615588.00
23/06/2016 29.90 29.85 30.62 30.40 2224 553300.00 16675742.00
24/06/2016 29.64 28.72 30.09 29.77 2317 379500.00 11157448.00
27/06/2016 29.83 29.12 29.88 29.38 2364 470800.00 13871666.00
28/06/2016 29.62 28.96 29.81 29.46 2548 1028500.00 30306185.00
29/06/2016 29.64 29.53 30.57 30.30 2959 668400.00 20245644.00
30/06/2016 30.25 29.85 31.02 30.54 3394 1005100.00 30499449.00
01/07/2016 30.89 30.27 30.93 30.87 1724 374100.00 11483041.00
04/07/2016 30.90 30.84 31.37 31.17 780 154600.00 4819497.00
05/07/2016 30.80 30.34 30.99 30.59 4671 1104900.00 33792916.00
06/07/2016 30.55 30.16 30.91 30.63 3002 643800.00 19648785.00
07/07/2016 30.75 30.53 31.43 30.89 5950 847200.00 26304300.00
08/07/2016 31.14 30.59 31.27 31.06 2299 648000.00 20127065.00
11/07/2016 31.39 30.47 31.41 30.87 3043 519700.00 16023996.00
12/07/2016 30.98 30.97 31.87 31.78 2982 652000.00 20422984.00
13/07/2016 31.98 31.24 32.08 31.65 2912 377700.00 11936377.00
14/07/2016 31.98 31.64 32.72 32.00 1838 267600.00 8554669.00
15/07/2016 32.11 31.27 32.28 31.63 1733 259400.00 8181257.00
18/07/2016 31.50 31.38 32.27 32.18 2924 478200.00 15212820.00
19/07/2016 31.77 31.77 33.25 33.15 3031 570700.00 18820088.00
20/07/2016 33.15 32.12 33.36 32.71 3877 612000.00 20014304.00
21/07/2016 32.72 32.55 33.44 33.00 3804 519000.00 17151229.00
22/07/2016 33.01 32.19 33.06 32.75 3928 615400.00 20113916.00
25/07/2016 32.49 32.38 33.25 32.70 2360 407600.00 13329797.00
26/07/2016 32.60 32.47 33.34 33.34 2519 491900.00 16214184.00
27/07/2016 33.12 32.50 33.20 32.84 2012 288300.00 9450686.00
28/07/2016 32.55 32.55 33.27 33.27 3889 768600.00 25331389.00
29/07/2016 32.65 32.60 33.19 32.90 3701 534100.00 17564203.00
01/08/2016 32.83 32.41 33.30 32.69 1705 293100.00 9611717.00
02/08/2016 32.58 31.76 32.69 32.55 1633 246000.00 7970852.00
03/08/2016 32.56 31.90 32.74 32.24 3116 425600.00 13750161.00
04/08/2016 32.00 30.14 32.30 31.42 4617 1011500.00 31533388.00
05/08/2016 31.22 31.00 32.06 31.56 2197 325200.00 10250662.00
08/08/2016 31.48 31.46 32.10 31.80 2438 392300.00 12461385.00
09/08/2016 31.60 31.57 32.51 31.87 2549 352200.00 11328628.00
10/08/2016 31.91 31.26 31.97 31.47 1939 284900.00 8989919.00
11/08/2016 31.39 31.38 32.79 32.52 2987 413200.00 13341412.00
12/08/2016 32.44 31.95 32.92 32.27 2905 414400.00 13427042.00
15/08/2016 32.21 31.61 32.54 31.71 2071 295700.00 9442778.00
16/08/2016 31.88 30.78 31.88 31.00 1759 286600.00 8891430.00
17/08/2016 31.18 30.15 31.36 31.36 5997 857900.00 26490229.00
18/08/2016 31.21 30.55 31.21 31.10 3047 566300.00 17544030.00
19/08/2016 30.96 30.74 31.16 30.93 1410 305400.00 9452088.00
22/08/2016 31.00 29.82 31.00 29.82 2397 389700.00 11785619.00
23/08/2016 30.29 29.59 30.57 30.25 3516 494800.00 14916810.00
24/08/2016 30.25 29.35 30.39 29.35 3431 559200.00 16735668.00
25/08/2016 29.53 29.53 30.39 30.20 2717 425100.00 12816219.00
26/08/2016 30.45 29.82 30.52 30.49 4314 605900.00 18321537.00
29/08/2016 30.35 29.90 30.56 30.00 1258 193600.00 5843513.00
30/08/2016 30.15 29.69 30.15 30.12 1266 158200.00 4726739.00
31/08/2016 29.96 29.57 30.42 30.00 2790 522400.00 15655714.00
01/09/2016 29.98 29.39 30.03 29.72 2761 499100.00 14803407.00
02/09/2016 29.72 29.71 31.12 30.69 2033 428200.00 12995808.00
05/09/2016 30.64 30.31 31.38 30.75 1322 190700.00 5911230.00
06/09/2016 30.59 30.57 31.26 31.26 1593 269700.00 8355687.00
08/09/2016 31.16 30.51 31.91 31.01 4789 777800.00 24233472.00
09/09/2016 30.77 29.14 31.21 29.50 5816 986700.00 29283919.00
12/09/2016 29.51 28.59 30.31 30.00 6082 977900.00 28986384.00
13/09/2016 30.09 29.63 30.45 30.00 3602 473000.00 14199574.00
14/09/2016 29.96 29.85 31.06 30.18 2507 386000.00 11746785.00
15/09/2016 30.30 30.11 31.21 31.21 1493 202600.00 6258848.00
16/09/2016 31.20 31.05 31.93 31.70 3260 1061700.00 33530664.00
19/09/2016 31.37 31.16 31.69 31.45 1410 329600.00 10368109.00
20/09/2016 31.65 31.00 32.15 32.15 2502 875200.00 27487103.00
21/09/2016 32.22 31.38 32.22 31.65 1761 302900.00 9621646.00
22/09/2016 31.95 31.61 32.47 32.47 2391 323400.00 10356055.00
23/09/2016 32.11 31.63 32.47 32.00 2755 427800.00 13690682.00
26/09/2016 31.62 30.99 31.85 31.26 2497 921900.00 28869693.00
27/09/2016 31.12 30.80 31.95 31.95 2577 369100.00 11581097.00
28/09/2016 31.98 31.25 32.45 32.00 2424 403000.00 12865932.00
29/09/2016 31.95 30.39 32.40 30.63 1545 277200.00 8669957.00
30/09/2016 30.72 30.38 31.11 30.38 1405 407000.00 12470577.00
03/10/2016 30.41 30.38 31.68 31.68 2076 306200.00 9578694.00
04/10/2016 31.56 31.08 32.11 31.70 1871 305300.00 9638069.00
05/10/2016 31.83 30.96 31.86 30.96 1669 297000.00 9267241.00
06/10/2016 31.19 30.85 31.82 31.82 1474 218700.00 6874425.00
07/10/2016 31.74 30.99 31.80 31.38 2199 384200.00 12043352.00
10/10/2016 31.77 31.21 31.83 31.21 1714 534700.00 16776514.00
11/10/2016 31.10 30.14 31.37 30.15 2526 438600.00 13346864.00
13/10/2016 30.28 29.92 30.45 30.00 4270 611100.00 18386249.00
14/10/2016 30.09 29.67 30.39 29.67 2965 525200.00 15769960.00
17/10/2016 29.71 29.66 30.36 29.90 3259 1023000.00 30878658.00
18/10/2016 30.03 29.94 30.34 30.00 1722 233400.00 7027104.00
19/10/2016 29.90 29.65 30.45 29.88 3489 858900.00 25847896.00
20/10/2016 29.96 29.42 30.07 30.07 2159 289000.00 8635500.00
21/10/2016 30.04 29.13 30.05 29.70 3140 673600.00 20072513.00
24/10/2016 29.78 29.70 30.15 30.15 2678 454900.00 13629590.00
25/10/2016 29.94 29.20 30.11 29.25 3993 754200.00 22126999.00
26/10/2016 29.29 28.57 29.39 29.23 2340 403900.00 11646254.00
27/10/2016 29.46 28.70 29.46 29.09 2311 356700.00 10387560.00
28/10/2016 29.09 28.22 29.09 28.22 2682 459200.00 13096828.00
31/10/2016 28.22 28.01 29.08 28.96 2551 603200.00 17428874.00
01/11/2016 28.83 28.20 28.95 28.25 2731 409200.00 11654692.00
03/11/2016 28.19 27.80 28.76 27.80 3780 623300.00 17660159.00
04/11/2016 27.40 25.33 27.40 25.80 7305 2189700.00 56701751.00
07/11/2016 26.30 25.84 26.30 25.85 1673 425200.00 11036467.00
08/11/2016 26.10 25.34 26.13 25.55 2310 644900.00 16482609.00
09/11/2016 25.19 24.71 25.97 25.18 2962 674500.00 17044678.00
10/11/2016 25.45 24.06 25.52 24.90 4658 979300.00 24316595.00
11/11/2016 24.95 23.73 25.14 24.23 2971 564700.00 13689300.00
14/11/2016 24.23 23.59 24.49 23.59 2475 472600.00 11277869.00
16/11/2016 23.55 22.30 23.82 23.25 12397 2493000.00 57886870.00
17/11/2016 23.25 22.79 23.89 23.89 5265 1030300.00 24136323.00
18/11/2016 23.81 23.40 24.15 23.50 3562 645700.00 15282295.00
21/11/2016 23.39 22.73 23.72 23.32 2951 617700.00 14336251.00
22/11/2016 23.51 22.93 23.95 23.47 2906 578100.00 13548254.00
23/11/2016 23.36 23.02 23.84 23.39 4847 1076000.00 25184293.00
24/11/2016 23.39 23.16 23.75 23.41 1749 341400.00 7986551.00
25/11/2016 23.40 23.09 23.80 23.50 2990 500500.00 11737548.00
28/11/2016 23.18 22.90 23.52 22.90 5336 1262400.00 29245002.00
29/11/2016 22.89 22.51 22.99 22.51 3656 909800.00 20716249.00
30/11/2016 22.50 21.51 23.18 21.51 13426 17086700.00 370563362.00
01/12/2016 21.51 21.30 22.32 21.70 8448 5138300.00 111892882.00
02/12/2016 21.75 21.35 21.96 21.55 5460 1098800.00 23694862.00
05/12/2016 21.52 21.36 21.72 21.61 3391 622200.00 13420816.00
06/12/2016 21.69 21.69 22.99 22.85 7031 1888900.00 42675783.00
07/12/2016 23.02 22.66 23.52 23.20 5703 988500.00 22731732.00
08/12/2016 23.30 22.71 23.64 23.26 2977 548500.00 12636543.00
09/12/2016 23.44 23.43 24.80 23.89 6281 2100600.00 50233842.00
12/12/2016 23.80 22.95 23.80 23.55 4923 1015100.00 23621356.00
13/12/2016 23.46 23.35 24.03 23.90 4655 885200.00 21211299.00
14/12/2016 23.70 22.78 23.91 22.78 2632 596800.00 13859465.00
15/12/2016 22.81 22.78 23.16 23.00 3651 605700.00 13923005.00
16/12/2016 23.25 22.84 23.27 23.00 2679 574000.00 13210032.00
19/12/2016 23.18 22.92 23.18 23.05 1350 535000.00 12319320.00
20/12/2016 23.06 23.01 23.40 23.17 1755 248300.00 5755270.00
21/12/2016 23.40 22.81 23.48 23.45 1926 354900.00 8229141.00
22/12/2016 23.39 23.04 23.98 23.87 1773 710800.00 16794817.00
23/12/2016 23.89 23.59 24.24 23.88 2182 437300.00 10444296.00
26/12/2016 24.07 23.68 24.11 23.93 1362 197400.00 4721390.00
27/12/2016 24.00 23.69 24.11 23.97 2341 431900.00 10309696.00
28/12/2016 23.92 23.89 24.29 24.14 2223 338900.00 8174879.00
29/12/2016 23.97 23.85 24.21 24.04 1380 264200.00 6352149.00
02/01/2017 24.00 23.20 24.07 23.59 1426 174400.00 4148484.00
03/01/2017 23.85 23.74 24.85 24.80 3440 727200.00 17779865.00
04/01/2017 24.85 24.50 25.20 24.65 1932 398900.00 9896232.00
05/01/2017 24.65 24.50 24.92 24.78 1787 699000.00 17262039.00
06/01/2017 24.83 23.98 24.83 24.01 2502 471100.00 11365603.00
09/01/2017 24.13 24.00 24.32 24.11 1986 247000.00 5954291.00
10/01/2017 24.34 23.82 24.41 24.14 801 172400.00 4148208.00
11/01/2017 24.31 23.95 24.36 24.04 2191 296700.00 7133500.00
12/01/2017 24.23 23.91 24.76 24.52 2887 448500.00 10915957.00
13/01/2017 24.34 24.33 24.91 24.90 2911 556200.00 13760591.00
16/01/2017 24.94 24.91 25.44 25.25 2814 457000.00 11534036.00
17/01/2017 25.48 25.38 25.96 25.66 4682 1050100.00 26963043.00
18/01/2017 25.90 25.59 25.95 25.86 4606 2272100.00 58710300.00
19/01/2017 25.86 25.23 26.00 25.50 3136 458200.00 11659816.00
20/01/2017 25.50 25.42 26.15 26.01 1602 411900.00 10621680.00
23/01/2017 25.78 25.75 26.61 26.35 3143 374700.00 9821691.00
24/01/2017 26.25 26.25 26.85 26.61 3878 513600.00 13675002.00
26/01/2017 27.00 26.48 27.40 27.40 3984 656000.00 17687458.00
27/01/2017 27.30 26.37 27.45 27.15 5331 816100.00 21915123.00
30/01/2017 27.00 26.06 27.13 26.29 5057 671300.00 17694254.00
31/01/2017 26.20 26.04 26.64 26.09 2802 431200.00 11286000.00
01/02/2017 26.36 26.15 26.60 26.15 2838 454300.00 11964336.00
02/02/2017 26.09 25.40 26.58 26.50 3162 420200.00 11011788.00
03/02/2017 26.46 26.46 27.14 26.52 2593 341200.00 9149102.00
06/02/2017 26.52 26.38 26.93 26.57 2466 610300.00 16296135.00
07/02/2017 26.86 26.25 26.86 26.46 1728 439000.00 11649275.00
08/02/2017 26.50 25.90 26.73 26.73 2186 466100.00 12293526.00
09/02/2017 26.75 26.12 27.04 26.35 2233 656300.00 17469847.00
10/02/2017 26.35 25.70 26.65 25.70 4042 1169500.00 30272042.00
13/02/2017 25.97 24.45 26.09 25.58 4702 1714000.00 43402689.00
14/02/2017 25.58 25.11 25.65 25.52 1979 410200.00 10447574.00
15/02/2017 25.49 25.48 26.40 26.33 1889 305600.00 7968353.00
16/02/2017 26.29 25.58 26.38 25.85 2036 282400.00 7333690.00
17/02/2017 26.20 25.45 26.20 25.90 1440 267300.00 6925671.00
20/02/2017 25.84 25.41 26.12 25.43 2860 431500.00 11093961.00
21/02/2017 25.40 25.01 25.70 25.20 1929 225800.00 5720974.00
22/02/2017 25.07 24.76 25.27 25.00 3876 1446500.00 36152556.00
23/02/2017 24.75 24.05 25.19 25.00 5996 1167100.00 28600398.00
24/02/2017 24.67 24.50 25.89 25.34 3547 516800.00 13050681.00
01/03/2017 25.37 25.37 26.13 25.94 3321 501500.00 12981145.00
02/03/2017 25.61 25.61 26.29 26.19 2423 598600.00 15613096.00
03/03/2017 26.20 26.09 26.68 26.68 2283 339100.00 8991601.00
06/03/2017 26.77 26.51 27.00 26.91 3135 381100.00 10229989.00
07/03/2017 26.90 26.90 28.09 28.09 3555 497300.00 13792391.00
08/03/2017 28.00 27.62 28.24 28.15 3129 451500.00 12555169.00
09/03/2017 27.88 26.36 27.88 27.02 3178 489300.00 13088852.00
10/03/2017 27.07 26.91 27.66 27.30 2466 283100.00 7709854.00
13/03/2017 27.32 27.00 28.13 27.24 3398 459400.00 12588865.00
14/03/2017 27.01 26.91 27.76 27.20 2617 384500.00 10441532.00
15/03/2017 27.15 26.95 28.18 27.88 3779 480400.00 13366376.00
16/03/2017 28.17 27.60 28.17 28.02 2269 379900.00 10626376.00
17/03/2017 28.05 27.70 28.19 28.19 5271 1782200.00 50027214.00
20/03/2017 28.26 28.25 28.63 28.63 2274 347200.00 9887990.00
21/03/2017 28.84 28.28 28.89 28.30 2019 404700.00 11505768.00
22/03/2017 28.35 27.48 28.35 27.76 2272 423400.00 11798356.00
23/03/2017 27.72 27.52 28.01 27.80 2151 302600.00 8393264.00
24/03/2017 27.89 27.26 28.32 27.92 1531 249800.00 6938775.00
27/03/2017 27.81 27.35 28.20 27.50 1772 253200.00 7026522.00
28/03/2017 27.50 27.13 27.64 27.46 1280 194900.00 5351698.00
29/03/2017 27.15 26.33 27.42 26.76 3078 618900.00 16528696.00
30/03/2017 26.85 26.68 27.97 27.26 2364 339500.00 9321282.00
31/03/2017 27.01 27.01 28.20 27.75 1814 253700.00 7069623.00
03/04/2017 27.80 27.67 28.05 28.05 1708 309100.00 8613957.00
04/04/2017 27.99 27.77 28.20 28.20 1056 140700.00 3938537.00
05/04/2017 28.33 28.10 28.47 28.10 3446 496500.00 14071580.00
06/04/2017 28.00 27.86 28.33 28.10 2064 367200.00 10333856.00
07/04/2017 28.20 27.20 28.25 27.94 2499 345700.00 9602211.00
10/04/2017 28.00 27.81 28.09 27.84 1487 296700.00 8280899.00
11/04/2017 28.00 27.75 28.18 28.10 1465 267600.00 7487248.00
12/04/2017 28.08 27.81 28.27 28.00 1615 201200.00 5635835.00
13/04/2017 27.80 27.80 28.18 28.04 1347 252900.00 7083251.00
17/04/2017 28.06 27.87 28.40 28.23 1313 322200.00 9039355.00
18/04/2017 28.30 27.71 28.59 28.17 1807 265000.00 7458889.00
19/04/2017 28.28 27.94 28.50 28.39 1275 180300.00 5104832.00
20/04/2017 28.38 27.76 28.47 28.03 2063 273100.00 7656568.00
24/04/2017 27.75 27.75 28.67 28.40 2531 587000.00 16662292.00
25/04/2017 28.46 27.99 28.46 28.02 1822 284400.00 8012762.00
26/04/2017 27.80 27.40 27.96 27.80 2239 434800.00 12085500.00
27/04/2017 27.81 27.42 27.95 27.50 1518 276500.00 7622066.00
28/04/2017 27.55 27.37 27.93 27.80 2415 707000.00 19569283.00
02/05/2017 27.53 27.53 28.76 28.33 3677 800600.00 22744474.00
03/05/2017 28.49 28.00 28.50 28.40 3132 737300.00 20860345.00
04/05/2017 28.50 28.50 32.10 30.85 4402 1150300.00 35118366.00
05/05/2017 30.84 29.97 30.84 30.30 2746 430300.00 13037906.00
08/05/2017 30.01 28.88 30.51 29.45 2819 1283500.00 37968139.00
09/05/2017 29.45 28.40 29.52 28.80 3184 895300.00 25824289.00
10/05/2017 29.07 29.01 29.96 29.50 2566 432700.00 12795772.00
11/05/2017 29.72 29.65 31.02 30.45 3510 530700.00 16151752.00
12/05/2017 30.78 29.40 30.78 29.40 2735 626000.00 18806569.00
15/05/2017 29.40 29.40 30.10 30.10 2368 349100.00 10467381.00
16/05/2017 30.20 29.57 30.64 30.35 2504 431400.00 13043131.00
17/05/2017 30.50 29.63 30.50 30.47 2152 450000.00 13562656.00
18/05/2017 26.75 26.75 29.38 29.15 4338 942000.00 27288436.00
19/05/2017 29.00 28.62 30.26 29.40 4041 596900.00 17602579.00
22/05/2017 29.28 28.50 29.35 28.90 2827 365900.00 10557123.00
23/05/2017 28.90 28.75 30.10 29.15 2568 353500.00 10339236.00
24/05/2017 29.37 29.02 29.95 29.32 1757 211700.00 6242481.00
25/05/2017 29.60 29.12 29.92 29.15 1934 339400.00 9964463.00
26/05/2017 29.31 29.09 30.90 30.00 3181 466700.00 14113005.00
29/05/2017 30.00 29.55 30.80 30.00 1697 286500.00 8655955.00
30/05/2017 29.96 29.85 30.86 30.55 2719 431400.00 13188586.00
31/05/2017 30.83 30.18 30.83 30.18 2277 553600.00 16840429.00
01/06/2017 30.33 29.45 30.67 29.71 2254 364400.00 10998141.00
02/06/2017 29.58 29.32 29.94 29.55 1632 232000.00 6865238.00
05/06/2017 29.60 28.92 30.14 28.92 2385 486300.00 14363002.00
06/06/2017 28.76 28.73 29.66 29.07 1633 311200.00 9067345.00
07/06/2017 29.17 29.17 30.33 29.70 2162 345500.00 10356327.00
08/06/2017 29.83 29.61 30.39 30.10 2351 367200.00 11024246.00
09/06/2017 30.03 30.03 30.64 30.30 3296 552900.00 16810458.00
12/06/2017 30.47 29.00 30.47 29.59 2167 450200.00 13290968.00
13/06/2017 29.33 29.20 29.85 29.58 1991 272100.00 8019186.00
14/06/2017 29.79 29.51 30.21 29.69 1800 242500.00 7232771.00
16/06/2017 29.75 29.75 30.88 30.88 3008 669600.00 20402772.00
