20/06/2016 2.56 2.55 2.56 2.55 4 421.67 1077.00
21/06/2016 2.51 2.51 2.51 2.51 1 527.09 1325.00
24/06/2016 2.51 2.51 2.51 2.51 4 74003.13 186030.00
28/06/2016 2.55 2.23 2.55 2.23 28 18975.16 42470.00
29/06/2016 2.31 2.29 2.46 2.46 18 11385.10 26928.00
30/06/2016 2.39 2.39 2.42 2.42 3 2635.44 6360.00
01/07/2016 2.45 2.37 2.45 2.37 3 6325.05 15400.00
04/07/2016 2.43 2.43 2.43 2.43 1 105.42 256.00
05/07/2016 2.28 2.28 2.28 2.28 7 1897.52 4320.00
06/07/2016 2.25 2.25 2.25 2.25 5 1792.10 4029.00
07/07/2016 2.23 2.23 2.23 2.23 4 737.92 1645.00
08/07/2016 2.24 2.24 2.24 2.24 5 1370.43 3068.00
11/07/2016 2.22 2.22 2.32 2.31 8 1686.68 3810.00
12/07/2016 2.37 2.23 2.37 2.23 7 1475.85 3305.00
13/07/2016 2.32 2.21 2.32 2.21 5 527.09 1184.00
14/07/2016 2.21 2.20 2.30 2.23 11 10858.01 23967.00
15/07/2016 2.31 2.31 2.31 2.31 3 737.92 1708.00
18/07/2016 2.36 2.30 2.36 2.30 3 7273.81 17073.00
19/07/2016 2.34 2.30 2.43 2.30 16 12966.36 30036.00
20/07/2016 2.45 2.45 2.47 2.47 5 1897.52 4658.00
21/07/2016 2.51 2.51 2.55 2.53 8 18026.40 45916.00
22/07/2016 2.54 2.54 2.56 2.56 6 34049.87 86869.00
25/07/2016 2.56 2.56 2.56 2.56 5 8538.82 21870.00
26/07/2016 2.54 2.51 2.56 2.51 3 3267.94 8345.00
27/07/2016 2.56 2.56 2.66 2.66 4 632.51 1635.00
01/08/2016 2.47 2.47 2.55 2.48 8 10752.59 26630.00
02/08/2016 2.55 2.51 2.63 2.51 14 20451.01 52197.00
03/08/2016 2.55 2.55 2.55 2.55 3 1159.59 2959.00
04/08/2016 2.56 2.47 2.56 2.51 11 7379.23 18383.00
05/08/2016 2.56 2.50 2.58 2.58 9 7590.06 19407.00
08/08/2016 2.56 2.56 2.59 2.59 5 1054.18 2715.00
09/08/2016 2.66 2.56 2.68 2.56 9 7590.06 19500.00
10/08/2016 2.67 2.67 2.67 2.67 2 61458.44 163823.00
11/08/2016 2.52 2.52 2.79 2.77 21 1230960.90 3292508.00
12/08/2016 2.80 2.76 2.80 2.78 11 17499.32 48893.00
15/08/2016 2.85 2.77 2.88 2.86 13 8433.41 23741.00
16/08/2016 2.90 2.68 2.90 2.74 9 2424.60 6628.00
17/08/2016 2.73 2.73 2.73 2.73 2 18975.16 51840.00
19/08/2016 2.72 2.72 2.75 2.75 2 948.76 2592.00
22/08/2016 2.58 2.58 2.69 2.61 17 7800.90 20328.00
23/08/2016 2.66 2.61 2.66 2.65 8 2108.35 5546.00
24/08/2016 2.66 2.66 2.73 2.73 2 527.09 1408.00
26/08/2016 2.70 2.70 2.70 2.70 1 4743.79 12825.00
29/08/2016 2.61 2.56 2.66 2.61 17 6114.22 15876.00
30/08/2016 2.68 2.47 2.68 2.47 23 10120.09 25564.00
31/08/2016 2.47 2.47 2.56 2.55 7 3795.03 9625.00
01/09/2016 2.49 2.49 2.54 2.54 5 2635.44 6596.00
02/09/2016 2.61 2.48 2.61 2.61 13 15601.80 40049.00
05/09/2016 2.56 2.51 2.56 2.51 4 1686.68 4275.00
06/09/2016 2.53 2.53 2.60 2.60 4 421.67 1082.00
12/09/2016 2.49 2.43 2.55 2.55 7 3057.11 7671.00
14/09/2016 2.44 2.32 2.44 2.32 16 12544.69 30112.00
15/09/2016 2.46 2.45 2.46 2.45 3 316.25 775.00
16/09/2016 2.40 2.40 2.40 2.40 2 527.09 1265.00
19/09/2016 2.44 2.42 2.44 2.42 5 9803.83 23855.00
20/09/2016 2.32 2.32 2.41 2.41 2 210.84 499.00
21/09/2016 2.34 2.34 2.41 2.41 7 2424.60 5695.00
22/09/2016 2.59 2.59 2.59 2.59 5 1054.18 2730.00
23/09/2016 2.47 2.47 2.47 2.47 1 105.42 260.00
26/09/2016 2.47 2.47 2.59 2.56 10 9803.83 24669.00
27/09/2016 2.56 2.56 2.56 2.56 1 105.42 270.00
28/09/2016 2.47 2.47 2.56 2.56 7 1686.68 4260.00
30/09/2016 2.56 2.56 2.56 2.56 1 105.42 270.00
04/10/2016 2.49 2.49 2.56 2.56 6 2108.35 5328.00
05/10/2016 2.51 2.51 2.58 2.58 8 5165.46 13125.00
06/10/2016 2.57 2.56 2.69 2.62 25 44169.96 113565.00
07/10/2016 2.54 2.54 2.61 2.61 2 210.84 543.00
14/10/2016 2.62 2.62 2.62 2.62 1 105.42 276.00
17/10/2016 2.57 2.51 2.62 2.62 5 843.34 2170.00
18/10/2016 2.56 2.50 2.63 2.62 19 9803.83 25239.00
20/10/2016 2.63 2.63 2.63 2.63 1 105.42 277.00
21/10/2016 2.61 2.61 2.75 2.75 13 11806.77 31038.00
24/10/2016 2.75 2.75 2.85 2.85 8 8855.08 24633.00
25/10/2016 2.61 2.61 2.74 2.74 7 3795.03 10194.00
31/10/2016 2.65 2.65 2.69 2.68 6 1792.10 4784.00
04/11/2016 2.68 2.68 2.68 2.68 1 10541.76 28300.00
07/11/2016 2.66 2.66 2.75 2.75 4 8222.57 22150.00
08/11/2016 2.57 2.56 2.74 2.74 15 9698.42 25691.00
09/11/2016 2.66 2.66 2.72 2.72 2 1159.59 3087.00
10/11/2016 2.74 2.74 2.74 2.74 2 18975.16 52020.00
16/11/2016 2.73 2.73 2.86 2.75 28 80749.85 223646.00
17/11/2016 2.74 2.63 2.74 2.74 6 56609.23 155173.00
21/11/2016 2.75 2.75 2.75 2.75 1 4743.79 13050.00
23/11/2016 2.74 2.74 2.74 2.74 1 632.51 1734.00
25/11/2016 2.73 2.73 2.73 2.73 1 527.09 1440.00
28/11/2016 2.75 2.75 2.75 2.75 2 6008.80 16530.00
30/11/2016 2.66 2.66 2.73 2.73 6 1054.18 2840.00
01/12/2016 2.51 2.51 2.73 2.73 9 2319.19 6076.00
09/12/2016 2.73 2.73 2.73 2.73 1 210.84 576.00
14/12/2016 2.72 2.72 2.72 2.72 1 7379.23 20090.00
15/12/2016 2.71 2.71 2.71 2.71 1 105.42 286.00
20/12/2016 2.57 2.47 2.71 2.52 44 15285.55 38608.00
21/12/2016 2.56 2.55 2.56 2.55 3 948.76 2422.00
22/12/2016 2.47 2.41 2.47 2.41 8 4216.70 10292.00
23/12/2016 2.41 2.41 2.41 2.41 1 210.84 508.00
26/12/2016 2.52 2.52 2.52 2.52 5 2108.35 5320.00
27/12/2016 2.64 2.64 2.64 2.64 1 105.42 278.00
28/12/2016 2.75 2.75 2.75 2.75 9 7590.06 20880.00
29/12/2016 2.75 2.75 2.75 2.75 1 105.42 290.00
02/01/2017 2.66 2.37 2.66 2.37 52 69048.50 165454.00
03/01/2017 2.49 2.38 2.49 2.38 38 63883.04 153913.00
04/01/2017 2.46 2.41 2.46 2.41 4 1054.18 2545.00
05/01/2017 2.41 2.41 2.45 2.45 2 948.76 2306.00
06/01/2017 2.45 2.45 2.45 2.45 1 105.42 258.00
09/01/2017 2.44 2.43 2.51 2.51 6 4743.79 11586.00
10/01/2017 2.47 2.47 2.47 2.47 3 7800.90 19240.00
11/01/2017 2.53 2.47 2.53 2.47 3 53868.38 132867.00
12/01/2017 2.51 2.51 2.65 2.51 6 7906.32 19932.00
13/01/2017 2.47 2.42 2.47 2.42 6 4005.87 9825.00
16/01/2017 2.59 2.53 2.70 2.55 17 14231.37 36784.00
17/01/2017 2.73 2.51 2.73 2.56 17 23297.28 59668.00
18/01/2017 2.61 2.56 2.78 2.61 49 93821.63 245096.00
19/01/2017 2.60 2.60 2.60 2.60 1 527.09 1370.00
23/01/2017 2.54 2.51 2.63 2.63 11 5060.04 13137.00
24/01/2017 2.61 2.61 2.68 2.68 3 5165.46 13520.00
26/01/2017 2.42 2.42 2.60 2.60 18 5481.71 13723.00
27/01/2017 2.52 2.51 2.53 2.52 6 9382.16 23625.00
30/01/2017 2.59 2.59 2.59 2.59 2 10858.01 28119.00
31/01/2017 2.58 2.58 2.58 2.58 1 316.25 816.00
01/02/2017 2.59 2.56 2.70 2.68 18 28357.32 74236.00
02/02/2017 2.68 2.68 2.80 2.80 16 17499.32 48368.00
03/02/2017 2.80 2.80 2.85 2.85 5 26881.48 75265.00
06/02/2017 2.70 2.68 2.75 2.75 19 16655.98 44903.00
07/02/2017 2.67 2.67 2.74 2.74 6 1159.59 3099.00
08/02/2017 2.79 2.79 2.79 2.79 1 7379.23 20580.00
10/02/2017 2.70 2.70 2.79 2.79 7 3900.45 10689.00
13/02/2017 2.80 2.80 2.80 2.80 4 4216.70 11800.00
14/02/2017 2.79 2.63 2.79 2.63 33 16761.39 44576.00
15/02/2017 2.70 2.61 2.70 2.61 23 35841.97 95051.00
16/02/2017 2.61 2.61 2.66 2.65 8 3057.11 8017.00
17/02/2017 2.68 2.61 2.68 2.66 7 4954.63 13032.00
20/02/2017 2.68 2.66 2.68 2.66 3 1581.26 4226.00
21/02/2017 2.65 2.63 2.80 2.63 24 44064.54 118598.00
22/02/2017 2.68 2.61 2.68 2.65 14 12860.94 34047.00
24/02/2017 2.66 2.65 2.72 2.72 6 3267.94 8788.00
01/03/2017 2.66 2.66 2.73 2.73 3 316.25 856.00
03/03/2017 2.67 2.64 2.67 2.66 16 20134.75 53469.00
06/03/2017 2.66 2.66 2.66 2.66 1 105.42 280.00
07/03/2017 2.69 2.69 2.71 2.71 3 421.67 1138.00
10/03/2017 2.71 2.66 2.77 2.77 5 6535.89 17726.00
13/03/2017 2.66 2.66 2.66 2.66 3 1370.43 3640.00
14/03/2017 2.77 2.66 2.77 2.75 9 12544.69 33412.00
15/03/2017 2.66 2.66 2.70 2.69 6 6114.22 16498.00
16/03/2017 2.66 2.66 2.73 2.73 3 316.25 856.00
20/03/2017 2.73 2.73 2.79 2.79 2 210.84 582.00
21/03/2017 2.79 2.78 2.80 2.78 8 8538.82 23871.00
24/03/2017 2.78 2.78 2.78 2.78 1 421.67 1172.00
30/03/2017 2.78 2.78 2.78 2.78 1 527.09 1465.00
31/03/2017 2.75 2.51 2.75 2.51 44 25721.89 66478.00
03/04/2017 2.61 2.54 2.61 2.54 5 2108.35 5444.00
04/04/2017 2.53 2.53 2.68 2.68 9 2740.86 7139.00
05/04/2017 2.68 2.68 2.68 2.68 3 1897.52 5076.00
06/04/2017 2.68 2.68 2.68 2.68 3 1265.01 3384.00
07/04/2017 2.68 2.68 2.68 2.68 2 527.09 1410.00
10/04/2017 2.74 2.74 2.74 2.74 4 632.51 1734.00
11/04/2017 2.66 2.66 2.66 2.66 1 105.42 280.00
13/04/2017 2.66 2.66 2.66 2.66 1 2108.35 5600.00
17/04/2017 2.57 2.57 2.69 2.68 4 421.67 1121.00
18/04/2017 2.66 2.66 2.66 2.66 2 632.51 1680.00
19/04/2017 2.63 2.61 2.72 2.72 5 1897.52 5053.00
20/04/2017 2.71 2.71 2.71 2.71 5 1897.52 5148.00
24/04/2017 2.74 2.74 2.74 2.74 2 421.67 1156.00
25/04/2017 2.68 2.58 2.68 2.59 18 13177.20 34262.00
26/04/2017 2.67 2.51 2.67 2.51 27 41639.94 106901.00
27/04/2017 2.53 2.52 2.58 2.58 8 5797.97 14874.00
28/04/2017 2.60 2.60 2.73 2.71 5 1500.00 3979.00
02/05/2017 2.67 2.67 2.85 2.85 5 4700.00 12582.00
04/05/2017 2.84 2.84 2.84 2.84 1 7000.00 19880.00
08/05/2017 2.84 2.84 2.84 2.84 2 500.00 1420.00
09/05/2017 2.80 2.80 2.80 2.80 2 300.00 840.00
10/05/2017 2.73 2.72 2.78 2.78 3 1200.00 3273.00
11/05/2017 2.79 2.78 2.79 2.79 4 6000.00 16732.00
12/05/2017 2.78 2.78 2.78 2.78 2 600.00 1668.00
15/05/2017 2.79 2.79 2.86 2.86 3 700.00 1960.00
16/05/2017 2.85 2.85 2.85 2.85 2 900.00 2565.00
17/05/2017 2.85 2.85 2.88 2.88 7 9500.00 27106.00
18/05/2017 2.30 2.30 2.63 2.50 11 8500.00 21864.00
19/05/2017 2.79 2.79 2.86 2.86 5 700.00 1981.00
22/05/2017 2.84 2.80 2.84 2.80 2 300.00 844.00
23/05/2017 2.84 2.84 2.84 2.84 3 5600.00 15904.00
24/05/2017 2.84 2.84 2.84 2.84 2 600.00 1704.00
29/05/2017 2.83 2.83 2.83 2.83 2 1700.00 4811.00
31/05/2017 2.76 2.76 2.76 2.76 4 1200.00 3312.00
01/06/2017 2.71 2.71 2.83 2.83 6 900.00 2502.00
05/06/2017 2.76 2.76 2.82 2.82 5 1100.00 3072.00
13/06/2017 2.81 2.81 2.81 2.81 1 5000.00 14050.00
