20/06/2016 58.05 57.49 58.81 58.06 2522 391998.43 22742050.00
21/06/2016 57.67 57.14 58.68 58.66 1140 187486.54 10913862.00
22/06/2016 58.55 58.55 59.55 59.52 2580 384815.07 22818140.00
23/06/2016 59.83 59.39 60.33 59.83 1391 220950.38 13210788.00
24/06/2016 58.57 58.57 60.07 59.97 1782 262943.27 15644882.00
27/06/2016 59.79 59.13 59.92 59.49 1855 264380.68 15714086.00
28/06/2016 60.06 59.16 60.81 60.31 1358 234400.42 14086607.00
29/06/2016 60.68 59.82 61.34 60.25 1964 283067.00 17067456.00
30/06/2016 60.38 59.66 61.15 60.87 1693 440155.33 26550289.00
01/07/2016 60.87 59.99 60.87 60.33 1547 232552.32 14033439.00
04/07/2016 60.63 60.40 61.83 60.86 1507 229266.82 13990802.00
05/07/2016 60.92 60.72 61.99 61.29 1801 313560.62 19196590.00
06/07/2016 61.27 60.65 62.65 62.65 2062 360789.79 22184216.00
07/07/2016 63.00 61.74 63.00 62.18 3953 570343.56 35387709.00
08/07/2016 62.32 62.00 63.00 62.55 2360 386765.83 24159748.00
11/07/2016 62.63 62.49 63.67 63.42 2300 361611.17 22819460.00
12/07/2016 63.63 62.88 64.26 62.93 2717 443543.51 28038406.00
13/07/2016 62.68 62.14 64.22 64.08 3018 460689.75 29225591.00
14/07/2016 64.16 63.84 64.72 64.71 2647 500526.53 32222598.00
15/07/2016 64.67 63.78 64.67 63.89 2041 468903.52 30082885.00
18/07/2016 64.12 63.57 65.01 64.15 2283 429682.78 27646087.00
19/07/2016 64.38 64.14 65.53 64.38 4542 723325.01 46698895.00
20/07/2016 64.70 64.28 65.08 64.59 2615 512847.18 33125886.00
21/07/2016 64.73 63.65 64.84 63.80 3126 512231.15 32972662.00
22/07/2016 63.93 63.50 64.93 64.30 3258 592623.41 38119005.00
25/07/2016 64.62 63.57 64.84 64.30 2691 629482.70 40314715.00
26/07/2016 64.63 63.87 64.63 63.93 2228 418594.19 26880820.00
27/07/2016 63.93 63.92 65.84 65.40 3563 602479.94 39259233.00
28/07/2016 65.09 65.09 66.54 66.04 4643 698170.34 46012777.00
29/07/2016 66.02 66.01 67.48 67.20 3496 522909.05 34907136.00
01/08/2016 67.44 65.44 67.76 65.48 2202 326394.64 21509404.00
02/08/2016 65.02 64.96 65.93 65.57 1974 267460.85 17489717.00
03/08/2016 65.57 64.06 65.57 64.26 1614 287584.57 18536145.00
04/08/2016 64.35 64.07 66.64 65.99 2916 431017.51 28172703.00
05/08/2016 66.11 63.90 66.24 64.53 2009 306270.90 19817068.00
08/08/2016 64.27 63.44 64.86 64.34 2128 381221.54 24461623.00
09/08/2016 64.07 62.34 64.38 63.29 1614 273826.51 17314205.00
10/08/2016 63.31 62.18 63.67 62.59 1769 262019.23 16407338.00
11/08/2016 62.66 62.50 63.70 63.67 1064 595908.92 37858539.00
12/08/2016 63.72 63.31 63.89 63.52 843 393336.85 24996326.00
15/08/2016 63.98 63.32 65.56 64.62 2653 332657.63 21441713.00
16/08/2016 64.77 64.39 66.54 64.72 4038 1249930.26 81760008.00
17/08/2016 64.89 63.41 65.94 65.94 2424 479170.73 30797925.00
18/08/2016 65.84 63.49 65.85 64.19 2209 444056.87 28550052.00
19/08/2016 64.20 63.16 65.03 64.09 2045 516030.01 33105484.00
22/08/2016 63.83 61.93 64.04 62.13 2122 359865.74 22512181.00
23/08/2016 62.28 62.17 62.95 62.33 2368 543340.79 34000550.00
24/08/2016 62.09 61.36 62.94 62.39 1309 347134.40 21566926.00
25/08/2016 62.39 62.33 64.73 64.48 4801 850741.09 54424169.00
26/08/2016 64.37 64.24 65.74 65.44 3806 618291.44 40374059.00
29/08/2016 65.51 65.40 67.28 66.92 4252 566647.37 37852132.00
30/08/2016 66.93 64.61 67.20 66.52 2667 488616.57 32275719.00
31/08/2016 66.53 64.52 66.93 65.45 3758 683282.88 44567327.00
01/09/2016 66.00 64.22 66.06 65.99 1511 292923.53 19133020.00
02/09/2016 65.98 65.69 66.82 66.18 1484 219102.28 14500039.00
05/09/2016 66.25 65.29 66.54 66.07 845 122795.84 8094263.00
06/09/2016 66.32 66.01 68.09 67.67 3251 921995.53 62099466.00
08/09/2016 67.66 66.22 68.34 66.32 3188 492415.43 32959869.00
09/09/2016 65.91 63.65 65.91 64.15 3426 521882.33 33679522.00
12/09/2016 63.46 63.41 65.59 64.79 1883 287995.27 18616254.00
13/09/2016 64.65 63.31 64.95 64.20 1772 318591.55 20393455.00
14/09/2016 64.61 63.89 65.08 64.56 1115 148566.54 9581273.00
15/09/2016 64.96 63.60 65.34 64.28 1343 241998.16 15553971.00
16/09/2016 64.28 63.65 64.49 63.84 1369 230498.89 14756252.00
19/09/2016 64.21 62.59 64.49 63.13 2162 315203.38 19924296.00
20/09/2016 63.51 62.82 63.62 63.31 2299 311917.87 19733163.00
21/09/2016 63.92 63.04 64.09 63.85 2956 537899.18 34236817.00
22/09/2016 64.49 63.49 64.96 64.48 1115 217151.51 13949192.00
23/09/2016 64.12 63.24 64.48 63.85 1010 298365.15 19065744.00
26/09/2016 63.84 63.32 64.44 64.44 2153 1226213.00 78450660.00
27/09/2016 64.09 63.83 64.74 64.42 1006 151441.36 9742339.00
28/09/2016 64.43 64.36 66.44 66.00 2495 351857.32 22975028.00
29/09/2016 66.00 64.86 66.12 64.86 871 127929.45 8358676.00
30/09/2016 65.32 63.52 65.32 64.28 2832 465618.01 29876933.00
03/10/2016 64.28 63.39 64.84 64.02 5574 919223.39 58872697.00
04/10/2016 64.07 63.35 64.59 64.34 2018 450935.90 28812261.00
05/10/2016 64.34 64.04 64.89 64.12 2521 410175.08 26441597.00
06/10/2016 64.14 63.51 64.48 64.22 2667 432660.26 27743780.00
07/10/2016 64.23 64.06 64.67 64.50 2017 312533.90 20121691.00
10/10/2016 64.84 64.58 65.91 65.40 2252 320645.00 20948239.00
11/10/2016 65.25 63.75 66.45 65.74 2227 524141.12 34079919.00
13/10/2016 65.79 65.79 67.67 67.08 2576 625683.83 41933319.00
14/10/2016 67.23 66.12 67.51 66.32 3456 497138.35 33005393.00
17/10/2016 66.55 65.60 67.93 66.37 3831 573423.73 38063530.00
18/10/2016 66.51 65.96 67.14 66.23 1003 483585.63 31988945.00
19/10/2016 66.28 66.21 67.24 66.97 1257 201750.70 13469776.00
20/10/2016 66.97 66.87 68.60 68.08 1412 627018.57 42540179.00
21/10/2016 68.17 67.88 69.69 69.44 2778 1154342.52 79605957.00
24/10/2016 69.54 68.86 70.11 69.62 4559 636464.40 44242478.00
25/10/2016 69.27 67.90 69.64 69.04 3140 429272.09 29494189.00
26/10/2016 68.79 67.75 69.44 68.47 3596 542416.75 37044581.00
27/10/2016 68.45 67.91 69.61 69.00 1710 341590.11 23523810.00
28/10/2016 69.71 67.04 69.79 67.92 4443 916553.91 62879314.00
31/10/2016 67.75 66.41 68.29 67.46 5773 790164.55 53043315.00
01/11/2016 67.50 65.73 67.55 66.18 3558 720758.21 47681297.00
03/11/2016 66.02 64.49 66.18 64.98 3807 486357.77 31761052.00
04/11/2016 64.51 64.44 65.89 65.15 3364 815011.20 53048101.00
07/11/2016 65.47 65.03 66.40 65.12 4056 577119.93 37864873.00
08/11/2016 65.46 65.15 66.04 65.69 3437 503093.33 32971754.00
09/11/2016 63.31 63.31 65.03 64.71 2859 427423.99 27484818.00
10/11/2016 64.97 60.85 65.43 62.73 6760 1047974.21 65690530.00
11/11/2016 62.72 59.89 62.72 61.14 6960 1022614.20 62414082.00
14/11/2016 60.68 60.35 61.85 60.95 3842 584923.01 35661370.00
16/11/2016 61.18 60.75 62.55 62.33 4185 572191.66 35458946.00
17/11/2016 62.80 61.58 62.81 62.09 3290 593239.45 36760546.00
18/11/2016 62.22 61.15 62.22 61.37 1616 433173.62 26689716.00
21/11/2016 61.83 61.17 62.19 62.19 1917 326394.64 20164448.00
22/11/2016 62.31 61.30 62.52 62.05 2331 343643.54 21243091.00
23/11/2016 61.59 61.37 62.28 61.78 3289 456377.52 28240296.00
24/11/2016 61.84 61.51 62.19 61.95 918 179470.85 11123707.00
25/11/2016 61.72 61.11 62.09 61.99 580 85217.85 5251158.00
28/11/2016 61.99 61.59 62.42 62.18 1263 225365.28 14001683.00
29/11/2016 61.63 61.09 62.43 61.73 1120 171462.42 10649383.00
30/11/2016 62.04 61.24 62.51 61.49 3919 612028.44 37741979.00
01/12/2016 61.80 59.90 61.80 61.09 2419 369106.23 22417406.00
02/12/2016 61.08 59.98 61.33 60.56 2739 361508.50 21951839.00
05/12/2016 60.55 60.07 60.84 60.43 1861 221998.60 13384518.00
06/12/2016 60.13 59.48 60.61 60.10 2012 300994.45 18070762.00
07/12/2016 60.20 59.02 60.78 60.22 2504 451086.57 26956414.00
08/12/2016 60.18 59.76 60.97 60.97 2218 318211.50 19189152.00
09/12/2016 60.97 59.87 61.30 61.12 4171 594494.43 35930241.00
12/12/2016 60.68 60.23 61.44 60.85 3413 456758.07 27779168.00
13/12/2016 60.92 59.74 60.92 60.43 5491 801909.18 48482758.00
14/12/2016 60.51 60.02 61.02 60.52 2373 316287.24 19184148.00
15/12/2016 60.59 60.31 62.19 62.19 4308 1169442.45 71826282.00
16/12/2016 62.09 61.61 63.35 62.40 3464 548109.68 34188548.00
19/12/2016 62.30 62.30 65.16 64.03 4978 824392.61 52608229.00
20/12/2016 64.18 61.27 64.35 62.32 6214 971952.81 60373035.00
21/12/2016 62.70 61.46 62.85 62.43 2498 377660.94 23435858.00
22/12/2016 62.05 61.85 63.05 62.54 2910 680478.37 42464342.00
23/12/2016 62.98 62.50 64.08 62.76 1819 646854.50 40676308.00
26/12/2016 62.21 61.82 63.17 61.82 993 213390.08 13312096.00
27/12/2016 62.43 62.09 62.99 62.75 1165 164270.86 10271315.00
28/12/2016 62.92 62.74 64.18 63.68 2355 356392.83 22551586.00
29/12/2016 63.84 63.46 64.15 64.05 1064 310210.64 19812514.00
02/01/2017 64.00 63.49 64.26 63.72 485 92161.83 5878742.00
03/01/2017 64.19 63.05 64.22 63.49 2412 388193.72 24599179.00
04/01/2017 63.67 63.57 65.03 64.77 2427 373508.59 24112692.00
05/01/2017 65.17 64.63 65.69 64.85 2120 334010.67 21718771.00
06/01/2017 64.59 63.99 65.04 63.99 1626 251470.13 16191718.00
09/01/2017 64.03 63.89 66.06 65.55 2846 446326.57 29237777.00
10/01/2017 65.96 65.52 66.32 65.82 1466 276384.21 18203120.00
11/01/2017 65.83 64.72 66.18 65.19 1675 319528.10 20862009.00
12/01/2017 66.16 66.16 67.69 67.14 3602 746308.25 50153823.00
13/01/2017 66.62 66.10 67.78 66.69 2923 443997.20 29623652.00
16/01/2017 66.88 65.38 67.04 67.04 1496 217542.42 14427419.00
17/01/2017 66.99 66.15 67.57 67.13 1658 235873.51 15801687.00
18/01/2017 67.33 65.65 67.33 65.65 2169 352746.86 23373747.00
19/01/2017 65.67 64.56 66.20 64.77 2924 413816.73 26898919.00
20/01/2017 64.77 64.19 65.08 64.62 2409 413209.07 26681616.00
23/01/2017 64.98 64.72 65.93 65.66 2538 447238.06 29198155.00
24/01/2017 65.66 64.87 65.98 65.17 3070 716127.78 46833763.00
26/01/2017 65.66 65.03 66.22 65.41 2107 480152.99 31521197.00
27/01/2017 65.37 64.18 65.37 64.77 3256 598342.94 38644719.00
30/01/2017 65.07 63.23 65.07 63.61 1612 235063.30 15126522.00
31/01/2017 63.74 63.24 65.32 64.87 1997 449871.25 28818307.00
01/02/2017 64.98 64.73 66.21 65.65 2369 447136.78 29259692.00
02/02/2017 65.37 65.17 67.06 67.06 1393 225745.84 14999939.00
03/02/2017 67.15 66.83 67.68 67.61 1609 254812.26 17175430.00
06/02/2017 67.64 66.31 67.90 66.47 1321 274966.33 18365596.00
07/02/2017 67.05 65.86 67.53 66.83 1886 352037.93 23540131.00
08/02/2017 66.71 66.38 68.57 67.99 1807 310818.30 21090878.00
09/02/2017 67.57 66.87 68.00 66.90 1594 256736.52 17276225.00
10/02/2017 66.86 66.05 67.12 66.81 1672 259572.27 17291990.00
13/02/2017 67.20 67.15 67.96 67.54 1573 227264.99 15362005.00
14/02/2017 67.64 66.08 67.84 66.39 1574 227771.37 15215263.00
15/02/2017 66.65 66.18 66.91 66.45 2067 422526.53 28093892.00
16/02/2017 66.57 65.96 66.91 66.85 3166 671262.19 44651528.00
17/02/2017 66.67 65.96 67.15 66.93 3184 573226.31 38136017.00
20/02/2017 66.95 66.29 66.95 66.65 2048 627409.37 41772747.00
21/02/2017 66.57 65.89 67.14 67.14 3220 749144.00 49674404.00
22/02/2017 66.66 65.25 66.96 65.25 3500 650500.46 42889646.00
23/02/2017 65.85 64.20 65.85 64.99 3329 652829.83 42334991.00
24/02/2017 64.84 64.50 66.53 66.01 2950 529879.87 35066405.00
01/03/2017 66.19 65.38 66.49 65.96 2881 478431.29 31593034.00
02/03/2017 66.05 65.31 66.44 66.44 2261 396397.14 26142818.00
03/03/2017 66.38 65.78 67.10 67.10 1331 241342.46 16056892.00
06/03/2017 66.60 66.48 67.71 67.17 2276 362165.60 24242868.00
07/03/2017 67.41 66.59 67.81 67.00 1346 320439.59 21542400.00
08/03/2017 67.30 65.27 67.31 65.28 2390 392751.17 25877571.00
09/03/2017 65.21 63.46 65.21 63.65 1639 251672.68 16089850.00
10/03/2017 63.65 63.59 64.67 64.18 1133 161738.94 10401655.00
13/03/2017 64.35 63.98 65.59 65.59 1359 189184.94 12292345.00
14/03/2017 65.17 63.96 65.35 63.96 1596 356291.55 23030934.00
15/03/2017 64.08 63.27 64.39 63.56 2435 614547.22 39174899.00
16/03/2017 63.94 62.95 64.57 63.89 2950 513675.59 32626545.00
17/03/2017 63.77 62.21 63.77 62.43 3936 611002.54 38254077.00
20/03/2017 62.43 62.36 63.42 63.19 2662 350620.05 22097338.00
21/03/2017 63.05 61.72 63.27 62.33 2500 462429.57 28753477.00
22/03/2017 62.32 61.33 62.52 62.25 3424 492610.03 30573359.00
23/03/2017 61.99 61.99 64.21 63.83 2386 540007.54 34305409.00
24/03/2017 63.36 63.08 64.40 64.19 1846 246305.02 15781870.00
27/03/2017 64.18 63.39 64.70 63.98 3555 467695.96 29981144.00
28/03/2017 63.91 63.72 64.27 64.25 865 156371.28 10016558.00
29/03/2017 64.33 63.90 65.21 65.14 1492 282460.81 18240342.00
30/03/2017 65.24 64.19 65.61 64.19 1325 658400.05 42473810.00
31/03/2017 63.96 63.73 64.99 64.30 2025 299981.69 19301568.00
03/04/2017 63.83 63.77 65.62 65.62 1253 231822.44 15015075.00
04/04/2017 65.60 65.18 66.16 65.84 2654 337454.08 22177849.00
05/04/2017 66.35 64.40 66.35 64.91 2549 350518.78 22818358.00
06/04/2017 64.88 62.95 64.91 63.20 996 188070.89 11957382.00
07/04/2017 63.29 63.29 65.35 65.01 2172 296943.38 19229425.00
10/04/2017 63.18 62.93 63.99 63.00 4144 725749.07 45913151.00
11/04/2017 61.93 61.15 64.38 63.05 5872 1132577.71 70692910.00
12/04/2017 63.01 62.99 64.40 63.19 2381 719875.02 45716721.00
13/04/2017 63.14 62.59 63.68 63.19 598 103707.38 6549818.00
17/04/2017 63.66 61.79 63.93 62.97 2772 477924.91 29955867.00
18/04/2017 62.79 61.55 63.19 61.79 1512 325908.53 20226346.00
19/04/2017 61.86 60.85 62.31 61.29 1669 371179.23 22820816.00
20/04/2017 61.28 60.78 62.26 61.02 1384 273042.07 16686614.00
24/04/2017 61.63 58.67 62.16 58.83 6656 927492.33 55222328.00
25/04/2017 58.93 57.80 59.98 59.89 4002 706303.94 41795381.00
26/04/2017 59.89 59.89 61.86 61.17 3120 974889.84 59379870.00
27/04/2017 61.42 60.91 61.99 61.72 2209 733648.66 44940970.00
28/04/2017 61.72 60.49 61.80 61.22 2613 396700.97 24290191.00
02/05/2017 61.42 60.91 61.99 61.62 2640 355076.23 21810548.00
03/05/2017 61.02 60.64 62.08 61.22 2123 336846.42 20597039.00
04/05/2017 61.78 59.30 61.78 59.37 2272 918073.59 54928446.00
05/05/2017 59.14 59.14 61.76 61.22 3619 741446.97 45200923.00
08/05/2017 61.50 60.42 61.64 60.97 983 439541.02 26870057.00
09/05/2017 60.83 60.81 62.04 61.31 1832 225442.01 13874414.00
10/05/2017 62.11 61.22 62.90 61.94 1899 456150.41 28257866.00
11/05/2017 61.94 61.20 63.19 62.11 1582 229189.25 14224511.00
12/05/2017 62.11 61.63 62.60 62.60 2227 443592.09 27554978.00
15/05/2017 62.70 62.41 63.84 63.69 1680 586392.29 36971757.00
16/05/2017 63.95 63.90 65.36 64.19 3507 553477.35 35857273.00
17/05/2017 64.19 62.48 64.53 63.29 2136 273143.35 17267267.00
18/05/2017 56.97 56.97 62.03 61.54 2873 595102.09 35838294.00
19/05/2017 61.58 59.80 62.02 60.48 5034 810416.42 48938964.00
22/05/2017 60.48 59.67 60.91 60.36 3526 1133489.20 68270394.00
23/05/2017 60.15 60.15 62.20 61.58 1959 459695.09 28255899.00
24/05/2017 62.95 61.53 63.38 62.00 3730 1072419.33 66359445.00
25/05/2017 62.24 61.27 63.00 61.81 2995 536969.24 33206200.00
26/05/2017 61.92 61.76 62.97 61.91 1212 200933.04 12472370.00
29/05/2017 62.16 61.98 62.58 62.58 1041 206401.98 12863875.00
30/05/2017 62.64 62.50 64.17 63.88 1733 250356.09 15891889.00
31/05/2017 63.97 62.70 63.97 63.73 2249 395890.75 25095043.00
01/06/2017 63.74 63.21 64.63 63.97 3645 488761.52 31365064.00
02/06/2017 64.45 63.22 64.45 64.05 1389 176800.00 11314125.00
05/06/2017 63.99 63.18 64.24 63.70 1989 280500.00 17872899.00
06/06/2017 63.83 63.06 63.98 63.98 1392 169100.00 10750909.00
07/06/2017 64.29 63.40 64.67 64.67 3501 481700.00 30863383.00
08/06/2017 64.42 63.06 64.42 63.50 3585 579100.00 36931563.00
09/06/2017 63.81 61.98 64.64 63.25 3698 666600.00 42195153.00
12/06/2017 63.20 62.81 63.90 63.72 1532 208000.00 13197440.00
13/06/2017 63.44 62.45 63.76 63.39 1849 239100.00 15141551.00
14/06/2017 63.60 62.66 64.18 63.84 2619 370200.00 23530639.00
16/06/2017 63.53 63.07 64.56 63.50 1919 526100.00 33526419.00
