20/06/2016 6.86 6.72 6.94 6.72 30 12021.50 81566.00
21/06/2016 7.01 6.61 7.01 6.61 13 15309.43 102610.00
22/06/2016 6.62 6.62 6.73 6.67 14 11199.51 74919.00
23/06/2016 6.67 6.61 6.67 6.67 4 103569.81 684480.00
24/06/2016 6.67 6.67 6.67 6.67 2 3185.18 21235.00
27/06/2016 6.33 6.33 6.50 6.33 26 91445.57 578686.00
28/06/2016 6.51 6.40 6.67 6.42 21 7192.35 46552.00
29/06/2016 6.55 6.42 6.55 6.42 6 1335.72 8603.00
30/06/2016 6.42 6.42 6.52 6.42 11 10069.29 64800.00
01/07/2016 6.45 6.44 6.54 6.54 7 1541.22 10031.00
04/07/2016 6.54 6.54 6.64 6.64 6 719.23 4744.00
05/07/2016 6.52 6.42 6.53 6.43 14 3185.18 20560.00
06/07/2016 6.57 6.57 6.57 6.57 1 102.75 675.00
07/07/2016 6.59 6.59 6.60 6.60 4 513.74 3387.00
08/07/2016 6.60 6.47 6.67 6.47 12 2465.95 16239.00
11/07/2016 6.60 6.60 6.60 6.60 1 102.75 678.00
12/07/2016 6.53 6.52 6.58 6.57 8 2876.94 18862.00
13/07/2016 6.52 6.52 6.59 6.59 5 1027.48 6714.00
14/07/2016 6.47 6.47 6.62 6.62 9 7706.09 50863.00
15/07/2016 6.55 6.52 6.55 6.52 9 2671.44 17459.00
18/07/2016 6.60 6.60 6.60 6.60 1 102.75 678.00
19/07/2016 6.62 6.62 6.62 6.62 1 102.75 680.00
20/07/2016 6.52 6.47 6.52 6.52 7 2876.94 18724.00
21/07/2016 6.57 6.57 6.62 6.62 8 6678.61 44095.00
22/07/2016 6.62 6.62 6.64 6.62 5 16131.41 106764.00
25/07/2016 6.23 6.23 6.40 6.33 20 11610.50 73417.00
26/07/2016 6.36 6.32 6.36 6.33 18 30310.61 191781.00
27/07/2016 6.49 6.47 6.50 6.47 3 308.24 2000.00
28/07/2016 6.59 6.59 6.59 6.59 1 102.75 677.00
29/07/2016 6.39 6.39 6.59 6.57 16 5651.13 36831.00
01/08/2016 6.59 6.59 6.59 6.59 1 102.75 677.00
02/08/2016 6.59 6.59 6.59 6.59 1 102.75 677.00
04/08/2016 6.52 6.47 6.60 6.52 11 7089.60 46349.00
05/08/2016 6.35 6.35 6.47 6.47 7 2054.96 13210.00
08/08/2016 6.76 6.76 6.76 6.76 1 102.75 695.00
09/08/2016 6.62 6.62 6.62 6.62 1 102.75 680.00
11/08/2016 6.78 6.62 6.78 6.62 2 205.50 1377.00
12/08/2016 6.75 6.71 6.75 6.71 4 513.74 3450.00
15/08/2016 6.42 6.24 7.16 7.16 27 11096.77 75151.00
16/08/2016 6.80 6.62 6.81 6.62 10 2157.70 14363.00
18/08/2016 6.80 6.59 6.81 6.60 18 5240.14 35114.00
19/08/2016 6.67 6.66 6.67 6.66 3 3185.18 21205.00
23/08/2016 6.71 6.62 6.81 6.62 14 4315.41 29070.00
24/08/2016 6.54 6.52 6.54 6.52 9 1335.72 8719.00
25/08/2016 6.52 6.52 6.52 6.52 1 102.75 670.00
26/08/2016 6.52 6.38 6.52 6.42 11 3493.43 22661.00
29/08/2016 6.52 6.23 6.52 6.23 24 6370.37 40204.00
30/08/2016 6.14 5.86 6.24 6.12 36 11816.00 71905.00
31/08/2016 6.04 6.04 6.16 6.16 9 1335.72 8191.00
01/09/2016 6.31 6.31 6.47 6.47 7 1643.97 10394.00
02/09/2016 6.61 6.60 6.80 6.60 9 1438.47 9565.00
06/09/2016 6.43 6.42 6.43 6.42 5 1027.48 6602.00
08/09/2016 6.29 6.29 6.60 6.60 6 13048.97 83801.00
09/09/2016 6.38 6.37 6.51 6.37 10 2054.96 13120.00
13/09/2016 6.24 6.06 6.33 6.33 8 13870.96 87645.00
14/09/2016 6.33 6.14 6.35 6.14 32 17878.12 111815.00
15/09/2016 6.20 6.13 6.20 6.18 10 21166.05 131152.00
16/09/2016 6.18 6.04 6.22 6.13 12 25481.46 158032.00
19/09/2016 6.21 6.13 6.22 6.13 11 45003.55 279366.00
20/09/2016 6.23 6.23 6.23 6.23 1 102.75 640.00
21/09/2016 6.12 6.12 6.12 6.12 1 513.74 3145.00
22/09/2016 6.12 6.12 6.12 6.12 1 821.98 5032.00
23/09/2016 6.13 6.13 6.32 6.32 3 719.23 4505.00
27/09/2016 6.15 6.14 6.27 6.27 5 1130.23 7022.00
28/09/2016 6.32 6.30 6.32 6.30 3 308.24 1943.00
29/09/2016 6.29 6.29 6.30 6.30 3 20755.06 130692.00
30/09/2016 6.29 6.13 6.33 6.33 14 28563.90 179667.00
03/10/2016 6.52 6.52 6.52 6.52 1 102.75 670.00
07/10/2016 6.23 6.23 6.42 6.42 5 1643.97 10385.00
10/10/2016 6.42 6.42 6.47 6.47 6 20652.31 133415.00
11/10/2016 6.46 6.46 6.46 6.46 1 308.24 1992.00
13/10/2016 6.30 6.29 6.30 6.29 8 192138.43 1209685.00
14/10/2016 6.24 6.23 6.40 6.23 13 150422.82 949178.00
17/10/2016 6.33 6.33 6.33 6.33 1 15412.17 97500.00
18/10/2016 6.25 6.24 6.33 6.33 11 20755.06 131283.00
19/10/2016 6.33 6.32 6.33 6.32 4 31749.08 200841.00
24/10/2016 6.31 6.25 6.32 6.32 15 7089.60 44514.00
25/10/2016 6.18 6.16 6.33 6.33 11 15617.67 98284.00
26/10/2016 6.21 6.17 6.28 6.17 13 29180.38 180211.00
27/10/2016 6.18 6.13 6.18 6.13 8 22912.77 141350.00
28/10/2016 6.12 5.97 6.17 6.17 5 616.49 3757.00
31/10/2016 6.04 5.84 6.33 6.33 12 16439.65 99562.00
01/11/2016 6.16 5.97 6.16 6.13 10 21782.54 133493.00
03/11/2016 6.13 5.99 6.13 5.99 4 8322.57 49830.00
04/11/2016 6.03 6.03 6.03 6.03 1 13357.22 80600.00
07/11/2016 6.13 6.13 6.23 6.23 2 7397.84 45370.00
08/11/2016 6.14 6.14 6.23 6.23 3 308.24 1911.00
09/11/2016 5.94 5.94 6.23 6.23 4 513.74 3133.00
10/11/2016 6.08 6.08 6.21 6.21 4 410.99 2526.00
11/11/2016 5.89 5.89 6.23 6.23 16 6370.37 38799.00
17/11/2016 6.08 5.99 6.21 6.21 4 513.74 3148.00
21/11/2016 6.20 6.03 6.20 6.03 12 3390.68 20565.00
22/11/2016 5.99 5.94 6.08 6.08 5 2568.70 15500.00
23/11/2016 6.12 6.12 6.23 6.23 2 821.98 5043.00
24/11/2016 6.18 6.18 6.29 6.29 13 6575.86 40958.00
25/11/2016 6.29 6.18 6.29 6.29 10 30824.35 193789.00
28/11/2016 6.32 6.32 6.32 6.32 3 1746.71 11033.00
29/11/2016 6.13 6.13 6.32 6.32 4 2876.94 17944.00
30/11/2016 6.31 6.07 6.31 6.07 9 18186.37 110619.00
01/12/2016 6.07 6.07 6.07 6.07 3 3082.43 18720.00
05/12/2016 5.94 5.94 5.94 5.94 8 16850.64 100040.00
06/12/2016 5.85 5.74 5.98 5.74 9 2363.20 13748.00
07/12/2016 5.75 5.75 5.83 5.83 6 1232.97 7109.00
08/12/2016 5.74 5.74 5.74 5.74 3 9350.05 53690.00
09/12/2016 5.79 5.79 5.84 5.84 4 2260.45 13105.00
14/12/2016 5.94 5.94 5.94 5.94 1 102.75 610.00
15/12/2016 5.99 5.84 5.99 5.84 6 10685.77 62415.00
16/12/2016 5.75 5.74 5.75 5.74 4 1643.97 9443.00
19/12/2016 5.74 5.64 5.74 5.64 5 12535.23 71580.00
20/12/2016 5.73 5.69 5.74 5.69 4 5137.39 29274.00
21/12/2016 5.60 5.60 5.60 5.60 2 3698.92 20700.00
22/12/2016 5.61 5.35 5.61 5.35 12 6986.85 38643.00
23/12/2016 5.60 5.36 5.60 5.50 30 26406.19 146024.00
26/12/2016 5.92 5.84 5.92 5.84 7 15617.67 91208.00
27/12/2016 5.84 5.84 5.84 5.84 3 39044.17 228000.00
28/12/2016 5.74 5.74 5.74 5.74 2 21166.05 121540.00
29/12/2016 5.93 5.79 5.94 5.84 9 29385.88 171644.00
03/01/2017 5.84 5.60 5.84 5.60 3 1541.22 8925.00
04/01/2017 5.56 5.55 5.60 5.55 8 2260.45 12575.00
05/01/2017 5.56 5.51 5.56 5.51 7 2157.70 11933.00
06/01/2017 5.45 5.31 5.45 5.35 11 18289.11 97945.00
09/01/2017 5.36 5.31 5.64 5.64 9 1541.22 8537.00
10/01/2017 5.47 5.35 5.47 5.35 10 2671.44 14335.00
11/01/2017 5.36 5.35 5.36 5.35 12 7089.60 37955.00
12/01/2017 5.58 5.35 5.58 5.36 17 13562.71 72814.00
13/01/2017 5.35 5.35 5.37 5.35 5 3390.68 18158.00
16/01/2017 5.27 5.26 5.40 5.35 20 10172.03 54435.00
17/01/2017 5.35 5.35 5.46 5.46 3 616.49 3311.00
18/01/2017 5.35 5.26 5.35 5.26 4 1849.46 9770.00
19/01/2017 5.26 5.21 5.26 5.21 2 1643.97 8600.00
20/01/2017 5.26 5.26 5.26 5.26 1 102.75 540.00
23/01/2017 5.12 5.01 5.12 5.05 22 9041.81 45762.00
24/01/2017 5.19 5.06 5.19 5.06 5 1335.72 6773.00
26/01/2017 5.19 4.99 5.26 5.01 14 6781.36 34534.00
27/01/2017 5.02 5.01 5.06 5.06 4 1849.46 9319.00
30/01/2017 5.01 4.96 5.03 4.97 7 1849.46 9218.00
31/01/2017 5.14 5.14 5.14 5.14 1 102.75 528.00
01/02/2017 5.02 4.92 5.10 5.01 17 5445.63 27146.00
02/02/2017 4.96 4.96 5.06 5.06 4 1643.97 8260.00
03/02/2017 5.06 5.06 5.14 5.14 3 513.74 2631.00
06/02/2017 5.14 5.01 5.15 5.15 5 1849.46 9411.00
07/02/2017 5.03 4.87 5.03 4.87 5 1438.47 7117.00
08/02/2017 4.91 4.87 4.94 4.90 10 4623.65 22638.00
09/02/2017 4.84 4.77 4.91 4.77 22 30824.35 149786.00
10/02/2017 4.95 4.95 4.96 4.96 3 10377.53 51509.00
13/02/2017 4.96 4.90 5.01 4.90 5 1027.48 5077.00
14/02/2017 4.89 4.77 4.89 4.77 15 5342.89 25841.00
15/02/2017 4.96 4.91 4.96 4.96 5 2671.44 13248.00
16/02/2017 5.01 4.90 5.01 4.90 11 3185.18 15693.00
17/02/2017 4.90 4.82 4.90 4.82 6 1746.71 8458.00
20/02/2017 4.82 4.72 4.96 4.96 4 2157.70 10270.00
21/02/2017 4.77 4.73 4.96 4.96 17 7397.84 35810.00
22/02/2017 4.91 4.87 4.95 4.95 6 821.98 4046.00
23/02/2017 4.95 4.76 4.95 4.76 3 1027.48 5052.00
24/02/2017 4.91 4.91 4.91 4.91 1 102.75 505.00
01/03/2017 4.87 4.87 5.01 4.95 7 3801.67 18602.00
02/03/2017 4.79 4.79 4.98 4.87 16 15720.42 77991.00
03/03/2017 4.87 4.77 4.87 4.77 6 1130.23 5468.00
06/03/2017 4.82 4.82 4.87 4.87 3 719.23 3470.00
07/03/2017 4.93 4.93 4.93 4.93 1 1438.47 7098.00
08/03/2017 4.87 4.87 4.87 4.87 1 102.75 500.00
09/03/2017 4.87 4.87 4.87 4.87 1 102.75 500.00
10/03/2017 4.87 4.72 4.87 4.87 9 7603.34 36032.00
14/03/2017 4.63 4.63 4.77 4.77 7 2979.69 13941.00
15/03/2017 4.68 4.57 4.73 4.57 6 1027.48 4757.00
16/03/2017 4.87 4.87 4.87 4.87 1 102.75 500.00
17/03/2017 4.73 4.38 4.73 4.38 30 17672.63 78721.00
20/03/2017 4.39 4.20 4.57 4.24 11 2774.19 11913.00
21/03/2017 4.24 4.23 4.35 4.35 4 513.74 2212.00
22/03/2017 4.28 4.28 4.36 4.36 7 1849.46 7976.00
23/03/2017 4.28 4.15 4.28 4.15 13 2774.19 11639.00
24/03/2017 4.29 4.23 4.29 4.23 10 5034.64 21405.00
27/03/2017 4.24 4.24 4.36 4.36 2 205.50 884.00
28/03/2017 4.49 4.49 4.62 4.60 8 4500.00 20551.00
29/03/2017 4.74 4.70 4.74 4.70 2 1400.00 6608.00
30/03/2017 4.73 4.73 4.74 4.74 2 1200.00 5678.00
31/03/2017 4.80 4.80 4.80 4.80 2 200.00 960.00
03/04/2017 4.57 4.50 4.57 4.50 11 3000.00 13556.00
04/04/2017 4.74 4.74 4.74 4.74 1 100.00 474.00
06/04/2017 4.53 4.50 4.59 4.59 10 3400.00 15487.00
07/04/2017 4.51 4.40 4.51 4.40 15 8000.00 35291.00
10/04/2017 4.30 4.10 4.38 4.14 23 9300.00 39113.00
11/04/2017 4.21 4.00 4.29 4.08 49 17400.00 72403.00
12/04/2017 4.20 4.19 4.20 4.19 10 30200.00 126599.00
13/04/2017 4.05 4.05 4.19 4.19 5 900.00 3757.00
17/04/2017 4.20 4.20 4.34 4.34 4 500.00 2156.00
18/04/2017 4.37 4.00 4.37 4.02 51 44000.00 183823.00
19/04/2017 4.18 3.93 4.18 4.00 11 22600.00 92617.00
20/04/2017 4.06 4.00 4.06 4.04 9 10900.00 43860.00
24/04/2017 4.05 4.00 4.10 4.10 12 7900.00 31685.00
25/04/2017 3.97 3.97 4.05 4.05 4 400.00 1604.00
27/04/2017 4.01 3.96 4.01 3.96 4 1300.00 5169.00
28/04/2017 3.95 3.95 4.00 4.00 5 2200.00 8759.00
02/05/2017 4.00 4.00 4.03 4.03 6 1400.00 5624.00
03/05/2017 4.03 3.95 4.03 3.95 6 3600.00 14348.00
04/05/2017 3.96 3.96 4.00 4.00 2 800.00 3172.00
05/05/2017 4.00 4.00 4.03 4.03 3 500.00 2009.00
08/05/2017 4.00 3.80 4.00 3.99 10 4000.00 15483.00
09/05/2017 3.90 3.90 4.00 4.00 11 2600.00 10244.00
10/05/2017 4.00 3.90 4.00 3.90 25 204300.00 816658.00
11/05/2017 3.95 3.84 3.95 3.90 5 1200.00 4638.00
12/05/2017 3.98 3.84 3.98 3.91 11 5100.00 19739.00
15/05/2017 4.00 3.90 4.00 3.92 11 2700.00 10665.00
16/05/2017 3.90 3.82 3.91 3.91 8 3100.00 11908.00
17/05/2017 3.81 3.80 3.89 3.87 17 6600.00 25196.00
18/05/2017 3.74 3.50 3.74 3.70 12 2200.00 7908.00
19/05/2017 3.69 3.64 3.69 3.68 9 3800.00 13970.00
22/05/2017 3.52 3.50 3.59 3.50 19 14200.00 49749.00
23/05/2017 3.60 3.30 3.60 3.30 26 21400.00 73682.00
24/05/2017 3.38 3.25 3.38 3.25 24 21700.00 70862.00
25/05/2017 3.40 3.25 3.48 3.40 59 55700.00 189147.00
26/05/2017 3.45 3.25 3.48 3.25 6 1800.00 6168.00
29/05/2017 3.27 3.20 3.39 3.21 52 29000.00 94004.00
30/05/2017 3.29 3.10 3.29 3.21 43 20900.00 65720.00
31/05/2017 3.34 3.15 3.34 3.21 12 2900.00 9299.00
01/06/2017 3.20 3.13 3.25 3.25 36 12500.00 40015.00
02/06/2017 3.37 2.85 3.38 2.85 161 153000.00 456196.00
05/06/2017 2.92 2.80 2.94 2.87 46 33300.00 94335.00
06/06/2017 2.86 2.75 2.95 2.81 80 63900.00 179517.00
07/06/2017 2.95 2.92 2.99 2.98 20 6100.00 18043.00
08/06/2017 3.00 2.82 3.10 3.07 37 29000.00 87225.00
09/06/2017 3.00 2.97 3.10 3.10 20 6300.00 19006.00
12/06/2017 3.02 2.94 3.02 3.02 16 3400.00 10199.00
13/06/2017 2.95 2.95 3.06 3.04 4 1200.00 3605.00
14/06/2017 3.00 2.95 3.05 3.00 18 5600.00 16718.00
16/06/2017 2.92 2.90 3.00 2.97 19 6000.00 17602.00
