14/12/2016 965.80 965.80 965.90 965.90 4 340.00 24629325.00
15/12/2016 957.00 957.00 957.10 957.10 4 696.00 49959292.00
11/01/2017 831.60 831.60 831.70 831.70 4 1000.00 62372055.00
23/01/2017 844.00 844.00 844.00 844.00 2 55.00 3481500.00
24/01/2017 838.70 838.70 838.70 838.70 2 56.00 3522540.00
26/01/2017 824.70 824.70 824.70 824.70 2 50.00 3092625.00
27/01/2017 814.00 813.00 814.00 813.00 5 74.00 4514700.00
01/02/2017 832.00 832.00 832.00 832.00 1 1.00 62400.00
02/02/2017 834.40 834.40 834.40 834.40 2 52.00 3254160.00
10/02/2017 845.50 845.50 845.50 845.50 2 25.00 1585312.00
16/02/2017 830.20 830.20 830.30 830.30 2 41.00 2553165.00
22/02/2017 856.00 856.00 856.00 856.00 1 1.00 64200.00
23/02/2017 857.00 857.00 857.00 857.00 4 235.00 15104625.00
