23/02/2017 856.50 856.40 856.50 856.40 4 235.00 15095085.00
24/02/2017 860.70 860.70 860.70 860.70 2 25.00 1613812.00
03/03/2017 840.00 839.10 840.10 840.10 7 307.00 19340332.00
06/03/2017 836.10 836.10 836.10 836.10 6 302.00 18937665.00
08/03/2017 842.60 842.60 842.60 842.60 2 69.00 4360455.00
09/03/2017 847.00 847.00 847.00 847.00 1 1.00 63525.00
13/03/2017 841.00 841.00 841.00 841.00 2 40.00 2523000.00
15/03/2017 845.00 845.00 845.00 845.00 1 1.00 63375.00
16/03/2017 852.40 852.30 864.60 861.30 11 424.00 27390262.00
29/03/2017 855.00 855.00 855.00 855.00 1 40.00 2565000.00
