09/06/2016 1168.10 1168.10 1168.10 1168.10 2 40.00 3504300.00
27/06/2016 1149.00 1149.00 1149.00 1149.00 2 20.00 1723500.00
29/06/2016 1124.00 1122.80 1124.00 1122.80 5 115.00 9687112.00
30/06/2016 1132.30 1132.30 1132.30 1132.30 1 10.00 849225.00
05/07/2016 1126.10 1126.00 1126.10 1126.00 2 56.00 4729207.00
11/07/2016 1136.00 1136.00 1141.00 1141.00 4 100.00 8551875.00
18/07/2016 1096.00 1091.00 1096.00 1091.00 12 235.00 19269412.00
19/07/2016 1080.80 1068.00 1080.80 1068.00 4 134.00 10818840.00
20/07/2016 1052.00 1051.40 1052.00 1051.40 3 211.00 16638495.00
25/07/2016 1081.90 1081.90 1082.10 1082.10 4 98.00 7953405.00
28/07/2016 1087.00 1085.10 1087.00 1085.10 9 595.00 48424725.00
