20/06/2016 246.97 246.97 246.97 246.97 1 400.00 98788.00
22/06/2016 244.95 243.75 244.95 243.75 2 1600.00 391680.00
23/06/2016 244.00 244.00 244.00 244.00 1 600.00 146400.00
24/06/2016 240.65 240.65 240.65 240.65 1 200.00 48130.00
28/06/2016 235.67 231.39 235.67 231.76 3 2400.00 556636.00
29/06/2016 234.66 231.20 234.66 231.20 2 1300.00 301944.00
30/06/2016 235.38 235.38 235.38 235.38 1 2300.00 541374.00
01/07/2016 240.02 236.50 240.02 236.74 4 4400.00 1042078.00
05/07/2016 242.07 241.43 242.07 241.43 2 4700.00 1135105.00
06/07/2016 243.01 243.01 247.03 247.03 2 700.00 171313.00
07/07/2016 253.08 253.08 253.08 253.08 1 2400.00 607392.00
08/07/2016 254.05 254.05 255.83 255.83 3 1300.00 332343.00
11/07/2016 258.37 258.37 258.49 258.49 2 1200.00 310056.00
12/07/2016 255.00 255.00 255.00 255.00 1 100.00 25500.00
13/07/2016 254.80 254.80 255.11 255.11 2 600.00 153004.00
14/07/2016 252.00 252.00 252.00 252.00 1 1500.00 378000.00
15/07/2016 255.65 255.65 255.65 255.65 1 300.00 76695.00
18/07/2016 254.00 252.29 254.00 252.29 2 1700.00 431458.00
19/07/2016 256.17 255.50 256.17 255.50 6 1300.00 332809.00
21/07/2016 255.25 254.30 255.25 254.44 3 3300.00 841959.00
22/07/2016 255.40 255.40 255.40 255.40 1 800.00 204320.00
25/07/2016 259.13 257.45 259.13 258.18 3 3900.00 1009672.00
27/07/2016 255.05 255.05 255.05 255.05 1 700.00 178535.00
28/07/2016 253.89 253.89 256.40 256.40 2 400.00 102058.00
29/07/2016 249.50 249.50 249.50 249.50 1 700.00 174650.00
01/08/2016 250.57 250.57 250.57 250.57 1 500.00 125285.00
03/08/2016 251.80 251.80 251.80 251.80 1 2100.00 528780.00
04/08/2016 249.75 249.31 249.75 249.31 2 400.00 99812.00
05/08/2016 249.99 249.60 249.99 249.85 3 1300.00 324794.00
08/08/2016 250.89 248.80 250.89 248.80 2 1100.00 274725.00
09/08/2016 249.83 248.00 249.83 248.00 2 1200.00 297783.00
10/08/2016 248.64 248.64 248.64 248.64 1 1000.00 248640.00
11/08/2016 251.38 249.00 251.38 249.00 2 400.00 100314.00
12/08/2016 254.25 254.25 256.18 256.18 2 1900.00 486549.00
15/08/2016 256.08 256.08 256.35 256.35 2 800.00 204999.00
16/08/2016 258.50 258.34 258.50 258.34 3 1000.00 258372.00
17/08/2016 262.00 258.82 262.00 258.82 2 1700.00 440312.00
18/08/2016 260.90 260.90 260.90 260.90 1 300.00 78270.00
22/08/2016 258.48 258.48 258.75 258.75 2 600.00 155223.00
23/08/2016 259.30 259.30 259.50 259.50 2 400.00 103780.00
24/08/2016 258.91 258.10 258.91 258.10 2 3700.00 956671.00
25/08/2016 257.21 257.21 257.21 257.21 1 300.00 77163.00
26/08/2016 257.60 257.60 257.60 257.60 1 300.00 77280.00
29/08/2016 256.30 256.00 256.60 256.00 3 900.00 230760.00
30/08/2016 256.79 255.09 256.79 255.09 2 500.00 127885.00
31/08/2016 255.09 255.09 255.09 255.09 1 100.00 25509.00
01/09/2016 255.00 253.75 255.00 253.75 2 2700.00 687500.00
02/09/2016 254.61 254.61 254.61 254.61 1 500.00 127305.00
06/09/2016 251.90 246.51 251.90 246.51 2 500.00 124333.00
08/09/2016 251.55 251.55 251.55 251.55 1 700.00 176085.00
09/09/2016 255.00 255.00 255.00 255.00 1 100.00 25500.00
12/09/2016 250.65 250.65 254.22 254.22 2 1500.00 376689.00
13/09/2016 254.75 254.75 254.75 254.75 1 1000.00 254750.00
14/09/2016 256.00 253.97 256.00 253.97 2 300.00 76394.00
15/09/2016 250.30 250.30 250.30 250.30 1 1500.00 375450.00
16/09/2016 244.25 244.25 245.35 245.35 2 1000.00 245240.00
19/09/2016 247.62 247.62 247.62 247.62 1 700.00 173334.00
20/09/2016 246.06 246.06 246.06 246.06 1 300.00 73818.00
21/09/2016 244.50 244.00 244.50 244.00 3 2800.00 683800.00
22/09/2016 248.15 248.15 248.15 248.15 1 500.00 124075.00
23/09/2016 248.40 248.40 248.45 248.45 2 500.00 124215.00
26/09/2016 244.62 244.62 245.41 245.41 2 4000.00 978559.00
27/09/2016 251.53 251.53 251.53 251.53 1 900.00 226377.00
28/09/2016 252.51 251.95 252.51 251.95 2 800.00 201616.00
29/09/2016 253.07 253.07 254.56 254.56 34 4000.00 1012429.00
30/09/2016 257.85 257.85 257.85 257.85 1 1100.00 283635.00
03/10/2016 253.50 253.50 254.75 254.18 4 800.00 203403.00
04/10/2016 256.85 256.85 256.85 256.85 1 1400.00 359590.00
05/10/2016 255.93 255.93 255.93 255.93 1 1100.00 281523.00
06/10/2016 257.44 257.44 257.44 257.44 1 100.00 25744.00
07/10/2016 254.74 254.74 254.74 254.74 1 300.00 76422.00
10/10/2016 256.45 254.56 256.45 254.56 2 9500.00 2435708.00
11/10/2016 251.68 251.68 252.17 252.17 2 300.00 75553.00
13/10/2016 253.25 251.91 253.25 253.20 3 2000.00 505805.00
14/10/2016 252.80 252.80 254.15 254.15 2 700.00 177770.00
17/10/2016 253.70 253.70 253.70 253.70 1 300.00 76110.00
18/10/2016 252.65 252.65 252.65 252.65 1 200.00 50530.00
19/10/2016 252.65 252.65 252.65 252.65 1 200.00 50530.00
20/10/2016 249.75 249.75 250.05 250.05 2 300.00 74955.00
21/10/2016 270.22 270.22 286.40 282.42 5 8500.00 2399004.00
24/10/2016 278.52 271.92 278.52 271.92 5 10100.00 2757444.00
25/10/2016 270.28 270.28 270.28 270.28 1 16600.00 4486648.00
26/10/2016 278.20 278.20 280.35 279.60 3 3700.00 1033780.00
27/10/2016 276.30 276.30 277.04 277.04 2 300.00 82964.00
28/10/2016 277.50 277.50 277.50 277.50 1 600.00 166500.00
31/10/2016 280.15 280.15 281.18 281.18 2 2300.00 646096.00
01/11/2016 282.20 282.20 282.20 282.20 1 8100.00 2285820.00
03/11/2016 280.93 280.93 281.77 281.77 2 600.00 168642.00
04/11/2016 280.90 280.90 280.90 280.90 1 200.00 56180.00
07/11/2016 281.05 281.05 281.05 281.05 1 100.00 28105.00
08/11/2016 278.75 278.75 280.10 280.10 2 1800.00 502425.00
09/11/2016 278.80 278.80 278.80 278.80 1 800.00 223040.00
10/11/2016 290.27 290.27 290.27 290.27 1 400.00 116108.00
11/11/2016 290.88 290.88 290.88 290.88 1 1200.00 349056.00
14/11/2016 294.99 294.99 299.68 298.09 3 1000.00 296548.00
16/11/2016 302.17 302.17 302.80 302.80 2 1000.00 302737.00
17/11/2016 307.40 307.40 307.40 307.40 1 900.00 276660.00
18/11/2016 307.71 307.71 307.71 307.71 1 600.00 184626.00
21/11/2016 306.55 306.06 306.55 306.06 2 5300.00 1622216.00
22/11/2016 310.22 310.22 310.22 310.22 1 400.00 124088.00
23/11/2016 313.18 313.18 313.18 313.18 1 500.00 156590.00
25/11/2016 317.85 317.85 317.85 317.85 1 300.00 95355.00
29/11/2016 316.22 316.22 316.22 316.22 1 200.00 63244.00
30/11/2016 313.50 313.50 313.50 313.50 1 500.00 156750.00
01/12/2016 319.96 319.96 319.96 319.96 1 600.00 191976.00
02/12/2016 324.99 324.99 324.99 324.99 1 1500.00 487485.00
05/12/2016 322.15 322.15 322.15 322.15 1 1200.00 386580.00
06/12/2016 319.15 319.15 319.15 319.15 1 500.00 159575.00
08/12/2016 320.03 320.03 320.03 320.03 1 1100.00 352033.00
12/12/2016 318.17 318.17 318.17 318.17 1 400.00 127268.00
13/12/2016 314.21 314.21 315.07 315.07 2 600.00 188698.00
15/12/2016 321.46 321.46 321.46 321.46 1 600.00 192876.00
16/12/2016 320.77 320.77 320.77 320.77 1 300.00 96231.00
23/12/2016 314.45 314.45 314.45 314.45 1 300.00 94335.00
29/12/2016 313.12 313.12 313.12 313.12 1 300.00 93936.00
05/01/2017 310.22 310.22 310.22 310.22 1 300.00 93066.00
06/01/2017 307.31 307.31 307.31 307.31 1 1400.00 430234.00
10/01/2017 302.01 302.01 302.01 302.01 1 1200.00 362412.00
17/01/2017 303.15 303.15 304.40 304.40 2 5700.00 1733955.00
18/01/2017 306.19 306.19 306.19 306.19 1 200.00 61238.00
20/01/2017 305.00 305.00 305.00 305.00 1 1000.00 305000.00
23/01/2017 305.41 305.41 305.66 305.66 2 400.00 122189.00
26/01/2017 306.00 306.00 306.00 306.00 1 1100.00 336600.00
30/01/2017 299.97 299.97 299.97 299.97 1 400.00 119988.00
31/01/2017 304.01 304.01 304.01 304.01 1 300.00 91203.00
01/02/2017 304.82 304.82 304.82 304.82 1 200.00 60964.00
02/02/2017 303.59 303.59 303.59 303.59 1 1000.00 303590.00
03/02/2017 300.00 300.00 300.00 300.00 2 400.00 120000.00
06/02/2017 299.20 299.20 299.20 299.20 1 500.00 149600.00
07/02/2017 299.61 299.61 299.61 299.61 1 100.00 29961.00
08/02/2017 300.23 300.23 300.23 300.23 1 300.00 90069.00
09/02/2017 301.87 301.87 301.87 301.87 1 200.00 60374.00
10/02/2017 300.72 300.72 300.72 300.72 1 100.00 30072.00
13/02/2017 298.74 298.33 298.74 298.33 4 13000.00 3880490.00
14/02/2017 297.59 297.59 298.47 298.47 4 13600.00 4047918.00
15/02/2017 299.60 299.60 299.60 299.60 1 300.00 89880.00
16/02/2017 294.73 294.73 294.73 294.73 1 200.00 58946.00
17/02/2017 297.69 297.69 297.69 297.69 1 400.00 119076.00
21/02/2017 293.65 293.65 293.65 293.65 1 300.00 88095.00
01/03/2017 305.83 305.83 305.83 305.83 1 500.00 152915.00
03/03/2017 306.42 306.42 306.42 306.42 1 500.00 153210.00
06/03/2017 304.95 304.95 307.83 306.75 3 5200.00 1589196.00
07/03/2017 305.90 305.90 305.90 305.90 1 300.00 91770.00
08/03/2017 310.98 310.98 310.98 310.98 1 300.00 93294.00
09/03/2017 314.23 314.23 314.23 314.23 1 300.00 94269.00
13/03/2017 310.07 310.07 311.38 311.38 2 1200.00 372477.00
14/03/2017 310.90 310.90 310.90 310.90 1 100.00 31090.00
16/03/2017 308.21 308.21 308.21 308.21 1 400.00 123284.00
20/03/2017 301.79 301.79 301.79 301.79 1 100.00 30179.00
21/03/2017 300.34 300.34 300.34 300.34 1 200.00 60068.00
24/03/2017 302.50 302.50 302.50 302.50 1 300.00 90750.00
27/03/2017 304.72 304.72 304.72 304.72 1 1800.00 548496.00
06/04/2017 308.37 308.37 308.37 308.37 1 300.00 92511.00
07/04/2017 309.33 309.33 309.33 309.33 1 300.00 92799.00
10/04/2017 308.82 308.82 308.82 308.82 1 200.00 61764.00
12/04/2017 310.18 310.18 310.18 310.18 1 200.00 62036.00
17/04/2017 306.83 306.83 306.83 306.83 1 100.00 30683.00
18/04/2017 309.79 309.79 309.79 309.79 1 400.00 123916.00
19/04/2017 312.92 312.92 312.92 312.92 1 300.00 93876.00
20/04/2017 316.13 316.13 316.13 316.13 1 100.00 31613.00
24/04/2017 313.50 308.18 313.50 308.18 2 600.00 187036.00
25/04/2017 315.00 315.00 316.73 316.73 2 400.00 126346.00
26/04/2017 317.70 317.70 317.70 317.70 1 300.00 95310.00
28/04/2017 311.61 311.61 315.88 315.88 2 900.00 282157.00
02/05/2017 313.74 313.74 313.74 313.74 1 400.00 125496.00
11/05/2017 312.29 312.29 312.29 312.29 1 200.00 62458.00
15/05/2017 306.76 306.76 306.76 306.76 1 200.00 61352.00
16/05/2017 303.86 303.86 303.86 303.86 1 300.00 91158.00
19/05/2017 320.02 320.02 320.02 320.02 1 700.00 224014.00
22/05/2017 321.36 321.36 321.36 321.36 1 100.00 32136.00
01/06/2017 322.72 322.72 322.72 322.72 1 400.00 129088.00
02/06/2017 323.47 323.47 323.47 323.47 1 500.00 161735.00
05/06/2017 326.28 326.28 326.28 326.28 1 200.00 65256.00
06/06/2017 325.87 325.87 325.87 325.87 1 300.00 97761.00
08/06/2017 323.80 323.80 323.80 323.80 1 300.00 97140.00
09/06/2017 324.95 324.95 324.95 324.95 1 300.00 97485.00
12/06/2017 329.22 329.22 329.22 329.22 1 500.00 164610.00
13/06/2017 329.60 329.60 329.60 329.60 1 300.00 98880.00
16/06/2017 326.40 326.40 326.40 326.40 1 200.00 65280.00
