01/07/2016 2.50 2.50 2.50 2.50 6 2000.00 5000.00
05/07/2016 2.50 2.50 2.50 2.50 2 200.00 500.00
13/07/2016 3.00 3.00 3.00 3.00 1 100.00 300.00
25/07/2016 3.00 3.00 3.23 3.22 3 300.00 945.00
23/01/2017 3.80 3.80 3.80 3.80 1 100.00 380.00
26/01/2017 4.20 4.20 4.20 4.20 1 100.00 420.00
27/01/2017 4.55 4.55 4.55 4.55 2 800.00 3640.00
31/01/2017 5.20 5.20 5.50 5.50 2 200.00 1070.00
01/02/2017 4.20 4.20 4.40 4.26 26 6200.00 26198.00
02/02/2017 4.27 4.00 4.27 4.00 13 5200.00 21869.00
06/02/2017 3.51 3.50 3.51 3.50 5 900.00 3153.00
20/02/2017 3.50 3.50 3.50 3.50 1 300.00 1050.00
24/02/2017 3.50 3.50 3.50 3.50 1 100.00 350.00
07/03/2017 3.50 3.50 3.50 3.50 1 300.00 1050.00
13/04/2017 3.10 3.10 3.10 3.10 1 200.00 620.00
18/04/2017 3.10 3.10 3.10 3.10 2 300.00 930.00
19/04/2017 3.10 3.10 3.10 3.10 1 200.00 620.00
20/04/2017 3.50 3.50 3.50 3.50 1 100.00 350.00
