16/11/2016 53.51 53.51 53.51 53.51 2 5423.96 290228.00
01/12/2016 53.87 53.87 53.87 53.87 1 102.34 5513.00
07/12/2016 57.84 57.84 57.84 57.84 1 102.34 5919.00
20/12/2016 53.06 53.06 53.06 53.06 1 102.34 5430.00
03/02/2017 49.03 49.03 49.03 49.03 1 102.34 5018.00
14/02/2017 47.81 47.81 47.81 47.81 2 1125.73 53823.00
17/04/2017 46.74 46.74 46.74 46.74 1 4605.25 215235.00
24/04/2017 50.67 50.67 50.67 50.67 1 10643.24 539240.00
02/05/2017 52.92 52.92 52.92 52.92 1 204.68 10832.00
08/05/2017 54.24 54.24 54.24 54.24 1 1000.00 54240.00
10/05/2017 53.32 53.32 53.32 53.32 1 100.00 5332.00
15/05/2017 50.66 50.66 50.66 50.66 1 600.00 30396.00
18/05/2017 53.46 53.46 53.53 53.53 2 900.00 48170.00
22/05/2017 54.18 54.18 54.18 54.18 1 600.00 32508.00
29/05/2017 53.06 53.06 53.06 53.06 1 100.00 5306.00
30/05/2017 52.53 52.53 52.53 52.53 1 500.00 26265.00
05/06/2017 52.72 52.72 52.72 52.72 1 200.00 10544.00
08/06/2017 52.05 52.05 52.05 52.05 1 400.00 20820.00
