20/06/2016 2.77 2.70 2.85 2.70 56 84600.00 233861.00
21/06/2016 2.79 2.71 2.86 2.71 29 16700.00 45841.00
22/06/2016 2.82 2.70 2.83 2.80 49 45800.00 127306.00
23/06/2016 2.80 2.78 2.87 2.80 41 50900.00 143165.00
24/06/2016 2.66 2.60 2.74 2.70 101 125800.00 333763.00
27/06/2016 2.74 2.70 2.80 2.75 24 41000.00 111023.00
28/06/2016 2.75 2.66 2.78 2.73 46 55000.00 149432.00
29/06/2016 2.80 2.73 2.80 2.78 39 60500.00 167772.00
30/06/2016 2.78 2.71 2.84 2.83 88 102500.00 286052.00
01/07/2016 2.83 2.76 2.85 2.85 67 91700.00 256420.00
04/07/2016 2.87 2.75 2.89 2.75 84 118000.00 329318.00
05/07/2016 2.75 2.74 2.82 2.75 63 96900.00 269636.00
06/07/2016 2.75 2.70 2.80 2.80 60 68400.00 188018.00
07/07/2016 2.84 2.74 2.85 2.74 49 48200.00 134677.00
08/07/2016 2.73 2.73 2.80 2.79 42 63400.00 175174.00
11/07/2016 2.86 2.77 2.87 2.84 66 70600.00 199098.00
12/07/2016 2.84 2.80 2.87 2.80 42 21300.00 60520.00
13/07/2016 2.80 2.80 2.95 2.94 210 285300.00 827775.00
14/07/2016 2.96 2.88 3.00 2.99 159 194100.00 574282.00
15/07/2016 3.00 2.98 3.01 3.00 97 104400.00 312608.00
18/07/2016 3.00 2.97 3.05 3.01 75 80000.00 241573.00
19/07/2016 3.05 2.96 3.05 2.97 104 115000.00 345849.00
20/07/2016 3.02 2.98 3.15 3.15 142 171400.00 526135.00
21/07/2016 3.16 3.16 3.45 3.40 335 429100.00 1436980.00
22/07/2016 3.45 3.45 3.70 3.63 712 728300.00 2599891.00
25/07/2016 3.70 3.66 3.89 3.79 485 589300.00 2226392.00
26/07/2016 3.80 3.55 3.83 3.55 540 598600.00 2184118.00
27/07/2016 3.59 3.59 3.77 3.70 188 266100.00 984910.00
28/07/2016 3.70 3.60 3.76 3.70 260 163600.00 603246.00
29/07/2016 3.75 3.55 3.75 3.60 397 267900.00 970375.00
01/08/2016 3.65 3.49 3.71 3.50 340 205500.00 736560.00
02/08/2016 3.55 3.45 3.59 3.45 173 100300.00 352264.00
03/08/2016 3.45 3.45 3.73 3.69 245 219000.00 792275.00
04/08/2016 3.69 3.58 3.78 3.61 267 261100.00 958824.00
05/08/2016 3.62 3.54 3.65 3.60 212 153200.00 549263.00
08/08/2016 3.70 3.48 3.74 3.48 204 194200.00 686305.00
09/08/2016 3.45 3.38 3.50 3.38 234 142900.00 488892.00
10/08/2016 3.42 3.38 3.43 3.40 126 68900.00 234055.00
11/08/2016 3.40 3.38 3.60 3.49 234 119600.00 419003.00
12/08/2016 3.60 3.38 3.60 3.39 681 462900.00 1582757.00
15/08/2016 3.43 3.40 3.52 3.40 306 187200.00 647377.00
16/08/2016 3.40 3.32 3.46 3.38 193 193800.00 655554.00
17/08/2016 3.40 3.33 3.45 3.42 407 260400.00 886620.00
18/08/2016 3.45 3.40 3.50 3.45 230 144000.00 496490.00
19/08/2016 3.45 3.35 3.45 3.37 241 286300.00 968624.00
22/08/2016 3.40 3.30 3.42 3.31 141 173700.00 582042.00
23/08/2016 3.35 3.29 3.37 3.37 139 113100.00 375375.00
24/08/2016 3.37 3.30 3.39 3.34 97 85200.00 285187.00
25/08/2016 3.38 3.36 3.40 3.39 88 64400.00 217751.00
26/08/2016 3.40 3.36 3.42 3.40 98 47300.00 160730.00
29/08/2016 3.42 3.35 3.42 3.40 55 47700.00 161267.00
30/08/2016 3.41 3.34 3.41 3.34 76 48500.00 163142.00
31/08/2016 3.35 3.31 3.36 3.31 82 67900.00 226570.00
01/09/2016 3.34 3.21 3.38 3.22 93 108400.00 355716.00
02/09/2016 3.24 3.22 3.34 3.34 107 101100.00 329361.00
05/09/2016 3.33 3.31 3.37 3.34 42 29800.00 99470.00
06/09/2016 3.34 3.26 3.34 3.30 74 50400.00 165837.00
08/09/2016 3.28 3.28 3.47 3.47 195 160800.00 540475.00
09/09/2016 3.47 3.36 3.47 3.43 280 164300.00 559344.00
12/09/2016 3.45 3.35 3.45 3.36 154 94900.00 322291.00
13/09/2016 3.38 3.21 3.38 3.21 101 76800.00 251012.00
14/09/2016 3.25 3.20 3.38 3.38 89 84700.00 279907.00
15/09/2016 3.38 3.35 3.40 3.38 85 63100.00 213682.00
16/09/2016 3.40 3.29 3.40 3.33 96 78200.00 260735.00
19/09/2016 3.35 3.35 3.42 3.35 66 82800.00 280117.00
20/09/2016 3.35 3.30 3.40 3.38 114 60300.00 201093.00
21/09/2016 3.38 3.37 3.43 3.41 66 32300.00 109599.00
22/09/2016 3.42 3.37 3.42 3.40 79 70300.00 239135.00
23/09/2016 3.40 3.38 3.44 3.39 81 59800.00 203818.00
26/09/2016 3.36 3.22 3.36 3.22 74 75600.00 247584.00
27/09/2016 3.24 3.16 3.27 3.16 86 72100.00 231017.00
28/09/2016 3.17 3.17 3.29 3.27 111 371000.00 1190291.00
29/09/2016 3.27 3.21 3.33 3.21 160 88100.00 288141.00
30/09/2016 3.24 3.20 3.29 3.23 64 40900.00 132483.00
03/10/2016 3.23 3.23 3.30 3.25 66 37700.00 123053.00
04/10/2016 3.22 3.22 3.30 3.29 49 33500.00 108770.00
05/10/2016 3.29 3.26 3.33 3.31 59 31400.00 103603.00
06/10/2016 3.31 3.26 3.31 3.30 102 47000.00 154338.00
07/10/2016 3.30 3.23 3.34 3.25 124 78000.00 255010.00
10/10/2016 3.33 3.20 3.35 3.20 123 169200.00 550813.00
11/10/2016 3.28 3.15 3.30 3.20 174 292600.00 939570.00
13/10/2016 3.25 3.13 3.25 3.16 135 202700.00 641052.00
14/10/2016 3.16 3.16 3.25 3.20 191 147700.00 475738.00
17/10/2016 3.25 3.20 3.32 3.27 324 221400.00 719730.00
18/10/2016 3.25 3.17 3.30 3.20 198 272900.00 874254.00
19/10/2016 3.27 3.16 3.27 3.17 204 211200.00 673701.00
20/10/2016 3.16 2.98 3.16 2.98 327 352600.00 1073065.00
21/10/2016 2.99 2.93 3.05 2.95 188 247200.00 736964.00
24/10/2016 3.00 2.90 3.00 2.90 97 84200.00 248778.00
25/10/2016 2.90 2.85 2.94 2.87 94 65800.00 190327.00
26/10/2016 2.86 2.71 2.87 2.77 163 217900.00 606213.00
27/10/2016 2.80 2.72 2.81 2.72 108 128700.00 355351.00
28/10/2016 2.70 2.70 2.80 2.80 82 63500.00 175190.00
31/10/2016 2.80 2.62 2.80 2.65 149 126800.00 342819.00
01/11/2016 2.65 2.62 2.76 2.62 93 115600.00 311679.00
03/11/2016 2.62 2.47 2.65 2.47 165 211900.00 536868.00
04/11/2016 2.50 2.45 2.56 2.53 96 130900.00 328752.00
07/11/2016 2.51 2.49 2.60 2.52 119 141200.00 357692.00
08/11/2016 2.52 2.51 2.55 2.53 67 46000.00 116538.00
09/11/2016 2.45 2.40 2.53 2.52 137 216500.00 531512.00
10/11/2016 2.71 2.43 2.71 2.43 101 154700.00 383675.00
11/11/2016 2.45 2.30 2.45 2.35 109 93000.00 218620.00
14/11/2016 2.35 2.30 2.35 2.33 76 105100.00 244529.00
16/11/2016 2.33 2.32 2.47 2.32 80 68700.00 163300.00
17/11/2016 2.37 2.37 2.45 2.40 68 72000.00 173624.00
18/11/2016 2.43 2.32 2.44 2.44 57 69300.00 165157.00
21/11/2016 2.45 2.30 2.45 2.32 87 113700.00 267799.00
22/11/2016 2.31 2.29 2.38 2.30 60 116600.00 272319.00
23/11/2016 2.34 2.25 2.34 2.31 70 47200.00 107541.00
24/11/2016 2.34 2.29 2.34 2.30 31 23200.00 53405.00
25/11/2016 2.30 2.25 2.30 2.26 56 27800.00 63035.00
28/11/2016 2.25 2.25 2.31 2.31 26 16700.00 38071.00
29/11/2016 2.35 2.27 2.38 2.33 41 39400.00 91603.00
30/11/2016 2.30 2.24 2.32 2.24 105 88500.00 200953.00
01/12/2016 2.30 2.09 2.30 2.10 163 191000.00 412391.00
02/12/2016 2.18 2.03 2.18 2.06 106 99700.00 208047.00
05/12/2016 2.16 2.00 2.16 2.00 86 108000.00 219659.00
06/12/2016 2.01 2.00 2.10 2.09 59 64600.00 133450.00
07/12/2016 2.05 1.97 2.06 1.99 149 271800.00 543625.00
08/12/2016 2.02 1.96 2.06 1.97 92 155200.00 308570.00
09/12/2016 1.99 1.95 2.03 2.02 90 96100.00 190435.00
12/12/2016 2.02 1.95 2.02 2.00 60 90000.00 178874.00
13/12/2016 2.04 1.99 2.07 2.02 79 177500.00 358557.00
14/12/2016 2.05 2.00 2.12 2.12 162 454200.00 943351.00
15/12/2016 2.16 2.12 2.35 2.30 120 211800.00 474521.00
16/12/2016 2.30 2.20 2.39 2.25 107 235000.00 533529.00
19/12/2016 2.25 2.20 2.30 2.29 62 125000.00 280256.00
20/12/2016 2.29 2.25 2.29 2.25 75 72000.00 162732.00
21/12/2016 2.27 2.21 2.30 2.26 89 93600.00 211311.00
22/12/2016 2.28 2.23 2.30 2.23 61 56100.00 126812.00
23/12/2016 2.28 2.25 2.30 2.30 64 89200.00 203081.00
26/12/2016 2.30 2.29 2.59 2.53 420 721700.00 1775586.00
27/12/2016 2.56 2.55 2.80 2.61 1259 1873800.00 5023609.00
28/12/2016 2.62 2.51 2.67 2.54 555 426700.00 1092691.00
29/12/2016 2.55 2.46 2.60 2.54 457 372800.00 943385.00
02/01/2017 2.55 2.54 2.67 2.63 124 162800.00 426038.00
03/01/2017 2.64 2.60 2.66 2.62 156 248200.00 652190.00
04/01/2017 2.61 2.58 2.67 2.59 116 175800.00 460680.00
05/01/2017 2.65 2.55 2.65 2.63 128 185600.00 480341.00
06/01/2017 2.65 2.60 2.66 2.65 123 176100.00 464149.00
09/01/2017 2.65 2.55 2.65 2.64 111 111700.00 290691.00
10/01/2017 2.66 2.51 2.68 2.56 181 341700.00 887398.00
11/01/2017 2.60 2.50 2.65 2.60 110 193500.00 496341.00
12/01/2017 2.63 2.57 2.69 2.62 163 215100.00 561006.00
13/01/2017 2.64 2.58 2.64 2.64 110 99100.00 258782.00
16/01/2017 2.61 2.60 2.66 2.63 104 126200.00 331307.00
17/01/2017 2.60 2.58 2.64 2.62 155 151500.00 395881.00
18/01/2017 2.64 2.62 3.03 2.86 781 1687400.00 4798307.00
19/01/2017 2.90 2.65 2.99 2.78 428 497500.00 1410551.00
20/01/2017 2.78 2.72 2.88 2.85 163 219300.00 618854.00
23/01/2017 2.85 2.75 2.85 2.79 156 199900.00 556750.00
24/01/2017 2.80 2.70 2.86 2.76 136 181500.00 502415.00
26/01/2017 2.84 2.80 2.93 2.89 285 450000.00 1292856.00
27/01/2017 2.90 2.80 2.93 2.80 233 305700.00 870945.00
30/01/2017 2.87 2.70 2.88 2.77 212 225300.00 627852.00
31/01/2017 2.77 2.74 2.83 2.77 153 111200.00 308263.00
01/02/2017 2.83 2.71 2.83 2.80 172 232600.00 641808.00
02/02/2017 2.83 2.75 2.83 2.76 112 99100.00 275134.00
03/02/2017 2.80 2.76 2.86 2.76 205 306100.00 861302.00
06/02/2017 2.80 2.80 2.88 2.80 202 195900.00 556276.00
07/02/2017 2.81 2.73 2.81 2.73 110 86200.00 238648.00
08/02/2017 2.80 2.75 2.81 2.81 119 140000.00 389477.00
09/02/2017 2.81 2.78 2.87 2.86 156 144500.00 409545.00
10/02/2017 2.86 2.85 2.90 2.88 196 163300.00 469210.00
13/02/2017 2.90 2.86 2.96 2.93 244 294500.00 856986.00
14/02/2017 2.96 2.85 2.99 2.90 272 304100.00 889528.00
15/02/2017 2.94 2.91 2.97 2.91 205 146600.00 430933.00
16/02/2017 2.94 2.93 3.10 3.00 511 630000.00 1900415.00
17/02/2017 3.01 2.94 3.14 3.11 555 588700.00 1797465.00
20/02/2017 3.15 3.01 3.18 3.07 441 493700.00 1530910.00
21/02/2017 3.09 3.02 3.15 3.02 256 246200.00 754473.00
22/02/2017 3.02 2.80 3.05 2.87 519 617300.00 1784058.00
23/02/2017 2.94 2.65 2.94 2.75 575 494200.00 1363914.00
24/02/2017 2.75 2.67 2.80 2.76 334 287100.00 783572.00
01/03/2017 2.75 2.75 2.94 2.91 233 228600.00 655540.00
02/03/2017 2.95 2.93 3.10 2.97 290 296600.00 892616.00
03/03/2017 3.01 2.95 3.07 2.96 233 252800.00 757580.00
06/03/2017 2.99 2.95 3.02 3.01 175 171600.00 514761.00
07/03/2017 3.02 2.96 3.02 2.97 157 174300.00 523297.00
08/03/2017 3.04 2.91 3.04 2.97 142 139700.00 415093.00
09/03/2017 2.95 2.91 2.99 2.92 127 137300.00 403929.00
10/03/2017 2.97 2.93 3.00 2.97 142 141000.00 419186.00
13/03/2017 2.98 2.95 3.01 2.95 144 90200.00 269299.00
14/03/2017 2.95 2.91 2.98 2.91 112 79400.00 233587.00
15/03/2017 2.91 2.91 3.03 3.00 155 175200.00 522176.00
16/03/2017 3.00 2.92 3.01 2.92 156 120200.00 353719.00
17/03/2017 2.44 2.31 2.53 2.50 2142 2576000.00 6243503.00
20/03/2017 2.41 2.25 2.41 2.29 669 1054000.00 2456146.00
21/03/2017 2.29 2.14 2.29 2.18 404 779300.00 1708765.00
22/03/2017 2.15 2.12 2.29 2.26 272 417500.00 918187.00
23/03/2017 2.23 2.15 2.35 2.16 301 468700.00 1034518.00
24/03/2017 2.16 2.15 2.23 2.20 340 331200.00 725013.00
27/03/2017 2.21 2.15 2.23 2.23 90 99400.00 219258.00
28/03/2017 2.20 2.18 2.26 2.25 84 149900.00 333136.00
29/03/2017 2.24 2.21 2.28 2.24 97 173000.00 387244.00
30/03/2017 2.22 2.18 2.24 2.22 107 123200.00 271690.00
31/03/2017 2.21 2.18 2.28 2.22 128 146900.00 325179.00
03/04/2017 2.22 2.15 2.22 2.17 96 153400.00 333559.00
04/04/2017 2.16 2.10 2.20 2.11 149 245600.00 525335.00
05/04/2017 2.12 2.05 2.15 2.05 150 199100.00 414413.00
06/04/2017 2.10 2.04 2.19 2.11 148 288800.00 608203.00
07/04/2017 2.14 2.14 2.35 2.30 485 962000.00 2180164.00
10/04/2017 2.33 2.20 2.34 2.26 179 362300.00 827239.00
11/04/2017 2.29 2.20 2.30 2.30 114 209700.00 472893.00
12/04/2017 2.30 2.28 2.40 2.32 207 561100.00 1310997.00
13/04/2017 2.33 2.23 2.36 2.30 131 306000.00 696060.00
17/04/2017 2.30 2.24 2.33 2.32 164 294300.00 671318.00
18/04/2017 2.28 2.23 2.32 2.27 133 173500.00 394771.00
19/04/2017 2.27 2.19 2.27 2.21 102 212300.00 471701.00
20/04/2017 2.25 2.19 2.25 2.25 68 87900.00 195239.00
24/04/2017 2.25 2.17 2.25 2.18 95 144600.00 318423.00
25/04/2017 2.18 2.11 2.20 2.12 156 361300.00 774294.00
26/04/2017 2.13 2.10 2.17 2.10 112 256500.00 546292.00
27/04/2017 2.10 2.05 2.12 2.08 139 259000.00 539264.00
28/04/2017 2.05 2.00 2.08 2.02 693 608500.00 1229977.00
02/05/2017 2.05 2.01 2.07 2.03 199 217500.00 443825.00
03/05/2017 2.08 2.08 2.25 2.17 734 1009900.00 2195584.00
04/05/2017 2.17 2.07 2.17 2.08 169 236900.00 499378.00
05/05/2017 2.08 2.07 2.16 2.16 60 84300.00 178076.00
08/05/2017 2.16 2.09 2.16 2.09 64 83400.00 176995.00
09/05/2017 2.10 2.05 2.17 2.13 159 311000.00 654297.00
10/05/2017 2.14 2.14 2.24 2.20 167 265900.00 585159.00
11/05/2017 2.20 2.15 2.26 2.23 148 244800.00 540223.00
12/05/2017 2.20 2.10 2.22 2.20 164 318000.00 689652.00
15/05/2017 2.20 2.13 2.23 2.13 139 226100.00 487061.00
16/05/2017 2.13 2.12 2.16 2.13 67 64400.00 137777.00
17/05/2017 2.13 2.08 2.15 2.10 89 152700.00 320453.00
18/05/2017 1.91 1.87 2.03 1.96 248 446600.00 871373.00
19/05/2017 1.95 1.95 2.04 2.01 98 117400.00 237037.00
22/05/2017 2.01 1.95 2.02 1.96 101 263900.00 522501.00
23/05/2017 1.99 1.97 2.01 1.97 53 146900.00 292141.00
24/05/2017 2.01 2.01 2.06 2.02 78 137200.00 278964.00
25/05/2017 2.02 2.00 2.04 2.02 53 99300.00 200469.00
26/05/2017 2.02 2.00 2.04 2.01 64 62900.00 126990.00
29/05/2017 2.01 2.00 2.03 2.01 64 70800.00 141900.00
30/05/2017 1.98 1.98 2.04 1.99 57 75900.00 152089.00
31/05/2017 2.02 1.90 2.02 1.95 124 187100.00 366985.00
01/06/2017 1.96 1.94 2.01 1.99 44 57000.00 112963.00
02/06/2017 1.94 1.94 2.00 2.00 72 126000.00 248484.00
05/06/2017 1.98 1.95 2.00 1.95 36 39400.00 77654.00
06/06/2017 1.96 1.94 1.96 1.96 36 82800.00 161503.00
07/06/2017 1.96 1.95 1.97 1.97 29 33300.00 65229.00
08/06/2017 1.94 1.93 2.00 1.93 47 86500.00 169327.00
09/06/2017 1.93 1.93 1.98 1.95 28 21600.00 42217.00
12/06/2017 1.95 1.90 1.95 1.90 47 78200.00 150132.00
13/06/2017 1.90 1.90 1.95 1.95 32 136000.00 261554.00
14/06/2017 1.93 1.90 1.96 1.91 61 119700.00 230069.00
16/06/2017 1.91 1.90 1.93 1.93 20 24900.00 47595.00
