20/06/2016 70.02 69.38 70.53 70.14 5811 1254185.62 87930599.00
21/06/2016 70.31 69.69 71.79 71.66 6588 1395200.86 99256709.00
22/06/2016 71.31 69.34 71.65 69.34 7412 1171337.89 81780892.00
23/06/2016 70.15 69.27 71.16 70.89 7048 1338364.66 94504454.00
24/06/2016 70.20 68.65 70.20 69.72 7511 1230119.84 85125523.00
27/06/2016 69.92 67.72 69.92 68.42 8330 1509897.35 103471642.00
28/06/2016 69.23 67.72 69.62 68.45 6644 1378610.83 94416947.00
29/06/2016 69.22 68.64 69.53 69.24 8026 2422963.32 167487223.00
30/06/2016 68.96 67.99 69.44 69.44 6096 1637599.60 113055727.00
01/07/2016 69.90 67.54 70.13 68.07 10534 2133559.51 145542813.00
04/07/2016 68.69 67.38 68.69 67.43 4976 1038105.63 70233352.00
05/07/2016 67.38 66.70 67.84 67.75 6958 1742669.78 117285348.00
06/07/2016 67.67 66.93 67.95 67.54 3106 606355.27 40868886.00
07/07/2016 67.84 67.21 68.84 68.08 6008 1775849.83 120792140.00
08/07/2016 68.43 67.94 69.23 69.09 5400 929758.41 63978221.00
11/07/2016 69.66 68.95 69.75 69.63 5327 958432.54 66459067.00
12/07/2016 70.16 68.99 70.16 69.77 7528 1057767.89 73650877.00
13/07/2016 69.70 67.30 69.70 68.26 11022 1773494.45 120553101.00
14/07/2016 68.87 68.56 70.05 69.46 8138 1874263.51 129850215.00
15/07/2016 69.57 68.61 69.96 69.60 6313 1126688.18 78319264.00
18/07/2016 69.72 68.86 70.56 70.56 4691 1071900.14 75228212.00
19/07/2016 70.31 69.96 70.99 70.99 5539 1057563.07 74682717.00
20/07/2016 71.27 70.36 71.46 71.35 4789 969390.15 68891692.00
21/07/2016 71.29 70.60 71.51 71.12 4473 799188.75 56754014.00
22/07/2016 71.09 70.88 71.92 71.48 3702 875892.02 62633612.00
25/07/2016 71.33 70.26 71.33 71.09 3480 674251.50 47704322.00
26/07/2016 71.22 70.19 71.26 70.69 5748 1681737.27 118960064.00
27/07/2016 70.99 70.44 71.82 71.59 4030 942866.58 67311114.00
28/07/2016 71.29 70.21 72.21 72.04 4810 839434.93 59865286.00
29/07/2016 71.65 70.52 72.30 72.30 7465 1558028.91 112005440.00
01/08/2016 72.32 70.49 72.32 70.62 4574 816290.82 57843122.00
02/08/2016 70.09 68.91 70.79 70.29 5580 915114.13 63947165.00
03/08/2016 70.07 69.16 70.57 69.28 6898 1147067.30 79803789.00
04/08/2016 69.65 69.65 71.02 70.01 6480 2184968.11 153434454.00
05/08/2016 70.41 70.04 71.29 71.23 4563 1266064.90 89716080.00
08/08/2016 71.23 70.50 72.26 72.26 4695 971438.29 69813451.00
09/08/2016 72.74 71.45 73.11 71.69 6296 1012401.33 72682464.00
10/08/2016 72.25 70.00 72.25 70.66 6184 1594793.23 112472873.00
11/08/2016 72.23 71.76 73.52 73.44 7665 1919834.89 139498448.00
12/08/2016 73.90 72.40 74.22 73.64 6597 1125254.48 82386780.00
15/08/2016 73.96 73.15 75.67 75.14 7550 1253673.58 93393750.00
16/08/2016 75.21 74.14 76.44 76.42 9429 1676719.29 127035506.00
17/08/2016 76.58 75.18 77.20 77.20 9019 1583528.39 120635718.00
18/08/2016 77.29 75.86 77.59 76.22 4147 896277.14 68534279.00
19/08/2016 76.40 75.21 76.40 76.07 2541 416816.51 31623185.00
22/08/2016 75.56 74.08 75.68 74.63 4181 710372.11 53011401.00
23/08/2016 75.08 74.52 75.66 74.52 4790 886546.01 66467341.00
24/08/2016 74.68 73.77 75.07 73.83 4515 1108740.03 82116462.00
25/08/2016 73.99 73.14 74.71 73.32 7799 1429258.95 105175148.00
26/08/2016 73.78 72.46 74.29 73.20 8772 1567420.64 114748439.00
29/08/2016 73.68 72.58 74.84 74.38 7357 1807759.15 133954745.00
30/08/2016 74.57 73.71 75.14 73.99 4995 791870.28 58730490.00
31/08/2016 74.19 72.87 74.37 73.43 6265 1490078.48 109156448.00
01/09/2016 73.73 71.15 73.74 71.23 10126 2987962.12 213501500.00
02/09/2016 71.89 71.28 72.54 71.82 9330 1749473.77 125744838.00
05/09/2016 72.40 70.81 72.40 71.86 4864 769164.32 55168684.00
06/09/2016 72.05 71.50 72.19 72.13 6374 1512176.24 108741501.00
08/09/2016 72.36 71.74 73.00 72.90 7046 1405843.43 102053614.00
09/09/2016 72.51 69.77 72.52 70.28 8218 1227439.47 86515810.00
12/09/2016 69.56 69.56 70.83 70.83 4189 640835.11 45090820.00
13/09/2016 70.12 68.83 70.53 70.04 7276 1163072.14 80828110.00
14/09/2016 70.45 69.35 70.46 69.72 4422 724766.06 50602588.00
15/09/2016 70.03 69.62 70.50 70.09 3460 613060.86 43002007.00
16/09/2016 70.24 68.91 70.27 68.91 4411 1356072.78 93794147.00
19/09/2016 69.25 69.25 70.23 69.85 3928 657661.85 45938130.00
20/09/2016 70.39 69.69 71.38 70.50 4966 946655.98 66810331.00
21/09/2016 71.02 68.93 71.03 69.74 8584 1511365.31 105216728.00
22/09/2016 70.24 69.16 70.70 69.16 7244 1893818.79 132083094.00
23/09/2016 69.67 69.35 70.29 69.76 6031 1055827.03 73645247.00
26/09/2016 69.36 69.01 69.60 69.60 3200 640733.74 44392661.00
27/09/2016 69.92 68.83 69.92 69.72 4438 839816.34 58384743.00
28/09/2016 69.72 68.86 70.45 70.06 5045 828361.99 57864793.00
29/09/2016 70.19 69.44 70.47 69.72 3769 633232.67 44240583.00
30/09/2016 69.97 69.56 71.13 70.10 5664 1258356.07 88500244.00
03/10/2016 70.10 70.03 71.13 70.63 6120 917158.51 64838952.00
04/10/2016 70.64 69.67 70.94 70.75 4823 875699.86 61660535.00
05/10/2016 71.15 70.91 71.71 71.12 5003 693849.47 49450273.00
06/10/2016 71.36 70.72 71.63 71.43 5124 808088.82 57468559.00
07/10/2016 71.63 70.78 72.06 72.02 5197 1159828.43 83149006.00
10/10/2016 72.26 71.50 72.31 72.16 3366 860292.25 62007152.00
11/10/2016 72.14 70.29 72.14 70.54 6111 1170674.58 82772374.00
13/10/2016 70.44 70.19 71.11 71.04 8401 2000759.79 141523027.00
14/10/2016 71.51 69.97 71.77 70.44 7690 3797267.33 269329516.00
17/10/2016 71.17 70.46 71.97 71.97 7164 3682419.79 262054618.00
18/10/2016 72.27 71.48 72.76 72.41 6082 2321582.81 167680952.00
19/10/2016 72.46 71.14 72.80 71.43 5207 922936.36 66008430.00
20/10/2016 71.42 69.76 71.50 71.43 4451 905906.89 64295777.00
21/10/2016 71.03 70.65 72.02 71.52 4242 1738323.52 124323818.00
24/10/2016 71.61 70.91 71.83 71.33 4108 889282.89 63444057.00
25/10/2016 71.47 70.61 71.77 71.77 4451 746661.09 53364144.00
26/10/2016 71.81 70.56 71.89 71.77 5650 1044676.79 74571539.00
27/10/2016 71.71 71.38 72.29 71.54 3816 868401.52 62302585.00
28/10/2016 71.53 71.00 71.96 71.62 4144 690808.49 49443979.00
31/10/2016 71.48 70.69 71.79 71.36 5542 985783.21 70286103.00
01/11/2016 71.36 69.06 71.36 69.41 7358 1318972.87 91819375.00
03/11/2016 69.05 68.65 69.45 69.06 6406 1215782.40 83930051.00
04/11/2016 69.17 68.39 69.37 68.46 7296 1266363.97 87239451.00
07/11/2016 69.20 68.86 69.34 69.06 6421 1217911.08 84137318.00
08/11/2016 69.16 68.71 69.52 69.16 4865 737740.89 51001635.00
09/11/2016 68.31 66.55 68.32 67.13 11561 2014241.46 135540138.00
10/11/2016 67.59 64.74 67.59 65.51 12808 2082866.16 137047535.00
11/11/2016 64.42 62.78 67.08 64.52 17230 2774688.31 178213008.00
14/11/2016 64.62 63.35 65.23 64.74 11434 2145915.74 138398469.00
16/11/2016 65.11 64.93 67.81 67.54 14200 2284280.17 152357705.00
17/11/2016 68.42 65.26 68.46 67.08 12030 2117837.39 141070232.00
18/11/2016 67.75 66.72 68.96 68.28 9625 1722915.91 117318827.00
21/11/2016 68.91 68.14 69.70 68.17 5967 1891994.20 130096713.00
22/11/2016 68.87 68.24 70.04 69.29 6071 1397936.89 96704647.00
23/11/2016 69.44 67.44 69.45 68.89 5250 830693.41 56888946.00
24/11/2016 68.89 67.66 69.88 69.06 2734 628367.11 43433870.00
25/11/2016 68.74 68.24 70.38 70.19 5693 1079648.02 75286130.00
28/11/2016 70.27 69.07 70.39 69.94 5226 774739.44 54017797.00
29/11/2016 69.54 68.07 69.64 68.61 10927 2720660.29 186827084.00
30/11/2016 69.06 67.58 69.07 68.17 8196 1605838.31 109550750.00
01/12/2016 67.94 65.90 68.44 67.18 14417 2130204.03 143117463.00
02/12/2016 66.31 64.86 67.68 67.38 9497 1489774.38 99903461.00
05/12/2016 66.79 66.57 68.07 66.74 6063 1274371.88 85319976.00
06/12/2016 66.88 65.43 67.15 66.99 7032 1310559.50 87313158.00
07/12/2016 67.31 66.30 67.55 66.40 7187 1157902.48 77177481.00
08/12/2016 66.44 64.91 66.86 65.11 7206 1696358.05 111075508.00
09/12/2016 65.44 63.99 65.49 64.91 9379 2895415.07 186686459.00
12/12/2016 64.33 63.76 64.81 64.43 6840 1219938.40 78294374.00
13/12/2016 63.65 63.33 66.10 65.84 8612 1484199.25 96779753.00
14/12/2016 65.61 64.55 65.96 64.73 8150 1514811.75 98518989.00
15/12/2016 64.64 62.84 64.64 64.31 8490 1308532.18 83579489.00
16/12/2016 64.52 64.44 66.08 65.41 4904 1281872.95 83849558.00
19/12/2016 65.20 64.45 65.46 64.62 4625 930640.17 60283111.00
20/12/2016 64.73 63.66 64.99 64.92 6040 1028458.25 66233771.00
21/12/2016 65.09 64.01 65.60 64.54 5760 1436253.19 92660567.00
22/12/2016 64.50 64.03 65.59 65.09 4014 1034742.93 67322942.00
23/12/2016 65.25 64.44 65.44 65.01 3324 756392.22 49170525.00
26/12/2016 64.99 64.48 65.59 65.11 1653 283925.84 18451753.00
27/12/2016 65.55 64.66 65.55 65.47 2964 572717.24 37296468.00
28/12/2016 65.40 64.67 66.48 66.33 4895 858974.49 56439982.00
29/12/2016 66.33 65.70 68.37 67.53 4629 980309.45 65737657.00
02/01/2017 66.52 65.78 67.36 66.99 2109 389042.26 25968575.00
03/01/2017 66.94 66.94 68.25 68.07 6644 1271736.36 86246259.00
04/01/2017 67.61 66.70 68.14 66.99 5819 1147157.69 77009786.00
05/01/2017 66.74 66.70 67.75 67.38 6815 1174627.85 79085459.00
06/01/2017 67.08 66.41 67.72 67.08 5065 780415.93 52142458.00
09/01/2017 66.78 66.50 67.57 66.84 5402 823699.16 55194349.00
10/01/2017 67.21 66.73 67.55 67.00 4041 1723220.01 115480190.00
11/01/2017 66.89 65.88 67.24 66.79 4527 809812.04 53863315.00
12/01/2017 67.38 65.98 68.03 66.59 8691 1616684.46 107929971.00
13/01/2017 66.01 65.72 67.27 66.23 4637 813765.31 54004301.00
16/01/2017 65.83 65.39 66.14 65.91 3945 563695.67 37039382.00
17/01/2017 65.61 64.94 66.09 65.41 5629 1039101.66 68091741.00
18/01/2017 65.23 64.74 65.46 64.77 5385 1600465.92 104020174.00
19/01/2017 65.02 64.81 65.70 65.26 4840 981019.01 64041350.00
20/01/2017 65.53 65.18 66.65 65.90 7560 1610602.51 106719970.00
23/01/2017 66.10 65.52 66.26 65.98 3694 632624.47 41724279.00
24/01/2017 66.00 65.53 66.25 65.86 4497 988722.82 65190130.00
26/01/2017 66.44 66.44 67.64 66.46 5581 1163274.87 77717989.00
27/01/2017 66.50 65.93 66.71 66.20 3867 738146.36 48847409.00
30/01/2017 66.01 64.66 66.41 64.86 3721 620359.20 40388968.00
31/01/2017 64.99 64.69 65.63 65.27 3713 702060.10 45753698.00
01/02/2017 65.59 63.54 65.70 63.68 6286 1123032.61 72285091.00
02/02/2017 63.35 63.27 64.94 64.13 7444 1125262.66 72213042.00
03/02/2017 64.40 64.29 66.06 65.70 7719 1162768.04 76109612.00
06/02/2017 66.03 64.72 66.31 64.80 3032 603025.64 39302231.00
07/02/2017 65.20 64.49 65.31 64.91 3026 659385.07 42809969.00
08/02/2017 64.85 64.52 66.05 66.00 5199 1568028.84 102583193.00
09/02/2017 66.33 65.63 66.58 66.10 3787 581941.53 38410848.00
10/02/2017 66.53 65.61 66.54 66.11 5163 953042.03 63014603.00
13/02/2017 66.59 65.27 66.59 66.10 6913 2191023.56 144400062.00
14/02/2017 66.19 65.41 66.48 65.70 5986 1115126.08 73459884.00
15/02/2017 65.94 65.89 68.33 67.88 10864 3422314.93 231715663.00
16/02/2017 68.06 67.39 68.73 67.76 4798 1223891.67 83259995.00
17/02/2017 67.58 67.02 68.42 67.03 4984 930234.71 62655031.00
20/02/2017 67.67 66.89 67.82 66.89 5690 980917.65 65831097.00
21/02/2017 67.22 66.94 67.71 67.18 5398 1342388.38 90147421.00
22/02/2017 67.23 66.94 67.66 67.18 4458 1022579.02 68811825.00
23/02/2017 67.99 65.07 68.12 65.88 8262 1351916.78 89502270.00
24/02/2017 65.76 64.33 66.31 64.52 5054 870530.20 56555126.00
01/03/2017 64.79 63.48 65.12 63.53 7732 1242137.53 79220847.00
02/03/2017 63.71 62.90 63.95 63.78 7953 1271800.00 80763533.00
03/03/2017 64.09 64.02 65.19 64.77 8557 1469400.00 95084097.00
06/03/2017 65.09 64.15 65.48 65.48 9220 1970500.00 128470821.00
07/03/2017 65.63 64.84 65.63 64.86 6972 1894800.00 123455307.00
08/03/2017 65.17 64.48 65.32 64.80 8876 1411000.00 91530725.00
09/03/2017 64.79 64.10 65.51 65.35 7915 1890900.00 123067195.00
10/03/2017 65.43 65.31 68.08 67.99 11101 3230600.00 217696120.00
13/03/2017 68.40 67.70 68.69 68.52 6951 1478600.00 100923017.00
14/03/2017 68.49 68.17 69.11 68.50 6051 1397200.00 95833725.00
15/03/2017 68.51 68.06 69.40 68.80 5421 1482300.00 101883739.00
16/03/2017 68.82 68.74 69.58 69.05 4384 725200.00 50075178.00
17/03/2017 69.70 68.56 69.90 69.50 6929 1944300.00 134953372.00
20/03/2017 69.63 69.20 69.97 69.50 6330 1211600.00 84226335.00
21/03/2017 69.50 69.10 69.79 69.23 9863 1614300.00 111832399.00
22/03/2017 69.23 68.24 69.33 68.70 6714 1289500.00 88719254.00
23/03/2017 68.87 68.48 70.25 69.99 4920 1278400.00 89103342.00
24/03/2017 70.00 69.63 70.56 70.56 7430 1074400.00 75436430.00
27/03/2017 70.69 70.21 71.75 71.33 6570 915600.00 65254688.00
28/03/2017 71.30 70.91 72.15 71.48 6543 1596200.00 114266134.00
29/03/2017 71.48 71.30 72.68 72.50 7148 1153100.00 83321184.00
30/03/2017 73.00 71.89 73.00 72.24 3654 813300.00 58782269.00
31/03/2017 72.78 71.33 72.78 71.62 6320 1563200.00 111982949.00
03/04/2017 71.57 71.26 72.12 71.94 5766 1072400.00 76936034.00
04/04/2017 71.62 71.29 72.00 71.77 4502 698300.00 50049355.00
05/04/2017 71.90 70.97 72.08 71.53 5559 849600.00 60751719.00
06/04/2017 71.18 70.68 71.63 71.49 5547 960300.00 68398625.00
07/04/2017 71.59 71.17 72.23 71.64 4297 775300.00 55592365.00
10/04/2017 71.65 70.80 71.86 71.66 4183 1306400.00 93408623.00
11/04/2017 71.59 69.13 71.60 70.18 10349 2092000.00 146442993.00
12/04/2017 70.40 69.72 70.95 70.07 6624 1638800.00 115188768.00
13/04/2017 70.00 69.70 70.50 70.10 4534 1080700.00 75744261.00
17/04/2017 70.40 70.05 71.64 71.38 4693 1160800.00 82478638.00
18/04/2017 71.20 70.52 71.42 70.85 4463 814600.00 57734493.00
19/04/2017 71.39 69.56 71.39 70.15 5845 988000.00 69207601.00
20/04/2017 70.50 70.00 70.80 70.36 3956 615300.00 43309414.00
24/04/2017 70.50 70.10 71.35 71.16 4579 1144300.00 81174723.00
25/04/2017 71.00 70.74 72.11 71.85 4320 2287800.00 162930829.00
26/04/2017 71.66 70.66 71.67 71.02 3873 670700.00 47719932.00
27/04/2017 71.55 69.70 71.56 70.54 3467 692700.00 48757162.00
28/04/2017 70.36 70.00 71.15 70.42 3774 1262500.00 89127675.00
02/05/2017 71.00 70.95 72.51 71.95 8787 2459600.00 177223143.00
03/05/2017 72.39 70.83 72.39 72.00 7841 2421200.00 172749642.00
04/05/2017 72.15 71.75 74.10 74.10 9183 2197900.00 160918354.00
05/05/2017 74.60 73.43 74.92 73.98 7041 1374700.00 101432009.00
08/05/2017 74.11 73.29 74.32 73.90 3788 564200.00 41621622.00
09/05/2017 74.29 73.72 74.62 73.92 4459 731500.00 54142213.00
10/05/2017 74.39 74.16 75.74 75.74 7398 1522400.00 114542462.00
11/05/2017 75.75 74.56 75.75 74.80 6245 1666600.00 124702201.00
12/05/2017 75.20 74.90 76.34 75.70 7320 1241500.00 93989996.00
15/05/2017 76.38 75.10 76.38 75.94 6699 969700.00 73350600.00
16/05/2017 75.80 75.57 76.95 76.49 7545 1115400.00 85236268.00
17/05/2017 75.82 74.70 76.80 75.48 6732 1546900.00 116597375.00
18/05/2017 70.00 68.59 74.35 71.91 30961 4864100.00 348895915.00
19/05/2017 71.39 70.73 74.18 73.29 10814 2387000.00 173879885.00
22/05/2017 71.88 71.57 74.00 73.32 10126 1488900.00 108465280.00
23/05/2017 73.32 72.84 75.39 74.83 7128 1445400.00 107769523.00
24/05/2017 75.35 74.53 75.50 74.90 6737 1631400.00 122339382.00
25/05/2017 74.99 74.59 75.65 75.45 6062 856900.00 64383098.00
26/05/2017 75.62 75.11 76.35 76.24 5265 1387800.00 105278290.00
29/05/2017 75.71 74.87 76.17 75.53 3691 595000.00 44788236.00
30/05/2017 75.12 75.12 75.87 75.49 3342 479600.00 36175164.00
31/05/2017 75.30 74.61 75.88 74.85 7252 1459700.00 109424508.00
01/06/2017 75.29 75.29 77.26 76.50 10484 1963600.00 150658147.00
02/06/2017 76.54 76.53 78.30 77.90 6080 962000.00 74748767.00
05/06/2017 77.46 77.23 78.42 78.08 5490 850100.00 66226612.00
06/06/2017 77.90 77.46 79.62 79.27 8205 1245800.00 98245483.00
07/06/2017 79.50 78.59 79.60 79.35 7070 1386600.00 109700279.00
08/06/2017 79.01 78.18 79.47 79.20 6913 1229800.00 97105239.00
09/06/2017 79.43 77.74 79.52 78.30 6440 968500.00 75886792.00
12/06/2017 78.30 77.13 78.53 77.58 7037 1037200.00 80376748.00
13/06/2017 77.74 77.34 78.36 78.04 5880 1196600.00 93210178.00
14/06/2017 78.32 76.00 78.74 76.81 7284 2121200.00 163658532.00
16/06/2017 76.42 76.42 77.56 77.00 6841 3100900.00 238956090.00
