20/06/2016 6.67 6.67 6.67 6.67 1 104.10 694.00
23/06/2016 6.26 6.15 6.26 6.15 4 624.58 3856.00
24/06/2016 6.67 6.67 6.67 6.67 1 104.10 694.00
27/06/2016 7.59 7.59 7.59 7.59 7 43928.49 333380.00
29/06/2016 6.24 6.24 7.46 7.46 2 208.19 1427.00
01/07/2016 7.49 7.49 7.49 7.49 1 104.10 780.00
11/07/2016 6.92 6.91 6.92 6.91 4 416.38 2877.00
14/07/2016 7.20 7.20 7.20 7.20 1 104.10 750.00
15/07/2016 6.64 6.64 7.20 7.20 2 208.19 1440.00
25/07/2016 7.20 7.20 7.58 7.58 3 728.67 5289.00
26/07/2016 7.54 7.54 7.54 7.54 2 312.29 2355.00
01/08/2016 6.83 6.83 7.43 7.43 5 624.58 4444.00
03/08/2016 7.46 7.46 7.46 7.46 2 1040.96 7770.00
09/08/2016 6.55 6.55 6.55 6.55 1 312.29 2046.00
10/08/2016 6.64 6.64 6.92 6.91 7 1353.25 9169.00
11/08/2016 7.00 7.00 7.00 7.00 1 104.10 729.00
16/08/2016 6.53 6.53 6.53 6.53 1 312.29 2040.00
17/08/2016 7.00 6.51 7.00 6.51 4 520.48 3450.00
18/08/2016 6.99 6.99 6.99 6.99 1 104.10 728.00
19/08/2016 6.50 6.50 6.50 6.50 3 416.38 2708.00
22/08/2016 6.54 6.51 6.54 6.51 4 520.48 3401.00
25/08/2016 6.26 6.26 6.26 6.26 1 104.10 652.00
26/08/2016 6.32 6.32 6.32 6.32 6 1145.06 7238.00
30/08/2016 6.71 6.35 6.71 6.35 2 312.29 2020.00
31/08/2016 6.69 6.69 6.69 6.69 1 104.10 696.00
21/09/2016 6.67 6.67 6.67 6.67 2 41846.57 278988.00
23/09/2016 6.62 6.62 6.62 6.62 1 104.10 689.00
27/09/2016 6.62 6.62 6.63 6.63 2 728.67 4829.00
28/09/2016 6.63 6.63 6.63 6.63 2 312.29 2070.00
29/09/2016 6.58 6.58 6.66 6.66 2 1145.06 7543.00
03/10/2016 6.58 6.58 6.58 6.58 2 1040.96 6850.00
10/10/2016 6.72 6.15 6.72 6.68 8 1665.54 10412.00
19/10/2016 6.23 6.21 6.63 6.62 7 1353.25 8489.00
24/10/2016 6.24 6.24 6.80 6.80 2 312.29 2008.00
07/11/2016 6.25 6.25 6.25 6.25 1 104.10 651.00
08/11/2016 6.67 6.67 6.67 6.67 1 104.10 694.00
14/11/2016 6.63 6.62 6.63 6.62 6 39244.17 259778.00
16/11/2016 6.43 6.24 6.72 6.71 6 42158.86 270987.00
01/12/2016 6.53 6.53 6.53 6.53 1 1353.25 8840.00
02/12/2016 6.72 6.72 6.72 6.72 1 104.10 700.00
05/12/2016 6.53 6.53 6.72 6.72 3 1353.25 8860.00
08/12/2016 6.72 6.72 7.20 7.20 2 4163.84 28050.00
11/01/2017 7.14 7.14 7.14 7.14 2 38515.50 274910.00
19/01/2017 6.96 6.96 6.96 6.96 1 104.10 724.00
26/01/2017 6.92 6.87 6.96 6.87 3 624.58 4330.00
27/01/2017 6.87 6.87 6.87 6.87 1 104.10 715.00
30/01/2017 6.87 6.87 6.94 6.94 6 4163.84 28619.00
31/01/2017 6.73 6.73 6.96 6.96 2 208.19 1425.00
02/02/2017 6.96 6.96 6.96 6.96 1 520.48 3625.00
03/02/2017 6.92 6.92 6.92 6.92 1 5204.80 36000.00
07/02/2017 6.92 6.92 6.96 6.96 8 18424.98 128309.00
08/02/2017 6.96 6.96 6.96 6.96 5 10930.07 76125.00
09/02/2017 6.96 6.96 6.96 6.96 3 9368.64 65204.00
10/02/2017 6.95 6.95 7.46 7.46 2 208.19 1500.00
14/02/2017 6.83 6.83 7.29 7.29 10 3955.65 28351.00
15/02/2017 7.45 7.45 7.45 7.45 1 104.10 775.00
16/02/2017 6.89 6.87 7.44 7.44 9 3018.78 21633.00
17/02/2017 7.45 7.45 7.45 7.45 2 936.86 6975.00
21/02/2017 7.45 6.87 7.45 7.44 3 728.67 5124.00
23/02/2017 6.96 6.96 7.40 7.40 5 1561.44 10913.00
24/02/2017 6.97 6.96 7.40 7.40 6 3122.88 22417.00
01/03/2017 7.07 7.07 7.40 7.40 3 1040.96 7394.00
02/03/2017 7.40 7.40 7.92 7.92 18 19361.85 145006.00
03/03/2017 7.50 7.50 7.92 7.92 4 416.38 3249.00
08/03/2017 7.72 7.72 7.73 7.73 3 38931.89 300700.00
09/03/2017 7.73 7.73 7.73 7.73 1 208.19 1610.00
10/03/2017 7.69 7.69 7.69 7.69 1 104.10 800.00
15/03/2017 7.69 7.69 7.93 7.93 3 624.58 4925.00
23/03/2017 7.88 7.88 7.88 7.88 1 104.10 820.00
24/03/2017 7.53 7.18 7.53 7.18 4 624.58 4529.00
29/03/2017 7.92 7.92 7.92 7.92 1 104.10 824.00
31/03/2017 7.40 7.40 8.12 8.12 8 1249.15 9990.00
03/04/2017 8.02 7.80 8.02 7.80 6 1561.44 12263.00
10/04/2017 8.06 8.02 8.06 8.02 2 208.19 1674.00
13/04/2017 8.05 8.05 8.05 8.05 2 208.19 1676.00
25/04/2017 8.03 8.03 8.03 8.03 3 41846.57 336072.00
26/04/2017 8.05 8.05 8.05 8.05 1 104.10 838.00
02/05/2017 8.20 8.20 8.20 8.20 1 100.00 820.00
04/05/2017 8.09 8.09 8.09 8.09 1 100.00 809.00
08/05/2017 8.28 8.10 8.30 8.10 6 900.00 7446.00
09/05/2017 8.20 8.20 8.20 8.20 1 100.00 820.00
10/05/2017 8.45 8.23 9.95 8.74 12 2100.00 17839.00
11/05/2017 8.50 8.50 8.90 8.90 4 1700.00 14700.00
12/05/2017 9.49 9.49 9.49 9.49 1 100.00 949.00
15/05/2017 9.99 9.70 9.99 9.93 9 1500.00 14680.00
16/05/2017 10.00 10.00 11.30 10.70 7 700.00 7655.00
18/05/2017 10.00 8.20 10.69 10.49 14 5600.00 51423.00
19/05/2017 11.00 10.00 11.00 10.44 6 2400.00 24567.00
23/05/2017 10.01 10.01 10.01 10.01 4 500.00 5005.00
24/05/2017 10.00 10.00 10.31 10.31 6 1000.00 10279.00
25/05/2017 10.20 10.20 10.20 10.20 4 400.00 4080.00
26/05/2017 10.31 10.08 10.31 10.08 5 1300.00 13359.00
29/05/2017 10.01 10.00 10.31 10.31 5 1800.00 18098.00
30/05/2017 10.00 10.00 10.00 10.00 2 600.00 6000.00
31/05/2017 10.30 9.82 10.30 9.82 8 1300.00 13086.00
01/06/2017 10.29 9.42 10.29 9.52 16 3400.00 32438.00
02/06/2017 9.41 9.41 9.85 9.85 2 200.00 1926.00
05/06/2017 9.50 9.50 9.50 9.50 1 100.00 950.00
06/06/2017 9.95 9.95 9.95 9.95 1 100.00 995.00
09/06/2017 9.61 9.55 9.61 9.55 6 800.00 7676.00
12/06/2017 9.60 9.50 10.00 10.00 11 7500.00 71685.00
13/06/2017 10.00 10.00 10.30 10.30 2 500.00 5060.00
14/06/2017 10.28 10.28 10.30 10.30 3 900.00 9262.00
