20/06/2016 6.31 6.05 6.42 6.42 6 3067.57 18658.00
29/06/2016 6.05 6.05 6.29 6.10 14 4654.24 28217.00
30/06/2016 6.38 6.38 6.38 6.38 1 105.78 675.00
01/07/2016 6.06 6.06 6.06 6.06 3 7404.48 44870.00
04/07/2016 6.37 6.06 6.37 6.31 5 3490.68 21818.00
05/07/2016 6.07 6.05 6.17 6.05 12 10366.27 62774.00
06/07/2016 6.32 6.32 6.32 6.32 1 105.78 668.00
07/07/2016 6.08 6.05 6.08 6.05 7 2538.68 15382.00
08/07/2016 6.06 6.05 6.14 6.05 8 2115.57 12817.00
11/07/2016 6.07 6.05 6.07 6.06 7 9096.93 55047.00
12/07/2016 6.06 5.96 6.23 6.23 4 13645.40 82204.00
13/07/2016 5.97 5.97 5.97 5.97 3 423.11 2526.00
14/07/2016 5.97 5.97 6.13 5.97 7 3067.57 18333.00
15/07/2016 5.97 5.96 5.97 5.96 7 5183.14 30876.00
18/07/2016 5.97 5.96 6.10 5.96 11 3173.35 18937.00
19/07/2016 5.97 5.97 5.97 5.97 1 528.89 3155.00
20/07/2016 6.00 6.00 6.20 6.20 5 952.00 5736.00
21/07/2016 6.28 6.12 6.28 6.28 6 1269.34 7951.00
01/08/2016 6.28 6.27 6.28 6.28 9 16924.52 106239.00
02/08/2016 6.27 6.27 6.33 6.33 5 1269.34 7963.00
03/08/2016 6.19 6.14 6.32 6.19 10 2327.12 14386.00
04/08/2016 6.14 6.14 6.14 6.14 8 2115.57 13000.00
05/08/2016 6.07 6.07 6.34 6.34 4 2432.90 14996.00
08/08/2016 6.20 6.20 6.31 6.31 8 7616.04 47243.00
10/08/2016 6.32 6.32 6.32 6.32 3 317.33 2007.00
11/08/2016 6.32 6.32 6.33 6.33 3 528.89 3346.00
12/08/2016 6.05 6.05 6.28 6.28 9 8462.26 51407.00
18/08/2016 6.26 6.18 6.32 6.18 9 12376.06 76638.00
19/08/2016 6.18 6.05 6.20 6.20 9 1904.01 11774.00
22/08/2016 6.26 6.26 6.32 6.32 5 11212.50 70903.00
23/08/2016 6.24 6.24 6.24 6.24 1 528.89 3300.00
24/08/2016 6.33 6.33 6.34 6.33 4 4548.47 28820.00
25/08/2016 6.38 6.38 6.43 6.43 5 3384.90 21610.00
29/08/2016 6.43 6.43 7.04 7.04 2 952.00 6185.00
30/08/2016 6.70 6.43 6.75 6.75 6 846.23 5593.00
02/09/2016 6.57 6.52 6.57 6.52 2 317.33 2075.00
05/09/2016 6.52 6.52 6.52 6.52 2 740.45 4830.00
06/09/2016 6.52 6.43 6.61 6.61 8 13962.73 90818.00
16/09/2016 6.34 6.34 6.61 6.61 2 211.56 1370.00
19/09/2016 6.26 6.26 6.62 6.52 3 317.33 2052.00
20/09/2016 6.52 6.52 6.52 6.52 1 105.78 690.00
21/09/2016 6.24 6.24 6.24 6.24 1 105.78 660.00
23/09/2016 6.61 6.61 6.61 6.61 1 105.78 699.00
26/09/2016 6.61 6.61 6.61 6.61 1 105.78 699.00
28/09/2016 6.61 6.61 6.61 6.61 1 317.33 2097.00
30/09/2016 6.19 6.19 6.61 6.61 2 211.56 1354.00
04/10/2016 6.43 6.33 6.52 6.52 4 1586.67 10170.00
06/10/2016 6.52 6.52 6.52 6.52 3 1057.78 6900.00
10/10/2016 6.33 6.29 6.52 6.52 5 846.23 5356.00
20/10/2016 6.27 6.27 6.61 6.52 4 634.67 4117.00
24/10/2016 6.25 6.25 6.52 6.52 2 423.11 2673.00
25/10/2016 6.26 6.25 6.27 6.27 3 317.33 1986.00
31/10/2016 6.43 6.43 6.43 6.43 2 211.56 1360.00
03/11/2016 6.33 6.33 6.33 6.33 2 423.11 2680.00
08/11/2016 6.43 6.43 6.61 6.61 2 423.11 2739.00
09/11/2016 6.61 6.57 6.75 6.75 13 15760.96 104304.00
10/11/2016 6.75 6.62 6.75 6.62 5 1586.67 10556.00
14/11/2016 6.62 6.62 6.62 6.62 4 5183.14 34300.00
17/11/2016 6.62 6.62 6.62 6.62 3 2221.34 14700.00
18/11/2016 6.62 6.62 6.62 6.62 2 2327.12 15400.00
22/11/2016 6.57 6.57 6.57 6.57 1 105.78 695.00
28/11/2016 6.62 6.62 6.62 6.62 1 105.78 700.00
01/12/2016 6.62 6.62 6.62 6.62 4 3596.46 23800.00
02/12/2016 6.62 6.62 6.80 6.80 2 2221.34 14719.00
08/12/2016 6.62 6.62 6.71 6.71 3 4019.57 26610.00
15/12/2016 6.62 6.62 6.62 6.62 6 6029.36 39900.00
16/12/2016 6.62 6.62 6.62 6.62 2 1480.90 9800.00
19/12/2016 6.62 6.62 6.62 6.62 1 1057.78 7000.00
22/12/2016 6.62 6.62 6.71 6.71 2 1269.34 8420.00
23/12/2016 6.62 6.62 6.71 6.71 2 952.00 6350.00
27/12/2016 6.71 6.71 7.05 7.05 2 423.11 2876.00
28/12/2016 7.09 7.00 7.56 7.56 5 1269.34 9190.00
09/01/2017 7.47 7.47 7.47 7.47 1 105.78 790.00
16/01/2017 7.42 7.42 7.42 7.42 1 105.78 785.00
17/01/2017 7.47 7.47 7.47 7.47 1 211.56 1580.00
18/01/2017 7.47 7.47 7.52 7.52 4 2009.79 15070.00
19/01/2017 7.52 7.52 7.52 7.52 1 105.78 795.00
23/01/2017 7.47 7.47 7.50 7.50 2 1057.78 7927.00
24/01/2017 7.51 7.51 7.51 7.51 1 105.78 794.00
27/01/2017 6.45 6.45 7.50 7.50 5 528.89 3578.00
31/01/2017 7.18 7.09 7.44 7.44 4 952.00 6817.00
01/02/2017 6.76 6.76 7.37 7.37 4 423.11 2985.00
13/02/2017 7.00 7.00 7.37 7.18 15 19674.76 137783.00
14/02/2017 7.36 7.36 7.36 7.36 1 105.78 779.00
16/02/2017 7.09 6.99 7.32 7.32 8 1480.90 10453.00
20/02/2017 7.09 7.09 7.33 7.09 4 1057.78 7575.00
22/02/2017 7.33 7.27 7.33 7.27 2 211.56 1544.00
23/02/2017 7.33 7.33 7.33 7.33 1 211.56 1550.00
24/02/2017 7.28 6.85 7.28 7.28 3 740.45 5255.00
01/03/2017 7.34 7.34 7.34 7.34 1 211.56 1552.00
02/03/2017 7.28 7.28 8.19 8.19 13 4654.24 34954.00
07/03/2017 8.04 7.38 8.04 8.00 3 317.33 2477.00
10/03/2017 7.75 7.75 7.94 7.94 2 1057.78 8220.00
17/03/2017 7.24 7.24 7.24 7.24 1 105.78 766.00
24/03/2017 7.09 7.09 7.09 7.09 1 1057.78 7500.00
29/03/2017 7.56 7.56 7.56 7.56 1 105.78 800.00
03/04/2017 7.75 7.75 7.75 7.75 3 1375.12 10660.00
04/04/2017 7.85 7.85 7.85 7.85 1 105.78 830.00
06/04/2017 7.83 7.83 7.83 7.83 2 423.11 3312.00
13/04/2017 7.62 7.62 7.83 7.83 4 740.45 5752.00
18/04/2017 7.83 7.83 7.99 7.99 2 634.67 5002.00
19/04/2017 7.99 7.99 7.99 7.99 2 211.56 1690.00
25/04/2017 8.12 8.12 8.12 8.12 1 105.78 859.00
27/04/2017 8.12 8.12 8.12 8.12 2 528.89 4295.00
02/05/2017 8.50 8.50 8.50 8.50 1 100.00 850.00
03/05/2017 8.50 8.50 8.50 8.50 1 700.00 5950.00
04/05/2017 8.50 8.50 8.50 8.50 1 1000.00 8500.00
11/05/2017 8.70 8.50 8.70 8.50 6 1800.00 15590.00
12/05/2017 8.85 8.50 8.85 8.50 2 400.00 3505.00
16/05/2017 10.01 9.95 10.20 10.20 11 1400.00 14082.00
17/05/2017 9.41 9.41 10.20 10.20 8 1000.00 9769.00
18/05/2017 10.19 10.00 10.19 10.00 2 600.00 6095.00
19/05/2017 10.20 10.20 10.60 10.60 4 400.00 4200.00
22/05/2017 10.64 10.20 10.64 10.53 5 600.00 6320.00
23/05/2017 10.50 10.31 10.50 10.31 2 1000.00 10329.00
26/05/2017 10.30 10.30 10.89 10.89 5 700.00 7361.00
29/05/2017 10.90 10.90 10.95 10.95 2 200.00 2185.00
30/05/2017 10.95 10.95 10.95 10.95 1 100.00 1095.00
31/05/2017 11.00 11.00 11.10 11.10 8 3600.00 39919.00
01/06/2017 11.20 11.20 11.20 11.20 1 200.00 2240.00
06/06/2017 11.19 11.19 11.20 11.20 3 400.00 4479.00
13/06/2017 11.19 11.19 11.20 11.20 2 900.00 10076.00
16/06/2017 11.85 11.79 13.00 13.00 7 2200.00 26453.00
