23/06/2016 74.50 74.50 74.50 74.50 3 300.00 22350.00
28/06/2016 70.08 69.99 70.08 69.99 2 700.00 49047.00
29/06/2016 70.61 70.61 70.61 70.61 1 200.00 14122.00
01/07/2016 70.00 70.00 70.00 70.00 1 100.00 7000.00
05/07/2016 72.00 71.53 72.00 71.53 5 600.00 43106.00
07/07/2016 74.49 74.49 74.49 74.49 1 100.00 7449.00
08/07/2016 74.24 74.24 74.24 74.24 1 600.00 44544.00
11/07/2016 75.74 75.74 75.74 75.74 1 14700.00 1113378.00
13/07/2016 76.84 76.84 76.84 76.84 1 1200.00 92208.00
15/07/2016 76.47 76.47 76.47 76.47 5 500.00 38235.00
18/07/2016 77.04 77.04 77.10 77.10 86 14200.00 1094784.00
21/07/2016 74.36 74.36 74.36 74.36 2 300.00 22308.00
22/07/2016 75.80 75.80 75.80 75.80 6 3000.00 227400.00
25/07/2016 75.64 75.64 75.64 75.64 4 400.00 30256.00
28/07/2016 76.30 76.30 76.30 76.30 32 11300.00 862190.00
01/08/2016 75.64 75.64 75.64 75.64 1 900.00 68076.00
03/08/2016 75.14 75.14 75.14 75.14 1 100.00 7514.00
08/08/2016 74.06 74.06 74.06 74.06 1 100.00 7406.00
09/08/2016 73.60 73.60 73.60 73.60 17 1700.00 125120.00
11/08/2016 72.53 72.53 72.64 72.64 2 400.00 29045.00
12/08/2016 73.20 73.20 73.20 73.20 28 2800.00 204960.00
15/08/2016 73.52 73.47 73.52 73.47 11 1100.00 80822.00
17/08/2016 75.50 75.50 75.50 75.50 133 13300.00 1004150.00
19/08/2016 76.90 76.52 76.90 76.52 2 4900.00 376772.00
22/08/2016 76.47 76.47 76.70 76.70 2 1500.00 115004.00
24/08/2016 77.60 77.60 77.60 77.60 1 6700.00 519920.00
29/08/2016 77.95 77.95 77.95 77.95 1 100.00 7795.00
30/08/2016 77.39 77.39 77.39 77.39 1 900.00 69651.00
01/09/2016 78.05 78.05 78.05 78.05 1 400.00 31220.00
06/09/2016 77.21 76.66 77.21 77.15 3 2300.00 177432.00
09/09/2016 77.17 77.17 77.17 77.17 1 800.00 61736.00
12/09/2016 76.26 76.26 76.26 76.26 1 100.00 7626.00
13/09/2016 77.05 77.05 77.05 77.05 1 1700.00 130985.00
15/09/2016 76.60 76.60 76.60 76.60 1 200.00 15320.00
16/09/2016 75.40 75.40 75.40 75.40 1 1900.00 143260.00
19/09/2016 76.20 76.20 76.20 76.20 1 400.00 30480.00
20/09/2016 75.81 75.81 75.81 75.81 1 400.00 30324.00
21/09/2016 75.85 75.85 75.85 75.85 1 200.00 15170.00
26/09/2016 76.65 76.65 76.65 76.65 1 16500.00 1264725.00
27/09/2016 76.68 76.68 76.68 76.68 1 300.00 23004.00
28/09/2016 77.16 77.16 77.16 77.16 1 800.00 61728.00
29/09/2016 77.63 77.63 77.63 77.63 1 200.00 15526.00
30/09/2016 79.21 79.21 79.21 79.21 3 300.00 23763.00
03/10/2016 78.46 78.46 78.46 78.46 20 9500.00 745370.00
05/10/2016 79.15 79.15 79.15 79.15 1 700.00 55405.00
06/10/2016 79.26 79.26 79.26 79.26 1 800.00 63408.00
10/10/2016 78.50 78.50 78.50 78.50 1 500.00 39250.00
14/10/2016 77.49 77.49 77.49 77.49 1 300.00 23247.00
17/10/2016 77.00 77.00 77.41 77.41 3 27200.00 2099976.00
18/10/2016 78.09 77.50 78.09 77.50 2 16000.00 1247847.00
19/10/2016 77.28 77.28 77.28 77.28 1 100.00 7728.00
20/10/2016 71.25 70.59 71.25 70.59 4 1400.00 99552.00
21/10/2016 71.00 71.00 71.00 71.00 1 1900.00 134900.00
24/10/2016 70.59 70.01 70.59 70.01 2 14100.00 990621.00
25/10/2016 69.87 69.87 69.87 69.87 1 1500.00 104805.00
26/10/2016 69.90 69.61 69.90 69.61 2 3000.00 209497.00
27/10/2016 69.60 69.60 69.79 69.79 2 3100.00 215874.00
31/10/2016 70.85 70.85 70.85 70.85 1 1900.00 134615.00
03/11/2016 71.87 71.87 71.98 71.98 2 300.00 21572.00
07/11/2016 72.42 72.42 72.42 72.42 1 2200.00 159324.00
10/11/2016 76.00 76.00 82.41 82.41 5 1300.00 104861.00
14/11/2016 86.53 86.41 86.53 86.41 2 21100.00 1824403.00
16/11/2016 83.82 83.82 84.22 84.22 2 800.00 67256.00
17/11/2016 83.85 83.85 83.85 83.85 1 9000.00 754650.00
18/11/2016 84.24 84.24 84.24 84.24 1 700.00 58968.00
21/11/2016 84.79 84.65 84.79 84.65 2 2200.00 186468.00
28/11/2016 85.51 85.51 85.51 85.51 1 100.00 8551.00
01/12/2016 89.55 89.55 89.55 89.55 1 700.00 62685.00
05/12/2016 88.32 88.32 88.32 88.32 1 800.00 70656.00
06/12/2016 88.10 88.10 88.10 88.10 1 100.00 8810.00
07/12/2016 89.57 89.57 89.57 89.57 1 100.00 8957.00
08/12/2016 89.32 89.32 89.68 89.68 2 600.00 53772.00
12/12/2016 86.95 86.69 86.95 86.69 7 1400.00 121574.00
19/12/2016 87.49 87.49 87.49 87.49 1 2400.00 209976.00
22/12/2016 86.43 86.43 86.43 86.43 1 400.00 34572.00
27/12/2016 86.15 86.15 86.15 86.15 1 1200.00 103380.00
28/12/2016 85.95 85.95 85.95 85.95 1 4100.00 352395.00
29/12/2016 84.57 84.57 84.57 84.57 1 400.00 33828.00
03/01/2017 83.57 83.57 83.57 83.57 1 200.00 16714.00
04/01/2017 83.79 83.79 83.79 83.79 1 100.00 8379.00
09/01/2017 82.17 82.17 82.17 82.17 1 100.00 8217.00
13/01/2017 84.20 84.20 84.20 84.20 1 100.00 8420.00
17/01/2017 83.28 82.70 83.28 83.02 3 800.00 66378.00
20/01/2017 85.06 85.06 85.06 85.06 1 700.00 59542.00
23/01/2017 85.38 85.38 85.38 85.38 1 4800.00 409824.00
24/01/2017 86.15 86.15 86.15 86.15 1 100.00 8615.00
26/01/2017 88.32 88.32 88.32 88.32 1 400.00 35328.00
30/01/2017 84.92 84.92 84.92 84.92 1 900.00 76428.00
02/02/2017 84.78 83.35 84.78 83.35 2 500.00 42247.00
03/02/2017 84.54 84.54 84.54 84.54 1 500.00 42270.00
06/02/2017 83.90 83.90 83.90 83.90 1 5100.00 427890.00
07/02/2017 83.82 83.82 83.82 83.82 1 800.00 67056.00
13/02/2017 84.57 84.57 84.57 84.57 1 1300.00 109941.00
14/02/2017 83.82 83.82 83.82 83.82 2 1000.00 83820.00
23/02/2017 81.09 81.09 81.09 81.09 1 100.00 8109.00
01/03/2017 85.26 85.26 85.26 85.26 1 500.00 42630.00
03/03/2017 84.86 84.86 84.86 84.86 1 500.00 42430.00
06/03/2017 85.82 85.82 85.89 85.89 4 7000.00 601160.00
07/03/2017 84.53 84.53 84.53 84.53 1 500.00 42265.00
20/03/2017 80.77 80.77 81.05 81.05 2 800.00 64756.00
27/03/2017 81.34 81.34 81.34 81.34 1 500.00 40670.00
03/04/2017 82.60 82.60 82.60 82.60 1 300.00 24780.00
05/04/2017 83.45 82.88 83.45 82.88 2 800.00 66361.00
10/04/2017 84.46 84.46 84.46 84.46 1 600.00 50676.00
17/04/2017 81.53 81.53 81.53 81.53 1 200.00 16306.00
20/04/2017 85.21 85.21 85.21 85.21 1 600.00 51126.00
24/04/2017 85.60 85.60 85.60 85.60 1 700.00 59920.00
27/04/2017 90.15 90.15 90.15 90.15 1 900.00 81135.00
28/04/2017 89.13 89.13 89.13 89.13 1 500.00 44565.00
02/05/2017 87.15 87.15 87.15 87.15 1 1200.00 104580.00
15/05/2017 86.02 86.02 86.02 86.02 1 400.00 34408.00
17/05/2017 83.50 83.50 83.50 83.50 1 700.00 58450.00
18/05/2017 89.94 89.94 90.17 90.17 2 2300.00 207368.00
22/05/2017 88.40 88.11 88.40 88.11 4 3300.00 290792.00
29/05/2017 90.42 90.42 90.42 90.42 1 100.00 9042.00
30/05/2017 90.62 90.62 90.62 90.62 1 100.00 9062.00
01/06/2017 89.49 89.49 89.49 89.49 1 600.00 53694.00
05/06/2017 90.30 90.30 90.30 90.30 1 200.00 18060.00
07/06/2017 89.07 89.07 89.07 89.07 1 10600.00 944142.00
08/06/2017 89.91 89.50 89.91 89.51 5 21800.00 1952327.00
12/06/2017 91.20 91.20 91.20 91.20 1 500.00 45600.00
