21/06/2016 90.20 90.20 90.20 90.20 1 3400.00 306680.00
22/06/2016 89.00 89.00 89.00 89.00 1 1900.00 169100.00
08/07/2016 89.87 89.87 89.87 89.87 1 500.00 44935.00
13/07/2016 90.20 90.20 90.59 90.59 2 2000.00 180751.00
21/07/2016 90.03 90.03 90.03 90.03 1 13000.00 1170390.00
25/07/2016 90.96 90.96 90.96 90.96 1 13900.00 1264344.00
28/07/2016 89.24 89.24 89.24 89.24 1 1900.00 169556.00
01/08/2016 87.82 87.82 87.82 87.82 1 100.00 8782.00
11/08/2016 86.65 86.65 86.65 86.65 1 100.00 8665.00
24/08/2016 87.91 87.91 87.91 87.91 2 9100.00 799981.00
26/08/2016 88.67 88.67 88.67 88.67 1 100.00 8867.00
31/08/2016 88.54 88.54 88.54 88.54 1 900.00 79686.00
08/09/2016 86.80 86.80 86.80 86.80 1 2400.00 208320.00
21/09/2016 87.45 87.45 87.45 87.45 1 5100.00 445995.00
22/09/2016 88.01 88.01 88.01 88.01 1 300.00 26403.00
29/09/2016 87.86 87.86 87.86 87.86 1 1100.00 96646.00
03/10/2016 87.69 87.69 87.69 87.69 1 100.00 8769.00
06/10/2016 88.46 88.46 88.46 88.46 1 400.00 35384.00
19/10/2016 86.28 85.78 86.28 85.78 2 500.00 43090.00
24/10/2016 84.85 84.85 84.85 84.85 1 1600.00 135760.00
03/11/2016 86.86 86.86 86.86 86.86 1 100.00 8686.00
09/11/2016 89.45 89.45 89.45 89.45 1 4500.00 402525.00
16/11/2016 96.19 96.19 96.73 96.73 2 4400.00 425558.00
17/11/2016 95.80 95.80 95.80 95.80 1 4500.00 431100.00
28/11/2016 97.83 97.83 97.83 97.83 1 1100.00 107613.00
01/12/2016 101.00 100.74 101.00 100.74 2 700.00 70674.00
02/12/2016 101.20 101.20 101.20 101.20 1 700.00 70840.00
08/12/2016 100.32 100.32 100.32 100.32 1 100.00 10032.00
19/12/2016 98.25 98.25 98.25 98.25 1 800.00 78600.00
22/12/2016 96.38 96.38 96.38 96.38 1 100.00 9638.00
04/01/2017 92.89 92.89 93.43 93.43 2 7900.00 735505.00
05/01/2017 91.90 91.90 91.90 91.90 1 1700.00 156230.00
11/01/2017 90.60 90.60 90.60 90.60 1 100.00 9060.00
17/01/2017 91.65 91.65 91.65 91.65 1 1600.00 146640.00
24/01/2017 91.74 91.74 91.74 91.74 1 1500.00 137610.00
31/01/2017 85.86 85.86 85.86 85.86 1 1300.00 111618.00
03/02/2017 83.95 83.31 83.95 83.31 3 2600.00 218206.00
07/02/2017 82.52 82.52 82.52 82.52 1 4700.00 387844.00
14/02/2017 84.23 84.23 84.23 84.23 2 800.00 67384.00
07/03/2017 82.72 82.72 82.73 82.73 2 1300.00 107548.00
15/03/2017 85.15 85.15 85.20 85.20 2 2000.00 170395.00
23/03/2017 83.05 83.05 83.05 83.05 1 600.00 49830.00
24/03/2017 82.73 82.73 82.73 82.73 1 2100.00 173733.00
29/03/2017 82.26 82.26 82.26 82.26 1 1900.00 156294.00
03/04/2017 83.29 83.29 83.29 83.29 1 3300.00 274857.00
04/04/2017 82.63 82.63 82.63 82.63 1 4900.00 404887.00
07/04/2017 82.09 82.09 82.09 82.09 1 1300.00 106717.00
11/04/2017 82.60 82.60 82.60 82.60 1 500.00 41300.00
25/04/2017 84.61 84.61 84.61 84.61 1 100.00 8461.00
02/05/2017 84.16 84.16 84.16 84.16 1 200.00 16832.00
10/05/2017 82.90 82.90 82.90 82.90 2 10600.00 878740.00
16/05/2017 80.67 80.67 80.67 80.67 2 10000.00 806700.00
22/05/2017 85.43 85.43 85.43 85.43 1 4000.00 341720.00
06/06/2017 88.19 88.19 88.23 88.23 3 6900.00 608651.00
