20/06/2016 4.81 4.71 4.95 4.87 500 133600.00 645792.00
21/06/2016 4.75 4.66 4.94 4.88 284 55400.00 263326.00
22/06/2016 4.89 4.82 4.93 4.89 140 36100.00 176248.00
23/06/2016 4.94 4.77 4.98 4.85 631 129400.00 631843.00
24/06/2016 4.60 4.39 4.80 4.39 891 242800.00 1119200.00
27/06/2016 4.58 4.39 4.59 4.54 526 81800.00 368236.00
28/06/2016 4.55 4.55 4.77 4.69 158 44900.00 208506.00
29/06/2016 4.85 4.76 4.94 4.91 147 67600.00 331139.00
30/06/2016 4.89 4.89 5.08 5.08 153 116900.00 584480.00
01/07/2016 5.00 4.90 5.33 5.23 150 86400.00 446058.00
04/07/2016 5.25 5.06 5.38 5.06 84 36300.00 188511.00
05/07/2016 5.12 4.99 5.30 5.28 273 78500.00 405290.00
06/07/2016 5.20 5.20 7.16 7.12 1793 617700.00 4029233.00
07/07/2016 7.21 7.21 9.39 7.58 1622 889200.00 7460480.00
08/07/2016 8.00 6.67 8.48 6.74 976 528400.00 3857454.00
11/07/2016 7.14 6.87 7.20 7.01 444 241100.00 1698362.00
12/07/2016 7.05 7.02 7.50 7.10 377 262900.00 1886850.00
13/07/2016 7.25 6.90 7.25 7.00 212 80100.00 565294.00
14/07/2016 7.26 7.03 7.29 7.13 170 104600.00 747865.00
15/07/2016 7.17 7.02 7.39 7.13 298 117200.00 844129.00
18/07/2016 7.13 7.00 7.28 7.20 123 48800.00 349007.00
19/07/2016 7.21 6.90 7.23 7.05 173 61000.00 431229.00
20/07/2016 7.05 6.77 7.09 6.80 224 83300.00 578011.00
21/07/2016 6.84 6.84 7.11 7.03 150 62700.00 441539.00
22/07/2016 7.05 7.05 8.62 8.04 1133 472100.00 3782285.00
25/07/2016 8.28 7.81 8.87 8.09 652 238600.00 1965224.00
26/07/2016 8.15 7.90 8.50 8.45 606 226700.00 1879175.00
27/07/2016 8.61 8.60 8.87 8.84 760 222200.00 1947330.00
28/07/2016 8.91 8.10 8.98 8.50 666 251600.00 2117040.00
29/07/2016 8.50 8.31 8.76 8.40 539 201800.00 1725900.00
01/08/2016 8.39 8.39 9.20 8.55 1198 403300.00 3552708.00
02/08/2016 8.55 8.10 8.70 8.40 269 77000.00 646341.00
03/08/2016 8.38 8.20 8.69 8.59 712 211700.00 1810002.00
04/08/2016 8.65 8.30 8.89 8.48 317 121800.00 1043078.00
05/08/2016 8.51 8.22 8.55 8.45 264 72000.00 605036.00
08/08/2016 8.38 7.85 8.52 8.02 204 69400.00 563134.00
09/08/2016 8.05 7.92 8.24 8.08 219 72100.00 581645.00
10/08/2016 8.18 7.96 8.20 8.16 324 94700.00 767314.00
11/08/2016 8.20 8.03 8.35 8.10 298 92600.00 756372.00
12/08/2016 8.10 7.99 8.30 8.20 316 101900.00 827885.00
15/08/2016 8.20 8.11 8.28 8.13 126 50800.00 415701.00
16/08/2016 8.10 8.10 8.50 8.23 349 120100.00 996517.00
17/08/2016 8.25 8.09 8.38 8.12 237 61700.00 507473.00
18/08/2016 8.10 8.02 8.28 8.09 99 49200.00 398921.00
19/08/2016 8.15 7.96 8.15 8.00 96 29900.00 240718.00
22/08/2016 7.95 7.40 7.96 7.59 259 73600.00 566644.00
23/08/2016 7.65 7.60 7.93 7.60 173 562700.00 4334134.00
24/08/2016 7.60 7.01 7.60 7.18 488 119500.00 873281.00
25/08/2016 7.11 7.01 7.38 7.07 250 59000.00 424415.00
26/08/2016 7.10 7.08 7.36 7.16 136 33700.00 242617.00
29/08/2016 7.11 7.11 7.67 7.44 199 49100.00 359237.00
30/08/2016 7.42 7.38 7.60 7.50 77 23800.00 177546.00
31/08/2016 7.50 7.25 7.50 7.25 89 55400.00 406003.00
01/09/2016 7.30 7.13 7.32 7.15 54 16300.00 117349.00
02/09/2016 7.22 7.20 7.98 7.98 145 67100.00 511578.00
05/09/2016 7.84 7.83 8.08 7.95 145 63100.00 500553.00
06/09/2016 7.97 7.72 7.97 7.74 79 23600.00 184488.00
08/09/2016 7.74 7.74 8.05 8.04 156 71200.00 564035.00
09/09/2016 7.96 7.53 7.97 7.64 83 32500.00 250963.00
12/09/2016 7.64 7.30 7.65 7.65 94 40800.00 306038.00
13/09/2016 7.64 7.07 7.65 7.08 244 58000.00 419171.00
14/09/2016 7.14 7.01 7.43 7.06 184 40500.00 289713.00
15/09/2016 7.11 7.00 7.14 7.02 102 46400.00 326971.00
16/09/2016 7.00 6.40 7.02 6.53 1204 195900.00 1314286.00
19/09/2016 6.55 6.40 6.76 6.60 282 97500.00 642754.00
20/09/2016 6.60 6.50 6.78 6.55 212 42700.00 280829.00
21/09/2016 6.62 6.60 7.00 6.99 164 46400.00 315749.00
22/09/2016 7.09 6.83 7.15 6.85 118 56900.00 396942.00
23/09/2016 6.88 6.80 7.14 7.14 245 79700.00 556074.00
26/09/2016 7.01 6.97 8.00 7.75 779 230000.00 1775242.00
27/09/2016 7.77 7.74 8.42 8.18 719 253800.00 2068021.00
28/09/2016 8.40 8.36 9.60 9.36 1607 489300.00 4363443.00
29/09/2016 9.36 8.85 9.90 9.01 786 343000.00 3254872.00
30/09/2016 8.90 8.50 9.63 9.45 1165 383700.00 3598775.00
03/10/2016 9.51 9.18 9.56 9.20 210 134900.00 1261610.00
04/10/2016 9.14 8.80 9.20 8.91 159 49200.00 444527.00
05/10/2016 8.97 8.61 9.20 8.87 165 82500.00 736248.00
06/10/2016 8.92 8.71 9.10 8.94 96 27300.00 242780.00
07/10/2016 8.97 8.74 9.09 8.86 92 42200.00 375251.00
10/10/2016 8.99 8.76 9.00 8.90 87 38200.00 339567.00
11/10/2016 8.88 8.55 8.89 8.66 85 27700.00 240672.00
13/10/2016 8.51 8.40 8.87 8.50 113 60300.00 515290.00
14/10/2016 8.50 8.49 8.71 8.50 143 91900.00 782835.00
17/10/2016 8.48 8.22 8.48 8.37 169 75500.00 630881.00
18/10/2016 8.50 8.35 8.58 8.44 163 97500.00 825311.00
19/10/2016 8.46 8.40 8.73 8.45 117 53500.00 458131.00
20/10/2016 8.38 8.32 8.44 8.37 41 14300.00 120018.00
21/10/2016 8.40 8.33 8.70 8.61 129 64900.00 553812.00
24/10/2016 8.65 8.58 9.09 8.58 244 127000.00 1118700.00
25/10/2016 8.70 8.54 8.97 8.75 129 56400.00 487875.00
26/10/2016 8.79 8.60 8.80 8.62 64 32600.00 283089.00
27/10/2016 8.62 8.52 8.72 8.56 95 44400.00 382710.00
28/10/2016 8.60 8.56 9.05 8.90 242 113900.00 1010364.00
31/10/2016 9.00 8.82 9.10 8.82 96 46400.00 416400.00
01/11/2016 8.92 8.18 9.06 8.46 176 89000.00 766189.00
03/11/2016 8.46 8.27 8.80 8.54 145 80200.00 686501.00
04/11/2016 8.53 8.33 8.76 8.65 69 49900.00 431312.00
07/11/2016 8.76 8.65 8.99 8.94 78 31800.00 280798.00
08/11/2016 8.94 8.87 9.00 8.94 94 28800.00 257670.00
09/11/2016 8.31 8.31 8.94 8.85 163 76000.00 661569.00
10/11/2016 8.95 8.59 9.09 8.65 116 46800.00 417486.00
11/11/2016 8.65 8.17 8.84 8.27 58 21700.00 182831.00
14/11/2016 8.44 8.34 8.57 8.45 52 26100.00 220547.00
16/11/2016 8.30 7.85 8.30 8.00 130 57200.00 457870.00
17/11/2016 8.00 8.00 8.21 8.21 42 12500.00 101683.00
18/11/2016 7.98 7.98 8.42 8.35 74 22500.00 185271.00
21/11/2016 8.50 8.25 8.55 8.45 50 10100.00 84668.00
22/11/2016 8.52 8.49 8.70 8.57 64 22800.00 195539.00
23/11/2016 8.60 8.48 8.88 8.85 108 31600.00 275727.00
24/11/2016 8.84 8.54 8.85 8.54 51 10700.00 92382.00
25/11/2016 8.49 8.32 8.60 8.32 55 22700.00 190134.00
28/11/2016 8.23 8.23 8.59 8.49 63 22200.00 189597.00
29/11/2016 8.50 8.29 8.51 8.51 39 20300.00 170629.00
30/11/2016 8.40 8.40 8.92 8.83 305 85600.00 743130.00
01/12/2016 8.82 8.37 8.82 8.44 182 84500.00 719535.00
02/12/2016 8.45 8.25 8.62 8.26 47 12100.00 101977.00
05/12/2016 8.25 8.15 8.68 8.63 331 60100.00 514590.00
06/12/2016 8.63 8.22 8.63 8.26 90 37000.00 309061.00
07/12/2016 8.45 8.30 8.57 8.45 146 27100.00 228997.00
08/12/2016 8.45 8.33 8.59 8.59 96 26100.00 221980.00
09/12/2016 8.59 8.34 8.59 8.50 33 6000.00 50689.00
12/12/2016 8.54 8.45 8.74 8.66 355 61900.00 531749.00
13/12/2016 8.41 8.40 8.90 8.84 294 64600.00 565281.00
14/12/2016 8.80 8.58 8.90 8.70 586 109300.00 958049.00
15/12/2016 8.65 8.31 8.86 8.37 68 22100.00 188172.00
16/12/2016 8.51 8.08 8.70 8.12 140 25000.00 210513.00
19/12/2016 8.10 7.91 8.10 7.91 30 13400.00 106758.00
20/12/2016 7.91 7.61 8.02 7.61 106 32500.00 252195.00
21/12/2016 7.70 7.58 8.30 8.30 196 91000.00 728669.00
22/12/2016 8.30 8.00 8.70 8.70 230 60700.00 509653.00
23/12/2016 8.75 8.45 8.86 8.47 59 18400.00 158651.00
26/12/2016 8.40 8.33 8.70 8.47 28 9700.00 82284.00
27/12/2016 8.50 8.41 8.60 8.42 37 10300.00 87678.00
28/12/2016 8.42 8.42 8.69 8.45 35 8400.00 71265.00
29/12/2016 8.50 8.25 8.62 8.26 55 34200.00 285232.00
02/01/2017 8.10 8.03 8.48 8.20 18 4300.00 35268.00
03/01/2017 8.20 8.20 8.41 8.26 71 34800.00 287006.00
04/01/2017 8.10 8.10 8.46 8.32 31 8100.00 66913.00
05/01/2017 8.43 8.27 8.50 8.33 57 10300.00 86618.00
06/01/2017 8.29 8.11 8.30 8.12 25 14800.00 121610.00
09/01/2017 8.28 8.15 8.30 8.27 24 5000.00 41036.00
10/01/2017 8.25 8.16 8.34 8.20 28 19100.00 156829.00
11/01/2017 8.12 8.01 8.30 8.20 102 57200.00 467864.00
12/01/2017 8.15 8.15 8.40 8.36 135 76200.00 630266.00
13/01/2017 8.33 8.16 8.41 8.30 27 16500.00 137261.00
16/01/2017 8.28 8.25 8.70 8.50 59 30700.00 259811.00
17/01/2017 8.32 8.32 8.65 8.50 76 24700.00 211035.00
18/01/2017 8.64 8.35 8.80 8.55 129 50500.00 437718.00
19/01/2017 8.60 8.34 8.60 8.45 18 3000.00 25339.00
20/01/2017 8.38 8.38 8.71 8.51 64 19900.00 170752.00
23/01/2017 8.60 8.45 8.93 8.62 158 72300.00 623389.00
24/01/2017 8.73 8.61 8.95 8.64 103 42700.00 375742.00
26/01/2017 8.70 8.61 8.81 8.61 47 16600.00 144573.00
27/01/2017 8.61 8.54 8.74 8.61 41 10300.00 88934.00
30/01/2017 8.55 8.05 8.55 8.20 71 13800.00 113784.00
31/01/2017 8.21 8.21 8.40 8.27 37 21500.00 178319.00
01/02/2017 8.28 8.27 8.60 8.39 36 10300.00 87072.00
02/02/2017 8.39 8.39 8.69 8.47 31 8300.00 70821.00
03/02/2017 8.47 8.23 8.48 8.39 39 11600.00 96470.00
06/02/2017 8.47 8.36 8.47 8.36 12 4600.00 38502.00
07/02/2017 8.57 8.37 8.97 8.81 147 48100.00 417896.00
08/02/2017 8.66 8.66 8.98 8.98 85 53100.00 472881.00
09/02/2017 8.99 8.84 9.15 9.15 258 81500.00 736978.00
10/02/2017 9.15 9.15 9.75 9.61 243 142800.00 1357295.00
13/02/2017 9.71 9.50 9.87 9.60 179 91900.00 890251.00
14/02/2017 9.52 9.17 9.67 9.47 243 75600.00 715292.00
15/02/2017 9.70 9.45 9.80 9.49 55 28400.00 271263.00
16/02/2017 9.49 9.20 9.65 9.35 44 14100.00 132102.00
17/02/2017 9.23 9.21 9.80 9.73 345 74800.00 724666.00
20/02/2017 9.73 9.73 10.70 9.95 154 49100.00 497125.00
21/02/2017 10.00 9.67 10.11 9.67 64 30700.00 301996.00
22/02/2017 9.68 9.68 10.10 9.71 104 43000.00 426143.00
23/02/2017 9.70 9.15 9.92 9.27 157 66500.00 625167.00
24/02/2017 9.16 9.00 9.32 9.00 52 32700.00 298555.00
01/03/2017 8.90 8.90 9.08 9.00 22 4000.00 35901.00
02/03/2017 9.39 8.72 9.39 8.89 76 33400.00 296586.00
03/03/2017 8.95 8.71 9.00 8.75 69 61700.00 546850.00
06/03/2017 8.98 8.77 9.30 8.89 83 33500.00 301932.00
07/03/2017 8.93 8.93 9.28 9.08 63 29600.00 269670.00
08/03/2017 9.08 8.40 9.08 8.56 83 35300.00 306140.00
09/03/2017 8.60 8.40 8.80 8.70 90 32600.00 281730.00
10/03/2017 8.70 8.46 8.89 8.89 75 18300.00 158424.00
13/03/2017 8.90 8.86 9.23 8.97 93 22100.00 199090.00
14/03/2017 8.97 8.50 8.97 8.61 45 16400.00 141897.00
15/03/2017 8.66 8.57 8.92 8.92 71 15600.00 136757.00
16/03/2017 8.95 8.75 9.09 8.90 58 48800.00 435153.00
17/03/2017 8.82 8.60 8.82 8.63 78 17600.00 152294.00
20/03/2017 8.48 8.30 8.70 8.70 18 4500.00 38576.00
21/03/2017 8.70 8.20 8.70 8.42 21 6600.00 54813.00
22/03/2017 8.30 8.01 8.50 8.23 65 17700.00 146464.00
23/03/2017 8.24 8.05 8.35 8.12 53 10100.00 82538.00
24/03/2017 8.14 8.13 8.33 8.13 48 9500.00 77764.00
27/03/2017 8.12 7.90 8.48 8.44 83 12800.00 106017.00
28/03/2017 8.44 8.38 8.55 8.48 30 9400.00 79053.00
29/03/2017 8.49 8.34 8.62 8.34 34 6400.00 53916.00
30/03/2017 8.46 8.04 8.55 8.15 38 11600.00 94817.00
31/03/2017 8.16 8.01 8.49 8.38 21 5100.00 42158.00
03/04/2017 8.20 8.00 8.40 8.40 45 14000.00 115094.00
04/04/2017 8.39 8.12 8.39 8.39 43 20300.00 167136.00
05/04/2017 8.39 8.08 8.39 8.10 33 22300.00 181802.00
06/04/2017 8.10 7.96 8.20 7.97 75 13300.00 106673.00
07/04/2017 7.95 7.83 8.19 8.12 37 11000.00 88558.00
10/04/2017 8.15 8.13 8.27 8.20 71 19000.00 155725.00
11/04/2017 8.29 8.11 8.30 8.12 66 21900.00 179607.00
12/04/2017 7.85 7.85 8.06 7.97 41 18600.00 147836.00
13/04/2017 8.01 7.90 8.02 7.91 18 4200.00 33587.00
17/04/2017 7.98 7.98 8.17 8.05 15 7300.00 58861.00
18/04/2017 7.98 7.87 8.09 7.88 9 3000.00 24141.00
19/04/2017 7.89 7.89 8.18 8.03 34 7400.00 59886.00
20/04/2017 7.96 7.96 8.23 8.16 26 12700.00 103780.00
24/04/2017 8.19 8.10 8.19 8.12 17 3800.00 30940.00
25/04/2017 8.13 8.12 8.20 8.20 17 3500.00 28520.00
26/04/2017 8.18 8.18 8.60 8.60 76 26100.00 218554.00
27/04/2017 8.70 8.48 8.92 8.62 68 13500.00 117267.00
28/04/2017 8.62 8.62 8.92 8.78 64 18000.00 159166.00
02/05/2017 8.78 8.78 9.00 8.99 45 8000.00 71721.00
03/05/2017 8.98 8.63 8.99 8.73 62 16200.00 142159.00
04/05/2017 8.73 8.25 8.73 8.25 77 8200.00 68514.00
05/05/2017 8.08 7.86 8.54 8.53 118 18000.00 150049.00
08/05/2017 8.50 8.50 8.74 8.50 17 3400.00 29330.00
09/05/2017 8.69 8.58 8.69 8.64 14 5200.00 44973.00
10/05/2017 8.80 8.68 8.90 8.80 50 24300.00 214634.00
11/05/2017 8.80 8.68 8.84 8.68 78 24700.00 215582.00
12/05/2017 8.80 8.49 8.80 8.51 24 6400.00 55403.00
15/05/2017 8.51 8.51 8.75 8.56 64 14000.00 120453.00
16/05/2017 8.67 8.54 8.67 8.67 20 8400.00 72389.00
17/05/2017 8.51 8.36 8.66 8.60 27 7200.00 61279.00
18/05/2017 8.00 7.30 8.58 8.01 88 36600.00 295298.00
19/05/2017 8.10 8.10 8.58 8.29 34 18600.00 157038.00
22/05/2017 8.11 8.11 8.50 8.42 15 4000.00 33615.00
23/05/2017 8.42 8.41 8.65 8.65 19 6800.00 58250.00
24/05/2017 8.65 8.52 8.70 8.68 26 8500.00 73786.00
25/05/2017 8.69 8.52 8.69 8.67 14 8600.00 74355.00
26/05/2017 8.60 8.60 8.69 8.67 30 15500.00 134202.00
29/05/2017 8.60 8.60 8.75 8.70 26 15400.00 133529.00
30/05/2017 8.93 8.60 8.93 8.65 14 3200.00 27723.00
31/05/2017 8.60 8.54 8.90 8.54 28 18100.00 155833.00
01/06/2017 8.55 8.43 8.55 8.54 40 13900.00 118454.00
02/06/2017 8.50 8.50 8.60 8.52 11 3400.00 29160.00
05/06/2017 8.61 8.50 8.62 8.50 8 1100.00 9437.00
06/06/2017 8.51 8.50 8.51 8.50 3 1200.00 10201.00
07/06/2017 8.67 8.54 8.69 8.54 12 5600.00 48165.00
08/06/2017 8.59 8.22 8.59 8.57 23 9900.00 84384.00
09/06/2017 8.59 8.56 8.62 8.56 9 2900.00 24948.00
12/06/2017 8.80 8.13 8.80 8.30 32 22400.00 188585.00
13/06/2017 8.39 8.30 8.40 8.30 9 2700.00 22628.00
14/06/2017 8.33 8.30 8.36 8.30 8 4700.00 39167.00
16/06/2017 8.30 8.15 8.30 8.20 7 8900.00 73189.00
