08/07/2016 1.82 1.82 1.82 1.82 2 200.00 364.00
26/07/2016 2.87 2.87 2.87 2.87 1 100.00 287.00
27/07/2016 2.87 2.87 2.99 2.99 2 2100.00 6267.00
28/07/2016 2.99 2.99 3.00 3.00 2 400.00 1197.00
29/07/2016 3.38 3.38 3.38 3.38 1 100.00 338.00
01/08/2016 3.45 3.45 4.00 4.00 5 800.00 3084.00
02/08/2016 4.10 4.05 4.10 4.05 7 2500.00 10200.00
03/08/2016 3.95 3.95 3.95 3.95 2 2000.00 7900.00
04/08/2016 4.04 4.04 4.05 4.05 3 1500.00 6068.00
10/08/2016 4.00 4.00 4.00 4.00 1 100.00 400.00
15/08/2016 3.79 3.79 3.80 3.80 11 1100.00 4179.00
16/08/2016 3.80 3.80 3.80 3.80 1 100.00 380.00
31/08/2016 3.00 3.00 3.58 3.58 3 800.00 2458.00
01/09/2016 3.39 3.39 3.39 3.39 3 300.00 1017.00
05/09/2016 3.39 3.39 3.39 3.39 1 100.00 339.00
09/09/2016 3.88 3.88 3.88 3.88 2 1200.00 4656.00
13/09/2016 3.45 3.45 3.70 3.58 5 2400.00 8556.00
20/09/2016 3.58 3.58 3.58 3.58 1 100.00 358.00
23/09/2016 3.58 3.58 3.58 3.58 1 200.00 716.00
06/10/2016 3.50 3.50 3.50 3.50 2 300.00 1050.00
14/10/2016 3.25 3.25 3.25 3.25 1 100.00 325.00
04/11/2016 3.42 3.42 3.42 3.42 2 200.00 684.00
09/11/2016 3.95 3.95 4.38 4.38 9 1700.00 7263.00
10/11/2016 5.00 4.40 5.00 4.42 20 5700.00 27205.00
11/11/2016 4.42 4.41 4.42 4.42 3 1000.00 4416.00
17/11/2016 4.41 4.41 4.41 4.41 11 1700.00 7497.00
23/11/2016 3.82 3.82 4.28 4.28 4 900.00 3760.00
24/11/2016 4.41 4.41 4.41 4.41 3 3300.00 14553.00
29/11/2016 4.40 4.40 4.40 4.40 1 100.00 440.00
04/01/2017 4.41 4.41 4.41 4.41 1 100.00 441.00
06/01/2017 4.41 4.02 4.42 4.42 12 2600.00 10743.00
09/01/2017 4.06 4.06 4.09 4.09 9 2000.00 8136.00
11/01/2017 4.08 4.07 4.08 4.07 3 1200.00 4885.00
16/01/2017 4.52 4.50 4.54 4.50 5 1400.00 6349.00
23/01/2017 5.02 4.99 5.02 4.99 3 300.00 1503.00
27/01/2017 4.35 4.35 4.85 4.85 3 300.00 1355.00
02/02/2017 4.85 4.85 4.85 4.85 1 1000.00 4850.00
21/02/2017 4.85 4.85 4.85 4.85 1 300.00 1455.00
22/02/2017 6.00 6.00 6.00 6.00 1 100.00 600.00
23/02/2017 6.00 6.00 6.00 6.00 1 200.00 1200.00
02/03/2017 5.50 5.50 5.50 5.50 3 2000.00 11000.00
06/03/2017 4.93 4.93 5.31 5.31 5 600.00 3109.00
15/03/2017 4.50 4.50 4.50 4.50 1 100.00 450.00
16/03/2017 4.53 4.50 4.53 4.50 2 200.00 903.00
24/03/2017 4.22 3.86 4.22 3.86 9 1000.00 4165.00
05/04/2017 3.85 3.85 3.95 3.95 3 300.00 1165.00
17/04/2017 3.95 3.95 3.95 3.95 1 300.00 1185.00
19/04/2017 3.95 3.95 3.95 3.95 2 500.00 1975.00
20/04/2017 4.00 4.00 4.00 4.00 2 300.00 1200.00
28/04/2017 4.48 4.47 4.48 4.48 4 1200.00 5375.00
10/05/2017 4.26 4.26 4.26 4.26 1 100.00 426.00
11/05/2017 4.26 3.72 4.26 3.72 3 2000.00 8444.00
12/05/2017 4.20 4.20 4.20 4.20 1 100.00 420.00
15/05/2017 4.20 4.18 4.35 4.35 3 300.00 1273.00
26/05/2017 4.40 4.40 4.40 4.40 1 200.00 880.00
01/06/2017 4.50 4.50 4.50 4.50 1 200.00 900.00
16/06/2017 4.49 4.49 4.49 4.49 1 100.00 449.00
