20/06/2016 11.05 11.05 11.99 11.90 60 32900.00 380480.00
21/06/2016 11.60 11.35 12.10 11.78 78 24400.00 287159.00
22/06/2016 11.71 10.80 11.71 11.16 76 45800.00 511024.00
23/06/2016 11.15 10.86 12.40 12.02 139 69700.00 831445.00
24/06/2016 11.90 10.80 12.57 12.56 109 61000.00 728144.00
27/06/2016 12.45 11.75 12.45 12.45 43 19900.00 244417.00
28/06/2016 12.45 12.40 12.70 12.57 49 30300.00 380499.00
29/06/2016 12.56 12.19 12.75 12.19 34 18200.00 224686.00
30/06/2016 12.10 11.86 12.89 12.89 63 44800.00 562103.00
01/07/2016 12.89 12.30 12.90 12.36 25 14300.00 177366.00
04/07/2016 13.26 13.26 14.85 14.85 158 92300.00 1340583.00
05/07/2016 14.91 14.90 15.49 15.42 173 54100.00 825783.00
06/07/2016 15.30 14.07 15.33 15.33 68 38300.00 577114.00
07/07/2016 15.20 14.61 15.72 15.66 179 37100.00 562335.00
08/07/2016 15.40 15.40 15.94 15.94 102 55700.00 866326.00
11/07/2016 15.94 15.94 17.45 16.99 160 73500.00 1239864.00
12/07/2016 17.20 17.20 19.59 19.50 181 54900.00 1006626.00
13/07/2016 19.60 19.10 20.70 19.80 292 72100.00 1456934.00
14/07/2016 20.19 18.20 20.20 19.96 259 105500.00 1997308.00
15/07/2016 19.83 18.61 19.84 19.84 78 20400.00 396387.00
18/07/2016 18.62 18.62 20.09 19.90 101 38000.00 755764.00
19/07/2016 19.41 19.22 21.90 21.80 215 53300.00 1098911.00
20/07/2016 21.85 21.08 22.25 22.20 112 22700.00 496779.00
21/07/2016 22.20 20.70 22.64 21.62 127 33900.00 739333.00
22/07/2016 20.52 20.52 21.96 21.01 60 11900.00 257626.00
25/07/2016 21.18 20.10 22.09 20.60 142 44700.00 935907.00
26/07/2016 20.01 19.00 20.30 19.03 497 100500.00 1956228.00
27/07/2016 18.71 17.24 18.88 17.80 588 137300.00 2464528.00
28/07/2016 17.90 17.90 18.88 18.30 86 28800.00 525414.00
29/07/2016 18.32 18.32 19.25 18.44 79 37100.00 692299.00
01/08/2016 18.60 18.60 19.88 19.54 82 26300.00 510399.00
02/08/2016 19.65 18.23 19.65 18.55 89 27800.00 523284.00
03/08/2016 18.82 18.40 19.05 18.60 67 14300.00 267658.00
04/08/2016 18.83 18.20 19.21 18.21 116 31300.00 578825.00
05/08/2016 18.32 17.67 18.37 17.90 79 28300.00 507658.00
08/08/2016 17.80 16.30 17.81 16.80 123 33700.00 572154.00
09/08/2016 16.71 16.05 16.79 16.12 137 31100.00 503833.00
10/08/2016 16.15 14.31 17.00 14.79 287 287100.00 4276212.00
11/08/2016 14.80 14.26 14.80 14.29 125 277800.00 3993977.00
12/08/2016 14.37 14.37 15.48 14.77 163 53800.00 805449.00
15/08/2016 14.98 14.54 15.25 14.59 81 31100.00 460092.00
16/08/2016 14.87 14.32 15.20 14.41 67 16800.00 246000.00
17/08/2016 14.56 13.50 14.60 14.16 73 20200.00 283658.00
18/08/2016 14.09 13.67 14.15 14.15 65 35400.00 497871.00
19/08/2016 13.92 13.50 15.05 14.99 189 71200.00 1026669.00
22/08/2016 15.00 14.01 15.00 14.25 97 20900.00 301402.00
23/08/2016 14.41 13.40 14.41 13.89 108 34200.00 476242.00
24/08/2016 13.84 13.04 13.84 13.04 92 23400.00 311154.00
25/08/2016 13.04 12.56 13.40 12.85 146 58900.00 761089.00
26/08/2016 13.06 12.55 13.40 12.68 75 28800.00 372222.00
29/08/2016 12.52 12.29 12.80 12.40 71 30700.00 382990.00
30/08/2016 12.76 11.90 12.76 12.06 109 32600.00 399517.00
31/08/2016 11.92 11.80 12.58 12.30 70 19400.00 235809.00
01/09/2016 12.31 12.22 13.00 12.56 45 10300.00 130224.00
02/09/2016 12.58 12.36 12.82 12.63 66 12600.00 159257.00
05/09/2016 12.82 12.55 13.15 12.55 50 9900.00 127617.00
06/09/2016 12.55 11.55 12.99 12.99 149 36300.00 451970.00
08/09/2016 12.81 12.81 13.50 13.17 61 27200.00 356683.00
09/09/2016 13.10 12.72 13.12 13.12 68 16300.00 211501.00
12/09/2016 12.87 12.61 13.11 12.98 38 5400.00 69881.00
13/09/2016 12.70 12.50 13.14 12.98 160 54600.00 704821.00
14/09/2016 13.16 12.52 13.33 12.52 67 18700.00 240446.00
15/09/2016 12.53 12.31 13.23 12.78 65 14500.00 183777.00
16/09/2016 12.88 12.37 12.88 12.40 27 8300.00 103812.00
19/09/2016 12.31 12.20 12.67 12.28 47 9100.00 112627.00
20/09/2016 12.29 12.03 12.29 12.03 24 8300.00 100473.00
21/09/2016 12.04 11.66 12.04 11.75 53 16500.00 195815.00
22/09/2016 11.91 11.70 11.94 11.73 30 33800.00 399895.00
23/09/2016 11.72 11.72 11.79 11.75 22 10700.00 125685.00
26/09/2016 11.90 11.71 12.05 11.75 24 8800.00 104101.00
27/09/2016 12.00 11.70 12.00 11.73 14 25600.00 300303.00
28/09/2016 12.00 11.77 12.70 12.59 57 17000.00 210565.00
29/09/2016 12.60 12.29 12.60 12.29 21 10400.00 128345.00
30/09/2016 12.25 12.25 12.78 12.78 39 27100.00 344240.00
03/10/2016 12.78 12.78 15.50 15.41 383 156200.00 2254116.00
04/10/2016 15.76 14.22 16.49 14.70 279 100900.00 1543869.00
05/10/2016 15.01 13.80 15.01 14.07 85 26400.00 374424.00
06/10/2016 13.86 13.62 14.05 13.75 45 11500.00 158996.00
07/10/2016 13.90 13.80 14.46 14.34 90 31800.00 451559.00
10/10/2016 14.40 13.71 14.40 13.95 77 20500.00 287985.00
11/10/2016 14.08 13.90 14.42 14.04 34 19000.00 267734.00
13/10/2016 14.30 13.82 14.30 14.00 36 9400.00 131111.00
14/10/2016 14.00 13.60 14.18 13.87 48 10300.00 143067.00
17/10/2016 13.61 13.60 14.00 13.76 46 12700.00 175472.00
18/10/2016 13.92 12.65 14.10 12.69 345 101100.00 1308155.00
19/10/2016 12.66 12.07 12.95 12.39 235 60300.00 758625.00
20/10/2016 12.06 12.05 12.78 12.31 151 21900.00 269197.00
21/10/2016 12.12 12.12 12.67 12.15 194 48600.00 603011.00
24/10/2016 12.37 12.06 12.85 12.26 158 64200.00 797287.00
25/10/2016 12.82 12.31 13.20 12.39 236 83200.00 1049509.00
26/10/2016 12.49 12.36 13.86 13.86 414 154800.00 2025028.00
27/10/2016 13.61 13.00 13.79 13.08 209 74000.00 987543.00
28/10/2016 12.95 12.74 13.23 12.85 249 46700.00 605895.00
31/10/2016 12.76 12.44 12.82 12.45 133 34600.00 434452.00
01/11/2016 12.54 12.05 12.54 12.26 119 37500.00 459081.00
03/11/2016 12.25 11.91 13.35 13.35 161 481600.00 6396962.00
04/11/2016 13.28 12.41 13.30 13.00 152 44900.00 579934.00
