20/06/2016 182.54 182.54 182.54 182.54 1 100.00 18254.00
21/06/2016 182.72 182.72 182.72 182.72 1 100.00 18272.00
28/06/2016 181.12 180.49 181.12 180.49 3 3400.00 615213.00
29/06/2016 179.35 177.98 179.35 177.98 2 1400.00 250953.00
01/07/2016 179.86 179.86 182.97 182.97 2 700.00 126835.00
05/07/2016 186.65 186.45 186.65 186.45 2 13900.00 2594415.00
08/07/2016 183.21 183.21 183.21 183.21 2 600.00 109926.00
11/07/2016 184.41 184.41 184.41 184.41 1 200.00 36882.00
15/07/2016 181.44 181.44 181.44 181.44 6 1700.00 308448.00
18/07/2016 180.82 180.82 180.82 180.82 1 200.00 36164.00
20/07/2016 180.62 180.08 180.62 180.08 2 300.00 54132.00
21/07/2016 181.21 181.21 181.21 181.21 2 300.00 54363.00
25/07/2016 183.22 183.22 183.22 183.22 2 300.00 54966.00
28/07/2016 178.92 178.92 178.92 178.92 1 800.00 143136.00
01/08/2016 178.46 177.88 178.46 177.88 2 1100.00 196248.00
02/08/2016 175.77 175.77 175.77 175.77 1 100.00 17577.00
03/08/2016 173.94 173.94 173.94 173.94 1 100.00 17394.00
08/08/2016 169.21 169.17 169.21 169.17 2 200.00 33838.00
09/08/2016 167.82 167.82 167.82 167.82 4 700.00 117474.00
11/08/2016 168.75 168.24 168.75 168.33 4 600.00 101031.00
15/08/2016 170.08 170.08 170.09 170.09 4 1100.00 187089.00
19/08/2016 168.37 167.92 168.37 167.92 3 300.00 50464.00
22/08/2016 168.42 168.42 168.42 168.42 1 200.00 33684.00
23/08/2016 168.42 168.42 168.42 168.42 1 100.00 16842.00
29/08/2016 169.66 169.24 169.66 169.24 2 900.00 152610.00
30/08/2016 168.54 168.54 168.54 168.54 1 800.00 134832.00
06/09/2016 172.64 171.79 172.64 171.79 2 5600.00 962449.00
12/09/2016 171.55 171.55 171.55 171.55 1 100.00 17155.00
13/09/2016 170.44 170.44 170.44 170.44 1 100.00 17044.00
15/09/2016 171.33 171.33 171.33 171.33 1 100.00 17133.00
19/09/2016 167.47 167.47 167.47 167.47 1 4900.00 820603.00
23/09/2016 170.25 170.25 170.25 170.25 1 100.00 17025.00
26/09/2016 169.03 169.03 169.03 169.03 1 200.00 33806.00
28/09/2016 167.39 167.39 167.39 167.39 1 300.00 50217.00
30/09/2016 168.68 168.68 168.68 168.68 1 100.00 16868.00
03/10/2016 166.12 165.87 166.12 165.87 2 500.00 83035.00
06/10/2016 161.68 161.68 161.68 161.68 1 300.00 48504.00
07/10/2016 160.55 160.55 160.55 160.55 1 100.00 16055.00
10/10/2016 160.92 160.92 160.92 160.92 1 10800.00 1737936.00
13/10/2016 159.48 159.48 159.48 159.48 1 100.00 15948.00
18/10/2016 159.48 159.48 159.48 159.48 1 100.00 15948.00
20/10/2016 153.42 153.42 153.42 153.42 1 100.00 15342.00
21/10/2016 151.98 151.98 151.98 151.98 1 100.00 15198.00
24/10/2016 150.11 150.11 150.11 150.11 1 400.00 60044.00
25/10/2016 148.62 148.62 149.16 149.16 2 200.00 29778.00
26/10/2016 149.43 149.27 149.43 149.27 2 400.00 59740.00
27/10/2016 152.76 152.76 152.76 152.76 1 100.00 15276.00
28/10/2016 153.88 153.88 153.88 153.88 1 100.00 15388.00
31/10/2016 153.15 153.15 154.04 154.04 2 200.00 30719.00
07/11/2016 151.17 151.17 151.17 151.17 1 5700.00 861669.00
08/11/2016 150.91 150.91 150.91 150.91 1 100.00 15091.00
11/11/2016 158.29 158.29 158.29 158.29 1 100.00 15829.00
14/11/2016 158.25 158.25 158.25 158.25 1 6000.00 949500.00
16/11/2016 161.36 161.36 162.88 162.88 2 200.00 32424.00
18/11/2016 161.79 161.79 161.79 161.79 1 100.00 16179.00
21/11/2016 161.26 161.26 161.26 161.26 1 100.00 16126.00
06/12/2016 171.89 171.89 171.89 171.89 1 100.00 17189.00
07/12/2016 174.54 174.54 174.54 174.54 1 100.00 17454.00
08/12/2016 173.46 172.27 173.46 172.27 2 200.00 34573.00
21/12/2016 177.32 177.32 177.32 177.32 1 100.00 17732.00
22/12/2016 177.80 177.80 177.80 177.80 1 100.00 17780.00
28/12/2016 176.34 176.34 176.34 176.34 1 100.00 17634.00
29/12/2016 174.86 174.86 174.86 174.86 1 800.00 139888.00
24/01/2017 158.12 158.12 158.12 158.12 1 100.00 15812.00
01/02/2017 151.28 151.28 151.28 151.28 1 100.00 15128.00
03/02/2017 151.23 151.23 151.23 151.23 1 100.00 15123.00
08/02/2017 150.61 150.61 150.61 150.61 1 100.00 15061.00
13/02/2017 151.38 151.38 151.38 151.38 1 2700.00 408726.00
14/02/2017 148.87 148.65 148.87 148.65 4 1400.00 208352.00
24/02/2017 157.05 157.05 157.05 157.05 1 100.00 15705.00
17/03/2017 155.99 155.99 155.99 155.99 1 300.00 46797.00
21/03/2017 154.69 154.69 154.69 154.69 1 100.00 15469.00
11/04/2017 152.72 152.72 152.72 152.72 1 100.00 15272.00
13/04/2017 153.49 153.49 153.49 153.49 1 100.00 15349.00
18/04/2017 152.95 152.95 152.95 152.95 1 100.00 15295.00
24/04/2017 146.97 146.97 146.97 146.97 1 2600.00 382122.00
26/04/2017 150.24 150.24 150.24 150.24 1 100.00 15024.00
05/05/2017 147.84 147.84 147.84 147.84 1 100.00 14784.00
31/05/2017 150.65 150.65 150.65 150.65 1 2300.00 346495.00
13/06/2017 153.84 153.84 153.84 153.84 1 100.00 15384.00
