20/06/2016 24.44 24.44 24.50 24.50 4 2900.00 71025.00
21/06/2016 24.50 24.50 24.50 24.50 2 5300.00 129850.00
22/06/2016 24.22 24.22 24.22 24.22 2 200.00 4844.00
23/06/2016 24.35 24.35 24.50 24.50 6 10800.00 264555.00
24/06/2016 24.40 24.40 24.40 24.40 2 700.00 17080.00
27/06/2016 24.49 24.49 24.50 24.50 10 12500.00 306249.00
28/06/2016 24.50 24.50 24.69 24.60 4 2500.00 61369.00
30/06/2016 24.75 24.75 24.75 24.75 2 200.00 4950.00
01/07/2016 24.75 24.50 24.75 24.51 25 11800.00 289425.00
04/07/2016 24.59 24.50 24.59 24.50 5 6600.00 161887.00
05/07/2016 24.52 24.52 24.60 24.60 9 8500.00 208946.00
07/07/2016 24.55 24.55 24.55 24.55 1 100.00 2455.00
08/07/2016 24.75 24.75 24.75 24.75 1 200.00 4950.00
11/07/2016 24.81 24.70 24.81 24.70 3 2100.00 51916.00
12/07/2016 24.81 24.72 24.81 24.75 7 2800.00 69324.00
13/07/2016 24.80 24.75 24.80 24.75 2 200.00 4955.00
18/07/2016 24.50 24.50 24.50 24.50 1 100.00 2450.00
19/07/2016 24.89 24.89 24.89 24.89 1 100.00 2489.00
20/07/2016 24.20 23.00 24.20 23.00 5 1100.00 25721.00
21/07/2016 21.97 21.97 22.01 22.01 4 400.00 8792.00
25/07/2016 22.50 22.50 25.00 25.00 17 12100.00 301250.00
27/07/2016 25.00 25.00 25.00 25.00 1 1200.00 30000.00
08/08/2016 25.00 25.00 25.00 25.00 1 100.00 2500.00
