20/06/2016 1.85 1.70 1.88 1.74 43 33300.00 59080.00
21/06/2016 1.76 1.69 1.89 1.75 48 29000.00 51200.00
22/06/2016 1.82 1.70 1.84 1.74 30 15200.00 26561.00
23/06/2016 1.76 1.76 1.80 1.76 7 1400.00 2479.00
24/06/2016 1.70 1.70 1.76 1.71 19 8800.00 15200.00
27/06/2016 1.70 1.68 1.83 1.83 14 8000.00 13712.00
28/06/2016 1.80 1.73 1.80 1.73 12 3300.00 5782.00
29/06/2016 1.77 1.72 1.94 1.80 29 12300.00 22126.00
30/06/2016 1.76 1.71 1.80 1.72 40 27900.00 48381.00
01/07/2016 1.75 1.75 1.75 1.75 3 600.00 1050.00
04/07/2016 1.80 1.71 1.96 1.90 55 46000.00 84212.00
05/07/2016 1.93 1.90 2.24 1.90 208 153200.00 312735.00
06/07/2016 1.83 1.83 1.97 1.87 59 39300.00 73981.00
07/07/2016 1.94 1.80 1.94 1.80 40 19100.00 34868.00
08/07/2016 1.82 1.80 1.83 1.81 8 3500.00 6327.00
11/07/2016 1.81 1.81 1.93 1.91 34 27600.00 51484.00
12/07/2016 2.00 1.84 2.08 1.95 86 72800.00 142311.00
13/07/2016 1.90 1.86 1.95 1.93 31 23900.00 45706.00
14/07/2016 1.99 1.92 2.08 2.02 95 66200.00 133089.00
15/07/2016 2.02 1.99 2.41 2.32 433 292400.00 666809.00
18/07/2016 2.40 2.40 3.01 3.01 424 324300.00 882633.00
19/07/2016 3.23 3.11 4.09 3.18 709 612100.00 2153054.00
20/07/2016 3.25 2.65 3.38 2.69 227 254500.00 744963.00
21/07/2016 2.65 2.45 2.90 2.77 206 215000.00 570491.00
22/07/2016 2.90 2.87 3.15 3.00 216 231500.00 697408.00
25/07/2016 3.00 2.85 3.25 3.19 165 220600.00 676027.00
26/07/2016 3.23 3.07 3.50 3.48 186 172100.00 569915.00
27/07/2016 3.55 3.27 3.67 3.48 224 201700.00 701979.00
28/07/2016 3.50 3.37 3.58 3.44 50 36700.00 125557.00
29/07/2016 3.41 3.17 3.50 3.25 108 82100.00 267394.00
01/08/2016 3.25 3.16 3.47 3.16 105 107700.00 355905.00
02/08/2016 3.19 3.08 3.30 3.11 105 104000.00 332442.00
03/08/2016 3.04 3.00 3.51 3.51 172 133800.00 447323.00
04/08/2016 3.57 3.35 3.78 3.65 174 201100.00 724935.00
05/08/2016 3.70 3.65 4.30 4.30 352 335000.00 1328063.00
08/08/2016 4.09 3.50 4.30 3.50 242 235700.00 897603.00
09/08/2016 3.40 3.25 3.68 3.60 92 82300.00 281893.00
10/08/2016 3.70 3.30 3.84 3.30 97 72300.00 265112.00
11/08/2016 3.42 3.22 3.50 3.50 79 75700.00 253435.00
12/08/2016 3.45 3.30 3.52 3.31 35 16300.00 55402.00
15/08/2016 3.40 3.18 3.49 3.18 67 68900.00 226152.00
16/08/2016 3.30 3.16 3.30 3.18 28 28100.00 89975.00
17/08/2016 3.19 3.18 3.45 3.30 56 57600.00 191156.00
18/08/2016 3.34 3.14 3.38 3.19 36 23700.00 76666.00
19/08/2016 3.21 2.98 3.21 3.07 52 55500.00 171089.00
22/08/2016 3.07 2.79 3.13 2.97 156 140300.00 405040.00
23/08/2016 2.91 2.83 3.05 2.85 70 33200.00 95923.00
24/08/2016 2.94 2.77 2.94 2.82 41 35400.00 99433.00
25/08/2016 2.87 2.60 2.92 2.69 54 31600.00 87667.00
26/08/2016 2.72 2.49 2.75 2.53 74 56600.00 144845.00
29/08/2016 2.53 2.46 2.61 2.55 48 25700.00 65008.00
30/08/2016 2.60 2.59 2.66 2.60 14 4700.00 12356.00
31/08/2016 2.66 2.60 2.78 2.60 45 12500.00 33949.00
01/09/2016 2.62 2.50 2.62 2.53 25 14900.00 38290.00
02/09/2016 2.51 2.50 2.67 2.67 20 7600.00 19538.00
05/09/2016 2.68 2.67 2.75 2.72 27 11000.00 29675.00
06/09/2016 2.69 2.67 2.69 2.67 7 3500.00 9394.00
08/09/2016 2.75 2.61 2.75 2.62 35 10400.00 27726.00
09/09/2016 2.57 2.48 2.60 2.51 33 14400.00 36233.00
12/09/2016 2.48 2.45 2.65 2.50 28 8600.00 21681.00
13/09/2016 2.52 2.35 2.52 2.35 37 23000.00 55261.00
14/09/2016 2.32 2.32 2.36 2.35 14 6600.00 15401.00
15/09/2016 2.35 2.31 2.36 2.36 14 8000.00 18803.00
16/09/2016 2.31 2.30 2.43 2.35 33 14400.00 33315.00
