20/06/2016 24.12 23.69 24.74 24.45 2458 472126.93 11478842.00
21/06/2016 24.41 23.94 24.98 24.60 2722 897756.52 21954107.00
22/06/2016 24.79 24.23 24.88 24.28 1983 798502.56 19657375.00
23/06/2016 24.34 24.18 26.39 26.04 2720 772459.57 19548994.00
24/06/2016 25.23 24.00 25.55 24.77 2259 447089.90 11137730.00
27/06/2016 24.88 23.99 25.08 24.91 1909 305250.63 7481234.00
28/06/2016 25.19 24.24 25.19 24.45 2626 472126.93 11576015.00
29/06/2016 24.31 24.31 25.48 25.05 2876 562327.31 14033160.00
30/06/2016 25.13 24.17 25.13 24.60 1654 443513.18 10850686.00
01/07/2016 24.75 24.19 24.93 24.47 2674 695895.43 17027771.00
04/07/2016 24.51 24.26 25.67 25.54 2000 334758.56 8392039.00
05/07/2016 25.39 25.37 26.18 25.95 3146 649062.76 16770771.00
06/07/2016 25.92 25.17 26.16 25.77 2250 426411.98 10912477.00
07/07/2016 25.81 25.60 26.05 25.76 2918 441724.81 11403224.00
08/07/2016 25.68 25.58 26.53 26.19 1788 507111.72 13248629.00
11/07/2016 26.52 25.95 26.78 26.56 1809 339117.69 8970614.00
12/07/2016 26.70 26.25 27.55 27.06 2410 371531.71 10050744.00
13/07/2016 27.06 27.06 29.02 28.64 1868 343812.13 9765285.00
14/07/2016 28.81 28.20 29.26 28.95 2305 499399.42 14385232.00
15/07/2016 28.98 28.72 31.30 30.10 2797 512365.03 15454374.00
18/07/2016 30.10 29.53 30.64 29.74 1430 234275.11 7063035.00
19/07/2016 29.89 28.52 30.23 28.86 1767 359236.74 10435030.00
20/07/2016 28.81 28.42 28.98 28.65 2043 677788.29 19467872.00
21/07/2016 28.80 27.13 29.20 27.58 1826 452566.75 12550048.00
22/07/2016 27.58 26.79 28.09 27.32 2334 640232.74 17396550.00
25/07/2016 27.38 26.84 27.81 27.38 1756 359013.19 9858619.00
26/07/2016 27.38 26.73 27.99 26.73 1614 282449.04 7677122.00
27/07/2016 26.85 26.35 27.53 26.71 1972 462402.73 12470140.00
28/07/2016 26.74 25.95 27.17 26.14 1365 252717.57 6687510.00
29/07/2016 26.16 25.36 26.40 26.27 3736 880096.46 22916076.00
01/08/2016 26.51 26.02 27.17 26.32 3064 611618.98 16147009.00
02/08/2016 26.60 26.16 26.92 26.92 2166 536396.10 14162881.00
03/08/2016 26.82 26.48 27.34 27.07 2095 321345.86 8638673.00
04/08/2016 27.09 26.75 27.43 27.36 2109 456031.69 12339950.00
05/08/2016 27.36 26.22 27.55 27.18 2851 526224.81 14087206.00
08/08/2016 26.95 26.31 26.95 26.31 1660 445525.09 11816706.00
09/08/2016 26.35 25.49 26.48 25.79 2282 381479.46 9899852.00
10/08/2016 25.88 25.46 26.00 25.46 1867 380585.28 9727818.00
11/08/2016 25.59 25.46 27.94 27.79 1879 508229.44 13803495.00
12/08/2016 27.77 27.20 29.08 29.08 2202 557074.02 15636273.00
15/08/2016 29.08 27.48 29.08 27.68 1295 369855.12 10415425.00
16/08/2016 27.70 26.84 27.96 27.11 1558 260541.64 7084806.00
17/08/2016 27.21 26.48 27.38 27.19 2134 365719.53 9866602.00
18/08/2016 27.13 26.49 27.13 26.84 1655 360130.91 9648246.00
19/08/2016 26.67 26.12 26.78 26.58 1370 275630.92 7266364.00
22/08/2016 26.58 26.17 27.42 27.42 1071 216279.74 5836681.00
23/08/2016 27.40 26.77 27.42 27.06 1839 361919.27 9795878.00
24/08/2016 27.17 26.60 27.67 27.67 1069 190124.98 5174825.00
25/08/2016 27.60 26.95 27.70 27.40 1690 259759.23 7088767.00
26/08/2016 27.27 27.13 27.62 27.38 1106 213485.42 5830197.00
29/08/2016 27.36 26.94 27.47 27.05 1319 342582.63 9306819.00
30/08/2016 27.04 26.44 27.09 26.44 1883 385391.49 10291724.00
31/08/2016 26.47 25.09 26.70 25.61 2412 598541.60 15559816.00
01/09/2016 25.80 25.41 26.90 26.90 2259 409087.26 10831231.00
02/09/2016 26.92 26.74 28.08 28.08 1698 318551.55 8865408.00
05/09/2016 28.05 28.03 28.62 28.11 1185 202867.04 5734714.00
06/09/2016 27.96 27.79 28.98 28.98 1946 358342.56 10176459.00
08/09/2016 28.95 28.49 29.75 29.75 1958 326263.85 9524002.00
09/09/2016 29.48 28.87 29.98 29.98 1306 289490.71 8472653.00
12/09/2016 29.92 29.12 31.04 30.71 1853 289826.02 8707702.00
13/09/2016 30.42 29.22 30.42 29.44 2534 412663.98 12172314.00
14/09/2016 29.39 28.70 29.60 29.35 1480 353759.88 10328923.00
15/09/2016 29.67 29.04 30.21 29.98 1064 171794.30 5097911.00
16/09/2016 29.73 28.98 30.68 30.68 1560 313633.57 9358202.00
19/09/2016 30.68 29.87 30.78 30.02 1312 245787.68 7411344.00
20/09/2016 29.98 29.32 30.10 29.44 2043 451672.57 13310436.00
21/09/2016 29.28 28.68 29.63 29.11 2703 583340.55 17055597.00
22/09/2016 29.12 27.83 29.17 28.44 2316 591499.94 16858093.00
23/09/2016 28.38 27.86 28.69 28.04 1469 334646.79 9433106.00
26/09/2016 28.01 27.17 28.01 27.69 1155 202755.27 5597060.00
27/09/2016 27.90 26.93 27.90 27.21 2176 347835.94 9443518.00
28/09/2016 27.38 27.37 28.26 27.96 1770 392097.84 10913820.00
29/09/2016 27.99 27.48 28.21 27.60 1566 272277.74 7580151.00
30/09/2016 27.56 26.79 27.74 27.28 1764 1100400.01 29930568.00
03/10/2016 27.25 26.98 27.87 27.63 2639 488222.17 13424442.00
04/10/2016 27.55 27.33 27.77 27.59 1772 269259.89 7432524.00
05/10/2016 27.77 27.41 28.11 27.62 3444 752675.85 20813759.00
06/10/2016 27.55 27.55 28.53 27.75 1677 292620.33 8199299.00
07/10/2016 27.90 27.11 28.02 27.22 2620 452902.06 12433496.00
10/10/2016 27.15 27.08 27.71 27.28 1564 377567.42 10358672.00
11/10/2016 27.28 26.66 27.28 26.84 2031 502864.36 13501577.00
13/10/2016 26.88 26.61 26.88 26.66 2028 492916.61 13156384.00
14/10/2016 26.85 26.04 27.09 26.04 2034 528572.03 13895430.00
17/10/2016 26.13 24.65 26.13 25.19 3319 728532.99 18378921.00
18/10/2016 25.29 24.81 25.57 25.24 3638 1197753.84 30136248.00
19/10/2016 25.24 25.22 26.03 25.45 2196 504652.72 12890117.00
20/10/2016 25.56 24.72 25.56 24.96 2315 850812.08 21164583.00
21/10/2016 25.08 24.76 26.03 26.03 1351 475480.11 12160586.00
24/10/2016 26.03 25.68 26.39 26.11 2054 440383.55 11447955.00
25/10/2016 26.09 25.39 26.09 25.94 1618 321122.32 8265551.00
26/10/2016 25.90 25.52 26.08 25.88 1538 322575.36 8341615.00
27/10/2016 25.94 25.52 26.29 26.12 1738 298320.74 7769020.00
28/10/2016 26.12 25.80 26.34 26.18 1149 321681.18 8374112.00
31/10/2016 26.25 25.83 26.92 26.76 3568 630508.53 16767790.00
01/11/2016 26.84 26.03 26.88 26.49 2055 414228.80 10916075.00
03/11/2016 26.53 25.46 26.61 25.82 1789 400257.23 10338120.00
04/11/2016 25.64 25.05 25.81 25.05 1051 180624.32 4554164.00
07/11/2016 25.35 25.01 25.93 25.92 932 218626.96 5539452.00
08/11/2016 26.19 25.32 26.19 25.56 1512 289937.80 7418227.00
09/11/2016 25.05 24.16 25.31 25.27 1545 301450.37 7479770.00
10/11/2016 25.59 24.50 25.59 24.87 2561 558079.97 13830783.00
11/11/2016 24.90 23.15 24.90 23.89 2023 442619.00 10503415.00
14/11/2016 23.71 22.89 23.96 23.01 2492 422611.72 9843150.00
16/11/2016 23.02 22.01 23.16 22.81 3082 786766.45 17711881.00
17/11/2016 22.81 22.42 23.09 23.09 2137 361807.50 8226627.00
18/11/2016 23.42 22.26 23.44 22.64 1966 373208.29 8427258.00
21/11/2016 22.69 22.20 22.86 22.25 2006 459831.97 10286164.00
22/11/2016 22.38 22.37 23.00 22.76 2250 393886.20 8955702.00
23/11/2016 22.72 21.53 22.72 21.78 3872 875066.70 19129623.00
24/11/2016 21.80 21.07 21.82 21.48 973 279207.65 6000880.00
25/11/2016 21.48 21.19 21.72 21.56 1607 372090.57 7996739.00
28/11/2016 21.92 21.69 22.46 22.46 1724 508676.53 11250098.00
29/11/2016 22.59 22.37 23.71 23.24 1658 384050.22 8907493.00
30/11/2016 23.38 22.82 23.98 22.89 1373 548467.53 12759054.00
01/12/2016 22.93 21.33 22.99 21.43 1640 356330.65 7846002.00
02/12/2016 21.50 21.05 21.80 21.05 1552 308603.81 6587025.00
05/12/2016 21.07 21.07 22.45 22.45 1883 330511.21 7256230.00
06/12/2016 22.11 21.80 22.56 22.33 1119 214826.69 4766040.00
07/12/2016 22.21 22.18 23.64 23.61 1188 250929.21 5804765.00
08/12/2016 23.71 23.54 24.13 24.13 1051 186324.71 4443689.00
09/12/2016 24.11 23.60 24.73 23.98 1611 340011.87 8210469.00
12/12/2016 24.21 22.33 24.21 22.89 1446 289937.80 6676449.00
13/12/2016 23.25 22.79 23.44 23.21 1640 326375.62 7539795.00
14/12/2016 23.05 22.81 24.01 22.99 2196 439042.28 10263628.00
15/12/2016 23.08 22.11 23.23 22.99 1788 283678.54 6447282.00
16/12/2016 22.98 22.30 23.36 22.76 2088 528116.64 12159324.00
19/12/2016 22.69 21.77 23.05 21.81 1981 541649.63 12088994.00
20/12/2016 21.72 21.50 22.40 22.00 1627 460011.60 10045655.00
21/12/2016 21.90 21.31 22.31 22.00 2442 802517.25 17471098.00
22/12/2016 22.27 21.63 22.28 21.82 1937 348116.89 7625642.00
23/12/2016 22.02 21.55 22.50 22.27 2146 368691.43 8142527.00
26/12/2016 22.46 22.09 22.69 22.69 737 171857.96 3831940.00
27/12/2016 22.71 22.13 22.87 22.27 1014 260977.64 5827131.00
28/12/2016 22.45 22.07 22.45 22.43 1261 324571.69 7225852.00
29/12/2016 22.43 22.00 22.50 22.39 1672 426344.17 9491413.00
02/01/2017 22.45 21.98 22.45 21.98 777 136320.11 3018855.00
03/01/2017 22.18 22.04 22.38 22.13 1858 517224.24 11489111.00
04/01/2017 22.20 22.19 22.50 22.36 1879 550341.55 12308780.00
05/01/2017 22.53 22.31 22.59 22.31 1995 339314.94 7625315.00
06/01/2017 22.40 22.28 22.75 22.55 1953 1142162.27 25723149.00
09/01/2017 22.63 22.54 22.83 22.54 2144 342725.70 7769868.00
10/01/2017 22.57 22.40 22.77 22.54 1021 177249.15 4002219.00
11/01/2017 22.55 22.29 22.71 22.45 1519 336564.34 7565923.00
12/01/2017 22.67 22.44 23.06 22.69 2035 354608.32 8046354.00
13/01/2017 22.72 22.63 23.04 22.86 1749 353067.98 8043555.00
16/01/2017 22.97 22.82 23.81 23.63 2147 398177.94 9338456.00
17/01/2017 23.77 22.96 24.08 23.08 2557 559033.47 13029302.00
18/01/2017 23.26 22.99 23.53 23.09 1173 224009.48 5203207.00
19/01/2017 23.24 22.10 23.24 22.50 2171 488837.97 11011771.00
20/01/2017 22.51 22.32 22.71 22.54 2025 391906.56 8829822.00
23/01/2017 22.54 22.45 22.82 22.71 1397 274730.68 6222343.00
24/01/2017 22.77 22.39 22.77 22.49 1397 252065.67 5682276.00
26/01/2017 22.69 22.55 22.95 22.73 1726 389155.95 8832734.00
27/01/2017 22.72 21.59 22.82 22.05 2959 759277.70 16922089.00
30/01/2017 22.26 21.40 22.26 21.62 1861 408520.23 8839651.00
31/01/2017 21.76 21.47 21.85 21.79 1694 381454.25 8262015.00
01/02/2017 22.00 21.51 22.12 21.70 1341 419742.71 9098033.00
02/02/2017 21.70 21.50 22.36 22.26 1101 213997.27 4724973.00
03/02/2017 22.41 21.73 22.72 22.64 1697 374522.72 8359141.00
06/02/2017 22.64 21.77 22.79 21.90 1708 302126.73 6636851.00
07/02/2017 22.07 21.51 22.08 21.80 1743 519754.80 11311707.00
08/02/2017 21.93 21.56 21.93 21.70 1334 344266.04 7473591.00
09/02/2017 21.72 21.46 21.81 21.54 1521 261087.67 5652893.00
10/02/2017 21.75 21.60 22.04 21.85 1199 281332.14 6150611.00
13/02/2017 22.02 21.86 22.18 22.00 926 203324.91 4476592.00
14/02/2017 22.00 21.55 22.14 21.74 1566 318410.33 6913421.00
15/02/2017 21.78 21.67 22.13 21.94 2102 334363.85 7313550.00
16/02/2017 21.98 21.81 22.59 22.50 2039 437456.62 9746061.00
17/02/2017 22.54 22.10 22.68 22.30 1316 245574.24 5483676.00
20/02/2017 22.54 22.36 22.55 22.37 710 148312.76 3326024.00
21/02/2017 22.44 22.44 23.19 23.17 1696 381124.18 8712358.00
22/02/2017 23.24 22.94 23.37 23.07 1093 242163.49 5611118.00
23/02/2017 23.23 22.99 23.49 23.05 1370 259547.33 6017147.00
24/02/2017 23.00 22.38 23.52 23.45 1671 315439.67 7298951.00
01/03/2017 23.61 23.60 24.06 23.81 1217 248104.80 5917261.00
02/03/2017 23.86 22.79 23.95 23.09 2123 508862.39 11896213.00
03/03/2017 23.13 22.81 23.49 23.24 2020 490598.36 11366236.00
06/03/2017 23.34 23.18 23.59 23.27 1776 317860.21 7446460.00
07/03/2017 23.28 22.84 23.50 22.99 1506 282542.40 6537711.00
08/03/2017 23.11 22.83 23.50 23.40 1427 294975.15 6860195.00
09/03/2017 23.40 22.83 23.44 22.98 942 183850.61 4243080.00
10/03/2017 22.99 22.86 23.34 23.10 1207 224669.62 5211718.00
13/03/2017 23.12 22.50 23.32 22.72 1488 321821.08 7316098.00
14/03/2017 22.74 21.14 22.84 21.76 4109 968653.94 21005572.00
15/03/2017 22.05 21.37 22.05 22.04 2739 522285.36 11305142.00
16/03/2017 22.13 21.67 22.33 22.00 2225 415341.74 9168246.00
17/03/2017 22.04 21.70 22.32 21.91 2342 429974.97 9436583.00
20/03/2017 21.90 21.48 21.92 21.72 2350 588960.08 12805421.00
21/03/2017 21.90 21.24 21.90 21.36 2410 438996.96 9387151.00
22/03/2017 21.37 20.71 21.70 21.37 2479 802517.25 17064932.00
23/03/2017 21.44 21.10 21.51 21.15 1080 263618.22 5610304.00
24/03/2017 21.20 20.90 21.30 21.22 1564 445928.49 9441267.00
27/03/2017 21.29 20.88 21.41 20.95 1416 271099.88 5720951.00
28/03/2017 21.07 20.81 21.10 20.95 2135 599522.42 12558425.00
29/03/2017 20.99 20.43 21.16 20.87 2726 1298066.70 26987286.00
30/03/2017 20.91 20.16 20.94 20.27 2283 1057003.46 21687190.00
31/03/2017 20.27 20.20 20.78 20.54 2829 522725.45 10737094.00
03/04/2017 20.54 20.30 20.71 20.63 1025 193972.84 3973182.00
04/04/2017 20.70 20.56 21.25 21.22 2482 1000891.06 21022974.00
05/04/2017 21.42 21.06 21.62 21.34 2502 511392.95 10981396.00
06/04/2017 21.47 20.99 21.58 21.11 1384 227530.25 4835511.00
07/04/2017 21.19 21.00 21.40 21.13 976 170427.64 3605401.00
10/04/2017 21.19 20.86 21.32 21.16 839 154144.05 3245844.00
11/04/2017 21.19 20.73 21.19 20.82 1401 275280.80 5748444.00
12/04/2017 20.86 20.54 20.90 20.80 1403 300806.44 6223441.00
13/04/2017 20.80 19.74 20.80 20.04 2370 588960.08 11947902.00
17/04/2017 20.11 20.06 20.32 20.13 1011 282542.40 5699038.00
18/04/2017 20.20 20.04 20.30 20.18 3469 702615.19 14161202.00
19/04/2017 20.36 20.29 21.16 20.50 4554 1201685.41 24896417.00
20/04/2017 20.64 20.63 21.00 20.82 2448 472664.40 9857292.00
24/04/2017 21.07 20.62 21.13 20.67 2251 626698.42 13044008.00
25/04/2017 20.68 20.40 20.90 20.72 3364 833104.01 17198655.00
26/04/2017 20.82 20.51 20.82 20.52 1141 318630.38 6570857.00
27/04/2017 20.60 20.37 20.74 20.45 1471 373972.60 7668858.00
28/04/2017 20.49 20.31 20.64 20.40 2752 658385.42 13453701.00
02/05/2017 20.60 20.53 20.82 20.68 4426 876123.51 18112803.00
03/05/2017 20.73 20.54 20.88 20.63 2809 591710.69 12255619.00
04/05/2017 20.76 20.25 20.85 20.26 1758 344596.11 7030692.00
05/05/2017 20.55 20.19 20.55 20.27 2274 405219.50 8252959.00
08/05/2017 20.41 20.37 20.57 20.40 1943 471344.10 9648402.00
09/05/2017 20.74 20.27 20.74 20.36 3831 834204.25 17015094.00
10/05/2017 20.57 20.40 21.36 21.27 3233 1120927.58 23455892.00
11/05/2017 19.99 18.73 20.00 19.20 9457 2957673.26 57228390.00
12/05/2017 19.54 19.03 19.60 19.09 4109 826502.55 15814321.00
15/05/2017 19.30 18.63 19.30 18.74 4065 983067.13 18483337.00
16/05/2017 19.20 18.39 19.22 18.88 4655 1106100.00 20727320.00
17/05/2017 19.00 18.74 19.17 18.79 2896 513300.00 9691886.00
18/05/2017 16.49 16.30 17.47 16.82 5337 1658800.00 28149680.00
19/05/2017 16.91 16.91 17.66 17.05 4788 1433300.00 24778475.00
22/05/2017 17.10 15.94 17.10 16.30 5772 1426000.00 23241081.00
23/05/2017 16.44 16.35 17.15 17.15 2536 740800.00 12315119.00
24/05/2017 17.13 16.69 17.20 16.69 2581 502500.00 8505986.00
25/05/2017 16.68 16.51 16.99 16.69 1900 357000.00 5959410.00
26/05/2017 16.65 16.50 16.91 16.74 2315 425700.00 7083728.00
29/05/2017 16.82 16.60 16.86 16.60 1223 415400.00 6950781.00
30/05/2017 16.69 16.63 17.23 16.94 2447 416800.00 7056082.00
31/05/2017 17.02 16.50 17.02 16.52 2624 750700.00 12437706.00
01/06/2017 16.60 16.09 16.64 16.14 1967 626900.00 10280145.00
02/06/2017 16.25 15.46 16.25 15.58 4208 1268400.00 19861006.00
05/06/2017 15.63 15.25 15.87 15.61 3771 955500.00 14839217.00
06/06/2017 15.71 15.16 15.71 15.26 3095 553800.00 8491729.00
07/06/2017 15.32 14.95 15.40 14.95 3099 622000.00 9398026.00
08/06/2017 15.05 14.73 15.10 14.75 4518 1109800.00 16471504.00
09/06/2017 14.81 14.80 15.65 14.99 2954 936800.00 14298437.00
12/06/2017 15.00 14.77 15.18 14.78 2992 665600.00 9878261.00
13/06/2017 14.80 14.78 15.25 15.09 2052 538300.00 8077772.00
14/06/2017 15.21 15.01 15.38 15.36 2883 888200.00 13518934.00
16/06/2017 15.26 14.80 15.36 14.86 3150 679400.00 10131354.00
