01/08/2016 84.59 84.59 84.61 84.61 2 16900.00 1429907.00
09/08/2016 82.81 82.81 82.81 82.81 1 100.00 8281.00
11/08/2016 85.07 85.07 85.07 85.07 1 100.00 8507.00
15/08/2016 86.12 86.12 86.12 86.12 1 300.00 25836.00
22/08/2016 87.00 87.00 87.00 87.00 1 100.00 8700.00
23/08/2016 89.35 89.35 89.35 89.35 1 800.00 71480.00
29/08/2016 89.99 89.99 89.99 89.99 1 500.00 44995.00
30/08/2016 90.27 90.27 90.27 90.27 1 300.00 27081.00
06/09/2016 88.31 88.31 88.31 88.31 1 300.00 26493.00
12/09/2016 90.78 90.78 90.78 90.78 1 100.00 9078.00
19/09/2016 93.85 93.85 93.85 93.85 1 500.00 46925.00
26/09/2016 88.64 88.64 88.64 88.64 1 100.00 8864.00
28/09/2016 88.69 88.69 88.69 88.69 1 200.00 17738.00
29/09/2016 85.06 85.06 85.06 85.06 1 800.00 68048.00
03/10/2016 85.03 85.03 85.03 85.03 1 500.00 42515.00
06/10/2016 88.39 88.39 88.39 88.39 1 100.00 8839.00
10/10/2016 87.60 87.60 87.60 87.60 1 700.00 61320.00
17/10/2016 86.60 86.60 86.60 86.60 1 300.00 25980.00
20/10/2016 85.45 85.45 85.45 85.45 1 100.00 8545.00
24/10/2016 87.21 87.21 87.21 87.21 1 400.00 34884.00
26/10/2016 93.43 93.43 93.43 93.43 1 200.00 18686.00
27/10/2016 93.32 93.32 93.32 93.32 1 200.00 18664.00
31/10/2016 94.64 94.64 94.64 94.64 1 600.00 56784.00
01/11/2016 98.11 98.04 98.11 98.04 2 200.00 19615.00
07/11/2016 93.81 93.81 93.81 93.81 1 200.00 18762.00
10/11/2016 105.68 105.68 105.68 105.68 1 100.00 10568.00
14/11/2016 108.71 108.71 108.71 108.71 2 400.00 43484.00
18/11/2016 106.81 106.81 106.81 106.81 1 100.00 10681.00
21/11/2016 107.28 107.28 107.28 107.28 1 100.00 10728.00
28/11/2016 108.42 108.42 108.42 108.42 1 200.00 21684.00
05/12/2016 109.59 109.59 109.59 109.59 1 300.00 32877.00
06/12/2016 110.37 110.37 110.37 110.37 1 300.00 33111.00
12/12/2016 111.24 111.24 111.24 111.24 1 200.00 22248.00
19/12/2016 112.63 112.63 112.63 112.63 1 100.00 11263.00
27/12/2016 113.18 113.18 113.18 113.18 1 200.00 22636.00
28/12/2016 112.59 112.59 112.59 112.59 1 100.00 11259.00
09/01/2017 106.10 106.10 106.10 106.10 1 300.00 31830.00
26/01/2017 108.08 108.08 108.08 108.08 1 100.00 10808.00
30/01/2017 105.29 105.29 105.29 105.29 1 200.00 21058.00
03/02/2017 101.73 101.73 101.73 101.73 1 100.00 10173.00
06/02/2017 102.21 102.21 102.21 102.21 1 200.00 20442.00
07/02/2017 101.81 101.81 101.81 101.81 1 200.00 20362.00
13/02/2017 104.00 104.00 104.00 104.00 1 200.00 20800.00
21/02/2017 102.86 102.86 102.86 102.86 1 200.00 20572.00
24/02/2017 103.75 103.75 103.75 103.75 1 100.00 10375.00
01/03/2017 105.40 105.40 105.40 105.40 1 200.00 21080.00
06/03/2017 104.30 104.30 104.30 104.30 1 100.00 10430.00
07/03/2017 102.18 102.18 102.18 102.18 1 100.00 10218.00
09/03/2017 105.50 105.50 105.50 105.50 1 100.00 10550.00
20/03/2017 105.05 105.05 105.05 105.05 1 200.00 21010.00
27/03/2017 103.94 103.94 103.94 103.94 1 100.00 10394.00
02/05/2017 101.14 101.14 101.14 101.14 1 200.00 20228.00
15/05/2017 100.95 100.95 100.95 100.95 1 100.00 10095.00
18/05/2017 105.54 105.54 105.66 105.66 2 600.00 63384.00
22/05/2017 105.12 105.12 105.12 105.12 1 400.00 42048.00
29/05/2017 102.14 102.14 102.14 102.14 1 100.00 10214.00
30/05/2017 101.87 101.87 101.87 101.87 1 300.00 30561.00
05/06/2017 102.77 102.77 102.77 102.77 1 100.00 10277.00
08/06/2017 104.13 104.13 104.13 104.13 1 300.00 31239.00
12/06/2017 109.15 109.15 109.15 109.15 1 400.00 43660.00
