20/06/2016 2.63 2.14 2.73 2.44 324 217222.75 545804.00
21/06/2016 2.53 2.24 2.53 2.34 312 213786.17 520273.00
22/06/2016 2.58 2.24 2.72 2.58 148 214414.62 532619.00
23/06/2016 2.62 2.36 2.62 2.42 90 87920.25 213239.00
24/06/2016 2.34 2.34 2.49 2.49 27 22877.73 53640.00
27/06/2016 2.35 2.22 2.51 2.34 60 99307.82 231757.00
28/06/2016 2.40 2.37 2.48 2.46 49 25237.32 61126.00
29/06/2016 2.44 2.40 2.48 2.40 20 9746.12 23722.00
30/06/2016 2.44 2.24 2.44 2.25 48 47499.51 108965.00
01/07/2016 2.25 2.17 2.33 2.33 38 24416.59 54173.00
04/07/2016 2.31 2.21 2.33 2.26 47 32829.03 75558.00
05/07/2016 2.27 2.20 2.27 2.21 26 24826.96 54978.00
06/07/2016 2.28 2.27 2.38 2.27 59 63503.66 145981.00
07/07/2016 2.34 2.34 3.25 2.71 387 330034.37 917540.00
08/07/2016 2.88 2.63 2.88 2.68 113 69556.51 189701.00
11/07/2016 2.76 2.68 2.93 2.89 108 77148.23 215505.00
12/07/2016 2.85 2.85 3.35 3.22 148 128033.23 393790.00
13/07/2016 3.26 2.87 3.26 2.92 134 139113.03 415773.00
14/07/2016 2.95 2.68 2.96 2.74 113 112131.66 313295.00
15/07/2016 2.74 2.70 2.85 2.70 33 21031.10 57762.00
20/07/2016 2.51 2.49 3.10 2.75 182 143400.00 402059.00
21/07/2016 2.88 2.80 3.14 2.94 206 158900.00 471518.00
22/07/2016 3.00 2.86 3.06 2.90 83 45200.00 131836.00
25/07/2016 2.90 2.79 2.90 2.85 50 29500.00 83035.00
26/07/2016 2.80 2.74 2.85 2.75 57 53900.00 149105.00
27/07/2016 2.85 2.75 2.85 2.76 21 8200.00 22995.00
28/07/2016 2.87 2.77 3.00 2.86 94 77200.00 222021.00
29/07/2016 2.88 2.78 2.89 2.78 71 48900.00 137252.00
01/08/2016 2.78 2.63 2.89 2.78 57 33500.00 92597.00
02/08/2016 2.78 2.67 2.78 2.70 24 15200.00 41092.00
03/08/2016 2.70 2.53 2.74 2.61 61 64400.00 166704.00
04/08/2016 2.70 2.45 2.71 2.52 71 65200.00 163745.00
05/08/2016 2.55 2.43 2.55 2.44 48 37800.00 92959.00
08/08/2016 2.55 2.32 2.55 2.41 50 31900.00 77134.00
09/08/2016 2.47 2.47 2.90 2.85 227 172000.00 465803.00
10/08/2016 2.85 2.60 2.96 2.61 203 114500.00 311752.00
11/08/2016 2.61 2.55 2.69 2.57 110 85000.00 219497.00
12/08/2016 2.65 2.56 2.70 2.70 44 53200.00 141256.00
15/08/2016 2.81 2.61 2.84 2.62 61 53900.00 147446.00
16/08/2016 2.64 2.60 2.65 2.65 13 7700.00 20269.00
17/08/2016 2.73 2.60 2.73 2.61 119 23900.00 62333.00
18/08/2016 2.61 2.54 2.64 2.63 49 57700.00 149427.00
19/08/2016 2.55 2.53 2.64 2.58 16 5900.00 15167.00
22/08/2016 2.63 2.51 2.63 2.53 33 17900.00 45461.00
23/08/2016 2.51 2.51 2.63 2.61 32 18900.00 48737.00
24/08/2016 2.64 2.56 2.68 2.56 16 10900.00 28432.00
25/08/2016 2.57 2.56 2.70 2.62 30 48000.00 126413.00
26/08/2016 2.65 2.62 2.80 2.62 51 47300.00 125951.00
29/08/2016 2.60 2.56 2.73 2.62 46 47500.00 123494.00
30/08/2016 2.41 2.22 2.50 2.30 294 342500.00 806298.00
31/08/2016 2.32 2.02 2.37 2.02 171 228700.00 502195.00
01/09/2016 1.99 1.78 1.99 1.83 264 311700.00 580017.00
02/09/2016 1.85 1.76 1.94 1.94 126 140600.00 261158.00
05/09/2016 1.97 1.90 2.05 1.90 82 77700.00 154068.00
06/09/2016 1.87 1.75 1.87 1.80 71 71000.00 129032.00
08/09/2016 1.81 1.77 1.86 1.80 19 14100.00 25602.00
09/09/2016 1.85 1.67 1.85 1.68 84 61400.00 105534.00
12/09/2016 1.75 1.64 1.75 1.70 65 66700.00 111271.00
13/09/2016 1.62 1.55 1.68 1.55 66 131800.00 211188.00
14/09/2016 1.55 1.51 1.61 1.60 26 21100.00 32965.00
15/09/2016 1.54 1.51 1.58 1.51 42 31700.00 48401.00
16/09/2016 1.51 1.47 1.52 1.52 28 14600.00 21931.00
19/09/2016 1.55 1.46 1.55 1.48 20 5700.00 8522.00
20/09/2016 1.49 1.11 1.49 1.17 251 286300.00 345155.00
21/09/2016 1.21 1.10 1.28 1.20 237 259100.00 302592.00
22/09/2016 1.35 1.34 1.85 1.85 1045 1331700.00 1991729.00
23/09/2016 1.90 1.65 2.23 1.65 1520 2292700.00 4415788.00
26/09/2016 1.70 1.57 1.70 1.64 266 346500.00 564133.00
27/09/2016 1.68 1.59 1.71 1.60 252 440000.00 718889.00
28/09/2016 1.62 1.42 1.62 1.46 316 451400.00 671693.00
29/09/2016 1.49 1.34 1.49 1.34 278 426500.00 591921.00
30/09/2016 1.35 1.31 1.76 1.74 791 1263800.00 2041843.00
03/10/2016 1.68 1.53 1.76 1.56 525 912900.00 1463826.00
04/10/2016 1.54 1.53 1.75 1.66 271 519500.00 837853.00
05/10/2016 1.70 1.53 1.70 1.53 512 691100.00 1097017.00
06/10/2016 1.53 1.51 1.58 1.54 153 259300.00 402479.00
07/10/2016 1.56 1.55 1.58 1.55 77 84600.00 131669.00
10/10/2016 1.55 1.55 1.65 1.56 288 301400.00 479904.00
11/10/2016 1.57 1.51 1.57 1.51 155 556300.00 850956.00
13/10/2016 1.50 1.46 1.50 1.46 84 81200.00 120095.00
14/10/2016 1.50 1.47 1.54 1.48 106 318300.00 476377.00
17/10/2016 1.50 1.46 1.51 1.49 43 51400.00 76389.00
18/10/2016 1.49 1.49 1.57 1.49 127 213000.00 321072.00
19/10/2016 1.49 1.40 1.52 1.40 280 501100.00 732169.00
20/10/2016 1.42 1.41 1.47 1.42 146 218000.00 312448.00
21/10/2016 1.43 1.41 1.44 1.42 118 235000.00 334508.00
24/10/2016 1.42 1.35 1.45 1.35 302 572200.00 801152.00
25/10/2016 1.35 1.32 1.40 1.35 262 584800.00 797512.00
26/10/2016 1.36 1.35 1.45 1.36 576 988300.00 1380158.00
27/10/2016 1.37 1.34 1.40 1.34 231 367000.00 503676.00
28/10/2016 1.36 1.29 1.38 1.30 549 724300.00 959475.00
31/10/2016 1.32 1.25 1.44 1.38 481 815500.00 1109172.00
01/11/2016 1.39 1.31 1.40 1.32 233 482400.00 652562.00
03/11/2016 1.32 1.30 1.38 1.31 192 393000.00 522706.00
04/11/2016 1.31 1.26 1.34 1.31 181 382700.00 498190.00
07/11/2016 1.33 1.28 1.33 1.28 88 116300.00 151450.00
08/11/2016 1.28 1.25 1.31 1.25 73 100300.00 127485.00
09/11/2016 1.25 1.18 1.25 1.20 135 210300.00 255562.00
10/11/2016 1.22 1.20 1.27 1.21 79 101600.00 124419.00
11/11/2016 1.21 1.13 1.22 1.16 107 130700.00 152447.00
14/11/2016 1.16 1.09 1.22 1.12 152 184100.00 207187.00
16/11/2016 1.12 1.04 1.12 1.06 119 176100.00 190904.00
17/11/2016 1.07 1.01 1.07 1.01 283 175000.00 179477.00
18/11/2016 1.02 0.99 1.24 1.06 882 1014300.00 1142831.00
21/11/2016 1.08 1.03 1.12 1.06 512 455200.00 488648.00
22/11/2016 1.08 1.03 1.08 1.03 175 278400.00 294327.00
23/11/2016 1.04 1.02 1.11 1.03 472 402600.00 427239.00
24/11/2016 1.05 1.04 1.06 1.05 119 216300.00 227458.00
25/11/2016 1.04 1.02 1.05 1.05 101 136700.00 142035.00
28/11/2016 1.05 1.03 1.07 1.04 203 185300.00 195280.00
29/11/2016 1.04 1.03 1.06 1.05 145 167300.00 175014.00
30/11/2016 1.05 1.04 1.14 1.06 457 768600.00 831233.00
01/12/2016 1.07 0.95 1.08 0.95 133 487900.00 505568.00
02/12/2016 0.98 0.96 1.07 0.96 370 787000.00 795871.00
05/12/2016 1.01 0.89 1.01 0.91 481 1144100.00 1067666.00
06/12/2016 0.93 0.90 0.93 0.91 147 378300.00 345463.00
07/12/2016 0.92 0.90 0.94 0.92 116 150900.00 138330.00
08/12/2016 0.92 0.87 0.92 0.88 165 309800.00 279076.00
09/12/2016 0.88 0.85 0.91 0.88 116 310300.00 276701.00
12/12/2016 0.89 0.85 0.89 0.87 67 319300.00 278914.00
13/12/2016 0.88 0.85 0.89 0.86 38 182400.00 158696.00
14/12/2016 0.86 0.82 0.86 0.82 98 281600.00 235175.00
15/12/2016 0.82 0.79 0.82 0.80 67 123700.00 98431.00
16/12/2016 0.82 0.81 0.86 0.82 252 664000.00 551892.00
19/12/2016 0.83 0.81 0.85 0.82 74 102800.00 85569.00
20/12/2016 0.83 0.81 0.84 0.81 53 209300.00 170869.00
21/12/2016 0.82 0.80 0.83 0.81 47 80800.00 65681.00
22/12/2016 0.82 0.80 0.82 0.82 38 142300.00 116193.00
23/12/2016 0.81 0.81 0.87 0.81 370 1249800.00 1037987.00
26/12/2016 0.82 0.78 0.83 0.79 139 542800.00 436791.00
27/12/2016 0.80 0.78 0.80 0.78 67 210300.00 165907.00
28/12/2016 0.78 0.77 0.79 0.79 44 125900.00 98150.00
29/12/2016 0.81 0.78 0.81 0.79 24 73500.00 58091.00
