21/06/2016 1.39 1.39 1.39 1.39 4 1600.00 2224.00
22/06/2016 1.46 1.33 1.46 1.33 12 1500.00 2062.00
23/06/2016 1.47 1.40 1.47 1.40 7 800.00 1139.00
24/06/2016 1.44 1.37 1.44 1.40 4 400.00 558.00
28/06/2016 1.40 1.40 1.40 1.40 2 1600.00 2240.00
29/06/2016 1.34 1.27 1.45 1.45 7 1700.00 2330.00
01/07/2016 1.33 1.32 1.38 1.32 12 5200.00 6992.00
04/07/2016 1.39 1.39 1.39 1.39 1 100.00 139.00
05/07/2016 1.44 1.44 1.44 1.44 1 100.00 144.00
06/07/2016 1.31 1.30 1.33 1.30 22 26900.00 35029.00
07/07/2016 1.35 1.35 1.40 1.36 16 14300.00 19524.00
08/07/2016 1.40 1.30 1.44 1.43 14 4900.00 6702.00
11/07/2016 1.43 1.43 1.43 1.43 1 100.00 143.00
12/07/2016 1.43 1.43 1.45 1.45 12 2600.00 3735.00
13/07/2016 1.45 1.34 1.45 1.36 26 22100.00 29694.00
14/07/2016 1.39 1.36 1.43 1.43 17 7000.00 9656.00
15/07/2016 1.36 1.36 1.43 1.42 12 6300.00 8802.00
18/07/2016 1.43 1.37 1.43 1.43 19 8500.00 11953.00
19/07/2016 1.45 1.45 1.73 1.62 148 113800.00 181513.00
20/07/2016 1.61 1.48 1.70 1.49 61 67900.00 105542.00
21/07/2016 1.49 1.39 1.49 1.39 90 88300.00 124487.00
22/07/2016 1.40 1.39 1.42 1.40 18 18500.00 25888.00
25/07/2016 1.41 1.38 1.41 1.40 33 22900.00 32008.00
26/07/2016 1.40 1.40 1.64 1.51 330 211900.00 321520.00
27/07/2016 1.57 1.46 1.58 1.55 106 129200.00 195886.00
28/07/2016 1.62 1.50 1.64 1.50 271 194800.00 304081.00
29/07/2016 1.52 1.49 1.54 1.49 32 33900.00 51262.00
01/08/2016 1.51 1.45 1.52 1.49 57 77000.00 114389.00
02/08/2016 1.51 1.49 1.60 1.50 98 101900.00 155578.00
03/08/2016 1.52 1.45 1.58 1.53 74 78800.00 119624.00
04/08/2016 1.56 1.56 2.86 2.86 813 755600.00 1607565.00
05/08/2016 3.50 3.11 4.48 3.70 1509 1396400.00 5426550.00
08/08/2016 3.54 2.85 3.54 2.85 313 301600.00 962208.00
09/08/2016 2.75 2.42 2.75 2.60 194 138100.00 352851.00
10/08/2016 2.51 2.41 2.71 2.68 159 170200.00 429347.00
11/08/2016 2.73 2.73 3.00 2.98 179 134800.00 385595.00
12/08/2016 3.00 2.76 3.28 2.80 198 152300.00 460418.00
15/08/2016 2.88 2.71 3.08 2.78 57 35100.00 98908.00
16/08/2016 2.80 2.65 2.84 2.76 38 17300.00 47545.00
17/08/2016 2.84 2.73 2.84 2.73 43 13000.00 35971.00
18/08/2016 2.75 2.65 2.75 2.65 15 14800.00 40022.00
19/08/2016 2.60 2.50 2.60 2.50 41 19000.00 48569.00
22/08/2016 2.50 2.22 2.60 2.35 131 111400.00 266727.00
23/08/2016 2.37 2.37 3.30 3.00 282 277300.00 810260.00
24/08/2016 2.89 2.70 2.99 2.80 320 277200.00 798145.00
25/08/2016 2.85 2.74 2.98 2.76 52 48100.00 136802.00
26/08/2016 2.76 2.55 2.80 2.63 75 37900.00 99693.00
29/08/2016 2.76 2.61 2.78 2.61 36 23700.00 63693.00
30/08/2016 2.60 2.52 2.68 2.52 27 11100.00 28562.00
31/08/2016 2.65 2.54 2.81 2.56 67 38100.00 100931.00
01/09/2016 2.57 2.57 2.74 2.63 28 13100.00 34636.00
02/09/2016 2.74 2.60 2.74 2.67 54 35500.00 94292.00
05/09/2016 2.74 2.60 2.74 2.60 34 48800.00 127221.00
06/09/2016 2.60 2.47 2.60 2.54 41 39500.00 99607.00
08/09/2016 2.52 2.33 2.60 2.45 65 54200.00 131656.00
09/09/2016 2.46 2.36 2.46 2.36 18 9700.00 23216.00
12/09/2016 2.37 2.32 2.40 2.35 27 11600.00 27329.00
13/09/2016 2.30 2.20 2.30 2.20 36 11200.00 25139.00
14/09/2016 2.23 2.23 2.46 2.31 53 32600.00 77675.00
15/09/2016 2.33 2.22 2.38 2.30 47 27400.00 62697.00
16/09/2016 2.21 2.14 2.27 2.25 19 12300.00 27306.00
19/09/2016 2.20 2.16 2.20 2.20 21 14900.00 32538.00
20/09/2016 2.20 2.15 2.20 2.16 17 14000.00 30431.00
21/09/2016 2.18 2.15 2.30 2.23 50 28600.00 63541.00
22/09/2016 2.23 2.16 2.26 2.16 20 15700.00 34963.00
23/09/2016 2.22 2.20 2.22 2.20 5 2000.00 4420.00
26/09/2016 2.20 2.15 2.23 2.22 13 1700.00 3710.00
27/09/2016 2.20 2.13 2.20 2.18 15 5300.00 11465.00
28/09/2016 2.26 2.14 2.26 2.22 33 38600.00 84562.00
29/09/2016 2.26 2.15 2.30 2.24 24 17200.00 37670.00
30/09/2016 2.24 2.20 2.24 2.20 4 7100.00 15900.00
03/10/2016 2.32 2.11 2.32 2.11 44 58100.00 125089.00
04/10/2016 2.14 2.14 2.18 2.18 4 1100.00 2383.00
05/10/2016 2.15 2.06 2.15 2.06 30 21500.00 45114.00
06/10/2016 2.15 2.04 2.15 2.14 13 9200.00 19176.00
07/10/2016 2.07 2.05 2.20 2.18 13 2300.00 4908.00
10/10/2016 2.18 2.10 2.18 2.10 45 44100.00 93722.00
11/10/2016 2.10 2.03 2.13 2.13 13 11400.00 23903.00
13/10/2016 2.13 2.05 2.13 2.05 18 5200.00 10846.00
14/10/2016 2.05 2.03 2.08 2.03 21 7700.00 15738.00
17/10/2016 2.04 2.04 2.24 2.10 142 172300.00 366326.00
18/10/2016 2.20 2.04 2.20 2.06 49 57400.00 119829.00
19/10/2016 2.07 2.05 2.20 2.06 55 63200.00 134706.00
20/10/2016 2.06 2.05 2.14 2.07 26 29500.00 61557.00
21/10/2016 2.15 2.02 2.15 2.07 50 122600.00 250621.00
24/10/2016 2.15 2.08 2.28 2.09 76 168400.00 361776.00
25/10/2016 2.19 2.09 2.45 2.45 342 567600.00 1243522.00
26/10/2016 2.40 2.32 2.64 2.35 502 356900.00 891348.00
27/10/2016 2.39 2.35 2.56 2.40 196 105800.00 258970.00
28/10/2016 2.42 2.20 2.46 2.35 113 101100.00 234922.00
31/10/2016 2.35 2.25 2.35 2.27 43 20300.00 46304.00
01/11/2016 2.35 2.11 2.35 2.12 76 79500.00 172533.00
03/11/2016 2.12 2.09 2.19 2.13 50 46200.00 97764.00
04/11/2016 2.16 2.16 2.28 2.17 37 17800.00 39214.00
07/11/2016 2.26 2.20 2.32 2.28 43 37700.00 85514.00
08/11/2016 2.28 2.28 2.37 2.30 38 54000.00 125255.00
09/11/2016 2.19 2.19 2.29 2.23 31 32000.00 71105.00
10/11/2016 2.50 2.30 2.65 2.37 270 259500.00 650964.00
11/11/2016 2.41 2.10 2.41 2.10 83 49600.00 113651.00
14/11/2016 2.12 2.10 2.30 2.20 96 54700.00 120363.00
16/11/2016 2.20 2.17 2.40 2.40 70 36800.00 82840.00
17/11/2016 2.37 2.25 2.38 2.29 33 16200.00 37597.00
18/11/2016 2.30 2.22 2.49 2.45 62 35600.00 85478.00
21/11/2016 2.45 2.35 2.49 2.46 39 19000.00 46064.00
22/11/2016 2.43 2.31 2.47 2.31 59 35800.00 86004.00
23/11/2016 2.33 2.33 2.47 2.40 20 15400.00 37263.00
24/11/2016 2.35 2.35 2.47 2.39 14 5600.00 13310.00
25/11/2016 2.32 2.32 2.49 2.49 19 8900.00 21441.00
28/11/2016 2.35 2.31 2.48 2.40 17 8500.00 20048.00
29/11/2016 2.35 2.34 2.40 2.39 68 47400.00 112595.00
30/11/2016 2.46 2.40 2.46 2.40 6 3500.00 8460.00
01/12/2016 2.40 2.30 2.40 2.30 50 51200.00 119198.00
02/12/2016 2.26 2.26 2.35 2.35 5 5700.00 13381.00
05/12/2016 2.35 2.35 2.35 2.35 1 5500.00 12925.00
06/12/2016 2.35 2.30 2.35 2.30 6 6400.00 14970.00
07/12/2016 2.37 2.37 2.37 2.37 1 700.00 1659.00
08/12/2016 2.30 2.30 2.70 2.57 116 80900.00 205709.00
09/12/2016 2.60 2.60 2.95 2.66 181 186200.00 511201.00
12/12/2016 2.73 2.52 2.73 2.64 29 26300.00 69371.00
13/12/2016 2.59 2.45 2.68 2.56 21 16300.00 42562.00
14/12/2016 2.54 2.40 2.54 2.48 30 24700.00 60105.00
15/12/2016 2.45 2.40 2.62 2.40 47 53800.00 130561.00
16/12/2016 2.39 2.39 2.52 2.42 7 4400.00 10793.00
19/12/2016 2.45 2.45 2.45 2.45 1 300.00 735.00
20/12/2016 2.39 2.34 2.42 2.40 14 14000.00 33615.00
21/12/2016 2.49 2.35 2.49 2.40 14 22600.00 55454.00
22/12/2016 2.39 2.39 2.49 2.49 12 18700.00 44846.00
23/12/2016 2.40 2.38 2.44 2.38 24 124300.00 298182.00
26/12/2016 2.42 2.42 2.48 2.48 8 2400.00 5904.00
27/12/2016 2.42 2.42 2.48 2.48 11 3400.00 8295.00
28/12/2016 2.49 2.48 2.49 2.48 5 3600.00 8933.00
29/12/2016 2.41 2.40 2.48 2.40 11 6700.00 16147.00
02/01/2017 2.41 2.41 2.41 2.41 3 5700.00 13737.00
03/01/2017 2.40 2.40 2.49 2.48 18 19200.00 46320.00
04/01/2017 2.48 2.48 2.54 2.52 30 20100.00 50319.00
05/01/2017 2.52 2.52 2.84 2.74 58 31000.00 81526.00
06/01/2017 2.76 2.55 2.76 2.64 26 32200.00 87050.00
09/01/2017 2.62 2.62 2.67 2.62 6 2100.00 5542.00
10/01/2017 2.62 2.57 2.75 2.57 24 25800.00 67772.00
11/01/2017 2.68 2.60 2.69 2.65 16 14100.00 37092.00
12/01/2017 2.58 2.58 2.69 2.62 18 6100.00 16163.00
13/01/2017 2.68 2.65 2.74 2.74 21 18700.00 50186.00
16/01/2017 2.70 2.70 2.75 2.70 21 23300.00 63548.00
17/01/2017 2.70 2.68 2.70 2.70 12 16900.00 45544.00
18/01/2017 2.65 2.65 2.77 2.72 35 36500.00 98881.00
19/01/2017 2.71 2.71 3.01 3.01 119 153000.00 443907.00
20/01/2017 3.14 2.84 3.19 2.84 83 83400.00 250814.00
23/01/2017 2.82 2.76 2.88 2.82 19 13400.00 38032.00
24/01/2017 2.75 2.59 2.99 2.92 83 78900.00 217581.00
26/01/2017 2.94 2.94 3.19 3.15 95 75900.00 233381.00
27/01/2017 3.15 3.13 3.25 3.15 93 49600.00 157147.00
30/01/2017 3.25 2.95 3.25 3.17 27 19800.00 59605.00
31/01/2017 3.10 2.95 3.10 2.97 27 22200.00 66461.00
01/02/2017 3.05 3.03 3.10 3.04 16 15000.00 45883.00
02/02/2017 3.10 2.95 3.10 3.00 16 8500.00 25809.00
03/02/2017 2.97 2.89 3.13 3.00 36 40900.00 121074.00
06/02/2017 2.93 2.93 3.20 2.96 21 22400.00 68196.00
07/02/2017 3.10 2.97 3.10 3.00 11 3000.00 9012.00
08/02/2017 2.96 2.92 3.00 3.00 12 7500.00 22103.00
09/02/2017 3.08 2.90 3.08 2.91 22 8600.00 25589.00
10/02/2017 2.87 2.82 3.00 2.95 18 10900.00 31252.00
13/02/2017 2.99 2.98 3.07 3.06 27 22400.00 67230.00
14/02/2017 3.08 3.01 3.08 3.06 23 13900.00 42439.00
15/02/2017 3.05 3.02 3.07 3.03 30 40400.00 122701.00
16/02/2017 3.08 3.07 3.24 3.23 51 40700.00 127140.00
17/02/2017 3.23 3.19 3.23 3.23 17 10900.00 35010.00
20/02/2017 3.23 3.23 3.34 3.25 38 34700.00 113775.00
21/02/2017 3.29 3.25 3.79 3.63 100 77000.00 264843.00
22/02/2017 3.40 3.20 3.42 3.29 81 65200.00 213793.00
23/02/2017 3.34 3.20 3.34 3.20 23 24900.00 81510.00
24/02/2017 3.23 3.22 3.30 3.22 8 5000.00 16345.00
01/03/2017 3.39 3.23 3.39 3.27 12 10500.00 34402.00
02/03/2017 3.38 3.37 3.45 3.45 11 15100.00 51564.00
03/03/2017 3.49 3.40 3.67 3.65 59 50600.00 179383.00
06/03/2017 3.62 3.62 4.14 4.14 91 104200.00 403168.00
07/03/2017 4.14 3.74 4.20 3.74 87 44700.00 177950.00
08/03/2017 3.64 3.60 3.84 3.64 31 75800.00 274267.00
09/03/2017 3.41 3.34 3.75 3.65 54 38000.00 136210.00
10/03/2017 3.70 3.53 3.75 3.56 19 16500.00 60218.00
13/03/2017 3.72 3.50 3.72 3.70 15 13200.00 47646.00
14/03/2017 3.80 3.70 3.99 3.75 82 63100.00 242138.00
15/03/2017 3.80 3.80 3.98 3.90 23 14200.00 54944.00
16/03/2017 3.89 3.89 4.09 4.02 31 20100.00 79888.00
17/03/2017 4.06 3.90 4.08 4.00 20 9400.00 37972.00
20/03/2017 4.05 4.00 4.19 4.19 23 15500.00 63364.00
21/03/2017 4.10 4.00 4.18 4.08 21 17400.00 70849.00
22/03/2017 4.08 4.07 4.09 4.09 4 1100.00 4496.00
23/03/2017 3.99 3.94 4.05 4.05 8 1500.00 5969.00
24/03/2017 4.05 3.99 4.09 4.05 21 13500.00 54133.00
27/03/2017 4.10 4.05 4.10 4.08 6 800.00 3264.00
28/03/2017 4.00 3.93 4.07 3.93 12 1500.00 6020.00
29/03/2017 4.00 3.99 4.00 3.99 3 300.00 1198.00
30/03/2017 3.99 3.99 4.05 4.05 25 2900.00 11688.00
31/03/2017 4.05 4.05 4.28 4.28 46 26400.00 108816.00
03/04/2017 4.25 4.20 4.45 4.25 33 36500.00 156385.00
04/04/2017 4.30 4.10 4.30 4.19 21 11800.00 49725.00
05/04/2017 4.19 4.19 4.30 4.30 26 135300.00 581544.00
06/04/2017 4.20 4.20 4.73 4.65 76 49800.00 223663.00
07/04/2017 4.47 4.20 4.55 4.32 88 64300.00 283950.00
10/04/2017 4.35 4.28 4.38 4.34 23 9200.00 39773.00
11/04/2017 4.50 4.20 4.50 4.25 11 5000.00 21476.00
12/04/2017 4.27 4.00 4.27 4.25 25 16800.00 69610.00
13/04/2017 4.25 4.16 4.26 4.25 16 11500.00 48630.00
17/04/2017 4.27 4.20 4.27 4.25 25 24400.00 103466.00
18/04/2017 4.24 4.06 4.25 4.06 14 14300.00 60381.00
19/04/2017 4.16 4.10 4.24 4.24 11 9700.00 39854.00
20/04/2017 4.24 4.23 4.33 4.33 21 64600.00 274414.00
24/04/2017 4.33 4.30 4.50 4.40 34 14400.00 63503.00
25/04/2017 4.44 4.35 4.45 4.37 22 10400.00 45887.00
26/04/2017 4.38 4.37 4.42 4.37 11 4100.00 17976.00
27/04/2017 4.42 4.20 4.42 4.40 29 23800.00 102249.00
28/04/2017 4.42 4.28 4.52 4.52 23 35000.00 155482.00
02/05/2017 4.57 4.40 4.57 4.53 39 44100.00 198635.00
03/05/2017 4.53 4.31 4.53 4.53 14 8100.00 35985.00
04/05/2017 4.53 4.35 4.53 4.35 9 2400.00 10569.00
05/05/2017 4.58 4.58 5.57 5.00 167 107700.00 534758.00
08/05/2017 5.40 5.16 5.40 5.29 59 37500.00 199220.00
09/05/2017 5.31 5.30 6.00 5.79 72 43300.00 247829.00
10/05/2017 6.00 5.79 6.49 5.83 56 31800.00 190379.00
11/05/2017 5.83 5.31 6.00 5.37 55 23900.00 133675.00
12/05/2017 5.60 5.41 5.60 5.54 25 9500.00 53066.00
15/05/2017 5.58 5.31 5.60 5.59 33 14700.00 81438.00
16/05/2017 5.75 5.42 5.75 5.43 37 8400.00 46373.00
17/05/2017 5.32 5.11 5.40 5.35 46 128900.00 680689.00
18/05/2017 4.83 4.60 5.08 4.60 66 45300.00 215109.00
19/05/2017 4.80 4.80 5.18 5.00 43 35100.00 172949.00
22/05/2017 4.75 4.65 4.75 4.75 29 11900.00 56003.00
23/05/2017 4.95 4.73 5.00 4.90 51 28900.00 141299.00
24/05/2017 4.98 4.90 5.05 5.00 41 69500.00 347176.00
25/05/2017 5.02 4.77 5.10 4.95 33 16500.00 81407.00
26/05/2017 5.20 4.85 5.20 4.85 29 20200.00 101704.00
29/05/2017 5.00 4.85 5.02 4.85 17 18500.00 91702.00
30/05/2017 5.10 5.03 5.16 5.03 29 14200.00 72649.00
31/05/2017 4.96 4.80 4.99 4.90 13 7400.00 36354.00
01/06/2017 5.00 4.90 5.01 4.90 10 6200.00 30967.00
02/06/2017 4.90 4.90 5.00 4.95 16 3800.00 18662.00
05/06/2017 4.96 4.86 5.05 4.90 31 24000.00 118529.00
06/06/2017 5.04 4.75 5.04 4.86 19 7600.00 36805.00
07/06/2017 4.90 4.90 5.04 5.04 17 6600.00 33072.00
08/06/2017 5.05 4.86 5.05 4.90 13 5800.00 28727.00
09/06/2017 4.91 4.91 5.05 4.95 5 800.00 3962.00
12/06/2017 4.95 4.95 4.95 4.95 1 800.00 3960.00
13/06/2017 4.95 4.90 4.95 4.90 3 1300.00 6385.00
14/06/2017 4.88 4.86 4.89 4.89 6 1500.00 7315.00
16/06/2017 5.00 4.87 5.00 4.88 16 3600.00 17789.00
