20/06/2016 6.35 6.35 7.05 6.80 3138 1462600.00 9931842.00
21/06/2016 6.79 6.75 7.18 6.98 1048 307800.00 2134237.00
22/06/2016 6.93 6.86 7.07 6.99 1493 390300.00 2720567.00
23/06/2016 7.00 7.00 7.58 7.55 2962 2224800.00 16141817.00
24/06/2016 6.98 6.98 7.55 7.41 2499 1268100.00 9440347.00
27/06/2016 7.50 7.08 7.50 7.17 1201 354900.00 2559749.00
28/06/2016 7.21 6.85 7.40 7.10 1106 1179400.00 8483845.00
29/06/2016 7.14 7.10 7.46 7.28 3386 1567800.00 11433112.00
30/06/2016 7.33 7.21 7.45 7.45 2188 1503400.00 11125410.00
01/07/2016 7.59 7.43 7.60 7.50 3270 677700.00 5077209.00
04/07/2016 7.52 7.50 7.97 7.65 4114 1347100.00 10320236.00
05/07/2016 7.68 7.44 7.82 7.64 2098 712600.00 5451176.00
06/07/2016 7.60 7.29 7.66 7.37 3003 2106300.00 15663569.00
07/07/2016 7.53 7.31 7.54 7.35 3506 1454200.00 10741880.00
08/07/2016 7.48 7.39 7.50 7.50 1221 696600.00 5218907.00
11/07/2016 7.61 7.61 7.83 7.82 2583 827400.00 6406954.00
12/07/2016 7.92 7.92 8.16 8.00 5327 1906200.00 15301337.00
13/07/2016 8.13 8.10 8.45 8.24 3442 1071800.00 8846377.00
14/07/2016 8.39 8.30 8.50 8.39 4225 1056000.00 8862612.00
15/07/2016 8.47 8.17 8.50 8.25 2449 919500.00 7700818.00
18/07/2016 8.34 8.34 8.52 8.48 2873 704000.00 5968959.00
19/07/2016 8.33 8.33 8.64 8.49 6275 1628900.00 13880306.00
20/07/2016 8.49 8.17 8.58 8.22 3179 1012700.00 8376252.00
21/07/2016 8.27 8.04 8.27 8.19 4061 891200.00 7248625.00
22/07/2016 8.21 8.10 8.31 8.22 724 205900.00 1687192.00
25/07/2016 8.25 8.01 8.45 8.05 3033 837600.00 6846335.00
26/07/2016 8.11 7.64 8.11 7.68 3432 1128900.00 8752723.00
27/07/2016 7.57 6.95 7.58 6.98 9031 2531300.00 18164941.00
28/07/2016 6.91 6.11 6.95 6.19 8391 2943200.00 18605276.00
29/07/2016 6.19 6.07 6.75 6.70 4278 1841300.00 11916922.00
01/08/2016 6.81 6.60 6.96 6.71 8264 1625100.00 11082104.00
02/08/2016 6.67 6.50 6.87 6.82 7351 1455600.00 9694526.00
03/08/2016 6.85 6.50 6.93 6.65 3502 1556200.00 10319633.00
04/08/2016 6.68 6.54 6.83 6.58 3365 1122800.00 7433533.00
05/08/2016 6.57 6.55 6.69 6.55 1206 510200.00 3367488.00
08/08/2016 6.49 6.37 6.81 6.81 3442 1065100.00 7131489.00
09/08/2016 7.10 6.50 7.13 6.55 8054 2811100.00 19044902.00
10/08/2016 6.55 6.42 6.60 6.46 2379 1200500.00 7831773.00
11/08/2016 6.51 6.42 6.90 6.90 6971 3790600.00 25138494.00
12/08/2016 6.93 6.74 7.02 6.95 7961 2560000.00 17714572.00
15/08/2016 6.99 6.92 7.19 7.08 3489 1175100.00 8320366.00
16/08/2016 7.15 6.87 7.18 7.00 2243 831500.00 5792292.00
17/08/2016 6.95 6.92 7.10 7.09 1096 357900.00 2516274.00
18/08/2016 7.08 6.93 7.14 6.93 2475 578400.00 4054143.00
19/08/2016 6.96 6.81 7.07 7.00 1266 337700.00 2356080.00
22/08/2016 7.00 6.69 7.00 6.82 2709 509300.00 3476887.00
23/08/2016 6.92 6.63 6.92 6.63 1090 1576700.00 10607172.00
24/08/2016 6.61 6.56 6.69 6.68 1541 1173200.00 7747467.00
25/08/2016 6.65 6.61 6.84 6.63 4364 1259500.00 8446407.00
26/08/2016 6.59 6.42 6.75 6.53 2112 533700.00 3504205.00
29/08/2016 6.56 6.48 6.68 6.58 1313 303100.00 1995334.00
30/08/2016 6.59 6.27 6.59 6.37 2188 848700.00 5409383.00
31/08/2016 6.42 6.10 6.48 6.20 1881 933000.00 5848578.00
01/09/2016 6.30 6.00 6.30 6.06 2384 961900.00 5967499.00
02/09/2016 6.11 6.07 6.27 6.20 2690 1367200.00 8460713.00
05/09/2016 6.25 6.18 6.39 6.32 2043 739400.00 4643669.00
06/09/2016 6.32 6.19 6.40 6.36 1781 1233900.00 7776892.00
08/09/2016 6.40 6.12 6.40 6.17 1790 692700.00 4303377.00
09/09/2016 6.13 5.92 6.18 6.08 2497 1699600.00 10292728.00
12/09/2016 6.13 5.95 6.23 6.23 2541 1579400.00 9628281.00
13/09/2016 6.19 6.12 6.28 6.20 2151 629900.00 3896102.00
14/09/2016 6.16 6.12 6.25 6.22 1211 398600.00 2467713.00
15/09/2016 6.15 6.13 6.24 6.18 2707 1002100.00 6198059.00
16/09/2016 6.20 6.12 6.25 6.25 1202 810900.00 5040264.00
19/09/2016 6.28 6.21 6.51 6.40 1985 717400.00 4585868.00
20/09/2016 6.50 6.33 6.50 6.41 842 468800.00 3002706.00
21/09/2016 6.49 6.34 6.52 6.40 1213 558800.00 3582474.00
22/09/2016 6.42 6.17 6.49 6.17 1720 752600.00 4744294.00
23/09/2016 6.15 6.03 6.16 6.13 3853 1443600.00 8762895.00
26/09/2016 6.14 6.04 6.18 6.10 2168 931700.00 5684964.00
27/09/2016 6.09 6.07 6.14 6.12 1945 959000.00 5859715.00
28/09/2016 6.12 6.11 6.26 6.21 2629 3513400.00 21741076.00
29/09/2016 6.20 6.20 6.60 6.45 3133 2914400.00 18687643.00
30/09/2016 6.42 6.28 6.47 6.37 2653 806300.00 5145351.00
03/10/2016 6.42 6.34 6.83 6.74 1523 570000.00 3751743.00
04/10/2016 6.72 6.63 6.97 6.80 3360 1134500.00 7752087.00
05/10/2016 6.80 6.70 6.90 6.82 4260 1743500.00 11921125.00
06/10/2016 6.87 6.77 7.16 7.16 3212 3100300.00 21558973.00
07/10/2016 7.20 7.18 7.52 7.43 5352 10262100.00 76394550.00
10/10/2016 7.46 7.46 7.64 7.50 3611 4213900.00 31648188.00
11/10/2016 7.56 7.14 7.56 7.14 3241 1282100.00 9264653.00
13/10/2016 7.18 7.01 7.19 7.02 3242 989000.00 6984115.00
14/10/2016 7.10 7.10 7.93 7.79 4295 2100400.00 15854464.00
17/10/2016 7.84 7.84 9.09 8.65 9993 6723300.00 56448055.00
18/10/2016 9.19 8.27 9.48 8.27 11965 5635700.00 49085355.00
19/10/2016 8.05 7.85 8.52 7.85 5049 2564000.00 20908152.00
20/10/2016 7.83 7.80 8.34 8.32 4497 2355000.00 19117403.00
21/10/2016 8.33 8.05 8.54 8.21 3992 6865500.00 56994897.00
24/10/2016 8.25 8.07 8.38 8.10 1447 592500.00 4865373.00
25/10/2016 8.11 8.03 8.35 8.35 1810 708000.00 5794413.00
26/10/2016 8.36 8.07 8.43 8.39 2603 897500.00 7406188.00
27/10/2016 8.14 8.12 9.18 9.10 5127 3813500.00 34074486.00
28/10/2016 8.99 8.98 9.60 9.45 5018 1545700.00 14609945.00
31/10/2016 9.40 8.87 9.50 9.15 3192 1380300.00 12690515.00
01/11/2016 9.19 8.61 9.43 8.61 4041 5617500.00 51034879.00
03/11/2016 8.60 8.50 9.50 8.89 4290 4305000.00 38957477.00
04/11/2016 9.27 8.86 9.69 9.09 5034 2113400.00 19253596.00
07/11/2016 9.20 9.19 9.65 9.42 7029 1463200.00 13753739.00
08/11/2016 9.30 9.30 10.04 9.52 7048 1822100.00 17678208.00
09/11/2016 9.05 9.05 9.65 9.59 3632 1568400.00 14795003.00
10/11/2016 9.70 8.80 9.82 9.14 2857 1297000.00 11990187.00
11/11/2016 9.14 7.92 9.15 7.96 3678 1246700.00 10350060.00
14/11/2016 8.05 7.45 8.29 8.25 2746 878600.00 7022237.00
16/11/2016 8.39 8.30 8.75 8.48 1627 559100.00 4770666.00
17/11/2016 8.55 8.41 8.68 8.56 741 324800.00 2781010.00
18/11/2016 8.60 8.34 8.60 8.49 4290 1703600.00 14487442.00
21/11/2016 8.61 8.10 8.64 8.14 2425 794600.00 6530417.00
22/11/2016 8.22 8.00 8.49 8.14 3858 1495000.00 12334421.00
23/11/2016 8.18 8.05 8.35 8.26 1845 1087900.00 8905993.00
24/11/2016 9.14 9.04 9.60 9.44 2547 1950800.00 18152273.00
25/11/2016 9.53 8.82 9.53 9.05 3188 1257700.00 11428150.00
28/11/2016 9.11 8.90 9.35 9.19 1901 449100.00 4096117.00
29/11/2016 9.19 9.02 9.25 9.20 1800 648500.00 5930895.00
30/11/2016 9.26 9.05 9.75 9.64 3647 1500300.00 14030657.00
01/12/2016 9.62 9.00 9.75 9.13 4077 1119500.00 10331516.00
02/12/2016 9.11 8.66 9.20 8.90 2090 724400.00 6489002.00
05/12/2016 9.06 8.90 9.41 9.10 1409 496700.00 4536415.00
06/12/2016 9.30 9.25 9.59 9.36 1416 687100.00 6497420.00
07/12/2016 9.53 9.29 9.90 9.71 4389 2924600.00 27812332.00
08/12/2016 9.86 9.27 9.86 9.47 4160 1098400.00 10418893.00
09/12/2016 9.47 9.40 9.65 9.54 1555 483300.00 4631810.00
12/12/2016 9.55 9.35 9.79 9.43 2311 634000.00 6064364.00
13/12/2016 9.48 9.36 9.92 9.84 2249 849500.00 8178804.00
14/12/2016 9.79 9.79 10.85 10.58 2724 3312000.00 34257536.00
15/12/2016 10.62 10.05 10.70 10.15 4973 1930800.00 19921702.00
16/12/2016 10.24 10.05 10.55 10.30 5766 3562500.00 36528239.00
19/12/2016 10.40 10.30 10.75 10.45 3913 1375900.00 14542219.00
20/12/2016 10.50 10.06 10.62 10.26 3787 2809800.00 28652919.00
21/12/2016 10.23 10.18 10.59 10.28 1204 830000.00 8569842.00
22/12/2016 10.30 10.14 10.53 10.39 3032 1301200.00 13472352.00
23/12/2016 10.46 10.20 10.64 10.24 1563 776100.00 8068334.00
26/12/2016 10.28 10.22 10.55 10.44 1269 348900.00 3634566.00
27/12/2016 10.46 10.24 10.54 10.33 1107 316600.00 3290887.00
28/12/2016 10.40 10.29 10.69 10.60 1231 320400.00 3368811.00
29/12/2016 10.65 10.40 10.75 10.75 2710 529800.00 5619517.00
02/01/2017 10.74 10.66 11.37 11.31 2611 793100.00 8904761.00
03/01/2017 11.40 11.11 11.61 11.27 4149 942400.00 10771485.00
04/01/2017 11.29 11.15 11.51 11.15 2478 879900.00 9928641.00
05/01/2017 11.17 11.00 11.40 11.01 3829 965600.00 10797048.00
06/01/2017 10.98 10.58 11.11 10.67 1754 423000.00 4586127.00
09/01/2017 10.73 10.67 11.10 10.81 1669 474500.00 5132225.00
10/01/2017 10.86 10.50 11.05 10.54 2664 1064200.00 11350625.00
11/01/2017 10.65 9.86 10.83 10.00 3550 1242800.00 12612863.00
12/01/2017 10.27 9.78 10.47 9.81 5567 1479500.00 14924198.00
13/01/2017 9.85 9.31 10.02 9.36 4783 1485800.00 14169759.00
16/01/2017 9.42 9.22 9.54 9.43 2655 764100.00 7205477.00
17/01/2017 9.44 9.38 9.88 9.58 3990 1628500.00 15775892.00
18/01/2017 9.59 9.26 9.70 9.27 2313 1014300.00 9604319.00
19/01/2017 9.29 9.01 9.38 9.06 2361 767100.00 7045437.00
20/01/2017 9.10 9.06 9.30 9.11 3901 841700.00 7707708.00
23/01/2017 9.20 8.62 9.23 8.88 7731 2370500.00 20990303.00
24/01/2017 8.92 8.78 9.14 8.87 5032 1569800.00 13952955.00
26/01/2017 8.94 8.94 9.41 8.98 6039 2397500.00 21977422.00
27/01/2017 9.00 8.92 9.28 9.18 4893 2415900.00 22071498.00
30/01/2017 9.24 8.85 9.25 8.85 3409 1422100.00 12755354.00
31/01/2017 8.91 8.86 9.16 8.97 4998 1566600.00 14176954.00
01/02/2017 9.04 9.01 9.29 9.25 4641 1391600.00 12818426.00
02/02/2017 9.24 9.16 9.57 9.46 3253 1118700.00 10592811.00
03/02/2017 9.48 9.32 9.75 9.69 4942 2536600.00 24320679.00
06/02/2017 10.10 9.80 10.16 9.83 5611 2822800.00 28154306.00
07/02/2017 9.98 9.54 9.98 9.69 4909 1188400.00 11617853.00
08/02/2017 9.69 9.50 9.99 9.96 3882 1335400.00 13128290.00
09/02/2017 10.10 10.03 10.35 10.25 5267 1666300.00 17045089.00
10/02/2017 10.25 10.25 10.65 10.60 5271 1860200.00 19525317.00
13/02/2017 10.67 10.56 11.05 11.01 4143 1295000.00 14071434.00
14/02/2017 11.05 10.61 11.10 10.81 5372 2628100.00 28532267.00
15/02/2017 10.89 10.69 11.02 10.88 3539 1553900.00 16736365.00
16/02/2017 10.90 10.69 10.90 10.73 3715 1455900.00 15651862.00
17/02/2017 10.70 10.45 10.99 10.82 1624 719300.00 7716133.00
20/02/2017 10.82 10.82 11.40 11.39 2546 727700.00 8162306.00
21/02/2017 11.41 11.40 12.03 11.64 5153 1566200.00 18379273.00
22/02/2017 11.63 10.77 11.71 11.14 3193 941800.00 10530362.00
23/02/2017 11.26 11.17 11.66 11.33 5037 1120600.00 12746665.00
24/02/2017 11.32 10.86 11.87 11.80 4837 1328100.00 15403539.00
01/03/2017 11.80 11.65 12.16 12.09 5377 935700.00 11142830.00
02/03/2017 12.09 11.46 12.22 11.50 7882 1494600.00 17744621.00
03/03/2017 11.58 11.03 11.64 11.17 5387 1367900.00 15372298.00
06/03/2017 11.17 10.46 11.17 10.96 5211 1995000.00 21459291.00
07/03/2017 11.00 10.70 11.10 10.96 2647 895700.00 9773250.00
08/03/2017 11.01 10.75 11.23 11.14 2976 1053300.00 11540730.00
09/03/2017 11.10 10.61 11.10 10.89 2033 717200.00 7748256.00
10/03/2017 11.08 10.92 11.60 11.60 3001 1022100.00 11428163.00
13/03/2017 11.61 11.40 12.15 11.79 3369 820200.00 9715713.00
14/03/2017 11.68 11.64 11.94 11.78 2860 675600.00 7966429.00
15/03/2017 11.82 11.19 11.92 11.48 3791 1240400.00 14202440.00
16/03/2017 11.50 11.10 11.63 11.25 2978 898100.00 10181569.00
17/03/2017 11.32 10.98 11.32 11.15 2442 729800.00 8112361.00
20/03/2017 11.22 11.03 11.40 11.26 3230 691700.00 7688809.00
21/03/2017 11.36 10.92 11.43 11.18 2659 1182600.00 13198864.00
22/03/2017 11.02 10.70 11.13 11.00 1836 550000.00 6010690.00
23/03/2017 11.00 10.95 11.36 11.29 1446 268100.00 3006432.00
24/03/2017 11.25 10.13 11.31 10.35 5847 3565700.00 37318819.00
27/03/2017 10.21 9.91 10.30 10.30 4357 1229900.00 12384942.00
28/03/2017 10.44 10.18 10.64 10.35 1256 343900.00 3570018.00
29/03/2017 10.48 10.18 10.50 10.30 1591 515900.00 5306004.00
30/03/2017 10.39 10.06 10.39 10.30 1143 257400.00 2640262.00
31/03/2017 10.30 10.20 10.43 10.37 1534 858100.00 8830692.00
03/04/2017 10.35 10.19 10.37 10.24 1126 253500.00 2605029.00
04/04/2017 10.26 10.21 10.44 10.44 1427 427900.00 4412169.00
05/04/2017 10.43 10.18 10.43 10.24 3612 935600.00 9619048.00
06/04/2017 10.20 10.18 10.63 10.55 3011 1010100.00 10580224.00
07/04/2017 10.55 10.25 10.63 10.44 2892 738300.00 7678288.00
10/04/2017 10.44 10.42 10.85 10.81 3821 673400.00 7197822.00
11/04/2017 10.84 10.54 10.85 10.79 1977 487000.00 5202722.00
12/04/2017 10.79 10.63 10.99 10.79 3308 1184400.00 12812398.00
13/04/2017 10.85 10.81 11.34 10.99 2971 639700.00 7134764.00
17/04/2017 11.12 10.81 11.19 11.10 1001 382800.00 4232099.00
18/04/2017 11.18 10.99 11.32 11.14 1573 1012500.00 11290233.00
19/04/2017 11.22 11.00 11.22 11.00 1813 366300.00 4061440.00
20/04/2017 10.98 10.95 11.16 11.16 1896 584500.00 6511945.00
24/04/2017 11.19 11.07 11.27 11.13 3459 884100.00 9876169.00
25/04/2017 11.10 11.07 11.24 11.20 3550 904600.00 10109624.00
26/04/2017 11.19 11.13 11.29 11.22 3522 1346500.00 15131598.00
27/04/2017 11.77 11.35 11.77 11.40 2677 1054300.00 12169158.00
28/04/2017 11.39 11.35 11.97 11.91 4945 3053300.00 35879175.00
02/05/2017 11.92 11.84 13.39 13.25 9600 2880700.00 37378628.00
03/05/2017 13.17 12.50 13.36 12.73 8288 1743800.00 22274413.00
04/05/2017 12.69 12.29 12.72 12.40 6382 1120500.00 13936337.00
05/05/2017 12.52 12.29 12.80 12.80 4740 2127500.00 26801352.00
08/05/2017 12.79 12.64 13.22 13.20 6311 1786600.00 23377240.00
09/05/2017 13.26 12.88 13.26 13.10 3593 846100.00 11038519.00
10/05/2017 13.20 12.96 13.21 13.00 5359 1692400.00 22111357.00
11/05/2017 13.13 12.50 13.13 12.88 3015 1794900.00 22878279.00
12/05/2017 12.91 12.09 12.91 12.30 4009 2033300.00 25101123.00
15/05/2017 12.47 11.93 12.47 12.24 5750 1228800.00 14809763.00
16/05/2017 12.28 12.04 12.44 12.39 5014 1700900.00 20838640.00
17/05/2017 12.38 11.95 12.40 12.11 8365 1799000.00 21865750.00
18/05/2017 9.92 9.90 11.37 11.00 5519 2431800.00 26718938.00
19/05/2017 11.03 11.00 11.41 11.10 3338 796100.00 8917522.00
22/05/2017 11.05 10.33 11.05 10.49 5607 2158700.00 22735817.00
23/05/2017 10.49 10.28 10.62 10.41 4566 1808000.00 18810286.00
24/05/2017 10.55 10.30 10.59 10.50 5787 3302900.00 34498596.00
25/05/2017 10.54 10.20 10.65 10.33 4253 1780600.00 18399664.00
26/05/2017 10.39 10.22 10.51 10.38 4324 2333400.00 24063282.00
29/05/2017 10.40 10.23 10.48 10.25 2625 1087700.00 11254851.00
30/05/2017 10.30 9.98 10.31 10.03 6310 2000100.00 20195861.00
31/05/2017 10.08 10.03 10.28 10.21 5271 1223400.00 12438128.00
01/06/2017 10.21 10.04 10.34 10.31 1632 464100.00 4753192.00
02/06/2017 10.32 10.23 10.57 10.57 3093 797100.00 8356002.00
05/06/2017 10.52 10.30 10.63 10.51 4123 2151200.00 22727155.00
06/06/2017 10.55 10.39 10.60 10.40 1558 546800.00 5731958.00
07/06/2017 10.54 10.48 10.78 10.70 1838 850800.00 9077132.00
08/06/2017 10.69 10.13 10.69 10.50 2626 1341300.00 14027312.00
09/06/2017 10.63 10.31 10.63 10.35 3233 727900.00 7583825.00
12/06/2017 10.40 10.34 10.92 10.86 5335 1354700.00 14589329.00
13/06/2017 10.86 10.68 11.20 10.68 2456 835200.00 9048593.00
14/06/2017 10.79 10.70 10.92 10.92 2000 564300.00 6132575.00
16/06/2017 10.91 10.64 10.95 10.74 3799 1229000.00 13344073.00
