20/06/2016 1.80 1.80 1.85 1.84 20 35300.00 63615.00
21/06/2016 1.85 1.85 1.95 1.95 8 7200.00 13351.00
22/06/2016 1.97 1.97 1.97 1.97 1 200.00 394.00
23/06/2016 1.90 1.90 2.01 2.00 27 12000.00 23976.00
24/06/2016 1.85 1.80 2.13 2.13 34 10300.00 19587.00
27/06/2016 2.13 2.13 2.13 2.13 2 400.00 852.00
28/06/2016 2.00 1.94 2.00 1.94 6 1900.00 3769.00
29/06/2016 1.97 1.97 2.01 2.01 2 1600.00 3172.00
30/06/2016 2.10 2.02 2.10 2.10 25 13200.00 27704.00
05/07/2016 2.19 2.19 2.19 2.19 1 100.00 219.00
06/07/2016 2.17 2.12 2.25 2.12 4 600.00 1299.00
07/07/2016 2.15 2.15 2.15 2.15 2 400.00 860.00
08/07/2016 2.15 2.15 2.15 2.15 3 700.00 1505.00
11/07/2016 2.18 2.06 2.23 2.18 8 1300.00 2803.00
12/07/2016 2.33 2.30 2.40 2.30 3 400.00 933.00
13/07/2016 2.32 2.32 2.45 2.44 13 2200.00 5208.00
14/07/2016 2.47 2.47 2.52 2.52 24 4500.00 11142.00
18/07/2016 2.52 2.48 2.52 2.52 25 6200.00 15526.00
19/07/2016 2.52 2.51 2.52 2.51 3 3200.00 8062.00
20/07/2016 2.50 2.33 2.50 2.33 3 500.00 1233.00
21/07/2016 2.33 2.33 2.35 2.35 3 500.00 1173.00
22/07/2016 2.36 2.30 2.36 2.30 2 300.00 696.00
25/07/2016 2.31 2.29 2.31 2.29 10 2300.00 5281.00
27/07/2016 2.00 2.00 2.08 2.02 70 38800.00 78274.00
28/07/2016 2.01 1.81 2.01 1.85 152 33100.00 61287.00
29/07/2016 1.82 1.80 1.96 1.92 50 21300.00 39239.00
01/08/2016 1.92 1.90 2.10 1.95 50 53000.00 101995.00
02/08/2016 1.95 1.83 1.96 1.96 28 6900.00 12821.00
03/08/2016 1.90 1.87 2.01 1.96 27 9900.00 19058.00
04/08/2016 1.90 1.89 1.93 1.90 6 3600.00 6832.00
05/08/2016 1.87 1.84 1.87 1.86 8 14100.00 26134.00
08/08/2016 1.87 1.85 1.90 1.85 4 700.00 1304.00
09/08/2016 1.95 1.82 2.03 1.85 114 39400.00 74105.00
10/08/2016 1.84 1.82 1.87 1.82 34 12600.00 23184.00
11/08/2016 1.82 1.82 1.89 1.88 14 2400.00 4483.00
12/08/2016 1.90 1.88 2.00 2.00 10 10700.00 21334.00
15/08/2016 2.00 2.00 2.05 2.05 9 2700.00 5494.00
16/08/2016 2.00 1.85 2.00 1.85 13 6000.00 11888.00
17/08/2016 2.00 1.90 2.00 1.90 2 200.00 390.00
18/08/2016 2.00 2.00 2.01 2.01 9 4200.00 8401.00
19/08/2016 1.97 1.95 2.00 1.95 7 2200.00 4366.00
22/08/2016 2.01 1.97 2.01 2.00 3 500.00 996.00
23/08/2016 2.00 1.85 2.00 1.85 27 19200.00 35880.00
24/08/2016 1.85 1.80 1.88 1.80 14 9800.00 18049.00
25/08/2016 1.80 1.77 1.90 1.85 11 14000.00 25366.00
26/08/2016 1.81 1.77 1.83 1.77 24 20400.00 36562.00
29/08/2016 1.77 1.77 1.84 1.79 4 700.00 1260.00
30/08/2016 1.80 1.70 1.84 1.70 26 16300.00 28259.00
31/08/2016 1.70 1.70 1.74 1.70 8 3400.00 5836.00
01/09/2016 1.70 1.66 1.70 1.70 6 2300.00 3886.00
02/09/2016 1.66 1.60 1.68 1.63 21 16100.00 26517.00
05/09/2016 1.61 1.61 1.61 1.61 2 1700.00 2737.00
08/09/2016 1.68 1.68 1.68 1.68 4 1400.00 2352.00
09/09/2016 1.61 1.60 1.66 1.60 5 600.00 979.00
12/09/2016 1.60 1.60 1.74 1.63 13 5400.00 8985.00
13/09/2016 1.60 1.60 1.61 1.61 3 300.00 481.00
15/09/2016 1.65 1.55 1.65 1.61 5 800.00 1287.00
16/09/2016 1.66 1.66 1.66 1.66 1 200.00 332.00
19/09/2016 1.66 1.66 1.75 1.75 8 1700.00 2879.00
20/09/2016 1.67 1.67 1.75 1.75 2 200.00 342.00
21/09/2016 1.68 1.68 1.70 1.70 4 2300.00 3880.00
22/09/2016 1.68 1.67 1.68 1.67 4 3000.00 5025.00
23/09/2016 1.66 1.50 1.68 1.68 9 3500.00 5637.00
26/09/2016 1.58 1.55 1.58 1.55 3 400.00 626.00
27/09/2016 1.55 1.53 1.55 1.53 2 500.00 767.00
29/09/2016 1.60 1.58 1.74 1.73 12 2000.00 3276.00
30/09/2016 1.62 1.60 1.68 1.60 5 1400.00 2278.00
03/10/2016 1.66 1.66 1.80 1.80 26 8900.00 15534.00
04/10/2016 1.82 1.82 1.90 1.85 15 6500.00 12121.00
05/10/2016 1.85 1.83 1.90 1.83 8 1800.00 3368.00
06/10/2016 1.85 1.85 1.99 1.99 53 31100.00 59608.00
07/10/2016 1.99 1.99 2.08 2.04 33 18900.00 38292.00
10/10/2016 2.10 2.03 2.10 2.09 14 6100.00 12633.00
11/10/2016 2.07 1.95 2.07 2.00 14 2600.00 5275.00
13/10/2016 1.98 1.91 1.98 1.91 7 2000.00 3872.00
14/10/2016 1.96 1.96 2.15 2.13 70 67100.00 139922.00
17/10/2016 2.14 2.14 2.55 2.55 98 74800.00 176421.00
18/10/2016 2.65 2.44 3.25 2.45 376 224400.00 617193.00
19/10/2016 2.41 2.30 2.55 2.36 256 210600.00 505900.00
20/10/2016 2.35 2.35 2.52 2.42 104 74000.00 179991.00
21/10/2016 2.50 2.41 2.56 2.45 93 78100.00 193196.00
24/10/2016 2.43 2.41 2.56 2.42 90 97600.00 244888.00
25/10/2016 2.42 2.41 2.52 2.46 41 24500.00 60109.00
26/10/2016 2.60 2.48 2.69 2.52 53 35300.00 91481.00
27/10/2016 2.47 2.43 2.90 2.86 170 127900.00 349802.00
28/10/2016 2.84 2.84 3.01 2.90 128 113100.00 330804.00
31/10/2016 2.77 2.59 2.77 2.59 92 68600.00 182374.00
01/11/2016 2.76 2.55 2.77 2.56 66 56200.00 148771.00
03/11/2016 2.56 2.55 2.98 2.75 110 62400.00 174769.00
04/11/2016 2.87 2.61 2.95 2.63 88 50600.00 137730.00
07/11/2016 2.70 2.70 2.85 2.83 69 24400.00 67463.00
08/11/2016 2.91 2.72 2.93 2.73 130 100800.00 287517.00
09/11/2016 2.70 2.61 2.82 2.65 66 49100.00 131808.00
10/11/2016 2.73 2.49 2.73 2.50 70 39800.00 104786.00
11/11/2016 2.69 2.19 2.69 2.31 115 53700.00 127647.00
14/11/2016 2.50 2.10 2.50 2.40 62 24300.00 55776.00
16/11/2016 2.50 2.45 2.59 2.45 18 7300.00 18354.00
17/11/2016 2.45 2.40 2.50 2.50 5 9300.00 22580.00
18/11/2016 2.50 2.36 2.50 2.40 23 17900.00 43042.00
21/11/2016 2.33 2.22 2.39 2.30 34 15600.00 35570.00
22/11/2016 2.40 2.27 2.40 2.28 63 40600.00 93787.00
23/11/2016 2.30 2.30 2.40 2.38 16 8200.00 19388.00
24/11/2016 2.51 2.51 2.95 2.90 284 185000.00 514707.00
25/11/2016 2.94 2.73 2.95 2.77 152 116700.00 323275.00
28/11/2016 2.77 2.77 2.91 2.79 36 39800.00 112731.00
29/11/2016 2.74 2.74 2.86 2.84 27 15700.00 44226.00
30/11/2016 2.86 2.83 3.07 3.07 133 123800.00 357539.00
01/12/2016 3.07 2.80 3.07 2.90 63 26200.00 76203.00
02/12/2016 2.73 2.70 2.83 2.77 36 14100.00 38845.00
05/12/2016 2.77 2.77 2.95 2.95 29 11000.00 31711.00
06/12/2016 2.95 2.90 3.06 3.02 125 145400.00 437992.00
07/12/2016 2.98 2.91 3.11 3.11 18 5100.00 15439.00
08/12/2016 3.05 2.95 3.17 2.95 43 16700.00 50489.00
09/12/2016 3.00 3.00 3.10 3.09 19 8800.00 26841.00
12/12/2016 3.11 3.05 3.11 3.10 20 8500.00 26233.00
13/12/2016 3.10 3.10 3.30 3.25 29 10900.00 34935.00
14/12/2016 3.35 3.25 3.60 3.50 70 32100.00 110727.00
15/12/2016 3.35 3.32 3.50 3.32 67 30700.00 105071.00
16/12/2016 3.33 3.30 3.55 3.30 26 5900.00 20250.00
19/12/2016 3.51 3.32 3.60 3.32 158 74600.00 258360.00
20/12/2016 3.38 3.31 3.43 3.38 31 7200.00 24356.00
21/12/2016 3.41 3.20 3.46 3.20 39 13500.00 44958.00
22/12/2016 3.28 3.27 3.45 3.44 33 8500.00 28705.00
23/12/2016 3.44 3.34 3.45 3.34 15 3800.00 12986.00
26/12/2016 3.43 3.40 3.51 3.40 9 1600.00 5516.00
27/12/2016 3.40 3.33 3.40 3.33 4 900.00 3036.00
28/12/2016 3.52 3.40 3.52 3.40 6 900.00 3112.00
29/12/2016 3.41 3.40 3.55 3.55 12 3200.00 11024.00
02/01/2017 3.55 3.55 3.80 3.80 69 47500.00 176831.00
03/01/2017 3.82 3.70 3.84 3.83 41 19200.00 72680.00
04/01/2017 3.80 3.71 3.80 3.72 11 2300.00 8608.00
05/01/2017 3.72 3.68 3.72 3.68 5 2700.00 9988.00
06/01/2017 3.65 3.43 3.65 3.50 15 3800.00 13419.00
09/01/2017 3.50 3.50 3.60 3.60 13 3800.00 13543.00
10/01/2017 3.59 3.43 3.60 3.45 19 5000.00 17608.00
11/01/2017 3.45 3.23 3.54 3.23 71 23800.00 79706.00
12/01/2017 3.47 3.21 3.50 3.21 46 16000.00 52894.00
13/01/2017 3.22 3.08 3.32 3.08 225 86200.00 270426.00
16/01/2017 3.13 3.00 3.17 3.07 41 17800.00 54736.00
17/01/2017 3.11 3.07 3.19 3.09 55 42400.00 133643.00
18/01/2017 3.09 3.05 3.11 3.05 60 33100.00 101659.00
19/01/2017 3.04 2.92 3.10 2.98 57 30300.00 90461.00
20/01/2017 3.07 2.99 3.07 2.99 16 6700.00 20179.00
23/01/2017 2.99 2.78 3.00 2.88 109 35500.00 101846.00
24/01/2017 2.93 2.82 2.95 2.85 82 146700.00 418629.00
26/01/2017 2.94 2.88 3.04 2.92 34 38100.00 114329.00
27/01/2017 2.92 2.91 2.95 2.91 28 11900.00 34806.00
30/01/2017 2.98 2.87 3.04 2.88 79 39900.00 118133.00
31/01/2017 2.88 2.80 2.98 2.98 58 57500.00 166889.00
01/02/2017 2.98 2.93 3.01 2.99 41 50700.00 151359.00
02/02/2017 2.99 2.93 3.18 3.13 84 48000.00 147835.00
03/02/2017 3.06 3.03 3.17 3.13 102 55200.00 169980.00
06/02/2017 3.15 3.15 3.30 3.20 73 44400.00 143356.00
07/02/2017 3.24 3.09 3.24 3.10 69 28500.00 89947.00
08/02/2017 3.09 3.09 3.29 3.29 14 6100.00 19398.00
09/02/2017 3.30 3.22 3.35 3.22 77 51000.00 168872.00
10/02/2017 3.29 3.22 3.43 3.43 100 51300.00 173713.00
13/02/2017 3.51 3.51 3.65 3.63 45 40000.00 143052.00
14/02/2017 3.77 3.50 3.77 3.50 45 30900.00 112171.00
15/02/2017 3.60 3.50 3.67 3.56 52 21300.00 76153.00
16/02/2017 3.64 3.50 3.64 3.50 19 7600.00 27025.00
17/02/2017 3.50 3.42 3.64 3.64 29 7800.00 27389.00
20/02/2017 3.64 3.55 3.77 3.75 90 54000.00 199939.00
21/02/2017 3.79 3.79 3.97 3.85 53 32600.00 125478.00
22/02/2017 4.00 3.55 4.00 3.65 96 37800.00 141004.00
23/02/2017 3.77 3.65 3.78 3.65 59 29200.00 109235.00
24/02/2017 3.75 3.61 3.90 3.89 80 32900.00 122974.00
01/03/2017 3.80 3.80 4.02 3.97 41 12100.00 47389.00
02/03/2017 3.99 3.70 3.99 3.84 52 16100.00 62636.00
03/03/2017 3.95 3.63 3.95 3.64 102 60200.00 221787.00
06/03/2017 3.65 3.35 3.69 3.56 93 41300.00 144466.00
07/03/2017 3.50 3.49 3.60 3.60 21 4500.00 16003.00
08/03/2017 3.50 3.43 3.63 3.63 40 23600.00 84637.00
09/03/2017 3.75 3.43 3.75 3.61 14 3700.00 13181.00
10/03/2017 3.69 3.59 3.78 3.76 117 75200.00 274679.00
13/03/2017 3.79 3.71 4.00 3.71 40 21000.00 81714.00
14/03/2017 3.82 3.71 3.89 3.80 49 20100.00 75917.00
15/03/2017 3.82 3.59 3.82 3.81 62 23400.00 85282.00
16/03/2017 3.66 3.55 3.70 3.55 67 27300.00 98521.00
17/03/2017 3.69 3.50 3.69 3.50 44 16200.00 57098.00
20/03/2017 3.56 3.35 3.65 3.65 18 8300.00 28357.00
21/03/2017 3.65 3.40 3.65 3.54 21 8700.00 30485.00
22/03/2017 3.63 3.44 3.63 3.50 23 5300.00 18628.00
23/03/2017 3.70 3.59 3.70 3.59 13 3800.00 13798.00
24/03/2017 3.59 3.25 3.59 3.33 63 22000.00 74418.00
27/03/2017 3.40 3.14 3.40 3.24 33 15100.00 48807.00
28/03/2017 3.35 3.30 3.45 3.45 27 10900.00 36543.00
29/03/2017 3.37 3.25 3.39 3.27 45 17600.00 58296.00
30/03/2017 3.27 3.25 3.35 3.34 22 6200.00 20371.00
31/03/2017 3.35 3.29 3.35 3.29 8 1800.00 6011.00
03/04/2017 3.28 3.20 3.35 3.35 30 19600.00 63311.00
04/04/2017 3.35 3.35 3.36 3.36 2 1000.00 3354.00
05/04/2017 3.27 3.20 3.32 3.32 9 4600.00 14893.00
06/04/2017 3.32 3.32 3.40 3.40 7 5400.00 18083.00
07/04/2017 3.33 3.27 3.33 3.27 6 5300.00 17465.00
10/04/2017 3.39 3.35 3.49 3.40 55 29300.00 100028.00
11/04/2017 3.35 3.33 3.47 3.47 43 22900.00 76739.00
12/04/2017 3.38 3.26 3.43 3.38 87 61800.00 204921.00
13/04/2017 3.35 3.35 3.47 3.37 55 41300.00 139881.00
17/04/2017 3.40 3.28 3.40 3.40 32 17900.00 60778.00
18/04/2017 3.45 3.30 3.45 3.30 75 44000.00 146132.00
19/04/2017 3.35 3.35 3.42 3.37 9 10900.00 37069.00
20/04/2017 3.37 3.37 3.50 3.50 24 32400.00 110462.00
24/04/2017 3.48 3.40 3.50 3.50 22 26400.00 92004.00
25/04/2017 3.49 3.41 3.49 3.48 4 500.00 1729.00
26/04/2017 3.49 3.43 3.49 3.48 10 7300.00 25392.00
27/04/2017 3.55 3.50 3.68 3.50 50 37100.00 132016.00
28/04/2017 3.58 3.53 3.75 3.53 54 19900.00 72354.00
02/05/2017 3.67 3.67 4.19 4.01 250 140900.00 565680.00
03/05/2017 4.00 3.83 4.09 3.95 97 41500.00 162730.00
04/05/2017 3.81 3.75 3.90 3.85 15 4000.00 15268.00
05/05/2017 3.83 3.79 4.00 3.95 30 10100.00 38999.00
08/05/2017 3.95 3.95 4.15 4.14 73 25200.00 101596.00
09/05/2017 4.09 3.96 4.14 3.98 37 13400.00 54390.00
10/05/2017 4.01 3.99 4.07 4.00 21 10500.00 42183.00
11/05/2017 3.96 3.81 3.96 3.85 18 8300.00 32152.00
12/05/2017 3.85 3.75 3.88 3.75 27 8500.00 32473.00
15/05/2017 3.70 3.68 4.00 3.80 26 7200.00 27393.00
16/05/2017 3.80 3.80 3.97 3.97 11 4100.00 15829.00
17/05/2017 3.88 3.80 3.88 3.80 27 9000.00 34272.00
18/05/2017 2.82 2.82 3.70 3.60 70 48300.00 166097.00
19/05/2017 3.57 3.45 3.58 3.48 31 13500.00 47602.00
22/05/2017 3.41 3.15 3.41 3.26 43 15000.00 48446.00
23/05/2017 3.34 3.20 3.34 3.20 15 15000.00 49019.00
24/05/2017 3.37 3.25 3.37 3.27 8 2200.00 7252.00
25/05/2017 3.25 3.25 3.29 3.25 26 13600.00 44485.00
26/05/2017 3.26 3.21 3.27 3.26 21 10000.00 32498.00
29/05/2017 3.21 3.21 3.38 3.38 11 7300.00 23685.00
30/05/2017 3.25 3.21 3.38 3.22 112 53300.00 172885.00
31/05/2017 3.20 3.20 3.30 3.27 29 11800.00 38075.00
01/06/2017 3.27 3.20 3.27 3.20 5 2000.00 6423.00
02/06/2017 3.28 3.27 3.32 3.30 22 9900.00 32459.00
05/06/2017 3.32 3.27 3.32 3.31 21 14300.00 47015.00
06/06/2017 3.20 3.18 3.28 3.18 25 18500.00 60017.00
07/06/2017 3.30 3.25 3.30 3.30 16 6400.00 21072.00
08/06/2017 3.20 3.19 3.30 3.30 6 2400.00 7714.00
09/06/2017 3.25 3.25 3.33 3.33 5 1300.00 4234.00
12/06/2017 3.31 3.31 3.48 3.48 79 20900.00 70687.00
13/06/2017 3.48 3.33 3.48 3.39 26 7300.00 24788.00
14/06/2017 3.42 3.37 3.50 3.40 27 11400.00 39153.00
16/06/2017 3.37 3.30 3.37 3.30 31 11100.00 37235.00
