08/12/2016 30.20 30.20 30.20 30.20 1 75.00 5178150.00
12/12/2016 30.40 30.40 30.40 30.40 1 14.00 948416.00
15/12/2016 30.10 29.51 30.10 29.51 6 330.00 22548853.00
19/12/2016 29.00 29.00 29.00 29.00 3 31.00 2108020.00
20/12/2016 28.95 28.00 28.95 28.30 4 71.00 4793620.00
21/12/2016 28.00 27.70 28.10 28.10 3 257.00 17252668.00
22/12/2016 29.20 29.20 29.20 29.20 4 20.00 1331960.00
23/12/2016 29.12 29.12 29.80 29.25 8 34.00 2237214.00
26/12/2016 29.30 29.00 29.30 29.30 58 717.00 47239834.00
27/12/2016 29.00 28.65 29.15 29.00 46 803.00 52945846.00
28/12/2016 28.80 28.01 29.00 28.90 72 2139.00 140807932.00
29/12/2016 28.50 28.00 31.00 31.00 22 204.00 13358050.00
