30/09/2016 3330.00 3330.00 3330.00 3330.00 3 30.00 999000.00
03/10/2016 3319.50 3296.50 3319.50 3296.50 5 40.00 1323200.00
04/10/2016 3319.00 3319.00 3330.00 3330.00 5 43.00 1429570.00
05/10/2016 3310.00 3310.00 3310.00 3310.00 2 20.00 662000.00
13/10/2016 3280.50 3250.00 3290.00 3250.00 14 100.00 3273700.00
14/10/2016 3249.00 3249.00 3270.00 3263.00 14 76.00 2476020.00
19/10/2016 3240.50 3240.00 3240.50 3240.00 9 40.00 1296100.00
20/10/2016 3220.00 3205.50 3220.00 3207.00 8 38.00 1221245.00
21/10/2016 3220.50 3220.50 3230.00 3230.00 4 8.00 257830.00
24/10/2016 3185.50 3185.50 3185.50 3185.50 3 20.00 637100.00
25/10/2016 3171.00 3170.00 3190.00 3180.00 19 172.00 5469050.00
26/10/2016 3190.00 3180.00 3210.00 3200.00 9 121.00 3866060.00
27/10/2016 3195.00 3190.00 3230.00 3230.00 9 107.00 3431150.00
28/10/2016 3240.50 3237.00 3250.00 3239.00 8 23.00 745345.00
31/10/2016 3235.00 3224.00 3250.00 3250.00 11 69.00 2236170.00
01/11/2016 3245.00 3245.00 3312.50 3293.00 22 49.00 1605355.00
03/11/2016 3287.50 3280.00 3310.00 3294.50 25 207.00 6816020.00
04/11/2016 3320.00 3273.00 3320.00 3296.50 25 74.00 2433685.00
07/11/2016 3260.00 3246.00 3266.00 3255.00 26 117.00 3809325.00
08/11/2016 3265.00 3216.00 3265.00 3220.00 34 150.00 4848025.00
09/11/2016 3289.00 3245.00 3293.00 3275.00 62 110.00 3607630.00
10/11/2016 3250.00 3250.00 3436.00 3427.00 100 315.00 10554735.00
11/11/2016 3508.00 3450.00 3550.00 3455.00 58 268.00 9432830.00
14/11/2016 3475.00 3475.00 3516.00 3487.00 16 20.00 697725.00
16/11/2016 3455.00 3455.00 3478.00 3478.00 33 56.00 1942330.00
17/11/2016 3450.00 3439.00 3475.00 3470.00 35 90.00 3106270.00
18/11/2016 3472.00 3420.00 3472.00 3425.00 18 87.00 2984450.00
21/11/2016 3412.50 3380.00 3412.50 3398.00 40 151.00 5130665.00
22/11/2016 3390.00 3370.00 3400.00 3395.00 39 127.00 4305195.00
23/11/2016 3392.00 3392.00 3455.50 3431.00 70 166.00 5684115.00
24/11/2016 3435.00 3426.00 3447.00 3438.50 22 35.00 1202300.00
25/11/2016 3460.00 3445.50 3500.00 3446.00 150 328.00 11380955.00
28/11/2016 3438.00 3420.00 3453.00 3424.00 511 672.00 23085645.00
29/11/2016 3421.50 3415.00 3447.00 3430.00 1056 2354.00 80860535.00
30/11/2016 3433.50 3407.50 3439.00 3412.50 189807 462469.00 15838072660.00
01/12/2016 3422.50 3412.50 3509.00 3498.00 248779 613745.00 21324597985.00
02/12/2016 3498.00 3475.00 3522.50 3507.00 222395 509892.00 17823828855.00
05/12/2016 3505.00 3444.50 3509.50 3448.50 156693 360656.00 12546066005.00
06/12/2016 3477.50 3423.00 3494.00 3435.50 211001 518100.00 17924470420.00
07/12/2016 3413.50 3402.00 3444.00 3407.50 191944 450537.00 15407130325.00
08/12/2016 3400.00 3392.50 3439.50 3393.50 184909 446016.00 15232008990.00
09/12/2016 3407.00 3371.00 3431.00 3400.50 174810 416005.00 14141122515.00
12/12/2016 3415.00 3353.50 3427.00 3353.50 175683 404884.00 13706832130.00
13/12/2016 3368.50 3334.50 3383.00 3351.50 162544 376003.00 12609669375.00
14/12/2016 3358.00 3318.00 3388.50 3387.50 186634 461021.00 15418639245.00
15/12/2016 3406.50 3377.50 3423.00 3388.50 226895 546327.00 18563117015.00
16/12/2016 3384.50 3357.00 3425.50 3406.00 176175 409411.00 13888184850.00
19/12/2016 3404.00 3373.00 3415.00 3373.50 159260 376770.00 12769143245.00
20/12/2016 3381.50 3348.50 3387.00 3363.00 153353 363724.00 12243002455.00
21/12/2016 3361.00 3331.00 3363.00 3338.00 125898 302790.00 10116910930.00
22/12/2016 3345.00 3291.00 3355.50 3293.00 155474 408029.00 13589841355.00
23/12/2016 3291.50 3264.50 3298.50 3278.00 101405 265034.00 8687353115.00
26/12/2016 3274.50 3268.00 3291.00 3284.00 32268 98797.00 3240659440.00
27/12/2016 3288.00 3272.50 3293.00 3273.00 93089 238534.00 7829521570.00
28/12/2016 3276.00 3267.50 3297.50 3285.50 93743 247302.00 8113634945.00
29/12/2016 3274.00 3254.00 3275.00 3259.00 18562 55546.00 1810957220.00
