07/10/2016 3353.00 3353.00 3353.00 3353.00 1 5.00 167650.00
27/12/2016 3315.00 3315.00 3315.00 3315.00 2 20.00 663000.00
29/12/2016 3322.00 3305.50 3322.00 3305.50 4 24.00 796110.00
02/01/2017 3335.00 3335.00 3345.00 3339.00 6 6.00 200350.00
03/01/2017 3345.00 3300.00 3345.00 3314.00 12 28.00 927685.00
04/01/2017 3313.50 3266.00 3313.50 3266.00 29 43.00 1408615.00
05/01/2017 3265.00 3240.00 3280.00 3245.00 36 135.00 4392480.00
06/01/2017 3247.00 3230.00 3269.00 3269.00 17 18.00 585460.00
09/01/2017 3263.00 3240.00 3268.00 3247.00 14 31.00 1006505.00
10/01/2017 3230.00 3228.00 3240.00 3238.00 7 9.00 291260.00
11/01/2017 3247.00 3229.50 3270.00 3237.00 55 211.00 6856520.00
12/01/2017 3205.00 3195.00 3229.00 3228.00 38 56.00 1798870.00
13/01/2017 3220.00 3220.00 3261.50 3261.50 38 77.00 2494125.00
16/01/2017 3270.00 3251.00 3285.00 3285.00 26 44.00 1438985.00
17/01/2017 3263.00 3243.50 3263.00 3247.00 14 22.00 715530.00
18/01/2017 3256.00 3253.50 3265.00 3265.00 16 16.00 521345.00
19/01/2017 3262.00 3230.00 3265.00 3232.00 32 88.00 2852210.00
20/01/2017 3223.00 3210.00 3232.00 3220.00 22 27.00 869715.00
23/01/2017 3190.00 3188.00 3214.00 3195.50 30 30.00 958345.00
24/01/2017 3196.00 3189.50 3200.00 3200.00 9 18.00 575700.00
26/01/2017 3197.00 3197.00 3218.50 3199.50 98 324.00 10386795.00
27/01/2017 3195.00 3164.50 3196.00 3165.50 385 837.00 26628230.00
30/01/2017 3165.50 3137.50 3178.00 3149.00 1954 3794.00 119536045.00
31/01/2017 3152.00 3125.00 3179.00 3170.00 194721 518933.00 16359656860.00
01/02/2017 3167.50 3146.50 3184.00 3151.50 170494 470044.00 14892586530.00
02/02/2017 3135.00 3128.00 3150.00 3145.00 160422 440488.00 13828530085.00
03/02/2017 3149.00 3124.00 3158.00 3144.50 158953 456948.00 14343259080.00
06/02/2017 3137.00 3125.00 3145.00 3132.00 124152 339349.00 10642944805.00
07/02/2017 3146.00 3134.00 3153.50 3139.00 126819 361183.00 11357815655.00
08/02/2017 3136.00 3128.00 3145.00 3134.00 120686 346476.00 10870792710.00
09/02/2017 3136.00 3127.50 3147.50 3143.00 122547 358346.00 11241352295.00
10/02/2017 3139.00 3119.00 3140.50 3123.50 131249 387797.00 12127426415.00
13/02/2017 3123.00 3119.00 3135.00 3123.50 102062 289380.00 9048970880.00
14/02/2017 3129.00 3091.50 3138.00 3096.50 189086 609961.00 19003735875.00
15/02/2017 3097.00 3061.00 3103.50 3061.00 180116 541519.00 16693463600.00
16/02/2017 3062.00 3047.00 3097.00 3095.00 180175 524086.00 16080652575.00
17/02/2017 3103.00 3085.00 3113.50 3112.00 159765 474320.00 14706871155.00
20/02/2017 3105.50 3088.00 3111.50 3092.50 76079 234630.00 7265711595.00
21/02/2017 3101.00 3090.50 3111.50 3096.00 153845 462072.00 14322997395.00
22/02/2017 3099.00 3060.00 3099.00 3068.00 142849 440936.00 13591613515.00
23/02/2017 3069.00 3054.00 3080.50 3067.50 154962 481542.00 14763316440.00
24/02/2017 3076.00 3071.50 3101.00 3099.50 24938 82333.00 2540408795.00
