11/08/2016 3366.00 3366.00 3366.00 3366.00 1 5.00 168300.00
13/09/2016 3502.00 3502.00 3502.00 3502.00 2 5.00 175100.00
10/01/2017 3273.50 3273.50 3273.50 3273.50 1 1.00 32735.00
12/01/2017 3254.00 3235.00 3254.00 3246.00 3 3.00 97350.00
31/01/2017 3201.50 3201.50 3201.50 3201.50 1 1.00 32015.00
01/02/2017 3189.50 3176.00 3210.00 3178.00 48 129.00 4112525.00
02/02/2017 3166.00 3160.00 3171.00 3165.00 38 38.00 1202885.00
03/02/2017 3180.00 3150.00 3183.00 3170.00 22 23.00 727800.00
06/02/2017 3168.00 3168.00 3182.00 3170.00 7 18.00 570900.00
07/02/2017 3173.00 3165.00 3173.00 3165.00 6 10.00 316875.00
08/02/2017 3166.00 3160.00 3166.00 3160.00 6 7.00 221430.00
09/02/2017 3164.00 3163.00 3170.00 3170.00 7 7.00 221615.00
10/02/2017 3163.00 3150.00 3163.00 3150.00 6 15.00 473270.00
13/02/2017 3157.00 3150.00 3160.00 3151.00 8 9.00 283990.00
14/02/2017 3137.00 3130.00 3160.00 3130.00 47 152.00 4784045.00
15/02/2017 3113.00 3092.00 3128.50 3099.50 35 122.00 3798335.00
16/02/2017 3096.00 3076.50 3127.00 3120.00 65 125.00 3877760.00
17/02/2017 3115.00 3115.00 3138.00 3129.00 55 91.00 2846690.00
20/02/2017 3122.00 3115.50 3131.00 3118.50 133 164.00 5118635.00
21/02/2017 3125.50 3118.50 3138.00 3129.00 135 143.00 4469430.00
22/02/2017 3119.50 3093.00 3119.50 3093.00 302 563.00 17494545.00
23/02/2017 3095.00 3080.00 3106.00 3093.00 2823 5524.00 170716760.00
24/02/2017 3102.00 3097.00 3145.00 3141.50 185230 455445.00 14233082840.00
01/03/2017 3146.00 3114.50 3149.00 3117.00 72748 216172.00 6761529875.00
02/03/2017 3124.50 3122.00 3183.50 3182.00 177258 580615.00 18290093640.00
03/03/2017 3179.50 3135.50 3186.50 3143.00 208267 582964.00 18415894925.00
06/03/2017 3146.00 3123.50 3164.00 3161.00 147210 419466.00 13171118360.00
07/03/2017 3151.50 3134.00 3154.00 3142.00 138639 398193.00 12511324625.00
08/03/2017 3152.00 3146.50 3202.50 3183.00 200166 595320.00 18902399185.00
09/03/2017 3195.00 3180.50 3219.50 3214.50 207195 626897.00 20049732300.00
10/03/2017 3202.50 3156.00 3206.00 3157.00 215333 640696.00 20368026705.00
13/03/2017 3151.00 3148.00 3178.00 3170.50 143388 455995.00 14450475020.00
14/03/2017 3179.00 3174.50 3199.00 3184.00 165260 497168.00 15829480405.00
15/03/2017 3181.00 3113.00 3193.00 3118.50 227619 691279.00 21846124010.00
16/03/2017 3133.50 3106.00 3136.50 3134.00 190082 532500.00 16631565075.00
17/03/2017 3120.50 3099.00 3139.50 3105.00 158123 438060.00 13660406795.00
20/03/2017 3108.50 3078.50 3127.00 3083.00 164148 464936.00 14408237170.00
21/03/2017 3081.50 3070.50 3104.50 3098.50 207900 620341.00 19157989115.00
22/03/2017 3112.00 3091.00 3118.50 3096.50 191653 596979.00 18527569540.00
23/03/2017 3104.50 3101.00 3153.00 3148.00 203093 603009.00 18894437015.00
24/03/2017 3144.00 3110.50 3157.00 3115.50 193011 597182.00 18697234095.00
27/03/2017 3121.50 3117.00 3144.50 3130.50 179504 556051.00 17423329315.00
28/03/2017 3135.00 3126.00 3148.50 3144.50 164838 501138.00 15722116890.00
29/03/2017 3137.00 3115.00 3140.50 3123.50 149177 439512.00 13735069605.00
30/03/2017 3123.50 3120.50 3155.00 3151.00 171638 555032.00 17385910850.00
31/03/2017 3155.00 3149.50 3174.50 3168.00 15544 43847.00 1387183345.00
