01/12/2016 3600.00 3600.00 3605.00 3605.00 7 18.00 648050.00
28/12/2016 3390.00 3390.00 3390.00 3390.00 2 2.00 67800.00
29/12/2016 3375.00 3375.00 3375.00 3375.00 2 2.00 67500.00
03/01/2017 3374.00 3374.00 3374.00 3374.00 14 20.00 674800.00
16/02/2017 3137.50 3137.50 3140.00 3140.00 2 21.00 659375.00
17/02/2017 3150.50 3150.50 3150.50 3150.50 2 20.00 630100.00
22/02/2017 3130.00 3120.00 3130.00 3120.00 4 40.00 1250000.00
23/02/2017 3128.00 3110.00 3128.00 3110.00 5 6.00 186850.00
24/02/2017 3124.00 3123.00 3159.50 3159.00 48 119.00 3742950.00
01/03/2017 3156.00 3136.00 3156.00 3136.00 17 31.00 973980.00
02/03/2017 3155.00 3149.50 3200.00 3200.00 45 132.00 4200245.00
03/03/2017 3193.00 3150.50 3200.00 3160.00 71 233.00 7393585.00
06/03/2017 3163.00 3145.00 3174.00 3174.00 25 26.00 821240.00
07/03/2017 3164.00 3155.00 3174.00 3156.00 23 24.00 758910.00
08/03/2017 3170.00 3170.00 3220.00 3207.00 64 191.00 6119190.00
09/03/2017 3216.00 3201.00 3235.50 3231.00 34 44.00 1415885.00
10/03/2017 3212.50 3178.00 3219.00 3183.00 43 136.00 4347865.00
13/03/2017 3175.00 3175.00 3198.00 3187.00 14 17.00 542055.00
14/03/2017 3203.00 3198.00 3216.50 3211.00 13 14.00 449160.00
15/03/2017 3195.50 3142.00 3203.00 3143.00 29 89.00 2827280.00
16/03/2017 3130.00 3130.00 3150.00 3147.00 7 7.00 219955.00
17/03/2017 3135.50 3120.00 3143.00 3120.00 9 13.00 406985.00
20/03/2017 3145.00 3101.00 3145.00 3102.00 11 16.00 498655.00
21/03/2017 3100.00 3090.00 3123.50 3120.00 28 205.00 6371825.00
22/03/2017 3124.00 3110.00 3133.00 3120.00 21 92.00 2873480.00
23/03/2017 3130.00 3130.00 3170.00 3170.00 14 118.00 3717350.00
24/03/2017 3173.00 3121.00 3175.00 3121.00 52 198.00 6224550.00
27/03/2017 3140.00 3139.00 3162.00 3150.00 122 277.00 8732820.00
28/03/2017 3150.00 3147.00 3165.00 3163.50 154 493.00 15564220.00
29/03/2017 3156.50 3134.00 3157.00 3143.00 680 2314.00 72718685.00
30/03/2017 3141.50 3139.00 3173.00 3169.00 3765 8547.00 269592895.00
31/03/2017 3172.00 3140.50 3197.50 3140.50 206108 591222.00 18751498665.00
03/04/2017 3152.00 3129.00 3153.50 3133.50 133687 381032.00 11951382530.00
04/04/2017 3152.50 3110.00 3155.00 3111.50 168053 469816.00 14732022025.00
05/04/2017 3104.00 3098.00 3141.50 3136.00 198295 594312.00 18492214690.00
06/04/2017 3137.00 3124.00 3167.00 3158.50 204590 585472.00 18384804545.00
07/04/2017 3158.00 3133.50 3174.00 3161.50 200921 581150.00 18301883830.00
10/04/2017 3163.00 3143.50 3164.00 3145.00 137220 409286.00 12909407840.00
11/04/2017 3145.50 3137.50 3167.50 3150.00 206569 590013.00 18603107580.00
12/04/2017 3159.00 3132.00 3169.50 3139.00 193735 589199.00 18604157510.00
13/04/2017 3146.50 3126.50 3159.50 3154.50 167755 482716.00 15170755900.00
17/04/2017 3116.00 3102.50 3123.00 3107.50 142696 395081.00 12299356260.00
18/04/2017 3117.50 3095.50 3131.00 3115.50 186779 535510.00 16655048010.00
19/04/2017 3121.50 3116.50 3161.50 3157.50 185021 568386.00 17842166385.00
20/04/2017 3146.50 3139.00 3176.00 3154.00 185362 573555.00 18097642770.00
24/04/2017 3127.50 3123.00 3139.50 3133.00 130359 376658.00 11796661305.00
25/04/2017 3144.00 3142.50 3172.50 3150.50 180399 575748.00 18194070910.00
26/04/2017 3164.50 3160.50 3209.50 3173.50 233422 705220.00 22474770150.00
27/04/2017 3161.00 3157.00 3190.00 3184.50 161825 488617.00 15514818930.00
28/04/2017 3184.50 3173.00 3208.50 3199.00 16791 45537.00 1453629530.00
