30/11/2016 3590.00 3589.00 3590.00 3589.00 2 8.00 287160.00
10/01/2017 3344.50 3344.50 3344.50 3344.50 1 4.00 133780.00
11/01/2017 3367.50 3367.50 3368.00 3368.00 2 6.00 202060.00
02/02/2017 3227.00 3227.00 3227.00 3227.00 1 4.00 129080.00
06/02/2017 3216.50 3216.50 3228.00 3228.00 2 2.00 64445.00
14/02/2017 3200.00 3200.00 3220.00 3220.00 3 3.00 96200.00
17/02/2017 3191.00 3191.00 3191.00 3191.00 1 1.00 31910.00
22/02/2017 3170.00 3170.00 3170.00 3170.00 1 1.00 31700.00
01/03/2017 3216.00 3216.00 3216.00 3216.00 1 1.00 32160.00
02/03/2017 3210.00 3210.00 3245.00 3245.00 2 2.00 64550.00
03/03/2017 3221.00 3221.00 3221.00 3221.00 1 1.00 32210.00
15/03/2017 3220.00 3220.00 3220.00 3220.00 1 1.00 32200.00
22/03/2017 3170.50 3170.50 3170.50 3170.50 2 6.00 190230.00
04/04/2017 3165.00 3165.00 3165.00 3165.00 1 1.00 31650.00
05/04/2017 3160.00 3160.00 3160.00 3160.00 5 21.00 663600.00
06/04/2017 3210.00 3210.00 3210.00 3210.00 4 20.00 642000.00
07/04/2017 3190.00 3180.50 3210.00 3210.00 12 85.00 2716725.00
10/04/2017 3191.00 3190.00 3200.50 3190.00 11 101.00 3226330.00
12/04/2017 3210.00 3200.00 3210.00 3200.00 4 40.00 1282000.00
17/04/2017 3160.00 3150.00 3162.50 3160.00 11 122.00 3851780.00
18/04/2017 3159.00 3159.00 3170.00 3160.00 6 38.00 1202840.00
19/04/2017 3169.50 3169.50 3200.00 3200.00 18 110.00 3501850.00
20/04/2017 3210.00 3200.00 3210.00 3200.00 6 22.00 706050.00
24/04/2017 3173.00 3169.50 3180.00 3175.00 10 192.00 6093525.00
25/04/2017 3200.50 3200.00 3210.00 3200.00 7 65.00 2082125.00
28/04/2017 3230.00 3230.00 3230.00 3230.00 1 2.00 64600.00
03/05/2017 3192.50 3192.50 3192.50 3192.50 1 5.00 159625.00
04/05/2017 3229.00 3229.00 3229.00 3229.00 1 5.00 161450.00
08/05/2017 3229.00 3229.00 3239.00 3239.00 5 6.00 194040.00
09/05/2017 3226.00 3226.00 3226.00 3226.00 1 2.00 64520.00
10/05/2017 3205.50 3200.50 3206.00 3200.50 5 10.00 320460.00
12/05/2017 3185.00 3162.00 3185.00 3165.00 8 63.00 1996640.00
16/05/2017 3126.00 3126.00 3126.00 3126.00 1 4.00 125040.00
17/05/2017 3144.00 3143.50 3170.00 3170.00 20 26.00 821975.00
18/05/2017 3345.00 3345.00 3410.00 3403.00 22 48.00 1620015.00
19/05/2017 3337.50 3286.50 3337.50 3286.50 15 114.00 3772925.00
22/05/2017 3316.00 3300.00 3316.00 3300.00 5 6.00 198550.00
23/05/2017 3320.00 3290.00 3320.00 3300.00 16 304.00 10036905.00
24/05/2017 3280.00 3280.00 3312.50 3311.00 49 467.00 15395540.00
25/05/2017 3294.00 3294.00 3323.50 3303.50 69 166.00 5495250.00
26/05/2017 3288.00 3279.00 3298.50 3286.00 1174 1552.00 50973240.00
29/05/2017 3289.50 3284.50 3300.00 3284.50 301 709.00 23358925.00
30/05/2017 3294.00 3281.00 3299.00 3282.50 3630 5358.00 176198960.00
31/05/2017 3281.50 3247.50 3282.50 3249.50 195678 559970.00 18297445115.00
01/06/2017 3254.00 3237.50 3277.00 3274.00 205129 617030.00 20104059410.00
02/06/2017 3270.50 3242.00 3280.00 3267.00 197903 580734.00 18948025180.00
05/06/2017 3273.00 3268.50 3319.00 3318.50 194575 576979.00 19035652605.00
06/06/2017 3320.00 3292.00 3321.50 3297.50 185612 560949.00 18527673910.00
07/06/2017 3300.50 3283.00 3304.50 3287.50 177898 509295.00 16774539310.00
08/06/2017 3293.00 3277.00 3306.00 3278.00 163023 462118.00 15233991575.00
09/06/2017 3280.00 3272.00 3314.50 3311.50 190376 531937.00 17506576720.00
12/06/2017 3303.00 3291.50 3342.00 3332.00 191406 551242.00 18289231175.00
13/06/2017 3325.00 3314.00 3347.50 3328.50 233922 675282.00 22474228920.00
14/06/2017 3322.00 3277.00 3326.50 3287.00 267018 753615.00 24854927665.00
16/06/2017 3300.00 3291.00 3308.50 3305.00 166814 475181.00 15678577385.00
