01/06/2016 3665.50 3650.00 3683.50 3650.00 9 9.00 329335.00
02/06/2016 3664.00 3642.50 3667.00 3642.50 3 7.00 255435.00
03/06/2016 3645.00 3603.00 3645.00 3603.00 9 13.00 471635.00
06/06/2016 3574.50 3574.50 3574.50 3574.50 1 1.00 35745.00
07/06/2016 3560.50 3500.00 3567.00 3500.00 9 23.00 807915.00
08/06/2016 3480.00 3420.00 3480.00 3421.00 17 27.00 928470.00
09/06/2016 3420.00 3414.50 3450.00 3450.00 44 211.00 7235955.00
10/06/2016 3460.50 3460.50 3495.00 3470.00 32 173.00 6020870.00
13/06/2016 3480.00 3480.00 3530.00 3530.00 36 90.00 3155220.00
14/06/2016 3548.00 3506.00 3548.00 3530.50 24 26.00 917395.00
15/06/2016 3519.50 3489.00 3536.50 3518.50 106 198.00 6943660.00
16/06/2016 3534.00 3505.00 3541.00 3505.00 21 27.00 950860.00
17/06/2016 3490.00 3462.00 3490.00 3463.00 17 62.00 2157510.00
20/06/2016 3425.00 3416.50 3450.00 3438.00 21 95.00 3261510.00
21/06/2016 3395.50 3395.50 3450.00 3450.00 63 291.00 9976690.00
22/06/2016 3435.00 3405.00 3435.00 3415.00 36 129.00 4410610.00
23/06/2016 3379.00 3375.00 3402.00 3377.00 206 390.00 13232670.00
24/06/2016 3471.00 3389.50 3480.00 3404.50 188 387.00 13264170.00
27/06/2016 3430.50 3406.50 3444.50 3424.00 204 347.00 11895620.00
28/06/2016 3391.00 3318.00 3391.00 3328.00 714 1240.00 41533880.00
29/06/2016 3310.00 3250.00 3310.00 3250.00 2758 3656.00 119672965.00
30/06/2016 3264.50 3208.50 3272.50 3240.00 200384 432997.00 14019584620.00
01/07/2016 3256.50 3222.00 3274.00 3268.00 193855 413446.00 13435669930.00
04/07/2016 3263.00 3260.50 3299.00 3299.00 78387 174498.00 5719108075.00
05/07/2016 3321.50 3302.50 3333.00 3330.50 180885 374657.00 12431858340.00
06/07/2016 3341.50 3338.00 3368.00 3352.50 195162 406525.00 13626469455.00
07/07/2016 3363.00 3344.00 3397.00 3397.00 182259 379704.00 12783206955.00
08/07/2016 3353.50 3305.00 3365.00 3321.00 196895 404751.00 13459097525.00
11/07/2016 3326.00 3313.00 3340.00 3333.00 140410 280488.00 9326152050.00
12/07/2016 3310.00 3284.50 3319.50 3316.50 170465 354650.00 11697754190.00
13/07/2016 3318.50 3281.50 3326.50 3282.00 164238 348626.00 11521323780.00
14/07/2016 3263.00 3233.00 3276.50 3267.00 155886 327844.00 10659034420.00
15/07/2016 3269.50 3257.50 3300.00 3297.50 171897 357545.00 11720379290.00
18/07/2016 3275.00 3260.50 3288.00 3270.00 132497 270111.00 8837929480.00
19/07/2016 3281.00 3260.00 3297.00 3260.00 144765 309807.00 10177074175.00
20/07/2016 3265.00 3250.00 3274.50 3267.50 148980 320447.00 10454815450.00
21/07/2016 3258.50 3252.00 3298.50 3282.00 169691 370471.00 12134929640.00
22/07/2016 3285.00 3261.00 3304.50 3265.00 153935 350931.00 11536293715.00
25/07/2016 3270.50 3261.50 3302.50 3296.00 132950 298052.00 9800185920.00
26/07/2016 3297.00 3272.50 3299.00 3281.00 145728 323332.00 10611879560.00
27/07/2016 3281.50 3261.50 3299.00 3262.00 171152 387107.00 12706362590.00
28/07/2016 3272.00 3264.00 3300.00 3291.00 158548 336362.00 11029670035.00
29/07/2016 3290.00 3236.00 3291.00 3239.50 12542 37168.00 1211177710.00
