03/06/2016 3659.50 3659.50 3660.00 3660.00 2 7.00 256195.00
27/06/2016 3488.50 3488.50 3488.50 3488.50 1 1.00 34885.00
30/06/2016 3291.50 3291.50 3291.50 3291.50 1 1.00 32915.00
05/07/2016 3371.00 3371.00 3384.00 3384.00 2 2.00 67550.00
06/07/2016 3404.00 3404.00 3404.00 3404.00 1 3.00 102120.00
08/07/2016 3377.50 3377.50 3377.50 3377.50 1 2.00 67550.00
11/07/2016 3390.00 3382.00 3390.00 3385.00 4 7.00 236990.00
12/07/2016 3350.00 3350.00 3355.50 3355.50 3 6.00 201165.00
13/07/2016 3370.00 3370.00 3370.00 3370.00 2 4.00 134800.00
14/07/2016 3332.50 3332.50 3332.50 3332.50 1 1.00 33325.00
18/07/2016 3340.00 3340.00 3340.00 3340.00 1 1.00 33400.00
19/07/2016 3353.00 3353.00 3355.00 3355.00 2 2.00 67080.00
21/07/2016 3322.00 3322.00 3348.00 3348.00 2 2.00 66700.00
28/07/2016 3337.00 3337.00 3350.00 3350.00 3 19.00 634290.00
29/07/2016 3324.50 3324.50 3324.50 3324.50 1 2.00 66490.00
01/08/2016 3320.00 3320.00 3335.00 3333.00 10 12.00 399470.00
02/08/2016 3319.00 3305.00 3332.00 3326.00 13 17.00 564170.00
03/08/2016 3333.00 3300.00 3350.50 3300.00 129 168.00 5593955.00
04/08/2016 3295.00 3258.00 3299.50 3260.00 125 665.00 21787605.00
05/08/2016 3240.00 3220.00 3250.00 3222.00 77 386.00 12485455.00
08/08/2016 3224.00 3219.00 3244.00 3227.00 44 255.00 8241350.00
09/08/2016 3225.00 3181.50 3225.00 3194.50 13 36.00 1151810.00
10/08/2016 3173.00 3165.00 3191.50 3174.00 29 63.00 2004940.00
11/08/2016 3187.00 3181.00 3201.00 3184.00 28 64.00 2040350.00
12/08/2016 3210.00 3196.00 3241.00 3240.50 42 87.00 2802870.00
15/08/2016 3220.50 3205.00 3234.00 3231.00 48 106.00 3410870.00
16/08/2016 3220.00 3205.00 3250.00 3250.00 51 136.00 4385790.00
17/08/2016 3256.50 3243.50 3278.00 3249.00 95 163.00 5311655.00
18/08/2016 3260.00 3246.00 3288.50 3284.50 65 97.00 3175215.00
19/08/2016 3272.00 3247.00 3278.00 3247.00 45 101.00 3294950.00
22/08/2016 3255.00 3240.50 3266.00 3240.50 43 89.00 2895570.00
23/08/2016 3240.50 3224.50 3275.00 3275.00 159 297.00 9669245.00
24/08/2016 3275.00 3257.00 3287.00 3260.00 108 316.00 10332845.00
25/08/2016 3250.00 3250.00 3273.50 3271.00 116 209.00 6825620.00
26/08/2016 3259.00 3229.50 3310.00 3305.00 427 682.00 22296520.00
29/08/2016 3299.50 3263.00 3325.00 3264.00 798 1011.00 33224895.00
30/08/2016 3272.50 3251.00 3294.00 3275.00 2258 3550.00 116362300.00
31/08/2016 3257.50 3246.00 3287.00 3254.00 181776 433571.00 14159321495.00
01/09/2016 3248.50 3247.00 3291.00 3286.00 147212 361233.00 11822883775.00
02/09/2016 3277.50 3249.50 3299.00 3280.00 185910 454545.00 14863702970.00
05/09/2016 3277.50 3272.50 3312.00 3307.00 76137 190899.00 6290313920.00
06/09/2016 3300.50 3218.00 3307.50 3218.00 195794 472463.00 15408851685.00
08/09/2016 3214.50 3189.00 3241.50 3236.00 240140 591433.00 19016153345.00
09/09/2016 3249.00 3246.50 3304.50 3290.00 220285 524532.00 17230538385.00
12/09/2016 3317.00 3260.50 3329.50 3263.50 227402 528530.00 17428549660.00
13/09/2016 3282.00 3279.00 3351.00 3334.00 250967 608988.00 20225656870.00
14/09/2016 3321.00 3315.00 3366.50 3362.00 248303 571565.00 19115972650.00
15/09/2016 3349.50 3309.00 3383.50 3320.00 245958 616805.00 20633426690.00
16/09/2016 3326.00 3276.00 3336.00 3280.00 220609 530274.00 17557527460.00
19/09/2016 3274.00 3265.50 3291.50 3285.00 135487 328037.00 10756974575.00
20/09/2016 3277.00 3255.50 3284.00 3267.00 146242 360323.00 11772935230.00
21/09/2016 3250.50 3213.50 3258.00 3213.50 168993 421919.00 13675226655.00
22/09/2016 3200.00 3189.00 3236.00 3227.00 171727 447560.00 14374625520.00
23/09/2016 3216.50 3208.00 3258.50 3250.00 155257 406895.00 13150857800.00
26/09/2016 3255.00 3228.00 3258.00 3244.50 155389 410148.00 13307536840.00
27/09/2016 3228.50 3221.50 3248.50 3235.00 153597 403230.00 13047074135.00
28/09/2016 3237.00 3213.50 3255.00 3219.50 178862 505838.00 16387425715.00
29/09/2016 3221.50 3216.00 3270.00 3259.00 226439 615469.00 19924267315.00
30/09/2016 3250.00 3234.00 3259.50 3246.00 12669 32854.00 1065736930.00
