29/08/2016 3303.00 3303.00 3303.00 3303.00 1 1.00 33030.00
31/08/2016 3290.50 3286.00 3309.00 3286.00 13 58.00 1911815.00
01/09/2016 3288.00 3288.00 3310.00 3310.00 15 28.00 924530.00
02/09/2016 3285.50 3285.50 3311.00 3311.00 18 84.00 2769755.00
05/09/2016 3303.00 3303.00 3336.00 3336.00 17 56.00 1862825.00
06/09/2016 3327.00 3251.50 3331.00 3251.50 20 56.00 1843365.00
08/09/2016 3219.00 3219.00 3268.00 3268.00 53 136.00 4420395.00
09/09/2016 3290.00 3290.00 3332.00 3321.50 43 66.00 2185550.00
12/09/2016 3354.00 3300.00 3354.00 3300.00 64 83.00 2764545.00
13/09/2016 3315.50 3315.50 3375.00 3363.00 57 138.00 4630435.00
14/09/2016 3356.00 3356.00 3393.00 3390.50 124 268.00 9041925.00
15/09/2016 3373.00 3342.00 3410.50 3342.00 223 489.00 16523355.00
16/09/2016 3340.00 3305.00 3359.50 3309.00 67 171.00 5697205.00
19/09/2016 3303.50 3292.00 3319.00 3319.00 27 72.00 2380065.00
20/09/2016 3310.00 3284.50 3310.00 3300.00 36 173.00 5704745.00
21/09/2016 3273.50 3242.00 3285.00 3246.50 61 189.00 6175770.00
22/09/2016 3229.50 3218.00 3260.00 3260.00 76 109.00 3532525.00
23/09/2016 3250.00 3211.00 3285.00 3278.50 208 291.00 9491480.00
26/09/2016 3281.00 3256.50 3283.00 3273.00 200 351.00 11484670.00
27/09/2016 3254.00 3250.00 3272.50 3263.00 166 369.00 12039880.00
28/09/2016 3265.00 3240.50 3281.00 3245.00 460 912.00 29737150.00
29/09/2016 3253.50 3243.00 3295.50 3287.00 1916 3874.00 126660085.00
30/09/2016 3273.00 3258.50 3291.00 3287.00 169766 446807.00 14624161150.00
03/10/2016 3269.50 3224.00 3277.00 3237.50 163042 411755.00 13392908745.00
04/10/2016 3240.00 3231.00 3287.00 3287.00 212018 587389.00 19125797490.00
05/10/2016 3271.00 3241.50 3276.00 3244.00 151820 387689.00 12629984970.00
06/10/2016 3248.50 3241.00 3265.50 3248.50 163125 395197.00 12854161265.00
07/10/2016 3257.50 3211.50 3261.00 3237.50 214813 551894.00 17863276030.00
10/10/2016 3233.50 3217.00 3241.50 3227.00 128456 303155.00 9791973220.00
11/10/2016 3225.00 3210.50 3244.00 3210.50 208309 505622.00 16329507615.00
13/10/2016 3225.00 3192.00 3234.50 3193.50 184601 441849.00 14214982330.00
14/10/2016 3189.50 3179.50 3222.00 3215.50 208404 504576.00 16157552850.00
17/10/2016 3212.00 3201.50 3229.00 3213.00 140013 325595.00 10457038430.00
18/10/2016 3204.00 3185.00 3205.00 3195.50 143262 353726.00 11301604880.00
19/10/2016 3195.00 3173.50 3207.00 3176.00 162775 412977.00 13163140100.00
20/10/2016 3184.00 3143.00 3184.00 3152.00 180941 457955.00 14494075215.00
21/10/2016 3153.50 3151.50 3176.50 3157.50 146700 370717.00 11737045935.00
24/10/2016 3152.00 3121.00 3157.50 3127.50 148665 374307.00 11733234610.00
25/10/2016 3128.00 3107.50 3142.00 3122.50 189069 491591.00 15349942610.00
26/10/2016 3130.00 3119.00 3157.00 3142.00 187290 485930.00 15232715210.00
27/10/2016 3145.00 3130.50 3179.00 3176.00 178181 461455.00 14537901355.00
28/10/2016 3167.00 3161.00 3208.50 3208.00 233471 595481.00 18983076965.00
31/10/2016 3193.00 3177.00 3198.00 3181.50 12887 30005.00 955777140.00
