14/06/2016 3660.00 3660.00 3663.00 3663.00 2 8.00 292920.00
18/08/2016 3330.50 3330.50 3330.50 3330.50 2 6.00 199830.00
26/08/2016 3355.00 3355.00 3358.00 3358.00 3 32.00 1074080.00
27/09/2016 3300.00 3290.00 3300.00 3290.00 17 80.00 2636000.00
28/09/2016 3300.00 3275.00 3310.00 3275.00 29 95.00 3131075.00
29/09/2016 3278.00 3273.00 3327.00 3317.50 126 275.00 9091450.00
30/09/2016 3304.00 3290.00 3314.00 3308.00 67 217.00 7167825.00
03/10/2016 3304.00 3255.00 3304.00 3262.50 27 147.00 4824160.00
04/10/2016 3264.00 3264.00 3312.00 3312.00 41 102.00 3358835.00
05/10/2016 3298.50 3270.50 3304.50 3270.50 72 240.00 7876230.00
06/10/2016 3284.00 3270.00 3294.50 3278.50 35 163.00 5346550.00
07/10/2016 3285.00 3242.00 3290.00 3267.50 112 190.00 6200745.00
10/10/2016 3257.50 3249.00 3281.00 3252.00 69 145.00 4729325.00
11/10/2016 3252.50 3240.00 3278.00 3248.00 64 158.00 5142435.00
13/10/2016 3244.00 3223.50 3262.50 3223.50 25 85.00 2764890.00
14/10/2016 3221.00 3221.00 3247.00 3247.00 17 33.00 1067825.00
17/10/2016 3242.00 3233.00 3255.00 3243.00 23 48.00 1558065.00
18/10/2016 3224.00 3215.00 3229.50 3220.00 50 86.00 2769795.00
19/10/2016 3215.00 3201.50 3233.50 3205.00 45 50.00 1607290.00
20/10/2016 3197.00 3174.50 3208.00 3179.00 29 64.00 2042480.00
21/10/2016 3185.00 3185.00 3203.50 3189.00 61 119.00 3802550.00
24/10/2016 3182.00 3150.00 3183.50 3155.50 61 79.00 2497815.00
25/10/2016 3150.00 3136.00 3168.50 3150.50 134 235.00 7398690.00
26/10/2016 3152.50 3147.00 3184.00 3175.00 271 657.00 20819275.00
27/10/2016 3177.50 3158.00 3204.00 3204.00 616 1327.00 42194200.00
28/10/2016 3193.00 3189.00 3236.00 3236.00 2196 4158.00 133751975.00
31/10/2016 3230.00 3191.00 3230.50 3216.50 163104 397214.00 12752479015.00
01/11/2016 3212.00 3206.00 3282.00 3267.00 213366 529987.00 17213327850.00
03/11/2016 3269.50 3247.00 3275.50 3264.00 206325 521150.00 16992893135.00
04/11/2016 3277.50 3242.00 3289.00 3259.00 224629 548741.00 17925931195.00
07/11/2016 3228.50 3211.50 3239.50 3223.50 133624 333650.00 10760322620.00
08/11/2016 3226.00 3183.50 3237.00 3189.00 182659 474853.00 15252380725.00
09/11/2016 3263.00 3216.50 3268.00 3235.00 258692 673088.00 21838702780.00
10/11/2016 3230.00 3227.50 3415.00 3411.50 394705 987884.00 32985485455.00
11/11/2016 3416.00 3390.50 3529.00 3411.00 409061 707763.00 24489400410.00
14/11/2016 3459.50 3440.00 3492.00 3451.50 294277 506202.00 17532593505.00
16/11/2016 3415.00 3411.00 3461.00 3437.50 227132 459637.00 15807246360.00
17/11/2016 3418.50 3401.50 3445.00 3437.00 239962 578177.00 19794198135.00
18/11/2016 3452.50 3384.50 3455.00 3396.00 222704 556334.00 18953007415.00
21/11/2016 3391.00 3352.00 3394.00 3363.50 175439 402901.00 13561880115.00
22/11/2016 3349.50 3338.00 3373.50 3366.00 189983 454281.00 15255675910.00
23/11/2016 3369.50 3359.50 3426.50 3395.00 223663 536155.00 18227409120.00
24/11/2016 3395.00 3388.50 3417.00 3402.00 113657 273484.00 9306221855.00
25/11/2016 3430.00 3409.00 3474.00 3415.00 204891 476646.00 16374746915.00
28/11/2016 3396.50 3385.00 3417.50 3390.00 173501 416187.00 14154094040.00
29/11/2016 3393.00 3382.00 3415.00 3401.50 160139 372492.00 12673973870.00
30/11/2016 3400.00 3381.00 3407.00 3397.00 13167 28745.00 975581580.00
