20/06/2016 14.25 14.10 14.56 14.21 4574 1190400.00 17012933.00
21/06/2016 14.20 14.01 14.59 14.43 8036 1530000.00 21862753.00
22/06/2016 14.36 14.25 14.78 14.42 6844 2198000.00 31926509.00
23/06/2016 14.43 14.25 14.59 14.59 6082 1219800.00 17623202.00
24/06/2016 14.11 13.97 14.47 14.16 10220 2486600.00 35126595.00
27/06/2016 14.09 13.82 14.21 14.00 5498 1144400.00 16045368.00
28/06/2016 14.09 13.63 14.16 13.74 8403 2537200.00 34878209.00
29/06/2016 13.82 13.68 13.96 13.74 6238 2199600.00 30289018.00
30/06/2016 13.73 13.52 13.92 13.74 7282 2452500.00 33680633.00
01/07/2016 13.82 13.58 13.97 13.71 7604 2203800.00 30165710.00
04/07/2016 13.72 13.53 13.80 13.55 5893 1349700.00 18392110.00
05/07/2016 13.55 13.28 13.57 13.40 6541 2389800.00 32020726.00
06/07/2016 13.38 13.16 13.46 13.40 5645 1841900.00 24528263.00
07/07/2016 13.40 13.40 13.71 13.54 8548 2988000.00 40594794.00
08/07/2016 13.61 13.46 13.72 13.70 5035 1899900.00 25888641.00
11/07/2016 13.77 13.40 13.77 13.40 7335 3918400.00 52949354.00
12/07/2016 13.48 13.18 13.55 13.21 9684 2853600.00 38078625.00
13/07/2016 13.22 13.21 13.51 13.39 6939 2009400.00 26866038.00
14/07/2016 13.49 13.48 13.83 13.78 9444 2435100.00 33357559.00
15/07/2016 13.83 13.77 14.00 13.82 7633 1697100.00 23535976.00
18/07/2016 13.82 13.55 14.19 14.15 6091 1840000.00 25775286.00
19/07/2016 14.15 13.93 14.28 14.22 9647 1657600.00 23480490.00
20/07/2016 14.25 14.12 14.48 14.37 6944 2190400.00 31398270.00
21/07/2016 14.34 14.28 14.65 14.62 7257 1590100.00 23060645.00
22/07/2016 14.60 14.46 14.86 14.66 6846 1439000.00 21061658.00
25/07/2016 14.69 14.32 14.75 14.49 6024 1684200.00 24346075.00
26/07/2016 14.49 14.37 14.67 14.60 11478 2684400.00 39140290.00
27/07/2016 14.60 14.45 15.27 15.20 10487 2488200.00 37447512.00
28/07/2016 15.20 14.90 15.30 15.30 7500 1814400.00 27449475.00
29/07/2016 15.30 15.06 15.39 15.27 10485 2565100.00 39094362.00
01/08/2016 15.24 15.06 15.48 15.48 6761 1894500.00 29014686.00
02/08/2016 15.35 15.29 15.59 15.43 7147 1811600.00 27959042.00
03/08/2016 15.34 15.27 15.50 15.45 7208 1667800.00 25668642.00
04/08/2016 15.50 15.39 16.06 15.62 6951 1914800.00 30030666.00
05/08/2016 15.65 15.54 16.03 15.89 6345 2017500.00 32135653.00
08/08/2016 15.84 15.81 16.44 16.33 9035 2194000.00 35640171.00
09/08/2016 16.33 16.33 16.70 16.66 9589 2311500.00 38432526.00
10/08/2016 16.66 16.41 16.72 16.60 5234 1833300.00 30379191.00
11/08/2016 16.52 16.52 17.21 17.13 8344 2125000.00 36251276.00
12/08/2016 17.20 16.78 17.20 17.07 7476 1899500.00 32335822.00
15/08/2016 17.14 17.06 17.41 17.18 9841 2738100.00 47162802.00
16/08/2016 17.09 16.92 17.39 17.10 7184 2217200.00 37981976.00
17/08/2016 17.10 16.58 17.26 17.21 10822 2511500.00 42803356.00
18/08/2016 17.25 17.03 17.28 17.13 8761 2117800.00 36304933.00
19/08/2016 17.06 16.96 17.34 17.00 7167 1572100.00 26824560.00
22/08/2016 17.00 16.44 17.05 16.60 9694 2104500.00 35214324.00
23/08/2016 16.58 16.44 16.79 16.56 7963 1521400.00 25297165.00
24/08/2016 16.42 16.34 16.76 16.60 6096 1069100.00 17684240.00
25/08/2016 16.52 16.20 16.65 16.44 7329 1376100.00 22564162.00
26/08/2016 16.37 15.94 16.76 16.05 11613 2854600.00 46062022.00
29/08/2016 16.25 16.25 17.15 16.83 13589 3460900.00 57741915.00
30/08/2016 16.72 16.48 16.79 16.52 5209 1394200.00 23176540.00
31/08/2016 16.52 16.16 16.68 16.53 10417 3441000.00 56699642.00
01/09/2016 16.51 16.38 16.63 16.50 7419 2657800.00 43838238.00
02/09/2016 16.64 16.50 16.79 16.77 7149 1761900.00 29384237.00
05/09/2016 16.80 16.53 16.96 16.56 4863 1223800.00 20427303.00
06/09/2016 16.68 16.51 17.21 17.07 8918 2923500.00 49328352.00
08/09/2016 17.10 16.81 17.22 17.12 8211 2166000.00 36933470.00
09/09/2016 16.82 16.31 16.93 16.39 10119 2320000.00 38306920.00
12/09/2016 16.25 16.19 17.00 16.88 9001 1808300.00 30231879.00
13/09/2016 16.61 16.37 16.88 16.65 12135 2085900.00 34568419.00
14/09/2016 16.55 16.33 16.76 16.69 8732 1601200.00 26551140.00
15/09/2016 16.60 16.48 17.02 16.95 5692 1144800.00 19288876.00
16/09/2016 16.58 16.11 16.86 16.63 8323 2695500.00 44708071.00
19/09/2016 16.65 16.60 17.00 16.86 7122 1578000.00 26553223.00
20/09/2016 16.97 16.88 17.26 17.17 7334 1956900.00 33522326.00
21/09/2016 17.20 16.84 17.27 17.09 9178 2010500.00 34218202.00
22/09/2016 17.27 17.21 17.61 17.53 8717 2659600.00 46516887.00
23/09/2016 17.79 17.42 17.82 17.50 8307 1979100.00 34792141.00
26/09/2016 17.33 16.84 17.33 17.04 7078 1502700.00 25600405.00
27/09/2016 17.05 16.96 17.33 17.12 7216 1338100.00 22930897.00
28/09/2016 17.12 17.12 17.76 17.65 8209 2373200.00 41520327.00
29/09/2016 17.69 17.26 17.95 17.55 6401 1492000.00 26297735.00
30/09/2016 17.64 17.48 17.83 17.66 8102 1830200.00 32340496.00
03/10/2016 17.59 17.59 17.96 17.71 9006 2110500.00 37508615.00
04/10/2016 17.80 17.33 17.87 17.67 8326 1898600.00 33464220.00
05/10/2016 17.78 17.69 18.05 17.85 6956 1586800.00 28467565.00
06/10/2016 17.87 17.80 18.12 18.00 5116 1414300.00 25401700.00
07/10/2016 18.11 17.80 18.11 17.98 6575 1992900.00 35759055.00
10/10/2016 18.09 17.97 18.30 18.17 5286 1240800.00 22521979.00
11/10/2016 18.16 17.58 18.17 17.80 7971 2078500.00 37137475.00
13/10/2016 17.69 17.69 18.03 17.84 12057 3410000.00 60900755.00
14/10/2016 17.96 17.23 18.17 17.42 14120 2995100.00 52701852.00
17/10/2016 17.51 17.23 17.90 17.74 10182 2254400.00 39690991.00
18/10/2016 17.81 17.66 17.99 17.87 9929 2737700.00 48846507.00
19/10/2016 17.88 17.59 17.93 17.74 8836 2444500.00 43404267.00
20/10/2016 17.63 17.50 18.27 17.94 8163 1528900.00 27513269.00
21/10/2016 17.83 17.71 18.10 17.91 7249 1491600.00 26663387.00
24/10/2016 17.91 17.51 17.98 17.62 8442 1782700.00 31469250.00
25/10/2016 17.51 17.45 17.68 17.58 4733 1402000.00 24644706.00
26/10/2016 17.68 17.32 17.69 17.47 9421 2142200.00 37393084.00
27/10/2016 17.46 17.39 17.60 17.42 4594 964500.00 16864278.00
28/10/2016 17.35 17.10 17.49 17.28 6911 1609500.00 27816129.00
31/10/2016 17.30 16.91 17.76 17.60 7199 1935000.00 33860970.00
01/11/2016 17.60 17.00 17.67 17.05 8425 2058800.00 35248417.00
03/11/2016 16.95 16.80 17.26 16.86 7997 1782300.00 30286352.00
04/11/2016 16.86 16.82 17.18 16.98 9629 2382200.00 40478042.00
07/11/2016 17.12 17.02 17.63 17.21 10817 2478500.00 42867097.00
08/11/2016 17.11 16.85 17.25 17.00 7177 1657900.00 28267160.00
09/11/2016 16.57 16.30 16.94 16.72 12186 2557600.00 42641455.00
10/11/2016 16.58 16.08 16.77 16.50 16196 3369800.00 55760816.00
11/11/2016 16.22 15.90 16.71 16.27 18433 3336200.00 54225055.00
14/11/2016 16.18 15.95 16.41 16.28 13264 2008000.00 32458890.00
16/11/2016 16.31 16.17 16.75 16.58 9938 1952300.00 32288460.00
17/11/2016 16.53 16.06 16.72 16.22 9199 1736200.00 28266310.00
18/11/2016 16.12 15.96 16.52 16.43 7537 1616800.00 26325731.00
21/11/2016 16.42 15.93 16.46 15.95 9162 1800800.00 29012189.00
22/11/2016 16.11 15.55 16.23 15.84 9526 2083300.00 33036435.00
23/11/2016 15.84 15.56 16.20 16.04 14685 2374600.00 37522899.00
24/11/2016 16.06 15.57 16.10 15.70 4585 1250700.00 19742130.00
25/11/2016 15.60 15.30 15.85 15.43 7166 1517200.00 23513060.00
28/11/2016 15.35 15.08 16.15 16.12 11114 2682100.00 42017234.00
29/11/2016 16.09 15.51 16.09 15.90 7656 1821700.00 28835280.00
30/11/2016 15.95 15.42 16.06 15.57 5639 1941400.00 30387419.00
01/12/2016 15.40 14.50 15.51 14.59 25836 6005600.00 89316487.00
02/12/2016 14.33 14.13 14.92 14.72 12392 3110200.00 45538473.00
05/12/2016 14.81 14.41 14.83 14.46 9013 2596300.00 37750543.00
06/12/2016 14.37 14.20 14.98 14.79 7950 2738300.00 40139159.00
07/12/2016 14.88 14.72 15.26 15.11 11201 2302300.00 34636843.00
08/12/2016 15.27 14.92 15.43 15.12 11145 2030800.00 30748190.00
09/12/2016 15.19 14.90 15.29 15.15 11136 2578900.00 38918599.00
12/12/2016 14.82 14.58 15.11 14.74 6353 1248900.00 18405657.00
13/12/2016 14.56 14.53 15.07 14.99 10193 2002300.00 29732225.00
14/12/2016 14.99 14.53 15.04 14.55 9133 2124900.00 31408515.00
15/12/2016 14.63 14.36 14.96 14.81 10755 1976300.00 29070446.00
16/12/2016 14.89 14.63 15.14 14.66 5765 2016600.00 29809555.00
19/12/2016 14.60 14.58 14.97 14.67 7430 1545200.00 22760669.00
20/12/2016 14.76 14.45 14.85 14.51 6797 1447300.00 21065850.00
21/12/2016 14.59 14.40 14.75 14.61 5203 1155800.00 16808759.00
22/12/2016 14.67 14.41 14.70 14.46 6498 1280900.00 18556631.00
23/12/2016 14.55 14.49 15.05 14.85 5645 1239900.00 18416893.00
26/12/2016 14.91 14.70 14.99 14.72 1941 403700.00 5986432.00
27/12/2016 14.86 14.72 14.99 14.96 3167 575300.00 8546441.00
28/12/2016 15.00 14.80 15.28 15.00 4327 860200.00 12925391.00
29/12/2016 15.04 14.83 15.50 15.50 8628 2080400.00 31890961.00
02/01/2017 15.40 14.91 15.41 15.10 3957 820400.00 12447945.00
03/01/2017 15.24 15.19 15.94 15.86 7141 1941600.00 30583231.00
04/01/2017 15.88 15.38 15.93 15.48 8402 2026100.00 31531078.00
05/01/2017 15.51 15.28 15.69 15.44 6793 1740900.00 26884914.00
06/01/2017 15.55 15.36 15.73 15.57 4309 1305600.00 20348178.00
09/01/2017 15.64 15.40 15.76 15.40 4861 1031900.00 16072959.00
10/01/2017 15.54 15.15 15.54 15.23 6141 1306800.00 20008574.00
11/01/2017 15.15 14.77 15.38 14.97 11407 3590100.00 53921626.00
12/01/2017 15.44 15.26 15.69 15.48 9978 2068900.00 32048313.00
13/01/2017 15.53 15.06 15.57 15.15 4570 1029000.00 15672212.00
16/01/2017 15.16 15.06 15.38 15.15 3489 751500.00 11414357.00
17/01/2017 15.25 15.11 15.72 15.50 6715 2221600.00 34358127.00
18/01/2017 15.60 15.33 15.60 15.35 5545 1516100.00 23426539.00
19/01/2017 15.45 15.18 15.45 15.36 4886 1562300.00 23985609.00
20/01/2017 15.44 15.11 15.55 15.44 5962 1179900.00 18154354.00
23/01/2017 15.50 15.25 15.87 15.66 6346 1700000.00 26521286.00
24/01/2017 15.67 15.46 15.75 15.65 5100 1464700.00 22866726.00
26/01/2017 15.65 15.61 16.18 16.10 12395 5006400.00 80112463.00
27/01/2017 16.20 16.06 16.31 16.14 7040 3188200.00 51671215.00
30/01/2017 16.14 15.71 16.19 16.00 6980 1701400.00 27071061.00
31/01/2017 16.10 15.82 16.10 15.91 4606 1463400.00 23276551.00
01/02/2017 16.01 15.62 16.19 15.79 5328 1969900.00 31297753.00
02/02/2017 15.68 15.66 16.20 15.94 6955 2398100.00 38334651.00
03/02/2017 15.96 15.91 16.38 16.25 6957 1473000.00 23877373.00
06/02/2017 16.34 16.17 16.40 16.18 5373 1292400.00 20995604.00
07/02/2017 16.26 16.01 16.32 16.19 4469 1199000.00 19333031.00
08/02/2017 16.21 15.93 16.27 16.25 6657 1134000.00 18267548.00
09/02/2017 16.25 16.07 16.34 16.29 3882 716300.00 11616716.00
10/02/2017 16.29 16.09 16.55 16.32 7010 1688300.00 27622888.00
13/02/2017 16.35 16.26 16.51 16.44 6254 1243200.00 20454728.00
14/02/2017 16.52 16.21 16.54 16.39 9508 2334200.00 38276514.00
15/02/2017 16.49 16.47 17.05 17.02 13813 2778600.00 46925872.00
16/02/2017 17.00 16.66 17.00 16.75 5260 1571700.00 26417761.00
17/02/2017 16.67 16.60 16.91 16.91 4241 1187400.00 19954848.00
20/02/2017 16.90 16.79 17.08 16.90 3482 741900.00 12572188.00
21/02/2017 16.90 16.84 17.52 17.50 7238 1781200.00 30748776.00
22/02/2017 17.45 16.92 17.53 17.10 11796 3518000.00 60577167.00
23/02/2017 17.14 16.62 17.24 16.75 8885 2053100.00 34649251.00
24/02/2017 16.69 16.60 17.15 16.98 8179 2251000.00 38111909.00
01/03/2017 17.24 17.00 18.05 17.60 10810 2721000.00 47793941.00
02/03/2017 17.60 17.42 17.85 17.58 11349 2868000.00 50510387.00
03/03/2017 17.60 17.29 17.97 17.71 7230 5301600.00 93229626.00
06/03/2017 17.71 17.52 17.94 17.57 8647 1835300.00 32418587.00
07/03/2017 17.74 17.08 17.74 17.11 6565 1447500.00 25109303.00
08/03/2017 17.20 16.89 17.27 17.10 10037 2671000.00 45606867.00
09/03/2017 17.09 16.84 17.41 17.20 11772 2911200.00 50027866.00
10/03/2017 17.30 17.16 17.60 17.35 7889 2077800.00 36096359.00
13/03/2017 17.28 16.57 17.46 16.85 9612 2332500.00 39250494.00
14/03/2017 16.87 16.68 17.20 16.84 8738 2090200.00 35445194.00
15/03/2017 16.88 16.73 17.06 16.93 6344 2553500.00 43137649.00
16/03/2017 17.00 16.60 17.08 16.87 9496 2718400.00 45778569.00
17/03/2017 16.97 16.70 17.26 16.86 7802 2496000.00 42276815.00
20/03/2017 16.99 16.99 17.37 17.08 8998 2295600.00 39454661.00
21/03/2017 17.08 16.61 17.15 16.80 9261 1947800.00 32816214.00
22/03/2017 16.80 16.27 16.80 16.40 8276 2402100.00 39418261.00
23/03/2017 16.40 16.40 16.88 16.60 7617 2090400.00 34793196.00
24/03/2017 16.62 16.61 16.96 16.87 5738 1149900.00 19323631.00
27/03/2017 16.76 16.76 17.08 16.98 7405 1308400.00 22114537.00
28/03/2017 16.99 16.81 17.28 17.23 6113 1503800.00 25816192.00
29/03/2017 17.25 17.09 17.50 17.46 9078 2480500.00 42950658.00
30/03/2017 17.62 17.25 17.69 17.45 5619 1452000.00 25307582.00
31/03/2017 17.36 17.11 17.79 17.40 7952 2926400.00 51119065.00
03/04/2017 17.35 17.21 17.65 17.49 5013 1825400.00 31837019.00
04/04/2017 17.51 17.36 17.69 17.63 3767 881800.00 15494137.00
05/04/2017 17.60 17.36 17.89 17.53 6542 1287700.00 22729305.00
06/04/2017 17.45 17.34 17.80 17.51 7032 1588700.00 27875943.00
07/04/2017 17.37 16.91 17.55 17.05 8177 4463700.00 76807573.00
10/04/2017 17.13 16.87 17.15 17.00 5759 3091800.00 52551506.00
11/04/2017 17.00 16.75 17.19 16.84 8773 2557100.00 43333248.00
12/04/2017 16.93 16.80 17.17 16.90 11273 3292000.00 56037392.00
13/04/2017 16.83 16.72 16.97 16.77 6037 2026100.00 34060124.00
17/04/2017 16.85 16.72 17.33 17.12 5821 1630700.00 27695770.00
18/04/2017 17.03 16.73 17.23 16.92 5668 1432200.00 24358629.00
19/04/2017 16.97 16.60 17.10 16.77 4450 1149600.00 19278340.00
20/04/2017 16.76 16.76 17.02 16.94 7176 1800700.00 30447833.00
24/04/2017 17.04 16.98 17.22 17.15 5720 1820900.00 31180691.00
25/04/2017 17.20 17.02 17.36 17.25 9856 2110400.00 36294623.00
26/04/2017 17.20 17.10 17.97 17.85 10182 2607600.00 46373784.00
27/04/2017 17.94 17.47 17.94 17.61 8419 2448200.00 43202492.00
28/04/2017 17.59 17.42 17.82 17.70 6743 1652000.00 29205499.00
02/05/2017 17.77 17.65 18.25 18.18 10451 2065900.00 37293278.00
03/05/2017 18.27 18.21 19.00 18.65 11350 2380100.00 44560258.00
04/05/2017 18.67 18.11 18.67 18.28 10267 2417000.00 44131089.00
05/05/2017 18.39 18.21 18.60 18.50 5738 1231900.00 22730137.00
08/05/2017 18.50 18.33 18.84 18.50 3870 801800.00 14844527.00
09/05/2017 18.59 18.49 19.13 18.80 6222 1576500.00 29729632.00
10/05/2017 18.99 18.92 19.32 19.32 8764 2240100.00 42708969.00
11/05/2017 19.30 19.27 19.88 19.66 6619 1315500.00 25815696.00
12/05/2017 19.79 19.78 20.20 20.02 9741 2033800.00 40612298.00
15/05/2017 19.99 19.75 20.43 20.42 8342 1645300.00 33361279.00
16/05/2017 20.35 19.30 20.36 19.50 11905 2997400.00 58712803.00
17/05/2017 19.40 19.09 19.79 19.18 7352 2489400.00 48036685.00
18/05/2017 17.50 17.17 18.98 18.65 27199 6589000.00 120581745.00
19/05/2017 18.65 18.41 19.44 18.90 14872 4057800.00 76863764.00
22/05/2017 18.78 18.43 18.93 18.93 11063 2979900.00 55786283.00
23/05/2017 18.90 18.67 19.38 19.06 10116 2072600.00 39591912.00
24/05/2017 19.34 18.74 19.34 18.74 10605 3514200.00 66817897.00
25/05/2017 18.74 18.48 19.18 19.01 8982 5033200.00 94087763.00
26/05/2017 19.15 19.06 19.59 19.25 10001 2564400.00 49797660.00
29/05/2017 19.25 18.85 19.38 18.96 4786 877200.00 16651314.00
30/05/2017 18.97 18.97 19.55 19.54 6922 1348400.00 26094527.00
31/05/2017 19.49 19.00 19.76 19.00 13844 3151400.00 60675908.00
01/06/2017 19.02 19.00 19.41 19.13 9935 1850800.00 35478082.00
02/06/2017 19.34 19.00 19.34 19.00 6966 1215700.00 23210521.00
05/06/2017 19.04 18.67 19.04 18.89 6518 1279800.00 24154382.00
06/06/2017 18.94 18.68 19.04 18.76 3299 779900.00 14674365.00
07/06/2017 18.86 18.74 19.14 18.90 7778 2738900.00 51729460.00
08/06/2017 18.81 18.61 18.98 18.74 4811 948900.00 17760697.00
09/06/2017 18.72 18.33 18.93 18.41 7473 1377100.00 25551201.00
12/06/2017 18.36 18.06 18.48 18.31 7716 1459100.00 26645716.00
13/06/2017 18.40 18.04 18.43 18.18 7337 2750100.00 50118300.00
14/06/2017 18.22 18.09 18.68 18.25 9906 3460300.00 63443984.00
16/06/2017 18.16 18.09 18.47 18.09 6214 3729200.00 67701246.00
