20/06/2016 161.83 159.92 161.83 159.92 2 9500.00 1537194.00
21/06/2016 159.98 159.98 159.98 159.98 1 1200.00 191976.00
22/06/2016 158.25 158.25 158.59 158.59 2 200.00 31684.00
23/06/2016 159.65 159.22 159.65 159.22 2 600.00 95747.00
27/06/2016 153.20 152.42 153.35 152.42 4 2800.00 429007.00
28/06/2016 152.30 151.25 152.30 151.87 4 500.00 75822.00
29/06/2016 151.49 149.72 152.14 152.14 3 400.00 60307.00
30/06/2016 151.42 151.07 151.42 151.07 2 900.00 136208.00
01/07/2016 151.28 150.00 153.26 153.26 7 13200.00 1993167.00
05/07/2016 151.97 151.53 151.97 151.53 2 400.00 60744.00
06/07/2016 154.40 154.40 154.71 154.71 4 1700.00 262511.00
08/07/2016 157.40 157.40 157.40 157.40 1 400.00 62960.00
11/07/2016 158.94 158.94 158.94 158.94 1 100.00 15894.00
13/07/2016 157.96 157.96 157.96 157.96 1 600.00 94776.00
15/07/2016 157.00 155.51 157.00 155.51 2 200.00 31251.00
18/07/2016 156.85 156.85 156.85 156.85 1 100.00 15685.00
19/07/2016 157.44 157.44 157.44 157.44 2 700.00 110208.00
21/07/2016 159.20 158.76 159.20 158.76 2 3200.00 509396.00
25/07/2016 158.48 158.48 158.48 158.48 1 3700.00 586376.00
26/07/2016 156.80 156.80 156.80 156.80 1 100.00 15680.00
27/07/2016 156.80 156.80 157.50 157.50 8 3000.00 470820.00
28/07/2016 158.00 157.51 158.30 158.30 18 10900.00 1722222.00
29/07/2016 156.62 155.57 156.62 155.57 2 300.00 46881.00
01/08/2016 155.75 155.75 155.75 155.75 1 100.00 15575.00
02/08/2016 154.70 154.70 155.52 155.52 2 200.00 31022.00
03/08/2016 153.67 153.67 154.58 154.58 2 200.00 30825.00
05/08/2016 153.55 153.55 153.72 153.72 2 200.00 30727.00
08/08/2016 155.02 154.55 155.24 155.24 3 900.00 139352.00
09/08/2016 154.08 154.08 154.08 154.08 1 100.00 15408.00
10/08/2016 152.68 150.73 152.68 150.73 2 300.00 45609.00
12/08/2016 152.40 152.25 152.65 152.65 7 3200.00 487690.00
15/08/2016 153.91 152.22 153.91 152.23 3 300.00 45836.00
17/08/2016 155.07 154.30 155.07 154.30 3 800.00 123902.00
18/08/2016 157.56 157.56 157.56 157.56 1 100.00 15756.00
19/08/2016 157.00 155.86 157.00 155.86 3 1300.00 203986.00
22/08/2016 155.75 155.40 156.00 155.40 3 900.00 140315.00
23/08/2016 156.50 156.50 156.50 156.50 1 500.00 78250.00
24/08/2016 156.41 156.41 156.41 156.41 1 2500.00 391025.00
25/08/2016 155.94 155.94 155.94 155.94 1 100.00 15594.00
26/08/2016 157.99 157.99 157.99 157.99 1 100.00 15799.00
29/08/2016 161.19 159.85 161.19 159.85 3 2100.00 336684.00
30/08/2016 162.27 162.27 162.27 162.27 1 900.00 146043.00
31/08/2016 164.47 164.47 164.47 164.47 1 100.00 16447.00
01/09/2016 162.60 162.60 162.60 162.60 1 5900.00 959340.00
06/09/2016 160.83 160.55 160.83 160.55 2 1800.00 289158.00
08/09/2016 159.00 159.00 159.00 159.00 1 300.00 47700.00
09/09/2016 160.35 160.35 160.35 160.35 1 300.00 48105.00
12/09/2016 157.55 156.91 157.55 156.91 2 1600.00 252016.00
13/09/2016 155.45 155.35 155.45 155.35 2 1800.00 279800.00
14/09/2016 156.43 156.43 156.62 156.62 2 600.00 93877.00
15/09/2016 153.12 153.12 153.12 153.12 1 2200.00 336864.00
16/09/2016 148.75 148.75 148.75 148.75 1 1300.00 193375.00
19/09/2016 151.60 151.19 151.60 151.19 3 1800.00 272604.00
20/09/2016 152.18 152.18 152.18 152.18 1 900.00 136962.00
21/09/2016 147.40 146.42 147.50 147.50 3 3900.00 573400.00
22/09/2016 148.80 146.60 148.80 146.60 4 1300.00 190987.00
23/09/2016 149.66 148.10 149.66 148.10 2 500.00 74674.00
26/09/2016 146.00 145.15 146.00 145.15 2 600.00 87260.00
27/09/2016 145.90 145.90 145.90 145.90 1 500.00 72950.00
29/09/2016 144.80 144.80 145.06 145.06 3 3500.00 507372.00
30/09/2016 145.54 144.54 145.58 144.54 3 1400.00 203664.00
03/10/2016 140.20 140.20 140.95 140.95 2 2600.00 366245.00
04/10/2016 141.95 141.95 141.95 141.95 1 2300.00 326485.00
05/10/2016 145.78 144.47 146.00 144.47 5 3200.00 462822.00
07/10/2016 145.70 145.70 145.70 145.70 1 700.00 101990.00
10/10/2016 146.65 146.65 146.65 146.65 1 400.00 58660.00
13/10/2016 142.60 141.52 142.60 141.52 2 1400.00 199424.00
14/10/2016 143.00 143.00 143.00 143.00 2 1200.00 171600.00
18/10/2016 143.25 143.03 143.25 143.03 9 3300.00 472703.00
19/10/2016 143.91 143.80 143.91 143.80 2 1600.00 230091.00
20/10/2016 141.70 141.70 141.70 141.70 1 1100.00 155870.00
21/10/2016 142.85 142.39 142.85 142.39 2 1500.00 214229.00
24/10/2016 142.81 141.78 142.81 141.78 2 1500.00 212773.00
25/10/2016 142.00 141.67 142.55 142.55 4 1500.00 212824.00
26/10/2016 144.50 144.31 144.50 144.41 3 1300.00 187804.00
27/10/2016 147.50 146.35 147.50 146.35 2 900.00 131830.00
28/10/2016 147.50 147.50 147.75 147.75 2 1300.00 191825.00
31/10/2016 146.78 146.78 146.78 146.78 1 300.00 44034.00
03/11/2016 147.00 146.70 147.00 146.70 2 3100.00 455670.00
04/11/2016 144.00 144.00 144.00 144.00 1 600.00 86400.00
07/11/2016 147.09 147.09 147.09 147.09 1 100.00 14709.00
08/11/2016 143.15 143.15 145.55 145.55 2 2500.00 361955.00
09/11/2016 151.55 151.55 155.55 155.29 8 6400.00 978673.00
10/11/2016 164.50 164.50 172.73 172.73 6 7300.00 1257694.00
11/11/2016 174.00 174.00 176.25 176.25 2 1200.00 211050.00
14/11/2016 181.18 181.18 183.45 183.45 3 12300.00 2250627.00
16/11/2016 176.23 176.23 177.15 176.34 3 2700.00 477856.00
17/11/2016 177.41 177.41 179.57 179.53 3 2700.00 481811.00
18/11/2016 178.34 178.34 178.34 178.34 1 100.00 17834.00
21/11/2016 175.77 174.60 175.77 174.60 2 1000.00 175653.00
22/11/2016 175.00 175.00 175.00 175.00 1 300.00 52500.00
23/11/2016 176.44 176.44 176.44 176.44 1 4900.00 864556.00
25/11/2016 178.87 178.87 178.87 178.87 1 200.00 35774.00
28/11/2016 175.02 175.02 175.30 175.26 4 2800.00 490444.00
30/11/2016 178.60 178.56 178.60 178.56 2 1900.00 339300.00
01/12/2016 182.00 182.00 189.60 188.70 16 13700.00 2584351.00
02/12/2016 185.84 184.61 185.84 184.61 2 3200.00 590875.00
05/12/2016 186.00 186.00 186.00 186.00 1 200.00 37200.00
06/12/2016 187.48 187.48 187.48 187.48 1 700.00 131236.00
07/12/2016 188.25 188.25 192.74 192.74 4 15400.00 2922398.00
08/12/2016 193.26 192.18 194.90 192.18 3 500.00 97014.00
09/12/2016 192.11 192.11 193.74 193.74 2 900.00 173062.00
12/12/2016 187.73 187.10 187.73 187.10 2 3700.00 692522.00
13/12/2016 185.08 185.08 185.08 185.08 1 4700.00 869876.00
14/12/2016 182.70 182.70 184.21 184.21 2 900.00 164581.00
15/12/2016 186.43 186.43 186.43 186.43 1 700.00 130501.00
16/12/2016 187.57 186.89 187.57 186.89 2 400.00 74960.00
19/12/2016 187.06 186.61 187.06 186.61 3 1900.00 355006.00
20/12/2016 186.56 186.56 188.31 188.31 2 400.00 74799.00
21/12/2016 186.09 186.09 186.09 186.09 1 100.00 18609.00
22/12/2016 185.10 185.10 185.10 185.10 2 200.00 37020.00
23/12/2016 183.35 183.35 183.35 183.35 1 100.00 18335.00
27/12/2016 182.34 182.34 182.34 182.34 1 200.00 36468.00
28/12/2016 182.35 182.35 182.35 182.35 1 500.00 91175.00
29/12/2016 177.84 177.84 177.85 177.85 2 1500.00 266769.00
03/01/2017 180.00 180.00 181.77 181.77 3 11000.00 1980464.00
04/01/2017 179.10 179.10 179.63 179.63 2 2100.00 376640.00
05/01/2017 178.00 175.97 178.00 176.04 5 3800.00 672816.00
11/01/2017 173.84 172.17 173.84 172.17 2 900.00 156122.00
12/01/2017 173.33 173.33 173.33 173.33 1 100.00 17333.00
13/01/2017 178.58 177.65 178.58 177.65 3 1200.00 214196.00
16/01/2017 178.98 178.98 179.00 179.00 3 300.00 53696.00
17/01/2017 173.41 173.20 174.04 173.77 4 2900.00 503327.00
18/01/2017 173.48 173.48 173.48 173.48 1 300.00 52044.00
19/01/2017 172.67 172.67 173.20 173.20 2 4400.00 761762.00
20/01/2017 174.60 174.60 174.60 174.60 1 700.00 122220.00
23/01/2017 173.20 172.03 173.20 172.03 2 600.00 103686.00
24/01/2017 170.92 170.92 173.91 173.91 2 200.00 34483.00
26/01/2017 180.60 180.60 181.99 181.99 2 1500.00 271039.00
30/01/2017 174.50 174.11 174.93 174.11 3 8300.00 1446432.00
01/02/2017 174.83 174.83 174.83 174.83 1 100.00 17483.00
02/02/2017 173.56 173.56 173.56 173.56 1 100.00 17356.00
03/02/2017 177.52 177.52 177.52 177.52 1 100.00 17752.00
06/02/2017 177.16 177.16 177.16 177.16 1 3100.00 549196.00
07/02/2017 176.55 176.55 176.55 176.55 1 3900.00 688545.00
08/02/2017 174.00 173.60 174.00 173.60 2 1300.00 225880.00
09/02/2017 176.68 176.42 176.68 176.42 2 1100.00 194192.00
14/02/2017 178.22 178.22 178.30 178.30 5 2100.00 374378.00
15/02/2017 179.80 179.80 179.80 179.80 1 500.00 89900.00
16/02/2017 178.35 178.35 178.35 178.35 1 400.00 71340.00
17/02/2017 179.00 179.00 179.00 179.00 6 600.00 107400.00
23/02/2017 178.55 178.55 178.55 178.55 1 100.00 17855.00
24/02/2017 179.03 179.03 179.03 179.03 1 600.00 107418.00
01/03/2017 186.00 184.65 186.00 184.65 14 2500.00 463380.00
02/03/2017 185.82 185.82 185.82 185.82 1 600.00 111492.00
03/03/2017 186.00 184.32 186.00 184.32 12 1700.00 315072.00
06/03/2017 181.45 181.45 181.45 181.45 1 16700.00 3030215.00
07/03/2017 181.17 181.10 181.17 181.10 2 1600.00 289865.00
08/03/2017 185.38 183.64 185.38 183.66 5 11400.00 2095724.00
09/03/2017 185.80 185.80 186.54 186.54 4 2600.00 483584.00
10/03/2017 185.09 183.95 185.11 183.95 4 11000.00 2034930.00
14/03/2017 185.64 185.64 185.64 185.64 1 200.00 37128.00
15/03/2017 186.76 186.76 186.76 186.76 1 1600.00 298816.00
17/03/2017 183.41 181.82 183.41 181.82 3 3000.00 545787.00
20/03/2017 178.54 178.54 178.54 178.54 1 200.00 35708.00
21/03/2017 172.29 172.05 172.29 172.05 2 700.00 120579.00
22/03/2017 172.07 172.07 172.07 172.07 1 1100.00 189277.00
23/03/2017 174.22 174.22 174.22 174.22 1 4400.00 766568.00
27/03/2017 174.10 173.58 174.10 173.58 2 5200.00 902668.00
31/03/2017 177.55 177.55 177.55 177.55 1 2500.00 443875.00
04/04/2017 171.27 171.27 171.27 171.27 1 400.00 68508.00
05/04/2017 172.81 172.81 172.81 172.81 1 100.00 17281.00
06/04/2017 169.44 169.44 173.56 173.56 4 1600.00 275364.00
07/04/2017 173.40 173.40 173.40 173.40 1 5500.00 953700.00
10/04/2017 171.70 171.70 171.70 171.70 1 300.00 51510.00
11/04/2017 167.70 167.70 167.70 167.70 1 1400.00 234780.00
12/04/2017 168.32 168.32 168.32 168.32 1 700.00 117824.00
13/04/2017 162.63 162.63 162.63 162.63 1 1300.00 211419.00
17/04/2017 162.22 162.22 164.15 164.15 3 600.00 97579.00
18/04/2017 163.03 163.03 163.03 163.03 1 300.00 48909.00
20/04/2017 168.42 168.11 168.42 168.11 6 3300.00 555631.00
24/04/2017 168.80 168.80 168.80 168.80 17 1700.00 286960.00
25/04/2017 172.12 172.12 172.12 172.12 1 700.00 120484.00
26/04/2017 174.30 174.30 174.30 174.30 1 1800.00 313740.00
27/04/2017 172.05 172.05 172.05 172.05 1 100.00 17205.00
28/04/2017 170.34 170.34 170.34 170.34 1 100.00 17034.00
04/05/2017 175.59 175.59 175.59 175.59 1 100.00 17559.00
08/05/2017 175.32 175.32 176.35 176.35 2 200.00 35167.00
11/05/2017 169.86 169.86 169.86 169.86 1 600.00 101916.00
12/05/2017 165.23 165.23 165.87 165.87 2 800.00 132632.00
18/05/2017 173.90 173.90 173.90 173.90 1 1400.00 243460.00
19/05/2017 173.12 173.12 173.12 173.12 1 400.00 69248.00
22/05/2017 174.00 173.44 174.00 173.44 10 3700.00 642232.00
23/05/2017 173.55 173.55 173.55 173.55 1 300.00 52065.00
24/05/2017 174.00 174.00 174.10 174.10 2 800.00 139240.00
26/05/2017 172.06 172.06 172.06 172.06 1 100.00 17206.00
30/05/2017 170.37 170.37 170.37 170.37 1 600.00 102222.00
31/05/2017 166.20 165.12 166.20 165.12 3 3100.00 512844.00
01/06/2017 168.43 168.43 168.43 168.43 1 700.00 117901.00
07/06/2017 169.74 169.74 170.73 170.73 2 400.00 68193.00
08/06/2017 171.46 171.46 171.46 171.46 1 400.00 68584.00
09/06/2017 175.47 174.68 175.47 174.68 2 800.00 140297.00
12/06/2017 178.55 178.55 178.55 178.55 1 500.00 89275.00
14/06/2017 179.02 179.02 179.02 179.02 1 300.00 53706.00
16/06/2017 177.71 177.71 177.73 177.73 2 600.00 106628.00
