20/06/2016 2.25 2.25 2.30 2.30 4 1425.04 3267.00
21/06/2016 2.30 2.30 2.35 2.35 4 508.94 1175.00
22/06/2016 2.36 2.35 2.38 2.38 60 6718.06 15839.00
23/06/2016 2.36 2.36 2.43 2.43 21 26465.08 63033.00
24/06/2016 2.35 2.34 2.35 2.34 5 916.10 2147.00
27/06/2016 2.36 2.36 2.55 2.52 19 27584.75 68969.00
28/06/2016 2.46 2.43 2.46 2.43 5 814.31 1980.00
29/06/2016 2.51 2.46 2.52 2.52 20 87843.70 220289.00
30/06/2016 2.42 2.42 2.54 2.54 4 1323.25 3354.00
01/07/2016 2.55 2.55 2.55 2.55 1 1221.47 3120.00
04/07/2016 2.54 2.54 2.54 2.54 1 508.94 1295.00
05/07/2016 2.58 2.42 2.63 2.63 10 1526.83 3914.00
06/07/2016 2.57 2.55 2.57 2.55 4 610.73 1562.00
07/07/2016 2.55 2.47 2.60 2.60 10 20968.48 52855.00
08/07/2016 2.48 2.48 2.55 2.55 7 1526.83 3805.00
11/07/2016 2.55 2.50 2.55 2.54 6 3562.61 9043.00
12/07/2016 3.10 3.06 3.23 3.07 273 375600.51 1167021.00
13/07/2016 3.07 3.07 3.14 3.07 86 142504.26 439669.00
14/07/2016 3.05 2.96 3.05 3.01 30 77461.24 235118.00
15/07/2016 3.00 3.00 3.06 3.06 34 82448.89 250224.00
18/07/2016 3.04 3.04 3.07 3.06 71 46008.52 140382.00
19/07/2016 3.05 3.05 3.07 3.07 54 42649.49 129968.00
20/07/2016 3.05 3.05 3.06 3.06 16 29416.95 89738.00
21/07/2016 3.04 3.04 3.05 3.05 10 5496.59 16691.00
22/07/2016 3.07 3.03 3.07 3.03 29 38170.78 116516.00
25/07/2016 3.05 3.05 3.07 3.05 17 27279.39 83159.00
26/07/2016 3.06 3.04 3.07 3.05 20 75730.84 230768.00
27/07/2016 3.03 3.01 3.05 3.02 11 5801.96 17503.00
28/07/2016 3.03 3.02 3.05 3.02 10 30027.68 91253.00
29/07/2016 3.05 3.02 3.05 3.05 22 72677.17 220821.00
01/08/2016 3.03 3.03 3.04 3.04 29 44583.48 135103.00
02/08/2016 3.01 3.01 3.03 3.02 6 5293.02 15966.00
03/08/2016 3.04 3.03 3.05 3.03 15 17711.24 53756.00
04/08/2016 3.04 3.03 3.05 3.04 21 51199.74 155741.00
05/08/2016 3.04 3.03 3.10 3.07 34 159095.83 490383.00
08/08/2016 3.07 3.07 3.07 3.07 3 3053.66 9360.00
09/08/2016 3.09 3.05 3.21 3.21 45 83568.57 263858.00
10/08/2016 3.24 3.20 3.24 3.24 68 963532.38 3118746.00
11/08/2016 3.24 3.19 3.24 3.24 30 266584.76 864157.00
12/08/2016 3.25 3.25 3.25 3.25 2 1425.04 4634.00
15/08/2016 3.21 3.14 3.21 3.14 4 3053.66 9628.00
16/08/2016 3.21 3.21 3.24 3.24 18 70844.98 229373.00
17/08/2016 3.14 3.14 3.14 3.14 1 101.79 320.00
18/08/2016 3.11 3.07 3.25 3.25 15 15879.05 51181.00
19/08/2016 3.22 3.14 3.22 3.14 4 8244.89 26322.00
22/08/2016 3.14 3.14 3.14 3.14 1 101.79 320.00
23/08/2016 3.21 3.21 3.21 3.21 1 305.37 981.00
24/08/2016 3.21 3.21 3.23 3.23 3 916.10 2955.00
25/08/2016 3.07 3.07 3.10 3.10 3 6616.27 20534.00
26/08/2016 3.18 3.10 3.19 3.18 8 8143.10 25869.00
29/08/2016 3.11 3.11 3.11 3.11 3 1526.83 4755.00
30/08/2016 3.11 3.11 3.14 3.14 5 4682.28 14690.00
31/08/2016 3.14 3.14 3.29 3.24 23 32470.61 105530.00
01/09/2016 3.24 3.13 3.25 3.25 18 55067.72 177939.00
02/09/2016 3.19 3.19 3.25 3.25 4 17711.24 57143.00
05/09/2016 3.15 3.13 3.30 3.30 38 56798.13 184663.00
06/09/2016 3.18 3.15 3.25 3.15 13 8550.26 27306.00
08/09/2016 3.19 3.18 3.24 3.23 22 40104.77 128226.00
09/09/2016 3.15 3.13 3.18 3.13 9 3867.97 12200.00
12/09/2016 3.15 3.15 3.18 3.18 3 305.37 969.00
13/09/2016 3.22 3.18 3.32 3.30 19 40308.35 131984.00
14/09/2016 3.19 3.16 3.34 3.34 19 20255.96 66845.00
15/09/2016 3.34 3.34 3.34 3.34 17 71761.07 239700.00
16/09/2016 3.31 3.31 3.34 3.34 18 67791.31 225782.00
19/09/2016 3.20 3.18 3.35 3.35 120 116446.34 385532.00
20/09/2016 3.34 3.29 3.34 3.34 15 47840.72 159750.00
21/09/2016 3.34 3.16 3.34 3.25 27 85298.98 284593.00
22/09/2016 3.34 3.20 3.34 3.20 22 52319.42 174512.00
26/09/2016 3.24 3.20 3.24 3.20 5 8448.47 27344.00
27/09/2016 3.19 3.13 3.35 3.19 29 41529.81 134578.00
28/09/2016 3.21 3.21 3.31 3.31 3 1221.47 3942.00
29/09/2016 3.20 3.19 3.23 3.20 5 7430.58 23795.00
30/09/2016 3.24 3.24 3.33 3.33 13 29925.89 97599.00
03/10/2016 3.34 3.27 3.34 3.29 21 39494.04 131347.00
04/10/2016 3.27 3.27 3.34 3.34 14 47840.72 159149.00
05/10/2016 3.27 3.26 3.27 3.26 3 2951.87 9633.00
06/10/2016 3.24 3.24 3.28 3.28 3 3257.24 10568.00
07/10/2016 3.21 3.21 3.24 3.24 4 1425.04 4590.00
10/10/2016 3.21 3.05 3.24 3.16 43 91406.30 287664.00
11/10/2016 3.21 3.21 3.34 3.33 16 20866.70 68462.00
13/10/2016 3.27 3.25 3.27 3.25 6 3867.97 12645.00
14/10/2016 3.27 3.27 3.27 3.27 1 1119.68 3663.00
17/10/2016 3.27 3.27 3.31 3.27 4 2442.93 8000.00
18/10/2016 3.29 3.29 3.29 3.29 2 23614.99 77720.00
19/10/2016 3.25 3.22 3.32 3.32 4 2850.09 9219.00
20/10/2016 3.25 3.22 3.34 3.34 20 33590.29 110813.00
24/10/2016 3.27 3.23 3.28 3.23 20 9059.20 29425.00
25/10/2016 3.22 3.16 3.24 3.16 12 29111.58 93441.00
26/10/2016 3.22 3.19 3.29 3.21 15 31656.30 101618.00
27/10/2016 3.27 3.27 3.34 3.34 20 137618.40 459600.00
28/10/2016 3.33 3.33 3.35 3.35 8 34302.81 114582.00
31/10/2016 3.25 3.22 3.33 3.22 6 6718.06 21690.00
01/11/2016 3.23 3.23 3.37 3.34 20 45499.57 151469.00
03/11/2016 3.35 3.35 3.44 3.41 20 32572.40 110245.00
04/11/2016 3.41 3.41 3.43 3.43 11 20866.70 71139.00
07/11/2016 3.43 3.43 3.48 3.48 5 6209.11 21311.00
08/11/2016 3.44 3.24 3.44 3.24 24 174771.30 583165.00
09/11/2016 3.21 3.17 3.24 3.22 8 5089.44 16378.00
10/11/2016 3.22 3.16 3.22 3.16 4 3155.45 10108.00
11/11/2016 3.15 3.15 3.29 3.26 26 73084.33 238837.00
14/11/2016 3.16 3.16 3.26 3.26 5 2646.51 8474.00
16/11/2016 3.25 3.25 3.31 3.31 15 60462.52 196978.00
17/11/2016 3.25 3.19 3.25 3.24 8 6412.69 20736.00
18/11/2016 3.16 3.14 3.25 3.25 12 8346.68 26410.00
21/11/2016 3.19 3.18 3.26 3.26 13 29518.74 95636.00
22/11/2016 3.22 3.20 3.29 3.24 20 39901.19 129498.00
23/11/2016 3.18 3.15 3.30 3.30 29 33590.29 109465.00
24/11/2016 3.25 3.21 3.29 3.29 18 56492.76 184184.00
25/11/2016 3.20 3.20 3.29 3.29 20 42242.33 138156.00
28/11/2016 3.25 3.21 3.25 3.24 5 11807.50 38170.00
29/11/2016 3.21 3.21 3.29 3.22 15 28297.27 92302.00
30/11/2016 3.22 3.22 3.26 3.26 16 31758.09 103019.00
01/12/2016 3.22 3.22 3.29 3.24 28 94256.39 307217.00
02/12/2016 3.24 3.22 3.29 3.27 31 144234.67 471834.00
05/12/2016 3.20 3.20 3.24 3.23 9 4173.34 13471.00
06/12/2016 3.20 3.05 3.20 3.05 4 2544.72 8035.00
07/12/2016 3.07 3.07 3.23 3.23 8 5191.23 16310.00
08/12/2016 3.20 3.07 3.29 3.10 20 34913.54 112330.00
09/12/2016 3.07 3.07 3.23 3.15 20 12520.02 39566.00
12/12/2016 3.10 3.10 3.21 3.19 3 4071.55 12864.00
13/12/2016 3.14 3.14 3.24 3.17 10 6005.54 19335.00
14/12/2016 3.17 3.15 3.17 3.15 2 1221.47 3874.00
15/12/2016 3.14 3.11 3.15 3.15 6 14962.95 46743.00
16/12/2016 3.14 3.11 3.15 3.15 8 4885.86 15354.00
19/12/2016 3.15 3.13 3.22 3.13 7 22495.32 71171.00
20/12/2016 3.12 3.12 3.23 3.23 8 4071.55 12869.00
23/12/2016 3.17 3.17 3.22 3.22 3 1119.68 3603.00
26/12/2016 3.17 3.17 3.23 3.23 4 10484.24 33699.00
27/12/2016 3.19 3.13 3.21 3.13 7 13537.90 43247.00
02/01/2017 3.09 3.09 3.09 3.09 1 2137.56 6615.00
03/01/2017 3.09 3.09 3.10 3.10 4 7125.21 22080.00
06/01/2017 3.16 3.10 3.16 3.10 5 7328.79 22935.00
10/01/2017 3.10 3.10 3.10 3.10 3 3867.97 12008.00
12/01/2017 3.10 3.10 3.23 3.23 9 11705.71 37335.00
13/01/2017 3.15 3.15 3.19 3.18 5 5700.17 18192.00
17/01/2017 3.15 3.10 3.15 3.10 12 3562.61 11168.00
18/01/2017 3.12 3.12 3.24 3.24 8 4173.34 13298.00
20/01/2017 3.15 3.10 3.15 3.10 6 1526.83 4766.00
23/01/2017 3.10 3.10 3.15 3.15 4 10484.24 32953.00
26/01/2017 3.14 3.10 3.14 3.10 2 508.94 1588.00
30/01/2017 3.10 3.10 3.10 3.10 1 407.16 1264.00
31/01/2017 3.22 3.22 3.22 3.22 1 101.79 328.00
01/02/2017 3.14 3.12 3.22 3.19 13 29620.53 93973.00
02/02/2017 3.19 3.19 3.19 3.19 2 1933.99 6175.00
03/02/2017 3.19 3.13 3.19 3.14 5 2341.14 7362.00
07/02/2017 3.14 3.14 3.14 3.14 1 1017.89 3200.00
08/02/2017 3.14 3.14 3.14 3.14 3 2137.56 6720.00
09/02/2017 3.15 3.15 3.15 3.15 1 2035.78 6420.00
10/02/2017 3.19 3.15 3.19 3.15 5 8143.10 25770.00
13/02/2017 3.21 3.21 3.22 3.22 4 8652.04 27877.00
14/02/2017 3.15 3.13 3.17 3.14 22 23818.57 75300.00
15/02/2017 3.14 3.14 3.16 3.16 13 29213.37 92370.00
16/02/2017 3.16 3.16 3.16 3.16 17 46822.83 148120.00
17/02/2017 3.16 3.14 3.16 3.14 4 3257.24 10292.00
20/02/2017 3.22 3.22 3.23 3.23 2 3155.45 10198.00
21/02/2017 3.23 3.17 3.25 3.25 11 13232.54 42802.00
22/02/2017 3.26 3.26 3.26 3.26 4 17304.09 56440.00
23/02/2017 3.15 3.15 3.15 3.15 1 203.58 642.00
24/02/2017 3.16 3.15 3.16 3.15 2 305.37 965.00
02/03/2017 3.17 3.17 3.18 3.17 4 2544.72 8076.00
03/03/2017 3.18 3.17 3.18 3.17 3 6209.11 19763.00
07/03/2017 3.17 3.17 3.26 3.26 5 9568.14 30954.00
08/03/2017 3.26 3.26 3.26 3.26 4 3257.24 10624.00
09/03/2017 3.19 3.19 3.19 3.19 1 203.58 650.00
10/03/2017 3.20 3.14 3.20 3.14 10 35626.07 112270.00
13/03/2017 3.16 3.15 3.16 3.15 2 508.94 1606.00
14/03/2017 3.16 3.14 3.16 3.14 3 19543.44 61686.00
15/03/2017 3.16 3.14 3.16 3.14 5 13334.33 42025.00
16/03/2017 3.14 3.14 3.14 3.14 2 13334.33 41920.00
22/03/2017 3.19 3.19 3.19 3.19 1 7125.21 22750.00
23/03/2017 3.24 3.24 3.24 3.24 1 407.16 1320.00
27/03/2017 3.23 3.23 3.24 3.24 4 6209.11 20129.00
28/03/2017 3.24 3.24 3.24 3.24 3 9771.72 31680.00
29/03/2017 3.28 3.28 3.29 3.29 5 916.10 3011.00
30/03/2017 3.29 3.20 3.34 3.34 12 12520.02 41187.00
31/03/2017 3.21 3.20 3.37 3.37 9 7735.95 25429.00
03/04/2017 3.34 3.22 3.34 3.34 33 52319.42 174591.00
05/04/2017 3.34 3.24 3.36 3.24 11 20866.70 69566.00
06/04/2017 3.35 3.34 3.35 3.34 4 5293.02 17682.00
07/04/2017 3.34 3.34 3.34 3.34 1 610.73 2040.00
10/04/2017 3.35 3.35 3.41 3.41 3 1628.62 5489.00
11/04/2017 3.35 3.35 3.35 3.35 1 3562.61 11935.00
12/04/2017 3.36 3.34 3.36 3.34 2 1933.99 6462.00
13/04/2017 3.32 3.15 3.32 3.29 5 4071.55 13370.00
18/04/2017 3.18 3.18 3.18 3.18 1 101.79 324.00
25/04/2017 3.29 3.29 3.44 3.44 10 7328.79 24820.00
27/04/2017 3.34 3.34 3.39 3.34 9 104333.48 353572.00
03/05/2017 3.38 3.38 3.38 3.38 3 5900.00 19942.00
04/05/2017 3.38 3.38 3.38 3.38 1 1000.00 3380.00
05/05/2017 3.38 3.38 3.74 3.74 3 400.00 1460.00
08/05/2017 3.49 3.49 3.68 3.68 4 2100.00 7411.00
11/05/2017 3.55 3.55 3.60 3.57 9 9100.00 32480.00
12/05/2017 3.54 3.54 3.54 3.54 1 200.00 708.00
15/05/2017 3.54 3.54 3.56 3.56 2 400.00 1420.00
16/05/2017 3.49 3.41 3.56 3.56 7 6100.00 21377.00
17/05/2017 3.45 3.42 3.45 3.42 2 200.00 687.00
18/05/2017 3.42 3.41 3.45 3.45 9 13800.00 47180.00
19/05/2017 3.42 3.42 3.42 3.42 3 2600.00 8892.00
22/05/2017 3.42 3.42 3.42 3.42 2 3300.00 11286.00
23/05/2017 3.42 3.41 3.42 3.41 4 9500.00 32406.00
24/05/2017 3.44 3.44 3.50 3.50 4 1000.00 3454.00
25/05/2017 3.42 3.41 3.42 3.41 2 5500.00 18768.00
29/05/2017 3.42 3.41 3.45 3.45 4 10700.00 36596.00
31/05/2017 3.45 3.41 3.45 3.41 4 900.00 3098.00
01/06/2017 3.42 3.41 3.42 3.41 2 5200.00 17736.00
02/06/2017 3.41 3.41 3.42 3.41 4 7000.00 23871.00
05/06/2017 3.41 3.41 3.41 3.41 3 6500.00 22165.00
06/06/2017 3.41 3.41 3.41 3.41 1 600.00 2046.00
07/06/2017 3.42 3.42 3.42 3.42 2 1400.00 4788.00
08/06/2017 3.41 3.41 3.41 3.41 3 1100.00 3751.00
14/06/2017 3.42 3.41 3.42 3.41 3 13800.00 47178.00
16/06/2017 3.41 3.41 3.41 3.41 3 18400.00 62744.00
