16/12/2016 60390.00 60010.00 60800.00 60750.00 5 5.00 60540.00
20/12/2016 59500.00 59500.00 59500.00 59500.00 1 1.00 11900.00
21/12/2016 59850.00 59690.00 59850.00 59690.00 3 10.00 119540.00
17/01/2017 65385.00 65385.00 66015.00 66015.00 5 9.00 118214.00
18/01/2017 66015.00 65715.00 66195.00 65715.00 11 22.00 290654.00
19/01/2017 65685.00 65215.00 65985.00 65585.00 7 7.00 91851.00
20/01/2017 65895.00 65600.00 66300.00 65985.00 31 78.00 1029563.00
23/01/2017 66285.00 66285.00 67385.00 67385.00 22 59.00 787531.00
24/01/2017 67200.00 67200.00 67650.00 67650.00 2 3.00 40500.00
26/01/2017 67600.00 67600.00 67600.00 67600.00 2 2.00 27040.00
27/01/2017 67450.00 67300.00 67450.00 67300.00 2 2.00 26950.00
30/01/2017 67100.00 65500.00 67100.00 65750.00 23 29.00 385069.00
31/01/2017 66180.00 66000.00 66185.00 66180.00 7 13.00 172033.00
01/02/2017 66400.00 66100.00 66900.00 66100.00 27 33.00 439701.00
02/02/2017 65855.00 65540.00 66400.00 65900.00 28 46.00 607742.00
03/02/2017 65700.00 65615.00 66600.00 66200.00 36 48.00 634917.00
06/02/2017 66500.00 65200.00 66550.00 65250.00 106 288.00 3779383.00
07/02/2017 65650.00 65155.00 66000.00 65485.00 88 182.00 2389353.00
08/02/2017 65640.00 64900.00 66130.00 66100.00 101 166.00 2179538.00
09/02/2017 66100.00 65745.00 66400.00 66170.00 210 595.00 7857824.00
10/02/2017 66345.00 66275.00 67400.00 67365.00 480 942.00 12616228.00
13/02/2017 67300.00 67300.00 68270.00 68170.00 1396 4231.00 57443179.00
14/02/2017 68100.00 67350.00 68260.00 67925.00 5073 12994.00 176570502.00
15/02/2017 68200.00 68120.00 69180.00 69055.00 235694 808141.00 11096747205.00
16/02/2017 68810.00 68675.00 69510.00 68825.00 268474 968900.00 13379368167.00
17/02/2017 68500.00 68130.00 68880.00 68640.00 228497 831716.00 11397740459.00
20/02/2017 69100.00 69015.00 69720.00 69600.00 109784 414932.00 5762357977.00
21/02/2017 69820.00 69570.00 70150.00 70150.00 196439 700177.00 9779559514.00
22/02/2017 69820.00 69215.00 69860.00 69585.00 205618 721527.00 10027253549.00
23/02/2017 69840.00 68150.00 70480.00 68300.00 294444 1088571.00 15084524290.00
24/02/2017 67965.00 67255.00 68130.00 67530.00 261942 913265.00 12361565751.00
01/03/2017 68215.00 67670.00 68375.00 67800.00 128889 445665.00 6056789412.00
02/03/2017 67485.00 66340.00 67680.00 66590.00 258539 903544.00 12092158180.00
03/03/2017 66690.00 66375.00 67625.00 67505.00 270819 912526.00 12244892758.00
06/03/2017 67150.00 66825.00 67635.00 67130.00 248141 845267.00 11346887404.00
07/03/2017 66995.00 66300.00 67350.00 66320.00 222641 795190.00 10632737650.00
08/03/2017 66320.00 65120.00 66500.00 65310.00 258041 935444.00 12300733064.00
09/03/2017 65105.00 64810.00 65740.00 65135.00 306561 1127091.00 14696570991.00
10/03/2017 65520.00 65075.00 66450.00 65300.00 278250 943836.00 12395159228.00
13/03/2017 65745.00 65615.00 66300.00 66050.00 229586 791322.00 10439129123.00
14/03/2017 65745.00 65290.00 66170.00 65380.00 295996 1032574.00 13567403776.00
15/03/2017 65820.00 65060.00 66980.00 66850.00 330693 1105615.00 14554088394.00
16/03/2017 67100.00 66015.00 67215.00 66210.00 311355 1056228.00 14039441681.00
17/03/2017 66410.00 64595.00 66680.00 64755.00 329403 1182219.00 15477030471.00
20/03/2017 64695.00 64120.00 65645.00 65185.00 379931 1282204.00 16671231213.00
21/03/2017 65385.00 63155.00 65530.00 63190.00 342728 1127761.00 14425687232.00
22/03/2017 62880.00 62630.00 64150.00 63780.00 399737 1352276.00 17174245674.00
23/03/2017 63790.00 63145.00 64340.00 63890.00 346480 1175369.00 14996803054.00
24/03/2017 63750.00 63490.00 64380.00 64375.00 300548 1027082.00 13158652380.00
27/03/2017 63640.00 63350.00 64835.00 64775.00 254549 854608.00 10937666111.00
28/03/2017 64775.00 64290.00 65180.00 64705.00 281172 970202.00 12564266914.00
29/03/2017 64780.00 64640.00 65995.00 65995.00 242056 801060.00 10479685025.00
30/03/2017 65675.00 65285.00 66080.00 65605.00 265695 918723.00 12055871324.00
31/03/2017 65275.00 65045.00 65850.00 65135.00 227837 797493.00 10434781522.00
03/04/2017 65385.00 64950.00 65590.00 65560.00 229367 776358.00 10137848303.00
04/04/2017 65295.00 65115.00 65975.00 65930.00 210461 718985.00 9423724019.00
05/04/2017 66250.00 64550.00 66320.00 64695.00 286208 1053088.00 13824888840.00
06/04/2017 64850.00 63850.00 65070.00 64330.00 272586 952129.00 12292945077.00
07/04/2017 64180.00 63965.00 65320.00 64695.00 289777 1000582.00 12936631344.00
10/04/2017 64570.00 64085.00 65065.00 64590.00 264970 908761.00 11737124150.00
11/04/2017 64550.00 63340.00 64920.00 64670.00 362911 1315700.00 16929166550.00
12/04/2017 64240.00 63770.00 64425.00 64135.00 50563 127084.00 1629720881.00
