30/01/2017 66435.00 66435.00 68095.00 68095.00 7 22.00 296125.00
13/02/2017 68500.00 68500.00 68500.00 68500.00 1 1.00 13700.00
14/02/2017 68700.00 68700.00 68700.00 68700.00 1 1.00 13740.00
15/02/2017 69360.00 69360.00 69450.00 69450.00 3 7.00 97158.00
16/02/2017 69990.00 69835.00 70040.00 69835.00 6 6.00 83994.00
20/02/2017 70500.00 70500.00 70500.00 70500.00 1 1.00 14100.00
23/02/2017 69500.00 69500.00 69500.00 69500.00 1 1.00 13900.00
02/03/2017 68000.00 68000.00 68000.00 68000.00 1 1.00 13600.00
06/03/2017 68150.00 68100.00 68400.00 68100.00 8 16.00 218300.00
07/03/2017 67500.00 67500.00 67500.00 67500.00 2 2.00 27000.00
08/03/2017 67000.00 66500.00 67300.00 66500.00 6 13.00 174151.00
09/03/2017 66600.00 66070.00 66700.00 66700.00 4 15.00 199674.00
15/03/2017 68000.00 68000.00 68000.00 68000.00 1 5.00 68000.00
17/03/2017 66800.00 66800.00 66800.00 66800.00 1 2.00 26720.00
21/03/2017 64745.00 64535.00 64745.00 64535.00 4 8.00 103382.00
23/03/2017 64995.00 64800.00 64995.00 64800.00 2 2.00 25959.00
24/03/2017 64475.00 64475.00 65350.00 65350.00 6 12.00 155893.00
27/03/2017 65200.00 65200.00 65850.00 65850.00 3 3.00 39290.00
29/03/2017 66775.00 66775.00 66775.00 66775.00 5 5.00 66775.00
30/03/2017 67000.00 67000.00 67000.00 67000.00 1 1.00 13400.00
31/03/2017 66500.00 66350.00 66500.00 66350.00 6 6.00 79706.00
03/04/2017 66300.00 66220.00 66500.00 66300.00 4 5.00 66308.00
04/04/2017 66720.00 66720.00 67000.00 67000.00 2 3.00 40088.00
05/04/2017 67250.00 65500.00 67350.00 65500.00 103 165.00 2201350.00
06/04/2017 65650.00 65015.00 66050.00 65015.00 149 209.00 2748085.00
07/04/2017 65115.00 64930.00 66350.00 65625.00 317 642.00 8445398.00
10/04/2017 66000.00 65150.00 66050.00 65700.00 1649 3079.00 40396161.00
11/04/2017 65650.00 64410.00 65990.00 65670.00 9167 19680.00 257434045.00
12/04/2017 65205.00 64765.00 65475.00 64910.00 279218 997972.00 12997522366.00
13/04/2017 64745.00 63705.00 65030.00 63770.00 271684 948628.00 12225208195.00
17/04/2017 64025.00 63940.00 65525.00 65525.00 246605 866786.00 11211391665.00
18/04/2017 64970.00 64680.00 65650.00 65050.00 298660 992737.00 12919464300.00
19/04/2017 65250.00 64100.00 65530.00 64230.00 298405 1052395.00 13647344995.00
20/04/2017 64650.00 64250.00 65085.00 64630.00 296140 1063400.00 13744291323.00
24/04/2017 65505.00 65120.00 65690.00 65420.00 237478 829268.00 10844228541.00
25/04/2017 65500.00 64705.00 66020.00 65950.00 276389 1049539.00 13729098023.00
26/04/2017 65755.00 65475.00 66325.00 65650.00 297199 1101587.00 14513279833.00
27/04/2017 65890.00 65030.00 66170.00 65495.00 268120 995340.00 13051985658.00
28/04/2017 65765.00 65315.00 66245.00 66200.00 216364 770919.00 10158677064.00
02/05/2017 66500.00 66310.00 67745.00 67705.00 240811 873182.00 11751068237.00
03/05/2017 67410.00 66660.00 67530.00 66710.00 290220 1096299.00 14690603625.00
04/05/2017 66750.00 65365.00 66780.00 65365.00 278877 1025431.00 13510370774.00
05/05/2017 65425.00 65105.00 66525.00 66440.00 270570 1022723.00 13514578507.00
08/05/2017 66200.00 65925.00 66740.00 66380.00 246782 875121.00 11595702685.00
09/05/2017 66540.00 66400.00 67230.00 66920.00 243140 920025.00 12299570666.00
10/05/2017 67295.00 67165.00 68205.00 68090.00 245971 942222.00 12785960324.00
11/05/2017 67985.00 67745.00 68365.00 68090.00 274771 1017458.00 13852784091.00
12/05/2017 68150.00 68150.00 69065.00 68605.00 246993 908360.00 12498499929.00
15/05/2017 68960.00 68635.00 69205.00 69140.00 248452 939791.00 12958840911.00
16/05/2017 69250.00 68655.00 69440.00 69365.00 243074 943582.00 13035192836.00
17/05/2017 69000.00 67630.00 69065.00 67985.00 298500 1157155.00 15823363075.00
18/05/2017 61180.00 57780.00 63655.00 61490.00 313004 816551.00 10089415570.00
19/05/2017 63300.00 62015.00 63940.00 63080.00 401518 1053322.00 13305106279.00
22/05/2017 62510.00 61040.00 62790.00 62215.00 400289 1092465.00 13505376694.00
23/05/2017 62000.00 61510.00 63195.00 63160.00 320409 1021890.00 12796893302.00
24/05/2017 62890.00 62725.00 64375.00 63780.00 372720 1205803.00 15386931098.00
25/05/2017 63610.00 63000.00 64290.00 63685.00 369341 1211497.00 15399182194.00
26/05/2017 63450.00 63225.00 64485.00 64470.00 336353 1098724.00 14080330336.00
29/05/2017 64270.00 63740.00 64300.00 64205.00 160871 520694.00 6660413465.00
30/05/2017 64050.00 63700.00 64370.00 64200.00 272957 922092.00 11829130754.00
31/05/2017 63930.00 62760.00 64175.00 62915.00 290566 1022003.00 12955715831.00
01/06/2017 63000.00 62285.00 63460.00 62520.00 292342 1017003.00 12816333103.00
02/06/2017 62755.00 62265.00 63040.00 62510.00 296696 1007808.00 12627003423.00
05/06/2017 62500.00 62050.00 62950.00 62645.00 265130 902526.00 11283028972.00
06/06/2017 62265.00 62225.00 63455.00 63130.00 283332 959121.00 12055315553.00
07/06/2017 63180.00 63020.00 63810.00 63300.00 286460 1022562.00 12960095165.00
08/06/2017 63380.00 62415.00 63525.00 62715.00 293689 1019733.00 12795920141.00
09/06/2017 63000.00 62120.00 63170.00 62210.00 320616 1006445.00 12607752920.00
12/06/2017 62140.00 61280.00 62465.00 61685.00 333384 1103008.00 13634782417.00
13/06/2017 61980.00 61470.00 62100.00 61780.00 294246 1023621.00 12645009203.00
14/06/2017 61855.00 61800.00 62490.00 62005.00 36707 109196.00 1357849935.00
