01/06/2016 48500.00 48225.00 49325.00 49100.00 184776 480220.00 4689169844.00
02/06/2016 49045.00 48935.00 50210.00 50145.00 192345 478662.00 4745907119.00
03/06/2016 50000.00 50000.00 50895.00 50720.00 196854 488086.00 4934175860.00
06/06/2016 51025.00 50210.00 51190.00 50410.00 205622 527046.00 5345035125.00
07/06/2016 50530.00 49935.00 50785.00 50770.00 210875 553921.00 5592678887.00
08/06/2016 50855.00 50750.00 51960.00 51695.00 221121 575722.00 5929195263.00
09/06/2016 51355.00 50885.00 51640.00 51150.00 202152 521283.00 5343332695.00
10/06/2016 50560.00 49265.00 50665.00 49265.00 191713 512040.00 5122393896.00
13/06/2016 49000.00 48760.00 49830.00 49680.00 221683 575943.00 5688268465.00
14/06/2016 49200.00 48195.00 49925.00 48485.00 250613 656925.00 6435451159.00
15/06/2016 48760.00 48250.00 49390.00 48885.00 33666 66409.00 649576927.00
