01/06/2016 49500.00 49500.00 50320.00 50320.00 12 21.00 209553.00
02/06/2016 50075.00 50075.00 51150.00 51150.00 22 93.00 946893.00
03/06/2016 51500.00 51455.00 51900.00 51900.00 11 16.00 165353.00
06/06/2016 52000.00 51600.00 52200.00 51700.00 24 85.00 881267.00
07/06/2016 51500.00 51025.00 51895.00 51895.00 15 27.00 278033.00
08/06/2016 52000.00 51950.00 53025.00 52830.00 147 219.00 2305588.00
09/06/2016 52500.00 52000.00 52660.00 52025.00 162 206.00 2153502.00
10/06/2016 51550.00 50360.00 51730.00 50400.00 658 890.00 9080419.00
13/06/2016 50025.00 49850.00 50845.00 50800.00 917 1330.00 13428581.00
14/06/2016 50385.00 49215.00 50945.00 49535.00 5378 8464.00 84312928.00
15/06/2016 49800.00 49140.00 50450.00 49750.00 230781 588401.00 5875171503.00
16/06/2016 49400.00 49020.00 50535.00 50535.00 231210 592150.00 5888525227.00
17/06/2016 50500.00 50365.00 51225.00 50555.00 198989 527503.00 5355608481.00
20/06/2016 51530.00 51210.00 51800.00 51380.00 190859 514242.00 5297895712.00
21/06/2016 51375.00 50600.00 51885.00 51850.00 211537 557391.00 5709350330.00
22/06/2016 52080.00 50920.00 52230.00 50925.00 240856 642779.00 6636395255.00
23/06/2016 51750.00 51330.00 53065.00 53065.00 231192 607333.00 6323355517.00
24/06/2016 50100.00 49915.00 51300.00 50645.00 258995 652140.00 6617423569.00
27/06/2016 50390.00 49785.00 50975.00 49920.00 234408 573472.00 5761733327.00
28/06/2016 50785.00 50520.00 51190.00 51020.00 213316 547314.00 5565843910.00
29/06/2016 51505.00 51360.00 52110.00 52060.00 180990 468374.00 4851307158.00
30/06/2016 51900.00 51355.00 52480.00 52180.00 215762 563894.00 5859483420.00
01/07/2016 52385.00 52215.00 53230.00 53070.00 191167 493946.00 5208864057.00
04/07/2016 53355.00 53155.00 53735.00 53435.00 112257 309532.00 3309012540.00
05/07/2016 52820.00 52230.00 53020.00 52560.00 196083 511432.00 5378293109.00
06/07/2016 52135.00 51520.00 52860.00 52845.00 226084 574782.00 5990315501.00
07/07/2016 52910.00 52560.00 53460.00 52735.00 270593 674053.00 7139240543.00
08/07/2016 53200.00 53050.00 53955.00 53860.00 180757 494874.00 5306264975.00
11/07/2016 53955.00 53950.00 54740.00 54500.00 162828 453784.00 4944345422.00
12/07/2016 55100.00 54640.00 55450.00 54770.00 203373 582950.00 6429340461.00
13/07/2016 54845.00 54335.00 55345.00 55345.00 232127 623935.00 6838627973.00
14/07/2016 55955.00 55610.00 56270.00 55830.00 226075 611107.00 6837088535.00
15/07/2016 55745.00 55715.00 56275.00 55800.00 192432 517204.00 5794758873.00
18/07/2016 55935.00 55855.00 57400.00 57400.00 181764 523488.00 5925537896.00
19/07/2016 56950.00 56725.00 57475.00 57475.00 205197 563397.00 6426646202.00
20/07/2016 57405.00 56735.00 57565.00 57070.00 227729 624555.00 7141956115.00
21/07/2016 57010.00 56700.00 57440.00 57325.00 236724 641423.00 7321818496.00
22/07/2016 57300.00 57000.00 57685.00 57440.00 185997 521494.00 5983015828.00
25/07/2016 57360.00 56825.00 57620.00 57380.00 200244 558048.00 6391786506.00
26/07/2016 57580.00 57145.00 57770.00 57300.00 200676 564011.00 6480511856.00
27/07/2016 57490.00 57100.00 57795.00 57200.00 194388 554045.00 6365410084.00
28/07/2016 56900.00 56315.00 57190.00 57190.00 221871 629691.00 7147494865.00
29/07/2016 56950.00 56655.00 57850.00 57845.00 214702 602346.00 6899259431.00
01/08/2016 57560.00 56935.00 57980.00 57040.00 202783 564628.00 6490859336.00
02/08/2016 56865.00 55970.00 57270.00 56500.00 257016 740532.00 8372195715.00
03/08/2016 56350.00 56025.00 57435.00 57435.00 243340 679936.00 7705041174.00
04/08/2016 57555.00 57345.00 58330.00 57820.00 251749 717737.00 8297634777.00
05/08/2016 57890.00 57470.00 58200.00 57820.00 222815 625294.00 7231527771.00
08/08/2016 57935.00 57530.00 58120.00 57880.00 177881 523830.00 6061955965.00
09/08/2016 57970.00 57740.00 58280.00 57910.00 181140 520113.00 6031468539.00
10/08/2016 57920.00 56820.00 58105.00 56860.00 222175 650888.00 7465444331.00
11/08/2016 57045.00 57010.00 58590.00 58590.00 217434 634205.00 7319596689.00
12/08/2016 58455.00 58035.00 58815.00 58180.00 239450 653172.00 7628800663.00
15/08/2016 58300.00 58295.00 59405.00 59055.00 200925 577207.00 6798809739.00
16/08/2016 58880.00 58585.00 59200.00 58600.00 235372 640604.00 7549301951.00
17/08/2016 58505.00 57825.00 58855.00 58845.00 34318 70031.00 819059109.00
