28/07/2016 58445.00 58445.00 58445.00 58445.00 1 1.00 11689.00
17/08/2016 60505.00 60280.00 61350.00 61350.00 7 14.00 169676.00
18/08/2016 61350.00 61160.00 61600.00 61160.00 6 14.00 171770.00
19/08/2016 61150.00 60900.00 61420.00 61365.00 8 15.00 183781.00
22/08/2016 61100.00 59690.00 61100.00 60050.00 11 24.00 290446.00
23/08/2016 60100.00 60000.00 60450.00 60000.00 25 53.00 638489.00
24/08/2016 59700.00 59695.00 60420.00 59930.00 20 54.00 648145.00
25/08/2016 59930.00 59700.00 60100.00 59700.00 18 35.00 419489.00
26/08/2016 59950.00 59470.00 60600.00 59800.00 33 65.00 780034.00
29/08/2016 60000.00 60000.00 60950.00 60950.00 12 20.00 241299.00
30/08/2016 60250.00 60250.00 60950.00 60670.00 14 59.00 717099.00
31/08/2016 60000.00 59505.00 60000.00 59555.00 8 16.00 190875.00
01/09/2016 59825.00 59710.00 60300.00 60100.00 20 23.00 275855.00
02/09/2016 60980.00 60910.00 61600.00 61520.00 15 49.00 600964.00
05/09/2016 61700.00 61320.00 61750.00 61320.00 53 229.00 2814152.00
06/09/2016 61100.00 61100.00 61990.00 61990.00 43 71.00 876311.00
08/09/2016 61845.00 61765.00 62075.00 61975.00 11 67.00 830363.00
09/09/2016 61165.00 59500.00 61165.00 59500.00 37 129.00 1564304.00
12/09/2016 59000.00 59000.00 60330.00 60330.00 11 23.00 274069.00
13/09/2016 59435.00 58150.00 59435.00 58310.00 24 53.00 619996.00
14/09/2016 58665.00 58400.00 59000.00 58690.00 12 33.00 387813.00
15/09/2016 58890.00 58890.00 59790.00 59530.00 45 123.00 1457169.00
16/09/2016 59500.00 58475.00 59500.00 58600.00 19 79.00 930504.00
19/09/2016 59305.00 58810.00 59610.00 58870.00 44 112.00 1327404.00
20/09/2016 59425.00 59115.00 59425.00 59115.00 17 39.00 462144.00
21/09/2016 59570.00 58905.00 60115.00 60115.00 57 81.00 962289.00
22/09/2016 60300.00 60300.00 61005.00 60390.00 39 55.00 667344.00
23/09/2016 60650.00 60050.00 60650.00 60190.00 28 68.00 820712.00
26/09/2016 59645.00 59440.00 59650.00 59500.00 15 28.00 333409.00
27/09/2016 59710.00 58830.00 60000.00 59945.00 33 54.00 639907.00
28/09/2016 60000.00 59900.00 60900.00 60900.00 92 124.00 1499403.00
29/09/2016 60850.00 59610.00 60905.00 59615.00 54 160.00 1924402.00
30/09/2016 59735.00 59700.00 60250.00 59700.00 20 62.00 743969.00
03/10/2016 59950.00 59900.00 60900.00 60795.00 37 128.00 1553614.00
04/10/2016 60450.00 60300.00 60600.00 60600.00 9 18.00 217632.00
05/10/2016 60935.00 60935.00 61850.00 61370.00 131 261.00 3212229.00
06/10/2016 61295.00 61295.00 62100.00 61960.00 115 289.00 3566963.00
07/10/2016 61750.00 61700.00 62635.00 62405.00 283 659.00 8209366.00
10/10/2016 62425.00 62415.00 63115.00 63085.00 1295 4273.00 53719983.00
11/10/2016 63000.00 62030.00 63000.00 62200.00 6735 16298.00 203401948.00
13/10/2016 61800.00 61455.00 62615.00 62380.00 229545 684375.00 8496559476.00
14/10/2016 62690.00 62625.00 63315.00 63175.00 212226 625777.00 7892649378.00
17/10/2016 62950.00 62905.00 64145.00 64145.00 198674 584366.00 7407677102.00
18/10/2016 64190.00 63965.00 65190.00 64960.00 249698 777404.00 10033016317.00
19/10/2016 64860.00 64450.00 65275.00 64640.00 280939 836260.00 10850751909.00
20/10/2016 64320.00 63830.00 65125.00 64995.00 297935 895351.00 11567343148.00
21/10/2016 64700.00 64455.00 65545.00 65150.00 241305 739809.00 9619186290.00
24/10/2016 65560.00 64955.00 65810.00 65170.00 246448 752739.00 9845002852.00
25/10/2016 65040.00 64255.00 65330.00 64840.00 281393 847057.00 10983850890.00
26/10/2016 64405.00 64065.00 65000.00 64990.00 310811 897318.00 11585932967.00
27/10/2016 64810.00 64750.00 65675.00 65140.00 258843 772873.00 10104504213.00
28/10/2016 65065.00 64705.00 65745.00 65280.00 328432 976505.00 12750548235.00
31/10/2016 65235.00 65225.00 66015.00 65980.00 239842 738646.00 9702066542.00
01/11/2016 66200.00 63860.00 66320.00 64110.00 351170 1104675.00 14339485220.00
03/11/2016 63640.00 62520.00 64420.00 62590.00 335109 989270.00 12593024054.00
04/11/2016 62590.00 62250.00 63570.00 62435.00 349295 1044878.00 13136595107.00
07/11/2016 63665.00 63500.00 65135.00 65135.00 254638 789465.00 10152335158.00
08/11/2016 64900.00 64130.00 65620.00 65000.00 370572 1129071.00 14662390980.00
09/11/2016 63010.00 62220.00 65155.00 63940.00 513175 1430851.00 18262530174.00
10/11/2016 64350.00 61125.00 64950.00 61735.00 482511 1380185.00 17424421520.00
11/11/2016 61315.00 59405.00 62390.00 59900.00 467973 1120444.00 13591379480.00
14/11/2016 59920.00 58845.00 60565.00 60440.00 441948 1190516.00 14222410292.00
16/11/2016 61140.00 59830.00 61605.00 61605.00 462590 1146936.00 13962685466.00
17/11/2016 61645.00 60085.00 62115.00 60280.00 381893 1020657.00 12500420902.00
18/11/2016 59890.00 59760.00 60750.00 60450.00 355868 991581.00 11956629269.00
21/11/2016 60800.00 60715.00 61680.00 61640.00 288188 789973.00 9679635738.00
22/11/2016 62355.00 61840.00 63075.00 62675.00 299110 862668.00 10777373452.00
23/11/2016 62520.00 61630.00 62650.00 62495.00 300411 835941.00 10387999858.00
24/11/2016 62450.00 61665.00 62665.00 61730.00 154272 443052.00 5510440865.00
25/11/2016 60995.00 60700.00 62050.00 61995.00 225926 644696.00 7928064148.00
28/11/2016 61600.00 61555.00 63380.00 63380.00 276726 798258.00 9953252008.00
29/11/2016 62955.00 61210.00 62985.00 61320.00 289950 859577.00 10699710070.00
30/11/2016 62055.00 61965.00 62925.00 62250.00 346729 1039763.00 12986393401.00
01/12/2016 61970.00 59240.00 62040.00 59675.00 386414 1188757.00 14423898735.00
02/12/2016 59500.00 58235.00 60620.00 60450.00 388193 1091248.00 12998318413.00
05/12/2016 60935.00 59760.00 60960.00 59905.00 313652 881021.00 10636336360.00
06/12/2016 59240.00 59000.00 61415.00 61230.00 352789 996870.00 12062444697.00
07/12/2016 61635.00 61150.00 62150.00 61580.00 330557 955761.00 11772811900.00
08/12/2016 61900.00 60550.00 62200.00 60700.00 323007 938044.00 11509254059.00
09/12/2016 60760.00 60350.00 61350.00 60600.00 320116 899387.00 10936954788.00
12/12/2016 59995.00 59050.00 60165.00 59255.00 294723 845576.00 10080345743.00
13/12/2016 59690.00 58715.00 59945.00 59430.00 326777 924264.00 10955860197.00
14/12/2016 59150.00 58550.00 59575.00 58910.00 48488 103741.00 1224555566.00
