20/06/2016 28.95 28.01 29.54 28.68 33 5857.93 167596.00
21/06/2016 29.53 28.68 29.93 28.69 36 50420.06 1449935.00
22/06/2016 28.21 28.21 29.64 28.97 13 11088.23 326792.00
23/06/2016 30.97 30.97 30.97 30.97 3 313.82 9720.00
24/06/2016 29.64 29.27 30.78 30.78 5 62658.96 1858222.00
27/06/2016 29.92 29.64 30.54 30.54 25 34415.36 1025968.00
28/06/2016 29.74 29.74 30.59 30.59 15 333483.75 10201511.00
29/06/2016 30.59 29.85 30.59 30.59 30 9414.53 286229.00
30/06/2016 29.85 29.85 30.59 30.59 52 93622.32 2859511.00
01/07/2016 30.59 30.11 30.59 30.11 7 2719.75 82050.00
04/07/2016 30.11 29.79 30.12 30.11 21 5334.90 160624.00
05/07/2016 30.11 30.11 30.59 30.11 10 2196.72 66497.00
06/07/2016 29.79 29.79 29.79 29.79 1 104.61 3116.00
07/07/2016 30.11 29.83 30.11 29.83 8 1046.06 31350.00
08/07/2016 30.11 29.20 30.11 29.20 2 209.21 6205.00
11/07/2016 29.20 29.20 29.20 29.20 2 313.82 9165.00
12/07/2016 30.02 30.02 30.02 30.02 1 104.61 3140.00
13/07/2016 30.50 30.50 30.59 30.59 5 1778.30 54301.00
14/07/2016 30.59 30.59 30.83 30.83 11 124376.47 3833620.00
15/07/2016 30.78 30.78 30.78 30.78 1 104.61 3220.00
18/07/2016 30.26 30.26 30.55 30.55 2 209.21 6361.00
19/07/2016 29.92 29.92 31.36 31.36 3 313.82 9600.00
20/07/2016 31.36 31.36 31.36 31.36 1 139335.12 4368960.00
21/07/2016 29.83 29.83 31.07 30.50 17 27929.79 867427.00
22/07/2016 32.98 30.40 32.98 30.40 5 30649.54 952474.00
25/07/2016 30.40 30.11 30.40 30.11 18 63705.02 1936279.00
26/07/2016 29.73 29.73 30.21 30.10 13 2719.75 81935.00
27/07/2016 29.73 29.73 30.59 30.59 4 418.42 12680.00
28/07/2016 30.35 30.35 32.69 32.69 4 1150.67 35470.00
29/07/2016 31.56 31.55 33.80 33.80 22 4916.48 164553.00
01/08/2016 32.50 32.31 33.16 33.11 14 1987.51 65585.00
02/08/2016 33.00 32.80 33.00 32.98 4 418.42 13764.00
03/08/2016 32.50 32.02 32.79 32.51 5 732.24 23784.00
04/08/2016 32.50 32.12 33.46 32.12 20 15272.47 496417.00
05/08/2016 31.56 30.59 31.56 30.59 23 3765.81 117007.00
08/08/2016 30.59 30.59 30.59 30.59 2 418.42 12800.00
09/08/2016 30.60 30.30 31.21 31.21 3 418.42 12806.00
10/08/2016 31.21 30.80 32.36 30.84 16 12552.71 404519.00
11/08/2016 30.61 30.60 32.74 30.73 20 2196.72 68925.00
12/08/2016 32.36 31.12 32.36 31.12 44 125422.53 3913218.00
15/08/2016 32.98 30.88 33.46 30.88 18 7531.63 237109.00
16/08/2016 32.48 31.93 32.48 32.03 65 8891.51 284751.00
17/08/2016 32.03 32.03 32.03 32.03 2 209.21 6702.00
18/08/2016 32.03 30.70 32.31 32.31 10 10042.17 322174.00
19/08/2016 32.03 32.02 32.50 32.02 5 732.24 23553.00
22/08/2016 31.57 31.56 32.03 32.02 62 10879.02 346942.00
23/08/2016 32.02 32.02 32.50 32.02 35 95296.01 3052362.00
24/08/2016 32.02 32.02 32.60 32.02 23 8263.87 265801.00
25/08/2016 33.36 32.45 33.36 32.78 19 12134.29 395737.00
26/08/2016 33.46 32.50 33.46 32.98 32 21548.82 710156.00
29/08/2016 34.41 32.98 34.41 33.93 29 10565.20 352499.00
30/08/2016 33.94 33.46 34.02 34.00 17 5857.93 198744.00
31/08/2016 34.05 33.32 35.85 33.32 26 29289.66 1009575.00
01/09/2016 34.26 32.98 34.26 32.98 22 57742.48 1905136.00
02/09/2016 33.75 32.98 33.75 32.98 19 4811.87 158920.00
05/09/2016 32.98 32.98 32.98 32.98 3 732.24 24150.00
08/09/2016 32.98 32.98 33.44 33.44 6 7740.84 256025.00
09/09/2016 33.46 33.22 33.84 33.22 16 8263.87 277423.00
12/09/2016 33.12 33.12 33.12 33.12 1 418.42 13860.00
13/09/2016 32.98 32.98 33.44 33.41 8 12238.90 403743.00
16/09/2016 33.41 33.41 36.33 35.98 153 28139.00 978357.00
19/09/2016 33.94 33.94 37.27 35.84 36 8473.08 302640.00
20/09/2016 33.96 33.96 36.22 35.82 105 11402.05 405535.00
21/09/2016 35.82 34.65 35.82 34.89 5 44143.71 1540422.00
22/09/2016 33.95 33.95 34.66 34.65 9 9623.75 333429.00
23/09/2016 34.89 34.89 34.89 34.89 2 176993.26 6175800.00
26/09/2016 33.96 33.09 34.05 33.46 21 4707.27 158211.00
27/09/2016 35.36 34.21 35.84 34.21 7 3033.57 105957.00
28/09/2016 34.42 33.12 35.54 33.51 54 11297.44 391771.00
29/09/2016 34.29 33.51 34.29 33.51 4 3975.03 134847.00
30/09/2016 33.39 33.39 35.30 33.45 6 1569.09 53407.00
03/10/2016 35.36 33.70 35.36 34.41 7 49060.19 1654373.00
04/10/2016 33.55 32.79 34.40 34.40 8 12657.32 416286.00
05/10/2016 33.94 33.46 33.94 33.46 2 209.21 7050.00
06/10/2016 32.99 32.98 33.94 33.94 4 732.24 24452.00
07/10/2016 33.11 30.59 34.13 32.50 19 5857.93 191628.00
10/10/2016 32.50 32.50 32.50 32.50 5 2092.12 68000.00
11/10/2016 33.24 33.24 33.24 33.24 1 104.61 3477.00
13/10/2016 32.98 31.65 32.98 32.08 7 7531.63 248106.00
14/10/2016 32.98 32.98 32.98 32.98 1 104.61 3450.00
17/10/2016 32.98 32.50 32.98 32.50 5 5544.12 182200.00
18/10/2016 32.93 32.51 32.98 32.51 45 85986.09 2835791.00
19/10/2016 32.54 32.54 32.54 32.54 1 104.61 3404.00
21/10/2016 32.96 32.95 32.98 32.95 5 25419.24 838340.00
24/10/2016 32.89 32.89 32.89 32.89 1 104.61 3440.00
25/10/2016 32.51 32.51 32.66 32.53 7 732.24 23830.00
26/10/2016 32.08 32.08 32.98 32.23 5 122911.98 4053577.00
27/10/2016 32.98 32.96 32.98 32.97 33 39436.44 1300633.00
28/10/2016 34.32 34.32 34.32 34.32 1 104.61 3590.00
31/10/2016 32.97 32.07 33.93 32.98 28 16841.56 554505.00
01/11/2016 32.50 32.50 32.50 32.50 2 313.82 10200.00
03/11/2016 32.31 32.31 32.50 32.50 4 4811.87 155520.00
04/11/2016 32.50 32.50 32.50 32.50 6 2405.94 78200.00
07/11/2016 32.50 32.50 32.51 32.51 2 1987.51 64602.00
08/11/2016 32.98 32.98 32.98 32.98 3 5857.93 193200.00
09/11/2016 32.98 32.98 32.98 32.98 3 88915.05 2932500.00
10/11/2016 33.89 32.98 33.89 33.30 11 106698.06 3549652.00
11/11/2016 32.98 32.50 32.98 32.98 4 1569.09 51650.00
14/11/2016 32.98 32.74 33.94 33.94 3 55441.15 1815400.00
16/11/2016 34.41 34.41 34.41 34.41 1 9100.72 313200.00
17/11/2016 34.41 32.98 34.41 34.41 13 6380.96 217953.00
21/11/2016 34.41 34.41 34.41 34.41 1 209.21 7198.00
22/11/2016 33.56 33.22 33.56 33.22 11 190069.00 6314255.00
25/11/2016 32.50 32.50 32.50 32.50 1 104.61 3400.00
28/11/2016 33.22 33.22 33.64 33.64 22 52826.00 1755095.00
29/11/2016 33.57 32.65 33.94 33.46 14 2196.72 73627.00
01/12/2016 33.08 33.08 33.22 33.22 5 45503.59 1511610.00
02/12/2016 32.97 32.97 32.99 32.99 2 209.21 6900.00
05/12/2016 33.21 33.21 33.21 33.21 1 63286.60 2101770.00
06/12/2016 33.21 32.55 33.21 32.80 19 19038.28 631273.00
07/12/2016 32.81 32.81 32.81 32.81 1 104.61 3432.00
08/12/2016 32.74 32.74 33.30 33.30 2 5230.30 171308.00
09/12/2016 33.70 33.54 33.70 33.54 2 19665.92 659708.00
12/12/2016 33.23 32.69 33.46 32.69 13 71968.89 2390808.00
13/12/2016 32.79 32.79 32.79 32.79 3 3452.00 113190.00
14/12/2016 32.98 32.79 32.98 32.79 9 3033.57 99533.00
16/12/2016 34.41 34.41 34.41 34.41 1 104.61 3599.00
19/12/2016 34.41 34.32 34.41 34.32 2 313.82 10779.00
21/12/2016 33.94 33.04 33.94 33.04 4 1673.70 56135.00
22/12/2016 33.05 32.79 33.05 32.79 12 3452.00 113281.00
23/12/2016 32.79 31.73 33.37 33.37 26 12761.93 420833.00
26/12/2016 32.50 32.50 33.36 33.36 7 1255.27 41790.00
28/12/2016 32.61 32.60 33.25 32.79 23 7427.02 243078.00
29/12/2016 32.51 32.02 33.36 32.02 9 1359.88 43951.00
03/01/2017 32.98 30.78 32.98 31.56 40 10146.78 325759.00
04/01/2017 32.26 31.70 32.26 31.70 13 22908.70 730188.00
05/01/2017 31.70 31.36 31.70 31.36 46 40900.92 1292864.00
06/01/2017 31.36 30.30 31.55 30.52 37 31591.00 986238.00
09/01/2017 30.59 30.31 30.59 30.35 14 28766.63 879602.00
10/01/2017 30.78 30.21 30.78 30.21 5 523.03 15990.00
11/01/2017 30.59 29.92 30.59 30.11 28 4184.24 125767.00
12/01/2017 30.41 30.39 30.41 30.41 17 7740.84 235386.00
13/01/2017 30.41 30.40 30.41 30.41 4 6171.75 187674.00
16/01/2017 30.21 30.21 30.21 30.21 1 104.61 3160.00
17/01/2017 30.02 28.73 30.02 29.16 95 21235.01 624815.00
18/01/2017 29.44 29.16 29.44 29.30 31 104396.73 3058899.00
19/01/2017 29.30 28.88 29.31 29.31 39 31800.21 931645.00
20/01/2017 29.25 28.90 29.25 28.90 9 1987.51 57739.00
23/01/2017 28.87 28.20 28.87 28.68 28 6380.96 181700.00
24/01/2017 28.97 28.97 29.30 28.97 27 7008.60 203400.00
26/01/2017 28.97 28.92 29.16 28.97 11 121029.08 3506115.00
27/01/2017 28.97 28.69 29.44 29.19 22 479932.07 13993014.00
30/01/2017 29.20 29.20 29.21 29.21 3 2615.15 76380.00
31/01/2017 29.37 29.37 29.73 29.73 2 209.21 6182.00
01/02/2017 29.64 29.25 29.64 29.54 50 39959.47 1177272.00
02/02/2017 29.64 29.16 29.64 29.47 4 627.64 18466.00
03/02/2017 30.02 29.54 30.05 29.61 42 42679.23 1262667.00
06/02/2017 29.78 29.73 29.78 29.78 3 313.82 9340.00
07/02/2017 30.59 30.40 30.59 30.40 5 357438.51 10866080.00
08/02/2017 30.59 29.93 31.08 31.07 6 836.85 25834.00
09/02/2017 30.59 30.59 31.07 31.07 2 9519.14 291250.00
10/02/2017 31.26 31.26 31.27 31.27 3 627.64 19621.00
13/02/2017 32.02 30.13 32.22 31.55 24 32009.42 1005589.00
14/02/2017 31.07 31.07 31.83 31.83 4 8054.66 250770.00
15/02/2017 31.07 31.07 31.55 31.55 12 55127.33 1714100.00
16/02/2017 30.60 30.60 31.00 30.98 6 73851.80 2280407.00
17/02/2017 31.69 30.69 31.69 30.69 454 502317.74 15499952.00
20/02/2017 30.69 30.50 31.53 30.97 22 12238.90 376161.00
21/02/2017 30.21 30.21 31.36 31.36 20 3242.78 100360.00
22/02/2017 30.97 30.97 33.46 32.23 19 43829.89 1364148.00
23/02/2017 33.00 32.22 33.00 32.22 3 9100.72 296880.00
24/02/2017 31.16 31.16 32.88 32.88 17 10146.78 330512.00
01/03/2017 32.50 30.11 32.78 32.50 78 88601.23 2872546.00
02/03/2017 30.83 30.83 33.40 32.03 126 25210.03 814635.00
03/03/2017 31.55 31.55 32.26 32.02 6 836.85 26884.00
06/03/2017 32.02 32.02 32.02 32.02 8 8263.87 264639.00
07/03/2017 32.02 31.16 32.02 31.16 21 3138.18 98088.00
08/03/2017 31.50 30.70 31.50 31.43 3 313.82 9794.00
09/03/2017 31.51 31.51 31.51 31.51 1 104.61 3296.00
10/03/2017 31.51 31.51 31.88 31.87 10 56278.00 1775999.00
13/03/2017 31.55 31.55 31.55 31.55 6 9623.75 303600.00
14/03/2017 31.55 31.55 32.49 32.49 3 4288.84 135399.00
15/03/2017 32.02 32.02 33.45 33.45 11 49269.40 1578750.00
16/03/2017 32.02 32.02 32.02 32.02 1 63705.02 2040150.00
20/03/2017 32.53 32.53 33.46 33.46 2 76676.16 2494496.00
22/03/2017 32.53 32.53 32.60 32.53 4 8786.90 285866.00
23/03/2017 32.55 32.53 33.35 32.53 22 8054.66 264639.00
24/03/2017 32.74 32.74 32.74 32.74 2 418.42 13700.00
27/03/2017 33.46 33.46 34.41 34.41 2 732.24 24600.00
30/03/2017 34.40 34.40 34.41 34.41 10 1046.06 35995.00
31/03/2017 33.94 33.94 33.94 33.94 2 209.21 7100.00
03/04/2017 34.13 34.13 34.13 34.13 2 2196.72 74970.00
05/04/2017 34.03 33.95 34.32 34.32 6 172181.38 5859772.00
06/04/2017 34.41 34.41 34.41 34.41 1 104.61 3599.00
07/04/2017 34.40 34.32 34.41 34.41 4 627.64 21584.00
10/04/2017 33.55 33.55 36.80 35.13 142 83057.12 2939770.00
11/04/2017 34.56 34.56 35.37 35.37 9 5962.54 210646.00
13/04/2017 36.33 35.36 36.33 35.36 9 3347.39 118869.00
17/04/2017 35.37 35.37 35.85 35.37 4 103664.49 3667400.00
18/04/2017 35.42 35.37 35.42 35.37 2 209.21 7405.00
20/04/2017 35.43 35.37 35.43 35.38 4 836.85 29612.00
24/04/2017 35.56 35.56 35.56 35.56 6 25837.67 918840.00
26/04/2017 35.99 35.99 35.99 35.99 1 104.61 3765.00
27/04/2017 35.97 35.56 35.99 35.98 8 3556.60 127156.00
28/04/2017 37.80 37.35 40.00 37.35 20 3200.00 120764.00
04/05/2017 37.00 36.98 37.99 37.00 33 66800.00 2471950.00
05/05/2017 37.00 37.00 37.00 37.00 3 1000.00 37000.00
08/05/2017 36.45 36.45 37.00 36.55 4 57600.00 2120010.00
09/05/2017 36.45 36.45 38.00 38.00 11 27900.00 1020256.00
11/05/2017 38.00 38.00 38.00 38.00 3 2700.00 102600.00
12/05/2017 38.00 38.00 38.00 38.00 2 3000.00 114000.00
18/05/2017 37.00 36.00 37.00 36.01 48 269000.00 9705409.00
19/05/2017 36.50 36.50 36.50 36.50 32 222500.00 8121250.00
22/05/2017 36.50 34.07 36.50 34.51 55 87000.00 3044794.00
23/05/2017 35.33 35.33 35.40 35.40 11 25400.00 899153.00
25/05/2017 35.50 35.50 35.94 35.94 2 35000.00 1255832.00
26/05/2017 35.85 35.85 36.00 36.00 4 72200.00 2598400.00
29/05/2017 36.03 36.03 36.03 36.03 1 30000.00 1080900.00
30/05/2017 36.00 36.00 36.00 36.00 1 200.00 7200.00
01/06/2017 35.09 35.09 35.20 35.20 3 300.00 10549.00
02/06/2017 35.94 35.94 36.00 35.94 81 33100.00 1190131.00
05/06/2017 36.45 35.89 37.90 35.90 41 13400.00 487545.00
06/06/2017 35.65 35.65 36.30 36.30 3 66100.00 2356530.00
08/06/2017 37.00 37.00 37.00 37.00 1 100.00 3700.00
09/06/2017 35.65 35.65 36.10 35.85 12 16900.00 602570.00
12/06/2017 36.50 36.50 36.50 36.50 1 100.00 3650.00
13/06/2017 35.76 34.70 35.76 35.00 27 6700.00 235764.00
16/06/2017 36.00 34.10 36.00 35.00 13 34700.00 1233956.00
