19/10/2016 51.99 51.99 52.32 52.32 2 102.00 1680458.00
26/10/2016 49.76 49.76 49.76 49.76 1 2.00 31325.00
03/11/2016 45.84 45.40 45.84 45.40 2 4.00 58859.00
04/11/2016 44.78 44.53 44.78 44.53 3 4.00 57650.00
07/11/2016 45.04 45.04 45.04 45.04 1 2.00 28811.00
09/11/2016 45.55 45.55 45.55 45.55 1 2.00 29262.00
14/11/2016 43.40 43.40 43.40 43.40 1 424.00 6335855.00
17/11/2016 46.70 46.65 46.70 46.65 2 5.00 79723.00
21/11/2016 48.00 48.00 48.26 48.26 2 5.00 80543.00
22/11/2016 48.20 48.04 48.21 48.04 5 424.00 6858483.00
25/11/2016 46.27 46.27 46.27 46.27 1 3.00 47458.00
30/11/2016 48.22 48.22 49.52 49.52 9 85.00 1397605.00
01/12/2016 50.35 50.35 51.50 51.50 4 53.00 928123.00
02/12/2016 50.35 50.35 50.35 50.35 1 2.00 34843.00
06/12/2016 50.50 50.50 50.84 50.84 2 36.00 623191.00
07/12/2016 50.20 50.15 50.20 50.15 2 7.00 119386.00
09/12/2016 51.29 51.29 51.29 51.29 1 100.00 1726165.00
12/12/2016 53.60 52.75 53.65 52.75 4 4.00 71205.00
13/12/2016 53.00 53.00 53.00 53.00 1 160.00 2817310.00
14/12/2016 51.50 51.50 51.50 51.50 1 2.00 34301.00
