27/04/2017 49.01 48.75 49.30 49.30 4 28.00 434857.00
28/04/2017 49.59 49.59 49.59 49.59 1 100.00 1577111.00
02/05/2017 48.75 47.97 48.75 47.97 4 37.00 565944.00
03/05/2017 48.13 47.95 48.13 47.95 2 13.00 197085.00
04/05/2017 47.30 45.85 47.30 45.85 9 158.00 2366146.00
05/05/2017 46.52 46.52 46.65 46.65 3 25.00 370136.00
08/05/2017 46.90 46.90 47.06 47.06 2 110.00 1652999.00
09/05/2017 46.30 46.10 46.36 46.36 3 11.00 161984.00
10/05/2017 46.78 46.78 47.30 47.30 2 20.00 297274.00
11/05/2017 48.42 48.42 48.42 48.42 1 10.00 152378.00
12/05/2017 47.78 47.78 48.10 48.10 3 314.00 4686665.00
15/05/2017 49.65 49.36 49.65 49.51 7 71.00 1089706.00
16/05/2017 49.46 49.46 49.57 49.57 8 3630.00 55610386.00
17/05/2017 49.38 49.38 49.38 49.38 1 50.00 770772.00
18/05/2017 49.68 49.68 49.68 49.68 8 3580.00 59051218.00
19/05/2017 50.39 50.39 50.73 50.73 4 41.00 674197.00
22/05/2017 50.73 50.73 51.08 51.05 3 34.00 567392.00
25/05/2017 50.55 48.85 51.02 48.85 5 46.00 764511.00
26/05/2017 48.45 48.45 49.54 49.54 2 30.00 478965.00
02/06/2017 47.51 47.51 47.51 47.51 1 20.00 308939.00
05/06/2017 47.35 47.33 47.35 47.33 2 6.00 93510.00
06/06/2017 47.90 47.90 47.90 47.90 1 140.00 2200708.00
07/06/2017 46.00 46.00 46.00 46.00 1 1.00 15069.00
08/06/2017 45.47 45.47 46.00 45.61 5 45.00 674201.00
09/06/2017 45.66 45.66 45.66 45.66 1 5.00 74885.00
12/06/2017 46.35 46.25 46.55 46.25 4 19.00 292379.00
13/06/2017 45.91 45.82 45.91 45.82 2 320.00 4847980.00
14/06/2017 45.24 44.80 45.24 44.96 6 175.00 2571550.00
