30/05/2017 49.60 49.40 49.60 49.40 2 3.00 48490.00
31/05/2017 48.88 48.18 48.88 48.18 3 9.00 141536.00
02/06/2017 47.70 47.70 47.83 47.83 2 13.00 202036.00
05/06/2017 47.50 47.50 47.50 47.50 1 1.00 15637.00
07/06/2017 46.43 46.00 46.44 46.00 4 26.00 395081.00
08/06/2017 45.70 45.70 46.14 46.14 2 2.00 30037.00
09/06/2017 46.00 46.00 46.00 46.00 1 1.00 15088.00
12/06/2017 46.85 46.75 46.85 46.75 2 2.00 31042.00
13/06/2017 46.10 45.91 46.10 45.91 2 311.00 4720658.00
14/06/2017 45.00 44.95 45.00 44.95 2 3.00 44188.00
16/06/2017 44.90 44.90 44.90 44.90 1 1.00 14733.00
