26/08/2016 49.09 48.30 49.09 48.30 2 10.00 159033.00
19/09/2016 44.15 44.15 44.15 44.15 1 20.00 288229.00
20/09/2016 43.51 43.51 43.51 43.51 1 5.00 70828.00
21/09/2016 44.70 44.70 45.10 45.10 2 8.00 116036.00
22/09/2016 46.06 46.06 46.06 46.06 1 17.00 252297.00
23/09/2016 44.53 44.53 44.53 44.53 1 2.00 28798.00
27/09/2016 44.86 44.54 44.86 44.54 2 20.00 289057.00
28/09/2016 46.03 45.82 47.00 47.00 3 202.00 2996839.00
29/09/2016 46.80 46.80 48.05 47.75 13 115.00 1781719.00
05/10/2016 49.62 49.62 49.62 49.62 1 40.00 639661.00
06/10/2016 50.20 50.19 50.20 50.19 2 2.00 32352.00
07/10/2016 50.30 49.55 50.30 49.86 4 43.00 686438.00
10/10/2016 50.45 50.45 51.30 51.30 3 81.00 1322300.00
11/10/2016 51.31 50.59 51.31 50.64 3 541.00 8906355.00
13/10/2016 50.07 50.07 50.07 50.07 1 500.00 7982660.00
19/10/2016 51.70 51.70 51.70 51.70 1 2.00 32762.00
