20/06/2016 50.12 50.12 50.60 50.42 56 50860.00 2563199.30
21/06/2016 50.10 49.73 50.68 50.68 39 30820.00 1542279.30
22/06/2016 51.06 50.02 51.12 50.02 36 98280.00 4931465.60
23/06/2016 50.36 50.36 51.35 51.35 44 38090.00 1933307.40
24/06/2016 49.71 49.71 50.26 49.78 57 40750.00 2034440.80
27/06/2016 49.13 48.87 49.30 49.06 86 60070.00 2952713.40
28/06/2016 50.02 49.67 50.17 49.86 57 40980.00 2045903.00
29/06/2016 51.02 50.92 51.09 50.92 264 3400.00 173365.80
30/06/2016 51.31 51.31 51.36 51.36 2 1030.00 52854.30
01/07/2016 51.84 51.71 52.01 51.99 26 22060.00 1144289.50
04/07/2016 52.71 52.36 52.73 52.39 56 32420.00 1700220.30
05/07/2016 51.88 51.54 51.88 51.67 14 11520.00 595122.30
06/07/2016 50.99 50.97 51.62 51.58 18 13640.00 701799.50
07/07/2016 52.48 51.79 52.52 51.84 58 37170.00 1936093.30
08/07/2016 52.00 52.00 53.00 52.91 29 24410.00 1288325.30
11/07/2016 53.71 53.61 53.83 53.77 26 16340.00 877498.10
12/07/2016 54.39 53.99 54.39 54.03 22 16060.00 870778.20
13/07/2016 55.00 53.87 55.00 54.38 44 22780.00 1231394.70
14/07/2016 55.14 54.97 55.17 55.17 31 31610.00 1741046.20
15/07/2016 55.15 55.09 55.31 55.19 4 9000.00 496780.00
18/07/2016 55.49 55.49 56.28 56.28 33 56380.00 3162655.50
19/07/2016 56.21 56.21 56.45 56.45 21 15260.00 859330.70
20/07/2016 56.15 56.15 56.65 56.40 16 10690.00 603788.30
21/07/2016 56.44 56.09 56.55 56.41 92 63480.00 3576467.50
22/07/2016 56.46 56.39 56.99 56.80 150 56220.00 3196354.10
25/07/2016 56.84 56.38 56.88 56.67 93 27280.00 1545739.10
26/07/2016 56.90 56.90 56.90 56.90 1 1000.00 56900.00
27/07/2016 57.06 56.68 57.06 56.68 12 4810.00 272785.00
28/07/2016 55.87 55.86 56.42 56.42 17 21460.00 1206419.80
29/07/2016 56.40 56.16 57.10 57.09 36 21670.00 1231014.80
01/08/2016 56.97 56.56 56.99 56.57 72 25080.00 1425757.30
02/08/2016 56.68 55.54 56.68 55.97 122 55280.00 3084657.30
03/08/2016 55.99 55.98 56.85 56.85 32 19560.00 1100991.90
04/08/2016 57.07 57.05 57.86 57.45 40 25090.00 1440056.40
05/08/2016 57.70 57.08 57.71 57.43 62 33210.00 1908034.60
08/08/2016 57.42 57.39 57.47 57.39 6 3110.00 178573.70
09/08/2016 57.71 57.44 57.80 57.44 20 18630.00 1071995.30
10/08/2016 57.75 56.55 57.75 56.69 120 45140.00 2583494.50
11/08/2016 56.76 56.76 58.11 58.11 27 28460.00 1629538.80
12/08/2016 55.52 55.52 58.52 58.00 52 31220.00 1806834.00
15/08/2016 58.31 58.30 59.06 58.83 15 24900.00 1459562.00
16/08/2016 58.89 58.61 58.89 58.61 24 19140.00 1123278.90
17/08/2016 58.47 58.33 59.14 59.14 3 60960.00 3604321.80
18/08/2016 58.92 58.81 59.08 58.98 74 53730.00 3166068.90
19/08/2016 58.84 58.62 58.98 58.88 22 7120.00 418163.70
22/08/2016 57.57 57.57 57.57 57.57 1 3000.00 172710.00
23/08/2016 57.95 57.78 58.24 57.78 11 7740.00 450355.50
24/08/2016 58.00 57.54 58.02 57.54 7 5120.00 296954.20
25/08/2016 57.74 57.44 57.79 57.48 27 26060.00 1503144.40
26/08/2016 58.21 57.53 58.21 57.53 52 42440.00 2452416.80
29/08/2016 58.22 58.22 58.75 58.44 52 44360.00 2592385.40
30/08/2016 58.21 58.18 58.43 58.40 84 64240.00 3745770.60
31/08/2016 58.17 57.35 58.17 57.53 69 49040.00 2834332.50
01/09/2016 57.70 57.70 58.12 57.98 60 45950.00 2666737.70
02/09/2016 58.85 58.76 59.18 59.18 26 21040.00 1237282.60
05/09/2016 59.51 59.33 59.53 59.35 22 12640.00 750558.10
06/09/2016 59.28 59.28 59.68 59.67 6 5020.00 298789.50
08/09/2016 59.80 59.78 59.98 59.98 28 18260.00 1093480.60
09/09/2016 58.59 57.77 58.66 57.77 32 21990.00 1286120.20
12/09/2016 57.70 57.59 58.33 58.33 59 49930.00 2892382.70
13/09/2016 57.53 56.38 57.67 56.57 53 45930.00 2620755.80
14/09/2016 56.63 56.63 57.00 56.83 64 105900.00 6019582.20
15/09/2016 57.22 57.22 57.70 57.70 4 6700.00 384814.00
16/09/2016 57.21 56.67 57.21 56.95 60 58010.00 3303806.60
19/09/2016 57.51 56.95 57.66 56.95 7 7810.00 449255.50
20/09/2016 57.60 57.43 57.60 57.43 5 6500.00 374021.00
21/09/2016 57.23 57.21 58.39 58.14 52 41740.00 2408122.50
22/09/2016 58.95 58.64 59.02 58.77 22 20640.00 1214459.80
23/09/2016 58.73 58.44 58.73 58.44 11 11910.00 698459.30
26/09/2016 57.90 57.77 57.98 57.84 10 23010.00 1330570.20
27/09/2016 57.20 57.18 58.13 58.13 11 77410.00 4496925.80
28/09/2016 58.68 58.37 59.09 59.09 13 16810.00 984473.00
29/09/2016 59.03 58.08 59.03 58.09 40 30690.00 1794525.70
30/09/2016 58.41 58.11 58.54 58.11 27 29310.00 1706797.30
03/10/2016 58.34 58.34 59.17 59.13 9 13300.00 785211.00
04/10/2016 59.15 58.79 59.33 59.15 24 70560.00 4172842.80
05/10/2016 59.80 59.80 59.99 59.99 14 17300.00 1035561.10
06/10/2016 60.00 59.97 60.38 60.38 38 121710.00 7339188.40
07/10/2016 60.65 60.41 60.88 60.88 22 25230.00 1532496.60
10/10/2016 61.38 61.22 61.38 61.24 9 12650.00 775064.60
11/10/2016 61.23 60.70 61.23 60.75 8 13620.00 829517.40
13/10/2016 60.13 60.12 60.92 60.88 23 18100.00 1091640.10
14/10/2016 61.65 61.49 61.66 61.49 4 10500.00 646293.00
17/10/2016 61.53 61.53 62.40 62.40 4 4700.00 289338.00
18/10/2016 62.74 62.74 63.64 63.50 9 9910.00 626248.40
19/10/2016 63.73 63.20 63.73 63.20 19 23750.00 1508107.30
20/10/2016 62.75 62.53 63.56 63.54 15 16810.00 1062213.40
21/10/2016 63.25 63.25 63.85 63.85 5 13900.00 885157.00
24/10/2016 63.76 63.76 63.76 63.76 1 100.00 6376.00
25/10/2016 63.32 63.22 63.60 63.60 10 8130.00 514816.60
26/10/2016 63.47 63.27 63.56 63.56 52 39850.00 2526203.90
27/10/2016 64.19 63.96 64.22 63.96 27 14150.00 907796.00
28/10/2016 64.09 63.65 64.09 64.00 7 5110.00 325928.40
31/10/2016 64.54 64.44 64.54 64.46 11 8220.00 529722.80
01/11/2016 64.96 61.77 64.96 63.08 49 53320.00 3386049.90
03/11/2016 63.15 61.51 63.19 61.51 25 26570.00 1646770.60
04/11/2016 61.62 61.36 62.23 61.36 85 58240.00 3602259.10
07/11/2016 62.73 62.73 63.74 63.74 30 23400.00 1478363.50
08/11/2016 63.26 63.14 64.48 63.83 98 77670.00 4954491.30
09/11/2016 62.12 62.09 63.64 62.94 81 63360.00 3990833.50
10/11/2016 62.55 60.88 62.55 60.88 56 56410.00 3475124.50
11/11/2016 61.19 58.89 61.19 58.89 125 78640.00 4728951.80
14/11/2016 59.25 58.14 59.39 59.39 47 100230.00 5926513.10
16/11/2016 59.45 59.10 60.61 60.52 164 90520.00 5419336.70
17/11/2016 60.74 59.50 60.87 59.50 41 27120.00 1625451.60
18/11/2016 60.00 59.24 60.00 59.69 121 99650.00 5944186.90
21/11/2016 60.23 60.23 60.83 60.50 42 32330.00 1954058.70
22/11/2016 61.93 61.65 62.15 61.65 12 14050.00 870059.50
23/11/2016 61.52 61.08 61.70 61.69 43 32160.00 1975944.20
24/11/2016 61.67 61.10 61.67 61.10 27 22580.00 1386694.30
25/11/2016 60.65 60.65 61.20 61.19 48 33680.00 2057720.90
28/11/2016 61.09 61.06 62.58 62.58 36 33250.00 2061597.00
29/11/2016 61.81 60.74 61.81 60.74 23 17210.00 1052113.10
30/11/2016 61.52 61.50 62.25 61.66 71 60150.00 3724134.60
01/12/2016 60.33 59.22 60.72 59.22 22 19510.00 1171646.40
02/12/2016 58.57 58.57 60.01 60.01 43 33230.00 1977829.10
05/12/2016 60.17 59.61 60.18 59.61 40 29210.00 1753944.80
06/12/2016 59.59 59.51 60.89 60.89 58 47390.00 2839539.90
07/12/2016 61.03 60.94 61.46 61.12 17 9170.00 562017.60
08/12/2016 61.31 60.30 61.50 60.32 43 33970.00 2070489.60
09/12/2016 60.42 60.09 60.64 60.21 42 50620.00 3048439.70
12/12/2016 58.97 58.95 58.99 58.95 4 4210.00 248239.90
13/12/2016 59.44 58.89 59.45 59.00 10 41530.00 2451195.50
14/12/2016 58.93 58.00 59.06 58.00 54 23990.00 1408561.40
16/12/2016 58.49 58.49 58.49 58.49 2 2010.00 117564.90
19/12/2016 56.89 56.89 56.89 56.89 1 100.00 5689.00
20/12/2016 57.13 57.05 57.31 57.31 3 3110.00 177691.50
21/12/2016 57.21 57.16 57.56 57.56 37 32130.00 1842873.20
22/12/2016 57.06 56.71 57.17 56.91 38 33330.00 1901560.60
23/12/2016 57.35 57.31 57.93 57.67 74 39610.00 2283272.00
26/12/2016 58.06 58.06 58.44 58.40 20 16550.00 964333.00
27/12/2016 58.53 58.18 58.53 58.24 60 43810.00 2555276.90
28/12/2016 59.55 59.55 59.55 59.55 1 100.00 5955.00
29/12/2016 60.00 60.00 60.00 60.00 1 100.00 6000.00
02/01/2017 59.28 59.25 59.57 59.37 23 13150.00 781436.80
03/01/2017 60.50 60.50 61.58 61.58 61 55580.00 3384195.40
04/01/2017 61.59 61.23 61.64 61.33 155 82520.00 5074027.90
05/01/2017 61.50 61.42 61.86 61.85 16 47470.00 2932777.50
06/01/2017 61.43 61.28 61.57 61.39 37 29330.00 1800394.60
09/01/2017 61.22 61.22 61.84 61.43 32 29300.00 1805889.60
10/01/2017 62.14 61.79 62.17 61.81 21 17270.00 1071526.40
11/01/2017 62.34 61.40 62.34 62.13 18 14420.00 893504.20
12/01/2017 63.83 63.83 63.90 63.90 10 7030.00 448942.50
13/01/2017 63.90 63.12 63.90 63.32 19 25390.00 1607371.90
16/01/2017 63.55 63.55 63.55 63.55 1 100.00 6355.00
17/01/2017 63.71 63.71 64.16 64.07 10 10580.00 675050.40
18/01/2017 64.08 64.08 64.08 64.08 1 100.00 6408.00
19/01/2017 63.70 63.62 63.70 63.62 5 4820.00 306679.50
20/01/2017 64.05 64.05 64.18 64.18 2 47010.00 3017100.50
23/01/2017 65.00 65.00 65.00 65.00 1 160.00 10400.00
24/01/2017 65.75 65.46 65.76 65.46 3 290.00 19039.50
26/01/2017 65.82 65.82 65.82 65.82 2 13510.00 889228.20
27/01/2017 65.77 65.66 65.77 65.66 4 3210.00 210929.80
30/01/2017 65.67 63.96 65.67 63.96 4 310.00 20186.60
31/01/2017 64.17 64.17 64.61 64.32 21 15660.00 1008211.60
01/02/2017 64.52 64.52 64.52 64.52 1 100.00 6452.00
02/02/2017 64.60 64.22 64.80 64.22 7 8630.00 556583.60
03/02/2017 64.69 64.60 64.85 64.60 37 29650.00 1919077.60
06/02/2017 64.21 63.62 64.21 63.62 8 5330.00 339976.20
07/02/2017 64.32 63.88 64.54 63.88 27 14370.00 925616.60
08/02/2017 63.80 63.80 64.23 64.23 2 340.00 21752.20
09/02/2017 64.80 64.53 64.88 64.53 9 8150.00 527623.80
10/02/2017 65.75 65.75 65.75 65.75 1 100.00 6575.00
13/02/2017 66.62 66.62 66.62 66.62 1 100.00 6662.00
15/02/2017 66.80 66.80 67.55 67.44 26 23310.00 1570531.20
16/02/2017 67.65 67.39 68.02 67.39 3 220.00 14864.40
17/02/2017 67.33 67.33 67.37 67.37 3 120.00 8084.00
20/02/2017 68.11 68.11 68.11 68.11 1 14700.00 1001217.00
21/02/2017 68.47 68.47 68.59 68.57 32 50000.00 3426675.70
22/02/2017 68.10 68.09 68.22 68.22 3 14610.00 996667.00
23/02/2017 67.15 66.99 67.15 67.06 8 49720.00 3335266.80
24/02/2017 66.81 66.32 66.81 66.32 2 300.00 19994.00
01/03/2017 66.20 66.20 66.60 66.60 3 120.00 7984.00
02/03/2017 65.47 65.47 65.47 65.47 1 5800.00 379726.00
03/03/2017 66.08 66.07 66.39 66.39 9 9920.00 657312.80
07/03/2017 65.42 65.42 65.42 65.42 1 100.00 6542.00
08/03/2017 64.41 64.41 64.41 64.41 1 100.00 6441.00
09/03/2017 64.66 63.96 64.66 64.15 22 14440.00 926104.90
10/03/2017 64.81 64.33 64.81 64.33 18 17380.00 1124591.00
13/03/2017 65.06 65.06 65.22 65.22 2 120.00 7823.20
14/03/2017 64.36 64.36 64.36 64.36 1 100.00 6436.00
15/03/2017 65.42 65.42 65.43 65.42 4 2030.00 132802.70
16/03/2017 65.52 65.41 65.52 65.41 2 34020.00 2225250.40
17/03/2017 63.90 63.90 63.90 63.90 1 1700.00 108630.00
20/03/2017 63.97 63.84 64.55 64.55 18 15560.00 998998.60
21/03/2017 63.78 62.65 63.78 62.67 33 17200.00 1084376.70
22/03/2017 63.04 63.04 63.14 63.14 4 11020.00 695511.30
23/03/2017 63.15 63.15 63.15 63.15 1 6800.00 429420.00
24/03/2017 63.46 63.46 63.48 63.48 4 2110.00 133902.60
27/03/2017 63.92 63.92 63.92 63.92 1 1000.00 63920.00
28/03/2017 64.26 64.26 64.26 64.26 2 110.00 7068.60
29/03/2017 65.09 65.09 65.09 65.09 1 20.00 1301.80
31/03/2017 65.03 64.59 65.22 64.59 28 19090.00 1241039.50
03/04/2017 64.83 64.83 64.85 64.85 3 3020.00 195787.00
04/04/2017 65.11 65.11 65.68 65.68 9 7140.00 465398.10
05/04/2017 65.50 64.22 65.51 64.22 31 17290.00 1120636.60
06/04/2017 64.51 63.52 64.52 63.58 12 7040.00 450391.40
07/04/2017 64.22 64.22 64.22 64.22 1 5400.00 346788.00
11/04/2017 64.46 63.94 64.48 63.94 6 3120.00 201063.60
12/04/2017 63.49 63.49 63.49 63.49 1 8700.00 552363.00
13/04/2017 63.43 62.21 63.46 62.21 48 31150.00 1965517.70
17/04/2017 62.00 62.00 63.98 63.98 69 50070.00 3163873.90
18/04/2017 63.76 63.62 63.86 63.68 68 40230.00 2564616.10
19/04/2017 63.42 63.00 63.42 63.00 2 320.00 20168.40
20/04/2017 63.63 63.27 63.63 63.39 62 46340.00 2939350.10
25/04/2017 64.75 64.75 64.75 64.75 1 100.00 6475.00
26/04/2017 64.47 64.47 64.47 64.47 2 3400.00 219198.00
27/04/2017 64.28 64.28 64.28 64.28 2 810.00 52066.80
28/04/2017 65.04 65.04 65.04 65.04 1 100.00 6504.00
02/05/2017 66.32 66.32 66.32 66.32 1 100.00 6632.00
03/05/2017 65.75 65.75 65.75 65.75 1 100.00 6575.00
04/05/2017 64.56 64.49 64.56 64.49 2 200.00 12905.00
05/05/2017 65.37 65.37 65.37 65.37 1 100.00 6537.00
08/05/2017 65.20 65.09 65.20 65.09 2 190.00 12377.00
09/05/2017 65.89 65.89 65.89 65.89 1 100.00 6589.00
10/05/2017 65.89 65.89 65.89 65.89 1 100.00 6589.00
11/05/2017 67.13 67.13 67.13 67.13 1 1700.00 114121.00
12/05/2017 67.10 67.10 67.80 67.80 2 2610.00 176951.00
15/05/2017 68.09 68.09 68.09 68.09 1 14600.00 994114.00
16/05/2017 68.29 68.29 68.29 68.29 1 116400.00 7948956.00
17/05/2017 67.17 67.17 67.17 67.17 1 500.00 33585.00
18/05/2017 61.26 61.26 61.26 61.26 2 30.00 1837.80
19/05/2017 62.26 62.26 62.26 62.26 3 128810.00 8019710.60
22/05/2017 61.36 61.36 61.36 61.36 2 5510.00 338093.60
23/05/2017 62.00 62.00 62.33 62.33 3 120.00 7473.00
24/05/2017 66.64 62.93 66.64 62.93 3 8100.00 539413.00
25/05/2017 63.00 62.86 63.00 62.86 2 4600.00 289576.00
26/05/2017 63.70 63.70 63.70 63.70 1 2600.00 165620.00
29/05/2017 63.44 63.42 63.44 63.42 2 10000.00 634260.00
30/05/2017 63.56 63.56 63.56 63.56 1 500.00 31780.00
31/05/2017 62.63 62.40 62.64 62.40 3 3700.00 231714.00
01/06/2017 61.92 61.92 61.92 61.92 1 4000.00 247680.00
02/06/2017 62.13 62.13 62.13 62.13 1 100.00 6213.00
05/06/2017 62.14 62.14 62.14 62.14 1 100.00 6214.00
06/06/2017 62.59 62.59 62.59 62.59 2 110.00 6884.90
08/06/2017 62.38 62.38 62.38 62.38 1 2600.00 162188.00
09/06/2017 61.84 61.84 61.84 61.84 1 100.00 6184.00
12/06/2017 61.38 61.38 61.38 61.38 2 210.00 12889.80
13/06/2017 61.50 61.50 61.50 61.50 1 800.00 49200.00
14/06/2017 61.60 61.60 61.60 61.60 1 100.00 6160.00
16/06/2017 61.32 61.32 61.32 61.32 2 110.00 6745.20
