21/12/2016 2394.00 2394.00 2394.10 2394.10 3 10.00 837924.00
16/01/2017 2374.50 2374.50 2374.50 2374.50 1 5.00 415537.00
23/01/2017 2365.30 2365.10 2365.40 2365.10 4 18.00 1490125.00
27/01/2017 2346.00 2345.10 2346.00 2345.10 3 16.00 1313665.00
01/02/2017 2342.00 2342.00 2342.00 2342.00 1 1.00 81970.00
02/02/2017 2337.00 2337.00 2337.00 2337.00 1 1.00 81795.00
06/02/2017 2347.00 2347.00 2347.00 2347.00 1 1.00 82145.00
07/02/2017 2327.50 2327.50 2327.50 2327.50 1 24.00 1955100.00
09/02/2017 2330.50 2330.50 2330.50 2330.50 2 30.00 2447025.00
14/02/2017 2363.80 2363.80 2371.10 2371.10 4 188.00 15577821.00
16/02/2017 2355.70 2355.70 2355.70 2355.70 2 30.00 2473485.00
23/02/2017 2378.00 2378.00 2378.00 2378.00 3 13.00 1081990.00
