23/01/2017 2371.50 2371.50 2371.60 2371.60 2 10.00 830046.00
20/02/2017 2383.60 2383.60 2383.70 2383.70 2 11.00 917714.00
23/02/2017 2382.00 2382.00 2382.00 2382.00 3 13.00 1083810.00
24/02/2017 2407.50 2407.50 2407.50 2407.50 2 123.00 10364287.00
02/03/2017 2395.70 2394.20 2395.70 2394.20 3 21.00 1760787.00
03/03/2017 2398.10 2398.10 2402.00 2402.00 5 32.00 2687300.00
06/03/2017 2394.00 2394.00 2405.00 2405.00 4 22.00 1848000.00
08/03/2017 2415.00 2415.00 2415.00 2415.00 2 13.00 1098825.00
09/03/2017 2403.00 2403.00 2403.00 2403.00 1 1.00 84105.00
10/03/2017 2392.30 2392.30 2392.30 2392.30 2 148.00 12392114.00
15/03/2017 2432.00 2432.00 2432.00 2432.00 1 1.00 85120.00
30/03/2017 2398.00 2398.00 2398.00 2398.00 3 13.00 1091090.00
