28/06/2016 2233.60 2233.60 2233.70 2233.70 3 11.00 859953.00
26/07/2016 2308.00 2308.00 2308.50 2308.50 4 11.00 888737.00
28/07/2016 2310.00 2310.00 2310.00 2310.00 2 95.00 7680750.00
11/08/2016 2345.90 2345.90 2349.30 2349.30 4 12.00 986538.00
16/08/2016 2382.00 2382.00 2383.00 2383.00 2 55.00 4586925.00
19/08/2016 2384.40 2382.00 2384.40 2382.00 4 570.00 47521740.00
25/08/2016 2269.00 2264.40 2269.00 2264.40 9 45.00 3568302.00
26/08/2016 2270.10 2270.10 2270.10 2270.10 2 120.00 9534420.00
29/08/2016 2267.90 2266.50 2267.90 2266.50 3 241.00 19117976.00
30/08/2016 2242.00 2242.00 2242.00 2242.00 1 240.00 18832800.00
