26/09/2016 2401.80 2401.80 2401.90 2401.90 2 10.00 840661.00
19/10/2016 2294.10 2294.00 2294.10 2294.00 2 29.00 2328445.00
21/10/2016 2276.10 2276.10 2276.20 2276.20 2 39.00 3106953.00
28/10/2016 2293.60 2293.60 2309.60 2309.60 4 50.00 4022200.00
31/10/2016 2355.70 2355.70 2355.70 2355.70 1 10.00 824495.00
03/11/2016 2400.00 2400.00 2400.00 2400.00 1 39.00 3276000.00
07/11/2016 2393.20 2393.20 2393.20 2393.20 2 39.00 3266718.00
09/11/2016 2400.00 2400.00 2400.00 2400.00 2 2.00 168000.00
11/11/2016 2395.70 2379.00 2395.70 2379.00 6 38.00 3170184.00
16/11/2016 2387.00 2382.00 2397.60 2382.50 9 74.00 6182662.00
17/11/2016 2398.00 2398.00 2398.00 2398.00 1 15.00 1258950.00
18/11/2016 2363.90 2363.90 2363.90 2363.90 1 4.00 330946.00
28/11/2016 2468.00 2468.00 2468.00 2468.00 2 10.00 863800.00
29/11/2016 2434.00 2434.00 2444.00 2444.00 4 78.00 6648320.00
